0.135643
-0.443317
-0.443638
-0.443755
-0.443712
-0.443621
-0.443628
-0.443863
-0.444406
-0.445282
-0.446465
-0.447891
-0.449474
-0.451116
-0.452720
-0.454192
-0.455453
-0.456431
-0.457068
-0.457319
-0.457319
-0.457147
-0.456528
-0.455450
-0.453911
-0.451920
-0.449497
-0.446671
-0.443480
-0.439965
-0.436175
-0.432158
-0.427963
-0.423636
-0.419221
-0.414762
-0.410299
-0.405868
-0.401508
-0.397254
-0.397254
-0.393145
-0.389218
-0.385512
-0.382067
-0.378923
-0.376119
-0.373696
-0.371693
-0.370145
-0.369087
-0.368548
-0.368556
-0.369133
-0.370297
-0.372061
-0.374433
-0.377419
-0.381017
-0.385224
-0.385224
-0.390030
-0.395424
-0.401392
-0.407914
-0.414973
-0.422544
-0.430606
-0.439133
-0.448100
-0.457482
-0.467250
-0.477380
-0.487846
-0.498620
-0.509678
-0.520995
-0.532548
-0.544312
-0.556266
-0.556266
-0.568388
-0.580658
-0.593057
-0.605566
-0.618167
-0.630845
-0.643583
-0.656368
-0.669186
-0.682024
-0.694871
-0.707716
-0.720549
-0.733360
-0.746142
-0.758886
-0.771587
-0.784236
-0.796830
-0.796830
-0.809362
-0.821827
-0.834223
-0.846545
-0.858790
-0.870956
-0.883040
-0.895039
-0.906953
-0.918779
-0.930517
-0.942165
-0.953723
-0.965191
-0.976566
-0.987851
-0.999043
-1.010144
-1.021152
-1.021152
-1.032069
-1.042894
-1.053628
-1.064271
-1.074823
-1.085285
-1.095657
-1.105939
-1.116131
-1.126236
-1.136251
-1.146179
-1.156020
-1.165774
-1.175442
-1.185023
-1.194520
-1.203932
-1.213259
-1.213259
-1.222503
-1.231664
-1.240742
-1.249739
-1.258654
-1.267488
-1.276242
-1.284917
-1.293513
-1.302030
-1.310470
-1.318834
-1.327121
-1.335332
-1.343469
-1.351532
-1.359521
-1.367438
-1.375283
-1.375283
-1.383058
-1.390762
-1.398396
-1.405962
-1.413461
-1.420892
-1.428257
-1.435557
-1.442792
-1.449964
-1.457073
-1.464120
-1.471106
-1.478032
-1.484899
-1.491707
-1.498458
-1.505152
-1.511790
-1.511790
-1.518373
-1.524903
-1.531379
-1.537803
-1.544176
-1.550498
-1.556770
-1.562994
-1.569169
-1.575298
-1.581381
-1.587418
-1.593410
-1.599359
-1.605265
-1.611129
-1.616952
-1.622734
-1.628477
-1.628477
-1.634181
-1.639846
-1.645475
-1.651067
-1.656624
-1.662145
-1.667632
-1.673086
-1.678507
-1.683896
-1.689254
-1.694581
-1.699878
-1.705145
-1.710384
-1.715596
-1.720779
-1.725937
-1.731068
-1.731068
-1.736174
-1.741255
-1.746311
-1.751344
-1.756354
-1.761342
-1.766307
-1.771252
-1.776175
-1.781078
-1.785961
-1.790825
-1.795670
-1.800496
-1.805305
-1.810096
-1.814870
-1.819628
-1.824369
-1.824369
-1.829095
-1.833806
-1.838501
-1.843182
-1.847849
-1.852502
-1.857142
-1.861769
-1.866383
-1.870985
-1.875574
-1.880152
-1.884718
-1.889274
-1.893818
-1.898352
-1.902875
-1.907389
-1.911892
-1.911892
-1.916386
-1.920871
-1.925346
-1.929813
-1.934271
-1.938720
-1.943161
-1.947595
-1.952020
-1.956437
-1.960847
-1.965249
-1.969645
-1.974033
-1.978414
-1.982788
-1.987155
-1.991516
-1.995871
-1.995871
-2.000219
-2.004560
-2.008896
-2.013225
-2.017548
-2.021866
-2.026177
-2.030483
-2.034783
-2.039077
-2.043366
-2.047649
-2.051927
-2.056199
-2.060465
-2.064726
-2.068982
-2.073232
-2.077477
-2.077477
-2.081717
-2.085951
-2.090180
-2.094404
-2.098622
-2.102835
-2.107042
-2.111244
-2.115441
-2.119633
-2.123819
-2.127999
-2.132174
-2.136344
-2.140508
-2.144666
-2.148819
-2.152967
-2.157108
-2.157108
-2.161244
-2.165375
-2.169499
-2.173618
-2.177731
-2.181837
-2.185938
-2.190033
-2.194122
-2.198205
-2.202281
-2.206352
-2.210416
-2.214473
-2.218525
-2.222569
-2.226608
-2.230639
-2.234665
-2.234665
-2.238683
-2.242694
-2.246699
-2.250697
-2.254688
-2.258672
-2.262649
-2.266618
-2.270581
-2.274536
-2.278484
-2.282424
-2.286357
-2.290283
-2.294201
-2.298111
-2.302013
-2.305908
-2.309795
-2.309795
-2.313674
-2.317545
-2.321408
-2.325263
-2.329110
-2.332948
-2.336779
-2.340601
-2.344414
-2.348220
-2.352017
-2.355805
-2.359585
-2.363356
-2.367118
-2.370872
-2.374616
-2.378352
-2.382079
-2.382079
-2.385798
-2.389507
-2.393207
-2.396898
-2.400580
-2.404253
-2.407916
-2.411571
-2.415216
-2.418851
-2.422478
-2.426095
-2.429702
-2.433300
-2.436888
-2.440467
-2.444037
-2.447596
-2.451147
-2.451147
-2.454687
-2.458218
-2.461739
-2.465250
-2.468751
-2.472243
-2.475725
-2.479197
-2.482659
-2.486111
-2.489553
-2.492985
-2.496407
-2.499820
-2.503222
-2.506614
-2.509997
-2.513369
-2.516731
-2.516731
-2.520083
-2.523425
-2.526757
-2.530079
-2.533391
-2.536692
-2.539984
-2.543265
-2.546536
-2.549797
-2.553048
-2.556289
-2.559519
-2.562740
-2.565950
-2.569150
-2.572340
-2.575519
-2.578689
-2.578689
-2.581848
-2.584998
-2.588137
-2.591266
-2.594385
-2.597493
-2.600592
-2.603680
-2.606759
-2.609827
-2.612885
-2.615933
-2.618971
-2.621998
-2.625016
-2.628024
-2.631022
-2.634009
-2.636987
-2.636987
-2.639954
-2.642912
-2.645860
-2.648797
-2.651725
-2.654643
-2.657551
-2.660449
-2.663337
-2.666215
-2.669083
-2.671942
-2.674790
-2.677629
-2.680458
-2.683278
-2.686087
-2.688887
-2.691677
-2.691677
-2.694458
-2.697229
-2.699990
-2.702741
-2.705483
-2.708216
-2.710939
-2.713652
-2.716356
-2.719050
-2.721735
-2.724410
-2.727076
-2.729733
-2.732380
-2.735018
-2.737647
-2.740266
-2.742876
-2.742876
-2.745477
-2.748068
-2.750651
-2.753224
-2.755788
-2.758343
-2.760889
-2.763426
-2.765953
-2.768472
-2.770982
-2.773483
-2.775974
-2.778457
-2.780931
-2.783396
-2.785853
-2.788300
-2.790739
-2.790739
-2.793169
-2.795590
-2.798003
-2.800407
-2.802802
-2.805189
-2.807567
-2.809937
-2.812298
-2.814650
-2.816994
-2.819330
-2.821657
-2.823976
-2.826286
-2.828589
-2.830882
-2.833168
-2.835445
-2.835445
-2.837714
-2.839975
-2.842228
-2.844473
-2.846709
-2.848937
-2.851158
-2.853370
-2.855574
-2.857771
-2.859959
-2.862140
-2.864312
-2.866477
-2.868634
-2.870783
-2.872925
-2.875058
-2.877184
-2.877184
-2.879302
-2.881413
-2.883516
-2.885611
-2.887699
-2.889779
-2.891852
-2.893917
-2.895975
-2.898025
-2.900068
-2.902103
-2.904131
-2.906152
-2.908166
-2.910172
-2.912171
-2.914162
-2.916147
-2.916147
-2.918124
-2.920094
-2.922058
-2.924014
-2.925962
-2.927904
-2.929839
-2.931767
-2.933688
-2.935602
-2.937509
-2.939409
-2.941303
-2.943189
-2.945069
-2.946942
-2.948808
-2.950668
-2.952521
-2.952521
-2.954367
-2.956206
-2.958039
-2.959865
-2.961685
-2.963498
-2.965305
-2.967105
-2.968899
-2.970686
-2.972467
-2.974241
-2.976009
-2.977771
-2.979526
-2.981275
-2.983018
-2.984755
-2.986485
-2.986485
-2.988209
-2.989927
-2.991639
-2.993345
-2.995044
-2.996738
-2.998425
-3.000107
-3.001782
-3.003451
-3.005115
-3.006772
-3.008424
-3.010069
-3.011709
-3.013343
-3.014971
-3.016594
-3.018210
-3.018210
-3.019821
-3.021426
-3.023025
-3.024619
-3.026207
-3.027789
-3.029366
-3.030937
-3.032503
-3.034063
-3.035617
-3.037166
-3.038709
-3.040247
-3.041780
-3.043307
-3.044829
-3.046345
-3.047856
-3.047856
-3.049361
-3.050862
-3.052356
-3.053846
-3.055330
-3.056810
-3.058283
-3.059752
-3.061216
-3.062674
-3.064127
-3.065575
-3.067018
-3.068456
-3.069889
-3.071317
-3.072740
-3.074158
-3.075570
-3.075570
-3.076978
-3.078381
-3.079779
-3.081172
-3.082560
-3.083944
-3.085322
-3.086696
-3.088065
-3.089429
-3.090788
-3.092142
-3.093492
-3.094837
-3.096178
-3.097513
-3.098844
-3.100171
-3.101492
-3.101492
-3.102810
-3.104122
-3.105430
-3.106734
-3.108032
-3.109327
-3.110617
-3.111902
-3.113183
-3.114459
-3.115731
-3.116999
-3.118262
-3.119521
-3.120776
-3.122026
-3.123271
-3.124513
-3.125750
-3.125750
-3.126983
-3.128212
-3.129436
-3.130656
-3.131872
-3.133084
-3.134292
-3.135495
-3.136694
-3.137889
-3.139080
-3.140267
-3.141450
-3.142629
-3.143803
-3.144974
-3.146141
-3.147303
-3.148462
-3.148462
-3.149617
-3.150767
-3.151914
-3.153057
-3.154196
-3.155331
-3.156462
-3.157589
-3.158713
-3.159832
-3.160948
-3.162060
-3.163168
-3.164272
-3.165373
-3.166470
-3.167563
-3.168652
-3.169738
-3.169738
-3.170820
-3.171898
-3.172972
-3.174043
-3.175111
-3.176174
-3.177234
-3.178291
-3.179344
-3.180393
-3.181439
-3.182481
-3.183520
-3.184555
-3.185587
-3.186615
-3.187639
-3.188661
-3.189678
-3.189678
-3.190693
-3.191704
-3.192711
-3.193715
-3.194716
-3.195713
-3.196707
-3.197698
-3.198685
-3.199669
-3.200650
-3.201627
-3.202601
-3.203572
-3.204540
-3.205504
-3.206465
-3.207423
-3.208378
-3.208378
-3.209329
-3.210278
-3.211223
-3.212165
-3.213103
-3.214039
-3.214972
-3.215901
-3.216827
-3.217751
-3.218671
-3.219588
-3.220502
-3.221413
-3.222321
-3.223226
-3.224128
-3.225026
-3.225922
-3.225922
-3.226815
-3.227705
-3.228592
-3.229477
-3.230358
-3.231236
-3.232111
-3.232984
-3.233853
-3.234720
-3.235584
-3.236445
-3.237303
-3.238158
-3.239010
-3.239860
-3.240707
-3.241551
-3.242392
-3.242392
-3.243231
-3.244066
-3.244899
-3.245730
-3.246557
-3.247382
-3.248204
-3.249023
-3.249840
-3.250654
-3.251465
-3.252274
-3.253080
-3.253884
-3.254684
-3.255482
-3.256278
-3.257071
-3.257861
-3.257861
-3.258649
-3.259434
-3.260217
-3.260997
-3.261774
-3.262549
-3.263322
-3.264092
-3.264859
-3.265624
-3.266387
-3.267147
-3.267904
-3.268659
-3.269412
-3.270162
-3.270910
-3.271655
-3.272398
-3.272398
-3.273138
-3.273876
-3.274612
-3.275345
-3.276076
-3.276805
-3.277531
-3.278255
-3.278977
-3.279696
-3.280413
-3.281127
-3.281840
-3.282550
-3.283257
-3.283963
-3.284666
-3.285367
-3.286066
-3.286066
-3.286762
-3.287456
-3.288148
-3.288838
-3.289525
-3.290211
-3.290894
-3.291575
-3.292254
-3.292930
-3.293605
-3.294277
-3.294947
-3.295615
-3.296281
-3.296945
-3.297606
-3.298266
-3.298923
-3.298923
-3.299579
-3.300232
-3.300883
-3.301532
-3.302179
-3.302824
-3.303467
-3.304108
-3.304747
-3.305384
-3.306018
-3.306651
-3.307282
-3.307911
-3.308538
-3.309163
-3.309785
-3.310406
-3.311025
-3.311025
-3.311642
-3.312257
-3.312870
-3.313481
-3.314091
-3.314698
-3.315303
-3.315907
-3.316509
-3.317108
-3.317706
-3.318302
-3.318896
-3.319488
-3.320079
-3.320667
-3.321254
-3.321839
-3.322422
-3.322422
-3.323003
-3.323583
-3.324160
-3.324736
-3.325310
-3.325882
-3.326452
-3.327021
-3.327588
-3.328153
-3.328716
-3.329278
-3.329838
-3.330396
-3.330952
-3.331507
-3.332060
-3.332611
-3.333160
-3.333160
-3.333708
-3.334254
-3.334799
-3.335341
-3.335882
-3.336422
-3.336959
-3.337495
-3.338030
-3.338563
-3.339094
-3.339623
-3.340151
-3.340677
-3.341202
-3.341725
-3.342246
-3.342766
-3.343284
-3.343284
-3.343800
-3.344315
-3.344829
-3.345341
-3.345851
-3.346360
-3.346867
-3.347372
-3.347876
-3.348379
-3.348880
-3.349379
-3.349877
-3.350374
-3.350869
-3.351362
-3.351854
-3.352344
-3.352833
-3.352833
-3.353320
-3.353806
-3.354291
-3.354774
-3.355255
-3.355735
-3.356214
-3.356691
-3.357167
-3.357641
-3.358114
-3.358585
-3.359055
-3.359524
-3.359991
-3.360457
-3.360921
-3.361384
-3.361845
-3.361845
-3.362305
-3.362764
-3.363222
-3.363678
-3.364132
-3.364585
-3.365037
-3.365488
-3.365937
-3.366385
-3.366831
-3.367276
-3.367720
-3.368163
-3.368604
-3.369044
-3.369482
-3.369920
-3.370356
-3.370356
-3.370790
-3.371223
-3.371656
-3.372086
-3.372516
-3.372944
-3.373371
-3.373797
-3.374221
-3.374644
-3.375066
-3.375487
-3.375906
-3.376324
-3.376741
-3.377157
-3.377571
-3.377984
-3.378396
-3.378396
-3.378807
-3.379217
-3.379625
-3.380032
-3.380438
-3.380843
-3.381246
-3.381649
-3.382050
-3.382450
-3.382849
-3.383246
-3.383643
-3.384038
-3.384432
-3.384825
-3.385217
-3.385608
-3.385997
-3.385997
-3.386386
-3.386773
-3.387159
-3.387544
-3.387928
-3.388311
-3.388693
-3.389073
-3.389453
-3.389831
-3.390208
-3.390585
-3.390960
-3.391334
-3.391706
-3.392078
-3.392449
-3.392819
-3.393187
-3.393187
-3.393555
-3.393921
-3.394287
-3.394651
-3.395014
-3.395377
-3.395738
-3.396098
-3.396457
-3.396815
-3.397172
-3.397528
-3.397883
-3.398237
-3.398590
-3.398942
-3.399293
-3.399643
-3.399992
-3.399992
-3.400340
-3.400687
-3.401033
-3.401378
-3.401722
-3.402065
-3.402407
-3.402748
-3.403088
-3.403427
-3.403765
-3.404102
-3.404438
-3.404774
-3.405108
-3.405441
-3.405774
-3.406105
-3.406436
-3.406436
-3.406765
-3.407094
-3.407422
-3.407748
-3.408074
-3.408399
-3.408723
-3.409046
-3.409368
-3.409690
-3.410010
-3.410330
-3.410648
-3.410966
-3.411283
-3.411599
-3.411914
-3.412228
-3.412541
-3.412541
-3.412853
-3.413165
-3.413475
-3.413785
-3.414094
-3.414402
-3.414709
-3.415016
-3.415321
-3.415626
-3.415929
-3.416232
-3.416534
-3.416836
-3.417136
-3.417435
-3.417734
-3.418032
-3.418329
-3.418329
-3.418625
-3.418921
-3.419215
-3.419509
-3.419802
-3.420094
-3.420386
-3.420676
-3.420966
-3.421255
-3.421543
-3.421830
-3.422117
-3.422403
-3.422688
-3.422972
-3.423255
-3.423538
-3.423820
-3.423820
-3.424101
-3.424381
-3.424661
-3.424939
-3.425218
-3.425495
-3.425771
-3.426047
-3.426322
-3.426596
-3.426870
-3.427143
-3.427415
-3.427686
-3.427956
-3.428226
-3.428495
-3.428763
-3.429031
-3.429031
-3.429298
-3.429564
-3.429830
-3.430094
-3.430358
-3.430622
-3.430884
-3.431146
-3.431407
-3.431668
-3.431927
-3.432186
-3.432445
-3.432702
-3.432959
-3.433216
-3.433471
-3.433726
-3.433980
-3.433980
-3.434234
-3.434487
-3.434739
-3.434990
-3.435241
-3.435491
-3.435741
-3.435990
-3.436238
-3.436485
-3.436732
-3.436978
-3.437224
-3.437468
-3.437713
-3.437956
-3.438199
-3.438441
-3.438683
-3.438683
-3.438924
-3.439164
-3.439404
-3.439643
-3.439882
-3.440119
-3.440357
-3.440593
-3.440829
-3.441064
-3.441299
-3.441533
-3.441767
-3.441999
-3.442232
-3.442463
-3.442694
-3.442925
-3.443154
-3.443154
-3.443384
-3.443612
-3.443840
-3.444068
-3.444294
-3.444521
-3.444746
-3.444971
-3.445196
-3.445419
-3.445643
-3.445865
-3.446088
-3.446309
-3.446530
-3.446750
-3.446970
-3.447189
-3.447408
-3.447408
-3.447626
-3.447844
-3.448061
-3.448277
-3.448493
-3.448708
-3.448923
-3.449137
-3.449351
-3.449564
-3.449776
-3.449988
-3.450200
-3.450411
-3.450621
-3.450831
-3.451040
-3.451249
-3.451457
-3.451457
-3.451665
-3.451872
-3.452078
-3.452284
-3.452490
-3.452695
-3.452900
-3.453104
-3.453307
-3.453510
-3.453712
-3.453914
-3.454116
-3.454316
-3.454517
-3.454717
-3.454916
-3.455115
-3.455313
-3.455313
-3.455511
-3.455708
-3.455905
-3.456102
-3.456297
-3.456493
-3.456688
-3.456882
-3.457076
-3.457269
-3.457462
-3.457655
-3.457847
-3.458038
-3.458229
-3.458419
-3.458609
-3.458799
-3.458988
-3.458988
-3.459177
-3.459365
-3.459552
-3.459739
-3.459926
-3.460112
-3.460298
-3.460484
-3.460668
-3.460853
-3.461037
-3.461220
-3.461403
-3.461586
-3.461768
-3.461949
-3.462131
-3.462311
-3.462492
-3.462492
-3.462672
-3.462851
-3.463030
-3.463209
-3.463387
-3.463564
-3.463741
-3.463918
-3.464095
-3.464270
-3.464446
-3.464621
-3.464796
-3.464970
-3.465144
-3.465317
-3.465490
-3.465662
-3.465834
-3.465834
-3.466006
-3.466177
-3.466348
-3.466518
-3.466688
-3.466858
-3.467027
-3.467196
-3.467364
-3.467532
-3.467699
-3.467866
-3.468033
-3.468199
-3.468365
-3.468531
-3.468696
-3.468861
-3.469025
-3.469025
-3.469189
-3.469352
-3.469515
-3.469678
-3.469840
-3.470002
-3.470164
-3.470325
-3.470485
-3.470646
-3.470806
-3.470965
-3.471125
-3.471283
-3.471442
-3.471600
-3.471758
-3.471915
-3.472072
-3.472072
-3.472228
-3.472384
-3.472540
-3.472696
-3.472851
-3.473005
-3.473160
-3.473314
-3.473467
-3.473621
-3.473773
-3.473926
-3.474078
-3.474230
-3.474381
-3.474532
-3.474683
-3.474833
-3.474983
-3.474983
-3.475133
-3.475282
-3.475431
-3.475580
-3.475728
-3.475876
-3.476023
-3.476170
-3.476317
-3.476464
-3.476610
-3.476756
-3.476901
-3.477046
-3.477191
-3.477335
-3.477479
-3.477623
-3.477767
-3.477767
-3.477910
-3.478052
-3.478195
-3.478337
-3.478479
-3.478620
-3.478761
-3.478902
-3.479042
-3.479182
-3.479322
-3.479462
-3.479601
-3.479740
-3.479878
-3.480016
-3.480154
-3.480292
-3.480429
-3.480429
-3.480566
-3.480702
-3.480839
-3.480975
-3.481110
-3.481245
-3.481380
-3.481515
-3.481650
-3.481784
-3.481917
-3.482051
-3.482184
-3.482317
-3.482449
-3.482582
-3.482714
-3.482845
-3.482977
-3.482977
-3.483108
-3.483238
-3.483369
-3.483499
-3.483629
-3.483758
-3.483888
-3.484016
-3.484145
-3.484274
-3.484402
-3.484529
-3.484657
-3.484784
-3.484911
-3.485038
-3.485164
-3.485290
-3.485416
-3.485416
-3.485541
-3.485666
-3.485791
-3.485916
-3.486040
-3.486164
-3.486288
-3.486412
-3.486535
-3.486658
-3.486781
-3.486903
-3.487025
-3.487147
-3.487269
-3.487390
-3.487511
-3.487632
-3.487752
-3.487752
-3.487873
-3.487992
-3.488112
-3.488232
-3.488351
-3.488470
-3.488588
-3.488707
-3.488825
-3.488943
-3.489060
-3.489177
-3.489295
-3.489411
-3.489528
-3.489644
-3.489760
-3.489876
-3.489991
-3.489991
-3.490107
-3.490222
-3.490336
-3.490451
-3.490565
-3.490679
-3.490793
-3.490906
-3.491019
-3.491132
-3.491245
-3.491358
-3.491470
-3.491582
-3.491694
-3.491805
-3.491916
-3.492027
-3.492138
-3.492138
-3.492249
-3.492359
-3.492469
-3.492579
-3.492688
-3.492798
-3.492907
-3.493016
-3.493124
-3.493232
-3.493341
-3.493448
-3.493556
-3.493664
-3.493771
-3.493878
-3.493984
-3.494091
-3.494197
-3.494197
-3.494303
-3.494409
-3.494515
-3.494620
-3.494725
-3.494830
-3.494935
-3.495039
-3.495143
-3.495247
-3.495351
-3.495454
-3.495558
-3.495661
-3.495764
-3.495866
-3.495969
-3.496071
-3.496173
-3.496173
-3.496275
-3.496376
-3.496478
-3.496579
-3.496680
-3.496780
-3.496881
-3.496981
-3.497081
-3.497181
-3.497280
-3.497380
-3.497479
-3.497578
-3.497677
-3.497775
-3.497873
-3.497972
-3.498070
-3.498070
-3.498167
-3.498265
-3.498362
-3.498459
-3.498556
-3.498653
-3.498749
-3.498845
-3.498941
-3.499037
-3.499133
-3.499228
-3.499324
-3.499419
-3.499513
-3.499608
-3.499703
-3.499797
-3.499891
-3.499891
-3.499985
-3.500078
-3.500172
-3.500265
-3.500358
-3.500451
-3.500544
-3.500636
-3.500728
-3.500820
-3.500912
-3.501004
-3.501096
-3.501187
-3.501278
-3.501369
-3.501460
-3.501550
-3.501641
-3.501641
-3.501731
-3.501821
-3.501911
-3.502000
-3.502090
-3.502179
-3.502268
-3.502357
-3.502445
-3.502534
-3.502622
-3.502710
-3.502798
-3.502886
-3.502974
-3.503061
-3.503148
-3.503235
-3.503322
-3.503322
-3.503409
-3.503495
-3.503582
-3.503668
-3.503754
-3.503839
-3.503925
-3.504010
-3.504096
-3.504181
-3.504266
-3.504350
-3.504435
-3.504519
-3.504604
-3.504688
-3.504771
-3.504855
-3.504939
-3.504939
-3.505022
-3.505105
-3.505188
-3.505271
-3.505354
-3.505436
-3.505518
-3.505601
-3.505683
-3.505764
-3.505846
-3.505927
-3.506009
-3.506090
-3.506171
-3.506252
-3.506332
-3.506413
-3.506493
-3.506493
-3.506573
-3.506653
-3.506733
-3.506813
-3.506892
-3.506972
-3.507051
-3.507130
-3.507209
-3.507287
-3.507366
-3.507444
-3.507523
-3.507601
-3.507679
-3.507756
-3.507834
-3.507911
-3.507989
-3.507989
-3.508066
-3.508143
-3.508220
-3.508296
-3.508373
-3.508449
-3.508525
-3.508601
-3.508677
-3.508753
-3.508828
-3.508904
-3.508979
-3.509054
-3.509129
-3.509204
-3.509279
-3.509353
-3.509428
-3.509428
-3.509502
-3.509576
-3.509650
-3.509724
-3.509797
-3.509871
-3.509944
-3.510017
-3.510090
-3.510163
-3.510236
-3.510309
-3.510381
-3.510453
-3.510526
-3.510598
-3.510669
-3.510741
-3.510813
-3.510813
-3.510884
-3.510956
-3.511027
-3.511098
-3.511169
-3.511239
-3.511310
-3.511381
-3.511451
-3.511521
-3.511591
-3.511661
-3.511731
-3.511800
-3.511870
-3.511939
-3.512008
-3.512078
-3.512146
-3.512146
-3.512215
-3.512284
-3.512352
-3.512421
-3.512489
-3.512557
-3.512625
-3.512693
-3.512761
-3.512828
-3.512896
-3.512963
-3.513030
-3.513097
-3.513164
-3.513231
-3.513298
-3.513364
-3.513431
-3.513431
-3.513497
-3.513563
-3.513629
-3.513695
-3.513761
-3.513827
-3.513892
-3.513957
-3.514023
-3.514088
-3.514153
-3.514218
-3.514282
-3.514347
-3.514411
-3.514476
-3.514540
-3.514604
-3.514668
-3.514668
-3.514732
-3.514796
-3.514859
-3.514923
-3.514986
-3.515049
-3.515112
-3.515175
-3.515238
-3.515301
-3.515364
-3.515426
-3.515488
-3.515551
-3.515613
-3.515675
-3.515737
-3.515799
-3.515860
-3.515860
-3.515922
-3.515983
-3.516044
-3.516106
-3.516167
-3.516228
-3.516288
-3.516349
-3.516410
-3.516470
-3.516530
-3.516591
-3.516651
-3.516711
-3.516771
-3.516830
-3.516890
-3.516950
-3.517009
-3.517009
-3.517068
-3.517128
-3.517187
-3.517246
-3.517304
-3.517363
-3.517422
-3.517480
-3.517539
-3.517597
-3.517655
-3.517713
-3.517771
-3.517829
-3.517887
-3.517944
-3.518002
-3.518059
-3.518117
-3.518117
-3.518174
-3.518231
-3.518288
-3.518345
-3.518401
-3.518458
-3.518514
-3.518571
-3.518627
-3.518683
-3.518739
-3.518795
-3.518851
-3.518907
-3.518963
-3.519018
-3.519074
-3.519129
-3.519184
-3.519184
-3.519239
-3.519294
-3.519349
-3.519404
-3.519459
-3.519513
-3.519568
-3.519622
-3.519677
-3.519731
-3.519785
-3.519839
-3.519893
-3.519947
-3.520000
-3.520054
-3.520107
-3.520161
-3.520214
-3.520214
-3.520267
-3.520320
-3.520373
-3.520426
-3.520479
-3.520531
-3.520584
-3.520636
-3.520689
-3.520741
-3.520793
-3.520845
-3.520897
-3.520949
-3.521001
-3.521053
-3.521104
-3.521156
-3.521207
-3.521207
-3.521258
-3.521309
-3.521361
-3.521412
-3.521462
-3.521513
-3.521564
-3.521615
-3.521665
-3.521715
-3.521766
-3.521816
-3.521866
-3.521916
-3.521966
-3.522016
-3.522066
-3.522115
-3.522165
-3.522165
-3.522214
-3.522264
-3.522313
-3.522362
-3.522411
-3.522460
-3.522509
-3.522558
-3.522607
-3.522655
-3.522704
-3.522752
-3.522801
-3.522849
-3.522897
-3.522945
-3.522993
-3.523041
-3.523089
-3.523089
-3.523137
-3.523185
-3.523232
-3.523280
-3.523327
-3.523374
-3.523421
-3.523469
-3.523516
-3.523562
-3.523609
-3.523656
-3.523703
-3.523749
-3.523796
-3.523842
-3.523889
-3.523935
-3.523981
-3.523981
-3.524027
-3.524073
-3.524119
-3.524165
-3.524210
-3.524256
-3.524302
-3.524347
-3.524392
-3.524438
-3.524483
-3.524528
-3.524573
-3.524618
-3.524663
-3.524708
-3.524752
-3.524797
-3.524842
-3.524842
-3.524886
-3.524930
-3.524975
-3.525019
-3.525063
-3.525107
-3.525151
-3.525195
-3.525239
-3.525282
-3.525326
-3.525370
-3.525413
-3.525456
-3.525500
-3.525543
-3.525586
-3.525629
-3.525672
-3.525672
-3.525715
-3.525758
-3.525801
-3.525843
-3.525886
-3.525929
-3.525971
-3.526013
-3.526056
-3.526098
-3.526140
-3.526182
-3.526224
-3.526266
-3.526308
-3.526349
-3.526391
-3.526433
-3.526474
-3.526474
-3.526515
-3.526557
-3.526598
-3.526639
-3.526680
-3.526721
-3.526762
-3.526803
-3.526844
-3.526885
-3.526926
-3.526966
-3.527007
-3.527047
-3.527087
-3.527128
-3.527168
-3.527208
-3.527248
-3.527248
-3.527288
-3.527328
-3.527368
-3.527408
-3.527447
-3.527487
-3.527527
-3.527566
-3.527605
-3.527645
-3.527684
-3.527723
-3.527762
-3.527801
-3.527840
-3.527879
-3.527918
-3.527957
-3.527995
-3.527995
-3.528034
-3.528073
-3.528111
-3.528149
-3.528188
-3.528226
-3.528264
-3.528302
-3.528340
-3.528378
-3.528416
-3.528454
-3.528492
-3.528530
-3.528567
-3.528605
-3.528642
-3.528680
-3.528717
-3.528717
-3.528754
-3.528792
-3.528829
-3.528866
-3.528903
-3.528940
-3.528977
-3.529013
-3.529050
-3.529087
-3.529123
-3.529160
-3.529196
-3.529233
-3.529269
-3.529305
-3.529342
-3.529378
-3.529414
-3.529414
-3.529450
-3.529486
-3.529522
-3.529557
-3.529593
-3.529629
-3.529665
-3.529700
-3.529736
-3.529771
-3.529806
-3.529842
-3.529877
-3.529912
-3.529947
-3.529982
-3.530017
-3.530052
-3.530087
-3.530087
-3.530122
-3.530156
-3.530191
-3.530225
-3.530260
-3.530294
-3.530329
-3.530363
-3.530397
-3.530432
-3.530466
-3.530500
-3.530534
-3.530568
-3.530602
-3.530636
-3.530669
-3.530703
-3.530737
-3.530737
-3.530770
-3.530804
-3.530837
-3.530871
-3.530904
-3.530937
-3.530970
-3.531004
-3.531037
-3.531070
-3.531103
-3.531136
-3.531168
-3.531201
-3.531234
-3.531267
-3.531299
-3.531332
-3.531364
-3.531364
-3.531397
-3.531429
-3.531461
-3.531494
-3.531526
-3.531558
-3.531590
-3.531622
-3.531654
-3.531686
-3.531718
-3.531750
-3.531781
-3.531813
-3.531845
-3.531876
-3.531908
-3.531939
-3.531971
-3.531971
-3.532002
-3.532033
-3.532064
-3.532096
-3.532127
-3.532158
-3.532189
-3.532220
-3.532250
-3.532281
-3.532312
-3.532343
-3.532373
-3.532404
-3.532435
-3.532465
-3.532495
-3.532526
-3.532556
-3.532556
-3.532586
-3.532617
-3.532647
-3.532677
-3.532707
-3.532737
-3.532767
-3.532797
-3.532827
-3.532856
-3.532886
-3.532916
-3.532945
-3.532975
-3.533004
-3.533034
-3.533063
-3.533092
-3.533122
-3.533122
-3.533151
-3.533180
-3.533209
-3.533238
-3.533267
-3.533296
-3.533325
-3.533354
-3.533383
-3.533412
-3.533440
-3.533469
-3.533498
-3.533526
-3.533555
-3.533583
-3.533612
-3.533640
-3.533668
-3.533668
-3.533696
-3.533725
-3.533753
-3.533781
-3.533809
-3.533837
-3.533865
-3.533893
-3.533921
-3.533948
-3.533976
-3.534004
-3.534031
-3.534059
-3.534086
-3.534114
-3.534141
-3.534169
-3.534196
-3.534196
-3.534223
-3.534251
-3.534278
-3.534305
-3.534332
-3.534359
-3.534386
-3.534413
-3.534440
-3.534467
-3.534493
-3.534520
-3.534547
-3.534573
-3.534600
-3.534627
-3.534653
-3.534680
-3.534706
-3.534706
-3.534732
-3.534759
-3.534785
-3.534811
-3.534837
-3.534863
-3.534889
-3.534915
-3.534941
-3.534967
-3.534993
-3.535019
-3.535045
-3.535071
-3.535096
-3.535122
-3.535148
-3.535173
-3.535199
-3.535199
-3.535224
-3.535249
-3.535275
-3.535300
-3.535325
-3.535351
-3.535376
-3.535401
-3.535426
-3.535451
-3.535476
-3.535501
-3.535526
-3.535551
-3.535576
-3.535600
-3.535625
-3.535650
-3.535675
-3.535675
-3.535699
-3.535724
-3.535748
-3.535773
-3.535797
-3.535821
-3.535846
-3.535870
-3.535894
-3.535918
-3.535943
-3.535967
-3.535991
-3.536015
-3.536039
-3.536063
-3.536087
-3.536110
-3.536134
-3.536134
-3.536158
-3.536182
-3.536205
-3.536229
-3.536253
-3.536276
-3.536300
-3.536323
-3.536347
-3.536370
-3.536393
-3.536417
-3.536440
-3.536463
-3.536486
-3.536509
-3.536532
-3.536555
-3.536578
-3.536578
-3.536601
-3.536624
-3.536647
-3.536670
-3.536693
-3.536716
-3.536738
-3.536761
-3.536784
-3.536806
-3.536829
-3.536851
-3.536874
-3.536896
-3.536918
-3.536941
-3.536963
-3.536985
-3.537008
-3.537008
-3.537030
-3.537052
-3.537074
-3.537096
-3.537118
-3.537140
-3.537162
-3.537184
-3.537206
-3.537228
-3.537249
-3.537271
-3.537293
-3.537314
-3.537336
-3.537358
-3.537379
-3.537401
-3.537422
-3.537422
-3.537444
-3.537465
-3.537486
-3.537508
-3.537529
-3.537550
-3.537571
-3.537592
-3.537614
-3.537635
-3.537656
-3.537677
-3.537698
-3.537719
-3.537739
-3.537760
-3.537781
-3.537802
-3.537823
-3.537823
-3.537843
-3.537864
-3.537885
-3.537905
-3.537926
-3.537946
-3.537967
-3.537987
-3.538008
-3.538028
-3.538048
-3.538069
-3.538089
-3.538109
-3.538129
-3.538149
-3.538169
-3.538190
-3.538210
-3.538210
