-0.404339
-0.395721
-0.357606
-0.318760
-0.288085
-0.265690
-0.249141
-0.236251
-0.225484
-0.215833
-0.206638
-0.197461
-0.188006
-0.178078
-0.167548
-0.156342
-0.144421
-0.131776
-0.118419
-0.104379
-0.089701
-0.074447
-0.058699
-0.042559
-0.026156
-0.009649
0.006760
0.022836
0.038316
0.052942
0.066511
0.078904
0.090103
0.100153
0.109120
0.117046
0.123939
0.129776
0.134521
0.138144
0.140630
0.141987
0.142252
0.141487
0.139781
0.137248
0.134005
0.130177
0.125920
0.121443
0.116943
0.112511
0.108111
0.103584
0.098670
0.093019
0.086200
0.077687
0.066875
0.053143
0.036087
0.015970
-0.005870
-0.027257
-0.046142
-0.061370
-0.072724
-0.080565
-0.085487
-0.088105
-0.088962
-0.088506
-0.087094
-0.085004
-0.082452
-0.079603
-0.076581
-0.073479
-0.070369
-0.067299
-0.064308
-0.061422
-0.058659
-0.056034
-0.053556
-0.051232
-0.049068
-0.047068
-0.045237
-0.043578
-0.042095
-0.040795
-0.039683
-0.038767
-0.038055
-0.037557
-0.037284
-0.037244
-0.037442
-0.037876
-0.038530
-0.039357
-0.040278
-0.041223
-0.042231
-0.043440
-0.044936
-0.046700
-0.048681
-0.050855
-0.053237
-0.055860
-0.058765
-0.061995
-0.065598
-0.069622
-0.074126
-0.079179
-0.084878
-0.090915
-0.096730
-0.107264
-0.114619
-0.114829
-0.124210
-0.128107
-0.132285
-0.147921
-0.160892
-0.168718
-0.178662
-0.189883
-0.201390
-0.213603
-0.226638
-0.240361
-0.254677
-0.269466
-0.284581
-0.299899
-0.315339
-0.330858
-0.346443
-0.362089
-0.377794
-0.393556
-0.409373
-0.425242
-0.441161
-0.457125
-0.473128
-0.489164
-0.505224
-0.521298
-0.537378
-0.553453
-0.569513
-0.585548
-0.601550
-0.617505
-0.633400
-0.649221
-0.664953
-0.680586
-0.696112
-0.711523
-0.726812
-0.741969
-0.756987
-0.771858
-0.786576
-0.801136
-0.815530
-0.829749
-0.843789
-0.857644
-0.871312
-0.884789
-0.898073
-0.911159
-0.924043
-0.936722
-0.949192
-0.961450
-0.973495
-0.985326
-0.996944
-1.008347
-1.019536
-1.030506
-1.041252
-1.051766
-1.062041
-1.072069
-1.081848
-1.091376
-1.100657
-1.109696
-1.118504
-1.127087
-1.135454
-1.143603
-1.151526
-1.159210
-1.166641
-1.173810
-1.180719
-1.187379
-1.193806
-1.200034
-1.206111
-1.212092
-1.217976
-1.223682
-1.229145
-1.234388
-1.239445
-1.244326
-1.249029
-1.253533
-1.257792
-1.261774
-1.265521
-1.269134
-1.272674
-1.276155
-1.279578
-1.282938
-1.286233
-1.289458
-1.292613
-1.295696
-1.298706
-1.301644
-1.304508
-1.307300
-1.310020
-1.312668
-1.315246
-1.317753
-1.320193
-1.322568
-1.324880
-1.327133
-1.329395
-1.331232
-1.333618
-1.335577
-1.337940
-1.338651
-1.340467
-1.342718
-1.343880
-1.346103
-1.347946
-1.350176
-1.352456
-1.354564
-1.356559
-1.358439
-1.360273
-1.362042
-1.363800
-1.365515
-1.367240
-1.368939
-1.370665
-1.372380
-1.374134
-1.375890
-1.377690
-1.379505
-1.381363
-1.383246
-1.385167
-1.387116
-1.389097
-1.391104
-1.393135
-1.395183
-1.397244
-1.399312
-1.401387
-1.403472
-1.405575
-1.407711
-1.409894
-1.412138
-1.414453
-1.416849
-1.419331
-1.421899
-1.424554
-1.427289
-1.430099
-1.432974
-1.435904
-1.438881
-1.441898
-1.444955
-1.444955
-1.448055
-1.451205
-1.454412
-1.457687
-1.461039
-1.464482
-1.468047
-1.471807
-1.475914
-1.480646
-1.486397
-1.493547
-1.502262
-1.512433
-1.523795
-1.536067
-1.549019
-1.562472
-1.576296
-1.590394
-1.604691
-1.619127
-1.633648
-1.648200
-1.662725
-1.677166
-1.691463
-1.705566
-1.719426
-1.733017
-1.746302
-1.759281
-1.771927
-1.784264
-1.796264
-1.807975
-1.819365
-1.830494
-1.841324
-1.851905
-1.862161
-1.872153
-1.881673
-1.890981
-1.899776
-1.908585
-1.917021
-1.925862
-1.934361
-1.944070
-1.953005
-1.963559
-1.972570
-1.982098
-1.989796
-1.997262
-2.003563
-2.009637
-2.015065
-2.020389
-2.025388
-2.030367
-2.035303
-2.040188
-2.045353
-2.050292
-2.055839
-2.060935
-2.066827
-2.072134
-2.078218
-2.083711
-2.089810
-2.095392
-2.101355
-2.106890
-2.112581
-2.117938
-2.123266
-2.128343
-2.133277
-2.137995
-2.142515
-2.146851
-2.150990
-2.155009
-2.158856
-2.162667
-2.166302
-2.170017
-2.173494
-2.177217
-2.180559
-2.184379
-2.187597
-2.191583
-2.194718
-2.198880
-2.202028
-2.206288
-2.209543
-2.213793
-2.217208
-2.221381
-2.224983
-2.229070
-2.232854
-2.236889
-2.240811
-2.244838
-2.248843
-2.252886
-2.256933
-2.260995
-2.265061
-2.269132
-2.273203
-2.277272
-2.281336
-2.285392
-2.289436
-2.293465
-2.297477
-2.301467
-2.305431
-2.309368
-2.313274
-2.317146
-2.320982
-2.324781
-2.328540
-2.332258
-2.335935
-2.339569
-2.343161
-2.346709
-2.350215
-2.353678
-2.357098
-2.360475
-2.363811
-2.367104
-2.370357
-2.373568
-2.376739
-2.379869
-2.382960
-2.386011
-2.389024
-2.391998
-2.394934
-2.397833
-2.400694
-2.403519
-2.406307
-2.409059
-2.411775
-2.414456
-2.417101
-2.419711
-2.422286
-2.424825
-2.427329
-2.429798
-2.432231
-2.434628
-2.436989
-2.439315
-2.441604
-2.443858
-2.446076
-2.448257
-2.450403
-2.452514
-2.454589
-2.456630
-2.458635
-2.460608
-2.462546
-2.464453
-2.466328
-2.468173
-2.469987
-2.471774
-2.473533
-2.475266
-2.476974
-2.478658
-2.480319
-2.481958
-2.483577
-2.485175
-2.486755
-2.488317
-2.489861
-2.491388
-2.492899
-2.494394
-2.495874
-2.497338
-2.498788
-2.500223
-2.501644
-2.503050
-2.504441
-2.505819
-2.507182
-2.508531
-2.509865
-2.511185
-2.512491
-2.513782
-2.515058
-2.516320
-2.517566
-2.518798
-2.520014
-2.521214
-2.522399
-2.523567
-2.524719
-2.525854
-2.526972
-2.528072
-2.529154
-2.530217
-2.531261
-2.532284
-2.533287
-2.534269
-2.535228
-2.536163
-2.537075
-2.537962
-2.538822
-2.539656
-2.540462
-2.541240
-2.541989
-2.542709
-2.543398
-2.544058
-2.544688
-2.545289
-2.545862
-2.546406
-2.546924
-2.547416
-2.547884
-2.548329
-2.548753
-2.549160
-2.549555
-2.549956
-2.550417
-2.551015
-2.550987
-2.550342
-2.550855
-2.551380
-2.551771
-2.552097
-2.552373
-2.552600
-2.552784
-2.552939
-2.553072
-2.553188
-2.553289
-2.553376
-2.553451
-2.553515
-2.553570
-2.553617
-2.553658
-2.553692
-2.553721
-2.553746
-2.553767
-2.553785
-2.553801
-2.553814
-2.553825
-2.553834
-2.553841
-2.553847
-2.553850
-2.553852
-2.553851
-2.553847
-2.553841
-2.553831
-2.553819
-2.553803
-2.553784
-2.553761
-2.553733
-2.553700
-2.553661
-2.553661
-2.553616
-2.553563
-2.553502
-2.553431
-2.553351
-2.553260
-2.553157
-2.553042
-2.552915
-2.552773
-2.552618
-2.552447
-2.552262
-2.552062
-2.551846
-2.551614
-2.551366
-2.551102
-2.550821
-2.550524
-2.550210
-2.549879
-2.549532
-2.549167
-2.548785
-2.548386
-2.547970
-2.547536
-2.547086
-2.546617
-2.546132
-2.545628
-2.545108
-2.544569
-2.544013
-2.543440
-2.542849
-2.542240
-2.541614
-2.540970
-2.540309
-2.539630
-2.538935
-2.538222
-2.537493
-2.536747
-2.535985
-2.535207
-2.534413
-2.533603
-2.532778
-2.531938
-2.531083
-2.530214
-2.529331
-2.528434
-2.527524
-2.526600
-2.525663
-2.524714
-2.523752
-2.522778
-2.521791
-2.520793
-2.519783
-2.518761
-2.517728
-2.516683
-2.515627
-2.514559
-2.513481
-2.512391
-2.511290
-2.510179
-2.509056
-2.507923
-2.506780
-2.505626
-2.504461
-2.503287
-2.502102
-2.500908
-2.499705
-2.498492
-2.497270
-2.496040
-2.494802
-2.493556
-2.492302
-2.491041
-2.489774
-2.488501
-2.487222
-2.485938
-2.484649
-2.483357
-2.482061
-2.480762
-2.479461
-2.478159
-2.476855
-2.475551
-2.474247
-2.472945
-2.471643
-2.470344
-2.469047
-2.467753
-2.466464
-2.465178
-2.463897
-2.462621
-2.461351
-2.460087
-2.458830
-2.457579
-2.456336
-2.455100
-2.453872
-2.452653
-2.451441
-2.450238
-2.449044
-2.447859
-2.446683
-2.445516
-2.444358
-2.443209
-2.442069
-2.440939
-2.439819
-2.438707
-2.437605
-2.436512
-2.435428
-2.434353
-2.433288
-2.432231
-2.431183
-2.430144
-2.429113
-2.428091
-2.427078
-2.426073
-2.425076
-2.424087
-2.423106
-2.422134
-2.421169
-2.420211
-2.419261
-2.418319
-2.417384
-2.416456
-2.415536
-2.414622
-2.413716
-2.412816
-2.411923
-2.411037
-2.410157
-2.409284
-2.408417
-2.407557
-2.406702
-2.405854
-2.405012
-2.404176
-2.403345
-2.402521
-2.401702
-2.400889
-2.400081
-2.399278
-2.398481
-2.397689
-2.396902
-2.396120
-2.395343
-2.394571
-2.393804
-2.393041
-2.392282
-2.391528
-2.390778
-2.390033
-2.389291
-2.388554
-2.387820
-2.387091
-2.386365
-2.385642
-2.384924
-2.384209
-2.383498
-2.382790
-2.382085
-2.381385
-2.380687
-2.379994
-2.379304
-2.378617
-2.377934
-2.377255
-2.376580
-2.375908
-2.375241
-2.374577
-2.373918
-2.373263
-2.372612
-2.371966
-2.371324
-2.370686
-2.370054
-2.369426
-2.368803
-2.368185
-2.367572
-2.366964
-2.366361
-2.365764
-2.365172
-2.364585
-2.364005
-2.363430
-2.362860
-2.362297
-2.361740
-2.361190
-2.360647
-2.360111
-2.359584
-2.359065
-2.358557
-2.358061
-2.357580
-2.357113
-2.356662
-2.356226
-2.355800
-2.355376
-2.354948
-2.354508
-2.354053
-2.353580
-2.353090
-2.352583
-2.352059
-2.351521
-2.350968
-2.350402
-2.349824
-2.349235
-2.348637
-2.348032
-2.347423
-2.346812
-2.346202
-2.345595
-2.344993
-2.344400
-2.343815
-2.343243
-2.342684
-2.342140
-2.341613
-2.341104
-2.340614
-2.340145
-2.339697
-2.339272
-2.338870
-2.338491
-2.338136
-2.337805
-2.337497
-2.337212
-2.336949
-2.336708
-2.336487
