-2.667079
0.982731
0.981560
0.980341
0.979073
0.977756
0.976390
0.974973
0.973507
0.971991
0.970424
0.968806
0.967138
0.965420
0.963650
0.961831
0.959961
0.958042
0.956074
0.954058
0.951995
0.949887
0.947736
0.945543
0.943312
0.941045
0.938747
0.936422
0.934076
0.931713
0.929342
0.926971
0.924608
0.922264
0.919951
0.917682
0.915471
0.913335
0.911291
0.909358
0.907557
0.905908
0.904436
0.903164
0.902115
0.901317
0.900792
0.900566
0.900662
0.901104
0.901912
0.903106
0.904704
0.906720
0.909166
0.912052
0.915384
0.919165
0.923397
0.928077
0.933201
0.938761
0.944749
0.951153
0.957960
0.965156
0.972727
0.980656
0.988927
0.997523
1.006427
1.015623
1.025093
1.034823
1.044796
1.054997
1.065412
1.076027
1.086829
1.097806
1.108945
1.120236
1.131669
1.143233
1.154920
1.166722
1.178629
1.190636
1.202735
1.214918
1.227181
1.239518
1.251923
1.264390
1.276915
1.289494
1.302122
1.314795
1.327509
1.340261
1.340261
1.353046
1.365861
1.378704
1.391570
1.404457
1.417362
1.430282
1.443215
1.456158
1.469108
1.482063
1.495020
1.507978
1.520935
1.533888
1.546835
1.559774
1.572704
1.585623
1.598529
1.611421
1.624297
1.637155
1.649995
1.662815
1.675614
1.688390
1.701143
1.713871
1.726573
1.739249
1.751898
1.764518
1.777110
1.789672
1.802203
1.814704
1.827174
1.839611
1.852016
1.864388
1.876728
1.889033
1.901305
1.913544
1.925748
1.937917
1.950053
1.962154
1.974221
1.986253
1.998251
2.010215
2.022144
2.034040
2.045901
2.057730
2.069525
2.081287
2.093016
2.104713
2.116378
2.128012
2.139615
2.151187
2.162729
2.174242
2.185725
2.197181
2.208608
2.220009
2.231383
2.242731
2.254054
2.265353
2.276628
2.287881
2.299111
2.310321
2.321509
2.332678
2.343829
2.354961
2.366077
2.377176
2.388260
2.399330
2.410387
2.421430
2.432463
2.443484
2.454497
2.465500
2.476495
2.487484
2.498467
2.509444
2.520418
2.531389
2.531389
2.542358
2.553325
2.564293
2.575261
2.586231
2.597203
2.608179
2.619160
2.630145
2.641137
2.652137
2.663144
2.674160
2.685186
2.696222
2.707271
2.718331
2.729404
2.740492
2.751594
2.762711
2.773845
2.784996
2.796165
2.807352
2.818558
2.829784
2.841031
2.852300
2.863590
2.874903
2.886239
2.897598
2.908983
2.920392
2.931827
2.943289
2.954777
2.966292
2.977835
2.989407
3.001007
3.012637
3.024296
3.035986
3.047707
3.059458
3.071242
3.083057
3.094905
3.106785
3.118699
3.130646
3.142626
3.154641
3.166691
3.178775
3.190895
3.203050
3.215240
3.227466
3.239729
3.252027
3.264363
3.276735
3.289144
3.301590
3.314074
3.326594
3.339153
3.351749
3.364383
3.377054
3.389763
3.402511
3.415296
3.428119
3.440979
3.453878
3.466814
3.479788
3.492799
3.505847
3.518933
3.532055
3.545214
3.558409
3.571640
3.584907
3.598209
3.611546
3.624918
3.638323
3.651761
3.665232
3.678736
3.692270
3.705835
3.719430
3.719430
3.733054
3.746706
3.760385
3.774091
3.787821
3.801576
3.815353
3.829152
3.842972
3.856810
3.870666
3.884539
3.898426
3.912327
3.926239
3.940161
3.954092
3.968030
3.981972
3.995917
4.009864
4.023810
4.037754
4.051693
4.065626
4.079550
4.093464
4.107365
4.121252
4.135123
4.148974
4.162805
4.176613
4.190397
4.204153
4.217880
4.231576
4.245238
4.258866
4.272455
4.286006
4.299515
4.312980
4.326400
4.339772
4.353094
4.366365
4.379583
4.392745
