-0.786476
-0.243834
-0.250056
-0.228934
-0.208124
-0.188958
-0.171541
-0.155812
-0.141594
-0.128632
-0.116700
-0.105629
-0.095303
-0.085644
-0.076597
-0.068126
-0.060202
-0.052800
-0.045898
-0.039473
-0.033503
-0.027964
-0.022833
-0.018085
-0.013696
-0.009641
-0.005896
-0.002436
0.000764
0.003726
0.006473
0.009028
0.011413
0.013647
0.015751
0.017742
0.019638
0.021456
0.023211
0.024917
0.026589
0.028238
0.029875
0.031513
0.033161
0.034828
0.036522
0.038251
0.040023
0.041843
0.043718
0.045653
0.047651
0.049718
0.051855
0.054067
0.056354
0.058717
0.061157
0.063674
0.066266
0.068931
0.071667
0.074470
0.077335
0.080259
0.083234
0.086255
0.089315
0.092406
0.095520
0.098650
0.101786
0.104920
0.108044
0.111148
0.114225
0.117266
0.120263
0.123210
0.126099
0.128925
0.131682
0.134364
0.136967
0.139489
0.141925
0.144273
0.146532
0.148701
0.150778
0.152763
0.154657
0.156459
0.158171
0.159794
0.161329
0.162777
0.164140
0.165420
0.166618
0.167737
0.168778
0.169744
0.170636
0.171458
0.172209
0.172894
0.173515
0.174072
0.174569
0.175009
0.175392
0.175721
0.175999
0.176228
0.176411
0.176548
0.176643
0.176697
0.176714
0.176694
0.176641
0.176556
0.176441
0.176298
0.176131
0.175939
0.175725
0.175492
0.175241
0.174973
0.174691
0.174395
0.174088
0.173772
0.173446
0.173114
0.172776
0.172434
0.172088
0.171740
0.171391
0.171042
0.170693
0.170347
0.170003
0.169663
0.169327
0.168995
0.168669
0.168349
0.168036
0.167729
0.167430
0.167139
0.166856
0.166581
0.166315
0.166058
0.165810
0.165572
0.165343
0.165123
0.164914
0.164714
0.164523
0.164343
0.164173
0.164012
0.163861
0.163720
0.163588
0.163467
0.163354
0.163252
0.163158
0.163074
0.162999
0.162933
0.162877
0.162828
0.162789
0.162758
0.162736
0.162721
0.162715
0.162717
0.162726
0.162744
0.162768
0.162801
0.162840
0.162886
0.162940
0.163000
0.163067
0.163140
0.163219
0.163305
0.163397
0.163495
0.163598
0.163707
0.163822
0.163942
0.164067
0.164197
0.164333
0.164473
0.164618
0.164768
0.164922
0.165080
0.165243
0.165410
0.165581
0.165756
0.165935
0.166118
0.166305
0.166495
0.166688
0.166885
0.167086
0.167289
0.167496
0.167706
0.167919
0.168135
0.168354
0.168576
0.168800
0.169027
0.169257
0.169489
0.169724
0.169962
0.170202
0.170444
0.170688
0.170935
0.171184
0.171435
0.171689
0.171944
0.172202
0.172462
0.172723
0.172987
0.173253
0.173520
0.173790
0.174061
0.174334
0.174609
0.174886
0.175165
0.175445
0.175728
0.176012
0.176297
0.176585
0.176874
0.177165
0.177458
0.177752
0.178048
0.178346
0.178645
0.178946
0.179249
0.179553
0.179860
0.180168
0.180477
0.180788
0.181101
0.181416
0.181732
0.182051
0.182370
0.182692
0.183015
0.183340
0.183667
0.183996
0.184326
0.184658
0.184992
0.185328
0.185666
0.186005
0.186346
0.186689
0.187034
0.187381
0.187730
0.188080
0.188433
0.188787
0.189143
0.189502
0.189862
0.190224
0.190588
0.190954
0.191322
0.191692
0.192064
0.192438
0.192814
0.193192
0.193572
0.193954
0.194338
0.194725
0.195113
0.195503
0.195896
0.196290
0.196687
0.197086
0.197487
0.197890
0.198295
0.198702
0.199112
0.199524
0.199938
0.200355
0.200774
0.201195
0.201619
0.202045
0.202473
0.202904
0.203338
0.203774
0.204213
0.204654
0.205099
0.205546
0.205996
0.206449
0.206905
0.207364
0.207826
0.208291
0.208760
0.209231
0.209706
0.210183
0.210663
0.211145
0.211629
0.212114
0.212599
0.213084
0.213566
0.214045
0.214518
0.214984
0.215439
0.215884
0.216315
0.216734
0.217139
0.217532
0.217916
0.218293
0.218667
0.219041
0.219418
0.219801
0.220191
0.220590
0.220999
0.221417
0.221845
0.222283
0.222729
0.223183
0.223645
0.224114
0.224589
0.225070
0.225555
0.226046
0.226541
0.227040
0.227542
0.228049
0.228559
0.229072
0.229589
0.230109
0.230632
0.231158
0.231688
0.232221
0.232757
0.233296
0.233840
0.234386
0.234936
0.235490
0.236048
0.236610
0.237175
0.237745
0.238319
0.238897
0.239480
0.240067
0.240659
0.241256
0.241857
0.242463
0.243075
0.243691
0.244313
0.244940
0.245572
0.246210
0.246854
0.247503
0.248158
0.248818
0.249485
0.250158
0.250836
0.251521
0.252212
0.252910
0.253614
0.254325
0.255043
0.255767
0.256498
0.257236
0.257982
0.258734
0.259494
0.260261
0.261036
0.261819
0.262609
0.263408
0.264214
0.265029
0.265852
0.266683
0.267523
0.268372
0.269229
0.270095
0.270971
0.271856
0.272750
0.273653
0.274567
0.275490
0.276423
0.277367
0.278320
0.279284
0.280259
0.281244
0.282241
0.283248
0.284267
0.285297
0.286339
0.287392
0.288458
0.289536
0.290626
0.291728
0.292843
0.293971
0.295112
0.296267
0.297434
0.298616
0.299811
0.301020
0.302243
0.303481
0.304734
0.306001
0.307283
0.308580
0.309893
0.311222
0.312566
0.313926
0.315302
0.316695
0.318105
0.318105
0.319531
0.320975
0.322435
0.323913
0.325409
0.326923
0.328455
0.330005
0.331573
0.333160
0.334766
0.336391
0.338036
0.339700
0.341383
0.343086
0.344810
0.346553
0.348317
0.350101
0.351906
0.353732
0.355579
0.357448
0.359337
0.361248
0.363181
0.365136
0.367112
0.369110
0.371131
0.373174
0.375239
0.377326
0.379437
0.381569
0.383725
0.385903
0.388104
0.390328
0.392575
0.394844
0.397137
0.399453
0.401791
0.404153
0.406538
0.408945
0.411375
0.413828
0.416304
0.418803
0.421324
0.423868
0.426434
0.429023
0.431634
0.434267
0.436922
0.439599
0.442297
0.445017
0.447758
0.450520
0.453303
0.456107
0.458932
0.461776
0.464641
0.467525
0.470429
0.473352
0.476294
0.479254
0.482233
0.485230
0.488245
0.491277
0.494326
0.497392
0.500474
0.503573
0.506687
0.509816
0.512960
0.516119
0.519292
0.522479
0.525679
0.528892
0.532118
0.535356
0.538605
0.541866
0.545138
0.548420
0.551712
0.555014
0.558326
0.561645
0.564974
0.568310
0.571653
0.575004
0.578361
0.581725
0.585094
0.588469
0.591848
0.595232
0.598620
0.602012
0.605407
0.608804
0.612205
0.615607
0.619011
0.622416
0.625822
0.629229
0.632635
0.636042
0.639448
0.642853
0.646257
0.649659
0.653059
0.656457
0.659853
0.663246
0.666635
0.670021
0.673404
0.676782
0.680156
0.683526
0.686891
0.690251
0.693606
0.696955
0.700299
0.703637
0.706968
0.710294
0.713613
0.716926
0.720231
0.723530
0.726822
0.730106
0.733383
0.736653
0.739915
0.743169
0.746416
0.749655
0.752885
0.756107
0.759322
0.762528
0.765725
0.768914
0.772095
0.775267
0.778431
0.781586
0.784732
0.787870
0.790999
0.794119
0.797230
0.800333
0.803427
0.806512
0.809588
0.812656
0.815714
0.818764
0.821805
0.824837
0.827861
0.830875
0.833881
0.836879
0.839867
0.842847
0.845818
0.848781
0.851735
0.854680
0.857617
0.860545
0.863465
0.866376
0.869279
0.872174
0.875060
0.877938
0.880808
0.883669
0.886522
0.889367
0.892204
0.895033
0.897854
0.900667
0.903471
0.906268
0.909057
0.911838
0.914611
0.917377
0.920134
0.922884
0.925626
0.928361
0.931088
0.933807
0.936518
0.939222
0.941919
0.944608
0.947289
0.949963
0.952630
0.955289
0.957941
0.960585
0.963222
0.965852
0.968474
0.971089
0.973697
0.976297
0.978890
0.981476
0.984055
0.986626
0.989190
0.991747
0.994297
0.996839
0.999374
1.001903
1.004423
1.006937
1.009444
1.011943
1.014435
1.016920
1.019398
1.021868
1.024332
1.026788
1.029237
1.031679
1.034113
1.036541
1.038961
1.041374
1.043779
1.046178
1.048569
1.050953
1.053330
1.055699
1.058061
1.060416
1.062764
1.065104
1.067437
1.069763
1.072081
1.074393
1.076696
1.078993
1.081282
1.083563
1.085837
1.088104
1.090364
1.092616
1.094860
1.097098
1.099327
1.101550
1.103765
1.105972
1.108172
1.110364
1.112549
1.114727
1.116897
1.119059
1.121214
1.123362
1.125502
1.127634
1.129759
1.131876
1.133986
1.136088
1.138183
1.140270
1.142350
1.144422
1.146486
1.148543
1.150593
1.152635
1.154669
1.156696
1.158715
1.160726
1.162730
1.164727
1.166716
1.168697
1.170671
1.172637
1.174596
1.176547
1.178491
1.180427
1.182356
1.184277
1.186190
1.188097
1.189995
1.191886
1.193770
1.195646
1.197515
1.199377
1.201230
1.203077
1.204916
1.206748
1.208572
1.210389
1.212198
1.214001
1.215795
1.217583
1.219363
1.221136
1.222902
1.224660
1.226411
1.228155
1.229892
1.231621
1.233344
1.235059
1.236767
1.238468
1.240161
1.241848
1.243528
1.245200
1.246866
1.248524
1.250175
1.251820
1.253457
1.255088
1.256711
1.258328
1.259938
1.261541
1.263137
1.264726
1.266309
1.267885
1.269454
1.271016
1.272572
1.274120
1.275663
1.277198
1.278727
1.280250
1.281765
1.283275
1.284777
1.286274
1.287763
1.289247
1.290724
1.292194
1.293658
1.295116
1.296567
1.298013
1.299451
1.300884
1.302310
1.303731
1.305145
1.306552
1.307954
1.309350
1.310739
1.312123
1.313500
1.314872
1.316237
1.317597
1.318951
1.320298
1.321640
1.322976
1.324306
1.325631
1.326949
1.328262
1.329569
1.330871
1.332167
1.333457
1.334742
1.336021
1.337294
1.338562
1.339824
1.341081
1.342333
1.343579
1.344819
1.346055
1.347284
1.348509
1.349728
1.350942
1.352151
1.353354
1.354553
1.355746
1.356934
1.358117
1.359294
1.360467
1.361635
1.362797
1.363955
1.365108
1.366255
1.367398
1.368536
1.369669
1.370797
1.371921
1.373039
1.374153
1.375262
1.376366
1.377466
1.378561
1.379651
1.380737
1.381818
1.382894
1.383966
1.385034
1.386096
1.387155
1.388209
1.389258
1.390303
1.391344
1.392380
1.393412
1.394440
1.395463
1.396481
1.397494
1.398500
1.399494
1.400476
1.401419
1.402247
1.403006
1.403560
1.404541
1.406005
1.407076
1.407913
1.408672
1.409462
1.410326
1.411265
1.412253
1.413262
1.414269
1.415259
1.416227
1.417175
1.418105
1.419024
1.419024
1.419934
1.420840
1.421743
1.422644
1.423544
1.424444
1.425343
1.426241
1.427137
1.428031
1.428923
1.429812
1.430699
1.431582
1.432461
1.433337
1.434208
1.435076
1.435940
1.436800
1.437656
1.438508
1.439357
1.440202
1.441044
1.441883
1.442720
1.443553
1.444383
1.445211
1.446037
1.446860
1.447680
1.448499
1.449315
1.450129
1.450941
1.451751
1.452559
1.453365
1.454169
1.454971
1.455772
1.456570
1.457366
1.458161
1.458953
1.459744
1.460532
1.461319
1.462103
1.462886
1.463667
1.464445
1.465222
1.465996
1.466768
1.467539
1.468307
1.469073
1.469837
1.470598
1.471358
1.472115
1.472870
1.473623
1.474373
1.475122
1.475868
1.476611
1.477353
1.478092
1.478829
1.479563
1.480295
1.481025
1.481753
1.482478
1.483201
1.483922
1.484640
1.485356
1.486069
1.486780
1.487489
1.488196
1.488900
1.489602
1.490302
1.490999
1.491695
1.492387
1.493078
1.493766
1.494452
1.495136
1.495818
1.496497
1.497175
1.497850
1.498523
1.499193
1.499862
1.500529
1.501193
1.501855
1.502515
1.503174
1.503830
1.504484
1.505136
1.505786
1.506434
1.507080
1.507724
1.508367
1.509007
1.509645
1.510282
1.510917
1.511549
1.512181
1.512810
1.513437
1.514063
1.514687
1.515309
1.515930
1.516549
1.517166
1.517781
1.518395
1.519008
1.519618
1.520227
1.520835
1.521441
1.522046
1.522649
1.523250
1.523850
1.524449
1.525046
1.525642
1.526237
1.526830
1.527421
1.528012
1.528601
1.529189
1.529775
1.530361
1.530945
1.531528
1.532110
1.532690
1.533270
1.533848
1.534425
1.535001
1.535576
1.536150
1.536723
1.537295
1.537866
1.538436
1.539005
1.539573
1.540140
1.540706
1.541271
1.541835
1.542399
1.542961
1.543523
1.544084
1.544644
1.545203
1.545762
1.546319
1.546876
1.547432
1.547987
1.548543
1.549093
1.549661
1.550144
1.550884
1.550676
1.552548
1.550983
1.552014
1.552567
1.553439
1.554223
1.554995
1.555498
1.555982
1.556285
1.556726
1.557030
1.557606
1.557909
1.558716
1.558808
1.559975
1.559641
1.560961
1.560695
1.561877
1.561902
1.562961
1.563069
1.564003
1.564087
1.564945
1.565009
1.565869
1.565917
1.566831
1.566847
1.567828
1.567806
1.568829
1.568794
1.569822
1.569804
1.570810
1.570814
1.571791
1.571804
1.572759
1.572769
1.573715
1.573714
1.574667
1.574651
1.575616
1.575588
1.576563
1.576527
1.577507
1.577468
1.578445
1.578407
1.579378
1.579339
1.580305
1.580261
1.581225
1.581175
1.582141
1.582084
1.583052
1.582989
1.583959
1.583892
1.584864
1.584793
1.585765
1.585690
1.586662
1.586584
1.587556
1.587474
1.588446
1.588360
1.589333
1.589243
1.590217
1.590123
1.591098
1.591001
1.591977
1.591876
1.592854
1.592749
1.593728
1.593620
1.594599
1.594488
1.595468
1.595354
1.596335
1.596218
1.597200
1.597079
1.598063
1.597939
1.598923
1.598796
1.599782
1.599652
1.600638
1.600505
1.601492
1.601356
1.602344
1.602206
1.603195
1.603053
1.604043
1.603898
1.604889
1.604741
1.605733
1.605583
1.606575
1.606422
1.607415
1.607259
1.608253
1.608094
1.609088
1.608927
1.609922
1.609759
1.610754
1.610588
1.611584
1.611415
1.612411
1.612240
1.613237
1.613063
1.614060
1.613884
1.614882
1.614703
1.615701
1.615520
1.616518
1.616334
1.617333
1.617147
1.618146
1.617958
1.618957
1.618767
1.619766
1.619573
1.620573
1.620378
1.621377
1.621180
1.622180
1.621981
1.622980
1.622779
1.623778
1.623575
1.624575
1.624370
1.625369
1.625162
1.626161
1.625952
1.626950
1.626740
1.627738
1.627526
1.628524
1.628310
1.629308
1.629092
1.630089
1.629872
1.630868
1.630650
1.631646
1.631426
1.632421
1.632200
1.633194
1.632972
1.633965
1.633742
1.634734
1.634510
1.635501
1.635275
1.636266
1.636039
1.637029
1.636801
1.637790
1.637561
1.638549
1.638319
1.639305
1.639075
1.640060
1.639829
1.640812
1.640581
1.641563
1.641331
1.642312
1.642079
1.643058
1.642825
1.643803
1.643570
1.644545
1.644312
1.645286
1.645053
1.646024
1.645791
1.646761
1.646528
1.647495
1.647262
1.648228
1.647995
1.648959
1.648726
1.649687
1.649455
1.650414
1.650182
1.651139
1.650908
1.651862
1.651631
1.652582
1.652353
1.653301
1.653073
1.654018
1.653791
1.654733
1.654507
1.655446
1.655221
1.656158
1.655934
1.656867
1.656644
1.657574
1.657353
1.658280
1.658060
1.658983
1.658766
1.659685
1.659469
1.660385
1.660171
1.661083
1.660871
1.661779
1.661569
1.662473
1.662266
1.663166
1.662960
1.663856
1.663653
1.664545
1.664345
1.665232
1.665034
1.665917
1.665722
1.666600
1.666408
1.667281
1.667093
1.667961
1.667775
1.668638
1.668456
1.669314
1.669135
1.669989
1.669813
1.670661
1.670489
1.671331
1.671163
1.672000
1.671836
1.672667
1.672507
1.673332
1.673176
1.673996
1.673843
1.674658
1.674509
1.675317
1.675173
1.675976
1.675836
1.676632
1.676497
1.677287
1.677156
1.677156
1.677940
1.677814
1.678591
1.678470
1.679240
1.679124
1.679888
1.679777
1.680534
1.680428
1.681178
1.681077
1.681821
1.681725
1.682461
1.682371
1.683101
1.683016
1.683738
1.683659
1.684374
1.684301
1.685008
1.684940
1.685640
1.685579
1.686271
1.686215
1.686899
1.686850
1.687527
1.687484
1.688152
1.688116
1.688776
1.688746
1.689398
1.689375
1.690018
1.690002
1.690637
1.690628
1.691254
1.691252
1.691870
1.691874
1.692483
1.692495
1.693095
1.693115
1.693706
1.693733
1.694314
1.694349
1.694921
1.694964
1.695526
1.695577
1.696130
1.696189
1.696732
1.696800
1.697332
1.697409
1.697930
1.698016
1.698526
1.698622
1.699121
1.699226
1.699714
1.699829
1.700305
1.700431
1.700894
1.701031
1.701481
1.701630
1.702066
1.702227
1.702649
1.702823
1.703230
1.703417
1.703808
1.704009
1.704383
1.704599
1.704956
1.705186
1.705526
1.705770
1.706094
1.706349
1.706658
1.706924
1.707220
1.707492
1.707779
1.708054
1.708335
1.708610
1.708887
1.709161
1.709435
1.709707
1.709979
1.710249
1.710518
1.710787
1.711055
1.711323
1.711589
1.711856
1.712122
1.712388
1.712654
1.712919
1.713184
1.713450
1.713715
1.713980
1.714245
1.714510
1.714775
1.715040
1.715305
1.715569
1.715834
1.716099
1.716363
1.716627
1.716891
1.717155
1.717419
1.717683
1.717946
1.718210
1.718473
1.718736
1.718999
1.719262
1.719524
1.719787
1.720049
1.720311
1.720573
1.720835
1.721097
1.721358
1.721620
1.721881
1.722142
1.722403
1.722664
1.722925
1.723185
1.723446
1.723706
1.723966
1.724226
1.724486
1.724745
1.725005
1.725264
1.725523
1.725782
1.726041
1.726300
1.726558
1.726817
1.727075
1.727333
1.727591
1.727849
1.728106
1.728364
1.728621
1.728878
1.729135
1.729392
1.729648
1.729904
1.730161
1.730417
1.730672
1.730928
1.731183
1.731438
1.731693
1.731948
1.732203
1.732457
1.732711
1.732965
1.733219
1.733472
1.733725
1.733978
1.734231
1.734484
1.734736
1.734988
1.735240
1.735492
1.735743
1.735994
1.736245
1.736496
1.736746
1.736996
1.737246
1.737496
1.737745
1.737994
1.738243
1.738492
1.738740
1.738988
1.739236
1.739484
1.739731
1.739978
1.740225
1.740472
1.740718
1.740964
1.741210
1.741456
1.741701
1.741946
1.742191
1.742435
1.742680
1.742924
1.743167
1.743411
1.743654
1.743897
1.744140
1.744382
1.744624
1.744866
1.745108
1.745349
1.745591
1.745831
1.746072
1.746312
1.746552
1.746792
1.747032
1.747271
1.747510
1.747749
1.747988
1.748226
1.748464
1.748702
1.748939
1.749177
1.749414
1.749650
1.749887
1.750123
1.750359
1.750595
1.750830
1.751066
1.751301
1.751535
1.751770
1.752004
1.752238
1.752472
1.752705
1.752939
1.753172
1.753404
1.753637
1.753869
1.754101
1.754333
1.754564
1.754796
1.755027
1.755258
1.755488
1.755719
1.755949
1.756178
1.756408
1.756637
1.756867
1.757095
1.757324
1.757553
1.757781
1.758009
1.758236
1.758464
1.758691
1.758918
1.759145
1.759372
1.759598
1.759824
1.760050
1.760275
1.760501
1.760726
1.760951
1.761176
1.761400
1.761625
1.761849
1.762072
1.762296
1.762519
1.762743
1.762965
1.763188
1.763411
1.763633
1.763855
1.764077
1.764298
1.764520
1.764741
1.764962
1.765183
1.765403
1.765623
1.765843
1.766063
1.766283
1.766502
1.766722
1.766941
1.767159
1.767378
1.767596
1.767815
1.768033
1.768250
1.768468
1.768685
1.768902
1.769119
1.769336
1.769552
1.769769
1.769985
1.770201
1.770416
1.770632
1.770847
1.771062
1.771277
1.771491
1.771706
1.771920
1.772134
1.772348
1.772562
1.772775
1.772988
1.773201
1.773414
1.773627
1.773839
1.774052
1.774264
1.774475
1.774687
1.774899
1.775110
1.775321
1.775532
1.775742
1.775953
1.776163
1.776373
1.776583
1.776793
1.777002
1.777212
1.777421
1.777630
1.777838
1.778047
1.778255
1.778464
1.778672
1.778879
1.779087
1.779294
1.779502
1.779709
1.779916
1.780122
1.780329
1.780535
1.780741
1.780947
1.781153
1.781358
1.781564
1.781769
1.781974
1.782179
1.782383
1.782588
1.782792
1.782996
1.783200
1.783404
1.783607
1.783811
1.784014
1.784217
1.784420
1.784623
1.784825
1.785027
1.785229
1.785431
1.785633
1.785835
1.786036
1.786237
1.786438
1.786639
1.786840
1.787041
1.787241
1.787441
1.787641
1.787841
1.788041
1.788240
1.788439
1.788638
1.788837
1.789036
1.789235
1.789433
1.789632
1.789830
1.790028
1.790225
1.790423
1.790620
1.790818
1.791015
1.791212
1.791408
1.791605
1.791801
1.791997
1.792194
1.792389
1.792585
1.792781
1.792976
1.793171
1.793366
1.793561
1.793756
1.793951
1.794145
1.794339
1.794533
1.794727
1.794921
1.795114
1.795308
1.795501
1.795694
1.795887
1.796080
1.796272
1.796465
1.796657
1.796849
1.797041
1.797233
1.797424
1.797616
1.797807
1.797998
1.798189
1.798380
1.798570
1.798761
1.798951
1.799141
1.799331
1.799521
1.799521
1.799711
1.799900
1.800089
1.800279
1.800468
1.800656
1.800845
1.801034
1.801222
1.801410
1.801598
1.801786
1.801974
1.802161
1.802349
1.802536
1.802723
1.802910
1.803097
1.803284
1.803470
1.803656
1.803843
1.804029
1.804214
1.804400
1.804586
1.804771
1.804956
1.805141
1.805326
1.805511
1.805695
1.805880
1.806064
1.806248
1.806432
1.806616
1.806800
1.806983
1.807167
1.807350
1.807533
1.807716
1.807898
1.808081
1.808263
1.808446
1.808628
1.808810
1.808992
1.809173
1.809355
1.809536
1.809717
1.809898
1.810079
1.810260
1.810441
1.810621
1.810801
1.810982
1.811161
1.811341
1.811521
1.811701
1.811880
1.812059
1.812238
1.812417
1.812596
1.812775
1.812953
1.813131
1.813309
1.813487
1.813665
1.813843
1.814021
1.814198
1.814375
1.814552
1.814729
1.814906
1.815083
1.815259
1.815436
1.815612
1.815788
1.815964
1.816140
1.816315
1.816491
1.816666
1.816841
1.817016
1.817191
1.817366
1.817540
1.817715
1.817889
1.818063
1.818237
1.818411
1.818585
1.818758
1.818932
1.819105
1.819278
1.819451
1.819624
1.819796
1.819969
1.820141
1.820313
1.820485
1.820657
1.820829
1.821000
1.821172
1.821343
1.821514
1.821685
1.821856
1.822027
1.822198
1.822368
1.822538
1.822708
1.822878
1.823048
1.823218
1.823387
1.823557
1.823726
1.823895
1.824064
1.824233
1.824402
1.824570
1.824738
1.824907
1.825075
1.825243
1.825410
1.825578
1.825746
1.825913
1.826080
1.826247
1.826414
1.826581
1.826747
1.826914
1.827080
1.827246
1.827412
1.827578
1.827744
1.827910
1.828075
1.828240
1.828405
1.828570
1.828735
1.828900
1.829065
1.829229
1.829393
1.829557
1.829721
1.829885
1.830049
1.830212
1.830376
1.830539
1.830702
1.830865
1.831028
1.831191
1.831353
1.831515
1.831678
1.831840
1.832002
1.832164
1.832325
1.832487
1.832648
1.832809
1.832970
1.833131
1.833292
1.833453
1.833613
1.833774
1.833934
1.834094
1.834254
1.834414
1.834573
1.834733
1.834892
1.835051
1.835210
1.835369
1.835528
1.835686
1.835845
1.836003
1.836161
1.836319
1.836477
1.836635
1.836793
1.836950
1.837107
1.837265
1.837422
1.837579
1.837735
1.837892
1.838048
1.838205
1.838361
1.838517
1.838673
1.838828
1.838984
1.839139
1.839295
1.839450
1.839605
1.839760
1.839914
1.840069
1.840223
1.840378
1.840532
1.840686
1.840840
1.840993
1.841147
1.841300
1.841454
1.841607
1.841760
1.841913
1.842065
1.842218
1.842370
1.842523
1.842675
1.842827
1.842979
1.843130
1.843282
1.843433
1.843584
1.843736
1.843887
1.844037
1.844188
1.844339
1.844489
1.844639
1.844789
1.844939
1.845089
1.845239
1.845388
1.845538
1.845687
1.845836
1.845985
1.846134
1.846283
1.846431
1.846580
1.846728
1.846876
1.847024
1.847172
1.847319
1.847467
1.847614
1.847762
1.847909
1.848056
1.848203
1.848349
1.848496
1.848642
1.848788
1.848935
1.849081
1.849226
1.849372
1.849518
1.849663
1.849808
1.849953
1.850098
1.850243
1.850388
1.850532
1.850677
1.850821
1.850965
1.851109
1.851253
1.851397
1.851540
1.851684
1.851827
1.851970
1.852113
1.852256
1.852399
1.852541
1.852684
1.852826
1.852968
1.853110
1.853252
1.853394
1.853535
1.853677
1.853818
1.853959
1.854100
1.854241
1.854382
1.854522
1.854663
1.854803
1.854943
1.855083
1.855223
1.855363
1.855503
1.855642
1.855781
1.855921
1.856060
1.856198
1.856337
1.856476
1.856614
1.856753
1.856891
1.857029
1.857167
1.857305
1.857442
1.857580
1.857717
1.857854
1.857992
1.858128
1.858265
1.858402
1.858538
1.858675
1.858811
1.858947
1.859083
1.859219
1.859355
1.859490
1.859626
1.859761
1.859896
1.860031
1.860166
1.860301
1.860435
1.860570
1.860704
1.860838
1.860972
1.861106
1.861240
1.861374
1.861507
1.861640
1.861774
1.861907
1.862040
1.862172
1.862305
1.862438
1.862570
1.862702
1.862834
1.862966
1.863098
1.863230
1.863362
1.863493
1.863624
1.863755
1.863886
1.864017
1.864148
1.864279
1.864409
1.864540
1.864670
1.864800
1.864930
1.865060
1.865189
1.865319
1.865448
1.865577
1.865707
1.865836
1.865964
1.866093
1.866222
1.866350
1.866479
1.866607
1.866735
1.866863
1.866991
1.867118
1.867246
1.867373
1.867500
1.867628
1.867755
1.867881
1.868008
1.868135
1.868261
1.868387
1.868514
1.868640
1.868766
1.868891
1.869017
1.869143
1.869268
1.869393
1.869519
1.869644
1.869768
1.869893
1.870018
1.870142
1.870267
1.870391
1.870515
1.870639
1.870763
1.870886
1.871010
1.871133
1.871257
1.871380
1.871503
1.871626
1.871749
1.871871
1.871994
1.872116
1.872239
1.872361
1.872483
1.872605
1.872726
1.872848
1.872970
1.873091
1.873212
1.873333
1.873454
1.873575
1.873696
1.873817
1.873937
1.874058
1.874178
1.874298
1.874418
1.874538
1.874657
1.874777
1.874897
1.875016
1.875135
1.875254
1.875373
1.875492
1.875611
1.875729
1.875848
1.875848
1.875966
1.876085
1.876203
1.876321
1.876438
1.876556
1.876674
1.876791
1.876909
1.877026
1.877143
1.877260
1.877377
1.877494
1.877610
1.877727
1.877843
1.877960
1.878076
1.878192
1.878308
1.878423
1.878539
1.878655
1.878770
1.878885
1.879001
1.879116
1.879231
1.879345
1.879460
1.879575
1.879689
1.879803
1.879918
1.880032
1.880146
1.880260
1.880373
1.880487
1.880601
1.880714
1.880827
1.880940
1.881053
1.881166
1.881279
1.881392
1.881504
1.881617
1.881729
1.881842
1.881954
1.882066
1.882178
1.882289
1.882401
1.882513
1.882624
1.882735
1.882846
1.882958
1.883068
1.883179
1.883290
1.883401
1.883511
1.883622
1.883732
1.883842
1.883952
1.884062
1.884172
1.884282
1.884391
1.884501
1.884610
1.884719
1.884829
1.884938
1.885047
1.885155
1.885264
1.885373
1.885481
1.885590
1.885698
1.885806
1.885914
1.886022
1.886130
1.886238
1.886345
1.886453
1.886560
1.886668
1.886775
1.886882
1.886989
1.887096
1.887203
1.887309
1.887416
1.887522
1.887629
1.887735
1.887841
1.887947
1.888053
1.888159
1.888264
1.888370
1.888476
1.888581
1.888686
1.888791
1.888897
1.889002
1.889106
1.889211
1.889316
1.889420
1.889525
1.889629
1.889734
1.889838
1.889942
1.890046
1.890150
1.890253
1.890357
1.890461
1.890564
1.890667
1.890771
1.890874
1.890977
1.891080
1.891183
1.891286
1.891388
1.891491
1.891593
1.891696
1.891798
1.891900
1.892002
1.892104
1.892206
1.892308
1.892409
1.892511
1.892613
1.892714
1.892815
1.892916
1.893018
1.893119
1.893219
1.893320
1.893421
1.893522
1.893622
1.893723
1.893823
1.893923
1.894023
1.894124
1.894224
1.894323
1.894423
1.894523
1.894623
1.894722
1.894822
1.894921
1.895020
1.895119
1.895218
1.895317
1.895416
1.895515
1.895614
1.895712
1.895811
1.895909
1.896008
1.896106
1.896204
1.896302
1.896400
1.896498
1.896596
1.896694
1.896791
1.896889
1.896986
1.897084
1.897181
1.897278
1.897375
1.897472
1.897569
1.897666
1.897763
1.897860
1.897956
1.898053
1.898149
1.898246
1.898342
1.898438
1.898534
1.898630
1.898726
1.898822
1.898918
1.899014
1.899109
1.899205
1.899300
1.899396
1.899491
1.899586
1.899681
1.899776
1.899871
1.899966
1.900061
1.900156
1.900250
1.900345
1.900439
1.900534
1.900628
1.900723
1.900817
1.900911
1.901005
1.901099
1.901193
1.901286
1.901380
1.901474
1.901567
1.901661
1.901754
1.901848
1.901941
1.902034
1.902127
1.902220
1.902313
1.902406
1.902499
1.902592
1.902684
1.902777
1.902870
1.902962
1.903054
1.903147
1.903239
1.903331
1.903423
1.903515
1.903607
1.903699
1.903791
1.903883
1.903974
1.904066
1.904157
1.904249
1.904340
1.904432
1.904523
1.904614
1.904705
1.904796
1.904887
1.904978
1.905069
1.905160
1.905250
1.905341
1.905432
1.905522
1.905613
1.905703
1.905793
1.905884
1.905974
1.906064
1.906154
1.906244
1.906334
1.906424
1.906513
1.906603
1.906693
1.906782
1.906872
1.906961
1.907051
1.907140
1.907230
1.907319
1.907408
1.907497
1.907586
1.907675
1.907764
1.907853
1.907942
1.908030
1.908119
1.908208
1.908296
1.908385
1.908473
1.908562
1.908650
1.908738
1.908826
1.908915
1.909003
1.909091
1.909179
1.909267
1.909354
1.909442
1.909530
1.909618
1.909705
1.909793
1.909880
1.909968
1.910055
1.910143
1.910230
1.910317
1.910404
1.910492
1.910579
1.910666
1.910753
1.910840
1.910926
1.911013
1.911100
1.911187
1.911273
1.911360
1.911447
1.911533
1.911620
1.911706
1.911792
1.911879
1.911965
1.912051
1.912137
1.912223
1.912309
1.912395
1.912481
1.912567
1.912653
1.912739
1.912825
1.912910
1.912996
1.913082
1.913167
1.913253
1.913338
1.913424
1.913509
1.913594
1.913680
1.913765
1.913850
1.913935
1.914020
1.914106
1.914191
1.914275
1.914360
1.914445
1.914530
1.914615
1.914700
1.914784
1.914869
1.914954
1.915038
1.915123
1.915207
1.915292
1.915376
1.915461
1.915545
1.915629
1.915713
1.915798
1.915882
1.915966
1.916050
1.916134
1.916218
1.916302
1.916386
1.916470
1.916554
1.916638
1.916721
1.916805
1.916889
1.916972
1.917056
1.917140
1.917223
1.917307
1.917390
1.917474
1.917557
1.917640
1.917724
1.917807
1.917890
1.917973
1.918057
1.918140
1.918223
1.918306
1.918389
1.918472
1.918555
1.918638
1.918721
1.918804
1.918887
1.918969
1.919052
1.919135
1.919218
1.919300
1.919383
1.919466
1.919548
1.919631
1.919713
1.919796
1.919878
1.919961
1.920043
1.920125
1.920208
1.920290
1.920372
1.920455
1.920537
1.920619
1.920701
1.920783
1.920865
1.920947
1.921029
1.921112
1.921193
1.921275
1.921357
1.921439
1.921521
1.921603
1.921685
1.921767
1.921848
1.921930
1.922012
1.922094
1.922175
1.922257
1.922339
1.922420
1.922502
1.922583
1.922665
1.922746
1.922828
1.922909
1.922991
1.923072
1.923153
1.923235
1.923316
1.923398
1.923479
1.923479
1.923560
1.923641
1.923723
1.923804
1.923885
1.923966
1.924047
1.924128
1.924209
1.924291
1.924372
1.924453
1.924534
1.924615
1.924696
1.924777
1.924858
1.924938
1.925019
1.925100
1.925181
1.925262
1.925343
1.925424
1.925504
1.925585
1.925666
1.925747
1.925827
1.925908
1.925989
1.926069
1.926150
1.926231
1.926311
1.926392
1.926473
1.926553
1.926634
1.926714
1.926795
1.926875
1.926956
1.927036
1.927117
1.927197
1.927278
1.927358
1.927438
1.927519
1.927599
1.927680
1.927760
1.927840
1.927921
1.928001
1.928081
1.928162
1.928242
1.928322
1.928402
1.928483
1.928563
1.928643
1.928723
1.928804
1.928884
1.928964
1.929044
1.929124
1.929204
1.929285
1.929365
1.929445
1.929525
1.929605
1.929685
1.929765
1.929845
1.929925
1.930005
1.930086
1.930166
1.930246
1.930326
1.930406
1.930486
1.930566
1.930646
1.930726
1.930806
1.930886
1.930966
1.931046
1.931126
1.931205
1.931285
1.931365
1.931445
1.931525
1.931605
1.931685
1.931765
1.931845
1.931925
1.932005
1.932085
1.932164
1.932244
1.932324
1.932404
1.932484
1.932564
1.932644
1.932723
1.932803
1.932883
1.932963
1.933043
1.933123
1.933203
1.933282
1.933362
1.933442
1.933522
1.933602
1.933682
1.933761
1.933841
1.933921
1.934001
1.934081
1.934160
1.934240
1.934320
1.934400
1.934480
1.934559
1.934639
1.934719
1.934799
1.934879
1.934959
1.935038
1.935118
1.935198
1.935278
1.935358
1.935437
1.935517
1.935597
1.935677
1.935757
1.935836
1.935916
1.935996
1.936076
1.936156
1.936236
1.936315
1.936395
1.936475
1.936555
1.936635
1.936715
1.936794
1.936874
1.936954
1.937034
1.937114
1.937194
1.937274
1.937353
1.937433
1.937513
1.937593
1.937674
1.937754
1.937834
1.937915
1.937997
1.938080
1.938164
1.938250
1.938331
1.938386
1.938426
1.938559
1.938599
1.938535
1.938483
1.938510
1.938617
1.938769
1.938927
1.939065
1.939174
1.939257
1.939319
1.939368
1.939410
1.939450
1.939491
1.939535
1.939583
1.939634
1.939689
1.939747
1.939808
1.939872
1.939937
1.940004
1.940072
1.940140
1.940210
1.940280
1.940351
1.940422
1.940493
1.940565
1.940637
1.940709
1.940782
1.940856
1.940929
1.941003
1.941078
1.941152
1.941227
1.941303
1.941378
1.941453
1.941528
1.941603
1.941677
1.941752
1.941826
1.941900
1.941973
1.942046
1.942118
1.942190
1.942261
1.942332
1.942402
1.942472
1.942541
1.942609
1.942677
1.942744
1.942811
1.942878
1.942943
1.943009
1.943073
1.943138
1.943202
1.943265
1.943328
1.943391
1.943453
1.943515
1.943577
1.943638
1.943699
1.943759
1.943820
1.943880
1.943940
1.944000
1.944059
1.944119
1.944178
1.944237
1.944296
1.944355
1.944414
1.944473
1.944531
1.944590
1.944649
1.944707
1.944766
1.944824
1.944883
1.944941
1.945000
1.945059
1.945118
1.945176
1.945235
1.945294
1.945353
1.945412
1.945471
1.945531
1.945590
1.945650
1.945709
1.945769
1.945829
1.945889
1.945949
1.946009
1.946069
1.946130
1.946191
1.946251
1.946312
1.946373
1.946435
1.946496
1.946557
1.946619
1.946681
1.946743
1.946805
1.946867
1.946929
1.946992
1.947054
1.947117
1.947180
1.947243
1.947306
1.947369
1.947432
1.947496
1.947559
1.947623
1.947687
1.947750
1.947814
1.947879
1.947943
1.948007
1.948072
1.948136
1.948201
1.948265
1.948330
1.948395
1.948460
1.948525
1.948590
1.948655
1.948721
1.948786
1.948852
1.948917
1.948983
1.949048
1.949114
1.949180
1.949246
1.949312
1.949377
1.949443
1.949510
1.949576
1.949642
1.949708
1.949774
1.949841
1.949907
1.949973
1.950040
1.950106
1.950173
1.950239
1.950306
1.950372
1.950439
1.950505
1.950572
1.950639
1.950705
1.950772
1.950839
1.950906
1.950972
1.951039
1.951106
1.951173
1.951240
1.951307
1.951373
1.951440
1.951507
1.951574
1.951641
1.951708
1.951775
1.951842
1.951909
1.951975
1.952042
1.952109
1.952176
1.952243
1.952310
1.952377
1.952444
1.952511
1.952578
1.952645
1.952711
1.952778
1.952845
1.952912
1.952979
1.953046
1.953113
1.953179
1.953246
1.953313
1.953380
1.953447
1.953513
1.953580
1.953647
1.953714
1.953780
1.953847
1.953914
1.953980
1.954047
1.954113
1.954180
1.954247
1.954313
1.954380
1.954446
1.954513
1.954579
1.954646
1.954712
1.954779
1.954845
1.954911
1.954978
1.955044
1.955110
1.955177
1.955243
1.955309
1.955375
1.955442
1.955508
1.955574
1.955640
1.955706
1.955772
1.955838
1.955904
1.955970
1.956036
1.956102
1.956168
1.956234
1.956300
1.956366
1.956432
1.956498
1.956563
1.956629
1.956695
1.956761
1.956826
1.956892
1.956958
1.957023
1.957089
1.957154
1.957220
1.957285
1.957351
1.957416
1.957482
1.957547
1.957613
1.957678
1.957743
1.957809
1.957874
1.957939
1.958004
1.958070
1.958135
1.958200
1.958265
1.958330
1.958395
1.958460
1.958526
1.958591
1.958656
1.958721
1.958785
1.958785
1.958850
1.958915
1.958980
1.959045
1.959110
1.959175
1.959240
1.959304
1.959369
1.959434
1.959499
1.959563
1.959628
1.959693
1.959757
1.959822
1.959886
1.959951
1.960016
1.960080
1.960145
1.960209
1.960274
1.960338
1.960402
1.960467
1.960531
1.960596
1.960660
1.960724
1.960789
1.960853
1.960917
1.960982
1.961046
1.961110
1.961174
1.961239
1.961303
1.961367
1.961431
1.961495
1.961559
1.961624
1.961688
1.961752
1.961816
1.961880
1.961944
1.962008
1.962072
1.962136
1.962200
1.962264
1.962328
1.962392
1.962456
1.962520
1.962584
1.962648
1.962712
1.962776
1.962840
1.962904
1.962968
1.963031
1.963095
1.963159
1.963223
1.963287
1.963351
1.963415
1.963478
1.963542
1.963606
1.963670
1.963734
1.963797
1.963861
1.963925
1.963989
1.964053
1.964116
1.964180
1.964244
1.964308
1.964371
1.964435
1.964499
1.964563
1.964626
1.964690
1.964754
1.964818
1.964881
1.964945
1.965009
1.965073
1.965136
1.965200
1.965264
1.965328
1.965391
1.965455
1.965519
1.965583
1.965646
1.965710
1.965774
1.965838
1.965901
1.965965
1.966029
1.966093
1.966156
1.966220
1.966284
1.966348
1.966411
1.966475
1.966539
1.966603
1.966667
1.966730
1.966794
1.966858
1.966922
1.966986
1.967050
1.967113
1.967177
1.967241
1.967305
1.967369
1.967433
1.967497
1.967561
1.967625
1.967689
1.967752
1.967816
1.967880
1.967944
1.968008
1.968072
1.968136
1.968200
1.968264
1.968328
1.968392
1.968456
1.968520
1.968585
1.968649
1.968713
1.968777
1.968841
1.968905
1.968969
1.969033
1.969098
1.969162
1.969226
1.969290
1.969354
1.969419
1.969483
1.969547
1.969612
1.969676
1.969740
1.969804
1.969869
1.969933
1.969998
1.970062
1.970126
1.970191
1.970255
1.970320
1.970384
1.970449
1.970513
1.970578
1.970642
1.970707
1.970772
1.970836
1.970901
1.970965
1.971030
1.971095
1.971159
1.971224
1.971289
1.971354
1.971418
1.971483
1.971548
1.971613
1.971678
1.971743
1.971807
1.971872
1.971937
1.972002
1.972067
1.972132
1.972197
1.972262
1.972327
1.972392
1.972458
1.972523
1.972588
1.972653
1.972718
1.972783
1.972849
1.972914
1.972979
1.973044
1.973110
1.973175
1.973240
1.973306
1.973371
1.973437
1.973502
1.973568
1.973633
1.973699
1.973764
1.973830
1.973895
1.973961
1.974027
1.974092
1.974158
1.974224
1.974289
1.974355
1.974421
1.974487
1.974553
1.974618
1.974684
1.974750
1.974816
1.974882
1.974948
1.975014
1.975080
1.975146
1.975212
1.975278
1.975344
1.975411
1.975477
1.975543
1.975609
1.975675
1.975742
1.975808
1.975874
1.975941
1.976007
1.976073
1.976140
1.976206
1.976273
1.976339
1.976406
1.976472
1.976539
1.976606
1.976672
1.976739
1.976806
1.976872
1.976939
1.977006
1.977073
1.977139
1.977206
1.977273
1.977340
1.977407
1.977474
1.977541
1.977608
1.977675
1.977742
1.977809
1.977876
1.977943
1.978010
1.978078
1.978145
1.978212
1.978279
1.978347
1.978414
1.978481
1.978549
1.978616
1.978683
1.978751
1.978818
1.978886
1.978953
1.979021
1.979088
1.979156
1.979224
1.979291
1.979359
1.979427
1.979494
1.979562
1.979630
1.979698
1.979765
1.979833
1.979901
1.979969
1.980037
1.980105
1.980173
1.980241
1.980309
1.980377
1.980445
1.980513
1.980581
1.980650
1.980718
1.980786
1.980854
1.980922
1.980991
1.981059
1.981127
1.981196
1.981264
1.981332
1.981401
1.981469
1.981538
1.981606
1.981675
1.981743
1.981812
1.981881
1.981949
1.982018
1.982087
1.982155
1.982224
1.982293
1.982362
1.982430
1.982499
1.982568
1.982637
1.982706
1.982775
1.982844
1.982913
1.982982
1.983051
1.983120
1.983189
1.983258
1.983327
1.983396
1.983465
1.983534
1.983604
1.983673
1.983742
1.983811
1.983881
1.983950
1.984019
1.984089
1.984158
1.984228
1.984297
1.984366
1.984436
1.984505
1.984575
1.984644
1.984714
1.984784
1.984853
1.984923
1.984992
1.985062
1.985132
1.985202
1.985271
1.985341
1.985411
1.985481
1.985550
1.985620
1.985690
1.985760
1.985830
1.985900
1.985970
1.986040
1.986110
1.986180
1.986250
1.986320
1.986390
1.986460
1.986530
1.986600
1.986670
1.986740
1.986811
1.986881
1.986951
1.987021
1.987091
1.987162
1.987232
1.987302
1.987373
1.987443
1.987513
1.987584
1.987654
1.987725
1.987795
1.987865
1.987936
1.988006
1.988077
1.988147
1.988218
1.988289
1.988359
1.988430
1.988500
1.988571
1.988642
1.988712
1.988783
1.988854
1.988924
1.988995
1.989066
1.989137
1.989207
1.989278
1.989349
1.989420
1.989491
1.989561
1.989632
1.989703
1.989774
1.989845
1.989916
1.989987
1.990058
1.990129
1.990200
1.990271
1.990342
1.990413
1.990484
1.990555
1.990626
1.990697
1.990768
1.990839
1.990910
1.990981
1.991052
1.991124
1.991195
1.991266
1.991337
1.991408
1.991480
1.991551
1.991622
1.991693
1.991765
1.991836
1.991907
1.991978
1.992050
1.992050
1.992121
1.992192
1.992264
1.992335
1.992406
1.992478
1.992549
1.992621
1.992692
1.992763
1.992835
1.992906
1.992978
1.993049
1.993121
1.993192
1.993264
1.993335
1.993407
1.993478
1.993550
1.993621
1.993693
1.993764
1.993836
1.993907
1.993979
1.994050
1.994122
1.994194
1.994265
1.994337
1.994408
1.994480
1.994552
1.994623
1.994695
1.994767
1.994838
1.994910
1.994982
1.995053
1.995125
1.995197
1.995268
1.995340
1.995412
1.995483
1.995555
1.995627
1.995699
1.995770
1.995842
1.995914
1.995986
1.996057
1.996129
1.996201
1.996273
1.996344
1.996416
1.996488
1.996560
1.996631
1.996703
1.996775
1.996847
1.996919
1.996990
1.997062
1.997134
1.997206
1.997278
1.997350
1.997421
1.997493
1.997565
1.997637
1.997709
1.997780
1.997852
1.997924
1.997996
1.998068
1.998140
1.998211
1.998283
1.998355
1.998427
1.998499
1.998571
1.998643
1.998714
1.998786
1.998858
1.998930
1.999002
1.999074
1.999145
1.999217
1.999289
1.999361
1.999433
1.999505
1.999577
1.999648
1.999720
1.999792
1.999864
1.999936
2.000008
2.000079
2.000151
2.000223
2.000295
2.000367
2.000439
2.000510
2.000582
2.000654
2.000726
2.000798
2.000869
2.000941
2.001013
2.001085
2.001157
2.001228
2.001300
2.001372
2.001444
2.001516
2.001587
2.001659
2.001731
2.001803
2.001874
2.001946
2.002018
2.002090
2.002161
2.002233
2.002305
2.002377
2.002448
2.002520
2.002592
2.002663
2.002735
2.002807
2.002879
2.002950
2.003022
2.003094
2.003165
2.003237
2.003309
2.003380
2.003452
2.003524
2.003595
2.003667
2.003738
2.003810
2.003882
2.003953
2.004025
2.004096
2.004168
2.004239
2.004311
2.004383
2.004454
2.004526
2.004597
2.004669
2.004740
2.004812
2.004883
2.004955
2.005026
2.005098
2.005169
2.005240
2.005312
2.005383
2.005455
2.005526
2.005598
2.005669
2.005740
2.005812
2.005883
2.005954
2.006026
2.006097
2.006168
2.006240
2.006311
2.006382
2.006454
2.006525
2.006596
2.006667
2.006739
2.006810
2.006881
2.006952
2.007023
2.007095
2.007166
2.007237
2.007308
2.007379
2.007450
2.007521
2.007593
2.007664
2.007735
2.007806
2.007877
2.007948
2.008019
2.008090
2.008161
2.008232
2.008303
2.008374
2.008445
2.008516
2.008587
2.008658
2.008728
2.008799
2.008870
2.008941
2.009012
2.009083
2.009154
2.009224
2.009295
2.009366
2.009437
2.009507
2.009578
2.009649
2.009720
2.009790
2.009861
2.009932
2.010002
2.010073
2.010143
2.010214
2.010285
2.010355
2.010426
2.010496
2.010567
2.010637
2.010708
2.010778
2.010849
2.010919
2.010990
2.011060
2.011130
2.011201
2.011271
2.011342
2.011412
2.011482
2.011553
2.011623
2.011693
2.011763
2.011834
2.011904
2.011974
2.012044
2.012114
2.012184
2.012255
2.012325
2.012395
2.012465
2.012535
2.012605
2.012675
2.012745
2.012815
2.012885
2.012955
2.013025
2.013095
2.013165
2.013235
2.013305
2.013374
2.013444
2.013514
2.013584
2.013654
2.013723
2.013793
2.013863
2.013932
2.014002
2.014072
2.014141
2.014211
2.014281
2.014350
2.014420
2.014489
2.014559
2.014628
2.014698
2.014767
2.014837
2.014906
2.014976
2.015045
2.015114
2.015184
2.015253
2.015322
2.015392
2.015461
2.015530
2.015600
2.015669
2.015738
2.015807
2.015876
2.015945
2.016014
2.016084
2.016153
2.016222
2.016291
2.016360
2.016429
2.016498
2.016567
2.016636
2.016704
2.016773
2.016842
2.016911
2.016980
2.017049
2.017117
2.017186
2.017255
2.017324
2.017392
2.017461
2.017530
2.017598
2.017667
2.017735
2.017804
2.017872
2.017941
2.018009
2.018078
2.018146
2.018215
2.018283
2.018351
2.018420
2.018488
2.018556
2.018625
2.018693
2.018761
2.018829
2.018898
2.018966
2.019034
2.019102
2.019170
2.019238
2.019306
2.019374
2.019442
2.019510
2.019578
2.019646
2.019714
2.019782
2.019850
2.019918
2.019985
2.020053
2.020121
2.020189
2.020256
2.020324
2.020392
2.020459
2.020527
2.020595
2.020662
2.020730
2.020797
2.020865
2.020932
2.021000
2.021067
2.021135
2.021202
2.021269
2.021337
2.021404
2.021471
2.021538
2.021606
2.021673
2.021740
2.021807
2.021874
2.021941
2.022008
2.022075
2.022142
2.022209
2.022276
2.022343
2.022410
2.022477
2.022544
2.022611
2.022678
2.022745
2.022811
2.022878
2.022945
2.023011
2.023078
2.023145
2.023211
2.023278
2.023344
2.023411
2.023478
2.023544
2.023610
2.023677
2.023743
2.023810
2.023876
2.023942
2.024009
2.024075
2.024141
2.024207
2.024274
2.024340
2.024406
2.024472
2.024538
2.024604
2.024670
2.024736
2.024802
2.024868
2.024934
2.025000
2.025066
2.025131
2.025197
2.025263
2.025329
2.025395
2.025460
2.025526
2.025592
2.025657
2.025723
2.025788
2.025854
2.025919
2.025985
2.026050
2.026116
2.026181
2.026246
2.026312
2.026377
2.026442
2.026508
2.026573
2.026638
2.026703
2.026768
2.026833
2.026898
2.026898
2.026964
2.027029
2.027094
2.027159
2.027223
2.027288
2.027353
2.027418
2.027483
2.027548
2.027613
2.027677
2.027742
2.027807
2.027871
2.027936
2.028001
2.028065
2.028130
2.028194
2.028259
2.028323
2.028387
2.028452
2.028516
2.028581
2.028645
2.028709
2.028773
2.028838
2.028902
2.028966
2.029030
2.029094
2.029158
2.029222
2.029286
2.029350
2.029414
2.029478
2.029542
2.029606
2.029670
2.029734
2.029797
2.029861
2.029925
2.029988
2.030052
2.030116
2.030179
2.030243
2.030306
2.030370
2.030433
2.030497
2.030560
2.030624
2.030687
2.030750
2.030814
2.030877
2.030940
2.031003
2.031066
2.031130
2.031193
2.031256
2.031319
2.031382
2.031445
2.031508
2.031571
2.031634
2.031696
2.031759
2.031822
2.031885
2.031948
2.032010
2.032073
2.032136
2.032198
2.032261
2.032323
2.032386
2.032448
2.032511
2.032573
2.032636
2.032698
2.032760
2.032823
2.032885
2.032947
2.033009
2.033072
2.033134
2.033196
2.033258
2.033320
2.033382
2.033444
2.033506
2.033568
2.033630
2.033692
2.033753
2.033815
2.033877
2.033939
2.034000
2.034062
2.034124
2.034185
2.034247
2.034309
2.034370
2.034432
2.034493
2.034554
2.034616
2.034677
2.034739
2.034800
2.034861
2.034922
2.034983
2.035045
2.035106
2.035167
2.035228
2.035289
2.035350
2.035411
2.035472
2.035533
2.035594
2.035655
2.035715
2.035776
2.035837
2.035898
2.035958
2.036019
2.036080
2.036140
2.036201
2.036261
2.036322
2.036382
2.036443
2.036503
2.036563
2.036624
2.036684
2.036744
2.036804
2.036865
2.036925
2.036985
2.037045
2.037105
2.037165
2.037225
2.037285
2.037345
2.037405
2.037465
2.037525
2.037584
2.037644
2.037704
2.037764
2.037823
2.037883
2.037943
2.038002
2.038062
2.038121
2.038181
2.038240
2.038300
2.038359
2.038418
2.038478
2.038537
2.038596
2.038655
2.038714
2.038774
2.038833
2.038892
2.038951
2.039010
2.039069
2.039128
2.039187
2.039246
2.039304
2.039363
2.039422
2.039481
2.039539
2.039598
2.039657
2.039715
2.039774
2.039832
2.039891
2.039949
2.040008
2.040066
2.040125
2.040183
2.040241
2.040300
2.040358
2.040416
2.040474
2.040532
2.040590
2.040649
2.040707
2.040765
2.040823
2.040880
2.040938
2.040996
2.041054
2.041112
2.041170
2.041227
2.041285
2.041343
2.041400
2.041458
2.041516
2.041573
2.041631
2.041688
2.041745
2.041803
2.041860
2.041918
2.041975
2.042032
2.042089
2.042147
2.042204
2.042261
2.042318
2.042375
2.042432
2.042489
2.042546
2.042603
2.042660
2.042717
2.042773
2.042830
2.042887
2.042944
2.043000
2.043057
2.043114
2.043170
2.043227
2.043283
2.043340
2.043396
2.043453
2.043509
2.043565
2.043622
2.043678
2.043734
2.043790
2.043847
2.043903
2.043959
2.044015
2.044071
2.044127
2.044183
2.044239
2.044295
2.044351
2.044406
2.044462
2.044518
2.044574
2.044629
2.044685
2.044741
2.044796
2.044852
2.044907
2.044963
2.045018
2.045074
2.045129
2.045184
2.045240
2.045295
2.045350
2.045406
2.045461
2.045516
2.045571
2.045626
2.045681
2.045736
2.045791
2.045846
2.045901
2.045956
2.046011
2.046065
2.046120
2.046175
2.046230
2.046284
2.046339
2.046394
2.046448
2.046503
2.046557
2.046612
2.046666
2.046720
2.046775
2.046829
2.046883
2.046938
2.046992
2.047046
2.047100
2.047154
2.047208
2.047262
2.047316
2.047370
2.047424
2.047478
2.047532
2.047586
2.047640
2.047694
2.047747
2.047801
2.047855
2.047908
2.047962
2.048016
2.048069
2.048123
2.048176
2.048229
2.048283
2.048336
2.048390
2.048443
2.048496
2.048549
2.048603
2.048656
2.048709
2.048762
2.048815
2.048868
2.048921
2.048974
2.049027
2.049080
2.049133
2.049185
2.049238
2.049291
2.049344
2.049396
2.049449
2.049502
2.049554
2.049607
2.049659
2.049712
2.049764
2.049816
2.049869
2.049921
2.049973
2.050026
2.050078
2.050130
2.050182
2.050234
2.050287
2.050339
2.050391
2.050443
2.050495
2.050547
2.050598
2.050650
2.050702
2.050754
2.050806
2.050857
2.050909
2.050961
2.051012
2.051064
2.051116
2.051167
2.051219
2.051270
2.051321
2.051373
2.051424
2.051475
2.051527
2.051578
2.051629
2.051680
2.051732
2.051783
2.051834
2.051885
2.051936
2.051987
2.052038
2.052089
2.052139
2.052190
2.052241
2.052292
2.052343
2.052393
2.052444
2.052495
2.052545
2.052596
2.052646
2.052697
2.052747
2.052798
2.052848
2.052899
2.052949
2.052999
2.053049
2.053100
2.053150
2.053200
2.053250
2.053300
2.053350
2.053400
2.053450
2.053500
2.053550
2.053600
2.053650
2.053700
2.053750
2.053799
2.053849
2.053899
2.053949
2.053998
2.054048
2.054097
2.054147
2.054196
2.054246
2.054295
2.054345
2.054394
2.054443
2.054493
2.054542
2.054591
2.054640
2.054690
2.054739
2.054788
2.054837
2.054886
2.054935
2.054984
2.055033
2.055082
2.055131
2.055179
2.055228
2.055277
2.055326
2.055374
2.055374
2.055423
2.055472
2.055520
2.055569
2.055617
2.055666
2.055714
2.055763
2.055811
2.055860
2.055908
2.055956
2.056005
2.056053
2.056101
2.056149
2.056197
2.056245
2.056294
2.056342
2.056390
2.056438
2.056486
2.056533
2.056581
2.056629
2.056677
2.056725
2.056773
2.056820
2.056868
2.056916
2.056963
2.057011
2.057058
2.057106
2.057154
2.057201
2.057248
2.057296
2.057343
2.057391
2.057438
2.057485
2.057532
2.057580
2.057627
2.057674
2.057721
2.057768
2.057815
2.057862
2.057909
2.057956
2.058003
2.058050
2.058097
2.058144
2.058190
2.058237
2.058284
2.058331
2.058377
2.058424
2.058471
2.058517
2.058564
2.058610
2.058657
2.058703
2.058750
2.058796
2.058842
2.058889
2.058935
2.058981
2.059027
2.059074
2.059120
2.059166
2.059212
2.059258
2.059304
2.059350
2.059396
2.059442
2.059488
2.059534
2.059580
2.059626
2.059671
2.059717
2.059763
2.059808
2.059854
2.059900
2.059945
2.059991
2.060037
2.060082
2.060128
2.060173
2.060218
2.060264
2.060309
2.060355
2.060400
2.060445
2.060490
2.060536
2.060581
2.060626
2.060671
2.060716
2.060761
2.060806
2.060851
2.060896
2.060941
2.060986
2.061031
2.061076
2.061121
2.061165
2.061210
2.061255
2.061299
2.061344
2.061389
2.061433
2.061478
2.061523
2.061567
2.061612
2.061656
2.061700
2.061745
2.061789
2.061834
2.061878
2.061922
2.061966
2.062011
2.062055
2.062099
2.062143
2.062187
2.062231
2.062275
2.062319
2.062363
2.062407
2.062451
2.062495
2.062539
2.062583
2.062627
2.062670
2.062714
2.062758
2.062802
2.062845
2.062889
2.062932
2.062976
2.063020
2.063063
2.063107
2.063150
2.063193
2.063237
2.063280
2.063324
2.063367
2.063410
2.063454
2.063497
2.063540
2.063583
2.063626
2.063669
2.063713
2.063756
2.063799
2.063842
2.063885
2.063928
2.063970
2.064013
2.064056
2.064099
2.064142
2.064185
2.064227
2.064270
2.064313
2.064356
2.064398
2.064441
2.064483
2.064526
2.064568
2.064611
2.064653
2.064696
2.064738
2.064781
2.064823
2.064865
2.064908
2.064950
2.064992
2.065035
2.065077
2.065119
2.065161
2.065203
2.065245
2.065287
2.065329
2.065371
2.065413
2.065455
2.065497
2.065539
2.065581
2.065623
2.065665
2.065707
2.065748
2.065790
2.065832
2.065874
2.065915
2.065957
2.065999
2.066040
2.066082
2.066123
2.066165
2.066206
2.066248
2.066289
2.066331
2.066372
2.066413
2.066455
2.066496
2.066537
2.066578
2.066620
2.066661
2.066702
2.066743
2.066784
2.066825
2.066866
2.066908
2.066949
2.066990
2.067030
2.067071
2.067112
2.067153
2.067194
2.067235
2.067276
2.067317
2.067357
2.067398
2.067439
2.067479
2.067520
2.067561
2.067601
2.067642
2.067683
2.067723
2.067764
2.067804
2.067845
2.067885
2.067925
2.067966
2.068006
2.068047
2.068087
2.068127
2.068167
2.068208
2.068248
2.068288
2.068328
2.068368
2.068409
2.068449
2.068489
2.068529
2.068569
2.068609
2.068649
2.068689
2.068729
2.068769
2.068809
2.068848
2.068888
2.068928
2.068968
2.069008
2.069047
2.069087
2.069127
2.069166
2.069206
2.069246
2.069285
2.069325
2.069365
2.069404
2.069444
2.069483
2.069523
2.069562
2.069601
2.069641
2.069680
2.069720
2.069759
2.069798
2.069837
2.069877
2.069916
2.069955
2.069994
2.070034
2.070073
2.070112
2.070151
2.070190
2.070229
2.070268
2.070307
2.070346
2.070385
2.070424
2.070463
2.070502
2.070541
2.070580
2.070619
2.070657
2.070696
2.070735
2.070774
2.070812
2.070851
2.070890
2.070929
2.070967
2.071006
2.071044
2.071083
2.071122
2.071160
2.071199
2.071237
2.071276
2.071314
2.071352
2.071391
2.071429
2.071468
2.071506
2.071544
2.071583
2.071621
2.071659
2.071698
2.071736
2.071774
2.071812
2.071850
2.071888
2.071927
2.071965
2.072003
2.072041
2.072079
2.072117
2.072155
2.072193
2.072231
2.072269
2.072307
2.072345
2.072383
2.072420
2.072458
2.072496
2.072534
2.072572
2.072610
2.072647
2.072685
2.072723
2.072760
2.072798
2.072836
2.072873
2.072911
2.072949
2.072986
2.073024
2.073061
2.073099
2.073136
2.073174
2.073211
2.073249
2.073286
2.073324
2.073361
2.073398
2.073436
2.073473
2.073510
2.073548
2.073585
2.073622
2.073660
2.073697
2.073734
2.073771
2.073808
2.073845
2.073883
2.073920
2.073957
2.073994
2.074031
2.074068
2.074105
2.074142
2.074179
2.074216
2.074253
2.074290
2.074327
2.074364
2.074401
2.074438
2.074475
2.074511
2.074548
2.074585
2.074622
2.074659
2.074695
2.074732
2.074769
2.074806
2.074842
2.074879
2.074916
2.074952
2.074989
2.075025
2.075062
2.075099
2.075135
2.075172
2.075208
2.075245
2.075281
2.075318
2.075354
2.075391
2.075427
2.075464
2.075500
2.075536
2.075573
2.075609
2.075645
2.075682
2.075718
2.075754
2.075791
2.075827
2.075863
2.075899
2.075936
2.075972
2.076008
2.076044
2.076080
2.076116
2.076153
2.076153
2.076189
2.076225
2.076261
2.076297
2.076333
2.076369
2.076405
2.076441
2.076477
2.076513
2.076549
2.076585
2.076621
2.076657
2.076693
2.076729
2.076765
2.076801
2.076836
2.076872
2.076908
2.076944
2.076980
2.077016
2.077051
2.077087
2.077123
2.077159
2.077194
2.077230
2.077266
2.077301
2.077337
2.077373
2.077408
2.077444
2.077480
2.077515
2.077551
2.077586
2.077622
2.077658
2.077693
2.077729
2.077764
2.077800
2.077835
2.077871
2.077906
2.077942
2.077977
2.078012
2.078048
2.078083
2.078119
2.078154
2.078190
2.078225
2.078260
2.078296
2.078331
2.078366
2.078402
2.078437
2.078472
2.078507
2.078543
2.078578
2.078613
2.078648
2.078684
2.078719
2.078754
2.078789
2.078824
2.078860
2.078895
2.078930
2.078965
2.079000
2.079035
2.079070
2.079105
2.079141
2.079176
2.079211
2.079246
2.079281
2.079316
2.079351
2.079386
2.079421
2.079456
2.079491
2.079526
2.079561
2.079596
2.079631
2.079666
2.079701
2.079735
2.079770
2.079805
2.079840
2.079875
2.079910
2.079945
2.079980
2.080014
2.080049
2.080084
2.080119
2.080154
2.080189
2.080223
2.080258
2.080293
2.080328
2.080362
2.080397
2.080432
2.080467
2.080501
2.080536
2.080571
2.080606
2.080640
2.080675
2.080710
2.080744
2.080779
2.080814
2.080848
2.080883
2.080918
2.080952
2.080987
2.081022
2.081056
2.081091
2.081125
2.081160
2.081195
2.081229
2.081264
2.081298
2.081333
2.081367
2.081402
2.081436
2.081471
2.081506
2.081540
2.081575
2.081609
2.081644
2.081678
2.081713
2.081747
2.081782
2.081816
2.081851
2.081885
2.081919
2.081954
2.081988
2.082023
2.082057
2.082092
2.082126
2.082161
2.082195
2.082229
2.082264
2.082298
2.082333
2.082367
2.082401
2.082436
2.082470
2.082505
2.082539
2.082573
2.082608
2.082642
2.082677
2.082711
2.082745
2.082780
2.082814
2.082848
2.082883
2.082917
2.082951
2.082986
2.083020
2.083054
2.083089
2.083123
2.083157
2.083192
2.083226
2.083260
2.083295
2.083329
2.083363
2.083398
2.083432
2.083466
2.083500
2.083535
2.083569
2.083603
2.083638
2.083672
2.083706
2.083741
2.083775
2.083809
2.083843
2.083878
2.083912
2.083946
2.083981
2.084015
2.084049
2.084083
2.084118
2.084152
2.084186
2.084220
2.084255
2.084289
2.084323
2.084358
2.084392
2.084426
2.084460
2.084495
2.084529
2.084563
2.084598
2.084632
2.084666
2.084700
2.084735
2.084769
2.084803
2.084838
2.084872
2.084906
2.084941
2.084975
2.085009
2.085043
2.085078
2.085112
2.085146
2.085181
2.085215
2.085249
2.085284
2.085318
2.085352
2.085387
2.085421
2.085455
2.085490
2.085524
2.085558
2.085593
2.085627
2.085661
2.085696
2.085730
2.085764
2.085799
2.085833
2.085868
2.085902
2.085936
2.085971
2.086005
2.086039
2.086074
2.086108
2.086143
2.086177
2.086212
2.086246
2.086280
2.086315
2.086349
2.086384
2.086418
2.086453
2.086487
2.086522
2.086556
2.086591
2.086625
2.086660
2.086694
2.086729
2.086763
2.086798
2.086832
2.086867
2.086901
2.086936
2.086971
2.087005
2.087040
2.087074
2.087109
2.087143
2.087178
2.087213
2.087247
2.087282
2.087317
2.087351
2.087386
2.087421
2.087455
2.087490
2.087525
2.087560
2.087594
2.087629
2.087664
2.087699
2.087733
2.087768
2.087803
2.087838
2.087872
2.087907
2.087942
2.087977
2.088012
2.088047
2.088082
2.088117
2.088151
2.088186
2.088221
2.088256
2.088291
2.088326
2.088361
2.088396
2.088431
2.088466
2.088501
2.088536
2.088571
2.088606
2.088641
2.088677
2.088712
2.088747
2.088782
2.088817
2.088852
2.088888
2.088923
2.088958
2.088993
2.089028
2.089064
2.089099
2.089134
2.089170
2.089205
2.089240
2.089276
2.089311
2.089346
2.089382
2.089417
2.089453
2.089488
2.089524
2.089559
2.089595
2.089630
2.089666
2.089701
2.089737
2.089773
2.089808
2.089844
2.089880
2.089915
2.089951
2.089987
2.090023
2.090058
2.090094
2.090130
2.090166
2.090202
2.090238
2.090273
2.090309
2.090345
2.090381
2.090417
2.090453
2.090489
2.090525
2.090561
2.090598
2.090634
2.090670
2.090706
2.090742
2.090778
2.090815
2.090851
2.090887
2.090924
2.090960
2.090996
2.091033
2.091069
2.091106
2.091142
2.091179
2.091215
2.091252
2.091288
2.091325
2.091361
2.091398
2.091435
2.091471
2.091508
2.091545
2.091582
2.091619
2.091655
2.091692
2.091729
2.091766
2.091803
2.091840
2.091877
2.091914
2.091951
2.091988
2.092025
2.092063
2.092100
2.092137
2.092174
2.092212
2.092249
2.092286
2.092324
2.092361
2.092399
2.092436
2.092474
2.092511
2.092549
2.092586
2.092624
2.092662
2.092699
2.092737
2.092775
2.092813
2.092850
2.092888
2.092926
2.092964
2.093002
2.093040
2.093078
2.093116
2.093154
2.093193
2.093231
2.093270
2.093306
2.093348
2.093379
2.093431
2.093444
2.093532
2.093471
2.093698
2.093368
2.093970
2.093133
2.093852
2.093198
2.093198
2.093752
2.093359
2.093811
2.093482
2.093829
2.093546
2.093832
2.093593
2.093851
2.093639
2.093885
2.093684
2.093926
2.093727
2.093971
2.093775
2.094023
2.093831
2.094085
2.093897
2.094155
2.093971
2.094230
2.094049
2.094306
2.094127
2.094379
2.094202
2.094446
2.094272
2.094507
2.094335
2.094562
2.094393
2.094612
2.094446
2.094657
2.094496
2.094701
2.094544
2.094743
2.094591
2.094786
2.094640
2.094831
2.094689
2.094878
2.094740
2.094927
2.094794
2.094979
2.094850
2.095034
2.094909
2.095092
2.094970
2.095152
2.095033
2.095215
2.095097
2.095279
2.095164
2.095345
2.095232
2.095412
2.095300
2.095481
2.095370
2.095550
2.095441
2.095620
2.095511
2.095690
2.095583
2.095761
2.095654
2.095832
2.095726
2.095902
2.095797
2.095973
2.095868
2.096043
2.095940
2.096114
2.096010
2.096183
2.096081
2.096253
2.096151
2.096322
2.096221
2.096390
2.096290
2.096458
2.096359
2.096526
2.096427
2.096593
2.096495
2.096660
2.096563
2.096726
2.096629
2.096792
2.096696
2.096857
2.096762
2.096922
2.096827
2.096986
2.096893
2.097051
2.096957
2.097114
2.097021
2.097178
2.097085
2.097241
2.097149
2.097303
2.097212
2.097366
2.097275
2.097428
2.097337
2.097489
2.097400
2.097551
2.097461
2.097612
2.097523
2.097673
2.097585
2.097734
2.097646
2.097794
2.097707
2.097855
2.097768
2.097915
2.097828
2.097975
2.097889
2.098035
2.097949
2.098095
2.098010
2.098154
2.098070
2.098214
2.098130
2.098273
2.098190
2.098332
2.098250
2.098392
2.098310
2.098451
2.098369
2.098510
2.098429
2.098569
2.098488
2.098628
2.098548
2.098686
2.098607
2.098745
2.098667
2.098804
2.098726
2.098863
2.098786
2.098921
2.098845
2.098980
2.098904
2.099038
2.098963
2.099097
2.099022
2.099156
2.099082
2.099214
2.099141
2.099272
2.099200
2.099331
2.099259
2.099389
2.099318
2.099448
2.099377
2.099506
2.099436
2.099565
2.099495
2.099623
2.099554
2.099682
2.099613
2.099740
2.099672
2.099799
2.099731
2.099857
2.099791
2.099915
2.099850
2.099974
2.099909
2.100032
2.099968
2.100091
2.100027
2.100149
2.100086
2.100208
2.100145
2.100266
2.100204
2.100325
2.100263
2.100383
2.100322
2.100442
2.100381
2.100500
2.100440
2.100559
2.100500
2.100618
2.100559
2.100676
2.100618
2.100735
2.100677
2.100793
2.100736
2.100852
2.100795
2.100910
2.100855
2.100969
2.100914
2.101028
2.100973
2.101086
2.101032
2.101145
2.101091
2.101204
2.101151
2.101262
2.101210
2.101321
2.101269
2.101379
2.101328
2.101438
2.101388
2.101497
2.101447
2.101555
2.101506
2.101614
2.101565
2.101673
2.101625
2.101731
2.101684
2.101790
2.101743
2.101849
2.101803
2.101907
2.101862
2.101966
2.101921
2.102025
2.101980
2.102084
2.102040
2.102142
2.102099
2.102201
2.102158
2.102260
2.102217
2.102318
2.102277
2.102377
2.102336
2.102436
2.102395
2.102494
2.102454
2.102553
2.102514
2.102612
2.102573
2.102670
2.102632
2.102729
2.102692
2.102788
2.102751
2.102846
2.102810
2.102905
2.102869
2.102964
2.102928
2.103022
2.102988
2.103081
2.103047
2.103139
2.103106
2.103198
2.103165
2.103257
2.103224
2.103315
2.103284
2.103374
2.103343
2.103432
2.103402
2.103491
2.103461
2.103549
2.103520
2.103608
2.103579
2.103667
2.103638
2.103725
2.103697
2.103784
2.103756
2.103842
2.103816
2.103901
2.103875
2.103959
2.103934
2.104017
2.103993
2.104076
2.104052
2.104134
2.104111
2.104193
2.104170
2.104251
2.104229
2.104309
2.104287
2.104368
2.104346
2.104426
2.104405
2.104485
2.104464
2.104543
2.104523
2.104601
2.104582
2.104659
2.104641
2.104718
2.104700
2.104776
2.104758
2.104834
2.104817
2.104892
2.104876
2.104951
2.104935
2.105009
2.104993
2.105067
2.105052
2.105125
2.105111
2.105183
2.105170
2.105241
2.105228
2.105299
2.105287
2.105358
2.105346
2.105416
2.105404
2.105474
2.105463
2.105532
2.105521
2.105590
2.105580
2.105648
2.105638
2.105706
2.105697
2.105763
2.105755
2.105821
2.105814
2.105879
2.105872
2.105937
2.105931
2.105995
2.105989
2.106053
2.106047
2.106111
2.106106
2.106168
2.106164
2.106226
2.106223
2.106284
2.106281
2.106342
2.106339
2.106399
2.106397
2.106457
2.106456
2.106515
2.106514
2.106573
2.106572
2.106630
2.106630
2.106688
2.106688
2.106745
2.106746
2.106803
2.106805
2.106861
2.106863
2.106918
2.106921
2.106976
2.106979
2.107033
2.107037
2.107091
2.107095
2.107148
2.107153
2.107205
2.107211
2.107263
2.107269
2.107320
2.107327
2.107378
2.107384
2.107435
2.107442
2.107492
2.107500
2.107550
2.107558
2.107607
2.107616
2.107664
2.107673
2.107721
2.107731
2.107779
2.107789
2.107836
2.107847
2.107893
2.107904
2.107950
2.107962
2.108007
2.108020
2.108065
2.108077
2.108122
2.108135
2.108179
2.108192
2.108236
2.108250
2.108293
2.108307
2.108350
2.108350
2.108365
2.108407
2.108422
2.108464
2.108480
2.108521
2.108537
2.108578
2.108594
2.108635
2.108652
2.108692
2.108709
2.108749
2.108766
2.108805
2.108824
2.108862
2.108881
2.108919
2.108938
2.108976
2.108995
2.109033
2.109052
2.109090
2.109109
2.109146
2.109167
2.109203
2.109224
2.109260
2.109281
2.109317
2.109338
2.109373
2.109395
2.109430
2.109452
2.109487
2.109509
2.109543
2.109566
2.109600
2.109623
2.109656
2.109679
2.109713
2.109736
2.109770
2.109793
2.109826
2.109850
2.109883
2.109907
2.109939
2.109963
2.109996
2.110020
2.110052
2.110077
2.110109
2.110134
2.110165
2.110190
2.110222
2.110247
2.110278
2.110303
2.110334
2.110360
2.110391
2.110416
2.110447
2.110473
2.110504
2.110530
2.110560
2.110586
2.110616
2.110642
2.110673
2.110699
2.110729
2.110755
2.110785
2.110812
2.110841
2.110868
2.110898
2.110924
2.110954
2.110981
2.111010
2.111037
2.111066
2.111093
2.111122
2.111150
2.111179
2.111206
2.111235
2.111262
2.111291
2.111318
2.111347
2.111374
2.111403
2.111430
2.111459
2.111487
2.111515
2.111543
2.111571
2.111599
2.111627
2.111655
2.111683
2.111711
2.111739
2.111767
2.111795
2.111823
2.111851
2.111879
2.111907
2.111935
2.111963
2.111991
2.112019
2.112047
2.112075
2.112103
2.112131
2.112159
2.112187
2.112215
2.112243
2.112270
2.112299
2.112326
2.112354
2.112382
2.112410
2.112438
2.112466
2.112494
2.112522
2.112550
2.112578
2.112605
2.112633
2.112661
2.112689
2.112717
2.112745
2.112773
2.112801
2.112828
2.112856
2.112884
2.112912
2.112940
2.112968
2.112995
2.113023
2.113051
2.113079
2.113107
2.113135
2.113162
2.113190
2.113218
2.113246
2.113274
2.113302
2.113329
2.113357
2.113385
2.113413
2.113441
2.113468
2.113496
2.113524
2.113552
2.113579
2.113607
2.113635
2.113663
2.113690
2.113718
2.113746
2.113774
2.113802
2.113829
2.113857
2.113885
2.113913
2.113940
2.113968
2.113996
2.114023
2.114051
2.114079
2.114107
2.114134
2.114162
2.114190
2.114218
2.114245
2.114273
2.114301
2.114328
2.114356
2.114384
2.114412
2.114439
2.114467
2.114495
2.114522
2.114550
2.114578
2.114606
2.114633
2.114661
2.114689
2.114716
2.114744
2.114772
2.114799
2.114827
2.114855
2.114882
2.114910
2.114938
2.114965
2.114993
2.115021
2.115049
2.115076
2.115104
2.115132
2.115159
2.115187
2.115215
2.115242
2.115270
2.115298
2.115325
2.115353
2.115381
2.115408
2.115436
2.115464
2.115491
2.115519
2.115547
2.115574
2.115602
2.115630
2.115657
2.115685
2.115713
2.115741
2.115768
2.115796
2.115824
2.115851
2.115879
2.115907
2.115934
2.115962
2.115990
2.116017
2.116045
2.116073
2.116101
2.116128
2.116156
2.116184
2.116211
2.116239
2.116267
2.116294
2.116322
2.116350
2.116378
2.116405
2.116433
2.116461
2.116489
2.116516
2.116544
2.116572
2.116599
2.116627
2.116655
2.116683
2.116710
2.116738
2.116766
2.116794
2.116822
2.116849
2.116877
2.116905
2.116933
2.116960
2.116988
2.117016
2.117044
2.117072
2.117099
2.117127
2.117155
2.117183
2.117211
2.117239
2.117266
2.117294
2.117322
2.117350
2.117378
2.117406
2.117434
2.117462
2.117489
2.117517
2.117545
2.117573
2.117601
2.117629
2.117657
2.117685
2.117713
2.117741
2.117769
2.117797
2.117825
2.117853
2.117881
2.117909
2.117937
2.117965
2.117993
2.118021
2.118049
2.118077
2.118105
2.118133
2.118161
2.118189
2.118217
2.118245
2.118273
2.118302
2.118330
2.118358
2.118386
2.118414
2.118442
2.118471
2.118499
2.118527
2.118555
2.118583
2.118612
2.118640
2.118668
2.118696
2.118725
2.118753
2.118781
2.118810
2.118838
2.118866
2.118895
2.118923
2.118952
2.118980
2.119008
2.119037
2.119065
2.119094
2.119122
2.119151
2.119179
2.119208
2.119236
2.119265
2.119294
2.119322
2.119351
2.119379
2.119408
2.119437
2.119465
2.119494
2.119523
2.119551
2.119580
2.119609
2.119638
2.119667
2.119695
2.119724
2.119753
2.119782
2.119811
2.119840
2.119869
2.119898
2.119927
2.119956
2.119985
2.120014
2.120043
2.120072
2.120101
2.120130
2.120159
2.120188
2.120218
2.120247
2.120276
2.120305
2.120335
2.120364
2.120393
2.120423
2.120452
2.120481
2.120511
2.120540
2.120570
2.120599
2.120629
2.120658
2.120688
2.120718
2.120747
2.120777
2.120807
2.120836
2.120866
2.120896
2.120926
2.120956
2.120985
2.121015
2.121045
2.121075
2.121105
2.121135
2.121165
2.121195
2.121225
2.121256
2.121286
2.121316
2.121346
2.121377
2.121406
2.121438
2.121466
2.121500
2.121525
2.121563
2.121582
2.121632
2.121630
2.121713
2.121657
2.121824
2.121625
2.121982
2.121510
2.122049
2.121464
2.121964
2.121559
2.121956
2.121677
2.121975
2.121759
2.121983
2.121816
2.121998
2.121868
2.122025
2.121918
2.122059
2.121965
2.122096
2.122011
2.122137
2.122061
2.122187
2.122117
2.122117
2.122245
2.122180
2.122311
2.122247
2.122381
2.122315
2.122451
2.122381
2.122520
2.122441
2.122584
2.122496
2.122643
2.122545
2.122697
2.122589
2.122747
2.122629
2.122793
2.122667
2.122837
2.122704
2.122879
2.122741
2.122921
2.122780
2.122962
2.122822
2.123004
2.122866
2.123047
2.122913
2.123092
2.122963
2.123138
2.123015
2.123187
2.123071
2.123239
2.123128
2.123292
2.123187
2.123348
2.123248
2.123406
2.123310
2.123465
2.123373
2.123526
2.123437
2.123587
2.123500
2.123650
2.123564
2.123713
2.123627
2.123776
2.123689
2.123839
2.123751
2.123902
2.123812
2.123964
2.123872
2.124026
2.123931
2.124087
2.123989
2.124147
2.124046
2.124207
2.124103
2.124266
2.124159
2.124324
2.124214
2.124382
2.124269
2.124439
2.124324
2.124495
2.124379
2.124551
2.124434
2.124606
2.124488
2.124661
2.124543
2.124716
2.124598
2.124770
2.124653
2.124825
2.124708
2.124879
2.124764
2.124933
2.124819
2.124988
2.124874
2.125042
2.124929
2.125096
2.124984
2.125151
2.125038
2.125205
2.125093
2.125260
2.125147
2.125314
2.125201
2.125368
2.125254
2.125423
2.125307
2.125477
2.125360
2.125531
2.125413
2.125584
2.125465
2.125638
2.125517
2.125691
2.125569
2.125744
2.125621
2.125796
2.125672
2.125849
2.125724
2.125901
2.125775
2.125953
2.125827
2.126005
2.125878
2.126057
2.125930
2.126109
2.125982
2.126161
2.126033
2.126213
2.126085
2.126265
2.126137
2.126317
2.126189
2.126369
2.126241
2.126421
2.126292
2.126473
2.126344
2.126525
2.126396
2.126578
2.126448
2.126630
2.126500
2.126682
2.126551
2.126735
2.126603
2.126787
2.126655
2.126839
2.126706
2.126891
2.126758
2.126944
2.126809
2.126996
2.126861
2.127048
2.126912
2.127100
2.126963
2.127152
2.127015
2.127204
2.127066
2.127255
2.127117
2.127307
2.127169
2.127359
2.127220
2.127411
2.127272
2.127463
2.127323
2.127515
2.127375
2.127567
2.127426
2.127619
2.127478
2.127671
2.127529
2.127723
2.127581
2.127775
2.127632
2.127827
2.127684
2.127879
2.127735
2.127931
2.127787
2.127983
2.127838
2.128035
2.127889
2.128087
2.127941
2.128139
2.127992
2.128191
2.128044
2.128243
2.128095
2.128295
2.128147
2.128347
2.128198
2.128399
2.128250
2.128450
2.128301
2.128502
2.128352
2.128554
2.128404
2.128606
2.128455
2.128658
2.128507
2.128710
2.128558
2.128762
2.128609
2.128814
2.128661
2.128866
2.128712
2.128918
2.128764
2.128970
2.128815
2.129021
2.128866
2.129073
2.128918
2.129125
2.128969
2.129177
2.129020
2.129229
2.129072
2.129281
2.129123
2.129333
2.129174
2.129384
2.129225
2.129436
2.129277
2.129488
2.129328
2.129540
2.129379
2.129591
2.129430
2.129643
2.129482
2.129695
2.129533
2.129747
2.129584
2.129798
2.129635
2.129850
2.129686
2.129902
2.129738
2.129953
2.129789
2.130005
2.129840
2.130057
2.129891
2.130108
2.129942
2.130160
2.129993
2.130211
2.130044
2.130263
2.130095
2.130314
2.130146
2.130366
2.130197
2.130417
2.130248
2.130469
2.130299
2.130520
2.130350
2.130572
2.130401
2.130623
2.130452
2.130675
2.130503
2.130726
2.130554
2.130777
2.130604
2.130829
2.130655
2.130880
2.130706
2.130931
2.130757
2.130983
2.130808
2.131034
2.130858
2.131085
2.130909
2.131136
2.130960
2.131188
2.131010
2.131239
2.131061
2.131290
2.131112
2.131341
2.131162
2.131392
2.131213
2.131443
2.131263
2.131494
2.131314
2.131545
2.131364
2.131596
2.131415
2.131647
2.131465
2.131698
2.131516
2.131749
2.131566
2.131800
2.131617
2.131851
2.131667
2.131902
2.131717
2.131953
2.131768
2.132004
2.131818
2.132054
2.131868
2.132105
2.131918
2.132156
2.131969
2.132206
2.132019
2.132257
2.132069
2.132308
2.132119
2.132358
2.132169
2.132409
2.132219
2.132460
2.132269
2.132510
2.132319
2.132561
2.132369
2.132611
2.132419
2.132662
2.132469
2.132712
2.132519
2.132763
2.132569
2.132813
2.132619
2.132863
2.132669
2.132914
2.132718
2.132964
2.132768
2.133014
2.132818
2.133064
2.132868
2.133115
2.132917
2.133165
2.132967
2.133215
2.133017
2.133265
2.133066
2.133315
2.133116
2.133365
2.133165
2.133415
2.133215
2.133465
2.133264
2.133515
2.133314
2.133565
2.133363
2.133615
2.133413
2.133665
2.133462
2.133715
2.133511
2.133765
2.133561
2.133815
2.133610
2.133865
2.133659
2.133914
2.133709
2.133964
2.133758
2.134014
2.133807
2.134063
2.133856
2.134113
2.133905
2.134163
2.133954
2.134212
2.134003
2.134262
2.134052
2.134311
2.134101
2.134361
2.134150
2.134410
2.134199
2.134460
2.134248
2.134509
2.134297
2.134558
2.134346
2.134608
2.134395
2.134657
2.134443
2.134706
2.134492
2.134756
2.134541
2.134805
2.134590
2.134854
2.134638
2.134903
2.134687
2.134952
2.134735
2.135001
2.134784
2.135051
2.134833
2.135100
2.134881
2.135149
2.134930
2.135198
2.134978
2.135247
2.135247
2.135026
2.135295
2.135075
2.135344
2.135123
2.135393
2.135172
2.135442
2.135220
2.135491
2.135268
2.135540
2.135316
2.135588
2.135365
2.135637
2.135413
2.135686
2.135461
2.135734
2.135509
2.135783
2.135557
2.135832
2.135605
2.135880
2.135653
2.135929
2.135701
2.135977
2.135749
2.136026
2.135797
2.136074
2.135845
2.136122
2.135893
2.136171
2.135941
2.136219
2.135988
2.136267
2.136036
2.136316
2.136084
2.136364
2.136132
2.136412
2.136179
2.136460
2.136227
2.136508
2.136275
2.136557
2.136322
2.136605
2.136370
2.136653
2.136417
2.136701
2.136465
2.136749
2.136512
2.136797
2.136560
2.136845
2.136607
2.136892
2.136654
2.136940
2.136702
2.136988
2.136749
2.137036
2.136796
2.137084
2.136844
2.137131
2.136891
2.137179
2.136938
2.137227
2.136985
2.137274
2.137032
2.137322
2.137079
2.137370
2.137126
2.137417
2.137173
2.137465
2.137220
2.137512
2.137267
2.137560
2.137314
2.137607
2.137361
2.137654
2.137408
2.137702
2.137455
2.137749
2.137502
2.137796
2.137548
2.137844
2.137595
2.137891
2.137642
2.137938
2.137689
2.137985
2.137735
2.138032
2.137782
2.138079
2.137828
2.138126
2.137875
2.138173
2.137921
2.138220
2.137968
2.138267
2.138014
2.138314
2.138061
2.138361
2.138107
2.138408
2.138154
2.138455
2.138200
2.138502
2.138246
2.138549
2.138292
2.138595
2.138339
2.138642
2.138385
2.138689
2.138431
2.138735
2.138477
2.138782
2.138523
2.138829
2.138569
2.138875
2.138615
2.138922
2.138661
2.138968
2.138707
2.139015
2.138753
2.139061
2.138799
2.139107
2.138845
2.139154
2.138891
2.139200
2.138937
2.139247
2.138983
2.139293
2.139028
2.139339
2.139074
2.139385
2.139120
2.139431
2.139166
2.139478
2.139211
2.139524
2.139257
2.139570
2.139302
2.139616
2.139348
2.139662
2.139394
2.139708
2.139439
2.139754
2.139484
2.139800
2.139530
2.139846
2.139575
2.139892
2.139621
2.139937
2.139666
2.139983
2.139711
2.140029
2.139757
2.140075
2.139802
2.140120
2.139847
2.140166
2.139892
2.140212
2.139937
2.140257
2.139983
2.140303
2.140028
2.140348
2.140073
2.140394
2.140118
2.140440
2.140163
2.140485
2.140208
2.140530
2.140253
2.140576
2.140298
2.140621
2.140342
2.140667
2.140387
2.140712
2.140432
2.140757
2.140477
2.140802
2.140522
2.140848
2.140566
2.140893
2.140611
2.140938
2.140656
2.140983
2.140700
2.141028
2.140745
2.141073
2.140790
2.141118
2.140834
2.141163
2.140879
2.141208
2.140923
2.141253
2.140968
2.141298
2.141012
2.141343
2.141057
2.141388
2.141101
2.141433
2.141145
2.141478
2.141190
2.141522
2.141234
2.141567
2.141278
2.141612
2.141323
2.141657
2.141367
2.141701
2.141411
2.141746
2.141455
2.141790
2.141499
2.141835
2.141543
2.141880
2.141587
2.141924
2.141632
2.141969
2.141676
2.142013
2.141720
2.142057
2.141764
2.142102
2.141808
2.142146
2.141851
2.142191
2.141895
2.142235
2.141939
2.142279
2.141983
2.142324
2.142027
2.142368
2.142071
2.142412
2.142114
2.142456
2.142158
2.142500
2.142202
2.142544
2.142246
2.142589
2.142289
2.142633
2.142333
2.142677
2.142376
2.142721
2.142420
2.142765
2.142464
2.142809
2.142507
2.142853
2.142551
2.142897
2.142594
2.142940
2.142638
2.142984
2.142681
2.143028
2.142724
2.143072
2.142768
2.143116
2.142811
2.143160
2.142854
2.143203
2.142898
2.143247
2.142941
2.143291
2.142984
2.143334
2.143028
2.143378
2.143071
2.143422
2.143114
2.143465
2.143157
2.143509
2.143200
2.143552
2.143243
2.143596
2.143287
2.143639
2.143330
2.143683
2.143373
2.143726
2.143416
2.143770
2.143459
2.143813
2.143502
2.143857
2.143545
2.143900
2.143588
2.143943
2.143631
2.143987
2.143674
2.144030
2.143717
2.144073
2.143759
2.144116
2.143802
2.144160
2.143845
2.144203
2.143888
2.144246
2.143931
2.144289
2.143973
2.144332
2.144016
2.144375
2.144059
2.144419
2.144102
2.144462
2.144144
2.144505
2.144187
2.144548
2.144230
2.144591
2.144272
2.144634
2.144315
2.144677
2.144358
2.144720
2.144400
2.144763
2.144443
2.144806
2.144485
2.144849
2.144528
2.144891
2.144571
2.144934
2.144613
2.144977
2.144656
2.145020
2.144698
2.145063
2.144741
2.145106
2.144783
2.145148
2.144825
2.145191
2.144868
2.145234
2.144910
2.145277
2.144953
2.145319
2.144995
2.145362
2.145037
2.145405
2.145080
2.145448
2.145122
2.145490
2.145165
2.145533
2.145207
2.145575
2.145249
2.145618
2.145291
2.145661
2.145334
2.145703
2.145376
2.145746
2.145418
2.145788
2.145461
2.145831
2.145503
2.145874
2.145545
2.145916
2.145587
2.145959
2.145630
2.146001
2.145672
2.146044
2.145714
2.146086
2.145756
2.146129
2.145798
2.146171
2.145841
2.146214
2.145883
2.146256
2.145925
2.146299
2.145967
2.146341
2.146009
2.146383
2.146051
2.146426
2.146094
2.146468
2.146136
2.146511
2.146178
2.146178
2.146553
2.146220
2.146595
2.146262
2.146638
2.146304
2.146680
2.146346
2.146723
2.146389
2.146765
2.146431
2.146807
2.146473
2.146850
2.146515
2.146892
2.146557
2.146934
2.146599
2.146977
2.146641
2.147019
2.146683
2.147061
2.146726
2.147104
2.146768
2.147146
2.146810
2.147188
2.146852
2.147231
2.146894
2.147273
2.146936
2.147315
2.146978
2.147358
2.147020
2.147400
2.147063
2.147442
2.147105
2.147485
2.147147
2.147527
2.147189
2.147570
2.147231
2.147612
2.147273
2.147654
2.147316
2.147697
2.147358
2.147739
2.147400
2.147781
2.147442
2.147824
2.147484
2.147866
2.147527
2.147908
2.147569
2.147951
2.147611
2.147993
2.147653
2.148036
2.147696
2.148078
2.147738
2.148120
2.147780
2.148163
2.147822
2.148205
2.147865
2.148248
2.147907
2.148290
2.147949
2.148333
2.147992
2.148375
2.148034
2.148418
2.148076
2.148460
2.148119
2.148503
2.148161
2.148545
2.148204
2.148588
2.148246
2.148630
2.148289
2.148673
2.148331
2.148715
2.148374
2.148758
2.148416
2.148801
2.148459
2.148843
2.148501
2.148886
2.148544
2.148928
2.148587
2.148971
2.148629
2.149014
2.148672
2.149057
2.148715
2.149099
2.148757
2.149142
2.148800
2.149185
2.148843
2.149228
2.148886
2.149270
2.148928
2.149313
2.148971
2.149356
2.149014
2.149399
2.149057
2.149442
2.149100
2.149485
2.149143
2.149528
2.149186
2.149571
2.149229
2.149614
2.149272
2.149657
2.149315
2.149700
2.149358
2.149743
2.149402
2.149786
2.149445
2.149830
2.149488
2.149873
2.149531
2.149916
2.149575
2.149959
2.149618
2.150003
2.149661
2.150046
2.149705
2.150089
2.149748
2.150133
2.149792
2.150176
2.149835
2.150220
2.149879
2.150263
2.149923
2.150307
2.149966
2.150350
2.150010
2.150394
2.150054
2.150437
2.150098
2.150481
2.150142
2.150525
2.150186
2.150569
2.150230
2.150613
2.150274
2.150656
2.150318
2.150700
2.150362
2.150744
2.150406
2.150788
2.150450
2.150832
2.150495
2.150877
2.150539
2.150921
2.150583
2.150965
2.150628
2.151009
2.150672
2.151053
2.150717
2.151098
2.150761
2.151142
2.150806
2.151187
2.150851
2.151231
2.150896
2.151276
2.150941
2.151320
2.150986
2.151365
2.151031
2.151410
2.151076
2.151455
2.151121
2.151499
2.151166
2.151544
2.151211
2.151589
2.151257
2.151634
2.151302
2.151679
2.151348
2.151725
2.151393
2.151770
2.151439
2.151815
2.151484
2.151860
2.151530
2.151906
2.151576
2.151951
2.151622
2.151997
2.151668
2.152043
2.151714
2.152088
2.151760
2.152134
2.151806
2.152180
2.151853
2.152226
2.151899
2.152272
2.151946
2.152318
2.151992
2.152364
2.152039
2.152410
2.152086
2.152456
2.152133
2.152503
2.152179
2.152549
2.152226
2.152596
2.152274
2.152642
2.152321
2.152689
2.152368
2.152736
2.152415
2.152783
2.152463
2.152830
2.152511
2.152877
2.152558
2.152924
2.152606
2.152971
2.152654
2.153018
2.152702
2.153066
2.152750
2.153113
2.152798
2.153161
2.152846
2.153208
2.152895
2.153256
2.152943
2.153304
2.152992
2.153352
2.153041
2.153400
2.153089
2.153448
2.153138
2.153496
2.153187
2.153544
2.153237
2.153593
2.153286
2.153641
2.153335
2.153690
2.153385
2.153739
2.153434
2.153788
2.153484
2.153836
2.153534
2.153886
2.153584
2.153935
2.153634
2.153984
2.153684
2.154033
2.153735
2.154083
2.153785
2.154132
2.153836
2.154182
2.153886
2.154232
2.153937
2.154282
2.153988
2.154332
2.154040
2.154382
2.154091
2.154432
2.154142
2.154483
2.154194
2.154533
2.154245
2.154584
2.154297
2.154635
2.154349
2.154686
2.154401
2.154737
2.154454
2.154788
2.154506
2.154839
2.154559
2.154891
2.154611
2.154942
2.154664
2.154994
2.154717
2.155046
2.154770
2.155098
2.154823
2.155150
2.154877
2.155202
2.154931
2.155254
2.154984
2.155307
2.155038
2.155359
2.155092
2.155412
2.155147
2.155465
2.155201
2.155518
2.155256
2.155571
2.155310
2.155625
2.155365
2.155678
2.155420
2.155732
2.155476
2.155785
2.155531
2.155839
2.155587
2.155893
2.155642
2.155948
2.155698
2.156002
2.155754
2.156057
2.155811
2.156111
2.155867
2.156166
2.155924
2.156221
2.155981
2.156276
2.156038
2.156331
2.156095
2.156387
2.156153
2.156443
2.156210
2.156498
2.156268
2.156554
2.156326
2.156610
2.156384
2.156667
2.156443
2.156723
2.156501
2.156780
2.156560
2.156836
2.156619
2.156893
2.156678
2.156950
2.156738
2.157008
2.156797
2.157065
2.156857
2.157123
2.156917
2.157180
2.156977
2.157238
2.157038
2.157297
2.157099
2.157355
2.157160
2.157413
2.157221
2.157472
2.157282
2.157531
2.157344
2.157590
2.157406
2.157649
2.157468
2.157708
2.157530
2.157768
2.157593
2.157827
2.157655
2.157887
2.157718
2.157947
2.157782
2.158007
2.157845
2.158068
2.157909
2.158128
2.157973
2.158189
2.158037
2.158250
2.158102
2.158311
2.158166
2.158372
2.158231
2.158433
2.158433
2.158297
2.158495
2.158362
2.158556
2.158428
2.158618
2.158494
2.158680
2.158561
2.158742
2.158627
2.158804
2.158694
2.158867
2.158761
2.158929
2.158829
2.158992
2.158897
2.159055
2.158965
2.159118
2.159033
2.159181
2.159101
2.159244
2.159170
2.159307
2.159239
2.159370
2.159309
2.159433
2.159378
2.159497
2.159448
2.159560
2.159518
2.159623
2.159588
2.159687
2.159659
2.159750
2.159729
2.159814
2.159799
2.159878
2.159869
2.159941
2.159939
2.160005
2.160009
2.160069
2.160079
2.160133
2.160148
2.160198
2.160216
2.160262
2.160284
2.160327
2.160352
2.160391
2.160419
2.160456
2.160486
2.160521
2.160552
2.160586
2.160617
2.160651
2.160683
2.160716
2.160748
2.160780
2.160812
2.160845
2.160877
2.160909
2.160941
2.160973
2.161005
2.161037
2.161069
2.161100
2.161132
2.161164
2.161195
2.161227
2.161258
2.161289
2.161321
2.161352
2.161383
2.161414
2.161445
2.161476
2.161507
2.161538
2.161569
2.161600
2.161631
2.161661
2.161692
2.161722
2.161753
2.161783
2.161814
2.161844
2.161874
2.161904
2.161934
2.161964
2.161994
2.162024
2.162054
2.162084
2.162114
2.162144
2.162173
2.162203
2.162233
2.162262
2.162292
2.162322
2.162351
2.162381
2.162410
2.162440
2.162469
2.162498
2.162528
2.162557
2.162587
2.162616
2.162645
2.162675
2.162704
2.162734
2.162763
2.162792
2.162822
2.162851
2.162880
2.162910
2.162939
2.162968
2.162998
2.163027
2.163057
2.163086
2.163115
2.163145
2.163174
2.163203
2.163233
2.163262
2.163292
2.163321
2.163350
2.163380
2.163409
2.163438
2.163468
2.163497
2.163526
2.163556
2.163585
2.163614
2.163644
2.163673
2.163702
2.163731
2.163760
2.163790
2.163819
2.163848
2.163877
2.163906
2.163935
2.163964
2.163993
2.164022
2.164051
2.164080
2.164109
2.164138
2.164167
2.164196
2.164224
2.164253
2.164282
2.164311
2.164339
2.164368
2.164397
2.164425
2.164454
2.164483
2.164511
2.164540
2.164568
2.164597
2.164625
2.164654
2.164682
2.164711
2.164739
2.164768
2.164796
2.164825
2.164853
2.164882
2.164910
2.164939
2.164967
2.164996
2.165024
2.165052
2.165081
2.165109
2.165138
2.165166
2.165195
2.165223
2.165252
2.165280
2.165309
2.165337
2.165366
2.165394
2.165423
2.165451
2.165479
2.165508
2.165536
2.165565
2.165593
2.165622
2.165650
2.165678
2.165707
2.165735
2.165763
2.165792
2.165820
2.165848
2.165877
2.165905
2.165933
2.165961
2.165989
2.166017
2.166045
2.166073
2.166101
2.166129
2.166157
2.166185
2.166213
2.166241
2.166268
2.166296
2.166324
2.166351
2.166379
2.166406
2.166434
2.166461
2.166488
2.166515
2.166543
2.166570
2.166597
2.166624
2.166651
2.166677
2.166704
2.166731
2.166757
2.166784
2.166810
2.166837
2.166863
2.166889
2.166915
2.166941
2.166967
2.166993
2.167019
2.167045
2.167071
2.167096
2.167122
2.167147
2.167173
2.167198
2.167223
2.167248
2.167274
2.167299
2.167324
2.167348
2.167373
2.167398
2.167423
2.167447
2.167472
2.167496
2.167521
2.167545
2.167569
2.167594
2.167618
2.167642
2.167666
2.167690
2.167714
2.167738
2.167762
2.167786
2.167809
2.167833
2.167857
2.167880
2.167904
2.167927
2.167951
2.167974
2.167998
2.168021
2.168044
2.168068
2.168091
2.168114
2.168137
2.168160
2.168184
2.168207
2.168230
2.168253
2.168276
2.168299
2.168322
2.168345
2.168368
2.168390
2.168413
2.168436
2.168459
2.168482
2.168505
2.168527
2.168550
2.168573
2.168596
2.168619
2.168641
2.168664
2.168687
2.168710
2.168732
2.168755
2.168778
2.168801
2.168823
2.168846
2.168869
2.168891
2.168914
2.168937
2.168960
2.168982
2.169005
2.169028
2.169051
2.169073
2.169096
2.169119
2.169142
2.169165
2.169187
2.169210
2.169233
2.169256
2.169279
2.169302
2.169324
2.169347
2.169370
2.169393
2.169416
2.169439
2.169462
2.169485
2.169508
2.169531
2.169554
2.169577
2.169600
2.169623
2.169646
2.169669
2.169692
2.169716
2.169739
2.169762
2.169785
2.169808
2.169832
2.169855
2.169878
2.169901
2.169925
2.169948
2.169971
2.169995
2.170018
2.170042
2.170065
2.170089
2.170112
2.170136
2.170159
2.170183
2.170206
2.170230
2.170254
2.170277
2.170301
2.170325
2.170348
2.170372
2.170396
2.170419
2.170443
2.170467
2.170491
2.170515
2.170539
2.170563
2.170587
2.170611
2.170635
2.170659
2.170683
2.170707
2.170731
2.170755
2.170779
2.170803
2.170827
2.170852
2.170876
2.170900
2.170924
2.170949
2.170973
2.170997
2.171022
2.171046
2.171071
2.171095
2.171119
2.171144
2.171168
2.171193
2.171218
2.171242
2.171267
2.171291
2.171316
2.171341
2.171365
2.171390
2.171415
2.171440
2.171465
2.171489
2.171514
2.171539
2.171564
2.171589
2.171614
2.171639
2.171664
2.171689
2.171714
2.171739
2.171764
2.171789
2.171814
2.171839
2.171864
2.171889
2.171915
2.171940
2.171965
2.171990
2.172016
2.172016
2.172041
2.172066
2.172092
2.172117
2.172142
2.172168
2.172193
2.172219
2.172244
2.172270
2.172295
2.172321
2.172346
2.172372
2.172397
2.172423
2.172449
2.172474
2.172500
2.172526
2.172551
2.172577
2.172603
2.172628
2.172654
2.172680
2.172706
2.172732
2.172757
2.172783
2.172809
2.172835
2.172861
2.172887
2.172913
2.172939
2.172965
2.172991
2.173017
2.173043
2.173069
2.173095
2.173121
2.173147
2.173173
2.173199
2.173225
2.173252
2.173278
2.173304
2.173330
2.173356
2.173382
2.173409
2.173435
2.173461
2.173487
2.173514
2.173540
2.173566
2.173593
2.173619
2.173645
2.173672
2.173698
2.173725
2.173751
2.173777
2.173804
2.173830
2.173857
2.173883
2.173910
2.173936
2.173963
2.173989
2.174016
2.174042
2.174069
2.174095
2.174122
2.174148
2.174175
2.174201
2.174228
2.174255
2.174281
2.174308
2.174335
2.174361
2.174388
2.174415
2.174441
2.174468
2.174495
2.174521
2.174548
2.174575
2.174601
2.174628
2.174655
2.174682
2.174708
2.174735
2.174762
2.174789
2.174815
2.174842
2.174869
2.174896
2.174923
2.174949
2.174976
2.175003
2.175030
2.175057
2.175084
2.175110
2.175137
2.175164
2.175191
2.175218
2.175245
2.175272
2.175299
2.175325
2.175352
2.175379
2.175406
2.175433
2.175460
2.175487
2.175514
2.175541
2.175568
2.175595
2.175622
2.175649
2.175675
2.175702
2.175729
2.175756
2.175783
2.175810
2.175837
2.175864
2.175891
2.175918
2.175945
2.175972
2.175999
2.176026
2.176053
2.176080
2.176107
2.176134
2.176161
2.176188
2.176215
2.176242
2.176269
2.176296
2.176323
2.176350
2.176377
2.176404
2.176431
2.176458
2.176485
2.176512
2.176539
2.176566
2.176593
2.176620
2.176647
2.176674
2.176701
2.176728
2.176755
2.176782
2.176809
2.176836
2.176863
2.176890
2.176917
2.176944
2.176971
2.176998
2.177025
2.177052
2.177079
2.177106
2.177133
2.177160
2.177187
2.177214
2.177241
2.177268
2.177295
2.177322
2.177349
2.177376
2.177403
2.177430
2.177457
2.177484
2.177511
2.177538
2.177565
2.177592
2.177619
2.177646
2.177673
2.177700
2.177727
2.177753
2.177780
2.177807
2.177834
2.177861
2.177888
2.177915
2.177942
2.177969
2.177996
2.178023
2.178050
2.178077
2.178104
2.178130
2.178157
2.178184
2.178211
2.178238
2.178265
2.178292
2.178319
2.178346
2.178372
2.178399
2.178426
2.178453
2.178480
2.178507
2.178533
2.178560
2.178587
2.178614
2.178641
2.178668
2.178694
2.178721
2.178748
2.178775
2.178802
2.178828
2.178855
2.178882
2.178909
2.178936
2.178962
2.178989
2.179016
2.179043
2.179069
2.179096
2.179123
2.179150
2.179176
2.179203
2.179230
2.179256
2.179283
2.179310
2.179336
2.179363
2.179390
2.179416
2.179443
2.179470
2.179496
2.179523
2.179550
2.179576
2.179603
2.179630
2.179656
2.179683
2.179709
2.179736
2.179763
2.179789
2.179816
2.179842
2.179869
2.179896
2.179922
2.179949
2.179975
2.180002
2.180028
2.180055
2.180081
2.180108
2.180134
2.180161
2.180187
2.180214
2.180240
2.180267
2.180293
2.180320
2.180346
2.180373
2.180399
2.180426
2.180452
2.180478
2.180505
2.180531
2.180558
2.180584
2.180610
2.180637
2.180663
2.180690
2.180716
2.180742
2.180769
2.180795
2.180821
2.180848
2.180874
2.180900
2.180927
2.180953
2.180979
2.181005
2.181032
2.181058
2.181084
2.181110
2.181137
2.181163
2.181189
2.181215
2.181242
2.181268
2.181294
2.181320
2.181346
2.181373
2.181399
2.181425
2.181451
2.181477
2.181503
2.181530
2.181556
2.181582
2.181608
2.181634
2.181660
2.181686
2.181712
2.181738
2.181765
2.181791
2.181817
2.181843
2.181869
2.181895
2.181921
2.181947
2.181973
2.181999
2.182025
2.182051
2.182077
2.182103
2.182129
2.182155
2.182181
2.182207
2.182233
2.182259
2.182285
2.182311
2.182336
2.182362
2.182388
2.182414
2.182440
2.182466
2.182492
2.182518
2.182544
2.182569
2.182595
2.182621
2.182647
2.182673
2.182699
2.182724
2.182750
2.182776
2.182802
2.182828
2.182853
2.182879
2.182905
2.182931
2.182956
2.182982
2.183008
2.183034
2.183059
2.183085
2.183111
2.183136
2.183162
2.183188
2.183213
2.183239
2.183265
2.183290
2.183316
2.183342
2.183367
2.183393
2.183418
2.183444
2.183470
2.183495
2.183521
2.183546
2.183572
2.183597
2.183623
2.183649
2.183674
2.183700
2.183725
2.183751
2.183776
2.183802
2.183827
2.183853
2.183878
2.183904
2.183929
2.183955
2.183980
2.184006
2.184031
2.184057
2.184082
2.184108
2.184133
2.184159
2.184184
2.184210
2.184235
2.184261
2.184286
2.184312
2.184338
2.184363
2.184389
2.184414
2.184440
2.184465
2.184491
2.184517
2.184542
2.184568
2.184594
2.184619
2.184645
2.184671
2.184696
2.184722
2.184748
2.184773
2.184799
2.184825
2.184850
2.184876
2.184902
2.184927
2.184953
2.184978
2.185003
2.185029
2.185054
2.185078
2.185103
2.185127
2.185151
2.185151
2.185174
2.185197
2.185219
2.185240
2.185261
2.185281
2.185301
2.185321
2.185342
2.185362
2.185382
2.185402
2.185420
2.185439
2.185457
2.185475
2.185493
2.185513
2.185534
2.185556
2.185581
2.185608
2.185637
2.185669
2.185703
2.185739
2.185776
2.185812
2.185848
2.185881
2.185912
2.185940
2.185964
2.185985
2.186002
2.186016
2.186026
2.186034
2.186040
2.186046
2.186051
2.186057
2.186065
2.186075
2.186089
2.186106
2.186127
2.186151
2.186180
2.186212
2.186248
2.186287
2.186328
2.186372
2.186417
2.186464
2.186512
2.186561
2.186610
2.186658
2.186707
2.186754
2.186801
2.186846
2.186890
2.186933
2.186974
2.187013
2.187050
2.187085
2.187118
2.187149
2.187178
2.187205
2.187230
2.187254
2.187276
2.187296
2.187314
2.187331
2.187347
2.187361
2.187375
2.187387
2.187399
2.187410
2.187420
2.187430
2.187439
2.187449
2.187458
2.187467
2.187477
2.187486
2.187496
2.187507
2.187517
2.187528
2.187540
2.187552
2.187565
2.187579
2.187593
2.187608
2.187624
2.187641
2.187658
2.187676
2.187695
2.187715
2.187735
2.187756
2.187778
2.187801
2.187824
2.187848
2.187873
2.187898
2.187924
2.187950
2.187978
2.188005
2.188033
2.188062
2.188091
2.188121
2.188151
2.188181
2.188212
2.188243
2.188274
2.188306
2.188338
2.188370
2.188402
2.188434
2.188467
2.188500
2.188533
2.188566
2.188599
2.188632
2.188666
2.188699
2.188732
2.188765
2.188799
2.188832
2.188865
2.188898
2.188932
2.188965
2.188998
2.189030
2.189063
2.189096
2.189128
2.189161
2.189193
2.189225
2.189257
2.189289
2.189320
2.189352
2.189383
2.189414
2.189445
2.189476
2.189507
2.189537
2.189567
2.189597
2.189627
2.189657
2.189686
2.189715
2.189744
2.189773
2.189802
2.189830
2.189858
2.189886
2.189914
2.189942
2.189969
2.189997
2.190024
2.190051
2.190077
2.190104
2.190130
2.190157
2.190183
2.190209
2.190234
2.190260
2.190285
2.190310
2.190335
2.190360
2.190385
2.190410
2.190434
2.190459
2.190483
2.190507
2.190531
2.190555
2.190579
2.190602
2.190626
2.190649
2.190673
2.190696
2.190719
2.190742
2.190765
2.190788
2.190811
2.190834
2.190857
2.190879
2.190902
2.190925
2.190947
2.190970
2.190992
2.191015
2.191037
2.191060
2.191082
2.191104
2.191127
2.191149
2.191171
2.191194
2.191216
2.191239
2.191261
2.191283
2.191306
2.191328
2.191351
2.191373
2.191396
2.191418
2.191441
2.191463
2.191486
2.191509
2.191531
2.191554
2.191577
2.191600
2.191623
2.191646
2.191669
2.191692
2.191715
2.191738
2.191762
2.191785
2.191809
2.191832
2.191856
2.191880
2.191903
2.191927
2.191951
2.191975
2.191999
2.192024
2.192048
2.192072
2.192097
2.192122
2.192146
2.192171
2.192196
2.192221
2.192246
2.192271
2.192297
2.192322
2.192347
2.192373
2.192399
2.192425
2.192450
2.192476
2.192503
2.192529
2.192555
2.192582
2.192608
2.192635
2.192662
2.192688
2.192715
2.192743
2.192770
2.192797
2.192824
2.192852
2.192880
2.192907
2.192935
2.192963
2.192991
2.193019
2.193048
2.193076
2.193105
2.193133
2.193162
2.193191
2.193219
2.193248
2.193278
2.193307
2.193336
2.193366
2.193395
2.193425
2.193454
2.193484
2.193514
2.193544
2.193574
2.193604
2.193635
2.193665
2.193695
2.193726
2.193757
2.193787
2.193818
2.193849
2.193880
2.193911
2.193943
2.193974
2.194005
2.194037
2.194068
2.194100
2.194131
2.194163
2.194195
2.194227
2.194259
2.194291
2.194323
2.194355
2.194388
2.194420
2.194453
2.194485
2.194518
2.194550
2.194583
2.194616
2.194649
2.194682
2.194715
2.194748
2.194781
2.194814
2.194847
2.194880
2.194914
2.194947
2.194980
2.195014
2.195047
2.195081
2.195115
2.195148
2.195182
2.195216
2.195250
2.195284
2.195318
2.195352
2.195386
2.195420
2.195454
2.195488
2.195522
2.195556
2.195591
2.195625
2.195659
2.195694
2.195728
2.195762
2.195797
2.195831
2.195866
2.195900
2.195935
2.195969
2.196004
2.196039
2.196073
2.196108
2.196143
2.196178
2.196212
2.196247
2.196282
2.196317
2.196351
2.196386
2.196421
2.196456
2.196491
2.196526
2.196561
2.196595
2.196630
2.196665
2.196700
2.196735
2.196770
2.196805
2.196840
2.196875
2.196910
2.196945
2.196980
2.197015
2.197050
2.197085
2.197120
2.197155
2.197190
2.197224
2.197259
2.197294
2.197329
2.197364
2.197399
2.197434
2.197469
2.197504
2.197539
2.197574
2.197608
2.197643
2.197678
2.197713
2.197748
2.197783
2.197817
2.197852
2.197887
2.197922
2.197956
2.197991
2.198026
2.198061
2.198095
2.198130
2.198164
2.198199
2.198234
2.198268
2.198303
2.198337
2.198372
2.198406
2.198441
2.198475
2.198510
2.198544
2.198578
2.198613
2.198647
2.198681
2.198716
2.198750
2.198784
2.198818
2.198852
2.198887
2.198921
2.198955
2.198989
2.199023
2.199057
2.199091
2.199125
2.199159
2.199192
2.199226
2.199260
2.199294
2.199328
2.199328
