0.643442
1.001345
1.019781
1.040806
1.061338
1.081483
1.102069
1.124006
1.148125
1.175127
1.205555
1.239771
1.277923
1.319945
1.365563
1.414337
1.465712
1.519076
1.573821
1.629378
1.685250
1.741019
1.796350
1.850980
1.904708
1.957378
2.008871
2.059095
2.107977
2.155463
2.201510
2.246093
2.289195
2.330812
2.370948
2.409615
2.446831
2.482616
2.516995
2.549994
2.581639
2.611957
2.640976
2.668721
2.695222
2.720506
2.744603
2.767541
2.789352
2.810067
2.829719
2.848341
2.865970
2.882639
2.898385
2.913244
2.927254
2.940451
2.952873
2.964557
2.975540
2.985857
2.995546
3.004640
3.013175
3.021183
3.028698
3.035751
3.042373
3.048593
3.054440
3.059940
3.065119
3.070003
3.074615
3.078977
3.083111
3.087036
3.090772
3.094337
3.097748
3.101021
3.104169
3.107209
3.110152
3.113011
3.115797
3.118521
3.121192
3.123820
3.126414
3.128980
3.131526
3.134058
3.136582
3.139104
3.141629
3.144160
3.146703
3.149259
3.149259
3.151833
3.154428
3.157044
3.159686
3.162353
3.165049
3.167773
3.170528
3.173313
3.176130
3.178978
3.181858
3.184770
3.187714
3.190689
3.193696
3.196734
3.199802
3.202900
3.206028
3.209184
3.212368
3.215579
3.218817
3.222080
3.225369
3.228681
3.232017
3.235375
3.238755
3.242156
3.245577
3.249017
3.252476
3.255953
3.259446
3.262957
3.266482
3.270023
3.273578
3.277147
3.280728
3.284323
3.287928
3.291545
3.295173
3.298811
3.302458
3.306114
3.309779
3.313451
3.317131
3.320818
3.324511
3.328210
3.331915
3.335625
3.339340
3.343059
3.346781
3.350507
3.354236
3.357968
3.361701
3.365437
3.369174
3.372912
3.376651
3.380390
3.384129
3.387868
3.391607
3.395344
3.399080
3.402814
3.406547
3.410277
3.414005
3.417730
3.421452
3.425170
3.428885
3.432597
3.436304
3.440007
3.443705
3.447399
3.451088
3.454771
3.458449
3.462122
3.465789
3.469450
3.473104
3.476753
3.480395
3.484030
3.487659
3.491280
3.491280
3.494895
3.498502
3.502103
3.505695
3.509281
3.512858
3.516428
3.519990
3.523544
3.527090
3.530628
3.534158
3.537679
3.541192
3.544697
3.548193
3.551681
3.555160
3.558630
3.562092
3.565545
3.568989
3.572425
3.575852
3.579269
3.582678
3.586078
3.589469
3.592852
3.596225
3.599589
3.602944
3.606290
3.609627
3.612955
3.616274
3.619584
3.622884
3.626176
3.629459
3.632732
3.635997
3.639252
3.642499
3.645736
3.648964
3.652184
3.655394
3.658595
3.661787
3.664970
3.668144
3.671310
3.674466
3.677613
3.680751
3.683881
3.687001
3.690112
3.693215
3.696309
3.699393
3.702469
3.705536
3.708594
3.711644
3.714684
3.717716
3.720739
3.723753
3.726758
3.729754
3.732742
3.735721
3.738691
3.741653
3.744606
3.747550
3.750485
3.753412
3.756330
3.759239
3.762140
3.765032
3.767915
3.770790
3.773656
3.776513
3.779362
3.782202
3.785033
3.787856
3.790670
3.793476
3.796273
3.799062
3.801841
3.804613
3.807375
3.807375
3.810129
3.812875
3.815611
3.818340
3.821059
3.823770
3.826473
3.829166
3.831852
3.834528
3.837196
3.839856
3.842507
3.845149
3.847782
3.850407
3.853023
3.855631
3.858230
3.860821
3.863402
3.865976
3.868540
3.871096
3.873643
3.876181
3.878711
3.881232
3.883745
3.886249
3.888744
3.891230
3.893708
3.896177
3.898637
3.901088
3.903531
3.905965
3.908390
3.910807
3.913215
3.915613
3.918004
3.920385
3.922758
3.925121
3.927476
3.929823
3.932160
3.934489
3.936808
3.939119
3.941421
3.943714
3.945999
3.948274
3.950541
3.952798
3.955047
3.957287
3.959518
3.961740
3.963954
3.966158
3.968353
3.970540
3.972718
3.974886
3.977046
3.979197
3.981339
3.983472
3.985596
3.987711
3.989817
3.991914
3.994002
3.996082
3.998152
4.000214
4.002266
4.004310
4.006344
4.008370
4.010386
4.012394
4.014393
4.016383
4.018363
4.020335
4.022298
4.024252
4.026198
4.028134
4.030061
4.031979
4.033889
4.035789
4.037681
4.037681
4.039563
4.041437
4.043302
4.045158
4.047005
4.048844
4.050673
4.052494
4.054305
4.056108
4.057902
4.059687
4.061464
4.063231
4.064990
4.066740
4.068482
4.070214
4.071938
4.073653
4.075359
4.077057
4.078746
4.080426
4.082098
4.083761
4.085415
4.087061
4.088698
4.090327
4.091947
4.093558
4.095161
4.096755
4.098341
4.099919
4.101488
4.103048
4.104600
4.106144
4.107679
4.109206
4.110724
4.112235
4.113737
4.115230
4.116716
4.118193
4.119662
4.121122
4.122575
4.124019
4.125455
4.126884
4.128304
4.129716
4.131120
4.132516
4.133904
4.135284
4.136656
4.138020
4.139376
4.140725
4.142065
4.143398
4.144723
4.146040
4.147350
4.148652
4.149946
4.151233
4.152512
4.153783
4.155047
4.156303
4.157552
4.158793
4.160027
4.161254
4.162473
4.163684
4.164889
4.166086
4.167276
4.168459
4.169634
4.170802
4.171963
4.173117
4.174264
4.175404
4.176537
4.177663
4.178782
4.179894
4.180999
4.182098
4.183189
4.183189
4.184274
4.185352
4.186423
4.187487
4.188545
4.189596
4.190641
4.191679
4.192711
4.193736
4.194754
4.195766
4.196772
4.197771
4.198764
4.199751
4.200731
4.201705
4.202673
4.203635
4.204591
4.205540
4.206484
4.207421
4.208353
4.209278
4.210198
4.211111
4.212019
4.212921
4.213817
4.214707
4.215591
4.216470
4.217343
4.218211
4.219073
4.219929
4.220780
4.221625
4.222465
4.223299
4.224128
4.224951
4.225769
4.226582
4.227390
4.228192
4.228989
4.229781
4.230567
4.231349
4.232125
4.232897
4.233663
4.234424
4.235181
4.235932
4.236678
4.237420
4.238157
4.238889
4.239616
4.240338
4.241056
4.241769
4.242477
4.243181
4.243880
4.244575
4.245265
4.245950
4.246631
4.247308
4.247980
4.248648
4.249311
4.249970
4.250625
4.251275
4.251922
4.252564
4.253202
4.253835
4.254465
4.255090
4.255712
4.256329
4.256942
4.257552
4.258157
4.258759
4.259356
4.259950
4.260540
4.261126
4.261708
4.262286
4.262861
4.262861
4.263432
4.263999
4.264563
4.265123
4.265679
4.266232
4.266782
4.267327
4.267870
4.268408
4.268944
4.269476
4.270004
4.270529
4.271051
4.271569
4.272084
4.272596
4.273105
4.273610
4.274112
4.274611
4.275107
4.275600
4.276089
4.276576
4.277059
4.277539
4.278017
4.278491
4.278962
4.279431
4.279896
4.280359
4.280819
4.281275
4.281729
4.282181
4.282629
4.283074
4.283517
4.283957
4.284395
4.284829
4.285261
4.285691
4.286117
4.286542
4.286963
4.287382
4.287798
4.288212
4.288624
4.289032
4.289439
4.289843
4.290244
4.290643
4.291040
4.291434
4.291826
4.292216
4.292603
4.292988
4.293371
4.293751
4.294129
4.294505
4.294879
4.295250
4.295620
4.295987
4.296352
4.296715
4.297076
4.297434
4.297791
4.298145
4.298498
4.298848
4.299197
4.299543
4.299887
4.300230
4.300570
4.300909
4.301245
4.301580
4.301913
4.302244
4.302573
4.302900
4.303226
4.303549
4.303871
4.304191
4.304509
4.304826
4.305140
4.305140
4.305453
4.305764
4.306074
4.306382
4.306688
4.306992
4.307295
4.307596
4.307896
4.308194
4.308490
4.308785
4.309078
4.309369
4.309659
4.309948
4.310235
4.310520
4.310804
4.311086
4.311367
4.311647
4.311925
4.312201
4.312476
4.312750
4.313022
4.313293
4.313563
4.313831
4.314097
4.314363
4.314627
4.314889
4.315151
4.315411
4.315669
4.315927
4.316183
4.316438
4.316691
4.316943
4.317194
4.317444
4.317693
4.317940
4.318186
4.318431
4.318675
4.318917
4.319159
4.319399
4.319638
4.319876
4.320112
4.320348
4.320582
4.320816
4.321048
4.321279
4.321509
4.321738
4.321966
4.322193
4.322418
4.322643
4.322867
4.323089
4.323311
4.323532
4.323751
4.323970
4.324187
4.324404
4.324619
4.324834
4.325048
4.325260
4.325472
4.325683
4.325892
4.326101
4.326309
4.326516
4.326722
4.326928
4.327132
4.327335
4.327538
4.327739
4.327940
4.328140
4.328339
4.328537
4.328734
4.328931
4.329126
4.329321
4.329515
4.329515
4.329708
4.329900
4.330092
4.330283
4.330472
4.330662
4.330850
4.331037
4.331224
4.331410
4.331595
4.331780
4.331963
4.332146
4.332328
4.332510
4.332690
4.332870
4.333049
4.333228
4.333406
4.333583
4.333759
4.333935
4.334109
4.334284
4.334457
4.334630
4.334802
4.334974
4.335144
4.335315
4.335484
4.335653
4.335821
4.335989
4.336155
4.336322
4.336487
4.336652
4.336816
4.336980
4.337143
4.337305
4.337467
4.337628
4.337789
4.337949
4.338108
4.338267
4.338425
4.338583
4.338740
4.338896
4.339052
4.339207
4.339362
4.339516
4.339669
4.339822
4.339975
4.340127
4.340278
4.340429
4.340579
4.340728
4.340878
4.341026
4.341174
4.341322
4.341469
4.341615
4.341761
4.341906
4.342051
4.342196
4.342339
4.342483
4.342625
4.342768
4.342910
4.343051
4.343192
4.343332
4.343472
4.343611
4.343750
4.343889
4.344026
4.344164
4.344301
4.344437
4.344573
4.344709
4.344844
4.344978
4.345113
4.345246
4.345380
4.345380
4.345512
4.345645
4.345777
4.345908
4.346039
4.346170
4.346300
4.346429
4.346559
4.346687
4.346816
4.346944
4.347071
4.347198
4.347325
4.347451
4.347577
4.347702
4.347827
4.347952
4.348076
4.348200
4.348323
4.348446
4.348569
4.348691
4.348813
4.348934
4.349055
4.349176
4.349296
4.349416
4.349535
4.349654
4.349773
4.349891
4.350009
4.350126
4.350243
4.350360
4.350476
4.350592
4.350708
4.350823
4.350938
4.351053
4.351167
4.351280
4.351394
4.351507
4.351620
4.351732
4.351844
4.351956
4.352067
4.352178
4.352288
4.352399
4.352509
4.352618
4.352727
4.352836
4.352945
4.353053
4.353161
4.353268
4.353375
4.353482
4.353589
4.353695
4.353801
4.353906
4.354011
4.354116
4.354221
4.354325
4.354429
4.354533
4.354636
4.354739
4.354841
4.354944
4.355046
4.355147
4.355249
4.355350
4.355451
4.355551
4.355651
4.355751
4.355851
4.355950
4.356049
4.356147
4.356246
4.356344
4.356441
4.356539
4.356636
4.356636
4.356733
4.356829
4.356926
4.357022
4.357117
4.357213
4.357308
4.357403
4.357497
4.357591
4.357685
4.357779
4.357873
4.357966
4.358058
4.358151
4.358243
4.358335
4.358427
4.358519
4.358610
4.358701
4.358791
4.358882
4.358972
4.359062
4.359151
4.359241
4.359330
4.359418
4.359507
4.359595
4.359683
4.359771
4.359858
4.359946
4.360033
4.360119
4.360206
4.360292
4.360378
4.360464
4.360549
4.360634
4.360719
4.360804
4.360888
4.360973
4.361056
4.361140
4.361224
4.361307
4.361390
4.361473
4.361555
4.361637
4.361719
4.361801
4.361883
4.361964
4.362045
4.362126
4.362206
4.362287
4.362367
4.362447
4.362526
4.362606
4.362685
4.362764
4.362842
4.362921
4.362999
4.363077
4.363155
4.363233
4.363310
4.363387
4.363464
4.363541
4.363617
4.363694
4.363770
4.363845
4.363921
4.363996
4.364072
4.364146
4.364221
4.364296
4.364370
4.364444
4.364518
4.364592
4.364665
4.364738
4.364811
4.364884
4.364957
4.364957
4.365029
4.365101
4.365173
4.365245
4.365317
4.365388
4.365459
4.365530
4.365601
4.365672
4.365742
4.365812
4.365882
4.365952
4.366021
4.366091
4.366160
4.366229
4.366298
4.366366
4.366435
4.366503
4.366571
4.366639
4.366706
4.366774
4.366841
4.366908
4.366975
4.367041
4.367108
4.367174
4.367240
4.367306
4.367372
4.367437
4.367503
4.367568
4.367633
4.367698
4.367762
4.367827
4.367891
4.367955
4.368019
4.368083
4.368146
4.368210
4.368273
4.368336
4.368399
4.368461
4.368524
4.368586
4.368648
4.368710
4.368772
4.368834
4.368895
4.368956
4.369018
4.369078
4.369139
4.369200
4.369260
4.369321
4.369381
4.369441
4.369500
4.369560
4.369619
4.369679
4.369738
4.369797
4.369855
4.369914
4.369972
4.370031
4.370089
4.370147
4.370205
4.370262
4.370320
4.370377
4.370434
4.370491
4.370548
4.370605
4.370661
4.370718
4.370774
4.370830
4.370886
4.370942
4.370997
4.371053
4.371108
4.371163
4.371218
4.371218
4.371273
4.371328
4.371382
4.371437
4.371491
4.371545
4.371599
4.371653
4.371707
4.371760
4.371814
4.371867
4.371920
4.371973
4.372026
4.372078
4.372131
4.372183
4.372235
4.372288
4.372340
4.372391
4.372443
4.372495
4.372546
4.372597
4.372648
4.372699
4.372750
4.372801
4.372852
4.372902
4.372952
4.373002
4.373052
4.373102
4.373152
4.373202
4.373251
4.373301
4.373350
4.373399
4.373448
4.373497
4.373546
4.373594
4.373643
4.373691
4.373739
4.373787
4.373835
4.373883
4.373931
4.373978
4.374026
4.374073
4.374120
4.374167
4.374214
4.374261
4.374308
4.374355
4.374401
4.374447
4.374494
4.374540
4.374586
4.374632
4.374677
4.374723
4.374768
4.374814
4.374859
4.374904
4.374949
4.374994
4.375039
4.375084
4.375128
4.375173
4.375217
4.375261
4.375305
4.375349
4.375393
4.375437
4.375481
4.375524
4.375568
4.375611
4.375654
4.375697
4.375740
4.375783
4.375826
4.375869
4.375911
4.375954
4.375996
4.375996
4.376038
4.376081
4.376123
4.376165
4.376206
4.376248
4.376290
4.376331
4.376373
4.376414
4.376455
4.376496
4.376537
4.376578
4.376619
4.376660
4.376700
4.376741
4.376781
4.376821
4.376861
4.376902
4.376942
4.376981
4.377021
4.377061
4.377100
4.377140
4.377179
4.377219
4.377258
4.377297
4.377336
4.377375
4.377414
4.377452
4.377491
4.377530
4.377568
4.377606
4.377645
4.377683
4.377721
4.377759
4.377797
4.377835
4.377872
4.377910
4.377947
4.377985
4.378022
4.378060
4.378097
4.378134
4.378171
4.378208
4.378245
4.378281
4.378318
4.378354
4.378391
4.378427
4.378464
4.378500
4.378536
4.378572
4.378608
4.378644
4.378680
4.378715
4.378751
4.378787
4.378822
4.378857
4.378893
4.378928
4.378963
4.378998
4.379033
4.379068
4.379103
4.379138
4.379172
4.379207
4.379241
4.379276
4.379310
4.379344
4.379379
4.379413
4.379447
4.379481
4.379515
4.379548
4.379582
4.379616
4.379649
4.379683
4.379716
4.379716
4.379750
4.379783
4.379816
4.379849
4.379882
4.379915
4.379948
4.379981
4.380014
4.380047
4.380079
4.380112
4.380144
4.380177
4.380209
4.380241
4.380273
4.380306
4.380338
4.380370
4.380402
4.380433
4.380465
4.380497
4.380529
4.380560
4.380592
4.380623
4.380655
4.380686
4.380717
4.380748
4.380779
4.380811
4.380841
4.380872
4.380903
4.380934
4.380965
4.380995
4.381026
4.381057
4.381087
4.381118
4.381148
4.381178
4.381208
4.381239
4.381269
4.381299
4.381329
4.381359
4.381389
4.381418
4.381448
4.381478
4.381507
4.381537
4.381566
4.381596
4.381625
4.381655
4.381684
4.381713
4.381742
4.381771
4.381800
4.381829
4.381858
4.381887
4.381916
4.381945
4.381973
4.382002
4.382031
4.382059
4.382088
4.382116
4.382145
4.382173
4.382201
4.382229
4.382257
4.382286
4.382314
4.382342
4.382370
4.382397
4.382425
4.382453
4.382481
4.382509
4.382536
4.382564
4.382591
4.382619
4.382646
4.382674
4.382701
4.382701
4.382728
4.382755
4.382783
4.382810
4.382837
4.382864
4.382891
4.382918
4.382945
4.382971
4.382998
4.383025
4.383052
4.383078
4.383105
4.383132
4.383158
4.383184
4.383211
4.383237
4.383264
4.383290
4.383316
4.383342
4.383368
4.383395
4.383421
4.383447
4.383473
4.383499
4.383524
4.383550
4.383576
4.383602
4.383627
4.383653
4.383679
4.383704
4.383730
4.383755
4.383781
4.383806
4.383832
4.383857
4.383882
4.383907
4.383933
4.383958
4.383983
4.384008
4.384033
4.384058
4.384083
4.384108
4.384133
4.384158
4.384182
4.384207
4.384232
4.384257
4.384281
4.384306
4.384330
4.384355
4.384380
4.384404
4.384428
4.384453
4.384477
4.384501
4.384526
4.384550
4.384574
4.384598
4.384622
4.384647
4.384671
4.384695
4.384719
4.384743
4.384767
4.384790
4.384814
4.384838
4.384862
4.384886
4.384909
4.384933
4.384957
4.384980
4.385004
4.385027
4.385051
4.385074
4.385098
4.385121
4.385145
4.385168
4.385191
4.385191
4.385215
4.385238
4.385261
4.385284
4.385307
4.385330
4.385354
4.385377
4.385400
4.385423
4.385446
4.385469
4.385492
4.385514
4.385537
4.385560
4.385583
4.385606
4.385628
4.385651
4.385674
4.385696
4.385719
4.385742
4.385764
4.385787
4.385809
4.385832
4.385854
4.385877
4.385899
4.385921
4.385944
4.385966
4.385988
4.386010
4.386033
4.386055
4.386077
4.386099
4.386121
4.386143
4.386165
4.386188
4.386210
4.386232
4.386254
4.386275
4.386297
4.386319
4.386341
4.386363
4.386385
4.386407
4.386428
4.386450
4.386472
4.386494
4.386515
4.386537
4.386558
4.386580
4.386602
4.386623
4.386645
4.386666
4.386688
4.386709
4.386731
4.386752
4.386773
4.386795
4.386816
4.386837
4.386859
4.386880
4.386901
4.386923
4.386944
4.386965
4.386986
4.387007
4.387028
4.387049
4.387071
4.387092
4.387113
4.387134
4.387155
4.387176
4.387197
4.387218
4.387239
4.387259
4.387280
4.387301
4.387322
4.387343
4.387364
4.387364
4.387384
4.387405
4.387426
4.387447
4.387467
4.387488
4.387509
4.387529
4.387550
4.387571
4.387591
4.387612
4.387632
4.387653
4.387673
4.387694
4.387714
4.387735
4.387755
4.387776
4.387796
4.387817
4.387837
4.387857
4.387878
4.387898
4.387918
4.387939
4.387959
4.387979
4.388000
4.388020
4.388040
4.388060
4.388080
4.388101
4.388121
4.388141
4.388161
4.388181
4.388201
4.388221
4.388241
4.388261
4.388281
4.388301
4.388321
4.388341
4.388361
4.388381
4.388401
4.388421
4.388441
4.388461
4.388481
4.388501
4.388521
4.388541
4.388560
4.388580
4.388600
4.388620
4.388640
4.388659
4.388679
4.388699
4.388719
4.388738
4.388758
4.388778
4.388797
4.388817
4.388837
4.388856
4.388876
4.388896
4.388915
4.388935
4.388954
4.388974
4.388993
4.389013
4.389032
4.389052
4.389072
4.389091
4.389110
4.389130
4.389149
4.389169
4.389188
4.389208
4.389227
4.389247
4.389266
4.389285
4.389305
4.389324
4.389343
4.389343
4.389363
4.389382
4.389401
4.389421
4.389440
4.389459
4.389479
4.389498
4.389517
4.389536
4.389556
4.389575
4.389594
4.389613
4.389632
4.389652
4.389671
4.389690
4.389709
4.389728
4.389747
4.389767
4.389786
4.389805
4.389824
4.389843
4.389862
4.389881
4.389900
4.389919
4.389938
4.389957
4.389976
4.389995
4.390014
4.390033
4.390052
4.390071
4.390090
4.390109
4.390128
4.390147
4.390166
4.390185
4.390204
4.390223
4.390242
4.390261
4.390280
4.390299
4.390318
4.390337
4.390355
4.390374
4.390393
4.390412
4.390431
4.390450
4.390469
4.390487
4.390506
4.390525
4.390544
4.390563
4.390582
4.390600
4.390619
4.390638
4.390657
4.390675
4.390694
4.390713
4.390732
4.390750
4.390769
4.390788
4.390807
4.390825
4.390844
4.390863
4.390881
4.390900
4.390919
4.390938
4.390956
4.390975
4.390994
4.391012
4.391031
4.391050
4.391068
4.391087
4.391105
4.391124
4.391143
4.391161
4.391180
4.391199
4.391217
4.391217
4.391236
4.391254
4.391273
4.391292
4.391310
4.391329
4.391347
4.391366
4.391385
4.391403
4.391422
4.391440
4.391459
4.391477
4.391496
4.391514
4.391533
4.391551
4.391570
4.391589
4.391607
4.391626
4.391644
4.391663
4.391681
4.391700
4.391718
4.391737
4.391755
4.391774
4.391792
4.391811
4.391829
4.391847
4.391866
4.391884
4.391903
4.391921
4.391940
4.391958
4.391977
4.391995
4.392014
4.392032
4.392050
4.392069
4.392087
4.392106
4.392124
4.392143
4.392161
4.392180
4.392198
4.392216
4.392235
4.392253
4.392272
4.392290
4.392308
4.392327
4.392345
4.392364
4.392382
4.392400
4.392419
4.392437
4.392456
4.392474
4.392492
4.392511
4.392529
4.392548
4.392566
4.392584
4.392603
4.392621
4.392639
4.392658
4.392676
4.392694
4.392713
4.392731
4.392750
4.392768
4.392786
4.392805
4.392823
4.392841
4.392860
4.392878
4.392896
4.392915
4.392933
4.392951
4.392970
4.392988
4.393007
4.393025
4.393043
4.393043
