0.482516
0.635224
0.636148
0.635810
0.635102
0.634264
0.633358
0.632410
0.631436
0.630447
0.629455
0.628466
0.627487
0.626523
0.625578
0.624655
0.623756
0.622882
0.622034
0.621212
0.620416
0.619646
0.618902
0.618182
0.617487
0.616815
0.616165
0.615537
0.614930
0.614343
0.613774
0.613224
0.612691
0.612175
0.611675
0.611189
0.610719
0.610261
0.609818
0.609386
0.608967
0.608559
0.608162
0.607775
0.607399
0.607032
0.606674
0.606325
0.605984
0.605652
0.605327
0.605009
0.604699
0.604396
0.604099
0.603809
0.603524
0.603246
0.602973
0.602706
0.602444
0.602187
0.601935
0.601687
0.601444
0.601206
0.600971
0.600741
0.600515
0.600293
0.600074
0.599859
0.599647
0.599439
0.599234
0.599032
0.598834
0.598638
0.598445
0.598255
0.598067
0.597883
0.597700
0.597521
0.597343
0.597168
0.596996
0.596825
0.596657
0.596490
0.596326
0.596164
0.596003
0.595845
0.595688
0.595534
0.595380
0.595229
0.595079
0.594931
0.594784
0.594639
0.594496
0.594354
0.594213
0.594074
0.593936
0.593799
0.593664
0.593530
0.593397
0.593265
0.593135
0.593006
0.592877
0.592751
0.592625
0.592500
0.592376
0.592253
0.592132
0.592011
0.591891
0.591773
0.591655
0.591538
0.591422
0.591307
0.591193
0.591080
0.590967
0.590856
0.590745
0.590635
0.590526
0.590418
0.590311
0.590204
0.590098
0.589993
0.589889
0.589786
0.589683
0.589581
0.589479
0.589379
0.589279
0.589180
0.589081
0.588984
0.588886
0.588790
0.588694
0.588599
0.588505
0.588411
0.588318
0.588226
0.588134
0.588043
0.587953
0.587863
0.587774
0.587686
0.587598
0.587511
0.587424
0.587338
0.587253
0.587168
0.587084
0.587001
0.586918
0.586836
0.586754
0.586673
0.586593
0.586513
0.586434
0.586355
0.586277
0.586200
0.586123
0.586047
0.585971
0.585896
0.585822
0.585748
0.585675
0.585602
0.585530
0.585458
0.585387
0.585317
0.585247
0.585178
0.585109
0.585041
0.584974
0.584907
0.584840
0.584775
0.584709
0.584645
0.584580
0.584517
0.584454
0.584391
0.584329
0.584268
0.584207
0.584147
0.584087
0.584028
0.583970
0.583912
0.583854
0.583797
0.583741
0.583685
0.583630
0.583575
0.583521
0.583467
0.583414
0.583361
0.583309
0.583258
0.583207
0.583156
0.583106
0.583057
0.583008
0.582960
0.582912
0.582865
0.582818
0.582772
0.582726
0.582681
0.582636
0.582592
0.582549
0.582505
0.582463
0.582421
0.582379
0.582338
0.582298
0.582258
0.582218
0.582179
0.582141
0.582103
0.582065
0.582028
0.581992
0.581956
0.581920
0.581885
0.581851
0.581817
0.581783
0.581750
0.581718
0.581686
0.581655
0.581624
0.581593
0.581563
0.581533
0.581504
0.581476
0.581448
0.581420
0.581393
0.581366
0.581340
0.581315
0.581289
0.581265
0.581240
0.581217
0.581193
0.581170
0.581148
0.581126
0.581105
0.581084
0.581063
0.581043
0.581024
0.581005
0.580986
0.580968
0.580950
0.580933
0.580916
0.580899
0.580883
0.580868
0.580853
0.580838
0.580824
0.580810
0.580797
0.580784
0.580772
0.580760
0.580749
0.580737
0.580727
0.580717
0.580707
0.580697
0.580688
0.580680
0.580672
0.580664
0.580657
0.580650
0.580644
0.580638
0.580632
0.580627
0.580622
0.580618
0.580614
0.580610
0.580607
0.580604
0.580602
0.580600
0.580598
0.580597
0.580596
0.580596
0.580596
0.580596
0.580597
0.580598
0.580599
0.580601
0.580603
0.580606
0.580609
0.580612
0.580616
0.580620
0.580624
0.580629
0.580634
0.580639
0.580645
0.580651
0.580657
0.580664
0.580671
0.580678
0.580686
0.580694
0.580702
0.580711
0.580720
0.580729
0.580738
0.580748
0.580758
0.580768
0.580779
0.580790
0.580801
0.580813
0.580824
0.580836
0.580848
0.580861
0.580874
0.580886
0.580900
0.580913
0.580927
0.580941
0.580955
0.580969
0.580984
0.580998
0.581013
0.581028
0.581044
0.581059
0.581075
0.581091
0.581107
0.581123
0.581139
0.581156
0.581172
0.581189
0.581206
0.581223
0.581241
0.581258
0.581275
0.581293
0.581311
0.581329
0.581347
0.581365
0.581383
0.581401
0.581419
0.581438
0.581456
0.581475
0.581494
0.581512
0.581531
0.581550
0.581569
0.581588
0.581607
0.581626
0.581645
0.581665
0.581684
0.581703
0.581723
0.581742
0.581761
0.581781
0.581801
0.581820
0.581840
0.581860
0.581879
0.581899
0.581919
0.581939
0.581959
0.581979
0.581999
0.582020
0.582040
0.582060
0.582081
0.582101
0.582122
0.582142
0.582163
0.582184
0.582205
0.582226
0.582248
0.582269
0.582290
0.582312
0.582334
0.582356
0.582378
0.582401
0.582423
0.582446
0.582469
0.582492
0.582516
0.582539
0.582563
0.582588
0.582612
0.582637
0.582662
0.582688
0.582713
0.582739
0.582766
0.582793
0.582820
0.582848
0.582876
0.582905
0.582934
0.582963
0.582993
0.583024
0.583055
0.583086
0.583118
0.583151
0.583184
0.583218
0.583253
0.583288
0.583324
0.583360
0.583398
0.583436
0.583474
0.583514
0.583554
0.583554
0.583595
0.583637
0.583680
0.583724
0.583768
0.583814
0.583860
0.583908
0.583956
0.584006
0.584056
0.584108
0.584161
0.584215
0.584270
0.584326
0.584383
0.584442
0.584502
0.584563
0.584626
0.584690
0.584755
0.584822
0.584890
0.584960
0.585031
0.585104
0.585179
0.585254
0.585332
0.585411
0.585492
0.585575
0.585660
0.585746
0.585834
0.585924
0.586016
0.586110
0.586206
0.586304
0.586404
0.586506
0.586610
0.586716
0.586825
0.586936
0.587049
0.587164
0.587282
0.587401
0.587524
0.587649
0.587776
0.587906
0.588038
0.588173
0.588311
0.588451
0.588594
0.588739
0.588888
0.589039
0.589193
0.589350
0.589510
0.589672
0.589838
0.590007
0.590179
0.590353
0.590531
0.590713
0.590897
0.591085
0.591276
0.591470
0.591667
0.591868
0.592072
0.592280
0.592491
0.592706
0.592925
0.593147
0.593372
0.593601
0.593834
0.594071
0.594311
0.594556
0.594804
0.595056
0.595312
0.595572
0.595836
0.596103
0.596375
0.596652
0.596932
0.597216
0.597505
0.597798
0.598095
0.598396
0.598702
0.599012
0.599327
0.599646
0.599969
0.600298
0.600630
0.600968
0.601310
0.601656
0.602007
0.602364
0.602724
0.603090
0.603461
0.603836
0.604217
0.604602
0.604993
0.605388
0.605789
0.606194
0.606605
0.607021
0.607443
0.607869
0.608301
0.608738
0.609181
0.609629
0.610083
0.610542
0.611006
0.611477
0.611953
0.612434
0.612921
0.613414
0.613913
0.614417
0.614928
0.615444
0.615967
0.616495
0.617029
0.617569
0.618116
0.618669
0.619227
0.619793
0.620364
0.620942
0.621526
0.622116
0.622713
0.623316
0.623926
0.624543
0.625166
0.625796
0.626432
0.627076
0.627726
0.628383
0.629047
0.629718
0.630396
0.631081
0.631773
0.632472
0.633178
0.633892
0.634613
0.635342
0.636078
0.636821
0.637572
0.638330
0.639096
0.639870
0.640652
0.641441
0.642239
0.643044
0.643857
0.644679
0.645508
0.646346
0.647192
0.648047
0.648910
0.649781
0.650661
0.651550
0.652447
0.653354
0.654269
0.655193
0.656126
0.657069
0.658021
0.658982
0.659953
0.660933
0.661924
0.662924
0.663933
0.664953
0.665984
0.667024
0.668075
0.669137
0.670209
0.671292
0.672387
0.673492
0.674609
0.675738
0.676878
0.678031
0.679195
0.680372
0.681562
0.682764
0.683980
0.685209
0.686451
0.687708
0.688978
0.690264
0.691564
0.692879
0.694210
0.695556
0.696919
0.698299
0.699696
0.701111
0.702544
0.703995
0.705466
0.706957
0.708468
0.710000
0.711553
0.713129
0.714729
0.716352
0.718000
0.719673
0.721374
0.723101
0.724857
0.726643
0.728459
0.730307
0.732188
0.734103
0.736054
0.738041
0.740067
0.742132
0.744238
0.746386
0.748579
0.750816
0.753101
0.755434
0.757816
0.760249
0.762734
0.765273
0.767866
0.770515
0.773219
0.775981
0.778800
0.781676
0.784610
0.787601
0.790650
0.793755
0.796916
0.800132
0.803401
0.806723
0.810097
0.813519
0.816990
0.820506
0.824067
0.827670
0.831312
0.834994
0.838711
0.842463
0.846247
0.850061
0.853904
0.857774
0.861669
0.865587
0.869527
0.873487
0.877467
0.881464
0.885477
0.889505
0.893547
0.897602
0.901668
0.905746
0.909833
0.913930
0.918035
0.922147
0.926267
0.930393
0.934524
0.938661
0.942803
0.946949
0.951098
0.955251
0.959406
0.963564
0.967724
0.971886
0.976049
0.980213
0.984377
0.988543
0.992708
0.996873
1.001037
1.005201
1.009364
1.013525
1.017685
1.021844
1.026000
1.030153
1.034304
1.038453
1.042598
1.046740
1.050879
1.055013
1.059144
1.063271
1.067393
1.071510
1.075622
1.079729
1.083831
1.087927
1.092017
1.096101
1.100179
1.104250
1.108315
1.112372
1.116423
1.120465
1.124500
1.128528
1.132547
1.136558
1.140560
1.144554
1.148538
1.152514
1.156480
1.160437
1.164384
1.168321
1.172247
1.176164
1.180070
1.183965
1.187849
1.191723
1.195585
1.199435
1.203274
1.207102
1.210917
1.214720
1.218511
1.222290
1.226056
1.229809
1.233550
1.237277
1.240992
1.244693
1.248381
1.252055
1.255716
1.259363
1.262996
1.266615
1.270220
1.273811
1.277387
1.280949
1.284497
1.288031
1.291549
1.295053
1.298542
1.302016
1.305476
1.308920
1.312349
1.315763
1.319163
1.322546
1.325915
1.329268
1.332606
1.335929
1.339236
1.342527
1.345804
1.349064
1.352309
1.355539
1.358753
1.361952
1.365135
1.368302
1.371454
1.374591
1.377711
1.380816
1.383906
1.386980
1.390039
1.393082
1.396110
1.399122
1.402118
1.405100
1.408066
1.411016
1.413952
1.416871
1.419776
1.422666
1.425540
1.428399
1.431243
1.434072
1.436887
1.439686
1.442470
1.445239
1.447994
1.450734
1.453459
1.456170
1.458866
1.461548
1.464215
1.466868
1.469506
1.472130
1.474741
1.477337
1.479918
1.482486
1.485041
1.487581
1.490107
1.492620
1.495119
1.497605
1.500077
1.502536
1.504982
1.507414
1.509833
1.512239
1.514632
1.517012
1.519380
1.521734
1.524076
1.526405
1.528722
1.531026
1.533318
1.533318
1.535598
1.537865
1.540120
1.542363
1.544594
1.546814
1.549021
1.551217
1.553401
1.555574
1.557735
1.559884
1.562023
1.564150
1.566266
1.568370
1.570464
1.572547
1.574619
1.576681
1.578731
1.580771
1.582801
1.584820
1.586829
1.588827
1.590815
1.592793
1.594761
1.596720
1.598668
1.600606
1.602535
1.604454
1.606363
1.608263
1.610154
1.612035
1.613907
1.615769
1.617623
1.619468
1.621303
1.623130
1.624948
1.626757
1.628557
1.630349
1.632132
1.633907
1.635673
1.637431
1.639181
1.640923
1.642656
1.644382
1.646100
1.647809
1.649511
1.651205
1.652892
1.654570
1.656242
1.657905
1.659562
1.661210
1.662852
1.664486
1.666114
1.667734
1.669347
1.670953
1.672552
1.674145
1.675730
1.677309
1.678882
1.680447
1.682006
1.683559
1.685105
1.686645
1.688178
1.689706
1.691227
1.692742
1.694251
1.695754
1.697251
1.698742
1.700227
1.701707
1.703180
1.704648
1.706111
1.707568
1.709019
1.710465
1.711905
1.713340
1.714770
1.716195
1.717614
1.719028
1.720437
1.721841
1.723241
1.724635
1.726024
1.727408
1.728788
1.730162
1.731532
1.732898
1.734259
1.735615
1.736966
1.738314
1.739656
1.740995
1.742329
1.743658
1.744984
1.746305
1.747622
1.748935
1.750244
1.751549
1.752849
1.754146
1.755439
1.756728
1.758013
1.759294
1.760572
1.761846
1.763116
1.764382
1.765645
1.766904
1.768160
1.769412
1.770661
1.771906
1.773148
1.774387
1.775622
1.776854
1.778082
1.779308
1.780530
1.781749
1.782965
1.784178
1.785388
1.786594
1.787798
1.788999
1.790197
1.791392
1.792584
1.793773
1.794960
1.796143
1.797324
1.798502
1.799678
1.800851
1.802021
1.803188
1.804353
1.805516
1.806676
1.807833
1.808988
1.810141
1.811291
1.812438
1.813584
1.814727
1.815867
1.817006
1.818142
1.819275
1.820407
1.821536
1.822664
1.823789
1.824911
1.826032
1.827151
1.828268
1.829382
1.830495
1.831605
1.832714
1.833820
1.834925
1.836028
1.837129
1.838228
1.839325
1.840420
1.841513
1.842605
1.843695
1.844783
1.845869
1.846954
1.848037
1.849118
1.850197
1.851275
1.852351
1.853426
1.854499
1.855570
1.856640
1.857708
1.858775
1.859840
1.860904
1.861966
1.863026
1.864085
1.865143
1.866199
1.867254
1.868308
1.869360
1.870410
1.871459
1.872507
1.873554
1.874599
1.875643
1.876685
1.877726
1.878766
1.879805
1.880842
1.881878
1.882913
1.883947
1.884979
1.886010
1.887040
1.888069
1.889097
1.890123
1.891149
1.892173
1.893196
1.894218
1.895239
1.896258
1.897277
1.898295
1.899311
1.900326
1.901341
1.902354
1.903366
1.904377
1.905387
1.906397
1.907405
1.908412
1.909418
1.910423
1.911427
1.912430
1.913433
1.914434
1.915434
1.916433
1.917432
1.918429
1.919426
1.920422
1.921416
1.922410
1.923403
1.924395
1.925386
1.926377
1.927366
1.928355
1.929343
1.930329
1.931315
1.932301
1.933285
1.934269
1.935251
1.936233
1.937214
1.938194
1.939174
1.940153
1.941130
1.942108
1.943084
1.944059
1.945034
1.946008
1.946981
1.947954
1.948926
1.949897
1.950867
1.951836
1.952805
1.953773
1.954740
1.955707
1.956673
1.957638
1.958602
1.959566
1.960529
1.961491
1.962453
1.963414
1.964374
1.965333
1.966292
1.967250
1.968208
1.969165
1.970121
1.971076
1.972031
1.972985
1.973939
1.974892
1.975844
1.976796
1.977747
1.978697
1.979647
1.980596
1.981544
1.982492
1.983439
1.984386
1.985331
1.986277
1.987222
1.988166
1.989109
1.990052
1.990994
1.991936
1.992877
1.993818
1.994758
1.995697
1.996636
1.997574
1.998512
1.999449
2.000385
2.001321
2.002257
2.003191
2.004126
2.005059
2.005993
2.006925
2.007857
2.008789
2.009720
2.010650
2.011580
2.012510
2.013438
2.014367
2.015295
2.016222
2.017149
2.018075
2.019001
2.019926
2.020851
2.021775
2.022698
2.023622
2.024544
2.025467
2.026388
2.027310
2.028230
2.029151
2.030071
2.030990
2.031909
2.032827
2.033745
2.034663
2.035580
2.036496
2.037412
2.038328
2.039243
2.040158
2.041072
2.041986
2.042899
2.043812
2.044725
2.045637
2.046549
2.047460
2.048371
2.049282
2.050192
2.051101
2.052011
2.052919
2.053828
2.054736
2.055644
2.056551
2.057458
2.058364
2.059270
2.060176
2.061081
2.061986
2.062891
2.063795
2.064699
2.065603
2.066506
2.067409
2.068311
2.069214
2.070116
2.071017
2.071918
2.072819
2.073720
2.074620
2.075520
2.076419
2.077319
2.078218
2.079117
2.080015
2.080913
2.081811
2.082709
2.083606
2.084503
2.085400
2.086296
2.087192
2.088089
2.088984
2.089880
2.090775
2.091670
2.092565
2.093460
2.094354
2.095248
2.096142
2.097036
2.097929
2.098823
2.099716
2.100609
2.101502
2.102395
2.103287
2.104180
2.105072
2.105964
2.106856
2.107748
2.108639
2.109531
2.110422
2.111314
2.112205
2.113096
2.113987
2.114878
2.115769
2.116660
2.117551
2.118442
2.119332
2.120223
2.121114
2.122004
2.122895
2.123786
2.123786
2.124676
2.125567
2.126458
2.127349
2.128239
2.129130
2.130021
2.130912
2.131803
2.132695
2.133586
2.134477
2.135369
2.136261
2.137153
2.138045
2.138937
2.139829
2.140722
2.141615
2.142508
2.143401
2.144295
2.145188
2.146082
2.146977
2.147872
2.148767
2.149662
2.150558
2.151454
2.152350
2.153247
2.154144
2.155042
2.155940
2.156839
2.157738
2.158638
2.159538
2.160439
2.161340
2.162242
2.163145
2.164048
2.164952
2.165856
2.166761
2.167667
2.168574
2.169481
2.170389
2.171298
2.172208
2.173119
2.174030
2.174942
2.175856
2.176770
2.177685
2.178602
2.179519
2.180438
2.181357
2.182278
2.183200
2.184123
2.185047
2.185972
2.186899
2.187827
2.188757
2.189688
2.190620
2.191553
2.192488
2.193425
2.194363
2.195303
2.196244
2.197187
2.198132
2.199078
2.200026
2.200976
2.201927
2.202881
2.203836
2.204793
2.205752
2.206713
2.207676
2.208641
2.209607
2.210576
2.211547
2.212520
2.213495
2.214473
2.215452
2.216433
2.217417
2.218403
2.219391
2.220381
2.221373
2.222367
2.223364
2.224362
2.225363
2.226366
2.227370
2.228377
2.229386
2.230397
2.231409
2.232424
2.233440
2.234458
2.235478
2.236499
2.237522
2.238546
2.239572
2.240599
2.241627
2.242656
2.243686
2.244716
2.245748
2.246780
2.247812
2.248845
2.249878
2.250912
2.251945
2.252978
2.254010
2.255042
2.256074
2.257104
2.258134
2.259163
2.260190
2.261217
2.262242
2.263265
2.264286
2.265306
2.266324
2.267339
2.268353
2.269364
2.270373
2.271379
2.272383
2.273383
2.274381
2.275376
2.276368
2.277357
2.278342
2.279324
2.280302
2.281276
2.282247
2.283213
2.284176
2.285133
2.286087
2.287035
2.287979
2.288917
2.289850
2.290778
2.291699
2.292614
2.293522
2.294423
2.295318
2.296204
2.297083
2.297954
2.298816
2.299669
2.300514
2.301349
2.302174
2.302989
2.303795
2.304591
2.305376
2.306152
2.306917
2.307673
2.308419
2.309155
2.309883
2.310601
2.311312
2.312014
2.312709
2.313397
2.314079
2.314756
2.315427
2.316093
2.316756
2.317415
2.318070
2.318724
2.319375
2.320024
2.320672
2.321318
2.321964
2.322610
2.323254
2.323899
2.324543
2.325187
2.325831
2.326476
2.327120
2.327764
2.328408
2.329051
2.329695
2.330338
2.330981
2.331623
2.332265
2.332906
2.333546
2.334185
2.334823
2.335460
2.336095
2.336729
2.337362
2.337992
2.338621
2.339247
2.339871
2.340492
2.341111
2.341726
2.342338
2.342946
2.343551
2.344151
2.344747
2.345338
2.345924
2.346505
2.347081
2.347651
2.348214
2.348772
2.349323
2.349867
2.350405
2.350936
2.351459
2.351975
2.352484
2.352985
2.353479
2.353965
2.354442
2.354912
2.355374
2.355828
2.356274
2.356712
2.357142
2.357563
2.357977
2.358382
2.358780
2.359169
2.359550
2.359924
2.360289
2.360647
2.360997
2.361340
2.361674
2.362002
2.362322
2.362634
2.362939
2.363237
2.363528
2.363812
2.364089
2.364360
2.364623
2.364881
2.365131
2.365376
2.365614
2.365846
2.366072
2.366293
2.366507
2.366717
2.366920
2.367118
2.367311
2.367499
2.367682
2.367859
2.368032
2.368201
2.368365
2.368524
2.368679
2.368830
2.368977
2.369119
2.369258
2.369393
2.369525
2.369652
2.369777
2.369898
2.370015
2.370130
2.370242
2.370350
2.370456
2.370559
2.370659
2.370757
2.370852
2.370944
2.371035
2.371123
2.371208
2.371292
2.371374
2.371454
2.371532
2.371608
2.371682
2.371755
2.371826
2.371895
2.371963
2.372030
2.372095
2.372159
2.372222
2.372284
2.372344
2.372403
2.372462
2.372519
2.372576
2.372631
2.372686
2.372740
2.372793
2.372845
2.372897
2.372948
2.372998
2.373048
2.373097
2.373146
2.373194
2.373242
2.373290
2.373337
2.373384
2.373430
2.373476
2.373522
2.373567
2.373613
2.373658
2.373703
2.373747
2.373792
2.373836
2.373880
2.373925
2.373969
2.374013
2.374057
2.374100
2.374144
2.374188
2.374232
2.374276
2.374320
2.374363
2.374407
2.374451
2.374495
2.374539
2.374583
2.374627
2.374671
2.374716
2.374760
2.374805
2.374849
2.374894
2.374939
2.374984
2.375029
2.375074
2.375119
2.375164
2.375210
2.375256
2.375301
2.375347
2.375393
2.375439
2.375486
2.375532
2.375579
2.375626
2.375673
2.375720
2.375767
2.375814
2.375862
2.375909
2.375957
2.376005
2.376053
2.376101
2.376149
2.376198
2.376246
2.376295
2.376344
2.376393
2.376442
2.376491
2.376541
2.376590
2.376640
2.376690
2.376740
2.376790
2.376840
2.376890
2.376940
2.376991
2.377041
2.377092
2.377143
2.377194
2.377245
2.377296
2.377347
2.377398
2.377450
2.377501
2.377553
2.377605
2.377656
2.377708
2.377760
2.377812
2.377864
2.377917
2.377969
2.378021
2.378074
2.378126
2.378178
2.378231
2.378284
2.378336
2.378389
2.378442
2.378495
2.378548
2.378601
2.378654
2.378707
2.378760
2.378813
2.378866
2.378920
2.378973
2.379026
2.379080
2.379133
2.379186
2.379240
2.379293
2.379347
2.379347
2.379400
2.379454
2.379507
2.379561
2.379614
2.379668
2.379722
2.379775
2.379829
2.379882
2.379936
2.379990
2.380043
2.380097
2.380151
2.380204
2.380258
2.380311
2.380365
2.380419
2.380472
2.380526
2.380579
2.380633
2.380687
2.380740
2.380794
2.380847
2.380901
2.380954
2.381008
2.381061
2.381114
2.381168
2.381221
2.381275
2.381328
2.381381
2.381434
2.381488
2.381541
2.381594
2.381647
2.381700
2.381753
2.381806
2.381859
2.381912
2.381965
2.382018
2.382071
2.382124
2.382176
2.382229
2.382282
2.382334
2.382387
2.382439
2.382492
2.382544
2.382597
2.382649
2.382701
2.382754
2.382806
2.382858
2.382910
2.382962
2.383014
2.383066
2.383118
2.383170
2.383222
2.383273
2.383325
2.383377
2.383428
2.383480
2.383531
2.383582
2.383634
2.383685
2.383736
2.383787
2.383838
2.383890
2.383940
2.383991
2.384042
2.384093
2.384144
2.384194
2.384245
2.384296
2.384346
2.384396
2.384447
2.384497
2.384547
2.384597
2.384648
2.384698
2.384747
2.384797
2.384847
2.384897
2.384947
2.384996
2.385046
2.385095
2.385145
2.385194
2.385243
2.385293
2.385342
2.385391
2.385440
2.385489
2.385538
2.385586
2.385635
2.385684
2.385732
2.385781
2.385829
2.385878
2.385926
2.385974
2.386023
2.386071
2.386119
2.386167
2.386215
2.386262
2.386310
2.386358
2.386405
2.386453
2.386500
2.386548
2.386595
2.386642
2.386689
2.386737
2.386784
2.386831
2.386877
2.386924
2.386971
2.387018
2.387064
2.387111
2.387157
2.387204
2.387250
2.387296
2.387342
2.387388
2.387434
2.387480
2.387526
2.387572
2.387618
2.387663
2.387709
2.387755
2.387800
2.387845
2.387891
2.387936
2.387981
2.388026
2.388071
2.388116
2.388161
2.388206
2.388250
2.388295
2.388340
2.388384
2.388429
2.388473
2.388517
2.388561
2.388606
2.388650
2.388694
2.388738
2.388781
2.388825
2.388869
2.388913
2.388956
2.389000
2.389043
2.389086
2.389130
2.389173
2.389216
2.389259
2.389302
2.389345
2.389388
2.389431
2.389473
2.389516
2.389559
2.389601
2.389643
2.389686
2.389728
2.389770
2.389812
2.389855
2.389897
2.389939
2.389980
2.390022
2.390064
2.390106
2.390147
2.390189
2.390230
2.390272
2.390313
2.390354
2.390395
2.390436
2.390477
2.390518
2.390559
2.390600
2.390641
2.390682
2.390722
2.390763
2.390803
2.390844
2.390884
2.390924
2.390965
2.391005
2.391045
2.391085
2.391125
2.391165
2.391205
2.391244
2.391284
2.391324
2.391363
2.391403
2.391442
2.391482
2.391521
2.391560
2.391599
2.391638
2.391677
2.391716
2.391755
2.391794
2.391833
2.391872
2.391910
2.391949
2.391987
2.392026
2.392064
2.392102
2.392141
2.392179
2.392217
2.392255
2.392293
2.392331
2.392369
2.392407
2.392444
2.392482
2.392520
2.392557
2.392595
2.392632
2.392670
2.392707
2.392744
2.392781
2.392818
2.392856
2.392893
2.392929
2.392966
2.393003
2.393040
2.393077
2.393113
2.393150
2.393186
2.393223
2.393259
2.393295
2.393332
2.393368
2.393404
2.393440
2.393476
2.393512
2.393548
2.393584
2.393620
2.393655
2.393691
2.393727
2.393762
2.393798
2.393833
2.393869
2.393904
2.393939
2.393974
2.394009
2.394045
2.394080
2.394115
2.394149
2.394184
2.394219
2.394254
2.394289
2.394323
2.394358
2.394392
2.394427
2.394461
2.394495
2.394530
2.394564
2.394598
2.394632
2.394666
2.394700
2.394734
2.394768
2.394802
2.394836
2.394869
2.394903
2.394937
2.394970
2.395004
2.395037
2.395071
2.395104
2.395137
2.395170
2.395204
2.395237
2.395270
2.395303
2.395336
2.395369
2.395402
2.395434
2.395467
2.395500
2.395532
2.395565
2.395598
2.395630
2.395662
2.395695
2.395727
2.395759
2.395792
2.395824
2.395856
2.395888
2.395920
2.395952
2.395984
2.396016
2.396048
2.396079
2.396111
2.396143
2.396174
2.396206
2.396237
2.396269
2.396300
2.396331
2.396363
2.396394
2.396425
2.396456
2.396487
2.396519
2.396549
2.396580
2.396611
2.396642
2.396673
2.396704
2.396734
2.396765
2.396796
2.396826
2.396857
2.396887
2.396918
2.396948
2.396978
2.397008
2.397039
2.397069
2.397099
2.397129
2.397159
2.397189
2.397219
2.397249
2.397279
2.397308
2.397338
2.397368
2.397397
2.397427
2.397457
2.397486
2.397516
2.397545
2.397574
2.397604
2.397633
2.397662
2.397691
2.397720
2.397749
2.397778
2.397807
2.397836
2.397865
2.397894
2.397923
2.397952
2.397980
2.398009
2.398038
2.398066
2.398095
2.398123
2.398152
2.398180
2.398208
2.398237
2.398265
2.398293
2.398321
2.398350
2.398378
2.398406
2.398434
2.398462
2.398490
2.398517
2.398545
2.398573
2.398601
2.398628
2.398656
2.398684
2.398711
2.398739
2.398766
2.398794
2.398821
2.398848
2.398876
2.398903
2.398930
2.398957
2.398984
2.399012
2.399039
2.399066
2.399093
2.399119
2.399146
2.399173
2.399200
2.399227
2.399253
2.399280
2.399307
2.399333
2.399360
2.399386
2.399413
2.399413
2.399439
2.399466
2.399492
2.399518
2.399544
2.399571
2.399597
2.399623
2.399649
2.399675
2.399701
2.399727
2.399753
2.399779
2.399805
2.399831
2.399856
2.399882
2.399908
2.399933
2.399959
2.399985
2.400010
2.400036
2.400061
2.400086
2.400112
2.400137
2.400162
2.400188
2.400213
2.400238
2.400263
2.400288
2.400313
2.400338
2.400363
2.400388
2.400413
2.400438
2.400463
2.400488
2.400512
2.400537
2.400562
2.400587
2.400611
2.400636
2.400660
2.400685
2.400709
2.400734
2.400758
2.400782
2.400807
2.400831
2.400855
2.400879
2.400903
2.400927
2.400951
2.400976
2.401000
2.401023
2.401047
2.401071
2.401095
2.401119
2.401143
2.401166
2.401190
2.401214
2.401237
2.401261
2.401285
2.401308
2.401332
2.401355
2.401378
2.401402
2.401425
2.401448
2.401472
2.401495
2.401518
2.401541
2.401564
2.401588
2.401611
2.401634
2.401657
2.401680
2.401702
2.401725
2.401748
2.401771
2.401794
2.401816
2.401839
2.401862
2.401884
2.401907
2.401930
2.401952
2.401975
2.401997
2.402019
2.402042
2.402064
2.402087
2.402109
2.402131
2.402153
2.402175
2.402198
2.402220
2.402242
2.402264
2.402286
2.402308
2.402330
2.402352
2.402374
2.402395
2.402417
2.402439
2.402461
2.402482
2.402504
2.402526
2.402547
2.402569
2.402590
2.402612
2.402633
2.402655
2.402676
2.402698
2.402719
2.402740
2.402762
2.402783
2.402804
2.402825
2.402846
2.402867
2.402889
2.402910
2.402931
2.402952
2.402973
2.402994
2.403014
2.403035
2.403056
2.403077
2.403098
2.403118
2.403139
2.403160
2.403180
2.403201
2.403222
2.403242
2.403263
2.403283
2.403303
2.403324
2.403344
2.403365
2.403385
2.403405
2.403425
2.403446
2.403466
2.403486
2.403506
2.403526
2.403546
2.403566
2.403586
2.403606
2.403626
2.403646
2.403666
2.403686
2.403706
2.403726
2.403745
2.403765
2.403785
2.403804
2.403824
2.403844
2.403863
2.403883
2.403902
2.403922
2.403941
2.403961
2.403980
2.404000
2.404019
2.404038
2.404057
2.404077
2.404096
2.404115
2.404134
2.404153
2.404173
2.404192
2.404211
2.404230
2.404249
2.404268
2.404287
2.404305
2.404324
2.404343
2.404362
2.404381
2.404400
2.404418
2.404437
2.404456
2.404474
2.404493
2.404511
2.404530
2.404549
2.404567
2.404586
2.404604
2.404622
2.404641
2.404659
2.404677
2.404696
2.404714
2.404732
2.404750
2.404769
2.404787
2.404805
2.404823
2.404841
2.404859
2.404877
2.404895
2.404913
2.404931
2.404949
2.404967
2.404985
2.405003
2.405020
2.405038
2.405056
2.405074
2.405091
2.405109
2.405127
2.405144
2.405162
2.405179
2.405197
2.405215
2.405232
2.405249
2.405267
2.405284
2.405302
2.405319
2.405336
2.405354
2.405371
2.405388
2.405405
2.405423
2.405440
2.405457
2.405474
2.405491
2.405508
2.405525
2.405542
2.405559
2.405576
2.405593
2.405610
2.405627
2.405644
2.405661
2.405677
2.405694
2.405711
2.405728
2.405744
2.405761
2.405778
2.405794
2.405811
2.405827
2.405844
2.405861
2.405877
2.405893
2.405910
2.405926
2.405943
2.405959
2.405976
2.405992
2.406008
2.406024
2.406041
2.406057
2.406073
2.406089
2.406105
2.406122
2.406138
2.406154
2.406170
2.406186
2.406202
2.406218
2.406234
2.406250
2.406266
2.406282
2.406297
2.406313
2.406329
2.406345
2.406361
2.406376
2.406392
2.406408
2.406424
2.406439
2.406455
2.406470
2.406486
2.406502
2.406517
2.406533
2.406548
2.406564
2.406579
2.406594
2.406610
2.406625
2.406641
2.406656
2.406671
2.406687
2.406702
2.406717
2.406732
2.406747
2.406763
2.406778
2.406793
2.406808
2.406823
2.406838
2.406853
2.406868
2.406883
2.406898
2.406913
2.406928
2.406943
2.406958
2.406973
2.406988
2.407002
2.407017
2.407032
2.407047
2.407062
2.407076
2.407091
2.407106
2.407120
2.407135
2.407149
2.407164
2.407179
2.407193
2.407208
2.407222
2.407237
2.407251
2.407266
2.407280
2.407294
2.407309
2.407323
2.407337
2.407352
2.407366
2.407380
2.407395
2.407409
2.407423
2.407437
2.407451
2.407466
2.407480
2.407494
2.407508
2.407522
2.407536
2.407550
2.407564
2.407578
2.407592
2.407606
2.407620
2.407634
2.407648
2.407661
2.407675
2.407689
2.407703
2.407717
2.407731
2.407744
2.407758
2.407772
2.407785
2.407799
2.407813
2.407826
2.407840
2.407854
2.407867
2.407881
2.407894
2.407908
2.407921
2.407935
2.407948
2.407962
2.407975
2.407989
2.408002
2.408015
2.408029
2.408042
2.408055
2.408069
2.408082
2.408095
2.408108
2.408122
2.408135
2.408148
2.408161
2.408174
2.408187
2.408201
2.408214
2.408227
2.408240
2.408253
2.408266
2.408279
2.408292
2.408305
2.408318
2.408331
2.408344
2.408356
2.408369
2.408382
2.408395
2.408408
2.408421
2.408434
2.408446
2.408459
2.408472
2.408485
2.408497
2.408510
2.408523
2.408535
2.408548
2.408561
2.408573
2.408586
2.408598
2.408611
2.408623
2.408636
2.408636
2.408648
2.408661
2.408673
2.408686
2.408698
2.408711
2.408723
2.408735
2.408748
2.408760
2.408773
2.408785
2.408797
2.408809
2.408822
2.408834
2.408846
2.408859
2.408871
2.408883
2.408895
2.408907
2.408919
2.408932
2.408944
2.408956
2.408968
2.408980
2.408992
2.409004
2.409016
2.409028
2.409040
2.409052
2.409064
2.409076
2.409088
2.409100
2.409112
2.409124
2.409135
2.409147
2.409159
2.409171
2.409183
2.409195
2.409206
2.409218
2.409230
2.409242
2.409253
2.409265
2.409277
2.409289
2.409300
2.409312
2.409323
2.409335
2.409347
2.409358
2.409370
2.409381
2.409393
2.409405
2.409416
2.409428
2.409439
2.409451
2.409462
2.409473
2.409485
2.409496
2.409508
2.409519
2.409531
2.409542
2.409553
2.409565
2.409576
2.409587
2.409599
2.409610
2.409621
2.409632
2.409644
2.409655
2.409666
2.409677
2.409689
2.409700
2.409711
2.409722
2.409733
2.409744
2.409755
2.409767
2.409778
2.409789
2.409800
2.409811
2.409822
2.409833
2.409844
2.409855
2.409866
2.409877
2.409888
2.409899
2.409910
2.409921
2.409932
2.409942
2.409953
2.409964
2.409975
2.409986
2.409997
2.410008
2.410018
2.410029
2.410040
2.410051
2.410062
2.410072
2.410083
2.410094
2.410105
2.410115
2.410126
2.410137
2.410147
2.410158
2.410169
2.410179
2.410190
2.410200
2.410211
2.410222
2.410232
2.410243
2.410253
2.410264
2.410274
2.410285
2.410295
2.410306
2.410316
2.410327
2.410337
2.410348
2.410358
2.410369
2.410379
2.410390
2.410400
2.410410
2.410421
2.410431
2.410441
2.410452
2.410462
2.410472
2.410483
2.410493
2.410503
2.410514
2.410524
2.410534
2.410544
2.410555
2.410565
2.410575
2.410585
2.410595
2.410606
2.410616
2.410626
2.410636
2.410646
2.410656
2.410667
2.410677
2.410687
2.410697
2.410707
2.410717
2.410727
2.410737
2.410747
2.410757
2.410767
2.410777
2.410787
2.410797
2.410807
2.410817
2.410827
2.410837
2.410847
2.410857
2.410867
2.410877
2.410887
2.410897
2.410907
2.410916
2.410926
2.410936
2.410946
2.410956
2.410966
2.410976
2.410985
2.410995
2.411005
2.411015
2.411024
2.411034
2.411044
2.411054
2.411063
2.411073
2.411083
2.411093
2.411102
2.411112
2.411122
2.411131
2.411141
2.411151
2.411160
2.411170
2.411180
2.411189
2.411199
2.411209
2.411218
2.411228
2.411237
2.411247
2.411256
2.411266
2.411276
2.411285
2.411295
2.411304
2.411314
2.411323
2.411333
2.411342
2.411352
2.411361
2.411371
2.411380
2.411389
2.411399
2.411408
2.411418
2.411427
2.411437
2.411446
2.411455
2.411465
2.411474
2.411483
2.411493
2.411502
2.411512
2.411521
2.411530
2.411539
2.411549
2.411558
2.411567
2.411577
2.411586
2.411595
2.411605
2.411614
2.411623
2.411632
2.411642
2.411651
2.411660
2.411669
2.411678
2.411688
2.411697
2.411706
2.411715
2.411724
2.411733
2.411743
2.411752
2.411761
2.411770
2.411779
2.411788
2.411797
2.411807
2.411816
2.411825
2.411834
2.411843
2.411852
2.411861
2.411870
2.411879
2.411888
2.411897
2.411906
2.411915
2.411924
2.411933
2.411942
2.411951
2.411960
2.411969
2.411978
2.411987
2.411996
2.412005
2.412014
2.412023
2.412032
2.412041
2.412050
2.412059
2.412068
2.412076
2.412085
2.412094
2.412103
2.412112
2.412121
2.412130
2.412139
2.412147
2.412156
2.412165
2.412174
2.412183
2.412192
2.412200
2.412209
2.412218
2.412227
2.412236
2.412244
2.412253
2.412262
2.412271
2.412279
2.412288
2.412297
2.412306
2.412314
2.412323
2.412332
2.412341
2.412349
2.412358
2.412367
2.412375
2.412384
2.412393
2.412401
2.412410
2.412419
2.412427
2.412436
2.412445
2.412453
2.412462
2.412471
2.412479
2.412488
2.412497
2.412505
2.412514
2.412522
2.412531
2.412540
2.412548
2.412557
2.412565
2.412574
2.412582
2.412591
2.412600
2.412608
2.412617
2.412625
2.412634
2.412642
2.412651
2.412659
2.412668
2.412676
2.412685
2.412693
2.412702
2.412710
2.412719
2.412727
2.412736
2.412744
2.412753
2.412761
2.412769
2.412778
2.412786
2.412795
2.412803
2.412812
2.412820
2.412828
2.412837
2.412845
2.412854
2.412862
2.412870
2.412879
2.412887
2.412895
2.412904
2.412912
2.412921
2.412929
2.412937
2.412946
2.412954
2.412962
2.412971
2.412979
2.412987
2.412996
2.413004
2.413012
2.413021
2.413029
2.413037
2.413045
2.413054
2.413062
2.413070
2.413078
2.413087
2.413095
2.413103
2.413112
2.413120
2.413128
2.413136
2.413144
2.413153
2.413161
2.413169
2.413177
2.413186
2.413194
2.413202
2.413210
2.413218
2.413227
2.413235
2.413243
2.413251
2.413259
2.413267
2.413276
2.413284
2.413292
2.413300
2.413308
2.413316
2.413325
2.413333
2.413341
2.413349
2.413357
2.413365
2.413373
2.413381
2.413390
2.413398
2.413406
2.413414
2.413422
2.413430
2.413438
2.413446
2.413454
2.413462
2.413470
2.413478
2.413487
2.413495
2.413503
2.413503
2.413511
2.413519
2.413527
2.413535
2.413543
2.413551
2.413559
2.413567
2.413575
2.413583
2.413591
2.413599
2.413607
2.413615
2.413623
2.413631
2.413639
2.413647
2.413655
2.413663
2.413671
2.413679
2.413687
2.413695
2.413703
2.413711
2.413719
2.413727
2.413735
2.413743
2.413750
2.413758
2.413766
2.413774
2.413782
2.413790
2.413798
2.413806
2.413814
2.413822
2.413830
2.413838
2.413845
2.413853
2.413861
2.413869
2.413877
2.413885
2.413893
2.413901
2.413908
2.413916
2.413924
2.413932
2.413940
2.413948
2.413956
2.413963
2.413971
2.413979
2.413987
2.413995
2.414003
2.414010
2.414018
2.414026
2.414034
2.414042
2.414050
2.414057
2.414065
2.414073
2.414081
2.414089
2.414096
2.414104
2.414112
2.414120
2.414128
2.414135
2.414143
2.414151
2.414159
2.414166
2.414174
2.414182
2.414190
2.414197
2.414205
2.414213
2.414221
2.414228
2.414236
2.414244
2.414252
2.414259
2.414267
2.414275
2.414282
2.414290
2.414298
2.414306
2.414313
2.414321
2.414329
2.414336
2.414344
2.414352
2.414360
2.414367
2.414375
2.414383
2.414390
2.414398
2.414406
2.414413
2.414421
2.414429
2.414436
2.414444
2.414452
2.414459
2.414467
2.414475
2.414482
2.414490
2.414497
2.414505
2.414513
2.414520
2.414528
2.414536
2.414543
2.414551
2.414558
2.414566
2.414574
2.414581
2.414589
2.414596
2.414604
2.414612
2.414619
2.414627
2.414634
2.414642
2.414650
2.414657
2.414665
2.414672
2.414680
2.414688
2.414695
2.414703
2.414710
2.414718
2.414725
2.414733
2.414740
2.414748
2.414756
2.414763
2.414771
2.414778
2.414786
2.414793
2.414801
2.414808
2.414816
2.414823
2.414831
2.414838
2.414846
2.414853
2.414861
2.414868
2.414876
2.414883
2.414891
2.414898
2.414906
2.414913
2.414921
2.414928
2.414936
2.414943
2.414951
2.414958
2.414966
2.414973
2.414981
2.414988
2.414996
2.415003
2.415011
2.415018
2.415026
2.415033
2.415041
2.415048
2.415055
2.415063
2.415070
2.415078
2.415085
2.415093
2.415100
2.415107
2.415115
2.415122
2.415130
2.415137
2.415145
2.415152
2.415159
2.415167
2.415174
2.415182
2.415189
2.415197
2.415204
2.415211
2.415219
2.415226
2.415233
2.415241
2.415248
2.415256
2.415263
2.415270
2.415278
2.415285
2.415293
2.415300
2.415307
2.415315
2.415322
2.415329
2.415337
2.415344
2.415351
2.415359
2.415366
2.415374
2.415381
2.415388
2.415396
2.415403
2.415410
2.415418
2.415425
2.415432
2.415440
2.415447
2.415454
2.415462
2.415469
2.415476
2.415484
2.415491
2.415498
2.415505
2.415513
2.415520
2.415527
2.415535
2.415542
2.415549
2.415557
2.415564
2.415571
2.415578
2.415586
2.415593
2.415600
2.415608
2.415615
2.415622
2.415629
2.415637
2.415644
2.415651
2.415659
2.415666
2.415673
2.415680
2.415688
2.415695
2.415702
2.415709
2.415717
2.415724
2.415731
2.415738
2.415746
2.415753
2.415760
2.415767
2.415775
2.415782
2.415789
2.415796
2.415803
2.415811
2.415818
2.415825
2.415832
2.415840
2.415847
2.415854
2.415861
2.415868
2.415876
2.415883
2.415890
2.415897
2.415904
2.415912
2.415919
2.415926
2.415933
2.415940
2.415948
2.415955
2.415962
2.415969
2.415976
2.415984
2.415991
2.415998
2.416005
2.416012
2.416019
2.416027
2.416034
2.416041
2.416048
2.416055
2.416062
2.416069
2.416077
2.416084
2.416091
2.416098
2.416105
2.416112
2.416120
2.416127
2.416134
2.416141
2.416148
2.416155
2.416162
2.416169
2.416177
2.416184
2.416191
2.416198
2.416205
2.416212
2.416219
2.416226
2.416234
2.416241
2.416248
2.416255
2.416262
2.416269
2.416276
2.416283
2.416290
2.416297
2.416305
2.416312
2.416319
2.416326
2.416333
2.416340
2.416347
2.416354
2.416361
2.416368
2.416375
2.416382
2.416389
2.416397
2.416404
2.416411
2.416418
2.416425
2.416432
2.416439
2.416446
2.416453
2.416460
2.416467
2.416474
2.416481
2.416488
2.416495
2.416502
2.416509
2.416516
2.416523
2.416530
2.416538
2.416545
2.416552
2.416559
2.416566
2.416573
2.416580
2.416587
2.416594
2.416601
2.416608
2.416615
2.416622
2.416629
2.416636
2.416643
2.416650
2.416657
2.416664
2.416671
2.416678
2.416685
2.416692
2.416699
2.416706
2.416713
2.416720
2.416727
2.416734
2.416741
2.416748
2.416755
2.416762
2.416769
2.416776
2.416782
2.416789
2.416796
2.416803
2.416810
2.416817
2.416824
2.416831
2.416838
2.416845
2.416852
2.416859
2.416866
2.416873
2.416880
2.416887
2.416894
2.416901
2.416908
2.416915
2.416921
2.416928
2.416935
2.416942
2.416949
2.416956
2.416963
2.416970
2.416977
2.416984
2.416991
2.416998
2.417005
2.417011
2.417018
2.417025
2.417032
2.417039
2.417046
2.417053
2.417060
2.417067
2.417074
2.417081
2.417087
2.417094
2.417101
2.417108
2.417115
2.417122
2.417129
2.417136
2.417142
2.417149
2.417156
2.417163
2.417170
2.417177
2.417184
2.417184
2.417191
2.417197
2.417204
2.417211
2.417218
2.417225
2.417232
2.417239
2.417245
2.417252
2.417259
2.417266
2.417273
2.417280
2.417287
2.417293
2.417300
2.417307
2.417314
2.417321
2.417328
2.417334
2.417341
2.417348
2.417355
2.417362
2.417369
2.417375
2.417382
2.417389
2.417396
2.417403
2.417409
2.417416
2.417423
2.417430
2.417437
2.417444
2.417450
2.417457
2.417464
2.417471
2.417478
2.417484
2.417491
2.417498
2.417505
2.417511
2.417518
2.417525
2.417532
2.417539
2.417545
2.417552
2.417559
2.417566
2.417573
2.417579
2.417586
2.417593
2.417600
2.417606
2.417613
2.417620
2.417627
2.417633
2.417640
2.417647
2.417654
2.417660
2.417667
2.417674
2.417681
2.417687
2.417694
2.417701
2.417708
2.417714
2.417721
2.417728
2.417735
2.417741
2.417748
2.417755
2.417762
2.417768
2.417775
2.417782
2.417788
2.417795
2.417802
2.417809
2.417815
2.417822
2.417829
2.417835
2.417842
2.417849
2.417856
2.417862
2.417869
2.417876
2.417882
2.417889
2.417896
2.417902
2.417909
2.417916
2.417923
2.417929
2.417936
2.417943
2.417949
2.417956
2.417963
2.417969
2.417976
2.417983
2.417989
2.417996
2.418003
2.418009
2.418016
2.418023
2.418029
2.418036
2.418043
2.418049
2.418056
2.418063
2.418069
2.418076
2.418083
2.418089
2.418096
2.418103
2.418109
2.418116
2.418123
2.418129
2.418136
2.418142
2.418149
2.418156
2.418162
2.418169
2.418176
2.418182
2.418189
2.418195
2.418202
2.418209
2.418215
2.418222
2.418229
2.418235
2.418242
2.418248
2.418255
2.418262
2.418268
2.418275
2.418281
2.418288
2.418295
2.418301
2.418308
2.418314
2.418321
2.418328
2.418334
2.418341
2.418347
2.418354
2.418361
2.418367
2.418374
2.418380
2.418387
2.418394
2.418400
2.418407
2.418413
2.418420
2.418426
2.418433
2.418440
2.418446
2.418453
2.418459
2.418466
2.418472
2.418479
2.418485
2.418492
2.418499
2.418505
2.418512
2.418518
2.418525
2.418531
2.418538
2.418544
2.418551
2.418557
2.418564
2.418571
2.418577
2.418584
2.418590
2.418597
2.418603
2.418610
2.418616
2.418623
2.418629
2.418636
2.418642
2.418649
2.418655
2.418662
2.418668
2.418675
2.418681
2.418688
2.418694
2.418701
2.418707
2.418714
2.418720
2.418727
2.418733
2.418740
2.418746
2.418753
2.418759
2.418766
2.418772
2.418779
2.418785
2.418792
2.418798
2.418805
2.418811
2.418818
2.418824
2.418831
2.418837
2.418844
2.418850
2.418857
2.418863
2.418870
2.418876
2.418882
2.418889
2.418895
2.418902
2.418908
2.418915
2.418921
2.418928
2.418934
2.418941
2.418947
2.418953
2.418960
2.418966
2.418973
2.418979
2.418986
2.418992
2.418998
2.419005
2.419011
2.419018
2.419024
2.419031
2.419037
2.419043
2.419050
2.419056
2.419063
2.419069
2.419076
2.419082
2.419088
2.419095
2.419101
2.419108
2.419114
2.419120
2.419127
2.419133
2.419140
2.419146
2.419152
2.419159
2.419165
2.419172
2.419178
2.419184
2.419191
2.419197
2.419204
2.419210
2.419216
2.419223
2.419229
2.419236
2.419242
2.419248
2.419255
2.419261
2.419267
2.419274
2.419280
2.419286
2.419293
2.419299
2.419306
2.419312
2.419318
2.419325
2.419331
2.419337
2.419344
2.419350
2.419356
2.419363
2.419369
2.419375
2.419382
2.419388
2.419394
2.419401
2.419407
2.419414
2.419420
2.419426
2.419433
2.419439
2.419445
2.419452
2.419458
2.419464
2.419470
2.419477
2.419483
2.419489
2.419496
2.419502
2.419508
2.419515
2.419521
2.419527
2.419534
2.419540
2.419546
2.419553
2.419559
2.419565
2.419571
2.419578
2.419584
2.419590
2.419597
2.419603
2.419609
2.419616
2.419622
2.419628
2.419634
2.419641
2.419647
2.419653
2.419660
2.419666
2.419672
2.419678
2.419685
2.419691
2.419697
2.419703
2.419710
2.419716
2.419722
2.419728
2.419735
2.419741
2.419747
2.419754
2.419760
2.419766
2.419772
2.419779
2.419785
2.419791
2.419797
2.419804
2.419810
2.419816
2.419822
2.419828
2.419835
2.419841
2.419847
2.419853
2.419860
2.419866
2.419872
2.419878
2.419885
2.419891
2.419897
2.419903
2.419909
2.419916
2.419922
2.419928
2.419934
2.419941
2.419947
2.419953
2.419959
2.419965
2.419972
2.419978
2.419984
2.419990
2.419996
2.420003
2.420009
2.420015
2.420021
2.420027
2.420034
2.420040
2.420046
2.420052
2.420058
2.420065
2.420071
2.420077
2.420083
2.420089
2.420095
2.420102
2.420108
2.420114
2.420120
2.420126
2.420132
2.420139
2.420145
2.420151
2.420157
2.420163
2.420169
2.420176
2.420182
2.420188
2.420194
2.420200
2.420206
2.420213
2.420219
2.420225
2.420231
2.420237
2.420243
2.420249
2.420256
2.420262
2.420268
2.420274
2.420280
2.420286
2.420292
2.420299
2.420305
2.420311
2.420317
2.420323
2.420329
2.420335
2.420341
2.420348
2.420354
2.420360
2.420366
2.420372
2.420378
2.420384
2.420390
2.420396
2.420403
2.420409
2.420415
2.420415
2.420421
2.420427
2.420433
2.420439
2.420445
2.420451
2.420457
2.420463
2.420470
2.420476
2.420482
2.420488
2.420494
2.420500
2.420506
2.420512
2.420518
2.420524
2.420530
2.420537
2.420543
2.420549
2.420555
2.420561
2.420567
2.420573
2.420579
2.420585
2.420591
2.420597
2.420603
2.420609
2.420615
2.420621
2.420627
2.420634
2.420640
2.420646
2.420652
2.420658
2.420664
2.420670
2.420676
2.420682
2.420688
2.420694
2.420700
2.420706
2.420712
2.420718
2.420724
2.420730
2.420736
2.420742
2.420748
2.420754
2.420760
2.420766
2.420772
2.420778
2.420784
2.420790
2.420796
2.420802
2.420808
2.420814
2.420820
2.420827
2.420833
2.420839
2.420845
2.420851
2.420857
2.420863
2.420869
2.420875
2.420881
2.420887
2.420893
2.420899
2.420904
2.420910
2.420916
2.420922
2.420928
2.420934
2.420940
2.420946
2.420952
2.420958
2.420964
2.420970
2.420976
2.420982
2.420988
2.420994
2.421000
2.421006
2.421012
2.421018
2.421024
2.421030
2.421036
2.421042
2.421048
2.421054
2.421060
2.421066
2.421072
2.421078
2.421084
2.421090
2.421096
2.421101
2.421107
2.421113
2.421119
2.421125
2.421131
2.421137
2.421143
2.421149
2.421155
2.421161
2.421167
2.421173
2.421179
2.421185
2.421190
2.421196
2.421202
2.421208
2.421214
2.421220
2.421226
2.421232
2.421238
2.421244
2.421250
2.421256
2.421262
2.421267
2.421273
2.421279
2.421285
2.421291
2.421297
2.421303
2.421309
2.421315
2.421321
2.421326
2.421332
2.421338
2.421344
2.421350
2.421356
2.421362
2.421368
2.421374
2.421379
2.421385
2.421391
2.421397
2.421403
2.421409
2.421415
2.421421
2.421426
2.421432
2.421438
2.421444
2.421450
2.421456
2.421462
2.421468
2.421473
2.421479
2.421485
2.421491
2.421497
2.421503
2.421509
2.421514
2.421520
2.421526
2.421532
2.421538
2.421544
2.421549
2.421555
2.421561
2.421567
2.421573
2.421579
2.421585
2.421590
2.421596
2.421602
2.421608
2.421614
2.421620
2.421625
2.421631
2.421637
2.421643
2.421649
2.421654
2.421660
2.421666
2.421672
2.421678
2.421684
2.421689
2.421695
2.421701
2.421707
2.421713
2.421718
2.421724
2.421730
2.421736
2.421742
2.421747
2.421753
2.421759
2.421765
2.421771
2.421776
2.421782
2.421788
2.421794
2.421800
2.421805
2.421811
2.421817
2.421823
2.421829
2.421834
2.421840
2.421846
2.421852
2.421857
2.421863
2.421869
2.421875
2.421881
2.421886
2.421892
2.421898
2.421904
2.421909
2.421915
2.421921
2.421927
2.421932
2.421938
2.421944
2.421950
2.421955
2.421961
2.421967
2.421973
2.421979
2.421984
2.421990
2.421996
2.422001
2.422007
2.422013
2.422019
2.422024
2.422030
2.422036
2.422042
2.422047
2.422053
2.422059
2.422065
2.422070
2.422076
2.422082
2.422088
2.422093
2.422099
2.422105
2.422110
2.422116
2.422122
2.422128
2.422133
2.422139
2.422145
2.422150
2.422156
2.422162
2.422168
2.422173
2.422179
2.422185
2.422190
2.422196
2.422202
2.422208
2.422213
2.422219
2.422225
2.422230
2.422236
2.422242
2.422247
2.422253
2.422259
2.422264
2.422270
2.422276
2.422282
2.422287
2.422293
2.422299
2.422304
2.422310
2.422316
2.422321
2.422327
2.422333
2.422338
2.422344
2.422350
2.422355
2.422361
2.422367
2.422372
2.422378
2.422384
2.422389
2.422395
2.422401
2.422406
2.422412
2.422418
2.422423
2.422429
2.422435
2.422440
2.422446
2.422452
2.422457
2.422463
2.422468
2.422474
2.422480
2.422485
2.422491
2.422497
2.422502
2.422508
2.422514
2.422519
2.422525
2.422530
2.422536
2.422542
2.422547
2.422553
2.422559
2.422564
2.422570
2.422575
2.422581
2.422587
2.422592
2.422598
2.422604
2.422609
2.422615
2.422620
2.422626
2.422632
2.422637
2.422643
2.422648
2.422654
2.422660
2.422665
2.422671
2.422676
2.422682
2.422688
2.422693
2.422699
2.422704
2.422710
2.422716
2.422721
2.422727
2.422732
2.422738
2.422744
2.422749
2.422755
2.422760
2.422766
2.422771
2.422777
2.422783
2.422788
2.422794
2.422799
2.422805
2.422811
2.422816
2.422822
2.422827
2.422833
2.422838
2.422844
2.422849
2.422855
2.422861
2.422866
2.422872
2.422877
2.422883
2.422888
2.422894
2.422900
2.422905
2.422911
2.422916
2.422922
2.422927
2.422933
2.422938
2.422944
2.422949
2.422955
2.422961
2.422966
2.422972
2.422977
2.422983
2.422988
2.422994
2.422999
2.423005
2.423010
2.423016
2.423021
2.423027
2.423032
2.423038
2.423043
2.423049
2.423055
2.423060
2.423066
2.423071
2.423077
2.423082
2.423088
2.423093
2.423099
2.423104
2.423110
2.423115
2.423121
2.423126
2.423132
2.423137
2.423143
2.423148
2.423154
2.423159
2.423165
2.423170
2.423176
2.423181
2.423187
2.423192
2.423198
2.423203
2.423209
2.423214
2.423220
2.423225
2.423231
2.423236
2.423242
2.423247
2.423253
2.423258
2.423264
2.423269
2.423274
2.423280
2.423285
2.423291
2.423296
2.423296
2.423302
2.423307
2.423313
2.423318
2.423324
2.423329
2.423335
2.423340
2.423346
2.423351
2.423356
2.423362
2.423367
2.423373
2.423378
2.423384
2.423389
2.423395
2.423400
2.423406
2.423411
2.423416
2.423422
2.423427
2.423433
2.423438
2.423444
2.423449
2.423455
2.423460
2.423465
2.423471
2.423476
2.423482
2.423487
2.423493
2.423498
2.423503
2.423509
2.423514
2.423520
2.423525
2.423531
2.423536
2.423541
2.423547
2.423552
2.423558
2.423563
2.423569
2.423574
2.423579
2.423585
2.423590
2.423596
2.423601
2.423606
2.423612
2.423617
2.423623
2.423628
2.423633
2.423639
2.423644
2.423650
2.423655
2.423660
2.423666
2.423671
2.423677
2.423682
2.423687
2.423693
2.423698
2.423704
2.423709
2.423714
2.423720
2.423725
2.423731
2.423736
2.423741
2.423747
2.423752
2.423757
2.423763
2.423768
2.423774
2.423779
2.423784
2.423790
2.423795
2.423800
2.423806
2.423811
2.423817
2.423822
2.423827
2.423833
2.423838
2.423843
2.423849
2.423854
2.423859
2.423865
2.423870
2.423876
2.423881
2.423886
2.423892
2.423897
2.423902
2.423908
2.423913
2.423918
2.423924
2.423929
2.423934
2.423940
2.423945
2.423950
2.423956
2.423961
2.423966
2.423972
2.423977
2.423982
2.423988
2.423993
2.423998
2.424004
2.424009
2.424014
2.424020
2.424025
2.424030
2.424036
2.424041
2.424046
2.424052
2.424057
2.424062
2.424068
2.424073
2.424078
2.424084
2.424089
2.424094
2.424100
2.424105
2.424110
2.424115
2.424121
2.424126
2.424131
2.424137
2.424142
2.424147
2.424153
2.424158
2.424163
2.424168
2.424174
2.424179
2.424184
2.424190
2.424195
2.424200
2.424206
2.424211
2.424216
2.424221
2.424227
2.424232
2.424237
2.424243
2.424248
2.424253
2.424258
2.424264
2.424269
2.424274
2.424280
2.424285
2.424290
2.424295
2.424301
2.424306
2.424311
2.424316
2.424322
2.424327
2.424332
2.424337
2.424343
2.424348
2.424353
2.424359
2.424364
2.424369
2.424374
2.424380
2.424385
2.424390
2.424395
2.424401
2.424406
2.424411
2.424416
2.424422
2.424427
2.424432
2.424437
2.424443
2.424448
2.424453
2.424458
2.424464
2.424469
2.424474
2.424479
2.424485
2.424490
2.424495
2.424500
2.424506
2.424511
2.424516
2.424521
2.424526
2.424532
2.424537
2.424542
2.424547
2.424553
2.424558
2.424563
2.424568
2.424573
2.424579
2.424584
2.424589
2.424594
2.424600
2.424605
2.424610
2.424615
2.424620
2.424626
2.424631
2.424636
2.424641
2.424646
2.424652
2.424657
2.424662
2.424667
2.424673
2.424678
2.424683
2.424688
2.424693
2.424699
2.424704
2.424709
2.424714
2.424719
2.424724
2.424730
2.424735
2.424740
2.424745
2.424750
2.424756
2.424761
2.424766
2.424771
2.424776
2.424782
2.424787
2.424792
2.424797
2.424802
2.424807
2.424813
2.424818
2.424823
2.424828
2.424833
2.424839
2.424844
2.424849
2.424854
2.424859
2.424864
2.424870
2.424875
2.424880
2.424885
2.424890
2.424895
2.424901
2.424906
2.424911
2.424916
2.424921
2.424926
2.424931
2.424937
2.424942
2.424947
2.424952
2.424957
2.424962
2.424968
2.424973
2.424978
2.424983
2.424988
2.424993
2.424998
2.425004
2.425009
2.425014
2.425019
2.425024
2.425029
2.425034
2.425040
2.425045
2.425050
2.425055
2.425060
2.425065
2.425070
2.425075
2.425081
2.425086
2.425091
2.425096
2.425101
2.425106
2.425111
2.425117
2.425122
2.425127
2.425132
2.425137
2.425142
2.425147
2.425152
2.425157
2.425163
2.425168
2.425173
2.425178
2.425183
2.425188
2.425193
2.425198
2.425203
2.425209
2.425214
2.425219
2.425224
2.425229
2.425234
2.425239
2.425244
2.425249
2.425254
2.425260
2.425265
2.425270
2.425275
2.425280
2.425285
2.425290
2.425295
2.425300
2.425305
2.425311
2.425316
2.425321
2.425326
2.425331
2.425336
2.425341
2.425346
2.425351
2.425356
2.425361
2.425366
2.425372
2.425377
2.425382
2.425387
2.425392
2.425397
2.425402
2.425407
2.425412
2.425417
2.425422
2.425427
2.425432
2.425437
2.425443
2.425448
2.425453
2.425458
2.425463
2.425468
2.425473
2.425478
2.425483
2.425488
2.425493
2.425498
2.425503
2.425508
2.425513
2.425518
2.425523
2.425529
2.425534
2.425539
2.425544
2.425549
2.425554
2.425559
2.425564
2.425569
2.425574
2.425579
2.425584
2.425589
2.425594
2.425599
2.425604
2.425609
2.425614
2.425619
2.425624
2.425629
2.425634
2.425639
2.425644
2.425649
2.425655
2.425660
2.425665
2.425670
2.425675
2.425680
2.425685
2.425690
2.425695
2.425700
2.425705
2.425710
2.425715
2.425720
2.425725
2.425730
2.425735
2.425740
2.425745
2.425750
2.425755
2.425760
2.425765
2.425770
2.425775
2.425780
2.425785
2.425790
2.425795
2.425800
2.425805
2.425810
2.425815
2.425820
2.425825
2.425830
2.425835
2.425840
2.425845
2.425850
2.425855
2.425860
2.425865
2.425870
2.425875
2.425880
2.425885
2.425890
2.425895
2.425900
2.425900
2.425905
2.425910
2.425915
2.425920
2.425925
2.425930
2.425935
2.425940
2.425945
2.425950
2.425955
2.425960
2.425965
2.425970
2.425975
2.425980
2.425985
2.425990
2.425995
2.426000
2.426005
2.426009
2.426014
2.426019
2.426024
2.426029
2.426034
2.426039
2.426044
2.426049
2.426054
2.426059
2.426064
2.426069
2.426074
2.426079
2.426084
2.426089
2.426094
2.426099
2.426104
2.426109
2.426114
2.426119
2.426124
2.426129
2.426133
2.426138
2.426143
2.426148
2.426153
2.426158
2.426163
2.426168
2.426173
2.426178
2.426183
2.426188
2.426193
2.426198
2.426203
2.426208
2.426213
2.426218
2.426222
2.426227
2.426232
2.426237
2.426242
2.426247
2.426252
2.426257
2.426262
2.426267
2.426272
2.426277
2.426282
2.426287
2.426291
2.426296
2.426301
2.426306
2.426311
2.426316
2.426321
2.426326
2.426331
2.426336
2.426341
2.426346
2.426351
2.426355
2.426360
2.426365
2.426370
2.426375
2.426380
2.426385
2.426390
2.426395
2.426400
2.426405
2.426409
2.426414
2.426419
2.426424
2.426429
2.426434
2.426439
2.426444
2.426449
2.426454
2.426458
2.426463
2.426468
2.426473
2.426478
2.426483
2.426488
2.426493
2.426498
2.426503
2.426507
2.426512
2.426517
2.426522
2.426527
2.426532
2.426537
2.426542
2.426546
2.426551
2.426556
2.426561
2.426566
2.426571
2.426576
2.426581
2.426586
2.426590
2.426595
2.426600
2.426605
2.426610
2.426615
2.426620
2.426625
2.426629
2.426634
2.426639
2.426644
2.426649
2.426654
2.426659
2.426663
2.426668
2.426673
2.426678
2.426683
2.426688
2.426693
2.426698
2.426702
2.426707
2.426712
2.426717
2.426722
2.426727
2.426732
2.426736
2.426741
2.426746
2.426751
2.426756
2.426761
2.426766
2.426770
2.426775
2.426780
2.426785
2.426790
2.426795
2.426799
2.426804
2.426809
2.426814
2.426819
2.426824
2.426828
2.426833
2.426838
2.426843
2.426848
2.426853
2.426858
2.426862
2.426867
2.426872
2.426877
2.426882
2.426887
2.426891
2.426896
2.426901
2.426906
2.426911
2.426916
2.426920
2.426925
2.426930
2.426935
2.426940
2.426944
2.426949
2.426954
2.426959
2.426964
2.426969
2.426973
2.426978
2.426983
2.426988
2.426993
2.426997
2.427002
2.427007
2.427012
2.427017
2.427022
2.427026
2.427031
2.427036
2.427041
2.427046
2.427050
2.427055
2.427060
2.427065
2.427070
2.427074
2.427079
2.427084
2.427089
2.427094
2.427098
2.427103
2.427108
2.427113
2.427118
2.427122
2.427127
2.427132
2.427137
2.427142
2.427146
2.427151
2.427156
2.427161
2.427166
2.427170
2.427175
2.427180
2.427185
2.427190
2.427194
2.427199
2.427204
2.427209
2.427213
2.427218
2.427223
2.427228
2.427233
2.427237
2.427242
2.427247
2.427252
2.427256
2.427261
2.427266
2.427271
2.427276
2.427280
2.427285
2.427290
2.427295
2.427299
2.427304
2.427309
2.427314
2.427318
2.427323
2.427328
2.427333
2.427338
2.427342
2.427347
2.427352
2.427357
2.427361
2.427366
2.427371
2.427376
2.427380
2.427385
2.427390
2.427395
2.427399
2.427404
2.427409
2.427414
2.427418
2.427423
2.427428
2.427433
2.427437
2.427442
2.427447
2.427452
2.427456
2.427461
2.427466
2.427471
2.427475
2.427480
2.427485
2.427490
2.427494
2.427499
2.427504
2.427509
2.427513
2.427518
2.427523
2.427528
2.427532
2.427537
2.427542
2.427547
2.427551
2.427556
2.427561
2.427566
2.427570
2.427575
2.427580
2.427584
2.427589
2.427594
2.427599
2.427603
2.427608
2.427613
2.427618
2.427622
2.427627
2.427632
2.427636
2.427641
2.427646
2.427651
2.427655
2.427660
2.427665
2.427669
2.427674
2.427679
2.427684
2.427688
2.427693
2.427698
2.427702
2.427707
2.427712
2.427717
2.427721
2.427726
2.427731
2.427735
2.427740
2.427745
2.427750
2.427754
2.427759
2.427764
2.427768
2.427773
2.427778
2.427783
2.427787
2.427792
2.427797
2.427801
2.427806
2.427811
2.427815
2.427820
2.427825
2.427829
2.427834
2.427839
2.427844
2.427848
2.427853
2.427858
2.427862
2.427867
2.427872
2.427876
2.427881
2.427886
2.427890
2.427895
2.427900
2.427905
2.427909
2.427914
2.427919
2.427923
2.427928
2.427933
2.427937
2.427942
2.427947
2.427951
2.427956
2.427961
2.427965
2.427970
2.427975
2.427979
2.427984
2.427989
2.427993
2.427998
2.428003
2.428007
2.428012
2.428017
2.428021
2.428026
2.428031
2.428036
2.428040
2.428045
2.428050
2.428054
2.428059
2.428063
2.428068
2.428073
2.428077
2.428082
2.428087
2.428091
2.428096
2.428101
2.428105
2.428110
2.428115
2.428119
2.428124
2.428129
2.428133
2.428138
2.428143
2.428147
2.428152
2.428157
2.428161
2.428166
2.428171
2.428175
2.428180
2.428185
2.428189
2.428194
2.428198
2.428203
2.428208
2.428212
2.428217
2.428222
2.428226
2.428231
2.428236
2.428240
2.428245
2.428250
2.428254
2.428259
2.428263
2.428268
2.428273
2.428277
2.428282
2.428287
2.428291
2.428296
2.428296
2.428301
2.428305
2.428310
2.428314
2.428319
2.428324
2.428328
2.428333
2.428338
2.428342
2.428347
2.428351
2.428356
2.428361
2.428365
2.428370
2.428375
2.428379
2.428384
2.428388
2.428393
2.428398
2.428402
2.428407
2.428412
2.428416
2.428421
2.428425
2.428430
2.428435
2.428439
2.428444
2.428449
2.428453
2.428458
2.428462
2.428467
2.428472
2.428476
2.428481
2.428485
2.428490
2.428495
2.428499
2.428504
2.428508
2.428513
2.428518
2.428522
2.428527
2.428531
2.428536
2.428541
2.428545
2.428550
2.428554
2.428559
2.428564
2.428568
2.428573
2.428577
2.428582
2.428587
2.428591
2.428596
2.428600
2.428605
2.428610
2.428614
2.428619
2.428623
2.428628
2.428633
2.428637
2.428642
2.428646
2.428651
2.428656
2.428660
2.428665
2.428669
2.428674
2.428678
2.428683
2.428688
2.428692
2.428697
2.428701
2.428706
2.428711
2.428715
2.428720
2.428724
2.428729
2.428733
2.428738
2.428743
2.428747
2.428752
2.428756
2.428761
2.428765
2.428770
2.428775
2.428779
2.428784
2.428788
2.428793
2.428797
2.428802
2.428807
2.428811
2.428816
2.428820
2.428825
2.428829
2.428834
2.428839
2.428843
2.428848
2.428852
2.428857
2.428861
2.428866
2.428871
2.428875
2.428880
2.428884
2.428889
2.428893
2.428898
2.428902
2.428907
2.428912
2.428916
2.428921
2.428925
2.428930
2.428934
2.428939
2.428943
2.428948
2.428953
2.428957
2.428962
2.428966
2.428971
2.428975
2.428980
2.428984
2.428989
2.428993
2.428998
2.429003
2.429007
2.429012
2.429016
2.429021
2.429025
2.429030
2.429034
2.429039
2.429043
2.429048
2.429052
2.429057
2.429062
2.429066
2.429071
2.429075
2.429080
2.429084
2.429089
2.429093
2.429098
2.429102
2.429107
2.429111
2.429116
2.429120
2.429125
2.429130
2.429134
2.429139
2.429143
2.429148
2.429152
2.429157
2.429161
2.429166
2.429170
2.429175
2.429179
2.429184
2.429188
2.429193
2.429197
2.429202
2.429206
2.429211
2.429216
2.429220
2.429225
2.429229
2.429234
2.429238
2.429243
2.429247
2.429252
2.429256
2.429261
2.429265
2.429270
2.429274
2.429279
2.429283
2.429288
2.429292
2.429297
2.429301
2.429306
2.429310
2.429315
2.429319
2.429324
2.429328
2.429333
2.429337
2.429342
2.429346
2.429351
2.429355
2.429360
2.429364
2.429369
2.429373
2.429378
2.429382
2.429387
2.429391
2.429396
2.429400
2.429405
2.429409
2.429414
2.429418
2.429423
2.429427
2.429432
2.429436
2.429441
2.429445
2.429450
2.429454
2.429459
2.429463
2.429468
2.429472
2.429477
2.429481
2.429486
2.429490
2.429495
2.429499
2.429504
2.429508
2.429513
2.429517
2.429522
2.429526
2.429531
2.429535
2.429540
2.429544
2.429548
2.429553
2.429557
2.429562
2.429566
2.429571
2.429575
2.429580
2.429584
2.429589
2.429593
2.429598
2.429602
2.429607
2.429611
2.429616
2.429620
2.429625
2.429629
2.429634
2.429638
2.429642
2.429647
2.429651
2.429656
2.429660
2.429665
2.429669
2.429674
2.429678
2.429683
2.429687
2.429692
2.429696
2.429701
2.429705
2.429709
2.429714
2.429718
2.429723
2.429727
2.429732
2.429736
2.429741
2.429745
2.429750
2.429754
2.429758
2.429763
2.429767
2.429772
2.429776
2.429781
2.429785
2.429790
2.429794
2.429799
2.429803
2.429807
2.429812
2.429816
2.429821
2.429825
2.429830
2.429834
2.429839
2.429843
2.429848
2.429852
2.429856
2.429861
2.429865
2.429870
2.429874
2.429879
2.429883
2.429888
2.429892
2.429896
2.429901
2.429905
2.429910
2.429914
2.429919
2.429923
2.429927
2.429932
2.429936
2.429941
2.429945
2.429950
2.429954
2.429959
2.429963
2.429967
2.429972
2.429976
2.429981
2.429985
2.429990
2.429994
2.429998
2.430003
2.430007
2.430012
2.430016
2.430021
2.430025
2.430029
2.430034
2.430038
2.430043
2.430047
2.430052
2.430056
2.430060
2.430065
2.430069
2.430074
2.430078
2.430082
2.430087
2.430091
2.430096
2.430100
2.430105
2.430109
2.430113
2.430118
2.430122
2.430127
2.430131
2.430136
2.430140
2.430144
2.430149
2.430153
2.430158
2.430162
2.430166
2.430171
2.430175
2.430180
2.430184
2.430188
2.430193
2.430197
2.430202
2.430206
2.430210
2.430215
2.430219
2.430224
2.430228
2.430233
2.430237
2.430241
2.430246
2.430250
2.430255
2.430259
2.430263
2.430268
2.430272
2.430277
2.430281
2.430285
2.430290
2.430294
2.430299
2.430303
2.430307
2.430312
2.430316
2.430321
2.430325
2.430329
2.430334
2.430338
2.430342
2.430347
2.430351
2.430356
2.430360
2.430364
2.430369
2.430373
2.430378
2.430382
2.430386
2.430391
2.430395
2.430400
2.430404
2.430408
2.430413
2.430417
2.430422
2.430426
2.430430
2.430435
2.430439
2.430443
2.430448
2.430452
2.430457
2.430461
2.430465
2.430470
2.430474
2.430478
2.430483
2.430487
2.430492
2.430496
2.430500
2.430505
2.430509
2.430513
2.430518
2.430522
2.430527
2.430531
2.430535
2.430540
2.430540
