0.375592
-0.699141
-0.712403
-0.716102
-0.717305
-0.718133
-0.718990
-0.719936
-0.720964
-0.722061
-0.723212
-0.724406
-0.725635
-0.726891
-0.728168
-0.729462
-0.730768
-0.732085
-0.733408
-0.734735
-0.736065
-0.737396
-0.738725
-0.740053
-0.741377
-0.742697
-0.744012
-0.745321
-0.746623
-0.747918
-0.749204
-0.750483
-0.751753
-0.753015
-0.754267
-0.755510
-0.756744
-0.757968
-0.759182
-0.760387
-0.761583
-0.762769
-0.763945
-0.765112
-0.766270
-0.767419
-0.768559
-0.769690
-0.770813
-0.771927
-0.773033
-0.774131
-0.775222
-0.776304
-0.777380
-0.778449
-0.779510
-0.780566
-0.781615
-0.782657
-0.783694
-0.784726
-0.785752
-0.786773
-0.787789
-0.788801
-0.789808
-0.790811
-0.791810
-0.792806
-0.793798
-0.794786
-0.795772
-0.796754
-0.797734
-0.798711
-0.799686
-0.800659
-0.801630
-0.802599
-0.803566
-0.804532
-0.805496
-0.806459
-0.807420
-0.808381
-0.809341
-0.810300
-0.811258
-0.812215
-0.813172
-0.814129
-0.815085
-0.816040
-0.816996
-0.817951
-0.818905
-0.819860
-0.820815
-0.821769
-0.822724
-0.823678
-0.824633
-0.825587
-0.826541
-0.827496
-0.828450
-0.829405
-0.830359
-0.831314
-0.832268
-0.833223
-0.834177
-0.835132
-0.836086
-0.837040
-0.837994
-0.838948
-0.839902
-0.840856
-0.841809
-0.842763
-0.843716
-0.844668
-0.845620
-0.846572
-0.847524
-0.848475
-0.849425
-0.850375
-0.851324
-0.852273
-0.853221
-0.854168
-0.855114
-0.856060
-0.857005
-0.857949
-0.858892
-0.859834
-0.860775
-0.861714
-0.862653
-0.863591
-0.864527
-0.865463
-0.866396
-0.867329
-0.868260
-0.869190
-0.870119
-0.871046
-0.871971
-0.872895
-0.873817
-0.874738
-0.875656
-0.876574
-0.877489
-0.878403
-0.879314
-0.880224
-0.881132
-0.882039
-0.882943
-0.883845
-0.884745
-0.885643
-0.886539
-0.887433
-0.888324
-0.889214
-0.890101
-0.890986
-0.891869
-0.892750
-0.893628
-0.894504
-0.895377
-0.896248
-0.897117
-0.897983
-0.898847
-0.899709
-0.900568
-0.901424
-0.902278
-0.903129
-0.903978
-0.904825
-0.905668
-0.906510
-0.907348
-0.908184
-0.909017
-0.909848
-0.910676
-0.911501
-0.912324
-0.913144
-0.913962
-0.914776
-0.915588
-0.916398
-0.917204
-0.918008
-0.918810
-0.919608
-0.920404
-0.921197
-0.921988
-0.922776
-0.923561
-0.924343
-0.925123
-0.925900
-0.926674
-0.927446
-0.928215
-0.928981
-0.929745
-0.930506
-0.931264
-0.932020
-0.932773
-0.933523
-0.934271
-0.935016
-0.935759
-0.936499
-0.937236
-0.937971
-0.938703
-0.939432
-0.940160
-0.940884
-0.941606
-0.942326
-0.943043
-0.943757
-0.944469
-0.945179
-0.945886
-0.946591
-0.947293
-0.947993
-0.948691
-0.949386
-0.950078
-0.950769
-0.951457
-0.952143
-0.952826
-0.953508
-0.954186
-0.954863
-0.955538
-0.956210
-0.956880
-0.957548
-0.958213
-0.958877
-0.959538
-0.960198
-0.960855
-0.961510
-0.962163
-0.962814
-0.963463
-0.964110
-0.964755
-0.965398
-0.966039
-0.966678
-0.967315
-0.967950
-0.968583
-0.969215
-0.969844
-0.970472
-0.971098
-0.971722
-0.972344
-0.972965
-0.973584
-0.974201
-0.974816
-0.975430
-0.976042
-0.976652
-0.977261
-0.977868
-0.978473
-0.979077
-0.979679
-0.980280
-0.980879
-0.981477
-0.982073
-0.982667
-0.983260
-0.983852
-0.984442
-0.985031
-0.985618
-0.986204
-0.986789
-0.987372
-0.987954
-0.988534
-0.989113
-0.989691
-0.990268
-0.990843
-0.991417
-0.991990
-0.992561
-0.993132
-0.993701
-0.994269
-0.994836
-0.995401
-0.995966
-0.996529
-0.997091
-0.997652
-0.998212
-0.998771
-0.999329
-0.999886
-1.000442
-1.000997
-1.001550
-1.002103
-1.002655
-1.003206
-1.003755
-1.004304
-1.004852
-1.005399
-1.005945
-1.006490
-1.007035
-1.007578
-1.008121
-1.008662
-1.009203
-1.009743
-1.010282
-1.010821
-1.011358
-1.011895
-1.012431
-1.012966
-1.013500
-1.014034
-1.014567
-1.015099
-1.015631
-1.016161
-1.016691
-1.017221
-1.017750
-1.018278
-1.018805
-1.019332
-1.019858
-1.020383
-1.020908
-1.021432
-1.021956
-1.022479
-1.023001
-1.023523
-1.024044
-1.024565
-1.025085
-1.025605
-1.026124
-1.026643
-1.027161
-1.027679
-1.028196
-1.028713
-1.029229
-1.029745
-1.030260
-1.030775
-1.031290
-1.031804
-1.032318
-1.032831
-1.033344
-1.033857
-1.034369
-1.034882
-1.035393
-1.035905
-1.036416
-1.036927
-1.037438
-1.037949
-1.038459
-1.038969
-1.039479
-1.039989
-1.040499
-1.041008
-1.041518
-1.042027
-1.042536
-1.043045
-1.043555
-1.044064
-1.044573
-1.045082
-1.045591
-1.046101
-1.046610
-1.047120
-1.047629
-1.048139
-1.048649
-1.049159
-1.049670
-1.050180
-1.050691
-1.051203
-1.051714
-1.052226
-1.052738
-1.053251
-1.053764
-1.054277
-1.054791
-1.055305
-1.055820
-1.056336
-1.056852
-1.057368
-1.057885
-1.058403
-1.058922
-1.059441
-1.059961
-1.060481
-1.061003
-1.061525
-1.062047
-1.062571
-1.063096
-1.063621
-1.064148
-1.064675
-1.065203
-1.065732
-1.066262
-1.066793
-1.067325
-1.067859
-1.068393
-1.068928
-1.069465
-1.070002
-1.070541
-1.071081
-1.071622
-1.072164
-1.072707
-1.073251
-1.073797
-1.074344
-1.074892
-1.075442
-1.075992
-1.076544
-1.077097
-1.077652
-1.078208
-1.078765
-1.079323
-1.079882
-1.080443
-1.081005
-1.081569
-1.082133
-1.082699
-1.083267
-1.083835
-1.084405
-1.084976
-1.085548
-1.086121
-1.086696
-1.087272
-1.087849
-1.088427
-1.089006
-1.089586
-1.090168
-1.090168
-1.090750
-1.091334
-1.091919
-1.092504
-1.093091
-1.093679
-1.094267
-1.094857
-1.095447
-1.096038
-1.096630
-1.097223
-1.097817
-1.098411
-1.099006
-1.099601
-1.100198
-1.100794
-1.101392
-1.101989
-1.102588
-1.103186
-1.103785
-1.104385
-1.104984
-1.105584
-1.106184
-1.106785
-1.107385
-1.107986
-1.108586
-1.109187
-1.109787
-1.110387
-1.110988
-1.111588
-1.112187
-1.112787
-1.113386
-1.113985
-1.114584
-1.115182
-1.115779
-1.116376
-1.116973
-1.117568
-1.118164
-1.118758
-1.119352
-1.119945
-1.120537
-1.121128
-1.121718
-1.122308
-1.122896
-1.123484
-1.124070
-1.124655
-1.125239
-1.125822
-1.126404
-1.126985
-1.127564
-1.128142
-1.128718
-1.129294
-1.129867
-1.130440
-1.131011
-1.131580
-1.132148
-1.132714
-1.133279
-1.133842
-1.134403
-1.134963
-1.135521
-1.136078
-1.136632
-1.137185
-1.137736
-1.138285
-1.138832
-1.139378
-1.139921
-1.140463
-1.141003
-1.141540
-1.142076
-1.142610
-1.143142
-1.143671
-1.144199
-1.144725
-1.145248
-1.145770
-1.146289
-1.146806
-1.147321
-1.147834
-1.148345
-1.148853
-1.149360
-1.149864
-1.150366
-1.150866
-1.151363
-1.151858
-1.152351
-1.152842
-1.153330
-1.153816
-1.154300
-1.154782
-1.155261
-1.155738
-1.156213
-1.156685
-1.157155
-1.157623
-1.158088
-1.158551
-1.159011
-1.159470
-1.159926
-1.160379
-1.160830
-1.161279
-1.161726
-1.162170
-1.162612
-1.163051
-1.163488
-1.163923
-1.164355
-1.164785
-1.165212
-1.165638
-1.166061
-1.166481
-1.166899
-1.167315
-1.167728
-1.168140
-1.168548
-1.168955
-1.169359
-1.169760
-1.170160
-1.170557
-1.170952
-1.171344
-1.171734
-1.172122
-1.172507
-1.172890
-1.173271
-1.173650
-1.174026
-1.174400
-1.174772
-1.175141
-1.175508
-1.175873
-1.176236
-1.176596
-1.176954
-1.177310
-1.177664
-1.178015
-1.178364
-1.178711
-1.179056
-1.179399
-1.179739
-1.180077
-1.180413
-1.180747
-1.181078
-1.181408
-1.181735
-1.182060
-1.182383
-1.182704
-1.183022
-1.183339
-1.183653
-1.183965
-1.184276
-1.184584
-1.184890
-1.185193
-1.185495
-1.185795
-1.186092
-1.186388
-1.186681
-1.186972
-1.187261
-1.187549
-1.187834
-1.188117
-1.188398
-1.188676
-1.188953
-1.189228
-1.189501
-1.189772
-1.190040
-1.190307
-1.190571
-1.190834
-1.191094
-1.191353
-1.191609
-1.191864
-1.192116
-1.192366
-1.192614
-1.192860
-1.193105
-1.193347
-1.193587
-1.193825
-1.194060
-1.194294
-1.194526
-1.194755
-1.194983
-1.195208
-1.195431
-1.195652
-1.195871
-1.196088
-1.196303
-1.196515
-1.196726
-1.196934
-1.197139
-1.197343
-1.197544
-1.197743
-1.197940
-1.198135
-1.198327
-1.198516
-1.198704
-1.198889
-1.199072
-1.199252
-1.199430
-1.199605
-1.199778
-1.199948
-1.200116
-1.200281
-1.200443
-1.200603
-1.200761
-1.200916
-1.201068
-1.201217
-1.201364
-1.201508
-1.201649
-1.201788
-1.201924
-1.202057
-1.202187
-1.202315
-1.202440
-1.202562
-1.202681
-1.202798
-1.202912
-1.203023
-1.203131
-1.203237
-1.203339
-1.203439
-1.203537
-1.203632
-1.203724
-1.203813
-1.203900
-1.203985
-1.204066
-1.204146
-1.204223
-1.204298
-1.204370
-1.204441
-1.204509
-1.204575
-1.204639
-1.204701
-1.204761
-1.204819
-1.204875
-1.204929
-1.204982
-1.205033
-1.205083
-1.205131
-1.205177
-1.205222
-1.205265
-1.205307
-1.205347
-1.205386
-1.205424
-1.205460
-1.205495
-1.205529
-1.205562
-1.205593
-1.205623
-1.205652
-1.205680
-1.205707
-1.205732
-1.205757
-1.205780
-1.205802
-1.205824
-1.205844
-1.205864
-1.205882
-1.205900
-1.205916
-1.205932
-1.205947
-1.205960
-1.205974
-1.205986
-1.205997
-1.206008
-1.206018
-1.206027
-1.206035
-1.206043
-1.206049
-1.206056
-1.206061
-1.206066
-1.206070
-1.206074
-1.206076
-1.206079
-1.206080
-1.206081
-1.206082
-1.206082
-1.206081
-1.206080
-1.206078
-1.206076
-1.206073
-1.206070
-1.206066
-1.206062
-1.206057
-1.206052
-1.206046
-1.206040
-1.206033
-1.206026
-1.206018
-1.206010
-1.206002
-1.205993
-1.205984
-1.205974
-1.205964
-1.205954
-1.205943
-1.205932
-1.205920
-1.205908
-1.205896
-1.205883
-1.205870
-1.205857
-1.205843
-1.205829
-1.205814
-1.205799
-1.205784
-1.205768
-1.205752
-1.205736
-1.205719
-1.205702
-1.205684
-1.205667
-1.205649
-1.205630
-1.205611
-1.205592
-1.205573
-1.205553
-1.205533
-1.205512
-1.205491
-1.205470
-1.205449
-1.205427
-1.205404
-1.205382
-1.205359
-1.205336
-1.205312
-1.205288
-1.205264
-1.205239
-1.205214
-1.205189
-1.205164
-1.205138
-1.205111
-1.205085
-1.205057
-1.205030
-1.205002
-1.204974
-1.204946
-1.204917
-1.204888
-1.204858
-1.204829
-1.204798
-1.204768
-1.204737
-1.204706
-1.204674
-1.204642
-1.204609
-1.204577
-1.204544
-1.204510
-1.204476
-1.204442
-1.204407
-1.204372
-1.204337
-1.204301
-1.204265
-1.204228
-1.204191
-1.204154
-1.204116
-1.204078
-1.204039
-1.204000
-1.203961
-1.203921
-1.203881
-1.203840
-1.203799
-1.203758
-1.203716
-1.203674
-1.203631
-1.203588
-1.203544
-1.203500
-1.203456
-1.203411
-1.203366
-1.203320
-1.203274
-1.203227
-1.203180
-1.203133
-1.203085
-1.203037
-1.202988
-1.202939
-1.202889
-1.202839
-1.202788
-1.202737
-1.202685
-1.202633
-1.202581
-1.202528
-1.202474
-1.202420
-1.202366
-1.202311
-1.202256
-1.202200
-1.202144
-1.202087
-1.202030
-1.201972
-1.201914
-1.201855
-1.201796
-1.201796
-1.201736
-1.201676
-1.201615
-1.201554
-1.201492
-1.201430
-1.201368
-1.201305
-1.201241
-1.201177
-1.201112
-1.201047
-1.200982
-1.200916
-1.200849
-1.200782
-1.200714
-1.200646
-1.200578
-1.200509
-1.200439
-1.200369
-1.200298
-1.200227
-1.200156
-1.200083
-1.200011
-1.199938
-1.199864
-1.199790
-1.199715
-1.199640
-1.199565
-1.199489
-1.199412
-1.199335
-1.199257
-1.199179
-1.199100
-1.199021
-1.198941
-1.198861
-1.198781
-1.198699
-1.198618
-1.198536
-1.198453
-1.198370
-1.198286
-1.198202
-1.198117
-1.198032
-1.197946
-1.197860
-1.197773
-1.197686
-1.197598
-1.197510
-1.197422
-1.197332
-1.197243
-1.197152
-1.197062
-1.196971
-1.196879
-1.196787
-1.196694
-1.196601
-1.196507
-1.196413
-1.196318
-1.196223
-1.196128
-1.196031
-1.195935
-1.195838
-1.195740
-1.195642
-1.195543
-1.195444
-1.195345
-1.195244
-1.195144
-1.195043
-1.194941
-1.194839
-1.194737
-1.194634
-1.194530
-1.194426
-1.194322
-1.194217
-1.194112
-1.194006
-1.193899
-1.193793
-1.193685
-1.193577
-1.193469
-1.193360
-1.193251
-1.193141
-1.193031
-1.192921
-1.192810
-1.192698
-1.192586
-1.192473
-1.192360
-1.192247
-1.192133
-1.192019
-1.191904
-1.191789
-1.191673
-1.191557
-1.191440
-1.191323
-1.191205
-1.191087
-1.190969
-1.190850
-1.190730
-1.190610
-1.190490
-1.190369
-1.190248
-1.190127
-1.190004
-1.189882
-1.189759
-1.189636
-1.189512
-1.189387
-1.189263
-1.189138
-1.189012
-1.188886
-1.188760
-1.188633
-1.188505
-1.188378
-1.188250
-1.188121
-1.187992
-1.187863
-1.187733
-1.187603
-1.187472
-1.187341
-1.187210
-1.187078
-1.186945
-1.186813
-1.186680
-1.186546
-1.186412
-1.186278
-1.186144
-1.186009
-1.185873
-1.185737
-1.185601
-1.185465
-1.185328
-1.185190
-1.185053
-1.184915
-1.184776
-1.184637
-1.184498
-1.184359
-1.184219
-1.184079
-1.183938
-1.183797
-1.183656
-1.183514
-1.183372
-1.183230
-1.183087
-1.182944
-1.182801
-1.182657
-1.182513
-1.182369
-1.182224
-1.182079
-1.181934
-1.181789
-1.181643
-1.181497
-1.181350
-1.181203
-1.181056
-1.180909
-1.180761
-1.180613
-1.180465
-1.180316
-1.180167
-1.180018
-1.179869
-1.179719
-1.179569
-1.179419
-1.179269
-1.179118
-1.178967
-1.178816
-1.178664
-1.178513
-1.178361
-1.178209
-1.178056
-1.177903
-1.177751
-1.177597
-1.177444
-1.177291
-1.177137
-1.176983
-1.176829
-1.176674
-1.176520
-1.176365
-1.176210
-1.176055
-1.175899
-1.175744
-1.175588
-1.175432
-1.175276
-1.175120
-1.174963
-1.174807
-1.174650
-1.174493
-1.174336
-1.174179
-1.174022
-1.173864
-1.173707
-1.173549
-1.173391
-1.173233
-1.173075
-1.172916
-1.172758
-1.172600
-1.172441
-1.172282
-1.172123
-1.171965
-1.171805
-1.171646
-1.171487
-1.171328
-1.171168
-1.171009
-1.170849
-1.170690
-1.170530
-1.170370
-1.170211
-1.170051
-1.169891
-1.169731
-1.169571
-1.169411
-1.169250
-1.169090
-1.168930
-1.168770
-1.168609
-1.168449
-1.168289
-1.168128
-1.167968
-1.167807
-1.167647
-1.167487
-1.167326
-1.167166
-1.167005
-1.166844
-1.166684
-1.166523
-1.166363
-1.166202
-1.166042
-1.165881
-1.165721
-1.165560
-1.165400
-1.165239
-1.165079
-1.164919
-1.164758
-1.164598
-1.164437
-1.164277
-1.164117
-1.163957
-1.163796
-1.163636
-1.163476
-1.163316
-1.163156
-1.162996
-1.162836
-1.162676
-1.162516
-1.162356
-1.162196
-1.162036
-1.161876
-1.161717
-1.161557
-1.161397
-1.161238
-1.161078
-1.160919
-1.160759
-1.160600
-1.160441
-1.160281
-1.160122
-1.159963
-1.159804
-1.159645
-1.159486
-1.159327
-1.159168
-1.159009
-1.158850
-1.158691
-1.158532
-1.158374
-1.158215
-1.158056
-1.157898
-1.157739
-1.157581
-1.157422
-1.157264
-1.157105
-1.156947
-1.156788
-1.156630
-1.156472
-1.156314
-1.156155
-1.155997
-1.155839
-1.155681
-1.155522
-1.155364
-1.155206
-1.155048
-1.154890
-1.154731
-1.154573
-1.154415
-1.154257
-1.154099
-1.153940
-1.153782
-1.153624
-1.153465
-1.153307
-1.153149
-1.152990
-1.152832
-1.152673
-1.152515
-1.152356
-1.152198
-1.152039
-1.151880
-1.151721
-1.151563
-1.151404
-1.151245
-1.151085
-1.150926
-1.150767
-1.150607
-1.150448
-1.150288
-1.150129
-1.149969
-1.149809
-1.149649
-1.149488
-1.149328
-1.149168
-1.149007
-1.148846
-1.148685
-1.148524
-1.148363
-1.148201
-1.148040
-1.147878
-1.147716
-1.147554
-1.147391
-1.147229
-1.147066
-1.146903
-1.146740
-1.146576
-1.146413
-1.146249
-1.146085
-1.145920
-1.145756
-1.145591
-1.145426
-1.145260
-1.145094
-1.144928
-1.144762
-1.144596
-1.144429
-1.144262
-1.144094
-1.143926
-1.143758
-1.143590
-1.143421
-1.143252
-1.143083
-1.142913
-1.142743
-1.142572
-1.142401
-1.142230
-1.142058
-1.141887
-1.141714
-1.141541
-1.141368
-1.141195
-1.141021
-1.140846
-1.140672
-1.140496
-1.140321
-1.140145
-1.139968
-1.139791
-1.139614
-1.139436
-1.139258
-1.139079
-1.138900
-1.138720
-1.138540
-1.138359
-1.138178
-1.137997
-1.137814
-1.137632
-1.137449
-1.137265
-1.137081
-1.136896
-1.136711
-1.136525
-1.136339
-1.136152
-1.135965
-1.135777
-1.135588
-1.135399
-1.135210
-1.135019
-1.134829
-1.134637
-1.134445
-1.134253
-1.134060
-1.133866
-1.133672
-1.133477
-1.133282
-1.133086
-1.132889
-1.132692
-1.132494
-1.132295
-1.132096
-1.131896
-1.131696
-1.131495
-1.131293
-1.131091
-1.131091
-1.130888
-1.130684
-1.130480
-1.130275
-1.130069
-1.129863
-1.129656
-1.129449
-1.129240
-1.129031
-1.128822
-1.128612
-1.128401
-1.128189
-1.127976
-1.127763
-1.127550
-1.127335
-1.127120
-1.126904
-1.126688
-1.126470
-1.126252
-1.126034
-1.125814
-1.125594
-1.125373
-1.125152
-1.124929
-1.124706
-1.124482
-1.124258
-1.124033
-1.123807
-1.123580
-1.123353
-1.123124
-1.122896
-1.122666
-1.122435
-1.122204
-1.121972
-1.121740
-1.121506
-1.121272
-1.121037
-1.120801
-1.120565
-1.120328
-1.120090
-1.119851
-1.119612
-1.119371
-1.119130
-1.118889
-1.118646
-1.118403
-1.118159
-1.117914
-1.117668
-1.117422
-1.117175
-1.116927
-1.116678
-1.116428
-1.116178
-1.115927
-1.115675
-1.115423
-1.115169
-1.114915
-1.114660
-1.114405
-1.114148
-1.113891
-1.113633
-1.113374
-1.113114
-1.112854
-1.112593
-1.112331
-1.112068
-1.111805
-1.111540
-1.111275
-1.111009
-1.110743
-1.110475
-1.110207
-1.109938
-1.109668
-1.109397
-1.109126
-1.108854
-1.108581
-1.108307
-1.108032
-1.107756
-1.107480
-1.107203
-1.106925
-1.106646
-1.106367
-1.106086
-1.105805
-1.105523
-1.105240
-1.104956
-1.104671
-1.104386
-1.104099
-1.103812
-1.103524
-1.103235
-1.102945
-1.102654
-1.102362
-1.102069
-1.101775
-1.101481
-1.101185
-1.100889
-1.100591
-1.100293
-1.099993
-1.099693
-1.099392
-1.099089
-1.098786
-1.098481
-1.098176
-1.097870
-1.097562
-1.097254
-1.096944
-1.096634
-1.096322
-1.096009
-1.095695
-1.095381
-1.095065
-1.094748
-1.094430
-1.094111
-1.093791
-1.093470
-1.093147
-1.092824
-1.092499
-1.092174
-1.091847
-1.091519
-1.091190
-1.090860
-1.090529
-1.090197
-1.089863
-1.089528
-1.089192
-1.088854
-1.088516
-1.088175
-1.087834
-1.087490
-1.087146
-1.086799
-1.086452
-1.086102
-1.085750
-1.085397
-1.085042
-1.084684
-1.084325
-1.083963
-1.083599
-1.083233
-1.082865
-1.082495
-1.082122
-1.081747
-1.081370
-1.080992
-1.080611
-1.080229
-1.079845
-1.079461
-1.079076
-1.078690
-1.078305
-1.077922
-1.077539
-1.077159
-1.076782
-1.076409
-1.076041
-1.075678
-1.075322
-1.074973
-1.074631
-1.074299
-1.073976
-1.073663
-1.073360
-1.073068
-1.072788
-1.072518
-1.072260
-1.072012
-1.071776
-1.071550
-1.071334
-1.071128
-1.070931
-1.070742
-1.070560
-1.070386
-1.070218
-1.070055
-1.069897
-1.069743
-1.069592
-1.069444
-1.069298
-1.069154
-1.069011
-1.068868
-1.068725
-1.068582
-1.068438
-1.068294
-1.068148
-1.068000
-1.067851
-1.067701
-1.067548
-1.067393
-1.067237
-1.067079
-1.066918
-1.066756
-1.066592
-1.066426
-1.066258
-1.066089
-1.065918
-1.065746
-1.065573
-1.065399
-1.065224
-1.065048
-1.064871
-1.064694
-1.064517
-1.064340
-1.064163
-1.063985
-1.063809
-1.063633
-1.063457
-1.063283
-1.063109
-1.062936
-1.062765
-1.062595
-1.062427
-1.062260
-1.062095
-1.061932
-1.061771
-1.061612
-1.061455
-1.061301
-1.061148
-1.060999
-1.060851
-1.060707
-1.060565
-1.060426
-1.060289
-1.060156
-1.060025
-1.059897
-1.059772
-1.059651
-1.059532
-1.059416
-1.059303
-1.059193
-1.059087
-1.058983
-1.058883
-1.058785
-1.058691
-1.058600
-1.058511
-1.058426
-1.058344
-1.058265
-1.058189
-1.058116
-1.058045
-1.057978
-1.057913
-1.057852
-1.057793
-1.057737
-1.057684
-1.057633
-1.057585
-1.057540
-1.057498
-1.057458
-1.057420
-1.057385
-1.057353
-1.057323
-1.057295
-1.057270
-1.057247
-1.057226
-1.057207
-1.057191
-1.057177
-1.057165
-1.057155
-1.057147
-1.057141
-1.057138
-1.057136
-1.057135
-1.057137
-1.057141
-1.057146
-1.057154
-1.057162
-1.057173
-1.057185
-1.057199
-1.057215
-1.057232
-1.057250
-1.057270
-1.057292
-1.057315
-1.057339
-1.057365
-1.057392
-1.057420
-1.057450
-1.057481
-1.057513
-1.057546
-1.057581
-1.057617
-1.057654
-1.057692
-1.057731
-1.057771
-1.057812
-1.057854
-1.057898
-1.057942
-1.057987
-1.058033
-1.058081
-1.058129
-1.058178
-1.058227
-1.058278
-1.058329
-1.058382
-1.058435
-1.058489
-1.058543
-1.058599
-1.058655
-1.058712
-1.058769
-1.058828
-1.058886
-1.058946
-1.059006
-1.059067
-1.059129
-1.059191
-1.059254
-1.059317
-1.059381
-1.059445
-1.059510
-1.059576
-1.059642
-1.059708
-1.059776
-1.059843
-1.059911
-1.059980
-1.060049
-1.060118
-1.060188
-1.060259
-1.060330
-1.060401
-1.060472
-1.060544
-1.060617
-1.060690
-1.060763
-1.060837
-1.060911
-1.060985
-1.061060
-1.061135
-1.061210
-1.061286
-1.061362
-1.061438
-1.061515
-1.061592
-1.061669
-1.061746
-1.061824
-1.061902
-1.061981
-1.062059
-1.062138
-1.062217
-1.062297
-1.062376
-1.062456
-1.062536
-1.062617
-1.062697
-1.062778
-1.062859
-1.062940
-1.063022
-1.063103
-1.063185
-1.063267
-1.063349
-1.063432
-1.063514
-1.063597
-1.063680
-1.063763
-1.063846
-1.063929
-1.064013
-1.064096
-1.064180
-1.064264
-1.064348
-1.064433
-1.064517
-1.064601
-1.064686
-1.064771
-1.064855
-1.064940
-1.065025
-1.065111
-1.065196
-1.065281
-1.065367
-1.065452
-1.065538
-1.065623
-1.065709
-1.065795
-1.065881
-1.065967
-1.066053
-1.066139
-1.066226
-1.066312
-1.066398
-1.066485
-1.066571
-1.066658
-1.066744
-1.066831
-1.066917
-1.067004
-1.067091
-1.067178
-1.067264
-1.067351
-1.067438
-1.067525
-1.067612
-1.067699
-1.067786
-1.067873
-1.067960
-1.068047
-1.068134
-1.068221
-1.068308
-1.068308
-1.068395
-1.068483
-1.068570
-1.068657
-1.068744
-1.068831
-1.068918
-1.069005
-1.069092
-1.069179
-1.069266
-1.069353
-1.069440
-1.069527
-1.069614
-1.069701
-1.069788
-1.069875
-1.069962
-1.070049
-1.070136
-1.070223
-1.070310
-1.070396
-1.070483
-1.070570
-1.070657
-1.070743
-1.070830
-1.070916
-1.071003
-1.071089
-1.071176
-1.071262
-1.071349
-1.071435
-1.071521
-1.071607
-1.071694
-1.071780
-1.071866
-1.071952
-1.072038
-1.072124
-1.072209
-1.072295
-1.072381
-1.072467
-1.072552
-1.072638
-1.072723
-1.072808
-1.072894
-1.072979
-1.073064
-1.073149
-1.073234
-1.073319
-1.073404
-1.073489
-1.073574
-1.073659
-1.073743
-1.073828
-1.073912
-1.073997
-1.074081
-1.074165
-1.074250
-1.074334
-1.074418
-1.074502
-1.074585
-1.074669
-1.074753
-1.074836
-1.074920
-1.075003
-1.075087
-1.075170
-1.075253
-1.075336
-1.075419
-1.075502
-1.075585
-1.075668
-1.075750
-1.075833
-1.075915
-1.075998
-1.076080
-1.076162
-1.076244
-1.076326
-1.076408
-1.076490
-1.076572
-1.076653
-1.076735
-1.076816
-1.076898
-1.076979
-1.077060
-1.077141
-1.077222
-1.077303
-1.077383
-1.077464
-1.077545
-1.077625
-1.077705
-1.077786
-1.077866
-1.077946
-1.078026
-1.078106
-1.078185
-1.078265
-1.078345
-1.078424
-1.078503
-1.078583
-1.078662
-1.078741
-1.078820
-1.078898
-1.078977
-1.079056
-1.079134
-1.079213
-1.079291
-1.079369
-1.079447
-1.079525
-1.079603
-1.079681
-1.079758
-1.079836
-1.079913
-1.079991
-1.080068
-1.080145
-1.080222
-1.080299
-1.080376
-1.080453
-1.080529
-1.080606
-1.080682
-1.080758
-1.080834
-1.080911
-1.080986
-1.081062
-1.081138
-1.081214
-1.081289
-1.081365
-1.081440
-1.081515
-1.081590
-1.081665
-1.081740
-1.081815
-1.081890
-1.081964
-1.082039
-1.082113
-1.082187
-1.082261
-1.082335
-1.082409
-1.082483
-1.082557
-1.082630
-1.082704
-1.082777
-1.082851
-1.082924
-1.082997
-1.083070
-1.083143
-1.083215
-1.083288
-1.083361
-1.083433
-1.083505
-1.083578
-1.083650
-1.083722
-1.083794
-1.083865
-1.083937
-1.084009
-1.084080
-1.084152
-1.084223
-1.084294
-1.084365
-1.084436
-1.084507
-1.084578
-1.084648
-1.084719
-1.084789
-1.084860
-1.084930
-1.085000
-1.085070
-1.085140
-1.085210
-1.085280
-1.085349
-1.085419
-1.085488
-1.085558
-1.085627
-1.085696
-1.085765
-1.085834
-1.085903
-1.085971
-1.086040
-1.086109
-1.086177
-1.086245
-1.086314
-1.086382
-1.086450
-1.086518
-1.086585
-1.086653
-1.086721
-1.086788
-1.086856
-1.086923
-1.086990
-1.087057
-1.087125
-1.087191
-1.087258
-1.087325
-1.087392
-1.087458
-1.087525
-1.087591
-1.087657
-1.087724
-1.087790
-1.087856
-1.087922
-1.087987
-1.088053
-1.088119
-1.088184
-1.088250
-1.088315
-1.088380
-1.088445
-1.088511
-1.088576
-1.088640
-1.088705
-1.088770
-1.088835
-1.088899
-1.088963
-1.089028
-1.089092
-1.089156
-1.089220
-1.089284
-1.089348
-1.089412
-1.089476
-1.089539
-1.089603
-1.089666
-1.089730
-1.089793
-1.089856
-1.089919
-1.089982
-1.090045
-1.090108
-1.090171
-1.090234
-1.090296
-1.090359
-1.090421
-1.090483
-1.090546
-1.090608
-1.090670
-1.090732
-1.090794
-1.090856
-1.090918
-1.090979
-1.091041
-1.091102
-1.091164
-1.091225
-1.091286
-1.091348
-1.091409
-1.091470
-1.091531
-1.091592
-1.091652
-1.091713
-1.091774
-1.091834
-1.091895
-1.091955
-1.092016
-1.092076
-1.092136
-1.092196
-1.092256
-1.092316
-1.092376
-1.092436
-1.092496
-1.092555
-1.092615
-1.092674
-1.092734
-1.092793
-1.092852
-1.092912
-1.092971
-1.093030
-1.093089
-1.093148
-1.093207
-1.093265
-1.093324
-1.093383
-1.093441
-1.093500
-1.093558
-1.093617
-1.093675
-1.093733
-1.093791
-1.093849
-1.093907
-1.093965
-1.094023
-1.094081
-1.094139
-1.094196
-1.094254
-1.094311
-1.094369
-1.094426
-1.094484
-1.094541
-1.094598
-1.094655
-1.094712
-1.094769
-1.094826
-1.094883
-1.094940
-1.094997
-1.095053
-1.095110
-1.095166
-1.095223
-1.095279
-1.095336
-1.095392
-1.095448
-1.095504
-1.095561
-1.095617
-1.095673
-1.095729
-1.095784
-1.095840
-1.095896
-1.095952
-1.096007
-1.096063
-1.096119
-1.096174
-1.096229
-1.096285
-1.096340
-1.096395
-1.096450
-1.096506
-1.096561
-1.096616
-1.096671
-1.096725
-1.096780
-1.096835
-1.096890
-1.096944
-1.096999
-1.097054
-1.097108
-1.097163
-1.097217
-1.097271
-1.097326
-1.097380
-1.097434
-1.097488
-1.097542
-1.097596
-1.097650
-1.097704
-1.097758
-1.097812
-1.097866
-1.097919
-1.097973
-1.098026
-1.098080
-1.098134
-1.098187
-1.098240
-1.098294
-1.098347
-1.098400
-1.098453
-1.098507
-1.098560
-1.098613
-1.098666
-1.098719
-1.098772
-1.098825
-1.098877
-1.098930
-1.098983
-1.099036
-1.099088
-1.099141
-1.099193
-1.099246
-1.099298
-1.099351
-1.099403
-1.099455
-1.099508
-1.099560
-1.099612
-1.099664
-1.099716
-1.099768
-1.099820
-1.099872
-1.099924
-1.099976
-1.100028
-1.100079
-1.100131
-1.100183
-1.100234
-1.100286
-1.100338
-1.100389
-1.100441
-1.100492
-1.100543
-1.100595
-1.100646
-1.100697
-1.100749
-1.100800
-1.100851
-1.100902
-1.100953
-1.101004
-1.101055
-1.101106
-1.101157
-1.101208
-1.101259
-1.101309
-1.101360
-1.101411
-1.101462
-1.101512
-1.101563
-1.101613
-1.101664
-1.101714
-1.101765
-1.101815
-1.101865
-1.101916
-1.101966
-1.102016
-1.102016
-1.102067
-1.102117
-1.102167
-1.102217
-1.102267
-1.102317
-1.102367
-1.102417
-1.102467
-1.102517
-1.102567
-1.102616
-1.102666
-1.102716
-1.102766
-1.102815
-1.102865
-1.102915
-1.102964
-1.103014
-1.103063
-1.103113
-1.103162
-1.103211
-1.103261
-1.103310
-1.103359
-1.103409
-1.103458
-1.103507
-1.103556
-1.103605
-1.103655
-1.103704
-1.103753
-1.103802
-1.103851
-1.103900
-1.103948
-1.103997
-1.104046
-1.104095
-1.104144
-1.104192
-1.104241
-1.104290
-1.104338
-1.104387
-1.104436
-1.104484
-1.104533
-1.104581
-1.104630
-1.104678
-1.104727
-1.104775
-1.104823
-1.104872
-1.104920
-1.104968
-1.105016
-1.105064
-1.105113
-1.105161
-1.105209
-1.105257
-1.105305
-1.105353
-1.105401
-1.105449
-1.105497
-1.105545
-1.105593
-1.105640
-1.105688
-1.105736
-1.105784
-1.105831
-1.105879
-1.105927
-1.105974
-1.106022
-1.106070
-1.106117
-1.106165
-1.106212
-1.106260
-1.106307
-1.106354
-1.106402
-1.106449
-1.106496
-1.106544
-1.106591
-1.106638
-1.106685
-1.106733
-1.106780
-1.106827
-1.106874
-1.106921
-1.106968
-1.107015
-1.107062
-1.107109
-1.107156
-1.107203
-1.107250
-1.107297
-1.107344
-1.107390
-1.107437
-1.107484
-1.107531
-1.107577
-1.107624
-1.107671
-1.107717
-1.107764
-1.107810
-1.107857
-1.107903
-1.107950
-1.107996
-1.108043
-1.108089
-1.108136
-1.108182
-1.108228
-1.108275
-1.108321
-1.108367
-1.108413
-1.108460
-1.108506
-1.108552
-1.108598
-1.108644
-1.108690
-1.108736
-1.108782
-1.108828
-1.108874
-1.108920
-1.108966
-1.109012
-1.109058
-1.109104
-1.109150
-1.109195
-1.109241
-1.109287
-1.109333
-1.109378
-1.109424
-1.109470
-1.109515
-1.109561
-1.109606
-1.109652
-1.109698
-1.109743
-1.109789
-1.109834
-1.109879
-1.109925
-1.109970
-1.110016
-1.110061
-1.110106
-1.110151
-1.110197
-1.110242
-1.110287
-1.110332
-1.110377
-1.110422
-1.110468
-1.110513
-1.110558
-1.110603
-1.110648
-1.110693
-1.110738
-1.110783
-1.110827
-1.110872
-1.110917
-1.110962
-1.111007
-1.111052
-1.111096
-1.111141
-1.111186
-1.111230
-1.111275
-1.111320
-1.111364
-1.111409
-1.111453
-1.111498
-1.111542
-1.111587
-1.111631
-1.111676
-1.111720
-1.111765
-1.111809
-1.111853
-1.111897
-1.111942
-1.111986
-1.112030
-1.112074
-1.112119
-1.112163
-1.112207
-1.112251
-1.112295
-1.112339
-1.112383
-1.112427
-1.112471
-1.112515
-1.112559
-1.112603
-1.112647
-1.112691
-1.112734
-1.112778
-1.112822
-1.112866
-1.112909
-1.112953
-1.112997
-1.113040
-1.113084
-1.113128
-1.113171
-1.113215
-1.113258
-1.113302
-1.113345
-1.113389
-1.113432
-1.113475
-1.113519
-1.113562
-1.113605
-1.113649
-1.113692
-1.113735
-1.113778
-1.113822
-1.113865
-1.113908
-1.113951
-1.113994
-1.114037
-1.114080
-1.114123
-1.114166
-1.114209
-1.114252
-1.114295
-1.114338
-1.114381
-1.114424
-1.114466
-1.114509
-1.114552
-1.114595
-1.114637
-1.114680
-1.114723
-1.114765
-1.114808
-1.114850
-1.114893
-1.114935
-1.114978
-1.115020
-1.115063
-1.115105
-1.115147
-1.115190
-1.115232
-1.115274
-1.115317
-1.115359
-1.115401
-1.115443
-1.115485
-1.115528
-1.115570
-1.115612
-1.115654
-1.115696
-1.115738
-1.115780
-1.115822
-1.115864
-1.115905
-1.115947
-1.115989
-1.116031
-1.116073
-1.116114
-1.116156
-1.116198
-1.116240
-1.116281
-1.116323
-1.116364
-1.116406
-1.116447
-1.116489
-1.116530
-1.116572
-1.116613
-1.116655
-1.116696
-1.116737
-1.116779
-1.116820
-1.116861
-1.116902
-1.116944
-1.116985
-1.117026
-1.117067
-1.117108
-1.117149
-1.117190
-1.117231
-1.117272
-1.117313
-1.117354
-1.117395
-1.117436
-1.117476
-1.117517
-1.117558
-1.117599
-1.117639
-1.117680
-1.117721
-1.117761
-1.117802
-1.117842
-1.117883
-1.117923
-1.117964
-1.118004
-1.118045
-1.118085
-1.118126
-1.118166
-1.118206
-1.118246
-1.118287
-1.118327
-1.118367
-1.118407
-1.118447
-1.118487
-1.118527
-1.118567
-1.118607
-1.118647
-1.118687
-1.118727
-1.118767
-1.118807
-1.118847
-1.118887
-1.118926
-1.118966
-1.119006
-1.119045
-1.119085
-1.119125
-1.119164
-1.119204
-1.119243
-1.119283
-1.119322
-1.119362
-1.119401
-1.119440
-1.119480
-1.119519
-1.119558
-1.119598
-1.119637
-1.119676
-1.119715
-1.119754
-1.119793
-1.119832
-1.119871
-1.119910
-1.119949
-1.119988
-1.120027
-1.120066
-1.120105
-1.120144
-1.120183
-1.120221
-1.120260
-1.120299
-1.120337
-1.120376
-1.120415
-1.120453
-1.120492
-1.120530
-1.120569
-1.120607
-1.120645
-1.120684
-1.120722
-1.120760
-1.120799
-1.120837
-1.120875
-1.120913
-1.120951
-1.120990
-1.121028
-1.121066
-1.121104
-1.121142
-1.121180
-1.121218
-1.121255
-1.121293
-1.121331
-1.121369
-1.121407
-1.121444
-1.121482
-1.121520
-1.121557
-1.121595
-1.121633
-1.121670
-1.121708
-1.121745
-1.121782
-1.121820
-1.121857
-1.121895
-1.121932
-1.121969
-1.122006
-1.122044
-1.122081
-1.122118
-1.122155
-1.122192
-1.122229
-1.122266
-1.122303
-1.122340
-1.122377
-1.122414
-1.122451
-1.122488
-1.122524
-1.122561
-1.122598
-1.122634
-1.122671
-1.122708
-1.122744
-1.122781
-1.122817
-1.122854
-1.122890
-1.122927
-1.122963
-1.122999
-1.123036
-1.123072
-1.123108
-1.123145
-1.123181
-1.123217
-1.123253
-1.123289
-1.123325
-1.123361
-1.123397
-1.123433
-1.123469
-1.123505
-1.123541
-1.123541
-1.123577
-1.123612
-1.123648
-1.123684
-1.123719
-1.123755
-1.123791
-1.123826
-1.123862
-1.123897
-1.123933
-1.123968
-1.124004
-1.124039
-1.124074
-1.124110
-1.124145
-1.124180
-1.124216
-1.124251
-1.124286
-1.124321
-1.124356
-1.124391
-1.124426
-1.124461
-1.124496
-1.124531
-1.124566
-1.124601
-1.124635
-1.124670
-1.124705
-1.124740
-1.124774
-1.124809
-1.124844
-1.124878
-1.124913
-1.124947
-1.124982
-1.125016
-1.125050
-1.125085
-1.125119
-1.125153
-1.125188
-1.125222
-1.125256
-1.125290
-1.125324
-1.125358
-1.125392
-1.125427
-1.125460
-1.125494
-1.125528
-1.125562
-1.125596
-1.125630
-1.125664
-1.125697
-1.125731
-1.125765
-1.125798
-1.125832
-1.125866
-1.125899
-1.125933
-1.125966
-1.126000
-1.126033
-1.126066
-1.126100
-1.126133
-1.126166
-1.126200
-1.126233
-1.126266
-1.126299
-1.126332
-1.126365
-1.126398
-1.126431
-1.126464
-1.126497
-1.126530
-1.126563
-1.126596
-1.126629
-1.126661
-1.126694
-1.126727
-1.126759
-1.126792
-1.126825
-1.126857
-1.126890
-1.126922
-1.126955
-1.126987
-1.127019
-1.127052
-1.127084
-1.127116
-1.127149
-1.127181
-1.127213
-1.127245
-1.127277
-1.127309
-1.127341
-1.127373
-1.127405
-1.127437
-1.127469
-1.127501
-1.127533
-1.127565
-1.127597
-1.127628
-1.127660
-1.127692
-1.127723
-1.127755
-1.127787
-1.127818
-1.127850
-1.127881
-1.127912
-1.127944
-1.127975
-1.128007
-1.128038
-1.128069
-1.128100
-1.128132
-1.128163
-1.128194
-1.128225
-1.128256
-1.128287
-1.128318
-1.128349
-1.128380
-1.128411
-1.128442
-1.128473
-1.128503
-1.128534
-1.128565
-1.128596
-1.128626
-1.128657
-1.128687
-1.128718
-1.128748
-1.128779
-1.128809
-1.128840
-1.128870
-1.128901
-1.128931
-1.128961
-1.128991
-1.129022
-1.129052
-1.129082
-1.129112
-1.129142
-1.129172
-1.129202
-1.129232
-1.129262
-1.129292
-1.129322
-1.129352
-1.129382
-1.129412
-1.129441
-1.129471
-1.129501
-1.129530
-1.129560
-1.129590
-1.129619
-1.129649
-1.129678
-1.129708
-1.129737
-1.129767
-1.129796
-1.129825
-1.129855
-1.129884
-1.129913
-1.129942
-1.129971
-1.130001
-1.130030
-1.130059
-1.130088
-1.130117
-1.130146
-1.130175
-1.130204
-1.130232
-1.130261
-1.130290
-1.130319
-1.130348
-1.130376
-1.130405
-1.130434
-1.130462
-1.130491
-1.130519
-1.130548
-1.130576
-1.130605
-1.130633
-1.130662
-1.130690
-1.130718
-1.130747
-1.130775
-1.130803
-1.130831
-1.130860
-1.130888
-1.130916
-1.130944
-1.130972
-1.131000
-1.131028
-1.131056
-1.131084
-1.131112
-1.131139
-1.131167
-1.131195
-1.131223
-1.131250
-1.131278
-1.131306
-1.131333
-1.131361
-1.131389
-1.131416
-1.131444
-1.131471
-1.131498
-1.131526
-1.131553
-1.131581
-1.131608
-1.131635
-1.131662
-1.131690
-1.131717
-1.131744
-1.131771
-1.131798
-1.131825
-1.131852
-1.131879
-1.131906
-1.131933
-1.131960
-1.131987
-1.132014
-1.132041
-1.132067
-1.132094
-1.132121
-1.132147
-1.132174
-1.132201
-1.132227
-1.132254
-1.132280
-1.132307
-1.132333
-1.132360
-1.132386
-1.132413
-1.132439
-1.132465
-1.132492
-1.132518
-1.132544
-1.132570
-1.132596
-1.132622
-1.132649
-1.132675
-1.132701
-1.132727
-1.132753
-1.132779
-1.132805
-1.132830
-1.132856
-1.132882
-1.132908
-1.132934
-1.132959
-1.132985
-1.133011
-1.133036
-1.133062
-1.133088
-1.133113
-1.133139
-1.133164
-1.133190
-1.133215
-1.133241
-1.133266
-1.133291
-1.133317
-1.133342
-1.133367
-1.133392
-1.133418
-1.133443
-1.133468
-1.133493
-1.133518
-1.133543
-1.133568
-1.133593
-1.133618
-1.133643
-1.133668
-1.133693
-1.133718
-1.133743
-1.133767
-1.133792
-1.133817
-1.133842
-1.133866
-1.133891
-1.133915
-1.133940
-1.133965
-1.133989
-1.134014
-1.134038
-1.134063
-1.134087
-1.134111
-1.134136
-1.134160
-1.134184
-1.134209
-1.134233
-1.134257
-1.134281
-1.134305
-1.134330
-1.134354
-1.134378
-1.134402
-1.134426
-1.134450
-1.134474
-1.134498
-1.134522
-1.134545
-1.134569
-1.134593
-1.134617
-1.134641
-1.134664
-1.134688
-1.134712
-1.134735
-1.134759
-1.134783
-1.134806
-1.134830
-1.134853
-1.134877
-1.134900
-1.134924
-1.134947
-1.134970
-1.134994
-1.135017
-1.135040
-1.135064
-1.135087
-1.135110
-1.135133
-1.135156
-1.135179
-1.135203
-1.135226
-1.135249
-1.135272
-1.135295
-1.135318
-1.135341
-1.135363
-1.135386
-1.135409
-1.135432
-1.135455
-1.135478
-1.135500
-1.135523
-1.135546
-1.135568
-1.135591
-1.135614
-1.135636
-1.135659
-1.135681
-1.135704
-1.135726
-1.135749
-1.135771
-1.135793
-1.135816
-1.135838
-1.135860
-1.135883
-1.135905
-1.135927
-1.135949
-1.135972
-1.135994
-1.136016
-1.136038
-1.136060
-1.136082
-1.136104
-1.136126
-1.136148
-1.136170
-1.136192
-1.136214
-1.136236
-1.136258
-1.136279
-1.136301
-1.136323
-1.136345
-1.136366
-1.136388
-1.136410
-1.136431
-1.136453
-1.136475
-1.136496
-1.136518
-1.136539
-1.136561
-1.136582
-1.136604
-1.136625
-1.136646
-1.136668
-1.136689
-1.136710
-1.136732
-1.136753
-1.136774
-1.136795
-1.136816
-1.136838
-1.136859
-1.136880
-1.136901
-1.136922
-1.136943
-1.136964
-1.136985
-1.137006
-1.137027
-1.137048
-1.137069
-1.137089
-1.137110
-1.137131
-1.137152
-1.137173
-1.137193
-1.137214
-1.137235
-1.137255
-1.137276
-1.137297
-1.137317
-1.137338
-1.137358
-1.137379
-1.137379
-1.137399
-1.137420
-1.137440
-1.137460
-1.137481
-1.137501
-1.137522
-1.137542
-1.137562
-1.137582
-1.137603
-1.137623
-1.137643
-1.137663
-1.137683
-1.137703
-1.137724
-1.137744
-1.137764
-1.137784
-1.137804
-1.137824
-1.137844
-1.137864
-1.137883
-1.137903
-1.137923
-1.137943
-1.137963
-1.137983
-1.138002
-1.138022
-1.138042
-1.138061
-1.138081
-1.138101
-1.138120
-1.138140
-1.138160
-1.138179
-1.138199
-1.138218
-1.138238
-1.138257
-1.138276
-1.138296
-1.138315
-1.138335
-1.138354
-1.138373
-1.138393
-1.138412
-1.138431
-1.138450
-1.138469
-1.138489
-1.138508
-1.138527
-1.138546
-1.138565
-1.138584
-1.138603
-1.138622
-1.138641
-1.138660
-1.138679
-1.138698
-1.138717
-1.138736
-1.138755
-1.138774
-1.138792
-1.138811
-1.138830
-1.138849
-1.138867
-1.138886
-1.138905
-1.138923
-1.138942
-1.138961
-1.138979
-1.138998
-1.139016
-1.139035
-1.139053
-1.139072
-1.139090
-1.139109
-1.139127
-1.139146
-1.139164
-1.139182
-1.139201
-1.139219
-1.139237
-1.139255
-1.139274
-1.139292
-1.139310
-1.139328
-1.139346
-1.139365
-1.139383
-1.139401
-1.139419
-1.139437
-1.139455
-1.139473
-1.139491
-1.139509
-1.139527
-1.139545
-1.139563
-1.139580
-1.139598
-1.139616
-1.139634
-1.139652
-1.139669
-1.139687
-1.139705
-1.139723
-1.139740
-1.139758
-1.139776
-1.139793
-1.139811
-1.139828
-1.139846
-1.139863
-1.139881
-1.139898
-1.139916
-1.139933
-1.139951
-1.139968
-1.139986
-1.140003
-1.140020
-1.140038
-1.140055
-1.140072
-1.140089
-1.140107
-1.140124
-1.140141
-1.140158
-1.140175
-1.140193
-1.140210
-1.140227
-1.140244
-1.140261
-1.140278
-1.140295
-1.140312
-1.140329
-1.140346
-1.140363
-1.140380
-1.140397
-1.140413
-1.140430
-1.140447
-1.140464
-1.140481
-1.140497
-1.140514
-1.140531
-1.140548
-1.140564
-1.140581
-1.140598
-1.140614
-1.140631
-1.140647
-1.140664
-1.140681
-1.140697
-1.140714
-1.140730
-1.140747
-1.140763
-1.140779
-1.140796
-1.140812
-1.140829
-1.140845
-1.140861
-1.140878
-1.140894
-1.140910
-1.140926
-1.140943
-1.140959
-1.140975
-1.140991
-1.141007
-1.141024
-1.141040
-1.141056
-1.141072
-1.141088
-1.141104
-1.141120
-1.141136
-1.141152
-1.141168
-1.141184
-1.141200
-1.141216
-1.141232
-1.141248
-1.141263
-1.141279
-1.141295
-1.141311
-1.141327
-1.141342
-1.141358
-1.141374
-1.141389
-1.141405
-1.141421
-1.141436
-1.141452
-1.141468
-1.141483
-1.141499
-1.141514
-1.141530
-1.141545
-1.141561
-1.141576
-1.141592
-1.141607
-1.141623
-1.141638
-1.141653
-1.141669
-1.141684
-1.141700
-1.141715
-1.141730
-1.141745
-1.141761
-1.141776
-1.141791
-1.141806
-1.141821
-1.141837
-1.141852
-1.141867
-1.141882
-1.141897
-1.141912
-1.141927
-1.141942
-1.141957
-1.141972
-1.141987
-1.142002
-1.142017
-1.142032
-1.142047
-1.142062
-1.142077
-1.142092
-1.142106
-1.142121
-1.142136
-1.142151
-1.142166
-1.142180
-1.142195
-1.142210
-1.142224
-1.142239
-1.142254
-1.142268
-1.142283
-1.142298
-1.142312
-1.142327
-1.142341
-1.142356
-1.142370
-1.142385
-1.142399
-1.142414
-1.142428
-1.142443
-1.142457
-1.142472
-1.142486
-1.142500
-1.142515
-1.142529
-1.142543
-1.142558
-1.142572
-1.142586
-1.142600
-1.142615
-1.142629
-1.142643
-1.142657
-1.142671
-1.142685
-1.142700
-1.142714
-1.142728
-1.142742
-1.142756
-1.142770
-1.142784
-1.142798
-1.142812
-1.142826
-1.142840
-1.142854
-1.142868
-1.142882
-1.142896
-1.142909
-1.142923
-1.142937
-1.142951
-1.142965
-1.142978
-1.142992
-1.143006
-1.143020
-1.143033
-1.143047
-1.143061
-1.143074
-1.143088
-1.143102
-1.143115
-1.143129
-1.143143
-1.143156
-1.143170
-1.143183
-1.143197
-1.143210
-1.143224
-1.143237
-1.143251
-1.143264
-1.143278
-1.143291
-1.143304
-1.143318
-1.143331
-1.143344
-1.143358
-1.143371
-1.143384
-1.143398
-1.143411
-1.143424
-1.143437
-1.143451
-1.143464
-1.143477
-1.143490
-1.143503
-1.143516
-1.143530
-1.143543
-1.143556
-1.143569
-1.143582
-1.143595
-1.143608
-1.143621
-1.143634
-1.143647
-1.143660
-1.143673
-1.143686
-1.143699
-1.143712
-1.143724
-1.143737
-1.143750
-1.143763
-1.143776
-1.143789
-1.143801
-1.143814
-1.143827
-1.143840
-1.143852
-1.143865
-1.143878
-1.143891
-1.143903
-1.143916
-1.143928
-1.143941
-1.143954
-1.143966
-1.143979
-1.143991
-1.144004
-1.144016
-1.144029
-1.144041
-1.144054
-1.144066
-1.144079
-1.144091
-1.144104
-1.144116
-1.144129
-1.144141
-1.144153
-1.144166
-1.144178
-1.144190
-1.144203
-1.144215
-1.144227
-1.144239
-1.144252
-1.144264
-1.144276
-1.144288
-1.144300
-1.144313
-1.144325
-1.144337
-1.144349
-1.144361
-1.144373
-1.144385
-1.144397
-1.144409
-1.144421
-1.144434
-1.144446
-1.144458
-1.144469
-1.144481
-1.144493
-1.144505
-1.144517
-1.144529
-1.144541
-1.144553
-1.144565
-1.144577
-1.144588
-1.144600
-1.144612
-1.144624
-1.144636
-1.144647
-1.144659
-1.144671
-1.144683
-1.144694
-1.144706
-1.144718
-1.144729
-1.144741
-1.144753
-1.144764
-1.144776
-1.144787
-1.144799
-1.144811
-1.144822
-1.144834
-1.144845
-1.144857
-1.144868
-1.144880
-1.144891
-1.144903
-1.144914
-1.144925
-1.144937
-1.144948
-1.144960
-1.144971
-1.144982
-1.144994
-1.145005
-1.145016
-1.145028
-1.145039
-1.145050
-1.145061
-1.145073
-1.145073
-1.145084
-1.145095
-1.145106
-1.145117
-1.145129
-1.145140
-1.145151
-1.145162
-1.145173
-1.145184
-1.145195
-1.145206
-1.145217
-1.145229
-1.145240
-1.145251
-1.145262
-1.145273
-1.145284
-1.145295
-1.145306
-1.145316
-1.145327
-1.145338
-1.145349
-1.145360
-1.145371
-1.145382
-1.145393
-1.145404
-1.145414
-1.145425
-1.145436
-1.145447
-1.145457
-1.145468
-1.145479
-1.145490
-1.145500
-1.145511
-1.145522
-1.145532
-1.145543
-1.145554
-1.145564
-1.145575
-1.145586
-1.145596
-1.145607
-1.145617
-1.145628
-1.145639
-1.145649
-1.145660
-1.145670
-1.145681
-1.145691
-1.145702
-1.145712
-1.145722
-1.145733
-1.145743
-1.145754
-1.145764
-1.145774
-1.145785
-1.145795
-1.145805
-1.145816
-1.145826
-1.145836
-1.145847
-1.145857
-1.145867
-1.145878
-1.145888
-1.145898
-1.145908
-1.145918
-1.145929
-1.145939
-1.145949
-1.145959
-1.145969
-1.145979
-1.145989
-1.146000
-1.146010
-1.146020
-1.146030
-1.146040
-1.146050
-1.146060
-1.146070
-1.146080
-1.146090
-1.146100
-1.146110
-1.146120
-1.146130
-1.146140
-1.146150
-1.146159
-1.146169
-1.146179
-1.146189
-1.146199
-1.146209
-1.146219
-1.146228
-1.146238
-1.146248
-1.146258
-1.146268
-1.146277
-1.146287
-1.146297
-1.146306
-1.146316
-1.146326
-1.146336
-1.146345
-1.146355
-1.146365
-1.146374
-1.146384
-1.146393
-1.146403
-1.146413
-1.146422
-1.146432
-1.146441
-1.146451
-1.146460
-1.146470
-1.146479
-1.146489
-1.146498
-1.146508
-1.146517
-1.146527
-1.146536
-1.146546
-1.146555
-1.146564
-1.146574
-1.146583
-1.146592
-1.146602
-1.146611
-1.146620
-1.146630
-1.146639
-1.146648
-1.146658
-1.146667
-1.146676
-1.146685
-1.146695
-1.146704
-1.146713
-1.146722
-1.146731
-1.146741
-1.146750
-1.146759
-1.146768
-1.146777
-1.146786
-1.146795
-1.146805
-1.146814
-1.146823
-1.146832
-1.146841
-1.146850
-1.146859
-1.146868
-1.146877
-1.146886
-1.146895
-1.146904
-1.146913
-1.146922
-1.146931
-1.146940
-1.146948
-1.146957
-1.146966
-1.146975
-1.146984
-1.146993
-1.147002
-1.147011
-1.147019
-1.147028
-1.147037
-1.147046
-1.147055
-1.147063
-1.147072
-1.147081
-1.147090
-1.147098
-1.147107
-1.147116
-1.147124
-1.147133
-1.147142
-1.147150
-1.147159
-1.147168
-1.147176
-1.147185
-1.147194
-1.147202
-1.147211
-1.147219
-1.147228
-1.147236
-1.147245
-1.147253
-1.147262
-1.147270
-1.147279
-1.147287
-1.147296
-1.147304
-1.147313
-1.147321
-1.147330
-1.147338
-1.147347
-1.147355
-1.147363
-1.147372
-1.147380
-1.147388
-1.147397
-1.147405
-1.147413
-1.147422
-1.147430
-1.147438
-1.147447
-1.147455
-1.147463
-1.147471
-1.147480
-1.147488
-1.147496
-1.147504
-1.147513
-1.147521
-1.147529
-1.147537
-1.147545
-1.147553
-1.147561
-1.147570
-1.147578
-1.147586
-1.147594
-1.147602
-1.147610
-1.147618
-1.147626
-1.147634
-1.147642
-1.147650
-1.147658
-1.147666
-1.147674
-1.147682
-1.147690
-1.147698
-1.147706
-1.147714
-1.147722
-1.147730
-1.147738
-1.147746
-1.147754
-1.147761
-1.147769
-1.147777
-1.147785
-1.147793
-1.147801
-1.147809
-1.147816
-1.147824
-1.147832
-1.147840
-1.147847
-1.147855
-1.147863
-1.147871
-1.147878
-1.147886
-1.147894
-1.147902
-1.147909
-1.147917
-1.147925
-1.147932
-1.147940
-1.147948
-1.147955
-1.147963
-1.147970
-1.147978
-1.147986
-1.147993
-1.148001
-1.148008
-1.148016
-1.148023
-1.148031
-1.148038
-1.148046
-1.148053
-1.148061
-1.148068
-1.148076
-1.148083
-1.148091
-1.148098
-1.148106
-1.148113
-1.148121
-1.148128
-1.148135
-1.148143
-1.148150
-1.148157
-1.148165
-1.148172
-1.148179
-1.148187
-1.148194
-1.148201
-1.148209
-1.148216
-1.148223
-1.148231
-1.148238
-1.148245
-1.148252
-1.148260
-1.148267
-1.148274
-1.148281
-1.148288
-1.148296
-1.148303
-1.148310
-1.148317
-1.148324
-1.148331
-1.148338
-1.148346
-1.148353
-1.148360
-1.148367
-1.148374
-1.148381
-1.148388
-1.148395
-1.148402
-1.148409
-1.148416
-1.148423
-1.148430
-1.148437
-1.148444
-1.148451
-1.148458
-1.148465
-1.148472
-1.148479
-1.148486
-1.148493
-1.148500
-1.148507
-1.148514
-1.148521
-1.148527
-1.148534
-1.148541
-1.148548
-1.148555
-1.148562
-1.148569
-1.148575
-1.148582
-1.148589
-1.148596
-1.148603
-1.148609
-1.148616
-1.148623
-1.148630
-1.148636
-1.148643
-1.148650
-1.148656
-1.148663
-1.148670
-1.148677
-1.148683
-1.148690
-1.148697
-1.148703
-1.148710
-1.148716
-1.148723
-1.148730
-1.148736
-1.148743
-1.148749
-1.148756
-1.148763
-1.148769
-1.148776
-1.148782
-1.148789
-1.148795
-1.148802
-1.148808
-1.148815
-1.148821
-1.148828
-1.148834
-1.148841
-1.148847
-1.148854
-1.148860
-1.148866
-1.148873
-1.148879
-1.148886
-1.148892
-1.148898
-1.148905
-1.148911
-1.148918
-1.148924
-1.148930
-1.148937
-1.148943
-1.148949
-1.148956
-1.148962
-1.148968
-1.148974
-1.148981
-1.148987
-1.148993
-1.148999
-1.149006
-1.149012
-1.149018
-1.149024
-1.149031
-1.149037
-1.149043
-1.149049
-1.149055
-1.149062
-1.149068
-1.149074
-1.149080
-1.149086
-1.149092
-1.149098
-1.149104
-1.149111
-1.149117
-1.149123
-1.149129
-1.149135
-1.149141
-1.149147
-1.149153
-1.149159
-1.149165
-1.149171
-1.149177
-1.149183
-1.149189
-1.149195
-1.149201
-1.149207
-1.149213
-1.149219
-1.149225
-1.149231
-1.149237
-1.149237
-1.149243
-1.149249
-1.149254
-1.149260
-1.149266
-1.149272
-1.149278
-1.149284
-1.149290
-1.149296
-1.149301
-1.149307
-1.149313
-1.149319
-1.149325
-1.149330
-1.149336
-1.149342
-1.149348
-1.149354
-1.149359
-1.149365
-1.149371
-1.149377
-1.149382
-1.149388
-1.149394
-1.149399
-1.149405
-1.149411
-1.149416
-1.149422
-1.149428
-1.149433
-1.149439
-1.149445
-1.149450
-1.149456
-1.149462
-1.149467
-1.149473
-1.149478
-1.149484
-1.149490
-1.149495
-1.149501
-1.149506
-1.149512
-1.149517
-1.149523
-1.149528
-1.149534
-1.149539
-1.149545
-1.149550
-1.149556
-1.149561
-1.149567
-1.149572
-1.149578
-1.149583
-1.149589
-1.149594
-1.149599
-1.149605
-1.149610
-1.149616
-1.149621
-1.149626
-1.149632
-1.149637
-1.149643
-1.149648
-1.149653
-1.149659
-1.149664
-1.149669
-1.149675
-1.149680
-1.149685
-1.149691
-1.149696
-1.149701
-1.149706
-1.149712
-1.149717
-1.149722
-1.149727
-1.149733
-1.149738
-1.149743
-1.149748
-1.149753
-1.149759
-1.149764
-1.149769
-1.149774
-1.149779
-1.149785
-1.149790
-1.149795
-1.149800
-1.149805
-1.149810
-1.149815
-1.149820
-1.149826
-1.149831
-1.149836
-1.149841
-1.149846
-1.149851
-1.149856
-1.149861
-1.149866
-1.149871
-1.149876
-1.149881
-1.149886
-1.149891
-1.149896
-1.149901
-1.149906
-1.149911
-1.149916
-1.149921
-1.149926
-1.149931
-1.149936
-1.149941
-1.149946
-1.149951
-1.149956
-1.149961
-1.149966
-1.149970
-1.149975
-1.149980
-1.149985
-1.149990
-1.149995
-1.150000
-1.150005
-1.150009
-1.150014
-1.150019
-1.150024
-1.150029
-1.150033
-1.150038
-1.150043
-1.150048
-1.150053
-1.150057
-1.150062
-1.150067
-1.150072
-1.150076
-1.150081
-1.150086
-1.150091
-1.150095
-1.150100
-1.150105
-1.150109
-1.150114
-1.150119
-1.150123
-1.150128
-1.150133
-1.150137
-1.150142
-1.150147
-1.150151
-1.150156
-1.150161
-1.150165
-1.150170
-1.150174
-1.150179
-1.150184
-1.150188
-1.150193
-1.150197
-1.150202
-1.150206
-1.150211
-1.150215
-1.150220
-1.150225
-1.150229
-1.150234
-1.150238
-1.150243
-1.150247
-1.150252
-1.150256
-1.150260
-1.150265
-1.150269
-1.150274
-1.150278
-1.150283
-1.150287
-1.150292
-1.150296
-1.150300
-1.150305
-1.150309
-1.150314
-1.150318
-1.150322
-1.150327
-1.150331
-1.150335
-1.150340
-1.150344
-1.150349
-1.150353
-1.150357
-1.150361
-1.150366
-1.150370
-1.150374
-1.150379
-1.150383
-1.150387
-1.150392
-1.150396
-1.150400
-1.150404
-1.150409
-1.150413
-1.150417
-1.150421
-1.150426
-1.150430
-1.150434
-1.150438
-1.150442
-1.150447
-1.150451
-1.150455
-1.150459
-1.150463
-1.150467
-1.150472
-1.150476
-1.150480
-1.150484
-1.150488
-1.150492
-1.150496
-1.150500
-1.150505
-1.150509
-1.150513
-1.150517
-1.150521
-1.150525
-1.150529
-1.150533
-1.150537
-1.150541
-1.150545
-1.150549
-1.150553
-1.150557
-1.150561
-1.150565
-1.150569
-1.150573
-1.150577
-1.150581
-1.150585
-1.150589
-1.150593
-1.150597
-1.150601
-1.150605
-1.150609
-1.150613
-1.150617
-1.150621
-1.150625
-1.150629
-1.150633
-1.150636
-1.150640
-1.150644
-1.150648
-1.150652
-1.150656
-1.150660
-1.150664
-1.150667
-1.150671
-1.150675
-1.150679
-1.150683
-1.150687
-1.150690
-1.150694
-1.150698
-1.150702
-1.150706
-1.150709
-1.150713
-1.150717
-1.150721
-1.150724
-1.150728
-1.150732
-1.150736
-1.150739
-1.150743
-1.150747
-1.150751
-1.150754
-1.150758
-1.150762
-1.150765
-1.150769
-1.150773
-1.150777
-1.150780
-1.150784
-1.150788
-1.150791
-1.150795
-1.150798
-1.150802
-1.150806
-1.150809
-1.150813
-1.150817
-1.150820
-1.150824
-1.150827
-1.150831
-1.150835
-1.150838
-1.150842
-1.150845
-1.150849
-1.150852
-1.150856
-1.150860
-1.150863
-1.150867
-1.150870
-1.150874
-1.150877
-1.150881
-1.150884
-1.150888
-1.150891
-1.150895
-1.150898
-1.150902
-1.150905
-1.150909
-1.150912
-1.150915
-1.150919
-1.150922
-1.150926
-1.150929
-1.150933
-1.150936
-1.150940
-1.150943
-1.150946
-1.150950
-1.150953
-1.150957
-1.150960
-1.150963
-1.150967
-1.150970
-1.150973
-1.150977
-1.150980
-1.150983
-1.150987
-1.150990
-1.150993
-1.150997
-1.151000
-1.151003
-1.151007
-1.151010
-1.151013
-1.151017
-1.151020
-1.151023
-1.151026
-1.151030
-1.151033
-1.151036
-1.151039
-1.151043
-1.151046
-1.151049
-1.151052
-1.151056
-1.151059
-1.151062
-1.151065
-1.151068
-1.151072
-1.151075
-1.151078
-1.151081
-1.151084
-1.151088
-1.151091
-1.151094
-1.151097
-1.151100
-1.151103
-1.151106
-1.151110
-1.151113
-1.151116
-1.151119
-1.151122
-1.151125
-1.151128
-1.151131
-1.151134
-1.151138
-1.151141
-1.151144
-1.151147
-1.151150
-1.151153
-1.151156
-1.151159
-1.151162
-1.151165
-1.151168
-1.151171
-1.151174
-1.151177
-1.151180
-1.151183
-1.151186
-1.151189
-1.151192
-1.151195
-1.151198
-1.151201
-1.151204
-1.151207
-1.151210
-1.151213
-1.151216
-1.151219
-1.151222
-1.151225
-1.151228
-1.151231
-1.151233
-1.151236
-1.151239
-1.151242
-1.151245
-1.151248
-1.151251
-1.151254
-1.151257
-1.151260
-1.151262
-1.151265
-1.151268
-1.151271
-1.151274
-1.151277
-1.151279
-1.151282
-1.151285
-1.151288
-1.151291
-1.151294
-1.151296
-1.151299
-1.151302
-1.151305
-1.151308
-1.151310
-1.151313
-1.151316
-1.151319
-1.151321
-1.151324
-1.151327
-1.151330
-1.151332
-1.151332
-1.151335
-1.151338
-1.151341
-1.151343
-1.151346
-1.151349
-1.151351
-1.151354
-1.151357
-1.151360
-1.151362
-1.151365
-1.151368
-1.151370
-1.151373
-1.151376
-1.151378
-1.151381
-1.151384
-1.151386
-1.151389
-1.151392
-1.151394
-1.151397
-1.151399
-1.151402
-1.151405
-1.151407
-1.151410
-1.151412
-1.151415
-1.151418
-1.151420
-1.151423
-1.151425
-1.151428
-1.151431
-1.151433
-1.151436
-1.151438
-1.151441
-1.151443
-1.151446
-1.151448
-1.151451
-1.151453
-1.151456
-1.151458
-1.151461
-1.151463
-1.151466
-1.151468
-1.151471
-1.151473
-1.151476
-1.151478
-1.151481
-1.151483
-1.151486
-1.151488
-1.151491
-1.151493
-1.151496
-1.151498
-1.151500
-1.151503
-1.151505
-1.151508
-1.151510
-1.151512
-1.151515
-1.151517
-1.151520
-1.151522
-1.151524
-1.151527
-1.151529
-1.151532
-1.151534
-1.151536
-1.151539
-1.151541
-1.151543
-1.151546
-1.151548
-1.151550
-1.151553
-1.151555
-1.151557
-1.151560
-1.151562
-1.151564
-1.151567
-1.151569
-1.151571
-1.151574
-1.151576
-1.151578
-1.151580
-1.151583
-1.151585
-1.151587
-1.151589
-1.151592
-1.151594
-1.151596
-1.151598
-1.151601
-1.151603
-1.151605
-1.151607
-1.151610
-1.151612
-1.151614
-1.151616
-1.151618
-1.151621
-1.151623
-1.151625
-1.151627
-1.151629
-1.151632
-1.151634
-1.151636
-1.151638
-1.151640
-1.151642
-1.151644
-1.151647
-1.151649
-1.151651
-1.151653
-1.151655
-1.151657
-1.151659
-1.151662
-1.151664
-1.151666
-1.151668
-1.151670
-1.151672
-1.151674
-1.151676
-1.151678
-1.151680
-1.151682
-1.151685
-1.151687
-1.151689
-1.151691
-1.151693
-1.151695
-1.151697
-1.151699
-1.151701
-1.151703
-1.151705
-1.151707
-1.151709
-1.151711
-1.151713
-1.151715
-1.151717
-1.151719
-1.151721
-1.151723
-1.151725
-1.151727
-1.151729
-1.151731
-1.151733
-1.151735
-1.151737
-1.151739
-1.151741
-1.151743
-1.151745
-1.151747
-1.151748
-1.151750
-1.151752
-1.151754
-1.151756
-1.151758
-1.151760
-1.151762
-1.151764
-1.151766
-1.151768
-1.151769
-1.151771
-1.151773
-1.151775
-1.151777
-1.151779
-1.151781
-1.151783
-1.151784
-1.151786
-1.151788
-1.151790
-1.151792
-1.151794
-1.151795
-1.151797
-1.151799
-1.151801
-1.151803
-1.151805
-1.151806
-1.151808
-1.151810
-1.151812
-1.151814
-1.151815
-1.151817
-1.151819
-1.151821
-1.151822
-1.151824
-1.151826
-1.151828
-1.151829
-1.151831
-1.151833
-1.151835
-1.151836
-1.151838
-1.151840
-1.151842
-1.151843
-1.151845
-1.151847
-1.151849
-1.151850
-1.151852
-1.151854
-1.151855
-1.151857
-1.151859
-1.151860
-1.151862
-1.151864
-1.151865
-1.151867
-1.151869
-1.151870
-1.151872
-1.151874
-1.151875
-1.151877
-1.151879
-1.151880
-1.151882
-1.151884
-1.151885
-1.151887
-1.151888
-1.151890
-1.151892
-1.151893
-1.151895
-1.151896
-1.151898
-1.151900
-1.151901
-1.151903
-1.151904
-1.151906
-1.151908
-1.151909
-1.151911
-1.151912
-1.151914
-1.151915
-1.151917
-1.151918
-1.151920
-1.151922
-1.151923
-1.151925
-1.151926
-1.151928
-1.151929
-1.151931
-1.151932
-1.151934
-1.151935
-1.151937
-1.151938
-1.151940
-1.151941
-1.151943
-1.151944
-1.151946
-1.151947
-1.151949
-1.151950
-1.151952
-1.151953
-1.151954
-1.151956
-1.151957
-1.151959
-1.151960
-1.151962
-1.151963
-1.151965
-1.151966
-1.151967
-1.151969
-1.151970
-1.151972
-1.151973
-1.151974
-1.151976
-1.151977
-1.151979
-1.151980
-1.151981
-1.151983
-1.151984
-1.151986
-1.151987
-1.151988
-1.151990
-1.151991
-1.151992
-1.151994
-1.151995
-1.151996
-1.151998
-1.151999
-1.152000
-1.152002
-1.152003
-1.152004
-1.152006
-1.152007
-1.152008
-1.152010
-1.152011
-1.152012
-1.152014
-1.152015
-1.152016
-1.152018
-1.152019
-1.152020
-1.152021
-1.152023
-1.152024
-1.152025
-1.152026
-1.152028
-1.152029
-1.152030
-1.152031
-1.152033
-1.152034
-1.152035
-1.152036
-1.152038
-1.152039
-1.152040
-1.152041
-1.152043
-1.152044
-1.152045
-1.152046
-1.152047
-1.152049
-1.152050
-1.152051
-1.152052
-1.152053
-1.152055
-1.152056
-1.152057
-1.152058
-1.152059
-1.152061
-1.152062
-1.152063
-1.152064
-1.152065
-1.152066
-1.152067
-1.152069
-1.152070
-1.152071
-1.152072
-1.152073
-1.152074
-1.152075
-1.152077
-1.152078
-1.152079
-1.152080
-1.152081
-1.152082
-1.152083
-1.152084
-1.152085
-1.152087
-1.152088
-1.152089
-1.152090
-1.152091
-1.152092
-1.152093
-1.152094
-1.152095
-1.152096
-1.152097
-1.152098
-1.152099
-1.152100
-1.152101
-1.152103
-1.152104
-1.152105
-1.152106
-1.152107
-1.152108
-1.152109
-1.152110
-1.152111
-1.152112
-1.152113
-1.152114
-1.152115
-1.152116
-1.152117
-1.152118
-1.152119
-1.152120
-1.152121
-1.152122
-1.152123
-1.152124
-1.152125
-1.152126
-1.152127
-1.152128
-1.152128
-1.152129
-1.152130
-1.152131
-1.152132
-1.152133
-1.152134
-1.152135
-1.152136
-1.152137
-1.152138
-1.152139
-1.152140
-1.152141
-1.152142
-1.152142
-1.152143
-1.152144
-1.152145
-1.152146
-1.152147
-1.152148
-1.152149
-1.152150
-1.152151
-1.152151
-1.152152
-1.152153
-1.152154
-1.152155
-1.152156
-1.152157
-1.152158
-1.152158
-1.152159
-1.152160
-1.152161
-1.152162
-1.152163
-1.152163
-1.152164
-1.152165
-1.152166
-1.152167
-1.152168
-1.152168
-1.152169
-1.152170
-1.152171
-1.152172
-1.152172
-1.152173
-1.152174
-1.152175
-1.152175
-1.152176
-1.152176
-1.152177
-1.152178
-1.152179
-1.152180
-1.152180
-1.152181
-1.152182
-1.152183
-1.152183
-1.152184
-1.152185
-1.152186
-1.152186
-1.152187
-1.152188
-1.152189
-1.152189
-1.152190
-1.152191
-1.152192
-1.152192
-1.152193
-1.152194
-1.152194
-1.152195
-1.152196
-1.152197
-1.152197
-1.152198
-1.152199
-1.152199
-1.152200
-1.152201
-1.152201
-1.152202
-1.152203
-1.152203
-1.152204
-1.152205
-1.152205
-1.152206
-1.152207
-1.152207
-1.152208
-1.152209
-1.152209
-1.152210
-1.152211
-1.152211
-1.152212
-1.152213
-1.152213
-1.152214
-1.152215
-1.152215
-1.152216
-1.152216
-1.152217
-1.152218
-1.152218
-1.152219
-1.152219
-1.152220
-1.152221
-1.152221
-1.152222
-1.152222
-1.152223
-1.152224
-1.152224
-1.152225
-1.152225
-1.152226
-1.152226
-1.152227
-1.152228
-1.152228
-1.152229
-1.152229
-1.152230
-1.152230
-1.152231
-1.152232
-1.152232
-1.152233
-1.152233
-1.152234
-1.152234
-1.152235
-1.152235
-1.152236
-1.152236
-1.152237
-1.152237
-1.152238
-1.152238
-1.152239
-1.152239
-1.152240
-1.152240
-1.152241
-1.152241
-1.152242
-1.152242
-1.152243
-1.152243
-1.152244
-1.152244
-1.152245
-1.152245
-1.152246
-1.152246
-1.152247
-1.152247
-1.152248
-1.152248
-1.152248
-1.152249
-1.152249
-1.152250
-1.152250
-1.152251
-1.152251
-1.152252
-1.152252
-1.152252
-1.152253
-1.152253
-1.152254
-1.152254
-1.152254
-1.152255
-1.152255
-1.152256
-1.152256
-1.152257
-1.152257
-1.152257
-1.152258
-1.152258
-1.152258
-1.152259
-1.152259
-1.152260
-1.152260
-1.152260
-1.152261
-1.152261
-1.152261
-1.152262
-1.152262
-1.152263
-1.152263
-1.152263
-1.152264
-1.152264
-1.152264
-1.152265
-1.152265
-1.152265
-1.152266
-1.152266
-1.152266
-1.152267
-1.152267
-1.152267
-1.152268
-1.152268
-1.152268
-1.152269
-1.152269
-1.152269
-1.152270
-1.152270
-1.152270
-1.152270
-1.152271
-1.152271
-1.152271
-1.152272
-1.152272
-1.152272
-1.152272
-1.152273
-1.152273
-1.152273
-1.152274
-1.152274
-1.152274
-1.152274
-1.152275
-1.152275
-1.152275
-1.152275
-1.152276
-1.152276
-1.152276
-1.152276
-1.152277
-1.152277
-1.152277
-1.152277
-1.152277
-1.152278
-1.152278
-1.152278
-1.152278
-1.152279
-1.152279
-1.152279
-1.152279
-1.152279
-1.152280
-1.152280
-1.152280
-1.152280
-1.152280
-1.152281
-1.152281
-1.152281
-1.152281
-1.152281
-1.152282
-1.152282
-1.152282
-1.152282
-1.152282
-1.152282
-1.152283
-1.152283
-1.152283
-1.152283
-1.152283
-1.152283
-1.152284
-1.152284
-1.152284
-1.152284
-1.152284
-1.152284
-1.152284
-1.152284
-1.152285
-1.152285
-1.152285
-1.152285
-1.152285
-1.152285
-1.152285
-1.152285
-1.152286
-1.152286
-1.152286
-1.152286
-1.152286
-1.152286
-1.152286
-1.152286
-1.152286
-1.152286
-1.152287
-1.152287
-1.152287
-1.152287
-1.152287
-1.152287
-1.152287
-1.152287
-1.152287
-1.152287
-1.152287
-1.152287
-1.152287
-1.152288
-1.152288
-1.152288
-1.152288
-1.152288
-1.152288
-1.152288
-1.152288
-1.152288
-1.152288
-1.152288
-1.152288
-1.152288
-1.152288
-1.152288
-1.152288
-1.152288
-1.152288
-1.152288
-1.152288
-1.152288
-1.152288
-1.152288
-1.152288
-1.152288
-1.152288
-1.152288
-1.152288
-1.152288
-1.152288
-1.152288
-1.152288
-1.152288
-1.152288
-1.152288
-1.152288
-1.152288
-1.152288
-1.152288
-1.152288
-1.152288
-1.152288
-1.152288
-1.152288
-1.152288
-1.152288
-1.152288
-1.152288
-1.152288
-1.152288
-1.152287
-1.152287
-1.152287
-1.152287
-1.152287
-1.152287
-1.152287
-1.152287
-1.152287
-1.152287
-1.152287
-1.152287
-1.152287
-1.152287
-1.152286
-1.152286
-1.152286
-1.152286
-1.152286
-1.152286
-1.152286
-1.152286
-1.152286
-1.152286
-1.152285
-1.152285
-1.152285
-1.152285
-1.152285
-1.152285
-1.152285
-1.152285
-1.152285
-1.152284
-1.152284
-1.152284
-1.152284
-1.152284
-1.152284
-1.152284
-1.152283
-1.152283
-1.152283
-1.152283
-1.152283
-1.152283
-1.152283
-1.152282
-1.152282
-1.152282
-1.152282
-1.152282
-1.152282
-1.152281
-1.152281
-1.152281
-1.152281
-1.152281
-1.152281
-1.152280
-1.152280
-1.152280
-1.152280
-1.152280
-1.152279
-1.152279
-1.152279
-1.152279
-1.152279
-1.152278
-1.152278
-1.152278
-1.152278
-1.152278
-1.152277
-1.152277
-1.152277
-1.152277
-1.152276
-1.152276
-1.152276
-1.152276
-1.152276
-1.152275
-1.152275
-1.152275
-1.152275
-1.152274
-1.152274
-1.152274
-1.152274
-1.152273
-1.152273
-1.152273
-1.152273
-1.152272
-1.152272
-1.152272
-1.152272
-1.152271
-1.152271
-1.152271
-1.152271
-1.152270
-1.152270
-1.152270
-1.152269
-1.152269
-1.152269
-1.152269
-1.152268
-1.152268
-1.152268
-1.152267
-1.152267
-1.152267
-1.152267
-1.152266
-1.152266
-1.152266
-1.152265
-1.152265
-1.152265
-1.152264
-1.152264
-1.152264
-1.152263
-1.152263
-1.152263
-1.152262
-1.152262
-1.152262
-1.152262
-1.152261
-1.152261
-1.152261
-1.152260
-1.152260
-1.152259
-1.152259
-1.152259
-1.152258
-1.152258
-1.152258
-1.152257
-1.152257
-1.152257
-1.152256
-1.152256
-1.152256
-1.152255
-1.152255
-1.152255
-1.152254
-1.152254
-1.152253
-1.152253
-1.152253
-1.152252
-1.152252
-1.152251
-1.152251
-1.152251
-1.152250
-1.152250
-1.152250
-1.152249
-1.152249
-1.152248
-1.152248
-1.152248
-1.152247
-1.152247
-1.152246
-1.152246
-1.152246
-1.152245
-1.152245
-1.152245
-1.152244
-1.152244
-1.152243
-1.152243
-1.152243
-1.152242
-1.152242
-1.152241
-1.152241
-1.152240
-1.152240
-1.152240
-1.152239
-1.152239
-1.152238
-1.152238
-1.152237
-1.152237
-1.152236
-1.152236
-1.152236
-1.152235
-1.152235
-1.152234
-1.152234
-1.152233
-1.152233
-1.152232
-1.152232
-1.152231
-1.152231
-1.152230
-1.152230
-1.152229
-1.152229
-1.152228
-1.152228
-1.152227
-1.152227
-1.152227
-1.152226
-1.152226
-1.152225
-1.152225
-1.152224
-1.152224
-1.152223
-1.152223
-1.152222
-1.152222
-1.152221
-1.152221
-1.152220
-1.152219
-1.152219
-1.152218
-1.152218
-1.152217
-1.152217
-1.152216
-1.152216
-1.152215
-1.152215
-1.152214
-1.152214
-1.152213
-1.152213
-1.152212
-1.152212
-1.152211
-1.152210
-1.152210
-1.152209
-1.152209
-1.152208
-1.152208
-1.152207
-1.152207
-1.152206
-1.152206
-1.152205
-1.152204
-1.152204
-1.152203
-1.152203
-1.152202
-1.152202
-1.152201
-1.152200
-1.152200
-1.152199
-1.152199
-1.152198
-1.152197
-1.152197
-1.152196
-1.152196
-1.152195
-1.152195
-1.152194
-1.152193
-1.152193
-1.152192
-1.152192
-1.152191
-1.152190
-1.152190
-1.152189
-1.152189
-1.152188
-1.152187
-1.152187
-1.152186
-1.152185
-1.152185
-1.152184
-1.152184
-1.152183
-1.152182
-1.152182
-1.152181
-1.152180
-1.152180
-1.152179
-1.152179
-1.152178
-1.152177
-1.152177
-1.152176
-1.152175
-1.152175
-1.152174
-1.152173
-1.152173
-1.152172
-1.152171
-1.152171
-1.152170
-1.152170
-1.152169
-1.152168
-1.152168
-1.152167
-1.152166
-1.152166
-1.152165
-1.152164
-1.152164
-1.152163
-1.152162
-1.152161
-1.152161
-1.152160
-1.152159
-1.152159
-1.152158
-1.152157
-1.152157
-1.152156
-1.152155
-1.152155
-1.152154
-1.152153
-1.152153
-1.152152
-1.152151
-1.152150
-1.152150
-1.152149
-1.152148
-1.152148
-1.152147
-1.152146
-1.152145
-1.152145
-1.152144
-1.152143
-1.152143
-1.152142
-1.152141
-1.152140
-1.152140
-1.152139
-1.152138
-1.152137
-1.152137
-1.152136
-1.152135
-1.152135
-1.152134
-1.152133
-1.152132
-1.152132
-1.152131
-1.152130
-1.152129
-1.152129
-1.152128
-1.152127
-1.152126
-1.152126
-1.152125
-1.152124
-1.152123
-1.152123
-1.152122
-1.152121
-1.152120
-1.152119
-1.152119
-1.152118
-1.152117
-1.152116
-1.152116
-1.152115
-1.152114
-1.152113
-1.152112
-1.152112
-1.152111
-1.152110
-1.152109
-1.152109
-1.152108
-1.152107
-1.152106
-1.152105
-1.152105
-1.152104
-1.152103
-1.152102
-1.152101
-1.152101
-1.152100
-1.152099
-1.152098
-1.152097
-1.152097
-1.152096
-1.152095
-1.152094
-1.152093
-1.152092
-1.152092
-1.152091
-1.152090
-1.152089
-1.152088
-1.152088
-1.152087
-1.152086
-1.152085
-1.152084
-1.152083
-1.152083
-1.152082
-1.152081
-1.152080
-1.152079
-1.152078
-1.152077
-1.152077
-1.152076
-1.152075
-1.152074
-1.152073
-1.152072
-1.152071
-1.152071
-1.152070
-1.152069
-1.152068
-1.152067
-1.152066
-1.152065
-1.152065
-1.152064
-1.152063
-1.152062
-1.152061
-1.152060
-1.152059
-1.152058
-1.152058
-1.152057
-1.152056
-1.152055
-1.152054
-1.152053
-1.152052
-1.152051
-1.152051
-1.152050
-1.152049
-1.152048
-1.152047
-1.152046
-1.152045
-1.152044
-1.152043
-1.152042
-1.152042
-1.152041
-1.152040
-1.152039
-1.152038
-1.152037
-1.152036
-1.152035
-1.152034
-1.152033
-1.152032
-1.152032
-1.152031
-1.152030
-1.152029
-1.152028
-1.152027
-1.152026
-1.152025
-1.152024
-1.152023
-1.152022
-1.152021
-1.152020
-1.152019
-1.152019
-1.152018
-1.152017
-1.152016
-1.152015
-1.152014
-1.152013
-1.152012
-1.152011
-1.152010
-1.152009
-1.152008
-1.152007
-1.152006
-1.152005
-1.152004
-1.152003
-1.152002
-1.152001
-1.152000
-1.152000
-1.151999
-1.151998
-1.151997
-1.151996
-1.151995
-1.151994
-1.151993
-1.151992
-1.151991
-1.151990
-1.151989
-1.151988
-1.151987
-1.151986
-1.151985
-1.151984
-1.151983
-1.151982
-1.151981
-1.151980
-1.151979
-1.151978
-1.151977
-1.151976
-1.151975
-1.151974
-1.151973
-1.151972
-1.151971
-1.151970
-1.151969
-1.151968
-1.151967
-1.151966
-1.151965
-1.151964
-1.151963
-1.151962
-1.151961
-1.151960
-1.151959
-1.151958
-1.151957
-1.151956
-1.151955
-1.151954
-1.151953
-1.151952
-1.151951
-1.151950
-1.151949
-1.151948
-1.151947
-1.151946
-1.151944
-1.151943
-1.151942
-1.151941
-1.151940
-1.151939
-1.151938
-1.151937
-1.151936
-1.151935
-1.151934
-1.151933
-1.151932
-1.151931
-1.151930
-1.151929
-1.151928
-1.151927
-1.151926
-1.151925
-1.151924
-1.151922
-1.151921
-1.151920
-1.151919
-1.151918
-1.151917
-1.151916
-1.151915
-1.151914
-1.151913
-1.151912
-1.151911
-1.151910
-1.151909
-1.151907
-1.151906
-1.151905
-1.151904
-1.151903
-1.151902
-1.151901
-1.151900
-1.151899
-1.151898
-1.151897
-1.151896
-1.151894
-1.151893
-1.151892
-1.151891
-1.151890
-1.151889
-1.151888
-1.151887
-1.151886
-1.151885
-1.151883
-1.151882
-1.151881
-1.151880
-1.151879
-1.151878
-1.151877
-1.151876
-1.151875
-1.151873
-1.151872
-1.151871
-1.151870
-1.151869
-1.151868
-1.151867
-1.151866
-1.151865
-1.151863
-1.151862
-1.151861
-1.151860
-1.151859
-1.151858
-1.151857
-1.151855
-1.151854
-1.151853
-1.151852
-1.151851
-1.151850
-1.151849
-1.151848
-1.151846
-1.151845
-1.151844
-1.151843
-1.151843
