-0.425004
-1.636419
-1.636137
-1.634546
-1.633163
-1.632296
-1.631861
-1.631705
-1.631705
-1.631775
-1.631860
-1.631927
-1.631954
-1.631932
-1.631853
-1.631717
-1.631519
-1.631256
-1.630920
-1.630502
-1.629989
-1.629370
-1.628633
-1.627776
-1.626804
-1.625732
-1.624593
-1.623424
-1.622272
-1.621180
-1.620186
-1.619318
-1.618595
-1.618030
-1.617632
-1.617410
-1.617377
-1.617549
-1.617944
-1.618585
-1.619494
-1.620689
-1.622186
-1.623989
-1.626093
-1.628479
-1.631111
-1.633931
-1.636858
-1.639799
-1.642652
-1.645328
-1.647758
-1.649901
-1.651736
-1.653259
-1.654478
-1.655411
-1.656085
-1.656536
-1.656806
-1.656944
-1.657005
-1.657040
-1.657093
-1.657181
-1.657298
-1.657422
-1.657527
-1.657592
-1.657602
-1.657548
-1.657430
-1.657251
-1.657019
-1.656743
-1.656436
-1.656109
-1.655779
-1.655458
-1.655163
-1.654909
-1.654711
-1.654582
-1.654537
-1.654587
-1.654743
-1.655015
-1.655410
-1.655933
-1.656589
-1.657380
-1.658306
-1.659365
-1.660555
-1.661873
-1.663313
-1.664872
-1.666543
-1.668324
-1.670209
-1.672193
-1.674264
-1.676410
-1.678620
-1.680884
-1.683195
-1.685547
-1.687931
-1.690339
-1.692762
-1.695191
-1.697619
-1.700038
-1.702442
-1.704823
-1.707174
-1.709489
-1.711759
-1.713982
-1.716184
-1.718329
-1.720250
-1.722468
-1.724331
-1.726418
-1.728684
-1.730694
-1.732587
-1.734571
-1.736470
-1.738255
-1.739946
-1.741530
-1.742997
-1.744343
-1.745569
-1.746679
-1.747682
-1.748592
-1.749425
-1.750196
-1.750921
-1.751613
-1.752283
-1.752941
-1.753593
-1.754246
-1.754902
-1.755565
-1.756236
-1.756916
-1.757606
-1.758307
-1.759017
-1.759737
-1.760466
-1.761204
-1.761951
-1.762704
-1.763465
-1.764232
-1.765005
-1.765783
-1.766566
-1.767353
-1.768144
-1.768937
-1.769733
-1.770530
-1.771329
-1.772128
-1.772927
-1.773726
-1.774524
-1.775320
-1.776113
-1.776904
-1.777692
-1.778476
-1.779256
-1.780031
-1.780801
-1.781565
-1.782322
-1.783074
-1.783817
-1.784554
-1.785282
-1.786003
-1.786715
-1.787418
-1.788112
-1.788797
-1.789472
-1.790137
-1.790792
-1.791436
-1.792070
-1.792693
-1.793305
-1.793907
-1.794498
-1.795079
-1.795652
-1.796215
-1.796768
-1.797313
-1.797847
-1.798370
-1.798883
-1.799383
-1.799873
-1.800353
-1.800825
-1.801290
-1.801746
-1.802193
-1.802630
-1.803058
-1.803479
-1.803894
-1.804304
-1.804706
-1.805099
-1.805482
-1.805854
-1.806215
-1.806564
-1.806901
-1.807226
-1.807537
-1.807836
-1.808120
-1.808390
-1.808645
-1.808884
-1.809105
-1.809309
-1.809493
-1.809657
-1.809798
-1.809916
-1.810027
-1.810044
-1.809834
-1.810137
-1.810200
-1.809426
-1.808741
-1.809499
-1.809573
-1.809888
-1.809619
-1.809275
-1.809015
-1.808808
-1.808661
-1.808538
-1.808449
-1.808364
-1.808298
-1.808222
-1.808158
-1.808075
-1.807998
-1.807895
-1.807794
-1.807663
-1.807529
-1.807365
-1.807190
-1.806986
-1.806762
-1.806510
-1.806231
-1.805920
-1.805576
-1.805195
-1.804774
-1.804311
-1.803802
-1.803247
-1.802648
-1.802005
-1.801323
-1.800603
-1.799843
-1.799045
-1.798205
-1.797322
-1.796392
-1.795410
-1.794373
-1.793275
-1.792110
-1.790870
-1.789550
-1.788141
-1.786637
-1.786637
-1.785030
-1.783312
-1.781475
-1.779510
-1.777405
-1.775149
-1.772730
-1.770141
-1.767382
-1.764463
-1.761413
-1.758272
-1.755081
-1.751876
-1.748681
-1.745514
-1.742394
-1.739339
-1.736369
-1.733501
-1.730755
-1.728138
-1.725669
-1.723338
-1.721169
-1.719125
-1.717252
-1.715465
-1.713862
-1.712265
-1.710885
-1.709368
-1.708153
-1.706568
-1.705464
-1.703629
-1.702604
-1.700311
-1.699360
-1.696405
-1.695528
-1.691759
-1.690908
-1.686284
-1.685329
-1.679931
-1.678703
-1.672653
-1.671018
-1.664400
-1.662317
-1.655204
-1.652757
-1.645250
-1.642669
-1.634927
-1.632606
-1.624831
-1.623206
-1.615496
-1.614859
-1.607176
-1.607542
-1.599861
-1.600884
-1.593271
-1.594374
-1.586928
-1.587571
-1.580407
-1.580214
-1.573458
-1.572206
-1.566024
-1.563615
-1.558113
-1.554760
-1.549877
-1.546110
-1.541757
-1.538065
-1.534236
-1.530945
-1.527677
-1.524948
-1.522218
-1.520101
-1.517828
-1.516344
-1.514399
-1.513570
-1.511802
-1.511643
-1.509919
-1.510405
-1.508670
-1.509658
-1.507998
-1.509205
-1.507817
-1.508976
-1.508026
-1.509003
-1.508539
-1.509308
-1.509273
-1.509882
-1.510148
-1.510684
-1.511124
-1.511660
-1.512192
-1.512764
-1.513352
-1.513963
-1.514591
-1.515235
-1.515891
-1.516559
-1.517234
-1.517914
-1.518598
-1.519284
-1.519970
-1.520655
-1.521336
-1.522014
-1.522686
-1.523353
-1.524012
-1.524664
-1.525306
-1.525940
-1.526563
-1.527175
-1.527776
-1.528366
-1.528944
-1.529510
-1.530064
-1.530606
-1.531137
-1.531657
-1.532166
-1.532665
-1.533155
-1.533635
-1.534106
-1.534570
-1.535026
-1.535474
-1.535917
-1.536353
-1.536784
-1.537209
-1.537630
-1.538046
-1.538458
-1.538867
-1.539273
-1.539676
-1.540077
-1.540476
-1.540873
-1.541269
-1.541664
-1.542059
-1.542452
-1.542846
-1.543238
-1.543631
-1.544022
-1.544413
-1.544803
-1.545191
-1.545579
-1.545964
-1.546347
-1.546729
-1.547107
-1.547483
-1.547855
-1.548224
-1.548589
-1.548951
-1.549309
-1.549663
-1.550013
-1.550359
-1.550701
-1.551040
-1.551375
-1.551706
-1.552034
-1.552359
-1.552682
-1.553001
-1.553318
-1.553632
-1.553943
-1.554253
-1.554560
-1.554865
-1.555169
-1.555470
-1.555769
-1.556066
-1.556362
-1.556655
-1.556947
-1.557236
-1.557524
-1.557809
-1.558093
-1.558374
-1.558653
-1.558930
-1.559205
-1.559478
-1.559748
-1.560015
-1.560280
-1.560543
-1.560803
-1.561061
-1.561316
-1.561568
-1.561818
-1.562065
-1.562310
-1.562552
-1.562791
-1.563028
-1.563262
-1.563494
-1.563722
-1.563949
-1.564172
-1.564393
-1.564611
-1.564826
-1.565038
-1.565248
-1.565454
-1.565658
-1.565859
-1.566056
-1.566250
-1.566440
-1.566626
-1.566808
-1.566984
-1.567151
-1.567296
-1.567385
-1.567364
-1.567752
-1.568542
-1.568578
-1.568564
-1.568637
-1.568740
-1.568853
-1.568982
-1.569126
-1.569280
-1.569437
-1.569596
-1.569757
-1.569920
-1.570087
-1.570256
-1.570429
-1.570607
-1.570791
-1.570980
-1.571176
-1.571381
-1.571595
-1.571820
-1.572057
-1.572307
-1.572572
-1.572853
-1.573152
-1.573470
-1.573809
-1.574170
-1.574554
-1.574962
-1.575394
-1.575852
-1.576334
-1.576840
-1.577370
-1.577923
-1.578497
-1.579091
-1.579705
-1.579705
-1.580336
-1.580982
-1.581644
-1.582318
-1.583004
-1.583700
-1.584404
-1.585115
-1.585832
-1.586554
-1.587279
-1.588007
-1.588736
-1.589465
-1.590193
-1.590920
-1.591646
-1.592368
-1.593087
-1.593803
-1.594514
-1.595221
-1.595923
-1.596619
-1.597310
-1.597995
-1.598674
-1.599348
-1.600015
-1.600677
-1.601332
-1.601982
-1.602626
-1.603264
-1.603897
-1.604525
-1.605148
-1.605766
-1.606380
-1.606990
-1.607595
-1.608198
-1.608797
-1.609394
-1.609988
-1.610579
-1.611169
-1.611757
-1.612343
-1.612927
-1.613511
-1.614093
-1.614673
-1.615252
-1.615830
-1.616407
-1.616982
-1.617555
-1.618127
-1.618697
-1.619264
-1.619829
-1.620392
-1.620951
-1.621508
-1.622061
-1.622610
-1.623156
-1.623697
-1.624235
-1.624767
-1.625295
-1.625818
-1.626335
-1.626848
-1.627354
-1.627855
-1.628350
-1.628839
-1.629322
-1.629799
-1.630270
-1.630734
-1.631192
-1.631643
-1.632088
-1.632526
-1.632958
-1.633383
-1.633801
-1.634213
-1.634619
-1.635017
-1.635410
-1.635796
-1.636175
-1.636548
-1.636915
-1.637276
-1.637630
-1.637978
-1.638320
-1.638656
-1.638986
-1.639310
-1.639628
-1.639940
-1.640247
-1.640548
-1.640843
-1.641132
-1.641417
-1.641695
-1.641969
-1.642237
-1.642500
-1.642757
-1.643010
-1.643258
-1.643501
-1.643739
-1.643972
-1.644200
-1.644425
-1.644644
-1.644859
-1.645070
-1.645277
-1.645480
-1.645679
-1.645873
-1.646064
-1.646252
-1.646435
-1.646616
-1.646792
-1.646966
-1.647136
-1.647303
-1.647467
-1.647629
-1.647787
-1.647943
-1.648096
-1.648247
-1.648395
-1.648540
-1.648684
-1.648825
-1.648965
-1.649102
-1.649237
-1.649370
-1.649502
-1.649632
-1.649760
-1.649887
-1.650012
-1.650136
-1.650259
-1.650380
-1.650500
-1.650618
-1.650736
-1.650852
-1.650968
-1.651082
-1.651195
-1.651308
-1.651419
-1.651529
-1.651639
-1.651748
-1.651856
-1.651963
-1.652070
-1.652175
-1.652281
-1.652385
-1.652488
-1.652591
-1.652694
-1.652795
-1.652896
-1.652997
-1.653097
-1.653196
-1.653295
-1.653393
-1.653491
-1.653588
-1.653685
-1.653782
-1.653878
-1.653975
-1.654071
-1.654166
-1.654262
-1.654358
-1.654454
-1.654549
-1.654645
-1.654742
-1.654838
-1.654935
-1.655032
-1.655130
-1.655229
-1.655327
-1.655427
-1.655527
-1.655629
-1.655731
-1.655834
-1.655937
-1.656042
-1.656148
-1.656256
-1.656364
-1.656474
-1.656585
-1.656697
-1.656812
-1.656927
-1.657045
-1.657165
-1.657287
-1.657412
-1.657539
-1.657669
-1.657803
-1.657940
-1.658081
-1.658225
-1.658374
-1.658525
-1.658678
-1.658829
-1.658975
-1.659112
-1.659238
-1.659351
-1.659450
-1.659540
-1.659621
-1.659696
-1.659766
-1.659831
-1.659894
-1.659953
-1.660010
-1.660065
-1.660120
-1.660175
-1.660231
-1.660288
-1.660349
-1.660413
-1.660480
-1.660553
-1.660631
-1.660714
-1.660804
-1.660901
-1.661006
-1.661118
-1.661239
-1.661369
-1.661508
-1.661657
-1.661815
-1.661983
-1.662161
-1.662349
-1.662545
-1.662751
-1.662966
-1.663189
-1.663420
-1.663658
-1.663903
