0.396211
0.453340
0.463062
0.465401
0.466387
0.466675
0.466724
0.466762
0.466833
0.466911
0.466970
0.466994
0.466981
0.466938
0.466882
0.466830
0.466805
0.466826
0.466909
0.467068
0.467310
0.467643
0.468069
0.468588
0.469199
0.469900
0.470690
0.471564
0.472520
0.473555
0.474667
0.475854
0.477112
0.478441
0.479838
0.481302
0.482832
0.484426
0.486083
0.487801
0.489580
0.491416
0.493310
0.495259
0.497260
0.499313
0.501414
0.503561
0.505751
0.507982
0.510250
0.512553
0.514886
0.517247
0.519633
0.522038
0.524461
0.526897
0.529343
0.531795
0.534250
0.536703
0.539153
0.541595
0.544026
0.546444
0.548844
0.551226
0.553586
0.555921
0.558230
0.560511
0.562761
0.564980
0.567166
0.569318
0.571434
0.573515
0.575559
0.577565
0.579535
0.581466
0.583359
0.585214
0.587031
0.588810
0.590551
0.592254
0.593919
0.595546
0.597135
0.598687
0.600201
0.601678
0.603117
0.604519
0.605884
0.607212
0.608502
0.609756
0.610973
0.612153
0.613297
0.614405
0.615476
0.616512
0.617513
0.618478
0.619409
0.620306
0.621170
0.622001
0.622799
0.623565
0.624301
0.625006
0.625681
0.626328
0.626946
0.627537
0.628102
0.628640
0.629154
0.629644
0.630110
0.630554
0.630976
0.631377
0.631758
0.632119
0.632462
0.632787
0.633095
0.633387
0.633663
0.633924
0.634170
0.634403
0.634622
0.634829
0.635024
0.635208
0.635381
0.635543
0.635695
0.635838
0.635972
0.636097
0.636214
0.636324
0.636425
0.636520
0.636608
0.636690
0.636765
0.636835
0.636899
0.636957
0.637011
0.637059
0.637103
0.637143
0.637178
0.637209
0.637236
0.637260
0.637280
0.637296
0.637309
0.637319
0.637326
0.637330
0.637331
0.637330
0.637325
0.637318
0.637309
0.637297
0.637282
0.637266
0.637247
0.637226
0.637203
0.637177
0.637150
0.637120
0.637089
0.637056
0.637020
0.636983
0.636944
0.636903
0.636860
0.636816
0.636769
0.636721
0.636671
0.636619
0.636566
0.636510
0.636453
0.636395
0.636334
0.636272
0.636208
0.636143
0.636075
0.636006
0.635936
0.635863
0.635789
0.635713
0.635636
0.635557
0.635476
0.635393
0.635309
0.635223
0.635136
0.635046
0.634955
0.634863
0.634768
0.634672
0.634575
0.634475
0.634374
0.634272
0.634167
0.634061
0.633954
0.633844
0.633733
0.633621
0.633506
0.633390
0.633273
0.633154
0.633033
0.632910
0.632786
0.632661
0.632533
0.632405
0.632274
0.632142
0.632009
0.631873
0.631737
0.631599
0.631459
0.631318
0.631175
0.631031
0.630885
0.630738
0.630589
0.630439
0.630287
0.630134
0.629980
0.629824
0.629666
0.629508
0.629348
0.629186
0.629024
0.628859
0.628694
0.628527
0.628359
0.628190
0.628019
0.627848
0.627675
0.627500
0.627325
0.627148
0.626970
0.626791
0.626611
0.626429
0.626247
0.626063
0.625878
0.625693
0.625506
0.625317
0.625128
0.624938
0.624747
0.624555
0.624361
0.624167
0.623972
0.623775
0.623578
0.623380
0.623181
0.622981
0.622780
0.622577
0.622375
0.622171
0.621966
0.621760
0.621554
0.621346
0.621138
0.620929
0.620719
0.620508
0.620297
0.620084
0.619871
0.619657
0.619442
0.619227
0.619011
0.618794
0.618576
0.618358
0.618138
0.617919
0.617698
0.617477
0.617255
0.617033
0.616810
0.616587
0.616363
0.616139
0.615914
0.615688
0.615463
0.615237
0.615010
0.614784
0.614557
0.614330
0.614103
0.613875
0.613648
0.613421
0.613194
0.612967
0.612740
0.612514
0.612288
0.612063
0.611839
0.611616
0.611394
0.611173
0.610954
0.610737
0.610522
0.610309
0.610098
0.609891
0.609688
0.609489
0.609294
0.609106
0.608924
0.608750
0.608586
0.608431
0.608287
0.608152
0.608025
0.607906
0.607793
0.607683
0.607574
0.607466
0.607355
0.607242
0.607124
0.607002
0.606875
0.606742
0.606604
0.606461
0.606312
0.606159
0.606001
0.605839
0.605673
0.605504
0.605331
0.605155
0.604977
0.604796
0.604613
0.604428
0.604242
0.604054
0.603864
0.603673
0.603481
0.603288
0.603094
0.602900
0.602704
0.602509
0.602313
0.602116
0.601920
0.601723
0.601526
0.601329
0.601131
0.600934
0.600737
0.600540
0.600344
0.600147
0.599951
0.599754
0.599559
0.599363
0.599168
0.598973
0.598778
0.598584
0.598390
0.598197
0.598004
0.597812
0.597620
0.597429
0.597238
0.597048
0.596858
0.596669
0.596481
0.596293
0.596106
0.595919
0.595733
0.595548
0.595364
0.595180
0.594997
0.594815
0.594634
0.594453
0.594273
0.594094
0.593916
0.593739
0.593562
0.593387
0.593212
0.593038
0.592865
0.592693
0.592522
0.592352
0.592182
0.592014
0.591847
0.591681
0.591515
0.591351
0.591187
0.591025
0.590864
0.590703
0.590544
0.590386
0.590229
0.590073
0.589918
0.589764
0.589611
0.589459
0.589309
0.589159
0.589011
0.588863
0.588717
0.588572
0.588428
0.588285
0.588144
0.588003
0.587864
0.587726
0.587589
0.587453
0.587319
0.587185
0.587053
0.586922
0.586793
0.586664
0.586537
0.586411
0.586411
0.586286
0.586162
0.586040
0.585919
0.585799
0.585681
0.585563
0.585447
0.585333
0.585219
0.585107
0.584996
0.584887
0.584779
0.584672
0.584566
0.584462
0.584359
0.584257
0.584157
0.584058
0.583960
0.583864
0.583769
0.583676
0.583583
0.583493
0.583403
0.583315
0.583229
0.583144
0.583060
0.582978
0.582897
0.582817
0.582739
0.582662
0.582587
0.582513
0.582441
0.582370
0.582301
0.582233
0.582167
0.582102
0.582038
0.581976
0.581916
0.581857
0.581799
0.581743
0.581689
0.581636
0.581585
0.581535
0.581486
0.581439
0.581394
0.581350
0.581307
0.581267
0.581227
0.581189
0.581153
0.581118
0.581085
0.581053
0.581022
0.580993
0.580966
0.580940
0.580915
0.580892
0.580871
0.580850
0.580832
0.580814
0.580798
0.580784
0.580771
0.580759
0.580748
0.580739
0.580731
0.580725
0.580720
0.580716
0.580713
0.580712
0.580712
0.580713
0.580715
0.580719
0.580723
0.580729
0.580736
0.580744
0.580754
0.580764
0.580775
0.580788
0.580801
0.580816
0.580831
0.580848
0.580865
0.580884
0.580903
0.580923
0.580944
0.580966
0.580989
0.581013
0.581037
0.581063
0.581089
0.581116
0.581143
0.581172
0.581201
0.581231
0.581261
0.581293
0.581325
0.581357
0.581390
0.581424
0.581459
0.581494
0.581530
0.581566
0.581603
0.581640
0.581679
0.581717
0.581756
0.581796
0.581836
0.581877
0.581918
0.581960
0.582002
0.582045
0.582088
0.582131
0.582175
0.582220
0.582265
0.582310
0.582356
0.582402
0.582449
0.582496
0.582544
0.582592
0.582640
0.582689
0.582738
0.582787
0.582837
0.582888
0.582938
0.582990
0.583041
0.583093
0.583145
0.583198
0.583251
0.583304
0.583358
0.583412
0.583466
0.583521
0.583576
0.583632
0.583688
0.583744
0.583801
0.583858
0.583915
0.583973
0.584031
0.584089
0.584148
0.584207
0.584267
0.584326
0.584387
0.584447
0.584508
0.584569
0.584631
0.584693
0.584755
0.584817
0.584880
0.584943
0.585007
0.585071
0.585135
0.585200
0.585265
0.585330
0.585396
0.585462
0.585528
0.585595
0.585662
0.585729
0.585797
0.585865
0.585933
0.586002
0.586071
0.586140
0.586210
0.586280
0.586350
0.586421
0.586492
0.586563
0.586635
0.586707
0.586779
0.586852
0.586925
0.586998
0.587072
0.587146
0.587220
0.587295
0.587369
0.587445
0.587520
0.587596
0.587672
0.587748
0.587825
0.587902
0.587980
0.588057
0.588135
0.588214
0.588292
0.588371
0.588450
0.588530
0.588609
0.588689
0.588770
0.588850
0.588931
0.589013
0.589094
0.589176
0.589258
0.589340
0.589423
0.589506
0.589589
0.589672
0.589756
0.589840
0.589924
0.590009
0.590094
0.590179
0.590264
0.590350
0.590435
0.590521
0.590608
0.590694
0.590781
0.590868
0.590955
0.591043
0.591131
0.591219
0.591307
0.591395
0.591484
0.591573
0.591662
0.591751
0.591841
0.591931
0.592021
0.592111
0.592201
0.592292
0.592382
0.592473
0.592565
0.592656
0.592748
0.592839
0.592931
0.593023
0.593116
0.593208
0.593301
0.593393
0.593486
0.593580
0.593673
0.593766
0.593860
0.593954
0.594047
0.594141
0.594236
0.594330
0.594424
0.594519
0.594613
0.594708
0.594803
0.594898
0.594993
0.595088
0.595184
0.595279
0.595375
0.595470
0.595566
0.595662
0.595757
0.595853
0.595949
0.596045
0.596141
0.596238
0.596334
0.596430
0.596526
0.596623
0.596719
0.596816
0.596912
0.597008
0.597105
0.597201
0.597298
0.597394
0.597491
0.597588
0.597684
0.597781
0.597877
0.597973
0.598070
0.598166
0.598263
0.598359
0.598455
0.598552
0.598648
0.598744
0.598840
0.598936
0.599032
0.599128
0.599224
0.599319
0.599415
0.599511
0.599606
0.599701
0.599797
0.599892
0.599987
0.600082
0.600177
0.600271
0.600366
0.600460
0.600555
0.600649
0.600743
0.600836
0.600930
0.601024
0.601117
0.601210
0.601303
0.601396
0.601489
0.601581
0.601673
0.601765
0.601857
0.601949
0.602040
0.602132
0.602223
0.602314
0.602404
0.602494
0.602585
0.602674
0.602764
0.602854
0.602943
0.603032
0.603120
0.603209
0.603297
0.603385
0.603472
0.603560
0.603647
0.603733
0.603820
0.603906
0.603992
0.604078
0.604163
0.604248
0.604333
0.604417
0.604501
0.604585
0.604668
0.604752
0.604834
0.604917
0.604999
0.605081
0.605162
0.605244
0.605324
0.605405
0.605485
0.605565
0.605644
0.605723
0.605802
0.605880
0.605958
0.606036
0.606113
0.606190
0.606266
0.606343
0.606418
0.606494
0.606569
0.606643
0.606718
0.606791
0.606865
0.606938
0.607011
0.607083
0.607155
0.607226
0.607297
0.607368
0.607438
0.607508
0.607578
0.607647
0.607716
0.607784
0.607852
0.607919
0.607986
0.608053
0.608120
0.608186
0.608251
0.608318
0.608385
0.608457
0.608545
0.608670
0.608835
0.608886
0.608673
0.608137
0.609878
0.610611
0.610900
0.610987
0.610980
0.610963
0.610981
0.611051
0.611171
0.611330
0.611512
0.611708
0.611910
0.612111
0.612309
0.612504
0.612694
0.612878
0.612878
0.613058
0.613232
0.613401
0.613566
0.613725
0.613880
0.614031
0.614178
0.614321
0.614462
0.614599
0.614733
0.614864
0.614994
0.615120
0.615245
0.615368
0.615488
0.615607
0.615724
0.615839
0.615952
0.616064
0.616174
0.616283
0.616390
0.616496
0.616601
0.616705
0.616807
0.616909
0.617009
0.617109
0.617207
0.617304
0.617401
0.617497
0.617592
0.617686
0.617779
0.617872
0.617964
0.618055
0.618146
0.618236
0.618325
0.618414
0.618502
0.618590
0.618677
0.618763
0.618849
0.618935
0.619019
0.619104
0.619187
0.619270
0.619353
0.619435
0.619517
0.619598
0.619679
0.619759
0.619838
0.619918
0.619996
0.620074
0.620152
0.620229
0.620306
0.620382
0.620458
0.620534
0.620609
0.620683
0.620757
0.620830
0.620904
0.620976
0.621048
0.621120
0.621191
0.621262
0.621332
0.621402
0.621472
0.621541
0.621609
0.621677
0.621745
0.621812
0.621879
0.621946
0.622012
0.622077
0.622142
0.622207
0.622271
0.622335
0.622398
0.622461
0.622524
0.622586
0.622648
0.622709
0.622770
0.622830
0.622890
0.622950
0.623009
0.623068
0.623126
0.623184
0.623241
0.623299
0.623355
0.623411
0.623467
0.623523
0.623578
0.623633
0.623687
0.623741
0.623794
0.623847
0.623900
0.623952
0.624004
0.624055
0.624106
0.624157
0.624207
0.624257
0.624306
0.624355
0.624404
0.624452
0.624500
0.624547
0.624594
0.624641
0.624687
0.624733
0.624778
0.624823
0.624867
0.624911
0.624955
0.624998
0.625041
0.625084
0.625126
0.625168
0.625209
0.625250
0.625290
0.625330
0.625370
0.625409
0.625448
0.625486
0.625524
0.625561
0.625599
0.625635
0.625671
0.625707
0.625743
0.625778
0.625812
0.625846
0.625880
0.625913
0.625946
0.625979
0.626011
0.626043
0.626074
0.626105
0.626135
0.626165
0.626195
0.626222
0.626261
0.626248
0.626460
0.625967
0.628045
0.626562
0.627271
0.626872
0.626978
0.627099
0.627358
0.627433
0.627534
0.627421
0.627405
0.627177
0.627182
0.626866
0.627058
0.626547
0.627205
0.626378
0.627321
0.626402
0.627142
0.626517
0.627124
0.626670
0.627196
0.626773
0.627236
0.626794
0.627241
0.626761
0.627246
0.626716
0.627266
0.626690
0.627292
0.626699
0.627314
0.626739
0.627337
0.626793
0.627368
0.626846
0.627404
0.626887
0.627441
0.626915
0.627478
0.626935
0.627514
0.626954
0.627548
0.626978
0.627580
0.627008
0.627611
0.627040
0.627642
0.627072
0.627673
0.627100
0.627703
0.627124
0.627732
0.627145
0.627759
0.627164
0.627784
0.627183
0.627807
0.627202
0.627830
0.627220
0.627851
0.627237
0.627871
0.627252
0.627890
0.627265
0.627908
0.627277
0.627924
0.627288
0.627939
0.627298
0.627953
0.627306
0.627966
0.627314
0.627977
0.627320
0.627988
0.627326
0.627997
0.627330
0.628005
0.627333
0.628013
0.627335
0.628019
0.627336
0.628024
0.627337
0.628028
0.627336
0.628032
0.627334
0.628034
0.627331
0.628035
0.627328
0.628036
0.627323
0.628035
0.627318
0.628034
0.627312
0.628032
0.627305
0.628029
0.627297
0.628025
0.627288
0.628020
0.627278
0.628014
0.627268
0.628008
0.627257
0.628000
0.627245
0.627992
0.627232
0.627983
0.627219
0.627974
0.627204
0.627963
0.627189
0.627952
0.627173
0.627940
0.627157
0.627927
0.627140
0.627913
0.627122
0.627899
0.627103
0.627884
0.627083
0.627868
0.627063
0.627851
0.627042
0.627834
0.627021
0.627816
0.626999
0.627797
0.626976
0.627777
0.626952
0.627757
0.626928
0.627736
0.626903
0.627714
0.626877
0.627692
0.626851
0.627669
0.626824
0.627645
0.626797
0.627620
0.626768
0.627595
0.626740
0.627569
0.626710
0.627543
0.626680
0.627515
0.626649
0.627487
0.626618
0.627459
0.626586
0.627429
0.626554
0.627399
0.626521
0.627369
0.626487
0.627337
0.626453
0.627305
0.626418
0.627273
0.626383
0.627240
0.626347
0.627206
0.626311
0.627171
0.626274
0.627136
0.626236
0.627100
0.626198
0.627063
0.626159
0.627026
0.626120
0.626988
0.626081
0.626950
0.626040
0.626911
0.626000
0.626871
0.625959
0.626831
0.625917
0.626790
0.625875
0.626748
0.625832
0.626706
0.625789
0.626663
0.625745
0.626620
0.625701
0.626576
0.625656
0.626531
0.625611
0.626486
0.625566
0.626440
0.625519
0.626393
0.625473
0.626346
0.625426
0.626298
0.625379
0.626250
0.625331
0.626201
0.625282
0.626151
0.625234
0.626101
0.625184
0.626050
0.625135
0.625998
0.625085
0.625946
0.625034
0.625893
0.624983
0.625840
0.624932
0.625786
0.624880
0.625732
0.624828
0.625676
0.624776
0.625621
0.624723
0.625564
0.624669
0.625507
0.624616
0.625450
0.624562
0.625392
0.624507
0.625333
0.624452
0.625273
0.624397
0.625214
0.624341
0.625153
0.624285
0.625092
0.624229
0.625030
0.624172
0.624968
0.624115
0.624905
0.624057
0.624842
0.623999
0.624777
0.623941
0.624713
0.623882
0.624648
0.623823
0.624582
0.623764
0.624516
0.623704
0.624449
0.623644
0.623644
0.624381
0.623584
0.624313
0.623523
0.624245
0.623462
0.624175
0.623401
0.624106
0.623340
0.624036
0.623278
0.623965
0.623215
0.623893
0.623153
0.623821
0.623090
0.623749
0.623027
0.623676
0.622963
0.623603
0.622900
0.623528
0.622835
0.623454
0.622771
0.623379
0.622707
0.623303
0.622642
0.623227
0.622577
0.623150
0.622511
0.623073
0.622446
0.622995
0.622380
0.622917
0.622314
0.622838
0.622248
0.622758
0.622182
0.622679
0.622115
0.622598
0.622048
0.622517
0.621981
0.622435
0.621914
0.622353
0.621847
0.622270
0.621780
0.622187
0.621713
0.622103
0.621645
0.622019
0.621578
0.621933
0.621511
0.621847
0.621444
0.621761
0.621377
0.621674
0.621310
0.621586
0.621244
0.621497
0.621178
0.621407
0.621113
0.621317
0.621048
0.621226
0.620984
0.621134
0.620921
0.621042
0.620859
0.620950
0.620797
0.620859
0.620736
0.620771
0.620675
0.620685
0.620614
0.620605
0.620551
0.620530
0.620489
0.620461
0.620426
0.620397
0.620366
0.620337
0.620308
0.620281
0.620254
0.620228
0.620202
0.620178
0.620153
0.620130
0.620106
0.620083
0.620060
0.620038
0.620015
0.619992
0.619969
0.619946
0.619923
0.619900
0.619877
0.619854
0.619830
0.619806
0.619783
0.619759
0.619735
0.619710
0.619686
0.619662
0.619637
0.619613
0.619588
0.619563
0.619538
0.619513
0.619487
0.619462
0.619436
0.619410
0.619384
0.619357
0.619331
0.619304
0.619278
0.619251
0.619224
0.619196
0.619169
0.619141
0.619113
0.619085
0.619057
0.619029
0.619001
0.618972
0.618944
0.618915
0.618886
0.618857
0.618828
0.618799
0.618769
0.618740
0.618710
0.618680
0.618650
0.618621
0.618590
0.618560
0.618530
0.618500
0.618469
0.618438
0.618408
0.618377
0.618346
0.618315
0.618284
0.618253
0.618222
0.618190
0.618159
0.618127
0.618096
0.618064
0.618032
0.618000
0.617968
0.617936
0.617904
0.617872
0.617839
0.617807
0.617774
0.617742
0.617709
0.617676
0.617643
0.617610
0.617577
0.617544
0.617511
0.617478
0.617445
0.617411
0.617378
0.617344
0.617311
0.617277
0.617243
0.617209
0.617175
0.617141
0.617107
0.617073
0.617039
0.617005
0.616970
0.616936
0.616901
0.616867
0.616832
0.616797
0.616762
0.616727
0.616692
0.616657
0.616622
0.616587
0.616552
0.616517
0.616481
0.616446
0.616410
0.616375
0.616339
0.616303
0.616268
0.616232
0.616196
0.616160
0.616124
0.616088
0.616052
0.616015
0.615979
0.615943
0.615906
0.615870
0.615833
0.615797
0.615760
0.615723
0.615687
0.615650
0.615613
0.615576
0.615539
0.615502
0.615465
0.615427
0.615390
0.615353
0.615316
0.615278
0.615241
0.615203
0.615166
0.615128
0.615090
0.615053
0.615015
0.614977
0.614939
0.614901
0.614863
0.614825
0.614787
0.614749
0.614711
0.614673
0.614635
0.614596
0.614558
0.614520
0.614481
0.614443
0.614404
0.614365
0.614327
0.614288
0.614250
0.614211
0.614172
0.614133
0.614094
0.614055
0.614016
0.613977
0.613938
0.613899
0.613860
0.613821
0.613782
0.613743
0.613703
0.613664
0.613625
0.613585
0.613546
0.613507
0.613467
0.613428
0.613388
0.613349
0.613309
0.613269
0.613230
0.613190
0.613150
0.613111
0.613071
0.613031
0.612991
0.612951
0.612911
0.612871
0.612831
0.612791
0.612751
0.612711
0.612671
0.612631
0.612591
0.612551
0.612511
0.612471
0.612430
0.612390
0.612350
0.612310
0.612269
0.612229
0.612189
0.612148
0.612108
0.612068
0.612027
0.611987
0.611946
0.611906
0.611865
0.611825
0.611784
0.611744
0.611703
0.611663
0.611622
0.611581
0.611541
0.611500
0.611459
0.611419
0.611378
0.611337
0.611297
0.611256
0.611215
0.611175
0.611134
0.611093
0.611052
0.611011
0.610971
0.610930
0.610889
0.610848
0.610807
0.610767
0.610726
0.610685
0.610644
0.610603
0.610562
0.610521
0.610480
0.610440
0.610399
0.610358
0.610317
0.610276
0.610235
0.610194
0.610153
0.610112
0.610071
0.610030
0.609989
0.609948
0.609908
0.609867
0.609826
0.609785
0.609744
0.609703
0.609662
0.609621
0.609580
0.609539
0.609498
0.609457
0.609416
0.609375
0.609334
0.609294
0.609253
0.609212
0.609171
0.609130
0.609089
0.609048
0.609007
0.608966
0.608925
0.608885
0.608844
0.608803
0.608762
0.608721
0.608680
0.608640
0.608599
0.608558
0.608517
0.608476
0.608436
0.608395
0.608354
0.608313
0.608273
0.608232
0.608191
0.608150
0.608110
0.608069
0.608028
0.607988
0.607947
0.607906
0.607866
0.607825
0.607785
0.607744
0.607703
0.607663
0.607622
0.607582
0.607541
0.607501
0.607460
0.607420
0.607380
0.607339
0.607299
0.607258
0.607218
0.607178
0.607137
0.607097
0.607057
0.607016
0.606976
0.606936
0.606896
0.606855
0.606815
0.606775
0.606735
0.606695
0.606655
0.606615
0.606575
0.606534
0.606494
0.606454
0.606414
0.606374
0.606335
0.606295
0.606255
0.606215
0.606175
0.606135
0.606095
0.606056
0.606016
0.605976
0.605976
0.605936
0.605897
0.605857
0.605817
0.605778
0.605738
0.605699
0.605659
0.605620
0.605580
0.605541
0.605501
0.605462
0.605423
0.605383
0.605344
0.605305
0.605265
0.605226
0.605187
0.605148
0.605109
0.605069
0.605030
0.604991
0.604952
0.604913
0.604874
0.604835
0.604796
0.604757
0.604719
0.604680
0.604641
0.604602
0.604563
0.604525
0.604486
0.604447
0.604409
0.604370
0.604332
0.604293
0.604254
0.604216
0.604178
0.604139
0.604101
0.604062
0.604024
0.603986
0.603948
0.603909
0.603871
0.603833
0.603795
0.603757
0.603719
0.603681
0.603643
0.603605
0.603567
0.603529
0.603491
0.603453
0.603416
0.603378
0.603340
0.603303
0.603265
0.603227
0.603190
0.603152
0.603115
0.603077
0.603040
0.603003
0.602965
0.602928
0.602891
0.602853
0.602816
0.602779
0.602742
0.602705
0.602668
0.602631
0.602594
0.602557
0.602520
0.602483
0.602446
0.602409
0.602373
0.602336
0.602299
0.602263
0.602226
0.602189
0.602153
0.602116
0.602080
0.602043
0.602007
0.601971
0.601934
0.601898
0.601862
0.601826
0.601790
0.601754
0.601718
0.601681
0.601646
0.601610
0.601574
0.601538
0.601502
0.601466
0.601430
0.601395
0.601359
0.601323
0.601288
0.601252
0.601217
0.601181
0.601146
0.601111
0.601075
0.601040
0.601005
0.600969
0.600934
0.600899
0.600864
0.600829
0.600794
0.600759
0.600724
0.600689
0.600654
0.600619
0.600585
0.600550
0.600515
0.600481
0.600446
0.600412
0.600377
0.600343
0.600308
0.600274
0.600239
0.600205
0.600171
0.600137
0.600102
0.600068
0.600034
0.600000
0.599966
0.599932
0.599898
0.599864
0.599831
0.599797
0.599763
0.599729
0.599696
0.599662
0.599628
0.599595
0.599561
0.599528
0.599495
0.599461
0.599428
0.599395
0.599361
0.599328
0.599295
0.599262
0.599229
0.599196
0.599163
0.599130
0.599097
0.599064
0.599031
0.598999
0.598966
0.598933
0.598901
0.598868
0.598835
0.598803
0.598771
0.598738
0.598706
0.598673
0.598641
0.598609
0.598577
0.598545
0.598512
0.598480
0.598448
0.598416
0.598385
0.598353
0.598321
0.598289
0.598257
0.598226
0.598194
0.598162
0.598131
0.598099
0.598068
0.598036
0.598005
0.597973
0.597942
0.597911
0.597880
0.597849
0.597817
0.597786
0.597755
0.597724
0.597693
0.597662
0.597631
0.597601
0.597570
0.597539
0.597508
0.597478
0.597447
0.597417
0.597386
0.597356
0.597325
0.597295
0.597265
0.597234
0.597204
0.597174
0.597144
0.597113
0.597083
0.597053
0.597023
0.596993
0.596964
0.596934
0.596904
0.596874
0.596844
0.596815
0.596785
0.596756
0.596726
0.596696
0.596667
0.596638
0.596608
0.596579
0.596550
0.596520
0.596491
0.596462
0.596433
0.596404
0.596375
0.596346
0.596317
0.596288
0.596259
0.596230
0.596202
0.596173
0.596144
0.596116
0.596087
0.596058
0.596030
0.596002
0.595973
0.595945
0.595916
0.595888
0.595860
0.595832
0.595804
0.595775
0.595747
0.595719
0.595691
0.595664
0.595636
0.595608
0.595580
0.595552
0.595524
0.595497
0.595469
0.595442
0.595414
0.595387
0.595359
0.595332
0.595304
0.595277
0.595250
0.595222
0.595195
0.595168
0.595141
0.595114
0.595087
0.595060
0.595033
0.595006
0.594979
0.594952
0.594926
0.594899
0.594872
0.594846
0.594819
0.594792
0.594766
0.594739
0.594713
0.594687
0.594660
0.594634
0.594608
0.594581
0.594555
0.594529
0.594503
0.594477
0.594451
0.594425
0.594399
0.594373
0.594347
0.594321
0.594296
0.594270
0.594244
0.594219
0.594193
0.594167
0.594142
0.594116
0.594091
0.594066
0.594040
0.594015
0.593990
0.593964
0.593939
0.593914
0.593889
0.593864
0.593839
0.593814
0.593789
0.593764
0.593739
0.593714
0.593689
0.593665
0.593640
0.593615
0.593591
0.593566
0.593542
0.593517
0.593493
0.593468
0.593444
0.593419
0.593395
0.593371
0.593347
0.593322
0.593298
0.593274
0.593250
0.593226
0.593202
0.593178
0.593154
0.593130
0.593107
0.593083
0.593059
0.593035
0.593012
0.592988
0.592964
0.592941
0.592917
0.592894
0.592870
0.592847
0.592824
0.592800
0.592777
0.592754
0.592731
0.592707
0.592684
0.592661
0.592638
0.592615
0.592592
0.592569
0.592546
0.592523
0.592501
0.592478
0.592455
0.592432
0.592410
0.592387
0.592364
0.592342
0.592319
0.592297
0.592274
0.592252
0.592230
0.592207
0.592185
0.592163
0.592140
0.592118
0.592096
0.592074
0.592052
0.592030
0.592008
0.591986
0.591964
0.591942
0.591920
0.591898
0.591877
0.591855
0.591833
0.591811
0.591790
0.591768
0.591747
0.591725
0.591704
0.591682
0.591661
0.591639
0.591618
0.591597
0.591575
0.591554
0.591533
0.591512
0.591491
0.591469
0.591448
0.591427
0.591406
0.591385
0.591364
0.591343
0.591323
0.591302
0.591281
0.591260
0.591240
0.591219
0.591198
0.591178
0.591157
0.591136
0.591116
0.591095
0.591075
0.591055
0.591034
0.591014
0.590993
0.590973
0.590953
0.590933
0.590933
0.590913
0.590892
0.590872
0.590852
0.590832
0.590812
0.590792
0.590772
0.590752
0.590732
0.590713
0.590693
0.590673
0.590653
0.590634
0.590614
0.590594
0.590575
0.590555
0.590535
0.590516
0.590496
0.590477
0.590458
0.590438
0.590419
0.590400
0.590380
0.590361
0.590342
0.590323
0.590303
0.590284
0.590265
0.590246
0.590227
0.590208
0.590189
0.590170
0.590151
0.590132
0.590113
0.590095
0.590076
0.590057
0.590038
0.590020
0.590001
0.589982
0.589964
0.589945
0.589927
0.589908
0.589890
0.589871
0.589853
0.589834
0.589816
0.589798
0.589779
0.589761
0.589743
0.589725
0.589707
0.589688
0.589670
0.589652
0.589634
0.589616
0.589598
0.589580
0.589562
0.589544
0.589526
0.589509
0.589491
0.589473
0.589455
0.589437
0.589420
0.589402
0.589384
0.589367
0.589349
0.589332
0.589314
0.589297
0.589279
0.589262
0.589244
0.589227
0.589209
0.589192
0.589175
0.589158
0.589140
0.589123
0.589106
0.589089
0.589072
0.589054
0.589037
0.589020
0.589003
0.588986
0.588969
0.588952
0.588935
0.588919
0.588902
0.588885
0.588868
0.588851
0.588834
0.588818
0.588801
0.588784
0.588768
0.588751
0.588734
0.588718
0.588701
0.588685
0.588668
0.588652
0.588635
0.588619
0.588603
0.588586
0.588570
0.588554
0.588537
0.588521
0.588505
0.588489
0.588472
0.588456
0.588440
0.588424
0.588408
0.588392
0.588376
0.588360
0.588344
0.588328
0.588312
0.588296
0.588280
0.588264
0.588249
0.588233
0.588217
0.588201
0.588186
0.588170
0.588154
0.588139
0.588123
0.588107
0.588092
0.588076
0.588061
0.588045
0.588030
0.588014
0.587999
0.587983
0.587968
0.587953
0.587937
0.587922
0.587907
0.587891
0.587876
0.587861
0.587846
0.587831
0.587815
0.587800
0.587785
0.587770
0.587755
0.587740
0.587725
0.587710
0.587695
0.587680
0.587665
0.587650
0.587635
0.587620
0.587606
0.587591
0.587576
0.587561
0.587547
0.587532
0.587517
0.587502
0.587488
0.587473
0.587459
0.587444
0.587429
0.587415
0.587400
0.587386
0.587371
0.587357
0.587342
0.587328
0.587314
0.587299
0.587285
0.587271
0.587256
0.587242
0.587228
0.587213
0.587199
0.587185
0.587171
0.587157
0.587143
0.587128
0.587114
0.587100
0.587086
0.587072
0.587058
0.587044
0.587030
0.587016
0.587002
0.586988
0.586975
0.586961
0.586947
0.586933
0.586919
0.586905
0.586892
0.586878
0.586864
0.586850
0.586837
0.586823
0.586809
0.586796
0.586782
0.586769
0.586755
0.586741
0.586728
0.586714
0.586701
0.586687
0.586674
0.586660
0.586647
0.586634
0.586620
0.586607
0.586594
0.586580
0.586567
0.586554
0.586540
0.586527
0.586514
0.586501
0.586487
0.586474
0.586461
0.586448
0.586435
0.586422
0.586409
0.586396
0.586382
0.586369
0.586356
0.586343
0.586330
0.586317
0.586305
0.586292
0.586279
0.586266
0.586253
0.586240
0.586227
0.586214
0.586202
0.586189
0.586176
0.586163
0.586151
0.586138
0.586125
0.586112
0.586100
0.586087
0.586074
0.586062
0.586049
0.586037
0.586024
0.586012
0.585999
0.585986
0.585974
0.585961
0.585949
0.585937
0.585924
0.585912
0.585899
0.585887
0.585875
0.585862
0.585850
0.585838
0.585825
0.585813
0.585801
0.585788
0.585776
0.585764
0.585752
0.585739
0.585727
0.585715
0.585703
0.585691
0.585679
0.585667
0.585654
0.585642
0.585630
0.585618
0.585606
0.585594
0.585582
0.585570
0.585558
0.585546
0.585534
0.585522
0.585511
0.585499
0.585487
0.585475
0.585463
0.585451
0.585439
0.585428
0.585416
0.585404
0.585392
0.585380
0.585369
0.585357
0.585345
0.585334
0.585322
0.585310
0.585299
0.585287
0.585275
0.585264
0.585252
0.585241
0.585229
0.585217
0.585206
0.585194
0.585183
0.585171
0.585160
0.585148
0.585137
0.585125
0.585114
0.585102
0.585091
0.585080
0.585068
0.585057
0.585046
0.585034
0.585023
0.585012
0.585000
0.584989
0.584978
0.584966
0.584955
0.584944
0.584933
0.584921
0.584910
0.584899
0.584888
0.584877
0.584865
0.584854
0.584843
0.584832
0.584821
0.584810
0.584799
0.584788
0.584777
0.584766
0.584754
0.584743
0.584732
0.584721
0.584710
0.584699
0.584688
0.584678
0.584667
0.584656
0.584645
0.584634
0.584623
0.584612
0.584601
0.584590
0.584579
0.584569
0.584558
0.584547
0.584536
0.584525
0.584514
0.584504
0.584493
0.584482
0.584471
0.584461
0.584450
0.584439
0.584428
0.584418
0.584407
0.584396
0.584386
0.584375
0.584364
0.584354
0.584343
0.584333
0.584322
0.584311
0.584301
0.584290
0.584280
0.584269
0.584258
0.584248
0.584237
0.584227
0.584216
0.584206
0.584195
0.584185
0.584174
0.584164
0.584153
0.584143
0.584133
0.584122
0.584112
0.584101
0.584091
0.584081
0.584070
0.584060
0.584049
0.584039
0.584029
0.584018
0.584008
0.583998
0.583987
0.583977
0.583967
0.583957
0.583946
0.583936
0.583926
0.583916
0.583905
0.583895
0.583885
0.583875
0.583875
0.583864
0.583854
0.583844
0.583834
0.583824
0.583813
0.583803
0.583793
0.583783
0.583773
0.583763
0.583753
0.583742
0.583732
0.583722
0.583712
0.583702
0.583692
0.583682
0.583672
0.583662
0.583652
0.583642
0.583632
0.583622
0.583612
0.583602
0.583592
0.583582
0.583572
0.583562
0.583552
0.583542
0.583532
0.583522
0.583512
0.583502
0.583492
0.583482
0.583472
0.583462
0.583452
0.583442
0.583432
0.583422
0.583413
0.583403
0.583393
0.583383
0.583373
0.583363
0.583353
0.583344
0.583334
0.583324
0.583314
0.583304
0.583294
0.583285
0.583275
0.583265
0.583255
0.583245
0.583236
0.583226
0.583216
0.583206
0.583196
0.583187
0.583177
0.583167
0.583157
0.583148
0.583138
0.583128
0.583119
0.583109
0.583099
0.583089
0.583080
0.583070
0.583060
0.583051
0.583041
0.583031
0.583022
0.583012
0.583002
0.582993
0.582983
0.582973
0.582964
0.582954
0.582944
0.582935
0.582925
0.582915
0.582906
0.582896
0.582886
0.582877
0.582867
0.582858
0.582848
0.582838
0.582829
0.582819
0.582810
0.582800
0.582790
0.582781
0.582771
0.582762
0.582752
0.582743
0.582733
0.582723
0.582714
0.582704
0.582695
0.582685
0.582676
0.582666
0.582656
0.582647
0.582637
0.582628
0.582618
0.582609
0.582599
0.582590
0.582580
0.582571
0.582561
0.582552
0.582542
0.582533
0.582523
0.582514
0.582504
0.582495
0.582485
0.582476
0.582466
0.582457
0.582447
0.582438
0.582428
0.582419
0.582409
0.582400
0.582390
0.582381
0.582371
0.582362
0.582352
0.582343
0.582333
0.582324
0.582314
0.582305
0.582295
0.582286
0.582276
0.582267
0.582257
0.582248
0.582238
0.582229
0.582219
0.582210
0.582200
0.582191
0.582181
0.582171
0.582161
0.582150
0.582138
0.582125
0.582108
0.582084
0.582044
0.581960
0.581791
0.581786
0.582187
0.582558
0.582766
0.582860
0.582911
0.582959
0.583016
0.583080
0.583144
0.583200
0.583246
0.583280
0.583303
0.583315
0.583318
0.583314
0.583304
0.583289
0.583269
0.583246
0.583221
0.583193
0.583164
0.583133
0.583102
0.583070
0.583037
0.583005
0.582972
0.582939
0.582906
0.582874
0.582841
0.582810
0.582778
0.582747
0.582717
0.582687
0.582658
0.582630
0.582602
0.582575
0.582549
0.582524
0.582499
0.582475
0.582451
0.582429
0.582406
0.582385
0.582364
0.582344
0.582324
0.582305
0.582286
0.582267
0.582250
0.582232
0.582215
0.582199
0.582182
0.582166
0.582151
0.582135
0.582120
0.582106
0.582091
0.582077
0.582063
0.582049
0.582036
0.582023
0.582010
0.581997
0.581984
0.581971
0.581959
0.581947
0.581935
0.581923
0.581911
0.581899
0.581888
0.581877
0.581865
0.581854
0.581843
0.581832
0.581822
0.581811
0.581800
0.581790
0.581779
0.581769
0.581759
0.581749
0.581739
0.581729
0.581719
0.581709
0.581699
0.581690
0.581680
0.581671
0.581661
0.581652
0.581643
0.581633
0.581624
0.581615
0.581606
0.581597
0.581588
0.581579
0.581570
0.581561
0.581553
0.581544
0.581535
0.581527
0.581518
0.581510
0.581501
0.581493
0.581484
0.581476
0.581468
0.581460
0.581452
0.581443
0.581435
0.581427
0.581419
0.581411
0.581404
0.581396
0.581388
0.581380
0.581373
0.581365
0.581357
0.581350
0.581342
0.581335
0.581327
0.581320
0.581313
0.581305
0.581298
0.581291
0.581284
0.581277
0.581270
0.581263
0.581256
0.581249
0.581242
0.581235
0.581228
0.581221
0.581215
0.581208
0.581201
0.581195
0.581188
0.581182
0.581175
0.581169
0.581163
0.581156
0.581150
0.581144
0.581138
0.581131
0.581125
0.581119
0.581113
0.581107
0.581101
0.581095
0.581089
0.581084
0.581078
0.581072
0.581066
0.581061
0.581055
0.581049
0.581044
0.581038
0.581033
0.581027
0.581022
0.581016
0.581011
0.581006
0.581000
0.580995
0.580990
0.580985
0.580979
0.580974
0.580969
0.580964
0.580959
0.580954
0.580949
0.580944
0.580939
0.580934
0.580929
0.580925
0.580920
0.580915
0.580910
0.580906
0.580901
0.580896
0.580892
0.580887
0.580882
0.580878
0.580873
0.580869
0.580864
0.580860
0.580856
0.580851
0.580847
0.580842
0.580838
0.580834
0.580830
0.580825
0.580821
0.580817
0.580813
0.580808
0.580804
0.580800
0.580796
0.580792
0.580788
0.580784
0.580780
0.580776
0.580772
0.580768
0.580764
0.580760
0.580756
0.580753
0.580749
0.580745
0.580741
0.580737
0.580734
0.580730
0.580726
0.580722
0.580719
0.580715
0.580711
0.580708
0.580704
0.580700
0.580697
0.580693
0.580690
0.580686
0.580683
0.580679
0.580676
0.580672
0.580669
0.580665
0.580662
0.580658
0.580655
0.580652
0.580648
0.580645
0.580642
0.580638
0.580635
0.580632
0.580628
0.580625
0.580622
0.580619
0.580615
0.580612
0.580609
0.580606
0.580603
0.580599
0.580596
0.580593
0.580590
0.580587
0.580584
0.580581
0.580578
0.580575
0.580571
0.580568
0.580565
0.580562
0.580559
0.580556
0.580553
0.580550
0.580547
0.580544
0.580544
0.580541
0.580538
0.580536
0.580533
0.580530
0.580527
0.580524
0.580521
0.580518
0.580515
0.580512
0.580509
0.580507
0.580504
0.580501
0.580498
0.580495
0.580492
0.580490
0.580487
0.580484
0.580481
0.580479
0.580476
0.580473
0.580470
0.580467
0.580465
0.580462
0.580459
0.580457
0.580454
0.580451
0.580448
0.580446
0.580443
0.580440
0.580438
0.580435
0.580432
0.580430
0.580427
0.580424
0.580422
0.580419
0.580416
0.580414
0.580411
0.580408
0.580406
0.580403
0.580400
0.580398
0.580395
0.580393
0.580390
0.580387
0.580385
0.580382
0.580380
0.580377
0.580374
0.580372
0.580369
0.580367
0.580364
0.580361
0.580359
0.580356
0.580354
0.580351
0.580349
0.580346
0.580344
0.580341
0.580338
0.580336
0.580333
0.580331
0.580328
0.580326
0.580323
0.580321
0.580318
0.580315
0.580313
0.580310
0.580308
0.580305
0.580303
0.580300
0.580298
0.580295
0.580293
0.580290
0.580287
0.580285
0.580282
0.580280
0.580277
0.580275
0.580272
0.580270
0.580267
0.580265
0.580262
0.580259
0.580257
0.580254
0.580252
0.580249
0.580247
0.580244
0.580242
0.580239
0.580236
0.580234
0.580231
0.580229
0.580226
0.580224
0.580221
0.580219
0.580216
0.580213
0.580211
0.580208
0.580206
0.580203
0.580201
0.580198
0.580195
0.580193
0.580190
0.580188
0.580185
0.580182
0.580180
0.580177
0.580175
0.580172
0.580169
0.580167
0.580164
0.580161
0.580159
0.580156
0.580154
0.580151
0.580148
0.580146
0.580143
0.580140
0.580138
0.580135
0.580132
0.580130
0.580127
0.580124
0.580122
0.580119
0.580116
0.580114
0.580111
0.580108
0.580106
0.580103
0.580100
0.580097
0.580095
0.580092
0.580089
0.580087
0.580084
0.580081
0.580078
0.580076
0.580073
0.580070
0.580067
0.580065
0.580062
0.580059
0.580056
0.580053
0.580051
0.580048
0.580045
0.580042
0.580039
0.580037
0.580034
0.580031
0.580028
0.580025
0.580022
0.580020
0.580017
0.580014
0.580011
0.580008
0.580005
0.580002
0.579999
0.579996
0.579994
0.579991
0.579988
0.579985
0.579982
0.579979
0.579976
0.579973
0.579970
0.579967
0.579964
0.579961
0.579958
0.579955
0.579952
0.579949
0.579946
0.579943
0.579940
0.579937
0.579934
0.579931
0.579928
0.579925
0.579922
0.579919
0.579916
0.579913
0.579910
0.579907
0.579903
0.579900
0.579897
0.579894
0.579891
0.579888
0.579885
0.579882
0.579878
0.579875
0.579872
0.579869
0.579866
0.579862
0.579859
0.579856
0.579853
0.579850
0.579846
0.579843
0.579840
0.579837
0.579833
0.579830
0.579827
0.579824
0.579820
0.579817
0.579814
0.579810
0.579807
0.579804
0.579800
0.579797
0.579794
0.579790
0.579787
0.579784
0.579780
0.579777
0.579773
0.579770
0.579767
0.579763
0.579760
0.579756
0.579753
0.579750
0.579746
0.579743
0.579739
0.579736
0.579732
0.579729
0.579725
0.579722
0.579718
0.579715
0.579711
0.579708
0.579704
0.579700
0.579697
0.579693
0.579690
0.579686
0.579682
0.579679
0.579675
0.579672
0.579668
0.579664
0.579661
0.579657
0.579653
0.579650
0.579646
0.579642
0.579639
0.579635
0.579631
0.579627
0.579624
0.579620
0.579616
0.579613
0.579609
0.579605
0.579601
0.579597
0.579594
0.579590
0.579586
0.579582
0.579578
0.579574
0.579571
0.579567
0.579563
0.579559
0.579555
0.579551
0.579547
0.579543
0.579540
0.579536
0.579532
0.579528
0.579524
0.579520
0.579516
0.579512
0.579508
0.579504
0.579500
0.579496
0.579492
0.579488
0.579484
0.579480
0.579476
0.579472
0.579468
0.579464
0.579460
0.579455
0.579451
0.579447
0.579443
0.579439
0.579435
0.579431
0.579427
0.579422
0.579418
0.579414
0.579410
0.579406
0.579402
0.579397
0.579393
0.579389
0.579385
0.579380
0.579376
0.579372
0.579368
0.579363
0.579359
0.579355
0.579351
0.579346
0.579342
0.579338
0.579333
0.579329
0.579325
0.579320
0.579316
0.579311
0.579307
0.579303
0.579298
0.579294
0.579289
0.579285
0.579281
0.579276
0.579272
0.579267
0.579263
0.579258
0.579254
0.579249
0.579245
0.579240
0.579236
0.579231
0.579227
0.579222
0.579218
0.579213
0.579209
0.579204
0.579199
0.579195
0.579190
0.579186
0.579181
0.579176
0.579172
0.579167
0.579163
0.579158
0.579153
0.579149
0.579144
0.579139
0.579135
0.579130
0.579125
0.579120
0.579116
0.579111
0.579106
0.579101
0.579097
0.579092
0.579087
0.579082
0.579078
0.579073
0.579068
0.579063
0.579058
0.579054
0.579049
0.579044
0.579039
0.579034
0.579029
0.579024
0.579020
0.579015
0.579010
0.579005
0.579000
0.578995
0.578990
0.578985
0.578980
0.578975
0.578970
0.578965
0.578960
0.578955
0.578950
0.578945
0.578940
0.578935
0.578930
0.578925
0.578920
0.578915
0.578910
0.578905
0.578900
0.578895
0.578890
0.578885
0.578880
0.578875
0.578869
0.578864
0.578859
0.578854
0.578849
0.578844
0.578839
0.578833
0.578828
0.578823
0.578818
0.578813
0.578813
0.578808
0.578802
0.578797
0.578792
0.578787
0.578781
0.578776
0.578771
0.578766
0.578760
0.578755
0.578750
0.578745
0.578739
0.578734
0.578729
0.578723
0.578718
0.578713
0.578707
0.578702
0.578697
0.578691
0.578686
0.578680
0.578675
0.578670
0.578664
0.578659
0.578653
0.578648
0.578643
0.578637
0.578632
0.578626
0.578621
0.578615
0.578610
0.578604
0.578599
0.578593
0.578588
0.578582
0.578577
0.578571
0.578566
0.578560
0.578555
0.578549
0.578544
0.578538
0.578533
0.578527
0.578521
0.578516
0.578510
0.578505
0.578499
0.578493
0.578488
0.578482
0.578476
0.578471
0.578465
0.578459
0.578454
0.578448
0.578442
0.578437
0.578431
0.578425
0.578420
0.578414
0.578408
0.578402
0.578397
0.578391
0.578385
0.578379
0.578374
0.578368
0.578362
0.578356
0.578351
0.578345
0.578339
0.578333
0.578327
0.578322
0.578316
0.578310
0.578304
0.578298
0.578292
0.578287
0.578281
0.578275
0.578269
0.578263
0.578257
0.578251
0.578245
0.578239
0.578233
0.578228
0.578222
0.578216
0.578210
0.578204
0.578198
0.578192
0.578186
0.578180
0.578174
0.578168
0.578162
0.578156
0.578150
0.578144
0.578138
0.578132
0.578126
0.578120
0.578114
0.578108
0.578102
0.578096
0.578089
0.578083
0.578077
0.578071
0.578065
0.578059
0.578053
0.578047
0.578041
0.578034
0.578028
0.578022
0.578016
0.578010
0.578004
0.577998
0.577991
0.577985
0.577979
0.577973
0.577967
0.577960
0.577954
0.577948
0.577942
0.577936
0.577929
0.577923
0.577917
0.577911
0.577904
0.577898
0.577892
0.577885
0.577879
0.577873
0.577867
0.577860
0.577854
0.577848
0.577841
0.577835
0.577829
0.577822
0.577816
0.577810
0.577803
0.577797
0.577791
0.577784
0.577778
0.577771
0.577765
0.577759
0.577752
0.577746
0.577739
0.577733
0.577727
0.577720
0.577714
0.577707
0.577701
0.577694
0.577688
0.577681
0.577675
0.577668
0.577662
0.577655
0.577649
0.577642
0.577636
0.577629
0.577623
0.577616
0.577610
0.577603
0.577597
0.577590
0.577584
0.577577
0.577570
0.577564
0.577557
0.577551
0.577544
0.577538
0.577531
0.577524
0.577518
0.577511
0.577504
0.577498
0.577491
0.577485
0.577478
0.577471
0.577465
0.577458
0.577451
0.577445
0.577438
0.577431
0.577424
0.577418
0.577411
0.577404
0.577398
0.577391
0.577384
0.577377
0.577371
0.577364
0.577357
0.577350
0.577344
0.577337
0.577330
0.577323
0.577316
0.577310
0.577303
0.577296
0.577289
0.577282
0.577276
0.577269
0.577262
0.577255
0.577248
0.577241
0.577235
0.577228
0.577221
0.577214
0.577207
0.577200
0.577193
0.577186
0.577180
0.577173
0.577166
0.577159
0.577152
0.577145
0.577138
0.577131
0.577124
0.577117
0.577110
0.577103
0.577096
0.577089
0.577082
0.577075
0.577068
0.577061
0.577054
0.577047
0.577040
0.577033
0.577026
0.577019
0.577012
0.577005
0.576998
0.576991
0.576984
0.576977
0.576970
0.576963
0.576956
0.576949
0.576942
0.576934
0.576927
0.576920
0.576913
0.576906
0.576899
0.576892
0.576885
0.576878
0.576870
0.576863
0.576856
0.576849
0.576842
0.576835
0.576827
0.576820
0.576813
0.576806
0.576799
0.576791
0.576784
0.576777
0.576770
0.576763
0.576755
0.576748
0.576741
0.576734
0.576726
0.576719
0.576712
0.576705
0.576697
0.576690
0.576683
0.576676
0.576668
0.576661
0.576654
0.576646
0.576639
0.576632
0.576624
0.576617
0.576610
0.576602
0.576595
0.576588
0.576580
0.576573
0.576566
0.576558
0.576551
0.576543
0.576536
0.576529
0.576521
0.576514
0.576506
0.576499
0.576492
0.576484
0.576477
0.576469
0.576462
0.576454
0.576447
0.576439
0.576432
0.576425
0.576417
0.576410
0.576402
0.576395
0.576387
0.576380
0.576372
0.576365
0.576357
0.576350
0.576342
0.576335
0.576327
0.576319
0.576312
0.576304
0.576297
0.576289
0.576282
0.576274
0.576267
0.576259
0.576251
0.576244
0.576236
0.576229
0.576221
0.576213
0.576206
0.576198
0.576190
0.576183
0.576175
0.576168
0.576160
0.576152
0.576145
0.576137
0.576129
0.576122
0.576114
0.576106
0.576099
0.576091
0.576083
0.576075
0.576068
0.576060
0.576052
0.576045
0.576037
0.576029
0.576021
0.576014
0.576006
0.575998
0.575990
0.575983
0.575975
0.575967
0.575959
0.575952
0.575944
0.575936
0.575928
0.575920
0.575913
0.575905
0.575897
0.575889
0.575881
0.575873
0.575866
0.575858
0.575850
0.575842
0.575834
0.575826
0.575818
0.575811
0.575803
0.575795
0.575787
0.575779
0.575771
0.575763
0.575755
0.575747
0.575739
0.575732
0.575724
0.575716
0.575708
0.575700
0.575692
0.575684
0.575676
0.575668
0.575660
0.575652
0.575644
0.575636
0.575628
0.575620
0.575612
0.575604
0.575596
0.575588
0.575580
0.575572
0.575564
0.575556
0.575548
0.575540
0.575532
0.575524
0.575516
0.575508
0.575500
0.575492
0.575483
0.575475
0.575467
0.575459
0.575451
0.575443
0.575443
0.575435
0.575427
0.575419
0.575411
0.575402
0.575394
0.575386
0.575378
0.575370
0.575362
0.575354
0.575345
0.575337
0.575329
0.575321
0.575313
0.575305
0.575296
0.575288
0.575280
0.575272
0.575264
0.575255
0.575247
0.575239
0.575231
0.575223
0.575214
0.575206
0.575198
0.575190
0.575181
0.575173
0.575165
0.575157
0.575148
0.575140
0.575132
0.575123
0.575115
0.575107
0.575099
0.575090
0.575082
0.575074
0.575065
0.575057
0.575049
0.575040
0.575032
0.575024
0.575015
0.575007
0.574999
0.574990
0.574982
0.574974
0.574965
0.574957
0.574948
0.574940
0.574932
0.574923
0.574915
0.574906
0.574898
0.574890
0.574881
0.574873
0.574864
0.574856
0.574848
0.574839
0.574831
0.574822
0.574814
0.574805
0.574797
0.574788
0.574780
0.574771
0.574763
0.574754
0.574746
0.574737
0.574729
0.574720
0.574712
0.574703
0.574695
0.574686
0.574678
0.574669
0.574661
0.574652
0.574644
0.574635
0.574627
0.574618
0.574610
0.574601
0.574592
0.574584
0.574575
0.574567
0.574558
0.574550
0.574541
0.574532
0.574524
0.574515
0.574507
0.574498
0.574489
0.574481
0.574472
0.574463
0.574455
0.574446
0.574438
0.574429
0.574420
0.574412
0.574403
0.574394
0.574386
0.574377
0.574368
0.574360
0.574351
0.574342
0.574333
0.574325
0.574316
0.574307
0.574299
0.574290
0.574281
0.574272
0.574264
0.574255
0.574246
0.574238
0.574229
0.574220
0.574211
0.574203
0.574194
0.574185
0.574176
0.574167
0.574159
0.574150
0.574141
0.574132
0.574124
0.574115
0.574106
0.574097
0.574088
0.574080
0.574071
0.574062
0.574053
0.574044
0.574035
0.574027
0.574018
0.574009
0.574000
0.573991
0.573982
0.573973
0.573965
0.573956
0.573947
0.573938
0.573929
0.573920
0.573911
0.573902
0.573893
0.573885
0.573876
0.573867
0.573858
0.573849
0.573840
0.573831
0.573822
0.573813
0.573804
0.573795
0.573786
0.573777
0.573768
0.573759
0.573751
0.573742
0.573733
0.573724
0.573715
0.573706
0.573697
0.573688
0.573679
0.573670
0.573661
0.573652
0.573643
0.573634
0.573625
0.573616
0.573607
0.573598
0.573589
0.573580
0.573570
0.573561
0.573552
0.573543
0.573534
0.573525
0.573516
0.573507
0.573498
0.573489
0.573480
0.573471
0.573462
0.573453
0.573444
0.573434
0.573425
0.573416
0.573407
0.573398
0.573389
0.573380
0.573371
0.573362
0.573352
0.573343
0.573334
0.573325
0.573316
0.573307
0.573298
0.573288
0.573279
0.573270
0.573261
0.573252
0.573243
0.573233
0.573224
0.573215
0.573206
0.573197
0.573187
0.573178
0.573169
0.573160
0.573151
0.573141
0.573132
0.573123
0.573114
0.573105
0.573095
0.573086
0.573077
0.573068
0.573058
0.573049
0.573040
0.573031
0.573021
0.573012
0.573003
0.572994
0.572984
0.572975
0.572966
0.572956
0.572947
0.572938
0.572929
0.572919
0.572910
0.572901
0.572891
0.572882
0.572873
0.572863
0.572854
0.572845
0.572835
0.572826
0.572817
0.572807
0.572798
0.572789
0.572779
0.572770
0.572761
0.572751
0.572742
0.572733
0.572723
0.572714
0.572705
0.572695
0.572686
0.572676
0.572667
0.572658
0.572648
0.572639
0.572629
0.572620
0.572611
0.572601
0.572592
0.572582
0.572573
0.572564
0.572554
0.572545
0.572535
0.572526
0.572516
0.572507
0.572498
0.572488
0.572479
0.572469
0.572460
0.572450
0.572441
0.572431
0.572422
0.572412
0.572403
0.572393
0.572384
0.572374
0.572365
0.572356
0.572346
0.572337
0.572327
0.572318
0.572308
0.572298
0.572289
0.572279
0.572270
0.572260
0.572251
0.572241
0.572232
0.572222
0.572213
0.572203
0.572194
0.572184
0.572175
0.572165
0.572155
0.572146
0.572136
0.572127
0.572117
0.572108
0.572098
0.572089
0.572079
0.572069
0.572060
0.572050
0.572041
0.572031
0.572021
0.572012
0.572002
0.571993
0.571983
0.571973
0.571964
0.571954
0.571945
0.571935
0.571925
0.571916
0.571906
0.571896
0.571887
0.571877
0.571867
0.571858
0.571848
0.571838
0.571829
0.571819
0.571810
0.571800
0.571790
0.571781
0.571771
0.571761
0.571751
0.571742
0.571732
0.571722
0.571713
0.571703
0.571693
0.571684
0.571674
0.571664
0.571655
0.571645
0.571635
0.571625
0.571616
0.571606
0.571596
0.571587
0.571577
0.571567
0.571557
0.571548
0.571538
0.571528
0.571518
0.571509
0.571499
0.571489
0.571479
0.571470
0.571460
0.571450
0.571440
0.571431
0.571421
0.571411
0.571401
0.571392
0.571382
0.571372
0.571362
0.571352
0.571343
0.571333
0.571323
0.571313
0.571303
0.571294
0.571284
0.571274
0.571264
0.571254
0.571245
0.571235
0.571225
0.571215
0.571205
0.571195
0.571186
0.571176
0.571166
0.571156
0.571146
0.571136
0.571127
0.571117
0.571107
0.571097
0.571087
0.571077
0.571067
0.571058
0.571048
0.571038
0.571028
0.571018
0.571008
0.570998
0.570988
0.570979
0.570969
0.570959
0.570949
0.570939
0.570929
0.570919
0.570909
0.570899
0.570899
0.570890
0.570880
0.570870
0.570860
0.570850
0.570840
0.570830
0.570820
0.570810
0.570800
0.570790
0.570780
0.570770
0.570761
0.570751
0.570741
0.570731
0.570721
0.570711
0.570701
0.570691
0.570681
0.570671
0.570661
0.570651
0.570641
0.570631
0.570621
0.570611
0.570601
0.570591
0.570581
0.570571
0.570561
0.570551
0.570541
0.570531
0.570521
0.570511
0.570501
0.570491
0.570481
0.570471
0.570461
0.570451
0.570441
0.570431
0.570421
0.570411
0.570401
0.570391
0.570381
0.570371
0.570361
0.570351
0.570341
0.570331
0.570321
0.570311
0.570301
0.570291
0.570281
0.570271
0.570261
0.570251
0.570241
0.570231
0.570221
0.570211
0.570201
0.570191
0.570181
0.570171
0.570160
0.570150
0.570140
0.570130
0.570120
0.570110
0.570100
0.570090
0.570080
0.570070
0.570060
0.570050
0.570040
0.570029
0.570019
0.570009
0.569999
0.569989
0.569979
0.569969
0.569959
0.569949
0.569939
0.569928
0.569918
0.569908
0.569898
0.569888
0.569878
0.569868
0.569858
0.569847
0.569837
0.569827
0.569817
0.569807
0.569797
0.569787
0.569777
0.569766
0.569756
0.569746
0.569736
0.569726
0.569716
0.569706
0.569695
0.569685
0.569675
0.569665
0.569655
0.569645
0.569634
0.569624
0.569614
0.569604
0.569594
0.569584
0.569573
0.569563
0.569553
0.569543
0.569533
0.569523
0.569512
0.569502
0.569492
0.569482
0.569472
0.569461
0.569451
0.569441
0.569431
0.569421
0.569410
0.569400
0.569390
0.569380
0.569370
0.569359
0.569349
0.569339
0.569329
0.569319
0.569308
0.569298
0.569288
0.569278
0.569267
0.569257
0.569247
0.569237
0.569227
0.569216
0.569206
0.569196
0.569186
0.569175
0.569165
0.569155
0.569145
0.569134
0.569124
0.569114
0.569104
0.569093
0.569083
0.569073
0.569063
0.569052
0.569042
0.569032
0.569022
0.569011
0.569001
0.568991
0.568980
0.568970
0.568960
0.568950
0.568939
0.568929
0.568919
0.568909
0.568898
0.568888
0.568878
0.568867
0.568857
0.568847
0.568837
0.568826
0.568816
0.568806
0.568795
0.568785
0.568775
0.568764
0.568754
0.568744
0.568734
0.568723
0.568713
0.568703
0.568692
0.568682
0.568672
0.568661
0.568651
0.568641
0.568630
0.568620
0.568610
0.568599
0.568589
0.568579
0.568569
0.568558
0.568548
0.568538
0.568527
0.568517
0.568507
0.568496
0.568486
0.568476
0.568465
0.568455
0.568444
0.568434
0.568424
0.568413
0.568403
0.568393
0.568382
0.568372
0.568362
0.568351
0.568341
0.568331
0.568320
0.568310
0.568300
0.568289
0.568279
0.568268
0.568258
0.568248
0.568237
0.568227
0.568217
0.568206
0.568196
0.568185
0.568175
0.568165
0.568154
0.568144
0.568134
0.568123
0.568113
0.568102
0.568092
0.568082
0.568071
0.568061
0.568051
0.568040
0.568030
0.568019
0.568009
0.567999
0.567988
0.567978
0.567967
0.567957
0.567947
0.567936
0.567926
0.567915
0.567905
0.567895
0.567884
0.567874
0.567863
0.567853
0.567842
0.567832
0.567822
0.567811
0.567801
0.567790
0.567780
0.567770
0.567759
0.567749
0.567738
0.567728
0.567717
0.567707
0.567697
0.567686
0.567676
0.567665
0.567655
0.567644
0.567634
0.567624
0.567613
0.567603
0.567592
0.567582
0.567571
0.567561
0.567551
0.567540
0.567530
0.567519
0.567509
0.567498
0.567488
0.567477
0.567467
0.567456
0.567446
0.567436
0.567425
0.567415
0.567404
0.567394
0.567383
0.567373
0.567362
0.567352
0.567341
0.567331
0.567321
0.567310
0.567300
0.567289
0.567279
0.567268
0.567258
0.567247
0.567237
0.567226
0.567216
0.567205
0.567195
0.567184
0.567174
0.567164
0.567153
0.567143
0.567132
0.567122
0.567111
0.567101
0.567090
0.567080
0.567069
0.567059
0.567048
0.567038
0.567027
0.567017
0.567006
0.566996
0.566985
0.566975
0.566964
0.566954
0.566943
0.566933
0.566922
0.566912
0.566901
0.566891
0.566880
0.566870
0.566859
0.566849
0.566838
0.566828
0.566817
0.566807
0.566796
0.566786
0.566775
0.566765
0.566754
0.566744
0.566733
0.566723
0.566712
0.566702
0.566691
0.566681
0.566670
0.566660
0.566649
0.566639
0.566628
0.566618
0.566607
0.566597
0.566586
0.566576
0.566565
0.566555
0.566544
0.566534
0.566523
0.566513
0.566502
0.566492
0.566481
0.566471
0.566460
0.566449
0.566439
0.566428
0.566418
0.566407
0.566397
0.566386
0.566376
0.566365
0.566355
0.566344
0.566334
0.566323
0.566313
0.566302
0.566292
0.566281
0.566271
0.566260
0.566249
0.566239
0.566228
0.566218
0.566207
0.566197
0.566186
0.566176
0.566165
0.566155
0.566144
0.566134
0.566123
0.566112
0.566102
0.566091
0.566081
0.566070
0.566060
0.566049
0.566039
0.566028
0.566018
0.566007
0.565997
0.565986
0.565975
0.565965
0.565954
0.565944
0.565933
0.565923
0.565912
0.565902
0.565891
0.565881
0.565870
0.565859
0.565849
0.565838
0.565828
0.565817
0.565807
0.565796
0.565786
0.565775
0.565765
0.565754
0.565754
0.565743
0.565733
0.565722
0.565712
0.565701
0.565691
0.565680
0.565670
0.565659
0.565648
0.565638
0.565627
0.565617
0.565606
0.565596
0.565585
0.565575
0.565564
0.565553
0.565543
0.565532
0.565522
0.565511
0.565501
0.565490
0.565480
0.565469
0.565458
0.565448
0.565437
0.565427
0.565416
0.565406
0.565395
0.565385
0.565374
0.565363
0.565353
0.565342
0.565332
0.565321
0.565311
0.565300
0.565290
0.565279
0.565268
0.565258
0.565247
0.565237
0.565226
0.565216
0.565205
0.565195
0.565184
0.565173
0.565163
0.565152
0.565142
0.565131
0.565121
0.565110
0.565099
0.565089
0.565078
0.565068
0.565057
0.565047
0.565036
0.565026
0.565015
0.565004
0.564994
0.564983
0.564973
0.564962
0.564952
0.564941
0.564931
0.564920
0.564909
0.564899
0.564888
0.564878
0.564867
0.564857
0.564846
0.564836
0.564825
0.564814
0.564804
0.564793
0.564783
0.564772
0.564762
0.564751
0.564741
0.564730
0.564719
0.564709
0.564698
0.564688
0.564677
0.564667
0.564656
0.564646
0.564635
0.564625
0.564614
0.564603
0.564593
0.564582
0.564572
0.564561
0.564551
0.564540
0.564530
0.564519
0.564509
0.564498
0.564487
0.564477
0.564466
0.564456
0.564445
0.564435
0.564424
0.564414
0.564403
0.564393
0.564382
0.564372
0.564361
0.564350
0.564340
0.564329
0.564319
0.564308
0.564298
0.564287
0.564277
0.564266
0.564256
0.564245
0.564235
0.564224
0.564214
0.564203
0.564192
0.564182
0.564171
0.564161
0.564150
0.564140
0.564129
0.564119
0.564108
0.564098
0.564087
0.564077
0.564066
0.564056
0.564045
0.564035
0.564024
0.564014
0.564003
0.563993
0.563982
0.563972
0.563961
0.563951
0.563940
0.563930
0.563919
0.563909
0.563898
0.563888
0.563877
0.563867
0.563856
0.563846
0.563835
0.563825
0.563814
0.563804
0.563793
0.563783
0.563772
0.563762
0.563751
0.563741
0.563730
0.563720
0.563709
0.563699
0.563688
0.563678
0.563667
0.563657
0.563646
0.563636
0.563625
0.563615
0.563605
0.563594
0.563584
0.563573
0.563563
0.563552
0.563542
0.563531
0.563521
0.563510
0.563500
0.563490
0.563479
0.563469
0.563458
0.563448
0.563437
0.563427
0.563416
0.563406
0.563396
0.563385
0.563375
0.563364
0.563354
0.563343
0.563333
0.563323
0.563312
0.563302
0.563291
0.563281
0.563271
0.563260
0.563250
0.563239
0.563229
0.563219
0.563208
0.563198
0.563187
0.563177
0.563167
0.563156
0.563146
0.563135
0.563125
0.563115
0.563104
0.563094
0.563084
0.563073
0.563063
0.563052
0.563042
0.563032
0.563021
0.563011
0.563001
0.562990
0.562980
0.562970
0.562959
0.562949
0.562939
0.562928
0.562918
0.562908
0.562897
0.562887
0.562877
0.562866
0.562856
0.562846
0.562836
0.562825
0.562815
0.562805
0.562794
0.562784
0.562774
0.562763
0.562753
0.562743
0.562733
0.562722
0.562712
0.562702
0.562692
0.562681
0.562671
0.562661
0.562651
0.562640
0.562630
0.562620
0.562610
0.562599
0.562589
0.562579
0.562569
0.562559
0.562548
0.562538
0.562528
0.562518
0.562508
0.562497
0.562487
0.562477
0.562467
0.562457
0.562447
0.562436
0.562426
0.562416
0.562406
0.562396
0.562386
0.562376
0.562366
0.562355
0.562345
0.562335
0.562325
0.562315
0.562305
0.562295
0.562285
0.562275
0.562265
0.562254
0.562244
0.562234
0.562224
0.562214
0.562204
0.562194
0.562184
0.562174
0.562164
0.562154
0.562144
0.562134
0.562124
0.562114
0.562104
0.562094
0.562084
0.562074
0.562064
0.562054
0.562044
0.562034
0.562024
0.562014
0.562005
0.561995
0.561985
0.561975
0.561965
0.561955
0.561945
0.561935
0.561925
0.561915
0.561906
0.561896
0.561886
0.561876
0.561866
0.561856
0.561847
0.561837
0.561827
0.561817
0.561807
0.561798
0.561788
0.561778
0.561768
0.561759
0.561749
0.561739
0.561729
0.561720
0.561710
0.561700
0.561691
0.561681
0.561671
0.561662
0.561652
0.561642
0.561633
0.561623
0.561613
0.561604
0.561594
0.561585
0.561575
0.561565
0.561556
0.561546
0.561537
0.561527
0.561518
0.561508
0.561499
0.561489
0.561480
0.561470
0.561461
0.561451
0.561442
0.561432
0.561423
0.561413
0.561404
0.561395
0.561385
0.561376
0.561366
0.561357
0.561348
0.561338
0.561329
0.561320
0.561310
0.561301
0.561292
0.561283
0.561273
0.561264
0.561255
0.561246
0.561236
0.561227
0.561218
0.561209
0.561200
0.561191
0.561181
0.561172
0.561163
0.561154
0.561145
0.561136
0.561127
0.561118
0.561109
0.561100
0.561091
0.561082
0.561073
0.561064
0.561055
0.561046
0.561037
0.561028
0.561019
0.561010
0.561001
0.560992
0.560984
0.560975
0.560966
0.560957
0.560948
0.560939
0.560931
0.560922
0.560913
0.560905
0.560896
0.560887
0.560879
0.560870
0.560861
0.560852
0.560845
0.560833
0.560831
0.560810
0.560825
0.560772
0.560851
0.560674
0.561005
0.560403
0.561491
0.560297
0.561559
0.560435
0.561236
0.560425
0.560425
0.561047
0.560402
0.560898
0.560356
0.560765
0.560290
0.560648
0.560215
0.560551
0.560141
0.560471
0.560071
0.560406
0.560010
0.560351
0.559956
0.560304
0.559909
0.560262
0.559869
0.560222
0.559835
0.560184
0.559804
0.560148
0.559776
0.560112
0.559750
0.560077
0.559726
0.560042
0.559702
0.560008
0.559678
0.559975
0.559655
0.559943
0.559632
0.559912
0.559609
0.559881
0.559586
0.559851
0.559563
0.559823
0.559540
0.559795
0.559517
0.559768
0.559494
0.559741
0.559471
0.559715
0.559449
0.559690
0.559426
0.559665
0.559403
0.559640
0.559380
0.559616
0.559358
0.559592
0.559335
0.559568
0.559313
0.559545
0.559290
0.559521
0.559268
0.559497
0.559246
0.559474
0.559224
0.559451
0.559201
0.559427
0.559179
0.559404
0.559157
0.559380
0.559135
0.559357
0.559113
0.559333
0.559091
0.559310
0.559070
0.559286
0.559048
0.559263
0.559026
0.559239
0.559004
0.559216
0.558983
0.559193
0.558961
0.559169
0.558939
0.559146
0.558918
0.559123
0.558896
0.559100
0.558875
0.559077
0.558853
0.559054
0.558831
0.559031
0.558810
0.559008
0.558788
0.558985
0.558767
0.558963
0.558746
0.558940
0.558724
0.558918
0.558703
0.558895
0.558681
0.558873
0.558660
0.558850
0.558638
0.558828
0.558617
0.558805
0.558596
0.558783
0.558574
0.558761
0.558553
0.558738
0.558531
0.558716
0.558510
0.558694
0.558489
0.558671
0.558467
0.558649
0.558446
0.558627
0.558425
0.558605
0.558403
0.558582
0.558382
0.558560
0.558361
0.558538
0.558340
0.558515
0.558318
0.558493
0.558297
0.558471
0.558276
0.558449
0.558255
0.558426
0.558234
0.558404
0.558212
0.558382
0.558191
0.558360
0.558170
0.558337
0.558149
0.558315
0.558128
0.558293
0.558107
0.558271
0.558086
0.558249
0.558065
0.558227
0.558044
0.558205
0.558023
0.558183
0.558002
0.558161
0.557981
0.558139
0.557960
0.558117
0.557939
0.558095
0.557918
0.558073
0.557897
0.558051
0.557876
0.558029
0.557856
0.558007
0.557835
0.557985
0.557814
0.557964
0.557793
0.557942
0.557772
0.557920
0.557752
0.557898
0.557731
0.557877
0.557710
0.557855
0.557689
0.557833
0.557669
0.557812
0.557648
0.557790
0.557627
0.557768
0.557607
0.557747
0.557586
0.557725
0.557565
0.557703
0.557545
0.557682
0.557524
0.557660
0.557503
0.557639
0.557483
0.557617
0.557462
0.557596
0.557442
0.557574
0.557421
0.557553
0.557401
0.557531
0.557380
0.557510
0.557360
0.557489
0.557340
0.557467
0.557319
0.557446
0.557299
0.557425
0.557279
0.557403
0.557258
0.557382
0.557238
0.557361
0.557218
0.557339
0.557197
0.557318
0.557177
0.557297
0.557157
0.557276
0.557137
0.557255
0.557117
0.557233
0.557096
0.557212
0.557076
0.557191
0.557056
0.557170
0.557036
0.557149
0.557016
0.557128
0.556996
0.557107
0.556976
0.557086
0.556956
0.557065
0.556936
0.557044
0.556916
0.557023
0.556896
0.557002
0.556876
0.556981
0.556856
0.556960
0.556836
0.556940
0.556817
0.556919
0.556797
0.556898
0.556777
0.556877
0.556757
0.556857
0.556737
0.556836
0.556718
0.556815
0.556698
0.556794
0.556678
0.556774
0.556659
0.556753
0.556639
0.556733
0.556619
0.556712
0.556600
0.556691
0.556580
0.556671
0.556560
0.556650
0.556541
0.556630
0.556521
0.556609
0.556502
0.556589
0.556482
0.556569
0.556463
0.556548
0.556444
0.556528
0.556424
0.556507
0.556405
0.556487
0.556385
0.556467
0.556366
0.556446
0.556347
0.556426
0.556327
0.556406
0.556308
0.556386
0.556289
0.556366
0.556270
0.556345
0.556250
0.556325
0.556231
0.556305
0.556212
0.556285
0.556193
0.556265
0.556174
0.556245
0.556155
0.556225
0.556136
0.556205
0.556117
0.556185
0.556098
0.556165
0.556079
0.556145
0.556060
0.556125
0.556041
0.556105
0.556022
0.556085
0.556003
0.556065
0.555984
0.556046
0.555965
0.556026
0.555946
0.556006
0.555927
0.555986
0.555909
0.555966
0.555890
0.555947
0.555871
0.555927
0.555852
0.555907
0.555834
0.555888
0.555815
0.555868
0.555796
0.555849
0.555778
0.555829
0.555759
0.555809
0.555740
0.555790
0.555722
0.555770
0.555703
0.555751
0.555685
0.555731
0.555666
0.555712
0.555648
0.555693
0.555629
0.555673
0.555611
0.555654
0.555592
0.555634
0.555574
0.555615
0.555556
0.555596
0.555537
0.555577
0.555519
0.555557
0.555501
0.555538
0.555482
0.555519
0.555464
0.555500
0.555446
0.555481
0.555427
0.555461
0.555409
0.555442
0.555391
0.555423
0.555373
0.555404
0.555355
0.555385
0.555337
0.555366
0.555318
0.555347
0.555300
0.555328
0.555282
0.555309
0.555264
0.555290
0.555246
0.555271
0.555228
0.555253
0.555210
0.555234
0.555192
0.555215
0.555174
0.555196
0.555156
0.555177
0.555138
0.555159
0.555120
0.555140
0.555102
0.555121
0.555085
0.555103
0.555067
0.555084
0.555049
0.555065
0.555031
0.555047
0.555013
0.555028
0.554995
0.555010
0.555010
0.554978
0.554991
0.554960
0.554973
0.554942
0.554954
0.554924
0.554936
0.554907
0.554917
0.554889
0.554899
0.554871
0.554881
0.554854
0.554862
0.554836
0.554844
0.554818
0.554826
0.554801
0.554807
0.554783
0.554789
0.554765
0.554771
0.554748
0.554753
0.554730
0.554735
0.554713
0.554716
0.554695
0.554698
0.554678
0.554680
0.554660
0.554662
0.554643
0.554644
0.554625
0.554626
0.554608
0.554608
0.554590
0.554590
0.554573
0.554572
0.554555
0.554555
0.554538
0.554537
0.554520
0.554519
0.554503
0.554501
0.554486
0.554483
0.554468
0.554466
0.554451
0.554448
0.554434
0.554430
0.554416
0.554413
0.554399
0.554395
0.554382
0.554377
0.554364
0.554360
0.554347
0.554342
0.554330
0.554325
0.554312
0.554307
0.554295
0.554290
0.554278
0.554272
0.554261
0.554255
0.554244
0.554238
0.554226
0.554220
0.554209
0.554203
0.554192
0.554186
0.554175
0.554168
0.554158
0.554151
0.554141
0.554134
0.554124
0.554117
0.554107
0.554100
0.554090
0.554082
0.554073
0.554065
0.554056
0.554048
0.554039
0.554031
0.554022
0.554014
0.554005
0.553997
0.553988
0.553980
0.553971
0.553963
0.553954
0.553946
0.553937
0.553929
0.553920
0.553913
0.553904
0.553896
0.553887
0.553879
0.553870
0.553862
0.553853
0.553845
0.553837
0.553829
0.553820
0.553812
0.553803
0.553795
0.553787
0.553779
0.553770
0.553762
0.553754
0.553745
0.553737
0.553729
0.553720
0.553712
0.553704
0.553696
0.553687
0.553679
0.553671
0.553663
0.553655
0.553646
0.553638
0.553630
0.553622
0.553614
0.553605
0.553597
0.553589
0.553581
0.553573
0.553565
0.553557
0.553548
0.553540
0.553532
0.553524
0.553516
0.553508
0.553500
0.553492
0.553484
0.553476
0.553468
0.553460
0.553452
0.553443
0.553435
0.553427
0.553419
0.553411
0.553403
0.553396
0.553388
0.553380
0.553372
0.553364
0.553356
0.553348
0.553340
0.553332
0.553324
0.553316
0.553308
0.553300
0.553293
0.553285
0.553277
0.553269
0.553261
0.553253
0.553245
0.553238
0.553230
0.553222
0.553214
0.553206
0.553199
0.553191
0.553183
0.553175
0.553168
0.553160
0.553152
0.553145
0.553137
0.553129
0.553121
0.553114
0.553106
0.553098
0.553091
0.553083
0.553076
0.553068
0.553060
0.553053
0.553045
0.553038
0.553030
0.553022
0.553015
0.553007
0.553000
0.552992
0.552985
0.552977
0.552970
0.552962
0.552955
0.552947
0.552940
0.552933
0.552925
0.552918
0.552910
0.552903
0.552896
0.552888
0.552881
0.552873
0.552866
0.552859
0.552851
0.552844
0.552837
0.552830
0.552822
0.552815
0.552808
0.552801
0.552793
0.552786
0.552779
0.552772
0.552764
0.552757
0.552750
0.552743
0.552736
0.552729
0.552722
0.552715
0.552707
0.552700
0.552693
0.552686
0.552679
0.552672
0.552665
0.552658
0.552651
0.552644
0.552637
0.552630
0.552623
0.552616
0.552610
0.552603
0.552596
0.552589
0.552582
0.552575
0.552568
0.552562
0.552555
0.552548
0.552541
0.552534
0.552528
0.552521
0.552514
0.552507
0.552501
0.552494
0.552487
0.552481
0.552474
0.552468
0.552461
0.552454
0.552448
0.552441
0.552435
0.552428
0.552422
0.552415
0.552409
0.552402
0.552396
0.552389
0.552383
0.552376
0.552370
0.552364
0.552357
0.552351
0.552345
0.552338
0.552332
0.552326
0.552320
0.552313
0.552307
0.552301
0.552295
0.552289
0.552282
0.552276
0.552270
0.552264
0.552258
0.552252
0.552246
0.552240
0.552234
0.552228
0.552222
0.552216
0.552210
0.552204
0.552198
0.552192
0.552186
0.552181
0.552175
0.552169
0.552163
0.552157
0.552152
0.552146
0.552140
0.552135
0.552129
0.552123
0.552118
0.552112
0.552106
0.552101
0.552095
0.552090
0.552084
0.552079
0.552073
0.552068
0.552062
0.552057
0.552052
0.552046
0.552041
0.552036
0.552030
0.552025
0.552020
0.552015
0.552009
0.552004
0.551999
0.551994
0.551989
0.551984
0.551979
0.551974
0.551969
0.551964
0.551959
0.551954
0.551949
0.551944
0.551939
0.551934
0.551929
0.551925
0.551920
0.551915
0.551910
0.551906
0.551901
0.551896
0.551892
0.551887
0.551882
0.551878
0.551873
0.551869
0.551864
0.551860
0.551855
0.551851
0.551847
0.551842
0.551838
0.551834
0.551829
0.551825
0.551821
0.551817
0.551813
0.551809
0.551804
0.551800
0.551796
0.551792
0.551788
0.551784
0.551780
0.551776
0.551773
0.551769
0.551765
0.551761
0.551757
0.551754
0.551750
0.551746
0.551743
0.551739
0.551735
0.551732
0.551728
0.551725
0.551721
0.551718
0.551715
0.551711
0.551708
0.551703
0.551703
0.551696
0.551698
0.551686
0.551697
0.551671
0.551705
0.551642
0.551738
0.551576
0.551839
0.551430
0.552092
0.551275
0.552311
0.551319
0.552181
0.551379
0.551985
0.551395
0.551842
0.551391
0.551727
0.551368
0.551629
0.551332
0.551547
0.551291
0.551480
0.551251
0.551425
0.551215
0.551381
0.551183
0.551346
0.551155
0.551318
0.551131
0.551131
0.551296
0.551110
0.551280
0.551091
0.551268
0.551073
0.551259
0.551056
0.551254
0.551039
0.551250
0.551023
0.551248
0.551007
0.551246
0.550991
0.551244
0.550976
0.551241
0.550961
0.551236
0.550947
0.551228
0.550934
0.551218
0.550922
0.551204
0.550910
0.551189
0.550899
0.551171
0.550888
0.551152
0.550877
0.551132
0.550866
0.551112
0.550855
0.551093
0.550844
0.551074
0.550832
0.551056
0.550821
0.551039
0.550810
0.551023
0.550798
0.551008
0.550786
0.550995
0.550775
0.550983
0.550763
0.550971
0.550752
0.550961
0.550740
0.550952
0.550728
0.550943
0.550716
0.550935
0.550704
0.550928
0.550692
0.550920
0.550679
0.550913
0.550667
0.550906
0.550655
0.550899
0.550643
0.550891
0.550631
0.550883
0.550619
0.550874
0.550607
0.550864
0.550596
0.550854
0.550584
0.550843
0.550573
0.550831
0.550562
0.550819
0.550551
0.550807
0.550540
0.550795
0.550529
0.550782
0.550518
0.550770
0.550507
0.550758
0.550496
0.550746
0.550485
0.550734
0.550474
0.550723
0.550463
0.550712
0.550452
0.550702
0.550441
0.550692
0.550429
0.550682
0.550418
0.550673
0.550407
0.550663
0.550395
0.550654
0.550384
0.550645
0.550373
0.550636
0.550361
0.550627
0.550350
0.550618
0.550339
0.550608
0.550328
0.550599
0.550317
0.550589
0.550306
0.550579
0.550295
0.550569
0.550284
0.550559
0.550273
0.550548
0.550262
0.550538
0.550251
0.550527
0.550241
0.550517
0.550230
0.550506
0.550219
0.550496
0.550208
0.550486
0.550197
0.550476
0.550186
0.550466
0.550175
0.550456
0.550165
0.550446
0.550154
0.550437
0.550143
0.550427
0.550132
0.550418
0.550121
0.550408
0.550110
0.550399
0.550100
0.550389
0.550089
0.550380
0.550078
0.550370
0.550067
0.550361
0.550057
0.550351
0.550046
0.550342
0.550036
0.550332
0.550025
0.550322
0.550014
0.550313
0.550004
0.550303
0.549993
0.550293
0.549983
0.550284
0.549972
0.550274
0.549962
0.550264
0.549951
0.550255
0.549941
0.550246
0.549930
0.550236
0.549920
0.550227
0.549909
0.550217
0.549899
0.550208
0.549889
0.550199
0.549878
0.550190
0.549868
0.550180
0.549858
0.550171
0.549847
0.550162
0.549837
0.550153
0.549827
0.550143
0.549816
0.550134
0.549806
0.550125
0.549796
0.550116
0.549786
0.550107
0.549776
0.550098
0.549766
0.550088
0.549755
0.550079
0.549745
0.550070
0.549735
0.550061
0.549725
0.550052
0.549715
0.550043
0.549705
0.550034
0.549695
0.550025
0.549685
0.550016
0.549675
0.550007
0.549665
0.549998
0.549655
0.549990
0.549645
0.549981
0.549635
0.549972
0.549625
0.549963
0.549615
0.549954
0.549606
0.549946
0.549596
0.549937
0.549586
0.549928
0.549576
0.549919
0.549566
0.549911
0.549557
0.549902
0.549547
0.549893
0.549537
0.549885
0.549528
0.549876
0.549518
0.549867
0.549508
0.549859
0.549499
0.549850
0.549489
0.549842
0.549479
0.549833
0.549470
0.549825
0.549460
0.549816
0.549451
0.549808
0.549441
0.549799
0.549432
0.549791
0.549422
0.549783
0.549413
0.549774
0.549404
0.549766
0.549394
0.549758
0.549385
0.549749
0.549375
0.549741
0.549366
0.549733
0.549357
0.549725
0.549348
0.549716
0.549338
0.549708
0.549329
0.549700
0.549320
0.549692
0.549311
0.549684
0.549301
0.549676
0.549292
0.549668
0.549283
0.549659
0.549274
0.549651
0.549265
0.549643
0.549256
0.549635
0.549247
0.549627
0.549238
0.549620
0.549229
0.549612
0.549220
0.549604
0.549211
0.549596
0.549202
0.549588
0.549193
0.549580
0.549184
0.549572
0.549175
0.549564
0.549166
0.549557
0.549157
0.549549
0.549148
0.549541
0.549140
0.549533
0.549131
0.549526
0.549122
0.549518
0.549113
0.549510
0.549105
0.549503
0.549096
0.549495
0.549087
0.549488
0.549078
0.549480
0.549070
0.549473
0.549061
0.549465
0.549053
0.549458
0.549044
0.549450
0.549035
0.549443
0.549027
0.549435
0.549018
0.549428
0.549010
0.549420
0.549001
0.549413
0.548993
0.549406
0.548985
0.549398
0.548976
0.549391
0.548968
0.549384
0.548959
0.549376
0.548951
0.549369
0.548943
0.549362
0.548934
0.549355
0.548926
0.549348
0.548918
0.549341
0.548910
0.549333
0.548901
0.549326
0.548893
0.549319
0.548885
0.549312
0.548877
0.549305
0.548869
0.549298
0.548861
0.549291
0.548852
0.549284
0.548844
0.549277
0.548836
0.549270
0.548828
0.549263
0.548820
0.549256
0.548812
0.549250
0.548804
0.549243
0.548796
0.549236
0.548788
0.549229
0.548781
0.549222
0.548773
0.549216
0.548765
0.549209
0.548757
0.549202
0.548749
0.549195
0.548741
0.549189
0.548734
0.549182
0.548726
0.549176
0.548718
0.549169
0.548710
0.549162
0.548703
0.549156
0.548695
0.549149
0.548687
0.549143
0.548680
0.549136
0.548672
0.549130
0.548665
0.549123
0.548657
0.549117
0.548649
0.549110
0.548642
0.549104
0.548634
0.549098
0.548627
0.549091
0.548619
0.549085
0.548612
0.549079
0.549079
0.548605
0.549073
0.548597
0.549066
0.548590
0.549060
0.548582
0.549054
0.548575
0.549048
0.548568
0.549042
0.548561
0.549035
0.548553
0.549029
0.548546
0.549023
0.548539
0.549017
0.548532
0.549011
0.548524
0.549005
0.548517
0.548999
0.548510
0.548993
0.548503
0.548987
0.548496
0.548981
0.548489
0.548975
0.548482
0.548969
0.548475
0.548963
0.548468
0.548958
0.548461
0.548952
0.548454
0.548946
0.548447
0.548940
0.548440
0.548934
0.548433
0.548929
0.548426
0.548923
0.548419
0.548917
0.548412
0.548911
0.548406
0.548906
0.548399
0.548900
0.548392
0.548895
0.548385
0.548889
0.548379
0.548883
0.548372
0.548878
0.548365
0.548872
0.548359
0.548867
0.548352
0.548861
0.548345
0.548856
0.548339
0.548850
0.548332
0.548845
0.548326
0.548840
0.548319
0.548834
0.548313
0.548829
0.548306
0.548824
0.548300
0.548818
0.548293
0.548813
0.548287
0.548808
0.548280
0.548803
0.548274
0.548797
0.548268
0.548792
0.548261
0.548787
0.548255
0.548782
0.548249
0.548777
0.548242
0.548772
0.548236
0.548766
0.548230
0.548761
0.548224
0.548756
0.548217
0.548751
0.548211
0.548746
0.548205
0.548741
0.548199
0.548736
0.548193
0.548731
0.548187
0.548727
0.548181
0.548722
0.548175
0.548717
0.548169
0.548712
0.548163
0.548707
0.548157
0.548702
0.548151
0.548698
0.548145
0.548693
0.548139
0.548688
0.548133
0.548683
0.548127
0.548679
0.548121
0.548674
0.548116
0.548669
0.548110
0.548665
0.548104
0.548660
0.548098
0.548656
0.548093
0.548651
0.548087
0.548647
0.548081
0.548642
0.548076
0.548638
0.548070
0.548633
0.548064
0.548629
0.548059
0.548624
0.548053
0.548620
0.548048
0.548615
0.548042
0.548611
0.548037
0.548607
0.548031
0.548602
0.548026
0.548598
0.548020
0.548594
0.548015
0.548590
0.548009
0.548585
0.548004
0.548581
0.547999
0.548577
0.547993
0.548573
0.547988
0.548569
0.547983
0.548565
0.547978
0.548561
0.547972
0.548557
0.547967
0.548552
0.547962
0.548548
0.547957
0.548544
0.547952
0.548541
0.547947
0.548537
0.547941
0.548533
0.547936
0.548529
0.547931
0.548525
0.547926
0.548521
0.547921
0.548517
0.547916
0.548513
0.547911
0.548510
0.547906
0.548506
0.547902
0.548502
0.547897
0.548498
0.547892
0.548495
0.547887
0.548491
0.547882
0.548487
0.547877
0.548484
0.547873
0.548480
0.547868
0.548476
0.547863
0.548473
0.547858
0.548469
0.547854
0.548466
0.547849
0.548462
0.547844
0.548459
0.547840
0.548455
0.547835
0.548452
0.547831
0.548448
0.547826
0.548445
0.547822
0.548442
0.547817
0.548438
0.547813
0.548435
0.547808
0.548432
0.547804
0.548428
0.547799
0.548425
0.547795
0.548422
0.547791
0.548419
0.547786
0.548416
0.547782
0.548412
0.547778
0.548409
0.547774
0.548406
0.547769
0.548403
0.547765
0.548400
0.547761
0.548397
0.547757
0.548394
0.547753
0.548391
0.547749
0.548388
0.547744
0.548385
0.547740
0.548382
0.547736
0.548379
0.547732
0.548376
0.547728
0.548373
0.547724
0.548371
0.547720
0.548368
0.547717
0.548365
0.547713
0.548362
0.547709
0.548360
0.547705
0.548357
0.547701
0.548354
0.547697
0.548351
0.547694
0.548349
0.547690
0.548346
0.547686
0.548344
0.547682
0.548341
0.547679
0.548338
0.547675
0.548336
0.547671
0.548333
0.547668
0.548331
0.547664
0.548328
0.547661
0.548326
0.547657
0.548323
0.547654
0.548321
0.547650
0.548319
0.547647
0.548316
0.547643
0.548314
0.547640
0.548312
0.547637
0.548309
0.547633
0.548307
0.547630
0.548305
0.547627
0.548303
0.547624
0.548301
0.547620
0.548298
0.547617
0.548296
0.547614
0.548294
0.547611
0.548292
0.547608
0.548290
0.547605
0.548288
0.547601
0.548286
0.547598
0.548284
0.547595
0.548282
0.547592
0.548280
0.547589
0.548278
0.547586
0.548276
0.547584
0.548274
0.547581
0.548272
0.547578
0.548271
0.547575
0.548269
0.547572
0.548267
0.547569
0.548265
0.547567
0.548264
0.547564
0.548262
0.547561
0.548260
0.547558
0.548259
0.547556
0.548257
0.547553
0.548255
0.547551
0.548254
0.547548
0.548252
0.547545
0.548251
0.547543
0.548249
0.547540
0.548248
0.547538
0.548246
0.547536
0.548245
0.547533
0.548243
0.547531
0.548242
0.547528
0.548240
0.547526
0.548239
0.547524
0.548238
0.547522
0.548237
0.547519
0.548235
0.547517
0.548234
0.547515
0.548233
0.547513
0.548232
0.547511
0.548230
0.547509
0.548229
0.547507
0.548228
0.547504
0.548227
0.547502
0.548226
0.547501
0.548225
0.547499
0.548224
0.547497
0.548223
0.547495
0.548222
0.547493
0.548221
0.547491
0.548220
0.547489
0.548219
0.547488
0.548218
0.547486
0.548217
0.547484
0.548217
0.547482
0.548216
0.547481
0.548215
0.547479
0.548214
0.547478
0.548214
0.547476
0.548213
0.547474
0.548212
0.547473
0.548212
0.547471
0.548211
0.547470
0.548210
0.547469
0.548210
0.547467
0.547467
0.548209
0.547466
0.548209
0.547465
0.548208
0.547463
0.548208
0.547462
0.548207
0.547461
0.548207
0.547460
0.548207
0.547458
0.548206
0.547457
0.548206
0.547456
0.548206
0.547455
0.548205
0.547454
0.548205
0.547453
0.548205
0.547452
0.548205
0.547451
0.548204
0.547450
0.548204
0.547449
0.548204
0.547449
0.548204
0.547448
0.548204
0.547447
0.548204
0.547446
0.548204
0.547446
0.548204
0.547445
0.548204
0.547444
0.548204
0.547444
0.548204
0.547443
0.548204
0.547443
0.548204
0.547442
0.548205
0.547442
0.548205
0.547441
0.548205
0.547441
0.548205
0.547440
0.548206
0.547440
0.548206
0.547440
0.548206
0.547440
0.548207
0.547439
0.548207
0.547439
0.548207
0.547439
0.548208
0.547439
0.548208
0.547439
0.548209
0.547439
0.548209
0.547439
0.548210
0.547439
0.548210
0.547439
0.548211
0.547439
0.548212
0.547439
0.548212
0.547439
0.548213
0.547439
0.548214
0.547440
0.548214
0.547440
0.548215
0.547440
0.548216
0.547441
0.548217
0.547441
0.548218
0.547441
0.548219
0.547442
0.548219
0.547442
0.548220
0.547443
0.548221
0.547443
0.548222
0.547444
0.548223
0.547445
0.548224
0.547445
0.548225
0.547446
0.548227
0.547447
0.548228
0.547448
0.548229
0.547449
0.548230
0.547449
0.548231
0.547450
0.548233
0.547451
0.548234
0.547452
0.548235
0.547453
0.548236
0.547454
0.548238
0.547456
0.548239
0.547457
0.548241
0.547458
0.548242
0.547459
0.548244
0.547460
0.548245
0.547462
0.548247
0.547463
0.548248
0.547465
0.548250
0.547466
0.548251
0.547468
0.548253
0.547469
0.548255
0.547471
0.548256
0.547472
0.548258
0.547474
0.548260
0.547476
0.548262
0.547477
0.548264
0.547479
0.548266
0.547481
0.548267
0.547483
0.548269
0.547485
0.548271
0.547487
0.548273
0.547489
0.548275
0.547491
0.548277
0.547493
0.548279
0.547495
0.548281
0.547497
0.548284
0.547499
0.548286
0.547502
0.548288
0.547504
0.548290
0.547506
0.548292
0.547509
0.548295
0.547511
0.548297
0.547514
0.548299
0.547516
0.548302
0.547519
0.548304
0.547522
0.548307
0.547524
0.548309
0.547527
0.548312
0.547530
0.548314
0.547533
0.548317
0.547536
0.548319
0.547538
0.548322
0.547541
0.548325
0.547544
0.548327
0.547548
0.548330
0.547551
0.548333
0.547554
0.548335
0.547557
0.548338
0.547560
0.548341
0.547564
0.548344
0.547567
0.548347
0.547570
0.548350
0.547574
0.548353
0.547577
0.548356
0.547581
0.548359
0.547585
0.548362
0.547588
0.548365
0.547592
0.548368
0.547596
0.548371
0.547600
0.548374
0.547604
0.548378
0.547608
0.548381
0.547612
0.548384
0.547616
0.548387
0.547620
0.548391
0.547624
0.548394
0.547628
0.548397
0.547632
0.548401
0.547637
0.548404
0.547641
0.548408
0.547646
0.548411
0.547650
0.548415
0.547655
0.548418
0.547659
0.548422
0.547664
0.548426
0.547669
0.548429
0.547673
0.548433
0.547678
0.548437
0.547683
0.548441
0.547688
0.548444
0.547693
0.548448
0.547698
0.548452
0.547703
0.548456
0.547708
0.548460
0.547714
0.548464
0.547719
0.548468
0.547724
0.548472
0.547730
0.548476
0.547735
0.548480
0.547741
0.548484
0.547746
0.548488
0.547752
0.548493
0.547758
0.548497
0.547764
0.548501
0.547770
0.548505
0.547775
0.548510
0.547781
0.548514
0.547787
0.548518
0.547794
0.548523
0.547800
0.548527
0.547806
0.548531
0.547812
0.548536
0.547819
0.548540
0.547825
0.548545
0.547832
0.548550
0.547838
0.548554
0.547845
0.548559
0.547852
0.548563
0.547859
0.548568
0.547865
0.548573
0.547872
0.548578
0.547879
0.548582
0.547886
0.548587
0.547894
0.548592
0.547901
0.548597
0.547908
0.548602
0.547915
0.548607
0.547923
0.548612
0.547930
0.548617
0.547938
0.548622
0.547946
0.548627
0.547953
0.548632
0.547961
0.548637
0.547969
0.548642
0.547977
0.548647
0.547985
0.548652
0.547993
0.548657
0.548001
0.548662
0.548010
0.548668
0.548018
0.548673
0.548027
0.548678
0.548035
0.548683
0.548044
0.548689
0.548052
0.548694
0.548061
0.548699
0.548070
0.548705
0.548079
0.548710
0.548088
0.548716
0.548097
0.548721
0.548106
0.548727
0.548116
0.548732
0.548125
0.548737
0.548134
0.548743
0.548144
0.548749
0.548154
0.548754
0.548163
0.548760
0.548173
0.548765
0.548183
0.548771
0.548193
0.548776
0.548203
0.548782
0.548214
0.548788
0.548224
0.548793
0.548235
0.548799
0.548245
0.548804
0.548256
0.548810
0.548267
0.548816
0.548277
0.548821
0.548288
0.548827
0.548299
0.548833
0.548311
0.548838
0.548322
0.548844
0.548333
0.548850
0.548345
0.548855
0.548357
0.548861
0.548369
0.548866
0.548381
0.548872
0.548393
0.548878
0.548405
0.548883
0.548417
0.548889
0.548430
0.548894
0.548442
0.548900
0.548455
0.548905
0.548468
0.548910
0.548481
0.548916
0.548494
0.548921
0.548508
0.548926
0.548521
0.548931
0.548535
0.548937
0.548549
0.548942
0.548942
0.548563
0.548947
0.548578
0.548952
0.548592
0.548957
0.548607
0.548961
0.548622
0.548966
0.548637
0.548971
0.548653
0.548975
0.548669
0.548979
0.548685
0.548984
0.548701
0.548988
0.548718
0.548992
0.548735
0.548996
0.548752
0.548999
0.548769
0.549003
0.548787
0.549007
0.548806
0.549010
0.548824
0.549014
0.548843
0.549017
0.548862
0.549021
0.548882
0.549024
0.548901
0.549028
0.548921
0.549032
0.548941
0.549037
0.548961
0.549043
0.548980
0.549049
0.549000
0.549056
0.549018
0.549064
0.549037
0.549073
0.549055
0.549083
0.549072
0.549094
0.549089
0.549106
0.549105
0.549119
0.549121
0.549132
0.549136
0.549146
0.549152
0.549160
0.549167
0.549175
0.549182
0.549190
0.549198
0.549205
0.549213
0.549221
0.549229
0.549236
0.549244
0.549252
0.549260
0.549268
0.549276
0.549284
0.549292
0.549300
0.549309
0.549317
0.549325
0.549334
0.549342
0.549350
0.549359
0.549367
0.549376
0.549385
0.549393
0.549402
0.549411
0.549420
0.549429
0.549438
0.549447
0.549456
0.549465
0.549474
0.549483
0.549492
0.549501
0.549511
0.549520
0.549529
0.549538
0.549547
0.549557
0.549566
0.549575
0.549584
0.549593
0.549602
0.549611
0.549620
0.549628
0.549637
0.549646
0.549654
0.549662
0.549671
0.549679
0.549687
0.549694
0.549702
0.549709
0.549716
0.549723
0.549730
0.549736
0.549742
0.549748
0.549754
0.549760
0.549765
0.549770
0.549774
0.549779
0.549783
0.549787
0.549790
0.549793
0.549796
0.549799
0.549801
0.549803
0.549805
0.549806
0.549808
0.549808
0.549809
0.549809
0.549809
0.549809
0.549808
0.549807
0.549806
0.549805
0.549803
0.549801
0.549799
0.549797
0.549794
0.549791
0.549788
0.549785
0.549781
0.549777
0.549774
0.549770
0.549765
0.549761
0.549756
0.549752
0.549747
0.549742
0.549737
0.549731
0.549726
0.549721
0.549715
0.549710
0.549704
0.549698
0.549692
0.549686
0.549680
0.549674
0.549668
0.549662
0.549656
0.549650
0.549644
0.549638
0.549632
0.549625
0.549619
0.549613
0.549607
0.549601
0.549595
0.549589
0.549583
0.549577
0.549571
0.549565
0.549559
0.549553
0.549547
0.549541
0.549536
0.549530
0.549524
0.549519
0.549513
0.549508
0.549503
0.549497
0.549492
0.549487
0.549482
0.549477
0.549471
0.549466
0.549462
0.549457
0.549452
0.549447
0.549442
0.549438
0.549433
0.549429
0.549424
0.549420
0.549415
0.549411
0.549407
0.549403
0.549398
0.549394
0.549390
0.549386
0.549382
0.549378
0.549374
0.549370
0.549366
0.549363
0.549359
0.549355
0.549351
0.549348
0.549344
0.549340
0.549337
0.549333
0.549330
0.549326
0.549323
0.549319
0.549316
0.549312
0.549309
0.549305
0.549302
0.549299
0.549295
0.549292
0.549288
0.549285
0.549282
0.549278
0.549275
0.549272
0.549269
0.549265
0.549262
0.549259
0.549256
0.549252
0.549249
0.549246
0.549243
0.549239
0.549236
0.549233
0.549230
0.549226
0.549223
0.549220
0.549217
0.549214
0.549210
0.549207
0.549204
0.549201
0.549197
0.549194
0.549191
0.549188
0.549185
0.549181
0.549178
0.549175
0.549172
0.549169
0.549165
0.549162
0.549159
0.549156
0.549153
0.549149
0.549146
0.549143
0.549140
0.549137
0.549133
0.549130
0.549127
0.549124
0.549121
0.549117
0.549114
0.549111
0.549108
0.549105
0.549101
0.549098
0.549095
0.549092
0.549089
0.549085
0.549082
0.549079
0.549076
0.549073
0.549069
0.549066
0.549063
0.549060
0.549057
0.549054
0.549050
0.549047
0.549044
0.549041
0.549038
0.549034
0.549031
0.549028
0.549025
0.549022
0.549019
0.549015
0.549012
0.549009
0.549006
0.549003
0.549000
0.548996
0.548993
0.548990
0.548987
0.548984
0.548980
0.548977
0.548974
0.548971
0.548968
0.548965
0.548961
0.548958
0.548955
0.548952
0.548949
0.548946
0.548942
0.548939
0.548936
0.548933
0.548930
0.548926
0.548923
0.548920
0.548917
0.548914
0.548910
0.548907
0.548904
0.548901
0.548898
0.548894
0.548891
0.548888
0.548885
0.548882
0.548878
0.548875
0.548872
0.548869
0.548866
0.548862
0.548859
0.548856
0.548853
0.548849
0.548846
0.548843
0.548840
0.548836
0.548833
0.548830
0.548827
0.548823
0.548820
0.548817
0.548814
0.548810
0.548807
0.548804
0.548801
0.548797
0.548794
0.548791
0.548788
0.548784
0.548781
0.548778
0.548774
0.548771
0.548768
0.548765
0.548761
0.548758
0.548755
0.548751
0.548748
0.548745
0.548741
0.548738
0.548735
0.548731
0.548728
0.548725
0.548722
0.548718
0.548715
0.548711
0.548708
0.548705
0.548701
0.548698
0.548695
0.548691
0.548688
0.548685
0.548681
0.548678
0.548675
0.548671
0.548668
0.548664
0.548661
0.548658
0.548654
0.548651
0.548647
0.548644
0.548641
0.548637
0.548634
0.548630
0.548627
0.548624
0.548620
0.548617
0.548613
0.548610
0.548606
0.548603
0.548600
0.548596
0.548593
0.548589
0.548586
0.548582
0.548579
0.548575
0.548572
0.548568
0.548568
0.548565
0.548562
0.548558
0.548555
0.548551
0.548548
0.548544
0.548541
0.548537
0.548534
0.548530
0.548527
0.548523
0.548519
0.548516
0.548512
0.548509
0.548505
0.548502
0.548498
0.548495
0.548491
0.548488
0.548484
0.548481
0.548477
0.548473
0.548470
0.548466
0.548463
0.548459
0.548456
0.548452
0.548448
0.548445
0.548441
0.548438
0.548434
0.548430
0.548427
0.548423
0.548419
0.548416
0.548412
0.548409
0.548405
0.548401
0.548398
0.548394
0.548390
0.548387
0.548383
0.548379
0.548376
0.548372
0.548368
0.548365
0.548361
0.548357
0.548354
0.548350
0.548346
0.548343
0.548339
0.548335
0.548331
0.548328
0.548324
0.548320
0.548317
0.548313
0.548309
0.548305
0.548302
0.548298
0.548294
0.548290
0.548287
0.548283
0.548279
0.548275
0.548272
0.548268
0.548264
0.548260
0.548257
0.548253
0.548249
0.548245
0.548241
0.548238
0.548234
0.548230
0.548226
0.548222
0.548219
0.548215
0.548211
0.548207
0.548203
0.548199
0.548196
0.548192
0.548188
0.548184
0.548180
0.548176
0.548172
0.548169
0.548165
0.548161
0.548157
0.548153
0.548149
0.548145
0.548141
0.548137
0.548134
0.548130
0.548126
0.548122
0.548118
0.548114
0.548110
0.548106
0.548102
0.548098
0.548094
0.548090
0.548086
0.548083
0.548079
0.548075
0.548071
0.548067
0.548063
0.548059
0.548055
0.548051
0.548047
0.548043
0.548039
0.548035
0.548031
0.548027
0.548023
0.548019
0.548015
0.548011
0.548007
0.548003
0.547999
0.547995
0.547991
0.547987
0.547983
0.547979
0.547975
0.547970
0.547966
0.547962
0.547958
0.547954
0.547950
0.547946
0.547942
0.547938
0.547934
0.547930
0.547926
0.547922
0.547918
0.547913
0.547909
0.547905
0.547901
0.547897
0.547893
0.547889
0.547885
0.547881
0.547876
0.547872
0.547868
0.547864
0.547860
0.547856
0.547852
0.547847
0.547843
0.547839
0.547835
0.547831
0.547827
0.547822
0.547818
0.547814
0.547810
0.547806
0.547801
0.547797
0.547793
0.547789
0.547785
0.547780
0.547776
0.547772
0.547768
0.547764
0.547759
0.547755
0.547751
0.547747
0.547742
0.547738
0.547734
0.547730
0.547725
0.547721
0.547717
0.547713
0.547708
0.547704
0.547700
0.547696
0.547691
0.547687
0.547683
0.547678
0.547674
0.547670
0.547666
0.547661
0.547657
0.547653
0.547648
0.547644
0.547640
0.547635
0.547631
0.547627
0.547622
0.547618
0.547614
0.547609
0.547605
0.547601
0.547596
0.547592
0.547588
0.547583
0.547579
0.547575
0.547570
0.547566
0.547561
0.547557
0.547553
0.547548
0.547544
0.547540
0.547535
0.547531
0.547526
0.547522
0.547518
0.547513
0.547509
0.547504
0.547500
0.547496
0.547491
0.547487
0.547482
0.547478
0.547473
0.547469
0.547464
0.547460
0.547456
0.547451
0.547447
0.547442
0.547438
0.547433
0.547429
0.547424
0.547420
0.547415
0.547411
0.547407
0.547402
0.547398
0.547393
0.547389
0.547384
0.547380
0.547375
0.547371
0.547366
0.547362
0.547357
0.547353
0.547348
0.547344
0.547339
0.547334
0.547330
0.547325
0.547321
0.547316
0.547312
0.547307
0.547303
0.547298
0.547294
0.547289
0.547285
0.547280
0.547275
0.547271
0.547266
0.547262
0.547257
0.547253
0.547248
0.547243
0.547239
0.547234
0.547230
0.547225
0.547221
0.547216
0.547211
0.547207
0.547202
0.547198
0.547193
0.547188
0.547184
0.547179
0.547175
0.547170
0.547165
0.547161
0.547156
0.547151
0.547147
0.547142
0.547138
0.547133
0.547128
0.547124
0.547119
0.547114
0.547110
0.547105
0.547100
0.547096
0.547091
0.547086
0.547082
0.547077
0.547072
0.547068
0.547063
0.547058
0.547054
0.547049
0.547044
0.547040
0.547035
0.547030
0.547026
0.547021
0.547016
0.547012
0.547007
0.547002
0.546997
0.546993
0.546988
0.546983
0.546979
0.546974
0.546969
0.546965
0.546960
0.546955
0.546950
0.546946
0.546941
0.546936
0.546931
0.546927
0.546922
0.546917
0.546912
0.546908
0.546903
0.546898
0.546893
0.546889
0.546884
0.546879
0.546874
0.546870
0.546865
0.546860
0.546855
0.546850
0.546845
0.546841
0.546836
0.546831
0.546826
0.546821
0.546816
0.546811
0.546807
0.546802
0.546797
0.546792
0.546787
0.546782
0.546777
0.546772
0.546768
0.546763
0.546758
0.546753
0.546748
0.546743
0.546739
0.546734
0.546729
0.546724
0.546719
0.546715
0.546710
0.546705
0.546701
0.546696
0.546692
0.546687
0.546683
0.546678
0.546674
0.546670
0.546666
0.546662
0.546658
0.546654
0.546650
0.546646
0.546642
0.546639
0.546635
0.546632
0.546629
0.546625
0.546622
0.546619
0.546616
0.546614
0.546611
0.546608
0.546606
0.546603
0.546601
0.546598
0.546596
0.546594
0.546591
0.546589
0.546587
0.546584
0.546581
0.546579
0.546576
0.546572
0.546569
0.546565
0.546560
0.546555
0.546550
0.546543
0.546536
0.546528
0.546518
0.546507
0.546495
0.546481
0.546465
0.546447
0.546426
0.546402
0.546374
0.546342
0.546342
0.546304
0.546260
0.546207
0.546147
0.546078
0.546004
0.545927
0.545851
0.545783
0.545724
0.545680
0.545653
0.545646
0.545659
0.545693
0.545749
0.545823
0.545913
0.546015
0.546123
0.546235
0.546348
0.546458
0.546565
0.546668
0.546767
0.546860
0.546948
0.547030
0.547107
0.547178
0.547243
0.547303
0.547356
0.547405
0.547448
0.547486
0.547519
0.547548
0.547571
0.547591
0.547606
0.547618
0.547625
0.547629
0.547630
0.547628
0.547623
0.547615
0.547604
0.547591
0.547575
0.547558
0.547538
0.547516
0.547493
0.547468
0.547441
0.547413
0.547383
0.547352
0.547320
0.547287
0.547253
0.547218
0.547182
0.547146
0.547108
0.547070
0.547031
0.546992
0.546952
0.546912
0.546871
0.546830
0.546788
0.546746
0.546704
0.546662
0.546619
0.546576
0.546533
0.546490
0.546447
0.546404
0.546361
0.546317
0.546274
0.546230
0.546187
0.546144
0.546100
0.546057
0.546014
0.545971
0.545928
0.545885
0.545842
0.545800
0.545757
0.545715
0.545673
0.545630
0.545589
0.545547
0.545505
0.545464
0.545422
0.545381
0.545341
0.545300
0.545259
0.545219
0.545179
0.545139
0.545099
0.545060
0.545020
0.544981
0.544942
0.544903
0.544865
0.544826
0.544788
0.544750
0.544712
0.544675
0.544637
0.544600
0.544563
0.544526
0.544489
0.544453
0.544417
0.544381
0.544345
0.544309
0.544273
0.544238
0.544203
0.544168
0.544133
0.544098
0.544063
0.544029
0.543995
0.543961
0.543927
0.543893
0.543859
0.543826
0.543793
0.543759
0.543726
0.543694
0.543661
0.543628
0.543596
0.543563
0.543531
0.543499
0.543467
0.543435
0.543404
0.543372
0.543341
0.543309
0.543278
0.543247
0.543216
0.543185
0.543154
0.543124
0.543093
0.543062
0.543032
0.543002
0.542972
0.542941
0.542911
0.542882
0.542852
0.542822
0.542792
0.542763
0.542733
0.542704
0.542674
0.542645
0.542616
0.542587
0.542558
0.542529
0.542500
0.542471
0.542442
0.542414
0.542385
0.542356
0.542328
0.542299
0.542271
0.542243
0.542214
0.542186
0.542158
0.542130
0.542101
0.542073
0.542045
0.542017
0.541989
0.541962
0.541934
0.541906
0.541878
0.541850
0.541823
0.541795
0.541767
0.541740
0.541712
0.541685
0.541657
0.541629
0.541602
0.541575
0.541547
0.541520
0.541492
0.541465
0.541438
0.541410
0.541383
0.541356
0.541328
0.541301
0.541274
0.541247
0.541219
0.541192
0.541165
0.541138
0.541111
0.541084
0.541056
0.541029
0.541002
0.540975
0.540948
0.540921
0.540893
0.540866
0.540839
0.540812
0.540785
0.540758
0.540730
0.540703
0.540676
0.540649
0.540622
0.540595
0.540567
0.540540
0.540513
0.540486
0.540459
0.540431
0.540404
0.540377
0.540350
0.540322
0.540295
0.540268
0.540240
0.540213
0.540186
0.540158
0.540131
0.540104
0.540076
0.540049
0.540021
0.539994
0.539967
0.539939
0.539912
0.539884
0.539857
0.539829
0.539801
0.539774
0.539746
0.539719
0.539691
0.539663
0.539636
0.539608
0.539580
0.539552
0.539525
0.539497
0.539469
0.539441
0.539413
0.539386
0.539358
0.539330
0.539302
0.539274
0.539246
0.539218
0.539190
0.539162
0.539134
0.539106
0.539078
0.539049
0.539021
0.538993
0.538965
0.538937
0.538908
0.538880
0.538852
0.538824
0.538795
0.538767
0.538739
0.538710
0.538682
0.538653
0.538625
0.538597
0.538568
0.538540
0.538511
0.538482
0.538454
0.538425
0.538397
0.538368
0.538339
0.538311
0.538282
0.538253
0.538225
0.538196
0.538167
0.538138
0.538110
0.538081
0.538052
0.538023
0.537994
0.537965
0.537936
0.537908
0.537879
0.537850
0.537821
0.537792
0.537763
0.537734
0.537705
0.537676
0.537647
0.537618
0.537588
0.537559
0.537530
0.537501
0.537472
0.537443
0.537414
0.537385
0.537355
0.537326
0.537297
0.537268
0.537238
0.537209
0.537180
0.537151
0.537121
0.537092
0.537063
0.537033
0.537004
0.536975
0.536945
0.536916
0.536887
0.536857
0.536828
0.536799
0.536769
0.536740
0.536710
0.536681
0.536652
0.536622
0.536593
0.536563
0.536534
0.536504
0.536475
0.536446
0.536416
0.536387
0.536357
0.536328
0.536298
0.536269
0.536239
0.536210
0.536180
0.536151
0.536121
0.536092
0.536062
0.536033
0.536003
0.535974
0.535944
0.535915
0.535885
0.535856
0.535826
0.535797
0.535767
0.535738
0.535708
0.535679
0.535649
0.535619
0.535590
0.535560
0.535531
0.535501
0.535472
0.535442
0.535413
0.535383
0.535354
0.535324
0.535295
0.535266
0.535236
0.535207
0.535177
0.535148
0.535118
0.535089
0.535059
0.535030
0.535000
0.534971
0.534942
0.534912
0.534883
0.534853
0.534824
0.534795
0.534765
0.534736
0.534706
0.534677
0.534648
0.534618
0.534589
0.534560
0.534530
0.534501
0.534472
0.534443
0.534413
0.534384
0.534355
0.534325
0.534296
0.534267
0.534238
0.534209
0.534179
0.534150
0.534121
0.534092
0.534063
0.534034
0.534005
0.533976
0.533946
0.533917
0.533888
0.533859
0.533830
0.533801
0.533801
