-0.397090
0.099510
0.124588
0.121127
0.118215
0.116363
0.115172
0.114264
0.113449
0.112661
0.111887
0.111132
0.110403
0.109707
0.109047
0.108426
0.107846
0.107306
0.106807
0.106347
0.105928
0.105548
0.105206
0.104904
0.104640
0.104416
0.104232
0.104087
0.103984
0.103922
0.103901
0.103923
0.103986
0.104092
0.104238
0.104426
0.104653
0.104918
0.105220
0.105557
0.105928
0.106331
0.106762
0.107222
0.107707
0.108215
0.108744
0.109294
0.109861
0.110444
0.111041
0.111652
0.112274
0.112907
0.113550
0.114201
0.114860
0.115526
0.116199
0.116878
0.117562
0.118252
0.118947
0.119646
0.120349
0.121055
0.121764
0.122473
0.123182
0.123889
0.124593
0.125292
0.125982
0.126663
0.127332
0.127985
0.128621
0.129237
0.129830
0.130398
0.130939
0.131450
0.131930
0.132376
0.132788
0.133163
0.133502
0.133803
0.134065
0.134288
0.134472
0.134617
0.134723
0.134790
0.134819
0.134810
0.134765
0.134683
0.134565
0.134414
0.134229
0.134011
0.133763
0.133484
0.133176
0.132841
0.132479
0.132092
0.131681
0.131248
0.130793
0.130318
0.129825
0.129314
0.128787
0.128245
0.127690
0.127123
0.126545
0.125957
0.125361
0.124757
0.124148
0.123533
0.122915
0.122294
0.121672
0.121048
0.120426
0.119804
0.119185
0.118569
0.117957
0.117350
0.116748
0.116153
0.115565
0.114984
0.114412
0.113849
0.113295
0.112751
0.112217
0.111694
0.111183
0.110683
0.110195
0.109718
0.109255
0.108804
0.108365
0.107940
0.107528
0.107129
0.106743
0.106370
0.106011
0.105665
0.105332
0.105013
0.104706
0.104413
0.104133
0.103866
0.103612
0.103370
0.103141
0.102924
0.102720
0.102528
0.102347
0.102179
0.102022
0.101876
0.101742
0.101618
0.101505
0.101403
0.101312
0.101230
0.101159
0.101098
0.101046
0.101004
0.100970
0.100947
0.100931
0.100925
0.100927
0.100938
0.100957
0.100983
0.101018
0.101060
0.101110
0.101167
0.101231
0.101302
0.101381
0.101465
0.101557
0.101655
0.101759
0.101869
0.101985
0.102108
0.102235
0.102369
0.102508
0.102652
0.102802
0.102957
0.103116
0.103281
0.103450
0.103625
0.103803
0.103986
0.104174
0.104366
0.104562
0.104762
0.104966
0.105173
0.105385
0.105600
0.105819
0.106042
0.106268
0.106497
0.106730
0.106965
0.107204
0.107446
0.107691
0.107939
0.108190
0.108443
0.108699
0.108958
0.109219
0.109482
0.109748
0.110017
0.110287
0.110560
0.110835
0.111112
0.111391
0.111672
0.111955
0.112240
0.112526
0.112814
0.113104
0.113395
0.113688
0.113982
0.114278
0.114575
0.114874
0.115173
0.115474
0.115776
0.116079
0.116383
0.116688
0.116994
0.117301
0.117609
0.117917
0.118227
0.118537
0.118847
0.119158
0.119470
0.119782
0.120095
0.120408
0.120721
0.121035
0.121349
0.121663
0.121977
0.122292
0.122606
0.122921
0.123235
0.123549
0.123864
0.124178
0.124492
0.124806
0.125119
0.125432
0.125745
0.126057
0.126369
0.126681
0.126992
0.127302
0.127612
0.127921
0.128230
0.128537
0.128844
0.129150
0.129456
0.129760
0.130064
0.130366
0.130668
0.130969
0.131268
0.131567
0.131864
0.132160
0.132455
0.132748
0.133041
0.133332
0.133621
0.133909
0.134196
0.134481
0.134765
0.135047
0.135327
0.135606
0.135883
0.136158
0.136431
0.136702
0.136972
0.137239
0.137504
0.137767
0.138028
0.138286
0.138542
0.138796
0.139047
0.139296
0.139542
0.139785
0.140025
0.140263
0.140498
0.140729
0.140958
0.141184
0.141407
0.141628
0.141846
0.142061
0.142275
0.142488
0.142701
0.142914
0.143128
0.143346
0.143568
0.143795
0.144028
0.144269
0.144517
0.144773
0.145036
0.145307
0.145585
0.145869
0.146158
0.146452
0.146748
0.147047
0.147345
0.147642
0.147936
0.148226
0.148511
0.148790
0.149063
0.149328
0.149587
0.149838
0.150081
0.150318
0.150547
0.150770
0.150987
0.151197
0.151401
0.151600
0.151793
0.151981
0.152164
0.152343
0.152517
0.152687
0.152853
0.153016
0.153174
0.153329
0.153480
0.153628
0.153773
0.153915
0.154054
0.154190
0.154323
0.154454
0.154582
0.154707
0.154829
0.154949
0.155066
0.155181
0.155293
0.155403
0.155511
0.155616
0.155718
0.155818
0.155916
0.156011
0.156104
0.156194
0.156282
0.156367
0.156450
0.156531
0.156609
0.156685
0.156758
0.156829
0.156897
0.156963
0.157026
0.157087
0.157145
0.157201
0.157255
0.157305
0.157353
0.157399
0.157442
0.157483
0.157520
0.157556
0.157588
0.157618
0.157646
0.157670
0.157692
0.157711
0.157728
0.157742
0.157753
0.157761
0.157766
0.157769
0.157769
0.157766
0.157760
0.157751
0.157740
0.157725
0.157708
0.157687
0.157664
0.157637
0.157608
0.157575
0.157540
0.157501
0.157459
0.157414
0.157366
0.157315
0.157261
0.157203
0.157142
0.157078
0.157010
0.156939
0.156865
0.156787
0.156706
0.156621
0.156533
0.156442
0.156347
0.156248
0.156146
0.156040
0.155931
0.155818
0.155701
0.155581
0.155456
0.155456
0.155328
0.155196
0.155061
0.154921
0.154778
0.154631
0.154480
0.154324
0.154165
0.154002
0.153835
0.153664
0.153489
0.153309
0.153126
0.152938
0.152747
0.152551
0.152351
0.152147
0.151938
0.151726
0.151509
0.151288
0.151063
0.150834
0.150601
0.150363
0.150121
0.149875
0.149625
0.149371
0.149112
0.148850
0.148583
0.148313
0.148038
0.147760
0.147477
0.147191
0.146901
0.146607
0.146310
0.146009
0.145704
0.145395
0.145084
0.144769
0.144451
0.144129
0.143805
0.143477
0.143147
0.142814
0.142478
0.142140
0.141799
0.141456
0.141111
0.140764
0.140415
0.140065
0.139713
0.139359
0.139005
0.138649
0.138292
0.137935
0.137577
0.137219
0.136860
0.136502
0.136143
0.135786
0.135428
0.135072
0.134716
0.134361
0.134008
0.133657
0.133307
0.132959
0.132613
0.132270
0.131929
0.131591
0.131256
0.130924
0.130595
0.130270
0.129949
0.129632
0.129318
0.129010
0.128705
0.128405
0.128110
0.127821
0.127536
0.127257
0.126983
0.126715
0.126453
0.126197
0.125947
0.125704
0.125467
0.125236
0.125013
0.124796
0.124586
0.124384
0.124188
0.124000
0.123820
0.123647
0.123482
0.123325
0.123175
0.123034
0.122900
0.122775
0.122658
0.122549
0.122449
0.122357
0.122274
0.122199
0.122133
0.122075
0.122026
0.121986
0.121955
0.121932
0.121919
0.121914
0.121918
0.121932
0.121954
0.121985
0.122025
0.122074
0.122133
0.122200
0.122276
0.122362
0.122457
0.122560
0.122673
0.122795
0.122926
0.123066
0.123215
0.123374
0.123541
0.123718
0.123903
0.124098
0.124301
0.124514
0.124736
0.124966
0.125206
0.125454
0.125712
0.125978
0.126254
0.126538
0.126831
0.127133
0.127444
0.127763
0.128092
0.128429
0.128774
0.129129
0.129492
0.129864
0.130244
0.130633
0.131030
0.131436
0.131850
0.132273
0.132704
0.133144
0.133592
0.134048
0.134513
0.134985
0.135466
0.135955
0.136452
0.136957
0.137470
0.137991
0.138520
0.139057
0.139601
0.140154
0.140714
0.141281
0.141857
0.142440
0.143030
0.143628
0.144233
0.144846
0.145466
0.146093
0.146727
0.147368
0.148017
0.148672
0.149334
0.150003
0.150679
0.151362
0.152051
0.152747
0.153449
0.154158
0.154873
0.155594
0.156322
0.157055
0.157795
0.158541
0.159293
0.160050
0.160813
0.161582
0.162357
0.163137
0.163922
0.164713
0.165509
0.166310
0.167117
0.167928
0.168744
0.169565
0.170391
0.171221
0.172056
0.172896
0.173740
0.174588
0.175440
0.176297
0.177157
0.178022
0.178890
0.179762
0.180638
0.181517
0.182400
0.183286
0.184176
0.185068
0.185964
0.186863
0.187765
0.188669
0.189577
0.190487
0.191400
0.192315
0.193232
0.194152
0.195074
0.195998
0.196924
0.197853
0.198783
0.199715
0.200648
0.201583
0.202520
0.203458
0.204398
0.205339
0.206281
0.207224
0.208168
0.209113
0.210059
0.211006
0.211953
0.212902
0.213850
0.214800
0.215749
0.216700
0.217650
0.218601
0.219551
0.220502
0.221453
0.222404
0.223354
0.224305
0.225255
0.226205
0.227154
0.228103
0.229052
0.230000
0.230947
0.231894
0.232840
0.233785
0.234729
0.235673
0.236615
0.237557
0.238497
0.239436
0.240374
0.241311
0.242247
0.243181
0.244114
0.245046
0.245976
0.246905
0.247832
0.248758
0.249682
0.250604
0.251525
0.252444
0.253362
0.254277
0.255191
0.256103
0.257013
0.257921
0.258827
0.259731
0.260633
0.261533
0.262431
0.263327
0.264221
0.265112
0.266002
0.266889
0.267774
0.268657
0.269537
0.270416
0.271292
0.272165
0.273036
0.273905
0.274772
0.275636
0.276497
0.277357
0.278213
0.279068
0.279919
0.280769
0.281615
0.282459
0.283301
0.284140
0.284977
0.285810
0.286642
0.287470
0.288297
0.289120
0.289941
0.290759
0.291574
0.292387
0.293197
0.294005
0.294810
0.295612
0.296411
0.297208
0.298002
0.298793
0.299582
0.300368
0.301151
0.301931
0.302709
0.303484
0.304256
0.305025
0.305792
0.306556
0.307317
0.308075
0.308831
0.309584
0.310334
0.311081
0.311826
0.312568
0.313307
0.314044
0.314777
0.315508
0.316236
0.316962
0.317684
0.318404
0.319121
0.319836
0.320547
0.321256
0.321963
0.322666
0.323367
0.324065
0.324760
0.325453
0.326143
0.326830
0.327515
0.328197
0.328876
0.329552
0.330226
0.330897
0.331566
0.332231
0.332895
0.333555
0.334213
0.334868
0.335521
0.336171
0.336818
0.337463
0.338105
0.338745
0.339382
0.340016
0.340648
0.341277
0.341904
0.342528
0.343149
0.343769
0.344385
0.344999
0.345611
0.346220
0.346826
0.347431
0.348032
0.348631
0.349228
0.349822
0.350414
0.351004
0.351591
0.352175
0.352758
0.353337
0.353915
0.354490
0.355063
0.355634
0.356202
0.356768
0.357333
0.357896
0.358461
0.359035
0.359644
0.360362
0.361145
0.361769
0.362813
0.365166
0.365539
0.366091
0.366668
0.367041
0.367346
0.367677
0.368079
0.368553
0.369079
0.369631
0.370185
0.370726
0.371246
0.371744
0.372222
0.372685
0.373136
0.373136
0.373578
0.374016
0.374450
0.374882
0.375314
0.375746
0.376178
0.376612
0.377046
0.377481
0.377918
0.378355
0.378793
0.379232
0.379671
0.380111
0.380550
0.380989
0.381429
0.381868
0.382306
0.382745
0.383182
0.383620
0.384056
0.384493
0.384928
0.385363
0.385798
0.386232
0.386665
0.387097
0.387529
0.387960
0.388390
0.388819
0.389247
0.389675
0.390101
0.390527
0.390952
0.391375
0.391798
0.392219
0.392640
0.393059
0.393477
0.393894
0.394310
0.394725
0.395138
0.395550
0.395961
0.396371
0.396779
0.397186
0.397592
0.397996
0.398399
0.398800
0.399200
0.399599
0.399996
0.400392
0.400786
0.401179
0.401571
0.401960
0.402349
0.402736
0.403121
0.403505
0.403888
0.404269
0.404648
0.405026
0.405402
0.405777
0.406150
0.406522
0.406892
0.407261
0.407628
0.407993
0.408357
0.408720
0.409080
0.409440
0.409797
0.410154
0.410508
0.410861
0.411213
0.411563
0.411911
0.412258
0.412603
0.412946
0.413289
0.413629
0.413968
0.414305
0.414641
0.414975
0.415308
0.415639
0.415968
0.416296
0.416623
0.416947
0.417271
0.417592
0.417912
0.418231
0.418548
0.418863
0.419176
0.419489
0.419799
0.420108
0.420415
0.420721
0.421025
0.421327
0.421628
0.421927
0.422225
0.422521
0.422815
0.423108
0.423399
0.423689
0.423976
0.424262
0.424547
0.424829
0.425110
0.425390
0.425667
0.425943
0.426217
0.426490
0.426761
0.427029
0.427297
0.427562
0.427826
0.428087
0.428347
0.428606
0.428862
0.429116
0.429369
0.429620
0.429869
0.430116
0.430361
0.430604
0.430845
0.431084
0.431322
0.431557
0.431791
0.432022
0.432252
0.432479
0.432705
0.432929
0.433150
0.433370
0.433587
0.433803
0.434017
0.434228
0.434438
0.434646
0.434852
0.435056
0.435258
0.435457
0.435656
0.435851
0.436048
0.436231
0.436461
0.436499
0.437512
0.437186
0.440127
0.440200
0.440034
0.440594
0.441066
0.441472
0.441841
0.442011
0.442151
0.442133
0.442234
0.442189
0.442437
0.442368
0.442966
0.442778
0.443969
0.443819
0.444708
0.444744
0.445386
0.445481
0.446073
0.446122
0.446644
0.446616
0.447095
0.447016
0.447519
0.447416
0.447989
0.447881
0.448517
0.448420
0.449074
0.448998
0.449628
0.449568
0.450166
0.450108
0.450680
0.450612
0.451172
0.451089
0.451651
0.451556
0.452130
0.452028
0.452615
0.452513
0.453106
0.453006
0.453598
0.453500
0.454085
0.453987
0.454567
0.454465
0.455042
0.454936
0.455513
0.455402
0.455982
0.455868
0.456450
0.456335
0.456918
0.456802
0.457386
0.457269
0.457851
0.457732
0.458314
0.458193
0.458774
0.458652
0.459233
0.459108
0.459690
0.459564
0.460146
0.460018
0.460600
0.460471
0.461053
0.460923
0.461505
0.461374
0.461955
0.461822
0.462403
0.462269
0.462850
0.462715
0.463295
0.463160
0.463739
0.463603
0.464182
0.464044
0.464623
0.464485
0.465063
0.464924
0.465501
0.465361
0.465938
0.465798
0.466373
0.466232
0.466807
0.466666
0.467239
0.467098
0.467671
0.467529
0.468100
0.467958
0.468529
0.468387
0.468955
0.468813
0.469381
0.469239
0.469805
0.469663
0.470228
0.470086
0.470649
0.470507
0.471069
0.470927
0.471487
0.471346
0.471904
0.471764
0.472320
0.472180
0.472734
0.472595
0.473147
0.473009
0.473559
0.473421
0.473969
0.473832
0.474378
0.474242
0.474785
0.474650
0.475191
0.475057
0.475596
0.475463
0.476000
0.475868
0.476402
0.476272
0.476802
0.476674
0.477202
0.477075
0.477600
0.477474
0.477997
0.477873
0.478392
0.478270
0.478786
0.478666
0.479179
0.479061
0.479571
0.479454
0.479961
0.479847
0.480350
0.480238
0.480737
0.480628
0.481124
0.481016
0.481509
0.481404
0.481893
0.481790
0.482275
0.482175
0.482656
0.482559
0.483036
0.482942
0.483415
0.483323
0.483792
0.483704
0.484169
0.484083
0.484544
0.484461
0.484917
0.484838
0.485290
0.485213
0.485661
0.485588
0.486031
0.485961
0.486400
0.486333
0.486767
0.486704
0.487133
0.487074
0.487499
0.487443
0.487862
0.487811
0.488225
0.488177
0.488587
0.488543
0.488947
0.488907
0.489306
0.489270
0.489664
0.489632
0.490021
0.489993
0.490376
0.490353
0.490731
0.490712
0.491084
0.491069
0.491436
0.491426
0.491787
0.491781
0.492137
0.492136
0.492486
0.492489
0.492833
0.492841
0.493179
0.493192
0.493525
0.493542
0.493869
0.493891
0.494212
0.494239
0.494554
0.494586
0.494895
0.494931
0.495235
0.495276
0.495574
0.495620
0.495911
0.495962
0.496248
0.496304
0.496583
0.496644
0.496918
0.496983
0.497251
0.497322
0.497584
0.497659
0.497915
0.497995
0.498246
0.498331
0.498575
0.498665
0.498903
0.498998
0.499231
0.499330
0.499557
0.499662
0.499882
0.499992
0.500207
0.500321
0.500530
0.500649
0.500853
0.500976
0.501174
0.501302
0.501495
0.501627
0.501814
0.501952
0.502133
0.502275
0.502451
0.502597
0.502768
0.502918
0.503084
0.503238
0.503399
0.503558
0.503713
0.503713
0.503876
0.504026
0.504193
0.504339
0.504510
0.504650
0.504825
0.504961
0.505139
0.505271
0.505453
0.505580
0.505765
0.505888
0.506077
0.506195
0.506387
0.506501
0.506697
0.506807
0.507006
0.507112
0.507313
0.507416
0.507620
0.507719
0.507926
0.508021
0.508231
0.508323
0.508535
0.508624
0.508838
0.508924
0.509140
0.509223
0.509442
0.509522
0.509742
0.509820
0.510041
0.510117
0.510340
0.510413
0.510637
0.510709
0.510934
0.511004
0.511230
0.511298
0.511525
0.511592
0.511819
0.511885
0.512112
0.512177
0.512405
0.512469
0.512696
0.512761
0.512987
0.513052
0.513277
0.513342
0.513566
0.513633
0.513855
0.513922
0.514143
0.514212
0.514431
0.514502
0.514718
0.514792
0.515006
0.515083
0.515293
0.515375
0.515581
0.515668
0.515871
0.515964
0.516162
0.516263
0.516457
0.516567
0.516757
0.516877
0.517065
0.517197
0.517383
0.517529
0.517715
0.517875
0.518063
0.518239
0.518432
0.518621
0.518821
0.519022
0.519231
0.519444
0.519661
0.519882
0.520106
0.520332
0.520560
0.520789
0.521018
0.521245
0.521470
0.521692
0.521910
0.522124
0.522333
0.522537
0.522736
0.522930
0.523118
0.523302
0.523481
0.523655
0.523826
0.523992
0.524154
0.524313
0.524469
0.524622
0.524773
0.524921
0.525067
0.525211
0.525353
0.525493
0.525632
0.525769
0.525905
0.526040
0.526174
0.526307
0.526439
0.526570
0.526700
0.526830
0.526958
0.527087
0.527214
0.527341
0.527468
0.527594
0.527720
0.527845
0.527969
0.528093
0.528217
0.528341
0.528464
0.528586
0.528708
0.528830
0.528952
0.529073
0.529194
0.529314
0.529434
0.529554
0.529674
0.529793
0.529912
0.530030
0.530148
0.530266
0.530384
0.530502
0.530619
0.530736
0.530852
0.530968
0.531084
0.531200
0.531316
0.531431
0.531546
0.531661
0.531775
0.531889
0.532003
0.532117
0.532230
0.532343
0.532456
0.532569
0.532681
0.532794
0.532906
0.533017
0.533129
0.533240
0.533351
0.533462
0.533572
0.533683
0.533793
0.533903
0.534012
0.534122
0.534231
0.534340
0.534449
0.534558
0.534666
0.534774
0.534882
0.534990
0.535097
0.535205
0.535312
0.535419
0.535525
0.535632
0.535738
0.535844
0.535950
0.536056
0.536162
0.536267
0.536372
0.536477
0.536582
0.536686
0.536791
0.536895
0.536999
0.537103
0.537206
0.537310
0.537413
0.537516
0.537619
0.537722
0.537825
0.537927
0.538029
0.538131
0.538233
0.538335
0.538436
0.538538
0.538639
0.538740
0.538841
0.538941
0.539042
0.539142
0.539243
0.539343
0.539442
0.539542
0.539642
0.539741
0.539840
0.539939
0.540038
0.540137
0.540236
0.540334
0.540432
0.540530
0.540628
0.540726
0.540824
0.540921
0.541019
0.541116
0.541213
0.541310
0.541407
0.541503
0.541600
0.541696
0.541792
0.541888
0.541984
0.542080
0.542176
0.542271
0.542366
0.542462
0.542557
0.542652
0.542746
0.542841
0.542935
0.543030
0.543124
0.543218
0.543312
0.543406
0.543500
0.543593
0.543686
0.543780
0.543873
0.543966
0.544059
0.544151
0.544244
0.544337
0.544429
0.544521
0.544613
0.544705
0.544797
0.544889
0.544980
0.545072
0.545163
0.545254
0.545345
0.545436
0.545527
0.545618
0.545708
0.545799
0.545889
0.545979
0.546069
0.546159
0.546249
0.546339
0.546429
0.546518
0.546607
0.546697
0.546786
0.546875
0.546964
0.547052
0.547141
0.547230
0.547318
0.547406
0.547495
0.547583
0.547671
0.547758
0.547846
0.547934
0.548021
0.548109
0.548196
0.548283
0.548370
0.548457
0.548544
0.548631
0.548717
0.548804
0.548890
0.548976
0.549062
0.549149
0.549234
0.549320
0.549406
0.549492
0.549577
0.549663
0.549748
0.549833
0.549918
0.550003
0.550088
0.550173
0.550257
0.550342
0.550426
0.550511
0.550595
0.550679
0.550763
0.550847
0.550931
0.551015
0.551098
0.551182
0.551265
0.551348
0.551432
0.551515
0.551598
0.551681
0.551763
0.551846
0.551929
0.552011
0.552094
0.552176
0.552258
0.552340
0.552422
0.552504
0.552586
0.552668
0.552749
0.552831
0.552912
0.552993
0.553075
0.553156
0.553237
0.553318
0.553399
0.553479
0.553560
0.553640
0.553721
0.553801
0.553882
0.553962
0.554042
0.554122
0.554202
0.554281
0.554361
0.554441
0.554520
0.554600
0.554679
0.554758
0.554837
0.554916
0.554995
0.555074
0.555153
0.555231
0.555310
0.555388
0.555467
0.555545
0.555623
0.555701
0.555779
0.555857
0.555935
0.556013
0.556091
0.556168
0.556246
0.556323
0.556400
0.556478
0.556555
0.556632
0.556709
0.556786
0.556862
0.556939
0.557016
0.557092
0.557169
0.557245
0.557321
0.557397
0.557473
0.557549
0.557625
0.557701
0.557777
0.557852
0.557928
0.558003
0.558079
0.558154
0.558229
0.558304
0.558379
0.558454
0.558529
0.558604
0.558679
0.558753
0.558828
0.558902
0.558976
0.559051
0.559125
0.559199
0.559273
0.559347
0.559421
0.559494
0.559568
0.559642
0.559715
0.559789
0.559862
0.559935
0.560008
0.560008
0.560081
0.560154
0.560227
0.560300
0.560373
0.560446
0.560518
0.560591
0.560663
0.560736
0.560808
0.560880
0.560952
0.561024
0.561096
0.561168
0.561240
0.561311
0.561383
0.561454
0.561526
0.561597
0.561669
0.561740
0.561811
0.561882
0.561953
0.562024
0.562095
0.562165
0.562236
0.562307
0.562377
0.562448
0.562518
0.562588
0.562658
0.562728
0.562798
0.562868
0.562938
0.563008
0.563078
0.563147
0.563217
0.563286
0.563356
0.563425
0.563494
0.563563
0.563633
0.563702
0.563770
0.563839
0.563908
0.563977
0.564045
0.564114
0.564182
0.564251
0.564319
0.564387
0.564455
0.564524
0.564592
0.564659
0.564727
0.564795
0.564863
0.564930
0.564998
0.565065
0.565133
0.565200
0.565267
0.565334
0.565402
0.565469
0.565536
0.565602
0.565669
0.565736
0.565803
0.565869
0.565936
0.566002
0.566068
0.566135
0.566201
0.566267
0.566333
0.566399
0.566465
0.566531
0.566596
0.566662
0.566728
0.566793
0.566859
0.566924
0.566989
0.567054
0.567120
0.567185
0.567250
0.567315
0.567379
0.567444
0.567509
0.567574
0.567638
0.567703
0.567767
0.567831
0.567896
0.567960
0.568024
0.568088
0.568152
0.568216
0.568280
0.568343
0.568407
0.568471
0.568534
0.568598
0.568661
0.568725
0.568788
0.568851
0.568914
0.568977
0.569040
0.569103
0.569166
0.569229
0.569291
0.569354
0.569416
0.569479
0.569541
0.569604
0.569666
0.569728
0.569790
0.569852
0.569914
0.569976
0.570038
0.570100
0.570161
0.570223
0.570285
0.570346
0.570407
0.570469
0.570530
0.570591
0.570652
0.570713
0.570774
0.570835
0.570896
0.570957
0.571018
0.571078
0.571139
0.571199
0.571260
0.571320
0.571381
0.571441
0.571501
0.571561
0.571621
0.571681
0.571741
0.571801
0.571860
0.571920
0.571980
0.572039
0.572099
0.572158
0.572217
0.572277
0.572336
0.572395
0.572454
0.572513
0.572572
0.572631
0.572690
0.572748
0.572807
0.572865
0.572924
0.572982
0.573041
0.573099
0.573157
0.573215
0.573274
0.573332
0.573390
0.573447
0.573505
0.573563
0.573621
0.573678
0.573736
0.573793
0.573851
0.573908
0.573966
0.574023
0.574080
0.574137
0.574194
0.574251
0.574308
0.574365
0.574422
0.574478
0.574535
0.574591
0.574648
0.574704
0.574761
0.574817
0.574873
0.574929
0.574985
0.575042
0.575097
0.575153
0.575209
0.575265
0.575321
0.575376
0.575432
0.575487
0.575543
0.575598
0.575654
0.575709
0.575764
0.575819
0.575874
0.575929
0.575984
0.576039
0.576094
0.576148
0.576203
0.576258
0.576312
0.576367
0.576421
0.576475
0.576530
0.576584
0.576638
0.576692
0.576746
0.576800
0.576854
0.576908
0.576961
0.577015
0.577069
0.577122
0.577176
0.577229
0.577283
0.577336
0.577389
0.577442
0.577495
0.577549
0.577601
0.577654
0.577707
0.577760
0.577813
0.577865
0.577918
0.577971
0.578023
0.578076
0.578128
0.578180
0.578232
0.578285
0.578337
0.578389
0.578441
0.578493
0.578544
0.578596
0.578648
0.578700
0.578751
0.578803
0.578854
0.578906
0.578957
0.579008
0.579059
0.579111
0.579162
0.579213
0.579264
0.579315
0.579365
0.579416
0.579467
0.579518
0.579568
0.579619
0.579669
0.579720
0.579770
0.579820
0.579871
0.579921
0.579971
0.580021
0.580071
0.580121
0.580171
0.580221
0.580270
0.580320
0.580370
0.580419
0.580469
0.580518
0.580567
0.580617
0.580666
0.580715
0.580764
0.580813
0.580862
0.580911
0.580960
0.581009
0.581058
0.581107
0.581155
0.581204
0.581252
0.581301
0.581349
0.581398
0.581446
0.581494
0.581542
0.581590
0.581638
0.581686
0.581734
0.581782
0.581830
0.581878
0.581925
0.581973
0.582021
0.582068
0.582116
0.582163
0.582210
0.582258
0.582305
0.582352
0.582399
0.582446
0.582493
0.582540
0.582587
0.582634
0.582681
0.582727
0.582774
0.582820
0.582867
0.582913
0.582960
0.583006
0.583052
0.583099
0.583145
0.583191
0.583237
0.583283
0.583329
0.583375
0.583421
0.583466
0.583512
0.583558
0.583603
0.583649
0.583694
0.583740
0.583785
0.583830
0.583876
0.583921
0.583966
0.584011
0.584056
0.584101
0.584146
0.584191
0.584235
0.584280
0.584325
0.584369
0.584414
0.584458
0.584503
0.584547
0.584592
0.584636
0.584680
0.584724
0.584768
0.584812
0.584856
0.584900
0.584944
0.584988
0.585032
0.585075
0.585119
0.585163
0.585206
0.585250
0.585293
0.585336
0.585380
0.585423
0.585466
0.585509
0.585552
0.585595
0.585638
0.585681
0.585724
0.585767
0.585810
0.585853
0.585895
0.585938
0.585980
0.586023
0.586065
0.586108
0.586150
0.586192
0.586234
0.586276
0.586319
0.586361
0.586403
0.586445
0.586486
0.586528
0.586570
0.586612
0.586653
0.586695
0.586737
0.586778
0.586819
0.586861
0.586902
0.586943
0.586985
0.587026
0.587067
0.587108
0.587149
0.587190
0.587231
0.587272
0.587313
0.587353
0.587394
0.587435
0.587475
0.587516
0.587556
0.587597
0.587637
0.587677
0.587718
0.587718
0.587758
0.587798
0.587838
0.587878
0.587918
0.587958
0.587998
0.588038
0.588077
0.588117
0.588157
0.588196
0.588236
0.588276
0.588315
0.588354
0.588394
0.588433
0.588472
0.588512
0.588551
0.588590
0.588629
0.588668
0.588707
0.588746
0.588785
0.588823
0.588862
0.588901
0.588939
0.588978
0.589016
0.589055
0.589093
0.589132
0.589170
0.589208
0.589247
0.589285
0.589323
0.589361
0.589399
0.589437
0.589475
0.589513
0.589550
0.589588
0.589626
0.589664
0.589701
0.589739
0.589776
0.589814
0.589851
0.589888
0.589926
0.589963
0.590000
0.590037
0.590074
0.590111
0.590148
0.590185
0.590222
0.590259
0.590296
0.590333
0.590369
0.590406
0.590443
0.590479
0.590516
0.590552
0.590588
0.590625
0.590661
0.590697
0.590733
0.590770
0.590806
0.590842
0.590878
0.590914
0.590949
0.590985
0.591021
0.591057
0.591093
0.591128
0.591164
0.591199
0.591235
0.591270
0.591306
0.591341
0.591376
0.591412
0.591447
0.591482
0.591517
0.591552
0.591587
0.591622
0.591657
0.591692
0.591727
0.591761
0.591796
0.591831
0.591865
0.591900
0.591934
0.591969
0.592003
0.592038
0.592072
0.592106
0.592140
0.592175
0.592209
0.592243
0.592277
0.592311
0.592345
0.592379
0.592412
0.592446
0.592480
0.592514
0.592547
0.592581
0.592614
0.592648
0.592681
0.592715
0.592748
0.592781
0.592815
0.592848
0.592881
0.592914
0.592947
0.592980
0.593013
0.593046
0.593079
0.593112
0.593145
0.593177
0.593210
0.593243
0.593275
0.593308
0.593340
0.593373
0.593405
0.593438
0.593470
0.593502
0.593534
0.593567
0.593599
0.593631
0.593663
0.593695
0.593727
0.593759
0.593791
0.593822
0.593854
0.593886
0.593917
0.593949
0.593981
0.594012
0.594044
0.594075
0.594106
0.594138
0.594169
0.594200
0.594231
0.594263
0.594294
0.594325
0.594356
0.594387
0.594418
0.594448
0.594479
0.594510
0.594541
0.594571
0.594602
0.594633
0.594663
0.594694
0.594724
0.594755
0.594785
0.594815
0.594845
0.594876
0.594906
0.594936
0.594966
0.594996
0.595026
0.595056
0.595086
0.595116
0.595146
0.595175
0.595205
0.595235
0.595264
0.595294
0.595324
0.595353
0.595382
0.595412
0.595441
0.595471
0.595500
0.595529
0.595558
0.595587
0.595616
0.595645
0.595674
0.595703
0.595732
0.595761
0.595790
0.595819
0.595847
0.595876
0.595905
0.595933
0.595962
0.595990
0.596019
0.596047
0.596076
0.596104
0.596132
0.596160
0.596189
0.596217
0.596245
0.596273
0.596301
0.596329
0.596357
0.596385
0.596412
0.596440
0.596468
0.596496
0.596523
0.596551
0.596578
0.596606
0.596633
0.596661
0.596688
0.596715
0.596743
0.596770
0.596797
0.596824
0.596851
0.596879
0.596906
0.596933
0.596959
0.596986
0.597013
0.597040
0.597067
0.597093
0.597120
0.597147
0.597173
0.597200
0.597226
0.597253
0.597279
0.597306
0.597332
0.597358
0.597384
0.597411
0.597437
0.597463
0.597489
0.597515
0.597541
0.597567
0.597593
0.597618
0.597644
0.597670
0.597696
0.597721
0.597747
0.597772
0.597798
0.597823
0.597849
0.597874
0.597900
0.597925
0.597950
0.597975
0.598001
0.598026
0.598051
0.598076
0.598101
0.598126
0.598151
0.598176
0.598200
0.598225
0.598250
0.598275
0.598299
0.598324
0.598348
0.598373
0.598397
0.598422
0.598446
0.598470
0.598495
0.598519
0.598543
0.598567
0.598592
0.598616
0.598640
0.598664
0.598688
0.598711
0.598735
0.598759
0.598783
0.598807
0.598830
0.598854
0.598878
0.598901
0.598925
0.598948
0.598972
0.598995
0.599018
0.599042
0.599065
0.599088
0.599111
0.599134
0.599157
0.599181
0.599204
0.599226
0.599249
0.599272
0.599295
0.599318
0.599341
0.599363
0.599386
0.599409
0.599431
0.599454
0.599476
0.599499
0.599521
0.599543
0.599566
0.599588
0.599610
0.599632
0.599654
0.599676
0.599699
0.599721
0.599743
0.599764
0.599786
0.599808
0.599830
0.599852
0.599873
0.599895
0.599917
0.599938
0.599960
0.599981
0.600003
0.600024
0.600046
0.600067
0.600088
0.600109
0.600131
0.600152
0.600173
0.600194
0.600215
0.600236
0.600257
0.600278
0.600299
0.600319
0.600340
0.600361
0.600382
0.600402
0.600423
0.600443
0.600464
0.600484
0.600505
0.600525
0.600545
0.600566
0.600586
0.600606
0.600626
0.600646
0.600667
0.600687
0.600707
0.600727
0.600747
0.600766
0.600786
0.600806
0.600826
0.600845
0.600865
0.600885
0.600904
0.600924
0.600943
0.600963
0.600982
0.601002
0.601021
0.601040
0.601059
0.601079
0.601098
0.601117
0.601136
0.601155
0.601174
0.601193
0.601212
0.601231
0.601250
0.601268
0.601287
0.601306
0.601324
0.601343
0.601362
0.601380
0.601399
0.601417
0.601435
0.601454
0.601472
0.601490
0.601509
0.601527
0.601545
0.601563
0.601581
0.601599
0.601617
0.601635
0.601653
0.601671
0.601689
0.601706
0.601724
0.601742
0.601760
0.601777
0.601795
0.601812
0.601830
0.601847
0.601865
0.601865
0.601882
0.601899
0.601917
0.601934
0.601951
0.601968
0.601985
0.602002
0.602019
0.602036
0.602053
0.602070
0.602087
0.602104
0.602121
0.602137
0.602154
0.602171
0.602188
0.602204
0.602221
0.602237
0.602254
0.602270
0.602286
0.602303
0.602319
0.602335
0.602352
0.602368
0.602384
0.602400
0.602416
0.602432
0.602448
0.602464
0.602480
0.602496
0.602512
0.602527
0.602543
0.602559
0.602574
0.602590
0.602606
0.602621
0.602637
0.602652
0.602668
0.602683
0.602698
0.602714
0.602729
0.602744
0.602759
0.602775
0.602790
0.602805
0.602820
0.602835
0.602850
0.602865
0.602880
0.602894
0.602909
0.602924
0.602939
0.602953
0.602968
0.602983
0.602997
0.603012
0.603026
0.603041
0.603055
0.603069
0.603084
0.603098
0.603112
0.603127
0.603141
0.603155
0.603169
0.603183
0.603197
0.603211
0.603225
0.603239
0.603253
0.603267
0.603281
0.603294
0.603308
0.603322
0.603336
0.603349
0.603363
0.603376
0.603390
0.603403
0.603417
0.603430
0.603444
0.603457
0.603470
0.603484
0.603497
0.603510
0.603523
0.603536
0.603549
0.603562
0.603575
0.603588
0.603601
0.603614
0.603627
0.603640
0.603653
0.603666
0.603678
0.603691
0.603704
0.603716
0.603729
0.603742
0.603754
0.603767
0.603779
0.603791
0.603804
0.603816
0.603829
0.603841
0.603853
0.603865
0.603877
0.603890
0.603902
0.603914
0.603926
0.603938
0.603950
0.603962
0.603974
0.603986
0.603998
0.604009
0.604021
0.604033
0.604045
0.604056
0.604068
0.604080
0.604091
0.604103
0.604115
0.604126
0.604137
0.604149
0.604160
0.604172
0.604183
0.604194
0.604206
0.604217
0.604228
0.604239
0.604250
0.604261
0.604272
0.604282
0.604292
0.604302
0.604310
0.604317
0.604322
0.604323
0.604317
0.604301
0.604268
0.604210
0.604136
0.604198
0.604854
0.605503
0.605760
0.605912
0.606006
0.606075
0.606162
0.606283
0.606424
0.606566
0.606692
0.606793
0.606870
0.606925
0.606967
0.607001
0.607030
0.607059
0.607088
0.607120
0.607154
0.607191
0.607229
0.607270
0.607313
0.607357
0.607401
0.607446
0.607491
0.607536
0.607580
0.607624
0.607667
0.607710
0.607752
0.607794
0.607835
0.607876
0.607916
0.607956
0.607996
0.608036
0.608075
0.608114
0.608153
0.608191
0.608229
0.608267
0.608304
0.608341
0.608378
0.608414
0.608450
0.608486
0.608521
0.608555
0.608590
0.608624
0.608657
0.608691
0.608723
0.608756
0.608788
0.608820
0.608852
0.608883
0.608915
0.608945
0.608976
0.609007
0.609037
0.609067
0.609097
0.609126
0.609156
0.609185
0.609215
0.609244
0.609273
0.609302
0.609330
0.609359
0.609388
0.609416
0.609445
0.609473
0.609502
0.609530
0.609558
0.609586
0.609615
0.609643
0.609671
0.609699
0.609727
0.609756
0.609784
0.609812
0.609840
0.609868
0.609896
0.609924
0.609953
0.609981
0.610009
0.610037
0.610065
0.610093
0.610122
0.610150
0.610178
0.610206
0.610234
0.610263
0.610291
0.610319
0.610347
0.610375
0.610404
0.610432
0.610460
0.610488
0.610517
0.610545
0.610573
0.610601
0.610630
0.610658
0.610686
0.610714
0.610742
0.610771
0.610799
0.610827
0.610855
0.610883
0.610911
0.610939
0.610967
0.610996
0.611024
0.611052
0.611080
0.611108
0.611136
0.611164
0.611191
0.611219
0.611247
0.611275
0.611303
0.611331
0.611358
0.611386
0.611414
0.611442
0.611469
0.611497
0.611524
0.611552
0.611580
0.611607
0.611635
0.611662
0.611689
0.611717
0.611744
0.611772
0.611799
0.611826
0.611853
0.611881
0.611908
0.611935
0.611962
0.611989
0.612016
0.612043
0.612070
0.612097
0.612124
0.612151
0.612178
0.612205
0.612231
0.612258
0.612285
0.612312
0.612338
0.612365
0.612392
0.612418
0.612445
0.612471
0.612498
0.612524
0.612551
0.612577
0.612603
0.612630
0.612656
0.612682
0.612708
0.612735
0.612761
0.612787
0.612813
0.612839
0.612865
0.612891
0.612917
0.612943
0.612969
0.612995
0.613021
0.613047
0.613072
0.613098
0.613124
0.613150
0.613175
0.613201
0.613227
0.613252
0.613278
0.613303
0.613329
0.613354
0.613380
0.613405
0.613431
0.613456
0.613481
0.613506
0.613532
0.613557
0.613582
0.613607
0.613632
0.613658
0.613683
0.613708
0.613733
0.613758
0.613783
0.613807
0.613832
0.613857
0.613882
0.613907
0.613932
0.613956
0.613981
0.614006
0.614030
0.614055
0.614080
0.614104
0.614129
0.614153
0.614177
0.614202
0.614226
0.614251
0.614275
0.614299
0.614324
0.614348
0.614372
0.614396
0.614420
0.614444
0.614468
0.614492
0.614516
0.614540
0.614564
0.614588
0.614612
0.614636
0.614660
0.614684
0.614707
0.614731
0.614755
0.614779
0.614802
0.614826
0.614849
0.614873
0.614896
0.614920
0.614943
0.614967
0.614990
0.615013
0.615037
0.615060
0.615083
0.615106
0.615130
0.615153
0.615176
0.615199
0.615222
0.615245
0.615268
0.615291
0.615314
0.615337
0.615360
0.615383
0.615405
0.615428
0.615451
0.615451
0.615474
0.615496
0.615519
0.615541
0.615564
0.615587
0.615609
0.615632
0.615654
0.615676
0.615699
0.615721
0.615743
0.615766
0.615788
0.615810
0.615832
0.615854
0.615877
0.615899
0.615921
0.615943
0.615965
0.615987
0.616009
0.616030
0.616052
0.616074
0.616096
0.616118
0.616139
0.616161
0.616183
0.616204
0.616226
0.616248
0.616269
0.616291
0.616312
0.616333
0.616355
0.616376
0.616398
0.616419
0.616440
0.616461
0.616482
0.616504
0.616525
0.616546
0.616567
0.616588
0.616609
0.616630
0.616651
0.616672
0.616693
0.616713
0.616734
0.616755
0.616776
0.616796
0.616817
0.616838
0.616858
0.616879
0.616899
0.616920
0.616940
0.616961
0.616981
0.617002
0.617022
0.617042
0.617063
0.617083
0.617103
0.617123
0.617143
0.617163
0.617183
0.617203
0.617224
0.617243
0.617263
0.617283
0.617303
0.617323
0.617343
0.617363
0.617382
0.617402
0.617422
0.617441
0.617461
0.617481
0.617500
0.617520
0.617539
0.617559
0.617578
0.617597
0.617617
0.617636
0.617655
0.617675
0.617694
0.617713
0.617732
0.617751
0.617770
0.617790
0.617809
0.617828
0.617847
0.617865
0.617884
0.617903
0.617922
0.617941
0.617960
0.617978
0.617997
0.618016
0.618034
0.618053
0.618072
0.618090
0.618109
0.618127
0.618146
0.618164
0.618182
0.618201
0.618219
0.618237
0.618256
0.618274
0.618292
0.618310
0.618328
0.618347
0.618365
0.618383
0.618401
0.618419
0.618437
0.618455
0.618472
0.618490
0.618508
0.618526
0.618544
0.618562
0.618579
0.618597
0.618615
0.618632
0.618650
0.618667
0.618685
0.618702
0.618720
0.618737
0.618755
0.618772
0.618789
0.618807
0.618824
0.618841
0.618859
0.618876
0.618893
0.618910
0.618927
0.618944
0.618961
0.618978
0.618995
0.619012
0.619029
0.619046
0.619063
0.619080
0.619097
0.619113
0.619130
0.619147
0.619164
0.619180
0.619197
0.619214
0.619230
0.619247
0.619263
0.619280
0.619296
0.619313
0.619329
0.619346
0.619362
0.619378
0.619395
0.619411
0.619427
0.619443
0.619460
0.619476
0.619492
0.619508
0.619524
0.619540
0.619556
0.619572
0.619588
0.619604
0.619620
0.619636
0.619652
0.619668
0.619684
0.619700
0.619715
0.619731
0.619747
0.619762
0.619778
0.619794
0.619809
0.619825
0.619841
0.619856
0.619872
0.619887
0.619903
0.619918
0.619934
0.619949
0.619964
0.619980
0.619995
0.620010
0.620026
0.620041
0.620056
0.620071
0.620086
0.620102
0.620117
0.620132
0.620147
0.620162
0.620177
0.620192
0.620207
0.620222
0.620237
0.620252
0.620267
0.620281
0.620296
0.620311
0.620326
0.620341
0.620355
0.620370
0.620385
0.620400
0.620414
0.620429
0.620443
0.620458
0.620473
0.620487
0.620502
0.620516
0.620531
0.620545
0.620560
0.620574
0.620588
0.620603
0.620617
0.620631
0.620646
0.620660
0.620674
0.620689
0.620703
0.620717
0.620731
0.620745
0.620759
0.620774
0.620788
0.620802
0.620816
0.620830
0.620844
0.620858
0.620872
0.620886
0.620900
0.620914
0.620928
0.620941
0.620955
0.620969
0.620983
0.620997
0.621011
0.621024
0.621038
0.621052
0.621065
0.621079
0.621093
0.621106
0.621120
0.621134
0.621147
0.621161
0.621174
0.621188
0.621201
0.621215
0.621228
0.621242
0.621255
0.621269
0.621282
0.621296
0.621309
0.621322
0.621336
0.621349
0.621362
0.621375
0.621389
0.621402
0.621415
0.621428
0.621442
0.621455
0.621468
0.621481
0.621494
0.621507
0.621520
0.621534
0.621547
0.621560
0.621573
0.621586
0.621599
0.621612
0.621625
0.621638
0.621651
0.621663
0.621676
0.621689
0.621702
0.621715
0.621728
0.621741
0.621753
0.621766
0.621779
0.621792
0.621805
0.621817
0.621830
0.621843
0.621855
0.621868
0.621881
0.621893
0.621906
0.621919
0.621931
0.621944
0.621956
0.621969
0.621981
0.621994
0.622006
0.622019
0.622031
0.622044
0.622056
0.622069
0.622081
0.622094
0.622106
0.622118
0.622131
0.622143
0.622155
0.622168
0.622180
0.622192
0.622205
0.622217
0.622229
0.622242
0.622254
0.622266
0.622278
0.622290
0.622303
0.622315
0.622327
0.622339
0.622351
0.622363
0.622375
0.622388
0.622400
0.622412
0.622424
0.622436
0.622448
0.622460
0.622472
0.622484
0.622496
0.622508
0.622520
0.622532
0.622544
0.622556
0.622568
0.622579
0.622591
0.622603
0.622615
0.622627
0.622639
0.622651
0.622662
0.622674
0.622686
0.622698
0.622710
0.622721
0.622733
0.622745
0.622757
0.622768
0.622780
0.622792
0.622803
0.622815
0.622827
0.622838
0.622850
0.622862
0.622873
0.622885
0.622897
0.622908
0.622920
0.622931
0.622943
0.622954
0.622966
0.622977
0.622989
0.623000
0.623012
0.623023
0.623035
0.623046
0.623058
0.623069
0.623081
0.623092
0.623104
0.623115
0.623126
0.623138
0.623149
0.623161
0.623172
0.623183
0.623195
0.623206
0.623217
0.623228
0.623240
0.623251
0.623262
0.623274
0.623285
0.623296
0.623307
0.623319
0.623330
0.623330
0.623341
0.623352
0.623363
0.623375
0.623386
0.623397
0.623408
0.623419
0.623430
0.623441
0.623453
0.623464
0.623475
0.623486
0.623497
0.623508
0.623519
0.623530
0.623541
0.623552
0.623563
0.623574
0.623585
0.623596
0.623607
0.623618
0.623629
0.623640
0.623651
0.623662
0.623673
0.623684
0.623695
0.623706
0.623717
0.623728
0.623739
0.623749
0.623760
0.623771
0.623782
0.623793
0.623804
0.623814
0.623825
0.623836
0.623847
0.623858
0.623868
0.623879
0.623890
0.623901
0.623912
0.623922
0.623933
0.623944
0.623954
0.623965
0.623976
0.623987
0.623997
0.624008
0.624019
0.624029
0.624040
0.624051
0.624061
0.624072
0.624082
0.624093
0.624104
0.624114
0.624125
0.624135
0.624146
0.624157
0.624167
0.624178
0.624188
0.624199
0.624209
0.624220
0.624230
0.624241
0.624251
0.624262
0.624272
0.624283
0.624293
0.624304
0.624314
0.624324
0.624335
0.624345
0.624356
0.624366
0.624376
0.624387
0.624397
0.624408
0.624418
0.624428
0.624439
0.624449
0.624459
0.624470
0.624480
0.624490
0.624501
0.624511
0.624521
0.624531
0.624542
0.624552
0.624562
0.624572
0.624583
0.624593
0.624603
0.624613
0.624624
0.624634
0.624644
0.624654
0.624664
0.624675
0.624685
0.624695
0.624705
0.624715
0.624725
0.624735
0.624745
0.624756
0.624766
0.624776
0.624786
0.624796
0.624806
0.624816
0.624826
0.624836
0.624846
0.624856
0.624866
0.624876
0.624886
0.624896
0.624906
0.624916
0.624926
0.624936
0.624946
0.624956
0.624966
0.624976
0.624986
0.624996
0.625006
0.625016
0.625026
0.625035
0.625045
0.625055
0.625065
0.625075
0.625085
0.625095
0.625105
0.625114
0.625124
0.625134
0.625144
0.625154
0.625163
0.625173
0.625183
0.625193
0.625203
0.625212
0.625222
0.625232
0.625241
0.625251
0.625261
0.625271
0.625280
0.625290
0.625300
0.625309
0.625319
0.625329
0.625338
0.625348
0.625358
0.625367
0.625377
0.625387
0.625396
0.625406
0.625415
0.625425
0.625435
0.625444
0.625454
0.625463
0.625473
0.625482
0.625492
0.625501
0.625511
0.625520
0.625530
0.625539
0.625549
0.625558
0.625568
0.625577
0.625587
0.625596
0.625606
0.625615
0.625625
0.625634
0.625643
0.625653
0.625662
0.625672
0.625681
0.625690
0.625700
0.625709
0.625718
0.625728
0.625737
0.625746
0.625756
0.625765
0.625774
0.625784
0.625793
0.625802
0.625811
0.625821
0.625830
0.625839
0.625848
0.625858
0.625867
0.625876
0.625885
0.625895
0.625904
0.625913
0.625922
0.625931
0.625940
0.625950
0.625959
0.625968
0.625977
0.625986
0.625995
0.626004
0.626013
0.626023
0.626032
0.626041
0.626050
0.626059
0.626068
0.626077
0.626086
0.626095
0.626104
0.626113
0.626122
0.626131
0.626140
0.626149
0.626158
0.626167
0.626176
0.626185
0.626194
0.626203
0.626212
0.626221
0.626229
0.626238
0.626247
0.626256
0.626265
0.626274
0.626283
0.626292
0.626300
0.626309
0.626318
0.626327
0.626336
0.626345
0.626353
0.626362
0.626371
0.626380
0.626389
0.626397
0.626406
0.626415
0.626424
0.626432
0.626441
0.626450
0.626458
0.626467
0.626476
0.626484
0.626493
0.626502
0.626510
0.626519
0.626528
0.626536
0.626545
0.626554
0.626562
0.626571
0.626579
0.626588
0.626597
0.626605
0.626614
0.626622
0.626631
0.626639
0.626648
0.626656
0.626665
0.626673
0.626682
0.626690
0.626699
0.626707
0.626716
0.626724
0.626733
0.626741
0.626750
0.626758
0.626766
0.626775
0.626783
0.626792
0.626800
0.626808
0.626817
0.626825
0.626833
0.626842
0.626850
0.626858
0.626867
0.626875
0.626883
0.626892
0.626900
0.626908
0.626916
0.626925
0.626933
0.626941
0.626949
0.626958
0.626966
0.626974
0.626982
0.626990
0.626999
0.627007
0.627015
0.627023
0.627031
0.627039
0.627047
0.627056
0.627064
0.627072
0.627080
0.627088
0.627096
0.627104
0.627112
0.627120
0.627128
0.627136
0.627144
0.627152
0.627160
0.627169
0.627177
0.627185
0.627192
0.627200
0.627208
0.627216
0.627224
0.627232
0.627240
0.627248
0.627256
0.627264
0.627272
0.627280
0.627288
0.627296
0.627303
0.627311
0.627319
0.627327
0.627335
0.627343
0.627350
0.627358
0.627366
0.627374
0.627382
0.627389
0.627397
0.627405
0.627413
0.627420
0.627428
0.627436
0.627444
0.627451
0.627459
0.627467
0.627474
0.627482
0.627490
0.627497
0.627505
0.627513
0.627520
0.627528
0.627536
0.627543
0.627551
0.627558
0.627566
0.627573
0.627581
0.627589
0.627596
0.627604
0.627611
0.627619
0.627626
0.627634
0.627641
0.627649
0.627656
0.627664
0.627671
0.627679
0.627686
0.627694
0.627701
0.627708
0.627716
0.627723
0.627731
0.627738
0.627745
0.627753
0.627760
0.627767
0.627775
0.627782
0.627789
0.627797
0.627804
0.627811
0.627819
0.627826
0.627833
0.627841
0.627848
0.627855
0.627862
0.627869
0.627877
0.627884
0.627891
0.627898
0.627906
0.627913
0.627920
0.627920
0.627927
0.627934
0.627941
0.627949
0.627956
0.627963
0.627970
0.627977
0.627984
0.627991
0.627998
0.628005
0.628012
0.628019
0.628027
0.628034
0.628041
0.628048
0.628055
0.628062
0.628069
0.628076
0.628083
0.628090
0.628097
0.628103
0.628110
0.628117
0.628124
0.628131
0.628138
0.628145
0.628152
0.628159
0.628166
0.628173
0.628179
0.628186
0.628193
0.628200
0.628207
0.628214
0.628220
0.628227
0.628234
0.628241
0.628248
0.628254
0.628261
0.628268
0.628275
0.628281
0.628288
0.628295
0.628301
0.628308
0.628315
0.628321
0.628328
0.628335
0.628341
0.628348
0.628355
0.628361
0.628368
0.628375
0.628381
0.628388
0.628394
0.628401
0.628408
0.628414
0.628421
0.628427
0.628434
0.628440
0.628447
0.628453
0.628460
0.628466
0.628473
0.628479
0.628486
0.628492
0.628499
0.628505
0.628511
0.628518
0.628524
0.628531
0.628537
0.628543
0.628550
0.628556
0.628563
0.628569
0.628575
0.628582
0.628588
0.628594
0.628601
0.628607
0.628613
0.628619
0.628626
0.628632
0.628638
0.628644
0.628651
0.628657
0.628663
0.628669
0.628676
0.628682
0.628688
0.628694
0.628700
0.628706
0.628713
0.628719
0.628725
0.628731
0.628737
0.628743
0.628749
0.628755
0.628762
0.628768
0.628774
0.628780
0.628786
0.628792
0.628798
0.628804
0.628810
0.628816
0.628822
0.628828
0.628834
0.628840
0.628846
0.628852
0.628858
0.628864
0.628870
0.628876
0.628881
0.628887
0.628893
0.628899
0.628905
0.628911
0.628917
0.628923
0.628928
0.628934
0.628940
0.628946
0.628952
0.628958
0.628963
0.628969
0.628975
0.628981
0.628986
0.628992
0.628998
0.629004
0.629009
0.629015
0.629021
0.629027
0.629032
0.629038
0.629044
0.629049
0.629055
0.629061
0.629066
0.629072
0.629077
0.629083
0.629089
0.629094
0.629100
0.629105
0.629111
0.629117
0.629122
0.629128
0.629133
0.629139
0.629144
0.629150
0.629155
0.629161
0.629166
0.629172
0.629177
0.629183
0.629188
0.629193
0.629199
0.629204
0.629210
0.629215
0.629221
0.629226
0.629231
0.629237
0.629242
0.629247
0.629253
0.629258
0.629263
0.629269
0.629274
0.629279
0.629285
0.629290
0.629295
0.629301
0.629306
0.629311
0.629316
0.629322
0.629327
0.629332
0.629337
0.629342
0.629348
0.629353
0.629358
0.629363
0.629368
0.629373
0.629379
0.629384
0.629389
0.629394
0.629399
0.629404
0.629409
0.629414
0.629419
0.629424
0.629429
0.629435
0.629440
0.629445
0.629450
0.629455
0.629460
0.629465
0.629470
0.629475
0.629480
0.629485
0.629489
0.629494
0.629499
0.629504
0.629509
0.629514
0.629519
0.629524
0.629529
0.629534
0.629539
0.629543
0.629548
0.629553
0.629558
0.629563
0.629568
0.629572
0.629577
0.629582
0.629587
0.629592
0.629596
0.629601
0.629606
0.629611
0.629615
0.629620
0.629625
0.629629
0.629634
0.629639
0.629643
0.629648
0.629653
0.629657
0.629662
0.629667
0.629671
0.629676
0.629681
0.629685
0.629690
0.629694
0.629699
0.629704
0.629708
0.629713
0.629717
0.629722
0.629726
0.629731
0.629735
0.629740
0.629744
0.629749
0.629753
0.629758
0.629762
0.629767
0.629771
0.629776
0.629780
0.629784
0.629789
0.629793
0.629798
0.629802
0.629806
0.629811
0.629815
0.629819
0.629824
0.629828
0.629832
0.629837
0.629841
0.629845
0.629850
0.629854
0.629858
0.629863
0.629867
0.629871
0.629875
0.629879
0.629884
0.629888
0.629892
0.629896
0.629901
0.629905
0.629909
0.629913
0.629917
0.629921
0.629926
0.629930
0.629934
0.629938
0.629942
0.629946
0.629950
0.629954
0.629958
0.629962
0.629966
0.629971
0.629975
0.629979
0.629983
0.629987
0.629991
0.629995
0.629999
0.630003
0.630007
0.630011
0.630015
0.630018
0.630022
0.630026
0.630030
0.630034
0.630038
0.630042
0.630046
0.630050
0.630054
0.630058
0.630061
0.630065
0.630069
0.630073
0.630077
0.630081
0.630084
0.630088
0.630092
0.630096
0.630100
0.630103
0.630107
0.630111
0.630115
0.630118
0.630122
0.630126
0.630129
0.630133
0.630137
0.630141
0.630144
0.630148
0.630152
0.630155
0.630159
0.630162
0.630166
0.630170
0.630173
0.630177
0.630181
0.630184
0.630188
0.630191
0.630195
0.630198
0.630202
0.630205
0.630209
0.630213
0.630216
0.630220
0.630223
0.630227
0.630230
0.630233
0.630237
0.630240
0.630244
0.630247
0.630251
0.630254
0.630258
0.630261
0.630264
0.630268
0.630271
0.630275
0.630278
0.630281
0.630285
0.630288
0.630291
0.630295
0.630298
0.630301
0.630305
0.630308
0.630311
0.630314
0.630318
0.630321
0.630324
0.630327
0.630331
0.630334
0.630337
0.630340
0.630344
0.630347
0.630350
0.630353
0.630356
0.630359
0.630363
0.630366
0.630369
0.630372
0.630375
0.630378
0.630381
0.630385
0.630388
0.630391
0.630394
0.630397
0.630400
0.630403
0.630406
0.630409
0.630412
0.630415
0.630418
0.630421
0.630424
0.630427
0.630430
0.630433
0.630436
0.630436
0.630439
0.630442
0.630445
0.630448
0.630451
0.630454
0.630457
0.630459
0.630462
0.630465
0.630468
0.630471
0.630474
0.630477
0.630480
0.630482
0.630485
0.630488
0.630491
0.630494
0.630496
0.630499
0.630502
0.630505
0.630508
0.630510
0.630513
0.630516
0.630519
0.630521
0.630524
0.630527
0.630529
0.630532
0.630535
0.630538
0.630540
0.630543
0.630546
0.630548
0.630551
0.630553
0.630556
0.630559
0.630561
0.630564
0.630567
0.630569
0.630572
0.630574
0.630577
0.630579
0.630582
0.630585
0.630587
0.630590
0.630592
0.630595
0.630597
0.630600
0.630602
0.630605
0.630607
0.630610
0.630612
0.630614
0.630617
0.630619
0.630622
0.630624
0.630627
0.630629
0.630631
0.630634
0.630636
0.630638
0.630641
0.630643
0.630646
0.630648
0.630650
0.630653
0.630655
0.630657
0.630660
0.630662
0.630664
0.630666
0.630669
0.630671
0.630673
0.630675
0.630678
0.630680
0.630682
0.630684
0.630687
0.630689
0.630691
0.630693
0.630695
0.630698
0.630700
0.630702
0.630704
0.630706
0.630708
0.630710
0.630713
0.630715
0.630717
0.630719
0.630721
0.630723
0.630725
0.630727
0.630729
0.630731
0.630733
0.630735
0.630737
0.630739
0.630741
0.630743
0.630745
0.630747
0.630749
0.630751
0.630753
0.630755
0.630757
0.630759
0.630761
0.630763
0.630765
0.630767
0.630769
0.630771
0.630773
0.630775
0.630776
0.630778
0.630780
0.630782
0.630784
0.630786
0.630788
0.630789
0.630791
0.630793
0.630795
0.630797
0.630798
0.630800
0.630802
0.630804
0.630806
0.630807
0.630809
0.630811
0.630813
0.630814
0.630816
0.630818
0.630819
0.630821
0.630823
0.630824
0.630826
0.630828
0.630829
0.630831
0.630833
0.630834
0.630836
0.630838
0.630839
0.630841
0.630842
0.630844
0.630846
0.630847
0.630849
0.630850
0.630852
0.630853
0.630855
0.630857
0.630858
0.630860
0.630861
0.630863
0.630864
0.630866
0.630867
0.630869
0.630870
0.630871
0.630873
0.630874
0.630876
0.630877
0.630879
0.630880
0.630881
0.630883
0.630884
0.630886
0.630887
0.630888
0.630890
0.630891
0.630892
0.630894
0.630895
0.630897
0.630898
0.630899
0.630900
0.630902
0.630903
0.630904
0.630906
0.630907
0.630908
0.630909
0.630911
0.630912
0.630913
0.630914
0.630916
0.630917
0.630918
0.630919
0.630920
0.630922
0.630923
0.630924
0.630925
0.630926
0.630927
0.630929
0.630930
0.630931
0.630932
0.630933
0.630934
0.630935
0.630936
0.630937
0.630939
0.630940
0.630941
0.630942
0.630943
0.630944
0.630945
0.630946
0.630947
0.630948
0.630949
0.630950
0.630951
0.630952
0.630953
0.630954
0.630955
0.630956
0.630957
0.630958
0.630959
0.630959
0.630960
0.630961
0.630962
0.630963
0.630964
0.630965
0.630966
0.630967
0.630967
0.630968
0.630969
0.630970
0.630971
0.630972
0.630972
0.630973
0.630974
0.630975
0.630976
0.630976
0.630977
0.630978
0.630979
0.630980
0.630980
0.630981
0.630982
0.630982
0.630983
0.630984
0.630985
0.630985
0.630986
0.630987
0.630987
0.630988
0.630989
0.630989
0.630990
0.630991
0.630991
0.630992
0.630992
0.630993
0.630994
0.630994
0.630995
0.630995
0.630996
0.630997
0.630997
0.630998
0.630998
0.630999
0.630999
0.631000
0.631000
0.631001
0.631001
0.631002
0.631002
0.631003
0.631003
0.631004
0.631004
0.631005
0.631005
0.631005
0.631006
0.631006
0.631007
0.631007
0.631007
0.631008
0.631008
0.631009
0.631009
0.631009
0.631010
0.631010
0.631010
0.631011
0.631011
0.631011
0.631012
0.631012
0.631012
0.631013
0.631013
0.631013
0.631013
0.631014
0.631014
0.631014
0.631014
0.631015
0.631015
0.631015
0.631015
0.631015
0.631016
0.631016
0.631016
0.631016
0.631016
0.631016
0.631016
0.631017
0.631017
0.631017
0.631017
0.631017
0.631017
0.631017
0.631017
0.631017
0.631017
0.631018
0.631018
0.631018
0.631018
0.631018
0.631018
0.631018
0.631018
0.631018
0.631018
0.631018
0.631018
0.631018
0.631018
0.631018
0.631017
0.631017
0.631017
0.631017
0.631017
0.631017
0.631017
0.631017
0.631017
0.631017
0.631016
0.631016
0.631016
0.631016
0.631016
0.631016
0.631015
0.631015
0.631015
0.631015
0.631015
0.631014
0.631014
0.631014
0.631014
0.631013
0.631013
0.631013
0.631013
0.631012
0.631012
0.631012
0.631011
0.631011
0.631011
0.631010
0.631010
0.631010
0.631009
0.631009
0.631009
0.631008
0.631008
0.631007
0.631007
0.631007
0.631006
0.631006
0.631005
0.631005
0.631004
0.631004
0.631003
0.631003
0.631002
0.631002
0.631001
0.631001
0.631000
0.631000
0.630999
0.630999
0.630998
0.630997
0.630997
0.630996
0.630996
0.630995
0.630994
0.630994
0.630993
0.630992
0.630992
0.630991
0.630990
0.630990
0.630989
0.630988
0.630988
0.630987
0.630986
0.630986
0.630985
0.630984
0.630983
0.630982
0.630982
0.630981
0.630980
0.630979
0.630978
0.630978
0.630977
0.630976
0.630975
0.630975
0.630974
0.630973
0.630972
0.630971
0.630971
0.630970
0.630969
0.630968
0.630967
0.630966
0.630965
0.630964
0.630963
0.630962
0.630961
0.630960
0.630959
0.630958
0.630957
0.630956
0.630955
0.630954
0.630953
0.630951
0.630950
0.630949
0.630948
0.630947
0.630946
0.630945
0.630943
0.630942
0.630941
0.630940
0.630939
0.630937
0.630936
0.630935
0.630934
0.630932
0.630931
0.630930
0.630929
0.630927
0.630926
0.630925
0.630923
0.630922
0.630920
0.630919
0.630918
0.630916
0.630915
0.630913
0.630912
0.630911
0.630909
0.630908
0.630906
0.630905
0.630903
0.630902
0.630900
0.630899
0.630897
0.630895
0.630894
0.630892
0.630891
0.630889
0.630887
0.630886
0.630884
0.630883
0.630881
0.630879
0.630877
0.630876
0.630874
0.630872
0.630871
0.630869
0.630867
0.630865
0.630863
0.630862
0.630860
0.630858
0.630856
0.630854
0.630852
0.630850
0.630848
0.630847
0.630845
0.630843
0.630841
0.630839
0.630837
0.630835
0.630833
0.630831
0.630829
0.630827
0.630824
0.630822
0.630820
0.630818
0.630816
0.630814
0.630812
0.630810
0.630807
0.630805
0.630803
0.630801
0.630798
0.630796
0.630794
0.630792
0.630789
0.630787
0.630785
0.630782
0.630780
0.630777
0.630775
0.630773
0.630770
0.630768
0.630765
0.630763
0.630760
0.630758
0.630755
0.630753
0.630750
0.630747
0.630745
0.630742
0.630740
0.630737
0.630734
0.630732
0.630729
0.630726
0.630723
0.630721
0.630718
0.630715
0.630712
0.630709
0.630707
0.630704
0.630701
0.630698
0.630695
0.630692
0.630689
0.630686
0.630683
0.630680
0.630677
0.630674
0.630671
0.630668
0.630665
0.630661
0.630658
0.630655
0.630652
0.630649
0.630645
0.630642
0.630639
0.630636
0.630632
0.630629
0.630626
0.630622
0.630619
0.630615
0.630612
0.630608
0.630605
0.630601
0.630598
0.630594
0.630591
0.630587
0.630583
0.630580
0.630576
0.630572
0.630569
0.630565
0.630561
0.630557
0.630554
0.630550
0.630546
0.630542
0.630538
0.630534
0.630530
0.630526
0.630522
0.630518
0.630514
0.630510
0.630506
0.630502
0.630497
0.630493
0.630489
0.630485
0.630481
0.630476
0.630472
0.630468
0.630463
0.630459
0.630454
0.630450
0.630445
0.630441
0.630436
0.630432
0.630427
0.630422
0.630418
0.630413
0.630408
0.630404
0.630399
0.630394
0.630389
0.630384
0.630379
0.630374
0.630369
0.630364
0.630359
0.630354
0.630349
0.630344
0.630339
0.630334
0.630329
0.630323
0.630318
0.630313
0.630307
0.630302
0.630297
0.630291
0.630286
0.630280
0.630274
0.630269
0.630263
0.630258
0.630252
0.630246
0.630240
0.630235
0.630229
0.630223
0.630217
0.630211
0.630205
0.630199
0.630193
0.630187
0.630180
0.630174
0.630168
0.630162
0.630155
0.630149
0.630143
0.630136
0.630130
0.630123
0.630117
0.630110
0.630104
0.630097
0.630090
0.630083
0.630077
0.630070
0.630063
0.630056
0.630049
0.630042
0.630035
0.630028
0.630020
0.630013
0.630006
0.629999
0.629991
0.629984
0.629977
0.629969
0.629961
0.629954
0.629946
0.629939
0.629931
0.629923
0.629915
0.629907
0.629899
0.629891
0.629883
0.629875
0.629867
0.629859
0.629851
0.629842
0.629834
0.629826
0.629817
0.629809
0.629800
0.629792
0.629783
0.629774
0.629765
0.629757
0.629748
0.629739
0.629730
0.629721
0.629712
0.629702
0.629693
0.629684
0.629675
0.629665
0.629656
0.629646
0.629636
0.629627
0.629617
0.629607
0.629598
0.629588
0.629578
0.629568
0.629558
0.629547
0.629537
0.629527
0.629517
0.629506
0.629496
0.629485
0.629474
0.629464
0.629453
0.629442
0.629431
0.629420
0.629409
0.629398
0.629387
0.629376
0.629365
0.629353
0.629342
0.629330
0.629319
0.629307
0.629295
0.629283
0.629272
0.629260
0.629248
0.629235
0.629223
0.629211
0.629199
0.629186
0.629174
0.629161
0.629149
0.629136
0.629123
0.629110
0.629097
0.629084
0.629071
0.629058
0.629045
0.629031
0.629018
0.629004
0.628991
0.628977
0.628963
0.628949
0.628936
0.628922
0.628907
0.628893
0.628879
0.628865
0.628850
0.628836
0.628821
0.628806
0.628792
0.628777
0.628762
0.628747
0.628731
0.628716
0.628701
0.628686
0.628670
0.628654
0.628639
0.628623
0.628607
0.628591
0.628575
0.628559
0.628543
0.628526
0.628510
0.628493
0.628477
0.628460
0.628443
0.628426
0.628409
0.628392
0.628375
0.628358
0.628340
0.628323
0.628305
0.628288
0.628270
0.628252
0.628234
0.628216
0.628198
0.628180
0.628161
0.628143
0.628124
0.628106
0.628087
0.628068
0.628049
0.628030
0.628011
0.627992
0.627972
0.627953
0.627933
0.627914
0.627894
0.627874
0.627854
0.627834
0.627814
0.627794
0.627773
0.627753
0.627732
0.627712
0.627691
0.627670
0.627649
0.627628
0.627607
0.627585
0.627565
0.627542
0.627523
0.627496
0.627484
0.627444
0.627458
0.627370
0.627490
0.627239
0.627848
0.627293
0.629046
0.628580
0.629264
0.629026
0.629425
0.629425
0.629207
0.629536
0.629334
0.629582
0.629376
0.629578
0.629373
0.629563
0.629364
0.629558
0.629365
0.629567
0.629377
0.629589
0.629400
0.629619
0.629430
0.629655
0.629466
0.629693
0.629505
0.629732
0.629546
0.629770
0.629587
0.629805
0.629626
0.629837
0.629662
0.629866
0.629694
0.629891
0.629724
0.629913
0.629750
0.629933
0.629773
0.629950
0.629794
0.629967
0.629814
0.629982
0.629832
0.629997
0.629850
0.630012
0.629868
0.630027
0.629885
0.630042
0.629902
0.630058
0.629920
0.630075
0.629938
0.630092
0.629957
0.630110
0.629976
0.630128
0.629995
0.630147
0.630015
0.630167
0.630035
0.630186
0.630056
0.630206
0.630076
0.630226
0.630097
0.630247
0.630118
0.630267
0.630139
0.630288
0.630160
0.630308
0.630182
0.630329
0.630203
0.630349
0.630224
0.630369
0.630245
0.630389
0.630266
0.630409
0.630286
0.630428
0.630307
0.630448
0.630327
0.630467
0.630347
0.630486
0.630367
0.630505
0.630386
0.630523
0.630406
0.630542
0.630425
0.630560
0.630444
0.630578
0.630462
0.630596
0.630481
0.630614
0.630500
0.630631
0.630518
0.630649
0.630536
0.630666
0.630554
0.630684
0.630572
0.630701
0.630590
0.630718
0.630608
0.630736
0.630626
0.630753
0.630643
0.630770
0.630661
0.630787
0.630679
0.630804
0.630696
0.630821
0.630714
0.630838
0.630731
0.630855
0.630749
0.630872
0.630766
0.630889
0.630784
0.630906
0.630802
0.630923
0.630819
0.630940
0.630837
0.630957
0.630854
0.630974
0.630872
0.630991
0.630889
0.631008
0.630907
0.631025
0.630924
0.631042
0.630941
0.631058
0.630959
0.631075
0.630976
0.631092
0.630994
0.631109
0.631011
0.631126
0.631028
0.631142
0.631046
0.631159
0.631063
0.631176
0.631081
0.631193
0.631098
0.631209
0.631115
0.631226
0.631132
0.631243
0.631150
0.631259
0.631167
0.631276
0.631184
0.631293
0.631202
0.631309
0.631219
0.631326
0.631236
0.631343
0.631253
0.631359
0.631271
0.631376
0.631288
0.631393
0.631305
0.631410
0.631323
0.631426
0.631340
0.631443
0.631357
0.631460
0.631375
0.631477
0.631392
0.631494
0.631409
0.631510
0.631427
0.631527
0.631444
0.631544
0.631462
0.631561
0.631479
0.631578
0.631497
0.631595
0.631514
0.631612
0.631532
0.631629
0.631549
0.631646
0.631567
0.631663
0.631584
0.631680
0.631602
0.631697
0.631619
0.631714
0.631637
0.631731
0.631654
0.631748
0.631672
0.631765
0.631690
0.631782
0.631707
0.631799
0.631725
0.631816
0.631743
0.631833
0.631760
0.631850
0.631778
0.631867
0.631796
0.631884
0.631813
0.631902
0.631831
0.631919
0.631849
0.631936
0.631867
0.631953
0.631884
0.631970
0.631902
0.631987
0.631920
0.632005
0.631938
0.632022
0.631955
0.632039
0.631973
0.632056
0.631991
0.632073
0.632009
0.632091
0.632026
0.632108
0.632044
0.632125
0.632062
0.632142
0.632080
0.632159
0.632098
0.632177
0.632116
0.632194
0.632133
0.632211
0.632151
0.632228
0.632169
0.632246
0.632187
0.632263
0.632205
0.632280
0.632223
0.632298
0.632241
0.632315
0.632258
0.632332
0.632276
0.632350
0.632294
0.632367
0.632312
0.632384
0.632330
0.632402
0.632348
0.632419
0.632366
0.632436
0.632384
0.632454
0.632402
0.632471
0.632420
0.632488
0.632438
0.632506
0.632456
0.632523
0.632474
0.632541
0.632492
0.632558
0.632510
0.632575
0.632528
0.632593
0.632546
0.632610
0.632564
0.632628
0.632582
0.632645
0.632600
0.632663
0.632618
0.632680
0.632636
0.632698
0.632654
0.632715
0.632672
0.632733
0.632690
0.632750
0.632708
0.632768
0.632726
0.632785
0.632744
0.632803
0.632762
0.632820
0.632780
0.632838
0.632798
0.632855
0.632816
0.632873
0.632835
0.632890
0.632853
0.632908
0.632871
0.632925
0.632889
0.632943
0.632907
0.632961
0.632925
0.632978
0.632943
0.632996
0.632962
0.633013
0.632980
0.633031
0.632998
0.633049
0.633016
0.633066
0.633034
0.633084
0.633053
0.633101
0.633071
0.633119
0.633089
0.633137
0.633107
0.633154
0.633125
0.633172
0.633144
0.633190
0.633162
0.633208
0.633180
0.633225
0.633199
0.633243
0.633217
0.633261
0.633235
0.633278
0.633253
0.633296
0.633272
0.633314
0.633290
0.633332
0.633308
0.633350
0.633327
0.633367
0.633345
0.633385
0.633364
0.633403
0.633382
0.633421
0.633400
0.633439
0.633419
0.633457
0.633437
0.633474
0.633456
0.633492
0.633474
0.633510
0.633492
0.633528
0.633511
0.633546
0.633529
0.633564
0.633548
0.633582
0.633566
0.633600
0.633585
0.633618
0.633603
0.633636
0.633622
0.633654
0.633641
0.633672
0.633659
0.633690
0.633678
0.633708
0.633696
0.633726
0.633715
0.633744
0.633734
0.633763
0.633752
0.633781
0.633771
0.633799
0.633790
0.633817
0.633808
0.633835
0.633827
0.633854
0.633846
0.633872
0.633865
0.633890
0.633883
0.633909
0.633902
0.633927
0.633921
0.633945
0.633940
0.633964
0.633959
0.633982
0.633978
0.633978
0.634001
0.633997
0.634019
0.634016
0.634038
0.634034
0.634056
0.634053
0.634075
0.634072
0.634093
0.634091
0.634112
0.634110
0.634130
0.634130
0.634149
0.634149
0.634168
0.634168
0.634187
0.634187
0.634205
0.634206
0.634224
0.634225
0.634243
0.634244
0.634262
0.634264
0.634281
0.634283
0.634300
0.634302
0.634319
0.634321
0.634338
0.634341
0.634357
0.634360
0.634376
0.634379
0.634395
0.634399
0.634414
0.634418
0.634433
0.634438
0.634452
0.634457
0.634471
0.634477
0.634491
0.634496
0.634510
0.634516
0.634529
0.634535
0.634548
0.634555
0.634568
0.634574
0.634587
0.634594
0.634607
0.634613
0.634626
0.634633
0.634646
0.634653
0.634665
0.634673
0.634685
0.634692
0.634704
0.634712
0.634724
0.634732
0.634744
0.634752
0.634763
0.634771
0.634783
0.634791
0.634803
0.634811
0.634822
0.634831
0.634842
0.634851
0.634862
0.634871
0.634882
0.634891
0.634902
0.634911
0.634921
0.634930
0.634941
0.634950
0.634961
0.634970
0.634981
0.634990
0.635001
0.635010
0.635021
0.635031
0.635041
0.635051
0.635061
0.635071
0.635081
0.635091
0.635101
0.635111
0.635121
0.635131
0.635141
0.635151
0.635161
0.635171
0.635182
0.635191
0.635202
0.635211
0.635222
0.635232
0.635242
0.635252
0.635262
0.635272
0.635282
0.635292
0.635302
0.635312
0.635323
0.635333
0.635343
0.635353
0.635363
0.635373
0.635383
0.635393
0.635403
0.635413
0.635424
0.635434
0.635444
0.635454
0.635464
0.635474
0.635484
0.635494
0.635504
0.635514
0.635525
0.635535
0.635545
0.635555
0.635565
0.635575
0.635585
0.635595
0.635605
0.635615
0.635626
0.635636
0.635646
0.635656
0.635666
0.635676
0.635686
0.635696
0.635706
0.635716
0.635726
0.635736
0.635746
0.635756
0.635766
0.635776
0.635786
0.635796
0.635806
0.635816
0.635826
0.635836
0.635846
0.635856
0.635866
0.635876
0.635886
0.635896
0.635906
0.635916
0.635926
0.635936
0.635946
0.635956
0.635965
0.635975
0.635985
0.635995
0.636005
0.636015
0.636025
0.636034
0.636044
0.636054
0.636064
0.636074
0.636083
0.636093
0.636103
0.636112
0.636122
0.636132
0.636142
0.636151
0.636161
0.636170
0.636180
0.636190
0.636199
0.636209
0.636218
0.636228
0.636237
0.636247
0.636256
0.636266
0.636275
0.636285
0.636294
0.636304
0.636313
0.636322
0.636332
0.636341
0.636350
0.636359
0.636369
0.636378
0.636387
0.636396
0.636405
0.636415
0.636424
0.636433
0.636442
0.636451
0.636460
0.636469
0.636478
0.636487
0.636496
0.636504
0.636513
0.636522
0.636531
0.636540
0.636548
0.636557
0.636566
0.636574
0.636583
0.636591
0.636600
0.636608
0.636617
0.636625
0.636634
0.636642
0.636650
0.636659
0.636667
0.636675
0.636683
0.636692
0.636700
0.636708
0.636716
0.636724
0.636732
0.636740
0.636747
0.636755
0.636763
0.636771
0.636778
0.636786
0.636794
0.636801
0.636809
0.636816
0.636824
0.636831
0.636838
0.636845
0.636853
0.636860
0.636867
0.636874
0.636881
0.636888
0.636895
0.636902
0.636909
0.636915
0.636922
0.636929
0.636935
0.636942
0.636948
0.636954
0.636961
0.636967
0.636973
0.636979
0.636985
0.636991
0.636997
0.637003
0.637009
0.637015
0.637020
0.637026
0.637032
0.637037
0.637042
0.637048
0.637053
0.637058
0.637063
0.637068
0.637073
0.637078
0.637083
0.637088
0.637092
0.637097
0.637101
0.637106
0.637110
0.637114
0.637118
0.637123
0.637127
0.637130
0.637134
0.637138
0.637142
0.637145
0.637148
0.637152
0.637155
0.637158
0.637161
0.637164
0.637167
0.637170
0.637173
0.637175
0.637178
0.637180
0.637182
0.637184
0.637186
0.637188
0.637190
0.637192
0.637194
0.637195
0.637197
0.637198
0.637199
0.637200
0.637201
0.637202
0.637203
0.637203
0.637204
0.637204
0.637204
0.637204
0.637204
0.637204
0.637204
0.637204
0.637203
0.637202
0.637202
0.637201
0.637200
0.637198
0.637197
0.637196
0.637194
0.637192
0.637191
0.637189
0.637186
0.637184
0.637182
0.637179
0.637176
0.637174
0.637171
0.637167
0.637164
0.637161
0.637157
0.637153
0.637149
0.637145
0.637141
0.637137
0.637132
0.637127
0.637123
0.637118
0.637112
0.637107
0.637102
0.637096
0.637090
0.637084
0.637078
0.637071
0.637065
0.637058
0.637051
0.637044
0.637037
0.637030
0.637022
0.637014
0.637006
0.636998
0.636990
0.636981
0.636973
0.636964
0.636955
0.636945
0.636936
0.636926
0.636917
0.636907
0.636896
0.636886
0.636876
0.636865
0.636854
0.636843
0.636831
0.636820
0.636808
0.636796
0.636785
0.636770
0.636761
0.636744
0.636737
0.636714
0.636718
0.636677
0.636710
0.636625
0.636742
0.636552
0.636926
0.636560
0.637529
0.637122
0.638059
0.637808
0.638261
0.638097
0.638383
0.638245
0.638447
0.638316
0.638456
0.638325
0.638433
0.638311
0.638406
0.638295
0.638386
0.638285
0.638377
0.638282
0.638374
0.638282
0.638376
0.638285
0.638380
0.638380
0.638288
0.638387
0.638292
0.638396
0.638297
0.638407
0.638304
0.638420
0.638311
0.638436
0.638321
0.638455
0.638334
0.638478
0.638350
0.638503
0.638369
0.638531
0.638393
0.638563
0.638421
0.638595
0.638453
0.638629
0.638486
0.638662
0.638521
0.638693
0.638555
0.638723
0.638588
0.638750
0.638619
0.638775
0.638648
0.638797
0.638674
0.638817
0.638698
0.638835
0.638719
0.638852
0.638739
0.638868
0.638757
0.638883
0.638773
0.638898
0.638789
0.638912
0.638803
0.638926
0.638817
0.638940
0.638831
0.638954
0.638845
0.638969
0.638858
0.638985
0.638872
0.639001
0.638886
0.639018
0.638901
0.639036
0.638917
0.639055
0.638933
0.639075
0.638951
0.639096
0.638970
0.639117
0.638990
0.639140
0.639011
0.639162
0.639033
0.639185
0.639055
0.639208
0.639078
0.639230
0.639100
0.639252
0.639122
0.639274
0.639144
0.639294
0.639165
0.639314
0.639185
0.639333
0.639205
0.639351
0.639224
0.639369
0.639242
0.639386
0.639259
0.639403
0.639276
0.639419
0.639293
0.639436
0.639309
0.639452
0.639324
0.639469
0.639340
0.639485
0.639356
0.639502
0.639372
0.639519
0.639388
0.639536
0.639404
0.639554
0.639421
0.639572
0.639438
0.639591
0.639456
0.639609
0.639474
0.639628
0.639492
0.639647
0.639510
0.639666
0.639529
0.639685
0.639547
0.639703
0.639566
0.639722
0.639584
0.639740
0.639603
0.639759
0.639621
0.639777
0.639638
0.639794
0.639656
0.639812
0.639673
0.639830
0.639691
0.639847
0.639708
0.639864
0.639725
0.639881
0.639742
0.639899
0.639758
0.639916
0.639775
0.639933
0.639792
0.639951
0.639809
0.639969
0.639826
0.639986
0.639843
0.640004
0.639861
0.640022
0.639878
0.640040
0.639896
0.640058
0.639913
0.640076
0.639931
0.640094
0.639948
0.640112
0.639966
0.640130
0.639984
0.640148
0.640001
0.640166
0.640019
0.640183
0.640036
0.640201
0.640054
0.640219
0.640071
0.640236
0.640088
0.640254
0.640105
0.640272
0.640123
0.640289
0.640140
0.640307
0.640157
0.640325
0.640174
0.640342
0.640192
0.640360
0.640209
0.640378
0.640226
0.640395
0.640244
0.640413
0.640261
0.640431
0.640278
0.640449
0.640296
0.640466
0.640313
0.640484
0.640331
0.640502
0.640348
0.640520
0.640365
0.640537
0.640383
0.640555
0.640400
0.640573
0.640418
0.640591
0.640435
0.640608
0.640452
0.640626
0.640470
0.640644
0.640487
0.640661
0.640504
0.640679
0.640522
0.640697
0.640539
0.640714
0.640556
0.640732
0.640573
0.640750
0.640591
0.640767
0.640608
0.640785
0.640625
0.640803
0.640643
0.640820
0.640660
0.640838
0.640677
0.640856
0.640695
0.640873
0.640712
0.640891
0.640729
0.640909
0.640747
0.640926
0.640764
0.640944
0.640781
0.640961
0.640799
0.640979
0.640816
0.640997
0.640833
0.641014
0.640850
0.641032
0.640868
0.641049
0.640885
0.641067
0.640902
0.641085
0.640919
0.641102
0.640937
0.641120
0.640954
0.641137
0.640971
0.641155
0.640988
0.641172
0.641005
0.641190
0.641023
0.641207
0.641040
0.641225
0.641057
0.641242
0.641074
0.641260
0.641091
0.641277
0.641109
0.641295
0.641126
0.641312
0.641143
0.641330
0.641160
0.641347
0.641177
0.641365
0.641194
0.641382
0.641212
0.641400
0.641229
0.641417
0.641246
0.641434
0.641263
0.641452
0.641280
0.641469
0.641297
0.641487
0.641314
0.641504
0.641331
0.641521
0.641348
0.641539
0.641366
0.641556
0.641383
0.641573
0.641400
0.641591
0.641417
0.641608
0.641434
0.641625
0.641451
0.641643
0.641468
0.641660
0.641485
0.641677
0.641502
0.641695
0.641519
0.641712
0.641536
0.641729
0.641553
0.641746
0.641570
0.641764
0.641587
0.641781
0.641604
0.641798
0.641621
0.641815
0.641638
0.641832
0.641654
0.641850
0.641671
0.641867
0.641688
0.641884
0.641705
0.641901
0.641722
0.641918
0.641739
0.641935
0.641756
0.641952
0.641773
0.641970
0.641789
0.641987
0.641806
0.642004
0.641823
0.642021
0.641840
0.642038
0.641857
0.642055
0.641874
0.642072
0.641890
0.642089
0.641907
0.642106
0.641924
0.642123
0.641941
0.642140
0.641957
0.642157
0.641974
0.642174
0.641991
0.642191
0.642008
0.642208
0.642024
0.642225
0.642041
0.642242
0.642058
0.642258
0.642074
0.642275
0.642091
0.642292
0.642108
0.642309
0.642124
0.642326
0.642141
0.642343
0.642158
0.642360
0.642174
0.642376
0.642191
0.642393
0.642207
0.642410
0.642224
0.642427
0.642240
0.642444
0.642257
0.642460
0.642273
0.642477
0.642290
0.642494
0.642307
0.642510
0.642323
0.642527
0.642340
0.642544
0.642356
0.642561
0.642372
0.642577
0.642389
0.642594
0.642405
0.642610
0.642422
0.642627
0.642438
0.642644
0.642455
0.642660
0.642471
0.642677
0.642487
0.642693
0.642504
0.642710
0.642520
0.642726
0.642536
0.642743
0.642553
0.642759
0.642569
0.642776
0.642585
0.642792
0.642602
0.642809
0.642618
0.642825
0.642634
0.642842
0.642650
0.642650
0.642858
0.642667
0.642875
0.642683
0.642891
0.642699
0.642907
0.642715
0.642924
0.642732
0.642940
0.642748
0.642956
0.642764
0.642973
0.642780
0.642989
0.642796
0.643005
0.642812
0.643021
0.642828
0.643038
0.642844
0.643054
0.642861
0.643070
0.642877
0.643086
0.642893
0.643103
0.642909
0.643119
0.642925
0.643135
0.642941
0.643151
0.642957
0.643167
0.642973
0.643183
0.642989
0.643199
0.643005
0.643215
0.643021
0.643232
0.643037
0.643248
0.643052
0.643264
0.643068
0.643280
0.643084
0.643296
0.643100
0.643312
0.643116
0.643328
0.643132
0.643344
0.643148
0.643359
0.643164
0.643375
0.643179
0.643391
0.643195
0.643407
0.643211
0.643423
0.643227
0.643439
0.643242
0.643455
0.643258
0.643471
0.643274
0.643486
0.643290
0.643502
0.643305
0.643518
0.643321
0.643534
0.643337
0.643549
0.643352
0.643565
0.643368
0.643581
0.643383
0.643597
0.643399
0.643612
0.643415
0.643628
0.643430
0.643643
0.643446
0.643659
0.643461
0.643675
0.643477
0.643690
0.643492
0.643706
0.643508
0.643721
0.643523
0.643737
0.643539
0.643752
0.643554
0.643768
0.643570
0.643783
0.643585
0.643799
0.643600
0.643814
0.643616
0.643830
0.643631
0.643845
0.643647
0.643861
0.643662
0.643876
0.643677
0.643891
0.643692
0.643907
0.643708
0.643922
0.643723
0.643937
0.643738
0.643953
0.643754
0.643968
0.643769
0.643983
0.643784
0.643998
0.643799
0.644014
0.643814
0.644029
0.643829
0.644044
0.643845
0.644059
0.643860
0.644074
0.643875
0.644089
0.643890
0.644104
0.643905
0.644119
0.643920
0.644135
0.643935
0.644150
0.643950
0.644165
0.643965
0.644180
0.643980
0.644195
0.643995
0.644210
0.644010
0.644225
0.644025
0.644239
0.644040
0.644254
0.644055
0.644269
0.644070
0.644284
0.644085
0.644299
0.644099
0.644314
0.644114
0.644329
0.644129
0.644343
0.644144
0.644358
0.644159
0.644373
0.644174
0.644388
0.644188
0.644402
0.644203
0.644417
0.644218
0.644432
0.644232
0.644447
0.644247
0.644461
0.644262
0.644476
0.644276
0.644490
0.644291
0.644505
0.644306
0.644520
0.644320
0.644534
0.644335
0.644549
0.644349
0.644563
0.644364
0.644578
0.644379
0.644592
0.644393
0.644607
0.644408
0.644621
0.644422
0.644635
0.644436
0.644650
0.644451
0.644664
0.644465
0.644679
0.644480
0.644693
0.644494
0.644707
0.644509
0.644721
0.644523
0.644736
0.644537
0.644750
0.644552
0.644764
0.644566
0.644778
0.644580
0.644793
0.644594
0.644807
0.644609
0.644821
0.644623
0.644835
0.644637
0.644849
0.644651
0.644863
0.644665
0.644877
0.644680
0.644891
0.644694
0.644905
0.644708
0.644919
0.644722
0.644933
0.644736
0.644947
0.644750
0.644961
0.644764
0.644975
0.644778
0.644989
0.644792
0.645003
0.644806
0.645017
0.644820
0.645031
0.644834
0.645045
0.644848
0.645058
0.644862
0.645072
0.644876
0.645086
0.644890
0.645100
0.644904
0.645113
0.644917
0.645127
0.644931
0.645141
0.644945
0.645154
0.644959
0.645168
0.644973
0.645182
0.644986
0.645195
0.645000
0.645209
0.645014
0.645222
0.645027
0.645236
0.645041
0.645249
0.645055
0.645263
0.645068
0.645276
0.645082
0.645290
0.645096
0.645303
0.645109
0.645317
0.645123
0.645330
0.645136
0.645343
0.645150
0.645357
0.645163
0.645370
0.645177
0.645383
0.645190
0.645397
0.645204
0.645410
0.645217
0.645423
0.645231
0.645436
0.645244
0.645450
0.645257
0.645463
0.645271
0.645476
0.645284
0.645489
0.645297
0.645502
0.645311
0.645515
0.645324
0.645528
0.645337
0.645541
0.645350
0.645554
0.645364
0.645567
0.645377
0.645580
0.645390
0.645593
0.645403
0.645606
0.645416
0.645619
0.645430
0.645632
0.645443
0.645645
0.645456
0.645658
0.645469
0.645671
0.645482
0.645683
0.645495
0.645696
0.645508
0.645709
0.645521
0.645722
0.645534
0.645734
0.645547
0.645747
0.645560
0.645760
0.645573
0.645773
0.645586
0.645785
0.645599
0.645798
0.645611
0.645810
0.645624
0.645823
0.645637
0.645836
0.645650
0.645848
0.645663
0.645861
0.645675
0.645873
0.645688
0.645886
0.645701
0.645898
0.645714
0.645911
0.645726
0.645923
0.645739
0.645935
0.645752
0.645948
0.645764
0.645960
0.645777
0.645972
0.645790
0.645985
0.645802
0.645997
0.645815
0.646009
0.645827
0.646022
0.645840
0.646034
0.645852
0.646046
0.645865
0.646058
0.645877
0.646070
0.645890
0.646083
0.645902
0.646095
0.645915
0.646107
0.645927
0.646119
0.645939
0.646131
0.645952
0.646143
0.645964
0.646155
0.645976
0.646167
0.645989
0.646179
0.646001
0.646191
0.646013
0.646203
0.646026
0.646215
0.646038
0.646227
0.646050
0.646239
0.646062
0.646250
0.646074
0.646262
0.646087
0.646274
0.646099
0.646286
0.646111
0.646298
0.646123
0.646309
0.646135
0.646321
0.646147
0.646333
0.646159
0.646345
0.646171
0.646356
0.646183
0.646368
0.646195
0.646380
0.646380
0.646207
0.646391
0.646219
0.646403
0.646231
0.646414
0.646243
0.646426
0.646255
0.646438
0.646267
0.646449
0.646279
0.646461
0.646291
0.646472
0.646303
0.646484
0.646314
0.646495
0.646326
0.646506
0.646338
0.646518
0.646350
0.646529
0.646362
0.646541
0.646373
0.646552
0.646385
0.646563
0.646397
0.646575
0.646409
0.646586
0.646420
0.646597
0.646432
0.646608
0.646444
0.646620
0.646455
0.646631
0.646467
0.646642
0.646478
0.646653
0.646490
0.646664
0.646502
0.646676
0.646513
0.646687
0.646525
0.646698
0.646536
0.646709
0.646548
0.646720
0.646559
0.646731
0.646571
0.646742
0.646582
0.646753
0.646593
0.646764
0.646605
0.646775
0.646616
0.646786
0.646628
0.646797
0.646639
0.646808
0.646650
0.646819
0.646662
0.646830
0.646673
0.646841
0.646684
0.646852
0.646696
0.646862
0.646707
0.646873
0.646718
0.646884
0.646730
0.646895
0.646741
0.646906
0.646752
0.646916
0.646763
0.646927
0.646774
0.646938
0.646786
0.646948
0.646797
0.646959
0.646808
0.646970
0.646819
0.646980
0.646830
0.646991
0.646841
0.647002
0.646852
0.647012
0.646863
0.647023
0.646874
0.647033
0.646885
0.647044
0.646897
0.647055
0.646908
0.647065
0.646919
0.647076
0.646930
0.647086
0.646941
0.647097
0.646951
0.647107
0.646962
0.647117
0.646973
0.647128
0.646984
0.647138
0.646995
0.647149
0.647006
0.647159
0.647017
0.647169
0.647028
0.647180
0.647039
0.647190
0.647050
0.647200
0.647060
0.647211
0.647071
0.647221
0.647082
0.647231
0.647093
0.647242
0.647104
0.647252
0.647114
0.647262
0.647125
0.647272
0.647136
0.647283
0.647147
0.647293
0.647157
0.647303
0.647168
0.647313
0.647179
0.647323
0.647189
0.647333
0.647200
0.647343
0.647211
0.647354
0.647221
0.647364
0.647232
0.647374
0.647243
0.647384
0.647253
0.647394
0.647264
0.647404
0.647274
0.647414
0.647285
0.647424
0.647295
0.647434
0.647306
0.647444
0.647317
0.647454
0.647327
0.647464
0.647338
0.647474
0.647348
0.647484
0.647359
0.647494
0.647369
0.647503
0.647380
0.647513
0.647390
0.647523
0.647401
0.647533
0.647411
0.647543
0.647421
0.647553
0.647432
0.647563
0.647442
0.647572
0.647453
0.647582
0.647463
0.647592
0.647473
0.647602
0.647484
0.647612
0.647494
0.647621
0.647505
0.647631
0.647515
0.647641
0.647525
0.647651
0.647536
0.647660
0.647546
0.647670
0.647556
0.647680
0.647566
0.647689
0.647577
0.647699
0.647587
0.647709
0.647597
0.647718
0.647608
0.647728
0.647618
0.647738
0.647628
0.647747
0.647638
0.647757
0.647649
0.647766
0.647659
0.647776
0.647669
0.647786
0.647679
0.647795
0.647689
0.647805
0.647700
0.647814
0.647710
0.647824
0.647720
0.647833
0.647730
0.647843
0.647740
0.647852
0.647750
0.647862
0.647761
0.647871
0.647771
0.647881
0.647781
0.647890
0.647791
0.647900
0.647801
0.647909
0.647811
0.647919
0.647821
0.647928
0.647831
0.647937
0.647841
0.647947
0.647851
0.647956
0.647862
0.647966
0.647872
0.647975
0.647882
0.647984
0.647892
0.647994
0.647902
0.648003
0.647912
0.648012
0.647922
0.648022
0.647932
0.648031
0.647942
0.648040
0.647952
0.648050
0.647962
0.648059
0.647972
0.648068
0.647982
0.648078
0.647992
0.648087
0.648002
0.648096
0.648012
0.648106
0.648022
0.648115
0.648032
0.648124
0.648042
0.648133
0.648052
0.648143
0.648062
0.648152
0.648071
0.648161
0.648081
0.648170
0.648091
0.648179
0.648101
0.648189
0.648111
0.648198
0.648121
0.648207
0.648131
0.648216
0.648141
0.648225
0.648151
0.648235
0.648161
0.648244
0.648171
0.648253
0.648180
0.648262
0.648190
0.648271
0.648200
0.648280
0.648210
0.648289
0.648220
0.648299
0.648230
0.648308
0.648240
0.648317
0.648249
0.648326
0.648259
0.648335
0.648269
0.648344
0.648279
0.648353
0.648289
0.648362
0.648299
0.648371
0.648308
0.648380
0.648318
0.648389
0.648328
0.648398
0.648338
0.648408
0.648348
0.648417
0.648358
0.648426
0.648367
0.648435
0.648377
0.648444
0.648387
0.648453
0.648397
0.648462
0.648406
0.648471
0.648416
0.648480
0.648426
0.648489
0.648436
0.648498
0.648446
0.648507
0.648455
0.648516
0.648465
0.648525
0.648475
0.648534
0.648485
0.648543
0.648494
0.648552
0.648504
0.648561
0.648514
0.648570
0.648524
0.648578
0.648533
0.648587
0.648543
0.648596
0.648553
0.648605
0.648563
0.648614
0.648573
0.648623
0.648582
0.648632
0.648592
0.648641
0.648602
0.648650
0.648612
0.648659
0.648621
0.648668
0.648631
0.648677
0.648641
0.648686
0.648651
0.648695
0.648661
0.648704
0.648670
0.648713
0.648680
0.648722
0.648690
0.648731
0.648700
0.648740
0.648710
0.648749
0.648719
0.648758
0.648729
0.648767
0.648739
0.648776
0.648749
0.648785
0.648759
0.648794
0.648769
0.648803
0.648779
0.648812
0.648789
0.648821
0.648799
0.648830
0.648809
0.648839
0.648819
0.648819
0.648848
0.648830
0.648858
0.648840
0.648867
0.648850
0.648876
0.648861
0.648886
0.648871
0.648895
0.648882
0.648905
0.648892
0.648915
0.648903
0.648925
0.648914
0.648935
0.648926
0.648945
0.648937
0.648955
0.648949
0.648966
0.648961
0.648977
0.648973
0.648989
0.648986
0.649000
0.648999
0.649012
0.649012
0.649025
0.649026
0.649039
0.649041
0.649053
0.649057
0.649068
0.649073
0.649084
0.649091
0.649101
0.649110
0.649120
0.649129
0.649139
0.649150
0.649161
0.649173
0.649184
0.649197
0.649209
0.649223
0.649235
0.649250
0.649264
0.649280
0.649294
0.649311
0.649326
0.649344
0.649361
0.649379
0.649397
0.649416
0.649435
0.649455
0.649475
0.649496
0.649518
0.649540
0.649562
0.649585
0.649608
0.649632
0.649657
0.649681
0.649707
0.649733
0.649759
0.649786
0.649813
0.649841
0.649869
0.649897
0.649926
0.649956
0.649985
0.650015
0.650046
0.650077
0.650108
0.650139
0.650171
0.650203
0.650235
0.650267
0.650299
0.650332
0.650365
0.650397
0.650430
0.650463
0.650496
0.650529
0.650561
0.650594
0.650626
0.650658
0.650690
0.650722
0.650754
0.650785
0.650815
0.650846
0.650876
0.650905
0.650934
0.650963
0.650990
0.651018
0.651045
0.651071
0.651096
0.651121
0.651145
0.651169
0.651192
0.651214
0.651235
0.651256
0.651276
0.651295
0.651314
0.651332
0.651349
0.651366
0.651382
0.651397
0.651411
0.651425
0.651438
0.651451
0.651463
0.651474
0.651485
0.651495
0.651505
0.651514
0.651523
0.651531
0.651539
0.651546
0.651553
0.651559
0.651565
0.651571
0.651576
0.651581
0.651586
0.651591
0.651595
0.651599
0.651602
0.651606
0.651609
0.651612
0.651615
0.651618
0.651621
0.651623
0.651625
0.651628
0.651630
0.651632
0.651634
0.651636
0.651638
0.651640
0.651642
0.651644
0.651646
0.651648
0.651650
0.651652
0.651654
0.651656
0.651659
0.651661
0.651663
0.651665
0.651668
0.651670
0.651672
0.651675
0.651677
0.651680
0.651683
0.651686
0.651688
0.651691
0.651694
0.651697
0.651700
0.651704
0.651707
0.651710
0.651714
0.651717
0.651720
0.651724
0.651728
0.651731
0.651735
0.651739
0.651743
0.651746
0.651750
0.651754
0.651758
0.651762
0.651766
0.651770
0.651774
0.651779
0.651783
0.651787
0.651791
0.651795
0.651799
0.651803
0.651808
0.651812
0.651816
0.651820
0.651824
0.651829
0.651833
0.651837
0.651841
0.651845
0.651849
0.651853
0.651857
0.651861
0.651865
0.651869
0.651873
0.651877
0.651881
0.651885
0.651888
0.651892
0.651896
0.651900
0.651903
0.651907
0.651910
0.651914
0.651917
0.651921
0.651924
0.651928
0.651931
0.651934
0.651937
0.651941
0.651944
0.651947
0.651950
0.651953
0.651956
0.651959
0.651961
0.651964
0.651967
0.651970
0.651972
0.651975
0.651978
0.651980
0.651983
0.651985
0.651988
0.651990
0.651992
0.651995
0.651997
0.651999
0.652001
0.652003
0.652006
0.652008
0.652010
0.652012
0.652014
0.652016
0.652017
0.652019
0.652021
0.652023
0.652025
0.652026
0.652028
0.652030
0.652031
0.652033
0.652035
0.652036
0.652038
0.652039
0.652041
0.652042
0.652043
0.652045
0.652046
0.652047
0.652049
0.652050
0.652051
0.652053
0.652054
0.652055
0.652056
0.652057
0.652058
0.652060
0.652061
0.652062
0.652063
0.652064
0.652065
0.652066
0.652067
0.652068
0.652069
0.652070
0.652071
0.652071
0.652072
0.652073
0.652074
0.652075
0.652076
0.652076
0.652077
0.652078
0.652079
0.652079
0.652080
0.652081
0.652082
0.652082
0.652083
0.652084
0.652084
0.652085
0.652085
0.652086
0.652087
0.652087
0.652088
0.652088
0.652089
0.652089
0.652090
0.652090
0.652091
0.652091
0.652092
0.652092
0.652093
0.652093
0.652094
0.652094
0.652094
0.652095
0.652095
0.652096
0.652096
0.652096
0.652097
0.652097
0.652097
0.652098
0.652098
0.652098
0.652098
0.652099
0.652099
0.652099
0.652100
0.652100
0.652100
0.652100
0.652100
0.652101
0.652101
0.652101
0.652101
0.652101
0.652102
0.652102
0.652102
0.652102
0.652102
0.652102
0.652103
0.652103
0.652103
0.652103
0.652103
0.652103
0.652103
0.652103
0.652103
0.652104
0.652104
0.652104
0.652104
0.652104
0.652104
0.652104
0.652104
0.652104
0.652104
0.652104
0.652104
0.652104
0.652104
0.652104
0.652104
0.652104
0.652104
0.652104
0.652104
0.652104
0.652104
0.652104
0.652104
0.652104
0.652104
0.652104
0.652104
0.652104
0.652104
0.652104
0.652104
0.652104
0.652103
0.652103
0.652103
0.652103
0.652103
0.652103
0.652103
0.652103
0.652103
0.652103
0.652103
0.652102
0.652102
0.652102
0.652102
0.652102
0.652102
0.652102
0.652102
0.652101
0.652101
0.652101
0.652101
0.652101
0.652101
0.652100
0.652100
0.652100
0.652100
0.652100
0.652100
0.652099
0.652099
0.652099
0.652099
0.652099
0.652098
0.652098
0.652098
0.652098
0.652097
0.652097
0.652097
0.652097
0.652097
0.652096
0.652096
0.652096
0.652096
0.652096
0.652095
0.652095
0.652095
0.652095
0.652094
0.652094
0.652094
0.652093
0.652093
0.652093
0.652093
0.652092
0.652092
0.652092
0.652091
0.652091
0.652091
0.652091
0.652090
0.652090
0.652090
0.652089
0.652089
0.652089
0.652088
0.652088
0.652088
0.652087
0.652087
0.652087
0.652086
0.652086
0.652086
0.652085
0.652085
0.652084
0.652084
0.652084
0.652083
0.652083
0.652083
0.652082
0.652082
0.652081
0.652081
0.652081
0.652080
0.652080
0.652079
0.652079
0.652079
0.652078
0.652078
0.652077
0.652077
0.652076
0.652076
0.652075
0.652075
0.652075
0.652074
0.652074
0.652073
0.652073
0.652072
0.652072
0.652071
0.652071
0.652070
0.652070
0.652069
0.652069
0.652068
0.652068
0.652067
0.652067
0.652066
0.652066
0.652065
0.652065
0.652064
0.652064
0.652063
0.652063
0.652062
0.652062
0.652061
0.652060
0.652060
0.652059
0.652059
0.652058
0.652058
0.652057
0.652056
0.652056
0.652055
0.652055
0.652054
0.652054
0.652053
0.652052
0.652052
0.652051
0.652050
0.652050
0.652049
0.652049
0.652048
0.652047
0.652047
0.652046
0.652045
0.652045
0.652044
0.652043
0.652043
0.652042
0.652041
0.652041
0.652040
0.652039
0.652039
0.652038
0.652037
0.652037
0.652036
0.652035
0.652034
0.652034
0.652033
0.652032
0.652032
0.652031
0.652030
0.652029
0.652029
0.652028
0.652027
0.652026
0.652026
0.652025
0.652024
0.652023
0.652022
0.652022
0.652021
0.652020
0.652019
0.652019
0.652018
0.652017
0.652016
0.652015
0.652014
0.652014
0.652013
0.652012
0.652011
0.652010
0.652009
0.652009
0.652008
0.652007
0.652006
0.652005
0.652004
0.652003
0.652003
0.652002
0.652001
0.652000
0.651999
0.651998
0.651997
0.651996
0.651995
0.651995
0.651994
0.651993
0.651992
0.651991
0.651990
0.651989
0.651988
0.651987
0.651986
0.651985
0.651984
0.651983
0.651982
0.651981
0.651980
0.651979
0.651978
0.651977
0.651976
0.651975
0.651974
0.651973
0.651972
0.651971
0.651970
0.651969
0.651968
0.651967
0.651966
0.651965
0.651964
0.651963
0.651962
0.651961
0.651960
0.651959
0.651958
0.651957
0.651956
0.651955
0.651953
0.651952
0.651951
0.651950
0.651949
0.651948
0.651947
0.651946
0.651945
0.651944
0.651942
0.651941
0.651940
0.651939
0.651938
0.651937
0.651936
0.651934
0.651933
0.651932
0.651931
0.651930
0.651929
0.651927
0.651926
0.651925
0.651924
0.651923
0.651921
0.651920
0.651919
0.651918
0.651917
0.651915
0.651914
0.651913
0.651912
0.651910
0.651909
0.651908
0.651907
0.651905
0.651904
0.651903
0.651902
0.651900
0.651899
0.651898
0.651896
0.651895
0.651894
0.651893
0.651891
0.651890
0.651889
0.651887
0.651886
0.651885
0.651883
0.651882
0.651881
0.651879
0.651878
0.651877
0.651875
0.651874
0.651873
0.651871
0.651870
0.651868
0.651867
0.651866
0.651864
0.651863
0.651862
0.651860
0.651859
0.651857
0.651856
0.651855
0.651853
0.651852
0.651850
0.651849
0.651847
0.651846
0.651845
0.651843
0.651842
0.651840
0.651839
0.651837
0.651836
0.651834
0.651833
0.651831
0.651830
0.651828
0.651827
0.651825
0.651824
0.651822
0.651821
0.651819
0.651818
0.651816
0.651815
0.651813
0.651812
0.651810
0.651809
0.651807
0.651806
0.651804
0.651802
0.651801
0.651799
0.651798
0.651796
0.651795
0.651793
0.651792
0.651790
0.651788
0.651787
0.651785
0.651784
0.651782
0.651780
0.651779
0.651777
0.651776
0.651774
0.651772
0.651771
0.651769
0.651767
0.651766
0.651764
0.651762
0.651761
0.651759
0.651757
0.651756
0.651754
0.651752
0.651751
0.651749
0.651747
0.651746
0.651744
0.651742
0.651741
0.651739
0.651737
0.651735
0.651734
0.651732
0.651730
0.651728
0.651727
0.651725
0.651723
0.651721
0.651720
0.651718
0.651716
0.651714
0.651713
0.651711
0.651709
0.651707
0.651705
0.651704
0.651702
0.651700
0.651698
0.651697
0.651695
0.651693
0.651691
0.651689
0.651688
0.651686
0.651684
0.651682
0.651680
0.651679
0.651677
0.651675
0.651673
0.651672
0.651670
0.651668
0.651666
0.651665
0.651663
0.651661
0.651660
0.651658
0.651656
0.651654
0.651653
0.651651
0.651649
0.651648
0.651646
0.651644
0.651643
0.651641
0.651639
0.651637
0.651636
0.651634
0.651632
0.651630
0.651629
0.651627
0.651625
0.651623
0.651621
0.651619
0.651616
0.651614
0.651612
0.651609
0.651607
0.651604
0.651601
0.651598
0.651595
0.651592
0.651589
0.651585
0.651581
0.651577
0.651573
0.651569
0.651564
0.651559
0.651554
0.651549
0.651543
0.651537
0.651531
0.651524
0.651517
0.651510
0.651503
0.651495
0.651488
0.651479
0.651471
0.651463
0.651454
0.651445
0.651436
0.651427
0.651418
0.651409
0.651400
0.651391
0.651382
0.651374
0.651367
0.651360
0.651354
0.651350
0.651347
0.651346
0.651347
0.651352
0.651360
0.651373
0.651392
0.651419
0.651455
0.651503
0.651565
0.651565
0.651645
0.651743
0.651862
0.652001
0.652155
0.652319
0.652483
0.652640
0.652782
0.652903
0.653000
0.653069
0.653114
0.653135
0.653136
0.653122
0.653096
0.653062
0.653022
0.652980
0.652937
0.652894
0.652851
0.652809
0.652767
0.652725
0.652682
0.652637
0.652590
0.652541
0.652489
0.652436
0.652382
0.652326
0.652270
0.652214
0.652158
0.652103
0.652048
0.651994
0.651941
0.651889
0.651838
0.651788
0.651739
0.651691
0.651644
0.651599
0.651554
0.651510
0.651466
0.651424
0.651382
0.651340
0.651299
0.651259
0.651218
0.651178
0.651137
0.651097
0.651057
0.651016
0.650975
0.650934
0.650893
0.650852
0.650810
0.650768
0.650725
0.650682
0.650639
0.650595
0.650551
0.650507
0.650463
0.650418
0.650373
0.650328
0.650282
0.650236
0.650191
0.650145
0.650099
0.650053
0.650007
0.649961
0.649915
0.649870
0.649824
0.649779
0.649734
0.649689
0.649644
0.649599
0.649555
0.649512
0.649468
0.649425
0.649382
0.649340
0.649298
0.649256
0.649215
0.649174
0.649134
0.649094
0.649054
0.649015
0.648976
0.648938
0.648900
0.648863
0.648826
0.648789
0.648753
0.648717
0.648682
0.648647
0.648612
0.648578
0.648544
0.648510
0.648477
0.648444
0.648412
0.648379
0.648348
0.648316
0.648285
0.648254
0.648224
0.648193
0.648163
0.648134
0.648104
0.648075
0.648046
0.648018
0.647989
0.647961
0.647933
0.647906
0.647878
0.647851
0.647824
0.647798
0.647771
0.647745
0.647719
0.647693
0.647667
0.647642
0.647616
0.647591
0.647566
0.647542
0.647517
0.647493
0.647469
0.647445
0.647421
0.647397
0.647373
0.647350
0.647327
0.647304
0.647281
0.647258
0.647235
0.647213
0.647190
0.647168
0.647146
0.647124
0.647102
0.647080
0.647059
0.647037
0.647016
0.646995
0.646974
0.646953
0.646932
0.646911
0.646890
0.646870
0.646849
0.646829
0.646809
0.646789
0.646769
0.646749
0.646730
0.646710
0.646690
0.646671
0.646652
0.646633
0.646614
0.646595
0.646576
0.646557
0.646538
0.646520
0.646502
0.646483
0.646465
0.646447
0.646429
0.646411
0.646393
0.646376
0.646358
0.646341
0.646323
0.646306
0.646289
0.646272
0.646255
0.646238
0.646221
0.646205
0.646188
0.646172
0.646156
0.646139
0.646123
0.646107
0.646091
0.646076
0.646060
0.646044
0.646029
0.646014
0.645998
0.645983
0.645968
0.645953
0.645939
0.645924
0.645909
0.645895
0.645880
0.645866
0.645852
0.645838
0.645824
0.645810
0.645796
0.645783
0.645769
0.645756
0.645742
0.645729
0.645716
0.645703
0.645690
0.645677
0.645665
0.645652
0.645639
0.645627
0.645615
0.645603
0.645591
0.645579
0.645567
0.645555
0.645543
0.645532
0.645520
0.645509
0.645498
0.645487
0.645476
0.645465
0.645454
0.645443
0.645432
0.645422
0.645411
0.645401
0.645391
0.645381
0.645371
0.645361
0.645351
0.645341
0.645331
0.645322
0.645312
0.645303
0.645294
0.645284
0.645275
0.645266
0.645258
0.645249
0.645240
0.645231
0.645223
0.645214
0.645206
0.645198
0.645190
0.645182
0.645174
0.645166
0.645158
0.645150
0.645143
0.645135
0.645128
0.645120
0.645113
0.645106
0.645099
0.645092
0.645085
0.645078
0.645071
0.645065
0.645058
0.645051
0.645045
0.645039
0.645032
0.645026
0.645020
0.645014
0.645008
0.645002
0.644997
0.644991
0.644985
0.644980
0.644974
0.644969
0.644964
0.644958
0.644953
0.644948
0.644943
0.644938
0.644933
0.644928
0.644924
0.644919
0.644915
0.644910
0.644906
0.644901
0.644897
0.644893
0.644889
0.644885
0.644881
0.644877
0.644873
0.644869
0.644865
0.644862
0.644858
0.644854
0.644851
0.644848
0.644844
0.644841
0.644838
0.644835
0.644832
0.644829
0.644826
0.644823
0.644820
0.644817
0.644814
0.644812
0.644809
0.644807
0.644804
0.644802
0.644800
0.644797
0.644795
0.644793
0.644791
0.644789
0.644787
0.644785
0.644783
0.644781
0.644779
0.644778
0.644776
0.644774
0.644773
0.644771
0.644770
0.644769
0.644767
0.644766
0.644765
0.644764
0.644763
0.644761
0.644760
0.644759
0.644759
0.644758
0.644757
0.644756
0.644755
0.644755
0.644754
0.644754
0.644753
0.644753
0.644752
0.644752
0.644751
0.644751
0.644751
0.644751
0.644751
0.644751
0.644750
0.644750
0.644751
0.644751
0.644751
0.644751
0.644751
0.644751
0.644752
0.644752
0.644752
0.644753
0.644753
0.644754
0.644754
0.644755
0.644755
0.644756
0.644757
0.644758
0.644758
0.644759
0.644760
0.644761
0.644762
0.644763
0.644764
0.644765
0.644766
0.644767
0.644768
0.644769
0.644771
0.644772
0.644773
0.644774
0.644776
0.644777
0.644779
0.644780
0.644782
0.644783
0.644785
0.644786
0.644788
0.644790
0.644791
0.644793
0.644795
0.644796
0.644798
0.644800
0.644802
0.644804
0.644806
0.644808
0.644810
0.644812
0.644814
0.644816
0.644818
0.644820
0.644822
0.644824
0.644826
0.644829
0.644831
0.644833
0.644835
0.644838
0.644840
0.644842
0.644845
0.644845
