-0.743971
-0.315304
-0.192687
-0.198276
-0.206746
-0.213782
-0.218275
-0.220438
-0.221060
-0.220881
-0.220356
-0.219713
-0.219047
-0.218382
-0.217711
-0.217011
-0.216258
-0.215426
-0.214496
-0.213450
-0.212278
-0.210970
-0.209525
-0.207943
-0.206228
-0.204387
-0.202428
-0.200362
-0.198201
-0.195957
-0.193644
-0.191273
-0.188859
-0.186413
-0.183947
-0.181473
-0.179002
-0.176543
-0.174105
-0.171699
-0.169330
-0.167006
-0.164735
-0.162520
-0.160368
-0.158284
-0.156270
-0.154332
-0.152471
-0.150691
-0.148993
-0.147379
-0.145850
-0.144408
-0.143053
-0.141784
-0.140602
-0.139506
-0.138494
-0.137565
-0.136717
-0.135948
-0.135256
-0.134638
-0.134089
-0.133608
-0.133190
-0.132831
-0.132527
-0.132273
-0.132066
-0.131899
-0.131769
-0.131670
-0.131598
-0.131548
-0.131515
-0.131494
-0.131481
-0.131471
-0.131461
-0.131447
-0.131424
-0.131391
-0.131343
-0.131278
-0.131195
-0.131091
-0.130964
-0.130814
-0.130639
-0.130439
-0.130213
-0.129962
-0.129685
-0.129383
-0.129056
-0.128706
-0.128332
-0.127937
-0.127521
-0.127085
-0.126631
-0.126160
-0.125673
-0.125171
-0.124656
-0.124130
-0.123593
-0.123046
-0.122492
-0.121932
-0.121366
-0.120796
-0.120223
-0.119649
-0.119073
-0.118499
-0.117925
-0.117355
-0.116787
-0.116225
-0.115667
-0.115116
-0.114572
-0.114035
-0.113507
-0.112988
-0.112479
-0.111981
-0.111494
-0.111018
-0.110554
-0.110103
-0.109665
-0.109240
-0.108829
-0.108432
-0.108049
-0.107681
-0.107328
-0.106990
-0.106667
-0.106359
-0.106067
-0.105790
-0.105529
-0.105283
-0.105053
-0.104838
-0.104639
-0.104455
-0.104287
-0.104134
-0.103995
-0.103872
-0.103764
-0.103670
-0.103591
-0.103526
-0.103474
-0.103437
-0.103413
-0.103403
-0.103405
-0.103420
-0.103448
-0.103488
-0.103540
-0.103603
-0.103678
-0.103764
-0.103861
-0.103969
-0.104087
-0.104214
-0.104352
-0.104498
-0.104654
-0.104819
-0.104992
-0.105174
-0.105363
-0.105561
-0.105765
-0.105977
-0.106196
-0.106422
-0.106654
-0.106892
-0.107137
-0.107386
-0.107642
-0.107902
-0.108168
-0.108438
-0.108713
-0.108992
-0.109276
-0.109563
-0.109854
-0.110148
-0.110446
-0.110746
-0.111050
-0.111356
-0.111665
-0.111976
-0.112289
-0.112604
-0.112921
-0.113239
-0.113559
-0.113880
-0.114202
-0.114525
-0.114849
-0.115174
-0.115498
-0.115823
-0.116149
-0.116474
-0.116799
-0.117124
-0.117448
-0.117771
-0.118094
-0.118416
-0.118737
-0.119057
-0.119376
-0.119693
-0.120009
-0.120323
-0.120635
-0.120946
-0.121254
-0.121560
-0.121864
-0.122166
-0.122465
-0.122762
-0.123055
-0.123347
-0.123635
-0.123920
-0.124202
-0.124481
-0.124757
-0.125029
-0.125297
-0.125562
-0.125824
-0.126081
-0.126335
-0.126585
-0.126831
-0.127072
-0.127309
-0.127543
-0.127771
-0.127995
-0.128215
-0.128430
-0.128641
-0.128846
-0.129047
-0.129243
-0.129434
-0.129620
-0.129801
-0.129977
-0.130147
-0.130312
-0.130472
-0.130627
-0.130776
-0.130919
-0.131057
-0.131190
-0.131316
-0.131437
-0.131553
-0.131662
-0.131766
-0.131864
-0.131956
-0.132042
-0.132122
-0.132197
-0.132265
-0.132327
-0.132383
-0.132433
-0.132477
-0.132515
-0.132547
-0.132572
-0.132591
-0.132604
-0.132611
-0.132612
-0.132607
-0.132595
-0.132577
-0.132553
-0.132523
-0.132486
-0.132443
-0.132394
-0.132339
-0.132278
-0.132210
-0.132136
-0.132056
-0.131970
-0.131878
-0.131779
-0.131675
-0.131564
-0.131447
-0.131324
-0.131195
-0.131060
-0.130919
-0.130771
-0.130618
-0.130459
-0.130293
-0.130122
-0.129944
-0.129761
-0.129572
-0.129376
-0.129175
-0.128967
-0.128754
-0.128535
-0.128309
-0.128078
-0.127841
-0.127597
-0.127348
-0.127093
-0.126831
-0.126564
-0.126290
-0.126011
-0.125725
-0.125433
-0.125136
-0.124832
-0.124522
-0.124206
-0.123884
-0.123555
-0.123221
-0.122880
-0.122533
-0.122179
-0.121817
-0.121447
-0.121068
-0.120678
-0.120276
-0.119861
-0.119430
-0.118985
-0.118526
-0.118054
-0.117572
-0.117084
-0.116593
-0.116102
-0.115614
-0.115131
-0.114656
-0.114189
-0.113731
-0.113281
-0.112839
-0.112405
-0.111976
-0.111552
-0.111132
-0.110714
-0.110298
-0.109882
-0.109466
-0.109050
-0.108632
-0.108212
-0.107790
-0.107366
-0.106939
-0.106510
-0.106078
-0.105643
-0.105206
-0.104765
-0.104321
-0.103875
-0.103426
-0.102973
-0.102518
-0.102060
-0.101599
-0.101135
-0.100668
-0.100198
-0.099726
-0.099251
-0.098773
-0.098293
-0.097810
-0.097324
-0.096836
-0.096346
-0.095853
-0.095357
-0.094859
-0.094359
-0.093856
-0.093351
-0.092844
-0.092334
-0.091823
-0.091308
-0.090792
-0.090273
-0.089753
-0.089230
-0.088705
-0.088177
-0.087648
-0.087117
-0.086583
-0.086047
-0.085510
-0.084970
-0.084428
-0.083884
-0.083339
-0.082791
-0.082241
-0.081689
-0.081136
-0.080580
-0.080023
-0.079463
-0.078902
-0.078339
-0.077774
-0.077207
-0.076638
-0.076068
-0.075495
-0.074921
-0.074345
-0.073768
-0.073188
-0.072607
-0.072024
-0.071440
-0.070854
-0.070266
-0.069676
-0.069085
-0.068492
-0.067897
-0.067301
-0.066703
-0.066104
-0.065503
-0.064900
-0.064296
-0.063690
-0.063083
-0.062474
-0.061864
-0.061252
-0.060639
-0.060024
-0.059408
-0.058791
-0.058172
-0.057551
-0.056929
-0.056306
-0.055681
-0.055055
-0.054428
-0.053799
-0.053169
-0.052538
-0.051905
-0.051271
-0.050636
-0.049999
-0.049362
-0.049362
-0.048723
-0.048082
-0.047441
-0.046799
-0.046155
-0.045510
-0.044864
-0.044217
-0.043569
-0.042920
-0.042270
-0.041619
-0.040967
-0.040314
-0.039660
-0.039005
-0.038349
-0.037693
-0.037035
-0.036377
-0.035718
-0.035058
-0.034398
-0.033737
-0.033075
-0.032413
-0.031750
-0.031087
-0.030423
-0.029758
-0.029094
-0.028429
-0.027763
-0.027097
-0.026432
-0.025765
-0.025099
-0.024433
-0.023767
-0.023100
-0.022434
-0.021768
-0.021102
-0.020437
-0.019771
-0.019106
-0.018442
-0.017778
-0.017114
-0.016451
-0.015789
-0.015128
-0.014467
-0.013807
-0.013149
-0.012491
-0.011835
-0.011179
-0.010525
-0.009872
-0.009221
-0.008571
-0.007923
-0.007276
-0.006631
-0.005988
-0.005346
-0.004707
-0.004070
-0.003434
-0.002801
-0.002170
-0.001542
-0.000916
-0.000292
0.000329
0.000948
0.001563
0.002177
0.002787
0.003394
0.003998
0.004600
0.005198
0.005793
0.006385
0.006974
0.007559
0.008141
0.008719
0.009294
0.009865
0.010433
0.010997
0.011558
0.012114
0.012667
0.013216
0.013761
0.014303
0.014840
0.015374
0.015903
0.016428
0.016950
0.017467
0.017980
0.018490
0.018995
0.019495
0.019992
0.020485
0.020973
0.021457
0.021938
0.022413
0.022885
0.023353
0.023816
0.024275
0.024730
0.025181
0.025628
0.026071
0.026509
0.026943
0.027374
0.027800
0.028222
0.028640
0.029054
0.029464
0.029870
0.030272
0.030671
0.031065
0.031455
0.031842
0.032225
0.032603
0.032979
0.033350
0.033718
0.034082
0.034442
0.034799
0.035152
0.035502
0.035848
0.036191
0.036531
0.036866
0.037199
0.037528
0.037854
0.038177
0.038497
0.038813
0.039126
0.039436
0.039744
0.040048
0.040349
0.040647
0.040942
0.041234
0.041524
0.041811
0.042095
0.042376
0.042655
0.042931
0.043204
0.043475
0.043744
0.044009
0.044273
0.044534
0.044793
0.045049
0.045303
0.045555
0.045804
0.046052
0.046297
0.046540
0.046781
0.047020
0.047258
0.047493
0.047726
0.047957
0.048187
0.048414
0.048640
0.048864
0.049087
0.049307
0.049526
0.049744
0.049960
0.050174
0.050387
0.050598
0.050808
0.051017
0.051224
0.051429
0.051634
0.051837
0.052039
0.052239
0.052439
0.052637
0.052834
0.053030
0.053225
0.053419
0.053612
0.053804
0.053995
0.054185
0.054374
0.054562
0.054749
0.054936
0.055122
0.055306
0.055491
0.055674
0.055857
0.056039
0.056220
0.056401
0.056581
0.056761
0.056940
0.057118
0.057296
0.057474
0.057651
0.057828
0.058004
0.058180
0.058355
0.058530
0.058705
0.058879
0.059054
0.059227
0.059401
0.059574
0.059747
0.059920
0.060093
0.060266
0.060438
0.060610
0.060783
0.060955
0.061127
0.061299
0.061471
0.061642
0.061814
0.061986
0.062158
0.062330
0.062502
0.062673
0.062845
0.063018
0.063190
0.063362
0.063534
0.063707
0.063879
0.064052
0.064225
0.064398
0.064571
0.064745
0.064918
0.065092
0.065266
0.065441
0.065615
0.065790
0.065965
0.066140
0.066315
0.066491
0.066667
0.066843
0.067020
0.067197
0.067374
0.067551
0.067729
0.067907
0.068086
0.068264
0.068443
0.068623
0.068802
0.068982
0.069162
0.069343
0.069524
0.069705
0.069887
0.070069
0.070252
0.070434
0.070617
0.070801
0.070985
0.071169
0.071353
0.071538
0.071723
0.071909
0.072095
0.072281
0.072468
0.072655
0.072842
0.073030
0.073218
0.073406
0.073595
0.073784
0.073973
0.074163
0.074353
0.074543
0.074734
0.074925
0.075117
0.075309
0.075501
0.075693
0.075886
0.076079
0.076272
0.076466
0.076660
0.076854
0.077049
0.077244
0.077439
0.077634
0.077830
0.078026
0.078222
0.078419
0.078616
0.078813
0.079010
0.079208
0.079406
0.079604
0.079802
0.080001
0.080200
0.080399
0.080598
0.080798
0.080998
0.081198
0.081398
0.081598
0.081799
0.082000
0.082201
0.082402
0.082603
0.082805
0.083007
0.083209
0.083411
0.083613
0.083815
0.084018
0.084220
0.084423
0.084626
0.084829
0.085033
0.085236
0.085439
0.085643
0.085847
0.086050
0.086254
0.086458
0.086662
0.086866
0.087070
0.087275
0.087479
0.087684
0.087888
0.088093
0.088297
0.088502
0.088706
0.088911
0.089116
0.089321
0.089525
0.089730
0.089935
0.090140
0.090345
0.090550
0.090754
0.090959
0.091164
0.091369
0.091574
0.091778
0.091983
0.092188
0.092392
0.092597
0.092802
0.093006
0.093210
0.093415
0.093619
0.093823
0.094028
0.094232
0.094436
0.094640
0.094844
0.095047
0.095251
0.095455
0.095658
0.095862
0.096065
0.096268
0.096471
0.096674
0.096877
0.097080
0.097282
0.097485
0.097687
0.097889
0.098091
0.098293
0.098495
0.098696
0.098898
0.099099
0.099300
0.099501
0.099702
0.099902
0.100103
0.100303
0.100503
0.100703
0.100902
0.101102
0.101301
0.101500
0.101699
0.101898
0.102096
0.102294
0.102490
0.102683
0.102864
0.103018
0.103156
0.103382
0.103726
0.104171
0.104685
0.104920
0.104899
0.104830
0.104811
0.104891
0.105075
0.105347
0.105678
0.106044
0.106422
0.106799
0.107165
0.107516
0.107851
0.108167
0.108467
0.108467
0.108751
0.109020
0.109275
0.109519
0.109752
0.109976
0.110193
0.110402
0.110606
0.110805
0.111000
0.111191
0.111379
0.111565
0.111747
0.111927
0.112105
0.112281
0.112454
0.112626
0.112796
0.112964
0.113131
0.113296
0.113459
0.113622
0.113783
0.113942
0.114101
0.114259
0.114415
0.114571
0.114726
0.114880
0.115033
0.115186
0.115337
0.115488
0.115639
0.115789
0.115938
0.116087
0.116235
0.116382
0.116529
0.116675
0.116821
0.116966
0.117111
0.117255
0.117399
0.117542
0.117685
0.117827
0.117968
0.118109
0.118249
0.118389
0.118528
0.118667
0.118805
0.118943
0.119080
0.119216
0.119352
0.119487
0.119622
0.119756
0.119890
0.120023
0.120155
0.120287
0.120418
0.120549
0.120679
0.120808
0.120937
0.121066
0.121193
0.121320
0.121447
0.121573
0.121698
0.121823
0.121947
0.122071
0.122194
0.122316
0.122438
0.122559
0.122680
0.122800
0.122919
0.123038
0.123156
0.123274
0.123391
0.123508
0.123624
0.123739
0.123854
0.123968
0.124082
0.124195
0.124307
0.124419
0.124531
0.124642
0.124752
0.124861
0.124971
0.125079
0.125187
0.125295
0.125402
0.125508
0.125614
0.125719
0.125824
0.125928
0.126032
0.126135
0.126238
0.126340
0.126441
0.126542
0.126643
0.126742
0.126842
0.126941
0.127039
0.127137
0.127234
0.127331
0.127427
0.127523
0.127618
0.127713
0.127807
0.127900
0.127994
0.128086
0.128178
0.128270
0.128361
0.128451
0.128542
0.128631
0.128720
0.128809
0.128897
0.128984
0.129071
0.129157
0.129243
0.129329
0.129414
0.129498
0.129582
0.129665
0.129748
0.129831
0.129912
0.129994
0.130074
0.130155
0.130234
0.130314
0.130392
0.130470
0.130548
0.130625
0.130702
0.130778
0.130853
0.130928
0.131003
0.131077
0.131150
0.131223
0.131295
0.131367
0.131437
0.131510
0.131572
0.131672
0.131586
0.131884
0.131141
0.131336
0.131886
0.132451
0.133035
0.133471
0.133656
0.133653
0.133473
0.133241
0.132943
0.132707
0.132435
0.132312
0.132067
0.132108
0.131810
0.131980
0.131852
0.132115
0.132202
0.132511
0.132609
0.132846
0.132856
0.132997
0.132931
0.133023
0.132919
0.133011
0.132897
0.133017
0.132913
0.133067
0.132988
0.133169
0.133122
0.133316
0.133286
0.133477
0.133445
0.133623
0.133578
0.133744
0.133685
0.133845
0.133777
0.133939
0.133868
0.134037
0.133969
0.134143
0.134080
0.134258
0.134198
0.134376
0.134315
0.134491
0.134426
0.134600
0.134530
0.134702
0.134628
0.134801
0.134725
0.134898
0.134822
0.134997
0.134919
0.135095
0.135017
0.135194
0.135114
0.135291
0.135209
0.135386
0.135302
0.135479
0.135393
0.135570
0.135483
0.135661
0.135573
0.135751
0.135661
0.135841
0.135750
0.135929
0.135837
0.136017
0.135923
0.136104
0.136009
0.136191
0.136094
0.136276
0.136178
0.136361
0.136261
0.136445
0.136344
0.136528
0.136427
0.136611
0.136508
0.136694
0.136590
0.136776
0.136670
0.136857
0.136750
0.136938
0.136830
0.137018
0.136909
0.137097
0.136987
0.137177
0.137066
0.137255
0.137143
0.137334
0.137220
0.137411
0.137297
0.137488
0.137373
0.137565
0.137449
0.137641
0.137524
0.137717
0.137599
0.137793
0.137673
0.137868
0.137747
0.137942
0.137820
0.138016
0.137894
0.138090
0.137966
0.138163
0.138038
0.138235
0.138110
0.138308
0.138181
0.138379
0.138252
0.138451
0.138323
0.138522
0.138393
0.138592
0.138462
0.138662
0.138532
0.138732
0.138600
0.138801
0.138669
0.138870
0.138737
0.138938
0.138804
0.139006
0.138871
0.139073
0.138938
0.139140
0.139004
0.139207
0.139070
0.139273
0.139135
0.139339
0.139201
0.139404
0.139265
0.139469
0.139329
0.139533
0.139393
0.139597
0.139457
0.139661
0.139520
0.139724
0.139582
0.139787
0.139644
0.139849
0.139706
0.139911
0.139767
0.139972
0.139828
0.140033
0.139889
0.140094
0.139949
0.140154
0.140009
0.140213
0.140068
0.140273
0.140127
0.140332
0.140185
0.140390
0.140243
0.140448
0.140301
0.140505
0.140358
0.140562
0.140415
0.140619
0.140472
0.140675
0.140528
0.140731
0.140583
0.140786
0.140639
0.140841
0.140693
0.140896
0.140748
0.140950
0.140802
0.141003
0.140856
0.141057
0.140909
0.141109
0.140962
0.141162
0.141014
0.141213
0.141066
0.141265
0.141117
0.141316
0.141169
0.141366
0.141219
0.141416
0.141270
0.141466
0.141320
0.141515
0.141369
0.141564
0.141418
0.141612
0.141467
0.141660
0.141516
0.141708
0.141563
0.141755
0.141611
0.141801
0.141658
0.141847
0.141705
0.141893
0.141751
0.141938
0.141797
0.141983
0.141843
0.142028
0.141888
0.142072
0.141933
0.142115
0.141977
0.142158
0.142021
0.142201
0.142065
0.142243
0.142108
0.142285
0.142151
0.142327
0.142193
0.142368
0.142235
0.142408
0.142277
0.142449
0.142318
0.142488
0.142359
0.142528
0.142400
0.142567
0.142440
0.142606
0.142480
0.142644
0.142520
0.142682
0.142559
0.142719
0.142598
0.142598
0.142756
0.142636
0.142793
0.142674
0.142829
0.142712
0.142865
0.142750
0.142901
0.142787
0.142936
0.142824
0.142971
0.142860
0.143005
0.142896
0.143040
0.142932
0.143073
0.142968
0.143107
0.143003
0.143140
0.143038
0.143173
0.143073
0.143206
0.143108
0.143238
0.143142
0.143270
0.143176
0.143301
0.143210
0.143333
0.143243
0.143364
0.143276
0.143394
0.143309
0.143425
0.143342
0.143455
0.143374
0.143485
0.143407
0.143515
0.143439
0.143544
0.143471
0.143573
0.143502
0.143602
0.143534
0.143631
0.143565
0.143659
0.143596
0.143687
0.143627
0.143715
0.143658
0.143742
0.143688
0.143770
0.143719
0.143797
0.143749
0.143824
0.143780
0.143850
0.143810
0.143877
0.143840
0.143903
0.143870
0.143929
0.143900
0.143955
0.143930
0.143980
0.143960
0.144006
0.143991
0.144031
0.144021
0.144057
0.144052
0.144083
0.144083
0.144109
0.144114
0.144136
0.144146
0.144166
0.144178
0.144197
0.144212
0.144230
0.144248
0.144266
0.144285
0.144304
0.144324
0.144344
0.144364
0.144384
0.144403
0.144423
0.144442
0.144461
0.144479
0.144496
0.144512
0.144527
0.144542
0.144555
0.144567
0.144579
0.144589
0.144599
0.144609
0.144618
0.144626
0.144634
0.144642
0.144649
0.144656
0.144663
0.144670
0.144676
0.144683
0.144688
0.144694
0.144699
0.144704
0.144709
0.144713
0.144717
0.144720
0.144723
0.144726
0.144728
0.144730
0.144731
0.144732
0.144733
0.144733
0.144733
0.144732
0.144731
0.144730
0.144728
0.144726
0.144724
0.144721
0.144718
0.144714
0.144710
0.144706
0.144701
0.144696
0.144691
0.144686
0.144680
0.144673
0.144667
0.144660
0.144653
0.144645
0.144638
0.144630
0.144621
0.144613
0.144604
0.144595
0.144585
0.144576
0.144566
0.144555
0.144545
0.144534
0.144523
0.144512
0.144500
0.144488
0.144476
0.144464
0.144451
0.144438
0.144425
0.144412
0.144398
0.144384
0.144370
0.144356
0.144341
0.144326
0.144311
0.144296
0.144280
0.144265
0.144249
0.144232
0.144216
0.144199
0.144182
0.144165
0.144147
0.144130
0.144112
0.144094
0.144075
0.144057
0.144038
0.144019
0.144000
0.143980
0.143961
0.143941
0.143921
0.143901
0.143880
0.143859
0.143838
0.143817
0.143796
0.143774
0.143752
0.143730
0.143708
0.143686
0.143663
0.143640
0.143617
0.143594
0.143571
0.143547
0.143523
0.143499
0.143475
0.143450
0.143426
0.143401
0.143376
0.143351
0.143325
0.143300
0.143274
0.143248
0.143222
0.143196
0.143169
0.143142
0.143116
0.143088
0.143061
0.143034
0.143006
0.142978
0.142951
0.142922
0.142894
0.142866
0.142837
0.142808
0.142779
0.142750
0.142721
0.142691
0.142662
0.142632
0.142602
0.142572
0.142542
0.142511
0.142480
0.142450
0.142419
0.142388
0.142356
0.142325
0.142294
0.142262
0.142230
0.142198
0.142166
0.142134
0.142101
0.142069
0.142036
0.142003
0.141970
0.141937
0.141904
0.141870
0.141837
0.141803
0.141769
0.141735
0.141701
0.141667
0.141632
0.141598
0.141563
0.141529
0.141494
0.141459
0.141424
0.141388
0.141353
0.141317
0.141282
0.141246
0.141210
0.141174
0.141138
0.141102
0.141066
0.141029
0.140993
0.140956
0.140919
0.140882
0.140845
0.140808
0.140771
0.140734
0.140696
0.140659
0.140621
0.140583
0.140546
0.140508
0.140470
0.140431
0.140393
0.140355
0.140317
0.140278
0.140239
0.140201
0.140162
0.140123
0.140084
0.140045
0.140006
0.139967
0.139927
0.139888
0.139849
0.139809
0.139769
0.139730
0.139690
0.139650
0.139610
0.139570
0.139530
0.139490
0.139449
0.139409
0.139369
0.139328
0.139288
0.139247
0.139206
0.139166
0.139125
0.139084
0.139043
0.139002
0.138961
0.138920
0.138879
0.138837
0.138796
0.138755
0.138713
0.138672
0.138630
0.138589
0.138547
0.138505
0.138464
0.138422
0.138380
0.138338
0.138296
0.138254
0.138212
0.138170
0.138128
0.138086
0.138043
0.138001
0.137959
0.137917
0.137874
0.137832
0.137789
0.137747
0.137704
0.137662
0.137619
0.137576
0.137534
0.137491
0.137448
0.137406
0.137363
0.137320
0.137277
0.137234
0.137191
0.137149
0.137106
0.137063
0.137020
0.136977
0.136934
0.136891
0.136848
0.136805
0.136761
0.136718
0.136675
0.136632
0.136589
0.136546
0.136503
0.136459
0.136416
0.136373
0.136330
0.136286
0.136243
0.136200
0.136157
0.136113
0.136070
0.136027
0.135984
0.135940
0.135897
0.135854
0.135811
0.135767
0.135724
0.135681
0.135637
0.135594
0.135551
0.135508
0.135464
0.135421
0.135378
0.135335
0.135292
0.135248
0.135205
0.135162
0.135119
0.135076
0.135033
0.134989
0.134946
0.134903
0.134860
0.134817
0.134774
0.134731
0.134688
0.134645
0.134602
0.134559
0.134516
0.134473
0.134430
0.134388
0.134345
0.134302
0.134259
0.134216
0.134174
0.134131
0.134088
0.134046
0.134003
0.133960
0.133918
0.133875
0.133833
0.133790
0.133748
0.133706
0.133663
0.133621
0.133579
0.133579
0.133537
0.133494
0.133452
0.133410
0.133368
0.133326
0.133284
0.133242
0.133200
0.133158
0.133116
0.133075
0.133033
0.132991
0.132950
0.132908
0.132867
0.132825
0.132784
0.132742
0.132701
0.132660
0.132618
0.132577
0.132536
0.132495
0.132454
0.132413
0.132372
0.132331
0.132290
0.132250
0.132209
0.132168
0.132128
0.132087
0.132047
0.132006
0.131966
0.131926
0.131885
0.131845
0.131805
0.131765
0.131725
0.131685
0.131645
0.131606
0.131566
0.131526
0.131487
0.131447
0.131408
0.131368
0.131329
0.131290
0.131251
0.131212
0.131173
0.131134
0.131095
0.131056
0.131017
0.130979
0.130940
0.130901
0.130863
0.130825
0.130786
0.130748
0.130710
0.130672
0.130634
0.130596
0.130558
0.130521
0.130483
0.130445
0.130408
0.130370
0.130333
0.130296
0.130259
0.130222
0.130185
0.130148
0.130111
0.130074
0.130038
0.130001
0.129964
0.129928
0.129892
0.129856
0.129819
0.129783
0.129747
0.129712
0.129676
0.129640
0.129604
0.129569
0.129534
0.129498
0.129463
0.129428
0.129393
0.129358
0.129323
0.129288
0.129254
0.129219
0.129185
0.129150
0.129116
0.129082
0.129048
0.129014
0.128980
0.128946
0.128912
0.128879
0.128845
0.128812
0.128779
0.128745
0.128712
0.128679
0.128646
0.128614
0.128581
0.128548
0.128516
0.128483
0.128451
0.128419
0.128387
0.128355
0.128323
0.128291
0.128260
0.128228
0.128197
0.128165
0.128134
0.128103
0.128072
0.128041
0.128010
0.127980
0.127949
0.127919
0.127888
0.127858
0.127828
0.127798
0.127768
0.127738
0.127709
0.127679
0.127650
0.127620
0.127591
0.127562
0.127533
0.127504
0.127475
0.127447
0.127418
0.127390
0.127361
0.127333
0.127305
0.127277
0.127249
0.127222
0.127194
0.127167
0.127139
0.127112
0.127085
0.127058
0.127031
0.127004
0.126977
0.126951
0.126924
0.126898
0.126872
0.126846
0.126820
0.126794
0.126768
0.126743
0.126717
0.126692
0.126667
0.126642
0.126617
0.126592
0.126567
0.126542
0.126518
0.126494
0.126469
0.126445
0.126421
0.126397
0.126374
0.126350
0.126327
0.126303
0.126280
0.126257
0.126234
0.126211
0.126188
0.126166
0.126143
0.126121
0.126099
0.126077
0.126055
0.126033
0.126011
0.125989
0.125968
0.125947
0.125925
0.125904
0.125883
0.125863
0.125842
0.125821
0.125801
0.125781
0.125761
0.125740
0.125721
0.125701
0.125681
0.125662
0.125642
0.125623
0.125604
0.125585
0.125566
0.125547
0.125529
0.125510
0.125492
0.125474
0.125456
0.125438
0.125420
0.125402
0.125385
0.125368
0.125350
0.125333
0.125316
0.125299
0.125283
0.125266
0.125250
0.125233
0.125217
0.125201
0.125185
0.125169
0.125154
0.125138
0.125123
0.125108
0.125092
0.125078
0.125063
0.125048
0.125033
0.125019
0.125005
0.124991
0.124977
0.124963
0.124949
0.124935
0.124922
0.124909
0.124895
0.124882
0.124869
0.124857
0.124844
0.124832
0.124819
0.124807
0.124795
0.124783
0.124771
0.124759
0.124748
0.124737
0.124725
0.124714
0.124703
0.124692
0.124682
0.124671
0.124661
0.124650
0.124640
0.124630
0.124620
0.124611
0.124601
0.124592
0.124582
0.124573
0.124564
0.124555
0.124547
0.124538
0.124530
0.124521
0.124513
0.124505
0.124497
0.124489
0.124482
0.124474
0.124467
0.124460
0.124453
0.124446
0.124439
0.124432
0.124426
0.124419
0.124413
0.124407
0.124401
0.124395
0.124390
0.124384
0.124379
0.124374
0.124369
0.124364
0.124359
0.124354
0.124350
0.124345
0.124341
0.124337
0.124333
0.124329
0.124326
0.124322
0.124319
0.124316
0.124312
0.124310
0.124307
0.124304
0.124302
0.124299
0.124297
0.124295
0.124293
0.124291
0.124289
0.124288
0.124286
0.124285
0.124284
0.124283
0.124282
0.124282
0.124281
0.124281
0.124281
0.124280
0.124280
0.124281
0.124281
0.124281
0.124282
0.124283
0.124284
0.124285
0.124286
0.124287
0.124289
0.124290
0.124292
0.124294
0.124296
0.124298
0.124300
0.124303
0.124306
0.124308
0.124311
0.124314
0.124317
0.124321
0.124324
0.124328
0.124332
0.124335
0.124339
0.124344
0.124348
0.124352
0.124357
0.124362
0.124367
0.124372
0.124377
0.124382
0.124388
0.124393
0.124399
0.124405
0.124411
0.124417
0.124423
0.124430
0.124436
0.124443
0.124450
0.124457
0.124464
0.124472
0.124479
0.124487
0.124494
0.124502
0.124510
0.124519
0.124527
0.124535
0.124544
0.124553
0.124561
0.124571
0.124580
0.124589
0.124598
0.124608
0.124618
0.124628
0.124638
0.124648
0.124658
0.124669
0.124679
0.124690
0.124701
0.124712
0.124723
0.124734
0.124746
0.124757
0.124769
0.124781
0.124793
0.124805
0.124817
0.124830
0.124842
0.124855
0.124868
0.124881
0.124894
0.124907
0.124921
0.124934
0.124948
0.124962
0.124976
0.124990
0.125004
0.125018
0.125033
0.125048
0.125062
0.125077
0.125093
0.125108
0.125123
0.125139
0.125154
0.125170
0.125186
0.125202
0.125218
0.125235
0.125251
0.125251
0.125268
0.125285
0.125302
0.125319
0.125336
0.125353
0.125371
0.125388
0.125406
0.125424
0.125442
0.125460
0.125479
0.125497
0.125516
0.125534
0.125553
0.125572
0.125592
0.125611
0.125630
0.125650
0.125670
0.125689
0.125709
0.125730
0.125750
0.125770
0.125791
0.125812
0.125832
0.125853
0.125874
0.125896
0.125917
0.125939
0.125960
0.125982
0.126004
0.126026
0.126048
0.126071
0.126093
0.126116
0.126139
0.126161
0.126184
0.126208
0.126231
0.126254
0.126278
0.126302
0.126326
0.126350
0.126374
0.126398
0.126422
0.126447
0.126472
0.126496
0.126521
0.126547
0.126572
0.126597
0.126623
0.126648
0.126674
0.126700
0.126726
0.126752
0.126778
0.126805
0.126832
0.126858
0.126885
0.126912
0.126939
0.126967
0.126994
0.127021
0.127049
0.127077
0.127105
0.127133
0.127161
0.127190
0.127218
0.127247
0.127275
0.127304
0.127333
0.127362
0.127392
0.127421
0.127451
0.127480
0.127510
0.127540
0.127570
0.127601
0.127631
0.127661
0.127692
0.127723
0.127754
0.127785
0.127816
0.127847
0.127879
0.127910
0.127942
0.127974
0.128006
0.128038
0.128070
0.128102
0.128135
0.128167
0.128200
0.128233
0.128266
0.128299
0.128332
0.128366
0.128399
0.128433
0.128467
0.128501
0.128535
0.128569
0.128603
0.128638
0.128672
0.128707
0.128742
0.128777
0.128812
0.128847
0.128883
0.128918
0.128954
0.128990
0.129025
0.129061
0.129098
0.129134
0.129170
0.129207
0.129243
0.129280
0.129317
0.129354
0.129391
0.129429
0.129466
0.129504
0.129541
0.129579
0.129617
0.129655
0.129693
0.129732
0.129770
0.129809
0.129848
0.129886
0.129925
0.129964
0.130004
0.130043
0.130083
0.130122
0.130162
0.130202
0.130242
0.130282
0.130322
0.130362
0.130403
0.130444
0.130484
0.130525
0.130566
0.130607
0.130649
0.130690
0.130731
0.130773
0.130815
0.130857
0.130899
0.130941
0.130983
0.131025
0.131068
0.131110
0.131153
0.131196
0.131239
0.131282
0.131325
0.131369
0.131412
0.131456
0.131500
0.131543
0.131587
0.131631
0.131676
0.131720
0.131764
0.131809
0.131854
0.131899
0.131944
0.131989
0.132034
0.132079
0.132125
0.132170
0.132216
0.132262
0.132308
0.132354
0.132400
0.132446
0.132492
0.132539
0.132586
0.132632
0.132679
0.132726
0.132773
0.132821
0.132868
0.132915
0.132963
0.133011
0.133059
0.133107
0.133155
0.133203
0.133251
0.133300
0.133348
0.133397
0.133446
0.133494
0.133543
0.133593
0.133642
0.133691
0.133741
0.133790
0.133840
0.133890
0.133940
0.133990
0.134040
0.134090
0.134141
0.134191
0.134242
0.134293
0.134344
0.134395
0.134446
0.134497
0.134548
0.134600
0.134651
0.134703
0.134755
0.134807
0.134859
0.134911
0.134963
0.135015
0.135068
0.135120
0.135173
0.135226
0.135279
0.135332
0.135385
0.135438
0.135492
0.135545
0.135599
0.135652
0.135706
0.135760
0.135814
0.135868
0.135923
0.135977
0.136031
0.136086
0.136141
0.136196
0.136251
0.136306
0.136361
0.136416
0.136471
0.136527
0.136582
0.136638
0.136694
0.136750
0.136806
0.136862
0.136918
0.136974
0.137031
0.137087
0.137144
0.137201
0.137258
0.137315
0.137372
0.137429
0.137486
0.137544
0.137601
0.137659
0.137716
0.137774
0.137832
0.137890
0.137948
0.138006
0.138065
0.138123
0.138182
0.138240
0.138299
0.138358
0.138417
0.138476
0.138535
0.138595
0.138654
0.138713
0.138773
0.138833
0.138892
0.138952
0.139012
0.139072
0.139133
0.139193
0.139253
0.139314
0.139374
0.139435
0.139496
0.139557
0.139618
0.139679
0.139740
0.139801
0.139863
0.139924
0.139986
0.140047
0.140109
0.140171
0.140233
0.140295
0.140357
0.140419
0.140482
0.140544
0.140607
0.140669
0.140732
0.140795
0.140858
0.140921
0.140984
0.141047
0.141111
0.141174
0.141237
0.141301
0.141365
0.141429
0.141492
0.141556
0.141620
0.141685
0.141749
0.141813
0.141878
0.141942
0.142007
0.142071
0.142136
0.142201
0.142266
0.142331
0.142396
0.142462
0.142527
0.142592
0.142658
0.142724
0.142789
0.142855
0.142921
0.142987
0.143053
0.143119
0.143185
0.143252
0.143318
0.143385
0.143451
0.143518
0.143585
0.143651
0.143718
0.143785
0.143852
0.143920
0.143987
0.144054
0.144122
0.144189
0.144257
0.144324
0.144392
0.144460
0.144528
0.144596
0.144664
0.144732
0.144801
0.144869
0.144937
0.145006
0.145075
0.145143
0.145212
0.145281
0.145350
0.145419
0.145488
0.145557
0.145626
0.145696
0.145765
0.145834
0.145904
0.145974
0.146043
0.146113
0.146183
0.146253
0.146323
0.146393
0.146463
0.146534
0.146604
0.146674
0.146745
0.146815
0.146886
0.146957
0.147028
0.147098
0.147169
0.147240
0.147311
0.147383
0.147454
0.147525
0.147597
0.147668
0.147740
0.147811
0.147883
0.147955
0.148026
0.148098
0.148170
0.148242
0.148314
0.148386
0.148459
0.148531
0.148603
0.148676
0.148748
0.148821
0.148894
0.148966
0.149039
0.149039
0.149112
0.149185
0.149258
0.149331
0.149404
0.149477
0.149550
0.149624
0.149697
0.149771
0.149844
0.149918
0.149991
0.150065
0.150139
0.150213
0.150286
0.150360
0.150434
0.150509
0.150583
0.150657
0.150731
0.150805
0.150880
0.150954
0.151029
0.151103
0.151178
0.151253
0.151327
0.151402
0.151477
0.151552
0.151627
0.151702
0.151777
0.151852
0.151928
0.152003
0.152078
0.152154
0.152229
0.152304
0.152380
0.152456
0.152531
0.152607
0.152683
0.152759
0.152835
0.152910
0.152986
0.153062
0.153139
0.153215
0.153291
0.153367
0.153443
0.153520
0.153596
0.153673
0.153749
0.153826
0.153902
0.153979
0.154056
0.154132
0.154209
0.154286
0.154363
0.154440
0.154517
0.154594
0.154671
0.154748
0.154825
0.154903
0.154980
0.155057
0.155135
0.155212
0.155289
0.155367
0.155445
0.155522
0.155600
0.155677
0.155755
0.155833
0.155911
0.155989
0.156066
0.156144
0.156222
0.156300
0.156378
0.156457
0.156535
0.156613
0.156691
0.156769
0.156848
0.156926
0.157004
0.157083
0.157161
0.157240
0.157318
0.157397
0.157475
0.157554
0.157633
0.157711
0.157790
0.157869
0.157948
0.158026
0.158105
0.158184
0.158263
0.158342
0.158421
0.158500
0.158579
0.158658
0.158737
0.158817
0.158896
0.158975
0.159054
0.159134
0.159213
0.159292
0.159372
0.159451
0.159531
0.159610
0.159689
0.159769
0.159849
0.159928
0.160008
0.160087
0.160167
0.160247
0.160326
0.160406
0.160486
0.160566
0.160645
0.160725
0.160805
0.160885
0.160965
0.161045
0.161125
0.161205
0.161285
0.161365
0.161445
0.161525
0.161605
0.161685
0.161765
0.161845
0.161926
0.162006
0.162086
0.162166
0.162246
0.162327
0.162407
0.162487
0.162567
0.162648
0.162728
0.162809
0.162889
0.162970
0.163052
0.163134
0.163217
0.163292
0.163331
0.163317
0.163162
0.162924
0.162776
0.162812
0.163021
0.163344
0.163721
0.164106
0.164475
0.164814
0.165120
0.165391
0.165629
0.165835
0.166010
0.166156
0.166277
0.166375
0.166455
0.166518
0.166568
0.166607
0.166638
0.166662
0.166681
0.166696
0.166709
0.166719
0.166727
0.166735
0.166742
0.166748
0.166754
0.166761
0.166768
0.166776
0.166785
0.166794
0.166806
0.166818
0.166832
0.166848
0.166865
0.166885
0.166906
0.166929
0.166954
0.166981
0.167010
0.167040
0.167073
0.167107
0.167143
0.167181
0.167221
0.167262
0.167304
0.167349
0.167394
0.167441
0.167490
0.167539
0.167590
0.167642
0.167696
0.167750
0.167806
0.167862
0.167920
0.167978
0.168038
0.168098
0.168159
0.168221
0.168284
0.168348
0.168412
0.168477
0.168543
0.168610
0.168677
0.168745
0.168813
0.168883
0.168952
0.169022
0.169093
0.169165
0.169236
0.169309
0.169382
0.169455
0.169529
0.169603
0.169678
0.169753
0.169829
0.169905
0.169981
0.170058
0.170135
0.170213
0.170291
0.170369
0.170447
0.170526
0.170605
0.170685
0.170765
0.170845
0.170925
0.171006
0.171087
0.171168
0.171250
0.171331
0.171413
0.171495
0.171578
0.171660
0.171743
0.171826
0.171910
0.171993
0.172077
0.172161
0.172245
0.172329
0.172414
0.172498
0.172583
0.172668
0.172753
0.172838
0.172924
0.173010
0.173095
0.173181
0.173267
0.173354
0.173440
0.173527
0.173613
0.173700
0.173787
0.173874
0.173961
0.174049
0.174136
0.174224
0.174311
0.174399
0.174487
0.174575
0.174663
0.174752
0.174840
0.174929
0.175017
0.175106
0.175195
0.175284
0.175373
0.175462
0.175551
0.175640
0.175730
0.175819
0.175909
0.175998
0.176088
0.176178
0.176268
0.176357
0.176447
0.176537
0.176628
0.176718
0.176808
0.176898
0.176989
0.177079
0.177170
0.177260
0.177351
0.177441
0.177532
0.177623
0.177714
0.177804
0.177895
0.177986
0.178077
0.178168
0.178259
0.178350
0.178441
0.178532
0.178623
0.178714
0.178806
0.178897
0.178988
0.179079
0.179170
0.179262
0.179353
0.179444
0.179535
0.179627
0.179718
0.179809
0.179900
0.179992
0.180083
0.180174
0.180265
0.180357
0.180448
0.180539
0.180630
0.180721
0.180813
0.180904
0.180995
0.181086
0.181177
0.181268
0.181359
0.181450
0.181541
0.181632
0.181723
0.181814
0.181905
0.181996
0.182087
0.182178
0.182268
0.182359
0.182450
0.182541
0.182631
0.182722
0.182812
0.182903
0.182993
0.183084
0.183174
0.183264
0.183355
0.183445
0.183535
0.183625
0.183715
0.183805
0.183895
0.183985
0.184075
0.184165
0.184254
0.184344
0.184434
0.184523
0.184613
0.184702
0.184791
0.184881
0.184970
0.185059
0.185148
0.185237
0.185326
0.185415
0.185504
0.185593
0.185681
0.185770
0.185858
0.185947
0.186035
0.186123
0.186212
0.186300
0.186388
0.186476
0.186564
0.186652
0.186739
0.186827
0.186915
0.187002
0.187090
0.187177
0.187264
0.187352
0.187439
0.187526
0.187613
0.187699
0.187786
0.187873
0.187959
0.188046
0.188132
0.188219
0.188305
0.188391
0.188477
0.188563
0.188649
0.188735
0.188820
0.188820
0.188906
0.188991
0.189077
0.189162
0.189247
0.189332
0.189417
0.189502
0.189587
0.189672
0.189756
0.189841
0.189925
0.190010
0.190094
0.190178
0.190262
0.190346
0.190430
0.190513
0.190597
0.190680
0.190764
0.190847
0.190930
0.191014
0.191097
0.191179
0.191262
0.191345
0.191427
0.191510
0.191592
0.191675
0.191757
0.191839
0.191921
0.192003
0.192084
0.192166
0.192248
0.192329
0.192410
0.192491
0.192573
0.192654
0.192734
0.192815
0.192896
0.192976
0.193057
0.193137
0.193217
0.193298
0.193378
0.193457
0.193537
0.193617
0.193696
0.193776
0.193855
0.193934
0.194014
0.194093
0.194171
0.194250
0.194329
0.194408
0.194486
0.194564
0.194643
0.194721
0.194799
0.194877
0.194954
0.195032
0.195110
0.195187
0.195264
0.195342
0.195419
0.195496
0.195573
0.195649
0.195726
0.195803
0.195879
0.195955
0.196032
0.196108
0.196184
0.196259
0.196335
0.196411
0.196486
0.196562
0.196637
0.196712
0.196787
0.196862
0.196937
0.197012
0.197087
0.197161
0.197235
0.197310
0.197384
0.197458
0.197532
0.197606
0.197679
0.197753
0.197827
0.197900
0.197973
0.198046
0.198119
0.198192
0.198265
0.198338
0.198410
0.198483
0.198555
0.198628
0.198700
0.198772
0.198844
0.198915
0.198987
0.199059
0.199130
0.199202
0.199273
0.199344
0.199415
0.199486
0.199557
0.199627
0.199698
0.199768
0.199839
0.199909
0.199979
0.200049
0.200119
0.200189
0.200259
0.200328
0.200398
0.200467
0.200536
0.200605
0.200674
0.200743
0.200812
0.200881
0.200949
0.201018
0.201086
0.201155
0.201223
0.201291
0.201359
0.201427
0.201494
0.201562
0.201629
0.201697
0.201764
0.201831
0.201898
0.201965
0.202032
0.202099
0.202166
0.202232
0.202298
0.202365
0.202431
0.202497
0.202563
0.202629
0.202695
0.202761
0.202826
0.202892
0.202957
0.203022
0.203087
0.203152
0.203217
0.203282
0.203347
0.203412
0.203476
0.203541
0.203605
0.203669
0.203733
0.203797
0.203861
0.203925
0.203989
0.204052
0.204116
0.204179
0.204242
0.204306
0.204369
0.204432
0.204495
0.204557
0.204620
0.204683
0.204745
0.204808
0.204870
0.204932
0.204994
0.205056
0.205118
0.205180
0.205241
0.205303
0.205365
0.205426
0.205487
0.205548
0.205610
0.205671
0.205731
0.205792
0.205853
0.205914
0.205974
0.206034
0.206095
0.206155
0.206215
0.206275
0.206335
0.206395
0.206455
0.206514
0.206574
0.206633
0.206693
0.206752
0.206811
0.206870
0.206929
0.206988
0.207047
0.207106
0.207164
0.207223
0.207281
0.207339
0.207398
0.207456
0.207514
0.207572
0.207630
0.207687
0.207745
0.207803
0.207860
0.207918
0.207975
0.208032
0.208089
0.208146
0.208203
0.208260
0.208317
0.208374
0.208430
0.208487
0.208543
0.208600
0.208656
0.208712
0.208768
0.208824
0.208880
0.208936
0.208991
0.209047
0.209103
0.209158
0.209213
0.209269
0.209324
0.209379
0.209434
0.209489
0.209544
0.209599
0.209653
0.209708
0.209762
0.209817
0.209871
0.209925
0.209980
0.210034
0.210088
0.210142
0.210195
0.210249
0.210303
0.210356
0.210410
0.210463
0.210517
0.210570
0.210623
0.210676
0.210729
0.210782
0.210835
0.210888
0.210940
0.210993
0.211046
0.211098
0.211150
0.211203
0.211255
0.211307
0.211359
0.211411
0.211463
0.211515
0.211566
0.211618
0.211670
0.211721
0.211773
0.211824
0.211875
0.211926
0.211977
0.212028
0.212079
0.212130
0.212181
0.212232
0.212282
0.212333
0.212383
0.212434
0.212484
0.212534
0.212585
0.212635
0.212685
0.212735
0.212785
0.212834
0.212884
0.212934
0.212983
0.213033
0.213082
0.213132
0.213181
0.213230
0.213279
0.213328
0.213377
0.213426
0.213475
0.213524
0.213573
0.213621
0.213670
0.213718
0.213767
0.213815
0.213863
0.213911
0.213960
0.214008
0.214056
0.214104
0.214151
0.214199
0.214247
0.214294
0.214342
0.214389
0.214437
0.214484
0.214532
0.214579
0.214626
0.214673
0.214720
0.214767
0.214814
0.214860
0.214907
0.214954
0.215000
0.215047
0.215093
0.215140
0.215186
0.215232
0.215278
0.215325
0.215371
0.215417
0.215462
0.215508
0.215554
0.215600
0.215645
0.215691
0.215736
0.215782
0.215827
0.215872
0.215918
0.215963
0.216008
0.216053
0.216098
0.216143
0.216188
0.216232
0.216277
0.216322
0.216366
0.216411
0.216455
0.216500
0.216544
0.216588
0.216632
0.216677
0.216721
0.216765
0.216809
0.216852
0.216896
0.216940
0.216984
0.217027
0.217071
0.217114
0.217158
0.217201
0.217244
0.217288
0.217331
0.217374
0.217417
0.217460
0.217503
0.217546
0.217588
0.217631
0.217674
0.217716
0.217759
0.217801
0.217844
0.217886
0.217928
0.217971
0.218013
0.218055
0.218097
0.218139
0.218181
0.218223
0.218265
0.218306
0.218348
0.218390
0.218431
0.218473
0.218514
0.218555
0.218597
0.218638
0.218679
0.218720
0.218761
0.218802
0.218843
0.218884
0.218925
0.218966
0.219007
0.219047
0.219088
0.219088
0.219128
0.219169
0.219209
0.219250
0.219290
0.219330
0.219370
0.219410
0.219450
0.219490
0.219530
0.219570
0.219610
0.219650
0.219690
0.219729
0.219769
0.219808
0.219848
0.219887
0.219927
0.219966
0.220005
0.220044
0.220083
0.220123
0.220162
0.220201
0.220239
0.220278
0.220317
0.220356
0.220394
0.220433
0.220472
0.220510
0.220548
0.220587
0.220625
0.220663
0.220702
0.220740
0.220778
0.220816
0.220854
0.220892
0.220930
0.220968
0.221005
0.221043
0.221081
0.221118
0.221156
0.221193
0.221231
0.221268
0.221305
0.221343
0.221380
0.221417
0.221454
0.221491
0.221528
0.221565
0.221602
0.221638
0.221675
0.221712
0.221749
0.221785
0.221822
0.221858
0.221895
0.221931
0.221967
0.222003
0.222040
0.222076
0.222112
0.222148
0.222184
0.222220
0.222256
0.222291
0.222327
0.222363
0.222398
0.222434
0.222470
0.222505
0.222540
0.222576
0.222611
0.222646
0.222682
0.222717
0.222752
0.222787
0.222822
0.222857
0.222892
0.222926
0.222961
0.222996
0.223030
0.223065
0.223100
0.223134
0.223169
0.223203
0.223237
0.223272
0.223306
0.223340
0.223374
0.223408
0.223442
0.223476
0.223510
0.223544
0.223578
0.223611
0.223645
0.223679
0.223712
0.223746
0.223779
0.223813
0.223846
0.223879
0.223912
0.223946
0.223979
0.224012
0.224045
0.224078
0.224111
0.224144
0.224177
0.224209
0.224242
0.224275
0.224307
0.224340
0.224372
0.224405
0.224437
0.224470
0.224502
0.224534
0.224566
0.224598
0.224630
0.224663
0.224694
0.224726
0.224758
0.224790
0.224822
0.224854
0.224885
0.224917
0.224948
0.224980
0.225011
0.225043
0.225074
0.225105
0.225137
0.225168
0.225199
0.225230
0.225261
0.225292
0.225323
0.225354
0.225385
0.225415
0.225446
0.225477
0.225507
0.225538
0.225568
0.225599
0.225629
0.225660
0.225690
0.225720
0.225750
0.225780
0.225811
0.225841
0.225871
0.225900
0.225930
0.225960
0.225990
0.226020
0.226049
0.226079
0.226109
0.226138
0.226168
0.226197
0.226226
0.226256
0.226285
0.226314
0.226343
0.226372
0.226401
0.226430
0.226459
0.226488
0.226517
0.226546
0.226575
0.226603
0.226632
0.226661
0.226689
0.226718
0.226746
0.226774
0.226803
0.226831
0.226859
0.226887
0.226916
0.226944
0.226972
0.227000
0.227028
0.227055
0.227083
0.227111
0.227139
0.227166
0.227194
0.227222
0.227249
0.227277
0.227304
0.227331
0.227359
0.227386
0.227413
0.227440
0.227467
0.227494
0.227521
0.227548
0.227575
0.227602
0.227629
0.227656
0.227682
0.227709
0.227736
0.227762
0.227789
0.227815
0.227842
0.227868
0.227894
0.227921
0.227947
0.227973
0.227999
0.228025
0.228051
0.228077
0.228103
0.228129
0.228155
0.228180
0.228206
0.228232
0.228257
0.228283
0.228308
0.228334
0.228359
0.228385
0.228410
0.228435
0.228460
0.228486
0.228511
0.228536
0.228561
0.228586
0.228611
0.228635
0.228660
0.228685
0.228710
0.228734
0.228759
0.228784
0.228808
0.228833
0.228857
0.228881
0.228906
0.228930
0.228954
0.228978
0.229002
0.229027
0.229051
0.229075
0.229098
0.229122
0.229146
0.229170
0.229194
0.229217
0.229241
0.229265
0.229288
0.229312
0.229335
0.229358
0.229382
0.229405
0.229428
0.229452
0.229475
0.229498
0.229521
0.229544
0.229567
0.229590
0.229613
0.229635
0.229658
0.229681
0.229703
0.229726
0.229749
0.229771
0.229794
0.229816
0.229838
0.229861
0.229883
0.229905
0.229928
0.229950
0.229972
0.229994
0.230016
0.230038
0.230060
0.230081
0.230103
0.230125
0.230147
0.230168
0.230190
0.230212
0.230233
0.230255
0.230276
0.230297
0.230319
0.230340
0.230361
0.230382
0.230404
0.230425
0.230446
0.230467
0.230488
0.230509
0.230530
0.230550
0.230571
0.230592
0.230612
0.230633
0.230654
0.230674
0.230695
0.230715
0.230736
0.230756
0.230776
0.230797
0.230817
0.230837
0.230857
0.230877
0.230897
0.230917
0.230937
0.230957
0.230977
0.230997
0.231016
0.231036
0.231056
0.231075
0.231095
0.231114
0.231134
0.231153
0.231173
0.231192
0.231211
0.231231
0.231250
0.231269
0.231288
0.231307
0.231326
0.231345
0.231364
0.231383
0.231402
0.231421
0.231439
0.231458
0.231477
0.231495
0.231514
0.231532
0.231551
0.231569
0.231588
0.231606
0.231624
0.231643
0.231661
0.231679
0.231697
0.231715
0.231733
0.231751
0.231769
0.231787
0.231805
0.231823
0.231840
0.231858
0.231876
0.231894
0.231911
0.231929
0.231946
0.231964
0.231981
0.231998
0.232016
0.232033
0.232050
0.232067
0.232085
0.232102
0.232119
0.232136
0.232153
0.232170
0.232187
0.232204
0.232220
0.232237
0.232254
0.232270
0.232287
0.232304
0.232320
0.232337
0.232353
0.232370
0.232386
0.232402
0.232419
0.232435
0.232451
0.232467
0.232483
0.232499
0.232516
0.232532
0.232547
0.232563
0.232579
0.232595
0.232611
0.232627
0.232642
0.232658
0.232674
0.232689
0.232705
0.232720
0.232736
0.232736
0.232751
0.232766
0.232782
0.232797
0.232812
0.232827
0.232843
0.232858
0.232873
0.232888
0.232903
0.232918
0.232933
0.232947
0.232962
0.232977
0.232992
0.233007
0.233021
0.233036
0.233050
0.233065
0.233079
0.233094
0.233108
0.233123
0.233137
0.233151
0.233166
0.233180
0.233194
0.233208
0.233222
0.233236
0.233250
0.233264
0.233278
0.233292
0.233306
0.233320
0.233333
0.233347
0.233361
0.233374
0.233388
0.233402
0.233415
0.233429
0.233442
0.233455
0.233469
0.233482
0.233495
0.233509
0.233522
0.233535
0.233548
0.233561
0.233574
0.233587
0.233600
0.233613
0.233626
0.233639
0.233652
0.233665
0.233677
0.233690
0.233703
0.233715
0.233728
0.233741
0.233753
0.233766
0.233778
0.233790
0.233803
0.233815
0.233827
0.233840
0.233852
0.233864
0.233876
0.233888
0.233900
0.233912
0.233924
0.233936
0.233948
0.233960
0.233972
0.233984
0.233995
0.234007
0.234019
0.234030
0.234042
0.234053
0.234065
0.234076
0.234088
0.234099
0.234111
0.234122
0.234133
0.234145
0.234156
0.234167
0.234178
0.234189
0.234200
0.234211
0.234222
0.234233
0.234244
0.234255
0.234266
0.234277
0.234288
0.234298
0.234309
0.234320
0.234331
0.234341
0.234352
0.234362
0.234373
0.234383
0.234394
0.234404
0.234414
0.234425
0.234435
0.234445
0.234455
0.234466
0.234476
0.234486
0.234496
0.234506
0.234516
0.234526
0.234536
0.234546
0.234556
0.234565
0.234575
0.234585
0.234595
0.234604
0.234614
0.234624
0.234633
0.234643
0.234652
0.234662
0.234671
0.234681
0.234690
0.234699
0.234709
0.234718
0.234727
0.234736
0.234745
0.234755
0.234764
0.234773
0.234782
0.234791
0.234800
0.234809
0.234818
0.234826
0.234835
0.234844
0.234853
0.234861
0.234870
0.234879
0.234887
0.234896
0.234905
0.234913
0.234922
0.234930
0.234938
0.234947
0.234955
0.234964
0.234972
0.234980
0.234988
0.234996
0.235005
0.235013
0.235021
0.235029
0.235037
0.235045
0.235053
0.235061
0.235069
0.235077
0.235084
0.235092
0.235100
0.235108
0.235115
0.235123
0.235131
0.235138
0.235146
0.235153
0.235161
0.235168
0.235176
0.235183
0.235191
0.235198
0.235205
0.235213
0.235220
0.235227
0.235234
0.235242
0.235249
0.235256
0.235263
0.235270
0.235277
0.235284
0.235291
0.235298
0.235305
0.235311
0.235318
0.235325
0.235332
0.235338
0.235345
0.235352
0.235358
0.235365
0.235372
0.235378
0.235385
0.235391
0.235398
0.235404
0.235410
0.235417
0.235423
0.235429
0.235436
0.235442
0.235448
0.235454
0.235461
0.235467
0.235473
0.235479
0.235485
0.235491
0.235497
0.235503
0.235509
0.235515
0.235520
0.235526
0.235532
0.235538
0.235543
0.235549
0.235555
0.235561
0.235566
0.235572
0.235577
0.235583
0.235588
0.235594
0.235599
0.235605
0.235610
0.235615
0.235621
0.235626
0.235631
0.235637
0.235642
0.235647
0.235652
0.235657
0.235662
0.235667
0.235672
0.235677
0.235682
0.235687
0.235692
0.235697
0.235702
0.235707
0.235712
0.235717
0.235721
0.235726
0.235731
0.235735
0.235740
0.235745
0.235749
0.235754
0.235758
0.235763
0.235767
0.235772
0.235776
0.235781
0.235785
0.235789
0.235794
0.235798
0.235802
0.235807
0.235811
0.235815
0.235819
0.235823
0.235827
0.235831
0.235835
0.235839
0.235843
0.235847
0.235851
0.235855
0.235859
0.235863
0.235867
0.235871
0.235874
0.235878
0.235882
0.235886
0.235889
0.235893
0.235897
0.235900
0.235904
0.235907
0.235911
0.235914
0.235918
0.235921
0.235925
0.235928
0.235931
0.235935
0.235938
0.235941
0.235945
0.235948
0.235951
0.235954
0.235957
0.235961
0.235964
0.235967
0.235970
0.235973
0.235976
0.235979
0.235982
0.235985
0.235988
0.235991
0.235993
0.235996
0.235999
0.236002
0.236005
0.236007
0.236010
0.236013
0.236015
0.236018
0.236021
0.236023
0.236026
0.236028
0.236031
0.236033
0.236036
0.236038
0.236041
0.236043
0.236046
0.236048
0.236050
0.236052
0.236055
0.236057
0.236059
0.236061
0.236064
0.236066
0.236068
0.236070
0.236072
0.236074
0.236076
0.236078
0.236080
0.236082
0.236084
0.236086
0.236088
0.236090
0.236092
0.236093
0.236095
0.236097
0.236099
0.236101
0.236102
0.236104
0.236106
0.236107
0.236109
0.236110
0.236112
0.236114
0.236115
0.236117
0.236118
0.236120
0.236121
0.236122
0.236124
0.236125
0.236126
0.236128
0.236129
0.236130
0.236132
0.236133
0.236134
0.236135
0.236136
0.236138
0.236139
0.236140
0.236141
0.236142
0.236143
0.236144
0.236145
0.236146
0.236147
0.236148
0.236149
0.236150
0.236150
0.236151
0.236152
0.236153
0.236154
0.236154
0.236155
0.236156
0.236156
0.236157
0.236158
0.236158
0.236159
0.236160
0.236160
0.236161
0.236161
0.236162
0.236162
0.236163
0.236163
0.236163
0.236164
0.236164
0.236165
0.236165
0.236165
0.236165
0.236166
0.236166
0.236166
0.236166
0.236167
0.236167
0.236167
0.236167
0.236167
0.236167
0.236167
0.236167
0.236167
0.236167
0.236167
0.236167
0.236167
0.236167
0.236167
0.236167
0.236167
0.236167
0.236166
0.236166
0.236166
0.236166
0.236166
0.236165
0.236165
0.236165
0.236164
0.236164
0.236164
0.236163
0.236163
0.236162
0.236162
0.236162
0.236161
0.236161
0.236160
0.236159
0.236159
0.236158
0.236158
0.236157
0.236156
0.236156
0.236155
0.236154
0.236154
0.236153
0.236152
0.236151
0.236151
0.236150
0.236149
0.236148
0.236147
0.236146
0.236146
0.236145
0.236144
0.236143
0.236142
0.236141
0.236140
0.236139
0.236138
0.236137
0.236135
0.236134
0.236133
0.236132
0.236131
0.236130
0.236129
0.236127
0.236126
0.236125
0.236124
0.236122
0.236121
0.236120
0.236118
0.236117
0.236115
0.236114
0.236113
0.236111
0.236110
0.236108
0.236107
0.236105
0.236104
0.236102
0.236101
0.236099
0.236097
0.236096
0.236094
0.236093
0.236091
0.236089
0.236087
0.236086
0.236084
0.236082
0.236080
0.236079
0.236077
0.236075
0.236073
0.236071
0.236069
0.236068
0.236066
0.236064
0.236062
0.236060
0.236058
0.236056
0.236054
0.236052
0.236050
0.236048
0.236046
0.236043
0.236041
0.236039
0.236037
0.236035
0.236033
0.236031
0.236028
0.236026
0.236024
0.236022
0.236019
0.236017
0.236015
0.236012
0.236010
0.236008
0.236005
0.236003
0.236000
0.235998
0.235996
0.235993
0.235991
0.235988
0.235986
0.235983
0.235980
0.235978
0.235975
0.235973
0.235970
0.235968
0.235965
0.235962
0.235960
0.235957
0.235954
0.235951
0.235949
0.235946
0.235943
0.235940
0.235938
0.235935
0.235932
0.235929
0.235926
0.235923
0.235920
0.235918
0.235915
0.235912
0.235909
0.235906
0.235903
0.235900
0.235897
0.235894
0.235891
0.235888
0.235885
0.235881
0.235878
0.235875
0.235872
0.235869
0.235866
0.235863
0.235859
0.235856
0.235853
0.235850
0.235846
0.235843
0.235840
0.235837
0.235833
0.235830
0.235827
0.235823
0.235820
0.235816
0.235813
0.235810
0.235806
0.235803
0.235799
0.235796
0.235792
0.235789
0.235785
0.235782
0.235778
0.235775
0.235771
0.235767
0.235764
0.235760
0.235757
0.235753
0.235749
0.235746
0.235742
0.235738
0.235734
0.235731
0.235727
0.235723
0.235719
0.235716
0.235712
0.235708
0.235704
0.235700
0.235696
0.235693
0.235689
0.235685
0.235681
0.235677
0.235673
0.235669
0.235665
0.235661
0.235657
0.235653
0.235649
0.235645
0.235641
0.235637
0.235633
0.235629
0.235624
0.235620
0.235616
0.235612
0.235608
0.235604
0.235600
0.235595
0.235591
0.235587
0.235583
0.235578
0.235574
0.235570
0.235566
0.235561
0.235557
0.235553
0.235548
0.235544
0.235539
0.235535
0.235531
0.235526
0.235522
0.235517
0.235513
0.235508
0.235504
0.235499
0.235495
0.235490
0.235486
0.235481
0.235477
0.235472
0.235468
0.235463
0.235458
0.235454
0.235449
0.235445
0.235440
0.235435
0.235431
0.235426
0.235421
0.235416
0.235412
0.235407
0.235402
0.235397
0.235393
0.235388
0.235383
0.235378
0.235373
0.235369
0.235364
0.235359
0.235354
0.235349
0.235344
0.235339
0.235334
0.235329
0.235324
0.235319
0.235314
0.235309
0.235304
0.235299
0.235294
0.235289
0.235284
0.235279
0.235274
0.235269
0.235264
0.235259
0.235254
0.235249
0.235243
0.235238
0.235233
0.235228
0.235223
0.235218
0.235212
0.235207
0.235202
0.235197
0.235191
0.235186
0.235181
0.235176
0.235170
0.235165
0.235160
0.235154
0.235149
0.235143
0.235138
0.235133
0.235127
0.235122
0.235116
0.235111
0.235106
0.235100
0.235095
0.235089
0.235084
0.235078
0.235073
0.235067
0.235062
0.235056
0.235051
0.235045
0.235039
0.235034
0.235028
0.235023
0.235017
0.235011
0.235006
0.235000
0.234994
0.234989
0.234983
0.234977
0.234972
0.234966
0.234960
0.234954
0.234949
0.234943
0.234937
0.234931
0.234925
0.234920
0.234914
0.234908
0.234902
0.234896
0.234890
0.234885
0.234879
0.234873
0.234867
0.234861
0.234855
0.234849
0.234843
0.234837
0.234831
0.234825
0.234819
0.234813
0.234807
0.234801
0.234795
0.234789
0.234783
0.234777
0.234771
0.234765
0.234759
0.234753
0.234747
0.234740
0.234734
0.234728
0.234722
0.234716
0.234710
0.234704
0.234697
0.234691
0.234685
0.234679
0.234672
0.234666
0.234660
0.234654
0.234647
0.234641
0.234635
0.234629
0.234622
0.234616
0.234610
0.234603
0.234597
0.234590
0.234584
0.234578
0.234571
0.234565
0.234559
0.234552
0.234546
0.234539
0.234533
0.234526
0.234520
0.234513
0.234507
0.234500
0.234494
0.234487
0.234481
0.234474
0.234468
0.234461
0.234455
0.234448
0.234441
0.234435
0.234428
0.234422
0.234415
0.234408
0.234402
0.234395
0.234388
0.234382
0.234375
0.234368
0.234362
0.234355
0.234348
0.234342
0.234335
0.234328
0.234321
0.234315
0.234308
0.234301
0.234294
0.234287
0.234281
0.234274
0.234267
0.234260
0.234253
0.234253
0.234246
0.234240
0.234233
0.234226
0.234219
0.234212
0.234205
0.234198
0.234191
0.234184
0.234177
0.234170
0.234163
0.234156
0.234150
0.234143
0.234136
0.234129
0.234121
0.234114
0.234107
0.234100
0.234093
0.234086
0.234079
0.234072
0.234065
0.234058
0.234051
0.234044
0.234037
0.234029
0.234022
0.234015
0.234008
0.234001
0.233994
0.233987
0.233979
0.233972
0.233965
0.233958
0.233951
0.233943
0.233936
0.233929
0.233922
0.233914
0.233907
0.233900
0.233892
0.233885
0.233878
0.233870
0.233863
0.233856
0.233848
0.233841
0.233834
0.233826
0.233819
0.233812
0.233804
0.233797
0.233789
0.233782
0.233775
0.233767
0.233760
0.233752
0.233745
0.233737
0.233730
0.233722
0.233715
0.233707
0.233700
0.233692
0.233685
0.233677
0.233670
0.233662
0.233655
0.233647
0.233640
0.233632
0.233624
0.233617
0.233609
0.233602
0.233594
0.233586
0.233579
0.233571
0.233563
0.233556
0.233548
0.233540
0.233533
0.233525
0.233517
0.233510
0.233502
0.233494
0.233487
0.233479
0.233471
0.233463
0.233456
0.233448
0.233440
0.233432
0.233424
0.233417
0.233409
0.233401
0.233393
0.233385
0.233378
0.233370
0.233362
0.233354
0.233346
0.233338
0.233330
0.233322
0.233315
0.233307
0.233299
0.233291
0.233283
0.233275
0.233267
0.233259
0.233251
0.233243
0.233235
0.233227
0.233219
0.233211
0.233203
0.233195
0.233187
0.233179
0.233171
0.233163
0.233155
0.233147
0.233139
0.233131
0.233123
0.233115
0.233107
0.233099
0.233090
0.233082
0.233074
0.233066
0.233058
0.233050
0.233042
0.233034
0.233025
0.233017
0.233009
0.233001
0.232993
0.232984
0.232976
0.232968
0.232960
0.232952
0.232943
0.232935
0.232927
0.232919
0.232910
0.232902
0.232894
0.232886
0.232877
0.232869
0.232861
0.232852
0.232844
0.232836
0.232827
0.232819
0.232811
0.232802
0.232794
0.232786
0.232777
0.232769
0.232761
0.232752
0.232744
0.232735
0.232727
0.232718
0.232710
0.232702
0.232693
0.232685
0.232676
0.232668
0.232659
0.232651
0.232642
0.232634
0.232625
0.232617
0.232608
0.232600
0.232591
0.232583
0.232574
0.232566
0.232557
0.232549
0.232540
0.232531
0.232523
0.232514
0.232506
0.232497
0.232489
0.232480
0.232471
0.232463
0.232454
0.232445
0.232437
0.232428
0.232419
0.232411
0.232402
0.232393
0.232385
0.232376
0.232367
0.232359
0.232350
0.232341
0.232332
0.232324
0.232315
0.232306
0.232298
0.232289
0.232280
0.232271
0.232262
0.232254
0.232245
0.232236
0.232227
0.232218
0.232210
0.232201
0.232192
0.232183
0.232174
0.232165
0.232157
0.232148
0.232139
0.232130
0.232121
0.232112
0.232103
0.232094
0.232086
0.232077
0.232068
0.232059
0.232050
0.232041
0.232032
0.232023
0.232014
0.232005
0.231996
0.231987
0.231978
0.231969
0.231960
0.231951
0.231942
0.231933
0.231924
0.231915
0.231906
0.231897
0.231888
0.231879
0.231870
0.231861
0.231852
0.231842
0.231833
0.231824
0.231815
0.231806
0.231797
0.231788
0.231779
0.231770
0.231760
0.231751
0.231742
0.231733
0.231724
0.231715
0.231705
0.231696
0.231687
0.231678
0.231669
0.231659
0.231650
0.231641
0.231632
0.231622
0.231613
0.231604
0.231595
0.231585
0.231576
0.231567
0.231557
0.231548
0.231539
0.231530
0.231520
0.231511
0.231502
0.231492
0.231483
0.231473
0.231464
0.231455
0.231445
0.231436
0.231427
0.231417
0.231408
0.231398
0.231389
0.231380
0.231370
0.231361
0.231351
0.231342
0.231332
0.231323
0.231313
0.231304
0.231294
0.231285
0.231275
0.231266
0.231256
0.231247
0.231237
0.231228
0.231218
0.231209
0.231199
0.231189
0.231180
0.231170
0.231161
0.231151
0.231141
0.231132
0.231122
0.231113
0.231103
0.231093
0.231084
0.231074
0.231064
0.231055
0.231045
0.231035
0.231025
0.231016
0.231006
0.230996
0.230987
0.230977
0.230967
0.230957
0.230948
0.230938
0.230928
0.230918
0.230908
0.230899
0.230889
0.230879
0.230869
0.230859
0.230849
0.230839
0.230830
0.230820
0.230810
0.230800
0.230790
0.230780
0.230770
0.230760
0.230750
0.230740
0.230730
0.230720
0.230710
0.230700
0.230690
0.230680
0.230670
0.230660
0.230650
0.230640
0.230630
0.230620
0.230610
0.230600
0.230590
0.230580
0.230569
0.230559
0.230549
0.230539
0.230529
0.230519
0.230508
0.230498
0.230488
0.230478
0.230468
0.230457
0.230447
0.230437
0.230426
0.230416
0.230406
0.230396
0.230385
0.230375
0.230364
0.230354
0.230344
0.230333
0.230323
0.230313
0.230302
0.230292
0.230281
0.230271
0.230260
0.230250
0.230239
0.230229
0.230218
0.230208
0.230197
0.230187
0.230176
0.230165
0.230155
0.230144
0.230133
0.230123
0.230112
0.230101
0.230091
0.230080
0.230069
0.230059
0.230048
0.230037
0.230026
0.230016
0.230003
0.229996
0.229978
0.229981
0.229942
0.229983
0.229858
0.230009
0.229674
0.229902
0.229759
0.230007
0.230026
0.230026
0.230260
0.230244
0.230376
0.230296
0.230349
0.230231
0.230240
0.230101
0.230088
0.229940
0.229920
0.229771
0.229754
0.229610
0.229602
0.229468
0.229472
0.229349
0.229367
0.229256
0.229285
0.229186
0.229224
0.229134
0.229179
0.229098
0.229146
0.229071
0.229122
0.229052
0.229103
0.229037
0.229088
0.229024
0.229074
0.229013
0.229061
0.229002
0.229049
0.228992
0.229038
0.228981
0.229026
0.228971
0.229015
0.228961
0.229003
0.228950
0.228992
0.228940
0.228981
0.228930
0.228971
0.228920
0.228960
0.228909
0.228950
0.228899
0.228939
0.228889
0.228929
0.228879
0.228919
0.228869
0.228908
0.228859
0.228898
0.228848
0.228887
0.228837
0.228876
0.228826
0.228864
0.228815
0.228852
0.228803
0.228840
0.228791
0.228828
0.228779
0.228815
0.228766
0.228802
0.228753
0.228788
0.228739
0.228774
0.228725
0.228760
0.228711
0.228745
0.228696
0.228730
0.228681
0.228714
0.228666
0.228699
0.228651
0.228683
0.228635
0.228666
0.228619
0.228650
0.228602
0.228633
0.228586
0.228616
0.228569
0.228599
0.228552
0.228581
0.228534
0.228564
0.228517
0.228546
0.228499
0.228528
0.228481
0.228510
0.228463
0.228492
0.228445
0.228473
0.228427
0.228455
0.228408
0.228436
0.228389
0.228417
0.228371
0.228398
0.228351
0.228378
0.228332
0.228359
0.228313
0.228339
0.228293
0.228319
0.228273
0.228299
0.228253
0.228279
0.228233
0.228259
0.228213
0.228238
0.228193
0.228218
0.228172
0.228197
0.228151
0.228176
0.228131
0.228155
0.228110
0.228133
0.228088
0.228112
0.228067
0.228090
0.228046
0.228069
0.228024
0.228047
0.228002
0.228025
0.227981
0.228003
0.227959
0.227981
0.227937
0.227959
0.227915
0.227936
0.227892
0.227914
0.227870
0.227891
0.227848
0.227869
0.227825
0.227846
0.227803
0.227823
0.227780
0.227800
0.227757
0.227777
0.227734
0.227754
0.227711
0.227731
0.227688
0.227708
0.227665
0.227685
0.227642
0.227661
0.227619
0.227638
0.227596
0.227614
0.227572
0.227591
0.227549
0.227567
0.227526
0.227543
0.227502
0.227520
0.227478
0.227496
0.227455
0.227472
0.227431
0.227448
0.227407
0.227424
0.227383
0.227400
0.227360
0.227376
0.227336
0.227352
0.227312
0.227328
0.227288
0.227304
0.227263
0.227279
0.227239
0.227255
0.227215
0.227230
0.227191
0.227206
0.227167
0.227181
0.227142
0.227157
0.227118
0.227132
0.227093
0.227108
0.227069
0.227083
0.227044
0.227058
0.227020
0.227034
0.226995
0.227009
0.226970
0.226984
0.226946
0.226959
0.226921
0.226934
0.226896
0.226909
0.226871
0.226884
0.226847
0.226859
0.226822
0.226834
0.226797
0.226809
0.226772
0.226784
0.226747
0.226759
0.226722
0.226733
0.226697
0.226708
0.226672
0.226683
0.226647
0.226658
0.226622
0.226632
0.226596
0.226607
0.226571
0.226582
0.226546
0.226556
0.226521
0.226531
0.226496
0.226505
0.226470
0.226480
0.226445
0.226454
0.226420
0.226429
0.226394
0.226403
0.226369
0.226378
0.226344
0.226352
0.226318
0.226327
0.226293
0.226301
0.226267
0.226275
0.226242
0.226250
0.226216
0.226224
0.226191
0.226198
0.226165
0.226173
0.226140
0.226147
0.226114
0.226121
0.226089
0.226095
0.226063
0.226070
0.226037
0.226044
0.226012
0.226018
0.225986
0.225992
0.225961
0.225966
0.225935
0.225940
0.225909
0.225915
0.225883
0.225889
0.225858
0.225863
0.225832
0.225837
0.225806
0.225811
0.225781
0.225785
0.225755
0.225759
0.225729
0.225733
0.225703
0.225707
0.225677
0.225681
0.225652
0.225655
0.225626
0.225629
0.225600
0.225603
0.225574
0.225577
0.225548
0.225551
0.225522
0.225525
0.225496
0.225499
0.225470
0.225473
0.225445
0.225447
0.225419
0.225421
0.225393
0.225394
0.225367
0.225368
0.225341
0.225342
0.225315
0.225316
0.225289
0.225290
0.225263
0.225264
0.225237
0.225238
0.225211
0.225211
0.225185
0.225185
0.225159
0.225159
0.225133
0.225133
0.225107
0.225107
0.225081
0.225080
0.225055
0.225054
0.225029
0.225028
0.225003
0.225002
0.224977
0.224976
0.224951
0.224949
0.224925
0.224923
0.224899
0.224897
0.224873
0.224871
0.224846
0.224844
0.224820
0.224818
0.224794
0.224792
0.224768
0.224766
0.224742
0.224739
0.224716
0.224713
0.224690
0.224687
0.224664
0.224661
0.224638
0.224634
0.224612
0.224608
0.224586
0.224582
0.224559
0.224555
0.224533
0.224529
0.224507
0.224503
0.224481
0.224477
0.224455
0.224450
0.224429
0.224424
0.224403
0.224398
0.224377
0.224371
0.224350
0.224345
0.224324
0.224319
0.224298
0.224292
0.224272
0.224266
0.224246
0.224240
0.224220
0.224213
0.224194
0.224187
0.224167
0.224161
0.224141
0.224135
0.224115
0.224108
0.224089
0.224082
0.224063
0.224056
0.224037
0.224029
0.224010
0.224003
0.223984
0.223977
0.223958
0.223950
0.223932
0.223924
0.223906
0.223898
0.223880
0.223871
0.223854
0.223845
0.223827
0.223819
0.223819
0.223801
0.223792
0.223775
0.223766
0.223749
0.223740
0.223723
0.223714
0.223697
0.223687
0.223670
0.223661
0.223644
0.223635
0.223618
0.223608
0.223592
0.223582
0.223566
0.223556
0.223540
0.223529
0.223513
0.223503
0.223487
0.223477
0.223461
0.223451
0.223435
0.223424
0.223409
0.223398
0.223383
0.223372
0.223356
0.223346
0.223330
0.223319
0.223304
0.223293
0.223278
0.223267
0.223252
0.223240
0.223226
0.223214
0.223199
0.223188
0.223173
0.223162
0.223147
0.223135
0.223121
0.223109
0.223095
0.223083
0.223069
0.223057
0.223042
0.223031
0.223016
0.223004
0.222990
0.222978
0.222964
0.222952
0.222938
0.222926
0.222912
0.222899
0.222886
0.222873
0.222859
0.222847
0.222833
0.222821
0.222807
0.222795
0.222781
0.222769
0.222755
0.222742
0.222729
0.222716
0.222703
0.222690
0.222676
0.222664
0.222650
0.222638
0.222624
0.222612
0.222598
0.222585
0.222572
0.222559
0.222546
0.222533
0.222520
0.222507
0.222494
0.222481
0.222468
0.222455
0.222442
0.222429
0.222416
0.222403
0.222389
0.222377
0.222363
0.222351
0.222337
0.222325
0.222311
0.222298
0.222285
0.222272
0.222259
0.222246
0.222233
0.222220
0.222207
0.222194
0.222181
0.222168
0.222155
0.222142
0.222129
0.222116
0.222103
0.222090
0.222077
0.222064
0.222051
0.222038
0.222025
0.222012
0.221999
0.221986
0.221973
0.221960
0.221947
0.221935
0.221922
0.221909
0.221896
0.221883
0.221870
0.221857
0.221844
0.221831
0.221818
0.221805
0.221792
0.221779
0.221766
0.221753
0.221740
0.221727
0.221714
0.221702
0.221689
0.221676
0.221663
0.221650
0.221637
0.221624
0.221611
0.221598
0.221585
0.221572
0.221560
0.221547
0.221534
0.221521
0.221508
0.221495
0.221482
0.221469
0.221456
0.221444
0.221431
0.221418
0.221405
0.221392
0.221379
0.221366
0.221354
0.221341
0.221328
0.221315
0.221302
0.221289
0.221277
0.221264
0.221251
0.221238
0.221225
0.221212
0.221200
0.221187
0.221174
0.221161
0.221148
0.221136
0.221123
0.221110
0.221097
0.221084
0.221072
0.221059
0.221046
0.221033
0.221021
0.221008
0.220995
0.220982
0.220969
0.220957
0.220944
0.220931
0.220918
0.220906
0.220893
0.220880
0.220868
0.220855
0.220842
0.220829
0.220817
0.220804
0.220791
0.220778
0.220766
0.220753
0.220740
0.220728
0.220715
0.220702
0.220690
0.220677
0.220664
0.220652
0.220639
0.220626
0.220614
0.220601
0.220588
0.220576
0.220563
0.220550
0.220538
0.220525
0.220512
0.220500
0.220487
0.220475
0.220462
0.220449
0.220437
0.220424
0.220412
0.220399
0.220386
0.220374
0.220361
0.220349
0.220336
0.220324
0.220311
0.220298
0.220286
0.220273
0.220261
0.220248
0.220236
0.220223
0.220211
0.220198
0.220186
0.220173
0.220161
0.220148
0.220136
0.220123
0.220111
0.220098
0.220086
0.220073
0.220061
0.220048
0.220036
0.220023
0.220011
0.219998
0.219986
0.219974
0.219961
0.219949
0.219936
0.219924
0.219911
0.219899
0.219887
0.219874
0.219862
0.219849
0.219837
0.219825
0.219812
0.219800
0.219788
0.219775
0.219763
0.219751
0.219738
0.219726
0.219714
0.219701
0.219689
0.219677
0.219664
0.219652
0.219640
0.219627
0.219615
0.219603
0.219591
0.219578
0.219566
0.219554
0.219542
0.219529
0.219517
0.219505
0.219493
0.219481
0.219468
0.219456
0.219444
0.219432
0.219420
0.219407
0.219395
0.219383
0.219371
0.219359
0.219347
0.219334
0.219322
0.219310
0.219298
0.219286
0.219274
0.219262
0.219250
0.219238
0.219226
0.219214
0.219201
0.219189
0.219177
0.219165
0.219153
0.219141
0.219129
0.219117
0.219105
0.219093
0.219081
0.219069
0.219057
0.219045
0.219033
0.219021
0.219009
0.218997
0.218986
0.218974
0.218962
0.218950
0.218938
0.218926
0.218914
0.218902
0.218890
0.218878
0.218867
0.218855
0.218843
0.218831
0.218819
0.218807
0.218796
0.218784
0.218772
0.218760
0.218748
0.218737
0.218725
0.218713
0.218701
0.218690
0.218678
0.218666
0.218654
0.218643
0.218631
0.218619
0.218608
0.218596
0.218584
0.218572
0.218561
0.218549
0.218538
0.218526
0.218514
0.218503
0.218491
0.218479
0.218468
0.218456
0.218445
0.218433
0.218421
0.218410
0.218398
0.218387
0.218375
0.218364
0.218352
0.218341
0.218329
0.218317
0.218306
0.218294
0.218283
0.218271
0.218260
0.218248
0.218237
0.218226
0.218214
0.218203
0.218191
0.218180
0.218168
0.218157
0.218145
0.218134
0.218123
0.218111
0.218100
0.218088
0.218077
0.218066
0.218054
0.218043
0.218031
0.218020
0.218008
0.217998
0.217985
0.217976
0.217961
0.217956
0.217934
0.217940
0.217898
0.217935
0.217838
0.217942
0.217727
0.217913
0.217680
0.217890
0.217808
0.218017
0.217992
0.218145
0.218096
0.218175
0.218096
0.218122
0.218025
0.218019
0.217913
0.217890
0.217781
0.217751
0.217645
0.217615
0.217515
0.217491
0.217400
0.217384
0.217302
0.217302
0.217295
0.217221
0.217224
0.217157
0.217168
0.217107
0.217126
0.217067
0.217093
0.217036
0.217068
0.217012
0.217050
0.216993
0.217036
0.216978
0.217025
0.216966
0.217016
0.216956
0.217009
0.216947
0.217001
0.216939
0.216994
0.216931
0.216985
0.216922
0.216974
0.216911
0.216962
0.216899
0.216946
0.216884
0.216928
0.216867
0.216908
0.216847
0.216886
0.216825
0.216862
0.216802
0.216837
0.216778
0.216811
0.216753
0.216785
0.216728
0.216760
0.216703
0.216735
0.216679
0.216711
0.216656
0.216688
0.216633
0.216666
0.216611
0.216645
0.216590
0.216625
0.216570
0.216606
0.216550
0.216587
0.216531
0.216570
0.216513
0.216552
0.216494
0.216535
0.216477
0.216519
0.216459
0.216502
0.216441
0.216485
0.216424
0.216468
0.216406
0.216450
0.216388
0.216432
0.216369
0.216414
0.216351
0.216395
0.216331
0.216375
0.216311
0.216354
0.216290
0.216332
0.216269
0.216310
0.216247
0.216288
0.216224
0.216265
0.216201
0.216242
0.216178
0.216219
0.216155
0.216195
0.216132
0.216172
0.216108
0.216149
0.216085
0.216126
0.216062
0.216103
0.216039
0.216081
0.216016
0.216059
0.215994
0.216037
0.215972
0.216015
0.215950
0.215994
0.215928
0.215972
0.215906
0.215951
0.215885
0.215930
0.215863
0.215909
0.215841
0.215887
0.215820
0.215865
0.215798
0.215844
0.215776
0.215822
0.215753
0.215799
0.215731
0.215777
0.215708
0.215754
0.215685
0.215731
0.215662
0.215708
0.215639
0.215685
0.215616
0.215662
0.215592
0.215639
0.215569
0.215615
0.215546
0.215592
0.215522
0.215569
0.215499
0.215546
0.215475
0.215523
0.215452
0.215500
0.215429
0.215477
0.215406
0.215454
0.215383
0.215432
0.215360
0.215409
0.215337
0.215386
0.215314
0.215363
0.215291
0.215341
0.215268
0.215318
0.215245
0.215295
0.215222
0.215272
0.215199
0.215249
0.215176
0.215226
0.215152
0.215203
0.215129
0.215180
0.215106
0.215157
0.215082
0.215133
0.215059
0.215110
0.215036
0.215087
0.215012
0.215064
0.214989
0.215041
0.214965
0.215018
0.214942
0.214994
0.214919
0.214971
0.214895
0.214948
0.214872
0.214925
0.214849
0.214902
0.214825
0.214879
0.214802
0.214856
0.214779
0.214833
0.214756
0.214810
0.214732
0.214787
0.214709
0.214764
0.214686
0.214741
0.214662
0.214718
0.214639
0.214694
0.214616
0.214671
0.214593
0.214648
0.214569
0.214625
0.214546
0.214602
0.214523
0.214579
0.214499
0.214556
0.214476
0.214533
0.214453
0.214510
0.214430
0.214487
0.214406
0.214464
0.214383
0.214441
0.214360
0.214418
0.214337
0.214395
0.214313
0.214372
0.214290
0.214349
0.214267
0.214326
0.214244
0.214303
0.214220
0.214280
0.214197
0.214257
0.214174
0.214234
0.214151
0.214211
0.214128
0.214188
0.214105
0.214165
0.214081
0.214142
0.214058
0.214119
0.214035
0.214096
0.214012
0.214073
0.213989
0.214050
0.213966
0.214027
0.213943
0.214004
0.213919
0.213981
0.213896
0.213959
0.213873
0.213936
0.213850
0.213913
0.213827
0.213890
0.213804
0.213867
0.213781
0.213844
0.213758
0.213822
0.213735
0.213799
0.213712
0.213776
0.213689
0.213753
0.213666
0.213730
0.213643
0.213708
0.213620
0.213685
0.213597
0.213662
0.213574
0.213639
0.213551
0.213617
0.213528
0.213594
0.213505
0.213571
0.213482
0.213548
0.213459
0.213526
0.213436
0.213503
0.213414
0.213480
0.213391
0.213458
0.213368
0.213435
0.213345
0.213412
0.213322
0.213390
0.213299
0.213367
0.213276
0.213345
0.213254
0.213322
0.213231
0.213299
0.213208
0.213277
0.213185
0.213254
0.213162
0.213232
0.213140
0.213209
0.213117
0.213187
0.213094
0.213164
0.213071
0.213142
0.213049
0.213119
0.213026
0.213097
0.213003
0.213074
0.212981
0.213052
0.212958
0.213029
0.212935
0.213007
0.212912
0.212984
0.212890
0.212962
0.212867
0.212939
0.212845
0.212917
0.212822
0.212895
0.212799
0.212872
0.212777
0.212850
0.212754
0.212827
0.212732
0.212805
0.212709
0.212783
0.212686
0.212760
0.212664
0.212738
0.212641
0.212716
0.212619
0.212694
0.212596
0.212671
0.212574
0.212649
0.212551
0.212627
0.212529
0.212604
0.212506
0.212582
0.212484
0.212560
0.212462
0.212538
0.212439
0.212516
0.212417
0.212493
0.212394
0.212471
0.212372
0.212449
0.212350
0.212427
0.212327
0.212405
0.212305
0.212383
0.212282
0.212360
0.212260
0.212338
0.212238
0.212316
0.212215
0.212294
0.212193
0.212272
0.212171
0.212250
0.212149
0.212228
0.212126
0.212206
0.212104
0.212184
0.212082
0.212162
0.212060
0.212140
0.212037
0.212118
0.212015
0.212096
0.211993
0.212074
0.211971
0.212052
0.211949
0.212030
0.211926
0.212008
0.211904
0.211986
0.211882
0.211964
0.211860
0.211942
0.211838
0.211920
0.211816
0.211898
0.211794
0.211877
0.211771
0.211855
0.211749
0.211833
0.211727
0.211811
0.211705
0.211789
0.211683
0.211767
0.211661
0.211745
0.211745
0.211639
0.211724
0.211617
0.211702
0.211595
0.211680
0.211573
0.211658
0.211551
0.211637
0.211529
0.211615
0.211507
0.211593
0.211485
0.211571
0.211463
0.211550
0.211441
0.211528
0.211420
0.211506
0.211398
0.211485
0.211376
0.211463
0.211354
0.211441
0.211332
0.211420
0.211310
0.211398
0.211288
0.211376
0.211267
0.211355
0.211245
0.211333
0.211223
0.211312
0.211201
0.211290
0.211179
0.211269
0.211158
0.211247
0.211136
0.211225
0.211114
0.211204
0.211092
0.211182
0.211071
0.211161
0.211049
0.211139
0.211027
0.211118
0.211005
0.211097
0.210984
0.211075
0.210962
0.211054
0.210940
0.211032
0.210919
0.211011
0.210897
0.210989
0.210876
0.210968
0.210854
0.210947
0.210832
0.210925
0.210811
0.210904
0.210789
0.210882
0.210768
0.210861
0.210746
0.210840
0.210725
0.210818
0.210703
0.210797
0.210681
0.210776
0.210660
0.210755
0.210638
0.210733
0.210617
0.210712
0.210596
0.210691
0.210574
0.210670
0.210553
0.210648
0.210531
0.210627
0.210510
0.210606
0.210488
0.210585
0.210467
0.210564
0.210446
0.210542
0.210424
0.210521
0.210403
0.210500
0.210381
0.210479
0.210360
0.210458
0.210339
0.210437
0.210317
0.210416
0.210296
0.210395
0.210275
0.210373
0.210254
0.210352
0.210232
0.210331
0.210211
0.210310
0.210190
0.210289
0.210169
0.210268
0.210147
0.210247
0.210126
0.210226
0.210105
0.210205
0.210084
0.210184
0.210062
0.210163
0.210041
0.210142
0.210020
0.210121
0.209999
0.210101
0.209978
0.210080
0.209957
0.210059
0.209936
0.210038
0.209915
0.210017
0.209893
0.209996
0.209872
0.209975
0.209851
0.209954
0.209830
0.209934
0.209809
0.209913
0.209788
0.209892
0.209767
0.209871
0.209746
0.209850
0.209725
0.209830
0.209704
0.209809
0.209683
0.209788
0.209662
0.209767
0.209641
0.209747
0.209620
0.209726
0.209599
0.209705
0.209579
0.209684
0.209558
0.209664
0.209537
0.209643
0.209516
0.209622
0.209495
0.209602
0.209474
0.209581
0.209453
0.209560
0.209432
0.209540
0.209412
0.209519
0.209391
0.209499
0.209370
0.209478
0.209349
0.209457
0.209328
0.209437
0.209308
0.209416
0.209287
0.209396
0.209266
0.209375
0.209245
0.209355
0.209225
0.209334
0.209204
0.209314
0.209183
0.209293
0.209163
0.209273
0.209142
0.209252
0.209121
0.209232
0.209101
0.209211
0.209080
0.209191
0.209059
0.209171
0.209039
0.209150
0.209018
0.209130
0.208998
0.209109
0.208977
0.209089
0.208956
0.209069
0.208936
0.209048
0.208915
0.209028
0.208895
0.209008
0.208874
0.208987
0.208854
0.208967
0.208833
0.208947
0.208813
0.208927
0.208792
0.208906
0.208772
0.208886
0.208751
0.208866
0.208731
0.208846
0.208711
0.208825
0.208690
0.208805
0.208670
0.208785
0.208649
0.208765
0.208629
0.208745
0.208609
0.208724
0.208588
0.208704
0.208568
0.208684
0.208548
0.208664
0.208527
0.208644
0.208507
0.208624
0.208487
0.208604
0.208466
0.208584
0.208446
0.208563
0.208426
0.208543
0.208406
0.208523
0.208385
0.208503
0.208365
0.208483
0.208345
0.208463
0.208325
0.208443
0.208304
0.208423
0.208284
0.208403
0.208264
0.208383
0.208244
0.208363
0.208224
0.208343
0.208204
0.208323
0.208184
0.208303
0.208163
0.208284
0.208143
0.208264
0.208123
0.208244
0.208103
0.208224
0.208083
0.208204
0.208063
0.208184
0.208043
0.208164
0.208023
0.208144
0.208003
0.208125
0.207983
0.208105
0.207963
0.208085
0.207943
0.208065
0.207923
0.208045
0.207903
0.208026
0.207883
0.208006
0.207863
0.207986
0.207843
0.207966
0.207823
0.207946
0.207803
0.207927
0.207783
0.207907
0.207763
0.207887
0.207744
0.207868
0.207724
0.207848
0.207704
0.207828
0.207684
0.207809
0.207664
0.207789
0.207644
0.207769
0.207624
0.207750
0.207605
0.207730
0.207585
0.207710
0.207565
0.207691
0.207545
0.207671
0.207526
0.207652
0.207506
0.207632
0.207486
0.207612
0.207466
0.207593
0.207447
0.207573
0.207427
0.207554
0.207407
0.207534
0.207388
0.207515
0.207368
0.207495
0.207348
0.207476
0.207329
0.207456
0.207309
0.207437
0.207289
0.207417
0.207270
0.207398
0.207250
0.207378
0.207230
0.207359
0.207211
0.207340
0.207191
0.207320
0.207172
0.207301
0.207152
0.207281
0.207133
0.207262
0.207113
0.207243
0.207094
0.207223
0.207074
0.207204
0.207055
0.207185
0.207035
0.207165
0.207016
0.207146
0.206996
0.207127
0.206977
0.207107
0.206957
0.207088
0.206938
0.207069
0.206918
0.207049
0.206899
0.207030
0.206879
0.207011
0.206860
0.206992
0.206841
0.206972
0.206821
0.206953
0.206802
0.206934
0.206783
0.206915
0.206763
0.206895
0.206744
0.206876
0.206724
0.206857
0.206705
0.206838
0.206686
0.206819
0.206667
0.206799
0.206647
0.206780
0.206628
0.206761
0.206609
0.206742
0.206589
0.206723
0.206570
0.206704
0.206551
0.206685
0.206532
0.206665
0.206512
0.206512
0.206646
0.206493
0.206627
0.206474
0.206608
0.206455
0.206589
0.206436
0.206570
0.206416
0.206551
0.206397
0.206532
0.206378
0.206513
0.206359
0.206494
0.206340
0.206475
0.206321
0.206456
0.206302
0.206437
0.206282
0.206418
0.206263
0.206399
0.206244
0.206380
0.206225
0.206361
0.206206
0.206342
0.206187
0.206323
0.206168
0.206304
0.206149
0.206285
0.206130
0.206266
0.206111
0.206247
0.206092
0.206228
0.206073
0.206209
0.206054
0.206190
0.206035
0.206171
0.206016
0.206153
0.205997
0.206134
0.205978
0.206115
0.205959
0.206096
0.205940
0.206077
0.205921
0.206058
0.205902
0.206039
0.205883
0.206020
0.205864
0.206002
0.205845
0.205983
0.205826
0.205964
0.205807
0.205945
0.205789
0.205926
0.205770
0.205907
0.205751
0.205889
0.205732
0.205870
0.205713
0.205851
0.205694
0.205832
0.205675
0.205813
0.205656
0.205795
0.205638
0.205776
0.205619
0.205757
0.205600
0.205738
0.205581
0.205720
0.205562
0.205701
0.205544
0.205682
0.205525
0.205663
0.205506
0.205645
0.205487
0.205626
0.205468
0.205607
0.205450
0.205588
0.205431
0.205570
0.205412
0.205551
0.205393
0.205532
0.205375
0.205514
0.205356
0.205495
0.205337
0.205476
0.205318
0.205457
0.205300
0.205439
0.205281
0.205420
0.205262
0.205401
0.205244
0.205383
0.205225
0.205364
0.205206
0.205345
0.205188
0.205327
0.205169
0.205308
0.205150
0.205289
0.205132
0.205271
0.205113
0.205252
0.205094
0.205233
0.205076
0.205215
0.205057
0.205196
0.205038
0.205177
0.205020
0.205159
0.205001
0.205140
0.204983
0.205122
0.204964
0.205103
0.204945
0.205084
0.204927
0.205066
0.204908
0.205047
0.204890
0.205028
0.204871
0.205010
0.204852
0.204991
0.204834
0.204973
0.204815
0.204954
0.204797
0.204935
0.204778
0.204917
0.204760
0.204898
0.204741
0.204880
0.204722
0.204861
0.204704
0.204842
0.204685
0.204824
0.204667
0.204805
0.204648
0.204786
0.204630
0.204768
0.204611
0.204749
0.204593
0.204731
0.204574
0.204712
0.204556
0.204693
0.204537
0.204675
0.204519
0.204656
0.204500
0.204638
0.204482
0.204619
0.204463
0.204600
0.204444
0.204582
0.204426
0.204563
0.204407
0.204545
0.204389
0.204526
0.204371
0.204507
0.204352
0.204489
0.204334
0.204470
0.204315
0.204452
0.204297
0.204433
0.204278
0.204414
0.204260
0.204396
0.204241
0.204377
0.204223
0.204359
0.204204
0.204340
0.204186
0.204321
0.204167
0.204303
0.204149
0.204284
0.204130
0.204265
0.204112
0.204247
0.204093
0.204228
0.204075
0.204209
0.204056
0.204191
0.204038
0.204172
0.204019
0.204153
0.204001
0.204135
0.203982
0.204116
0.203964
0.204098
0.203946
0.204079
0.203927
0.204060
0.203909
0.204041
0.203890
0.204023
0.203872
0.204004
0.203853
0.203985
0.203835
0.203967
0.203816
0.203948
0.203798
0.203929
0.203779
0.203911
0.203761
0.203892
0.203742
0.203873
0.203724
0.203854
0.203705
0.203836
0.203687
0.203817
0.203668
0.203798
0.203650
0.203779
0.203631
0.203761
0.203613
0.203742
0.203595
0.203723
0.203576
0.203704
0.203558
0.203686
0.203539
0.203667
0.203521
0.203648
0.203502
0.203629
0.203484
0.203610
0.203465
0.203591
0.203447
0.203573
0.203428
0.203554
0.203410
0.203535
0.203391
0.203516
0.203373
0.203497
0.203354
0.203478
0.203335
0.203459
0.203317
0.203440
0.203298
0.203422
0.203280
0.203403
0.203261
0.203384
0.203243
0.203365
0.203224
0.203346
0.203206
0.203327
0.203187
0.203308
0.203169
0.203289
0.203150
0.203270
0.203131
0.203251
0.203113
0.203232
0.203094
0.203213
0.203076
0.203194
0.203057
0.203175
0.203039
0.203156
0.203020
0.203136
0.203001
0.203117
0.202983
0.203098
0.202964
0.203079
0.202946
0.203060
0.202927
0.203041
0.202908
0.203022
0.202890
0.203002
0.202871
0.202983
0.202852
0.202964
0.202834
0.202945
0.202815
0.202926
0.202797
0.202906
0.202778
0.202887
0.202759
0.202868
0.202741
0.202848
0.202722
0.202829
0.202703
0.202810
0.202684
0.202790
0.202666
0.202771
0.202647
0.202752
0.202628
0.202732
0.202610
0.202713
0.202591
0.202693
0.202572
0.202674
0.202554
0.202654
0.202535
0.202635
0.202516
0.202615
0.202497
0.202596
0.202479
0.202576
0.202460
0.202557
0.202441
0.202537
0.202422
0.202517
0.202403
0.202498
0.202385
0.202478
0.202366
0.202458
0.202347
0.202439
0.202328
0.202419
0.202309
0.202399
0.202291
0.202379
0.202272
0.202360
0.202253
0.202340
0.202234
0.202320
0.202215
0.202300
0.202196
0.202280
0.202178
0.202260
0.202159
0.202240
0.202140
0.202220
0.202121
0.202200
0.202102
0.202180
0.202083
0.202160
0.202065
0.202140
0.202046
0.202120
0.202027
0.202100
0.202008
0.202079
0.201989
0.202059
0.201970
0.202039
0.201951
0.202019
0.201932
0.201998
0.201914
0.201978
0.201895
0.201958
0.201876
0.201937
0.201857
0.201917
0.201917
0.201838
0.201896
0.201819
0.201876
0.201800
0.201855
0.201782
0.201834
0.201763
0.201814
0.201744
0.201793
0.201725
0.201772
0.201707
0.201751
0.201688
0.201730
0.201669
0.201709
0.201650
0.201689
0.201632
0.201668
0.201613
0.201647
0.201595
0.201625
0.201576
0.201604
0.201558
0.201583
0.201539
0.201562
0.201521
0.201541
0.201502
0.201520
0.201484
0.201499
0.201466
0.201478
0.201448
0.201457
0.201429
0.201436
0.201411
0.201415
0.201393
0.201395
0.201375
0.201374
0.201357
0.201354
0.201339
0.201335
0.201321
0.201315
0.201303
0.201296
0.201285
0.201277
0.201267
0.201259
0.201249
0.201240
0.201231
0.201222
0.201213
0.201204
0.201195
0.201186
0.201176
0.201167
0.201158
0.201149
0.201139
0.201130
0.201121
0.201111
0.201102
0.201092
0.201082
0.201073
0.201063
0.201053
0.201043
0.201033
0.201023
0.201013
0.201003
0.200993
0.200982
0.200972
0.200962
0.200951
0.200941
0.200930
0.200919
0.200909
0.200898
0.200887
0.200876
0.200865
0.200854
0.200843
0.200832
0.200821
0.200810
0.200798
0.200787
0.200776
0.200764
0.200753
0.200741
0.200729
0.200718
0.200706
0.200694
0.200683
0.200671
0.200659
0.200647
0.200635
0.200623
0.200611
0.200599
0.200586
0.200574
0.200562
0.200549
0.200537
0.200524
0.200512
0.200499
0.200486
0.200473
0.200460
0.200447
0.200434
0.200421
0.200407
0.200394
0.200380
0.200366
0.200353
0.200339
0.200325
0.200310
0.200296
0.200282
0.200267
0.200252
0.200237
0.200222
0.200207
0.200192
0.200177
0.200161
0.200146
0.200130
0.200114
0.200099
0.200083
0.200067
0.200051
0.200034
0.200018
0.200002
0.199986
0.199969
0.199953
0.199937
0.199920
0.199904
0.199887
0.199871
0.199855
0.199839
0.199822
0.199806
0.199790
0.199774
0.199758
0.199743
0.199727
0.199711
0.199696
0.199681
0.199666
0.199651
0.199636
0.199622
0.199607
0.199593
0.199579
0.199566
0.199552
0.199539
0.199526
0.199513
0.199501
0.199488
0.199476
0.199465
0.199453
0.199442
0.199431
0.199421
0.199410
0.199400
0.199391
0.199381
0.199372
0.199363
0.199355
0.199347
0.199339
0.199331
0.199324
0.199317
0.199310
0.199304
0.199298
0.199292
0.199287
0.199282
0.199277
0.199272
0.199268
0.199264
0.199260
0.199257
0.199254
0.199251
0.199248
0.199246
0.199244
0.199242
0.199241
0.199239
0.199238
0.199237
0.199237
0.199236
0.199236
0.199236
0.199237
0.199237
0.199238
0.199239
0.199240
0.199241
0.199243
0.199244
0.199246
0.199248
0.199251
0.199253
0.199255
0.199258
0.199261
0.199264
0.199267
0.199270
0.199274
0.199277
0.199281
0.199285
0.199288
0.199292
0.199297
0.199301
0.199305
0.199310
0.199314
0.199319
0.199323
0.199328
0.199333
0.199338
0.199343
0.199348
0.199354
0.199359
0.199364
0.199370
0.199375
0.199381
0.199386
0.199392
0.199398
0.199403
0.199409
0.199415
0.199421
0.199427
0.199433
0.199439
0.199445
0.199452
0.199458
0.199464
0.199470
0.199477
0.199483
0.199490
0.199496
0.199503
0.199509
0.199516
0.199522
0.199529
0.199536
0.199542
0.199549
0.199556
0.199563
0.199569
0.199576
0.199583
0.199590
0.199597
0.199604
0.199611
0.199618
0.199625
0.199632
0.199639
0.199646
0.199653
0.199660
0.199667
0.199675
0.199682
0.199689
0.199696
0.199703
0.199711
0.199718
0.199725
0.199733
0.199740
0.199747
0.199755
0.199762
0.199769
0.199777
0.199784
0.199791
0.199799
0.199806
0.199814
0.199821
0.199829
0.199836
0.199844
0.199851
0.199859
0.199866
0.199874
0.199881
0.199889
0.199896
0.199904
0.199912
0.199919
0.199927
0.199934
0.199942
0.199949
0.199957
0.199965
0.199972
0.199980
0.199987
0.199995
0.200003
0.200010
0.200018
0.200025
0.200033
0.200041
0.200048
0.200056
0.200064
0.200071
0.200079
0.200086
0.200094
0.200102
0.200109
0.200117
0.200124
0.200132
0.200139
0.200147
0.200155
0.200162
0.200170
0.200177
0.200185
0.200192
0.200200
0.200207
0.200215
0.200222
0.200230
0.200237
0.200245
0.200252
0.200260
0.200267
0.200274
0.200282
0.200289
0.200297
0.200304
0.200311
0.200319
0.200326
0.200334
0.200341
0.200348
0.200355
0.200363
0.200370
0.200377
0.200385
0.200392
0.200399
0.200406
0.200413
0.200421
0.200428
0.200435
0.200442
0.200449
0.200456
0.200463
0.200471
0.200478
0.200485
0.200492
0.200499
0.200506
0.200513
0.200520
0.200527
0.200534
0.200540
0.200547
0.200554
0.200561
0.200568
0.200575
0.200582
0.200588
0.200595
0.200602
0.200609
0.200616
0.200622
0.200629
0.200636
0.200642
0.200649
0.200656
0.200662
0.200669
0.200675
0.200682
0.200688
0.200695
0.200701
0.200708
0.200714
0.200721
0.200727
0.200734
0.200740
0.200746
0.200753
0.200759
0.200765
0.200772
0.200778
0.200784
0.200790
0.200797
0.200803
0.200809
0.200815
0.200821
0.200827
0.200834
0.200840
0.200846
0.200852
0.200852
0.200858
0.200864
0.200870
0.200876
0.200881
0.200887
0.200893
0.200899
0.200905
0.200911
0.200917
0.200922
0.200928
0.200934
0.200939
0.200945
0.200951
0.200956
0.200962
0.200968
0.200973
0.200979
0.200984
0.200990
0.200995
0.201001
0.201006
0.201012
0.201017
0.201023
0.201028
0.201033
0.201039
0.201044
0.201049
0.201054
0.201060
0.201065
0.201070
0.201075
0.201080
0.201085
0.201090
0.201096
0.201101
0.201106
0.201111
0.201116
0.201121
0.201126
0.201130
0.201135
0.201140
0.201145
0.201150
0.201155
0.201159
0.201164
0.201169
0.201174
0.201178
0.201183
0.201188
0.201192
0.201197
0.201201
0.201206
0.201211
0.201215
0.201220
0.201224
0.201228
0.201233
0.201237
0.201242
0.201246
0.201250
0.201255
0.201259
0.201263
0.201267
0.201272
0.201276
0.201280
0.201284
0.201288
0.201292
0.201296
0.201301
0.201305
0.201309
0.201313
0.201317
0.201321
0.201324
0.201328
0.201332
0.201336
0.201340
0.201344
0.201348
0.201351
0.201355
0.201359
0.201362
0.201366
0.201370
0.201373
0.201377
0.201381
0.201384
0.201388
0.201391
0.201395
0.201398
0.201402
0.201405
0.201409
0.201412
0.201415
0.201419
0.201422
0.201425
0.201429
0.201432
0.201435
0.201438
0.201441
0.201445
0.201448
0.201451
0.201454
0.201457
0.201460
0.201463
0.201466
0.201469
0.201472
0.201475
0.201478
0.201481
0.201484
0.201487
0.201489
0.201492
0.201495
0.201498
0.201501
0.201503
0.201506
0.201509
0.201511
0.201514
0.201517
0.201519
0.201522
0.201524
0.201527
0.201529
0.201532
0.201534
0.201537
0.201539
0.201542
0.201544
0.201546
0.201549
0.201551
0.201553
0.201556
0.201558
0.201560
0.201562
0.201565
0.201567
0.201569
0.201571
0.201573
0.201575
0.201577
0.201579
0.201581
0.201583
0.201585
0.201587
0.201589
0.201591
0.201593
0.201595
0.201597
0.201599
0.201601
0.201602
0.201604
0.201606
0.201608
0.201609
0.201611
0.201613
0.201614
0.201616
0.201618
0.201619
0.201621
0.201622
0.201624
0.201625
0.201627
0.201628
0.201630
0.201631
0.201633
0.201634
0.201635
0.201637
0.201638
0.201639
0.201641
0.201642
0.201643
0.201644
0.201646
0.201647
0.201648
0.201649
0.201650
0.201651
0.201653
0.201654
0.201655
0.201656
0.201657
0.201658
0.201659
0.201660
0.201661
0.201662
0.201662
0.201663
0.201664
0.201665
0.201666
0.201667
0.201667
0.201668
0.201669
0.201670
0.201670
0.201671
0.201672
0.201672
0.201673
0.201674
0.201674
0.201675
0.201675
0.201676
0.201676
0.201677
0.201677
0.201678
0.201678
0.201679
0.201679
0.201680
0.201680
0.201680
0.201681
0.201681
0.201681
0.201682
0.201682
0.201682
0.201682
0.201682
0.201683
0.201683
0.201683
0.201683
0.201683
0.201683
0.201683
0.201683
0.201683
0.201684
0.201684
0.201684
0.201683
0.201683
0.201683
0.201683
0.201683
0.201683
0.201683
0.201683
0.201683
0.201682
0.201682
0.201682
0.201682
0.201681
0.201681
0.201681
0.201681
0.201680
0.201680
0.201680
0.201679
0.201679
0.201678
0.201678
0.201678
0.201677
0.201677
0.201676
0.201676
0.201675
0.201674
0.201674
0.201673
0.201673
0.201672
0.201671
0.201671
0.201670
0.201669
0.201669
0.201668
0.201667
0.201667
0.201666
0.201665
0.201664
0.201663
0.201663
0.201662
0.201661
0.201660
0.201659
0.201658
0.201657
0.201656
0.201655
0.201654
0.201653
0.201652
0.201651
0.201650
0.201649
0.201648
0.201647
0.201646
0.201645
0.201644
0.201642
0.201641
0.201640
0.201639
0.201638
0.201636
0.201635
0.201634
0.201632
0.201631
0.201630
0.201629
0.201627
0.201626
0.201624
0.201623
0.201622
0.201620
0.201619
0.201617
0.201616
0.201614
0.201613
0.201611
0.201610
0.201608
0.201607
0.201605
0.201604
0.201602
0.201600
0.201599
0.201597
0.201595
0.201594
0.201592
0.201590
0.201589
0.201587
0.201585
0.201583
0.201581
0.201580
0.201578
0.201576
0.201574
0.201572
0.201570
0.201569
0.201567
0.201565
0.201563
0.201561
0.201559
0.201557
0.201555
0.201553
0.201551
0.201549
0.201547
0.201545
0.201542
0.201540
0.201538
0.201536
0.201534
0.201532
0.201529
0.201527
0.201525
0.201523
0.201520
0.201518
0.201516
0.201513
0.201511
0.201508
0.201506
0.201504
0.201501
0.201499
0.201496
0.201494
0.201491
0.201488
0.201486
0.201483
0.201481
0.201478
0.201476
0.201473
0.201470
0.201468
0.201465
0.201463
0.201460
0.201458
0.201455
0.201453
0.201450
0.201448
0.201445
0.201443
0.201441
0.201438
0.201436
0.201434
0.201432
0.201430
0.201428
0.201426
0.201425
0.201423
0.201422
0.201420
0.201419
0.201418
0.201417
0.201416
0.201415
0.201415
0.201414
0.201414
0.201414
0.201414
0.201414
0.201415
0.201415
0.201416
0.201417
0.201418
0.201419
0.201420
0.201422
0.201423
0.201425
0.201427
0.201429
0.201432
0.201435
0.201438
0.201441
0.201444
0.201448
0.201452
0.201452
0.201456
0.201460
0.201465
0.201468
0.201469
0.201466
0.201457
0.201436
0.201400
0.201345
0.201270
0.201174
0.201059
0.200930
0.200790
0.200646
0.200506
0.200376
0.200264
0.200176
0.200119
0.200095
0.200106
0.200149
0.200223
0.200322
0.200441
0.200575
0.200719
0.200870
0.201022
0.201172
0.201318
0.201459
0.201591
0.201714
0.201828
0.201931
0.202024
0.202106
0.202179
0.202242
0.202296
0.202340
0.202377
0.202406
0.202428
0.202442
0.202451
0.202454
0.202452
0.202444
0.202432
0.202417
0.202397
0.202374
0.202348
0.202319
0.202287
0.202254
0.202219
0.202182
0.202144
0.202105
0.202065
0.202024
0.201984
0.201942
0.201901
0.201860
0.201819
0.201779
0.201739
0.201699
0.201661
0.201623
0.201586
0.201550
0.201515
0.201480
0.201448
0.201416
0.201385
0.201356
0.201328
0.201301
0.201275
0.201251
0.201228
0.201207
0.201186
0.201167
0.201150
0.201133
0.201118
0.201104
0.201092
0.201081
0.201071
0.201062
0.201055
0.201049
0.201044
0.201040
0.201037
0.201036
0.201035
0.201036
0.201038
0.201041
0.201045
0.201049
0.201055
0.201062
0.201070
0.201079
0.201089
0.201099
0.201111
0.201123
0.201136
0.201150
0.201165
0.201181
0.201197
0.201214
0.201232
0.201250
0.201269
0.201289
0.201309
0.201330
0.201351
0.201373
0.201396
0.201419
0.201442
0.201466
0.201491
0.201516
0.201541
0.201567
0.201593
0.201619
0.201646
0.201673
0.201701
0.201729
0.201757
0.201785
0.201814
0.201843
0.201872
0.201901
0.201931
0.201960
0.201990
0.202020
0.202051
0.202081
0.202111
0.202142
0.202173
0.202203
0.202234
0.202265
0.202296
0.202327
0.202358
0.202389
0.202420
0.202451
0.202482
0.202513
0.202544
0.202576
0.202607
0.202637
0.202668
0.202699
0.202730
0.202761
0.202791
0.202822
0.202852
0.202883
0.202913
0.202943
0.202973
0.203003
0.203032
0.203062
0.203091
0.203121
0.203150
0.203179
0.203208
0.203236
0.203265
0.203293
0.203321
0.203349
0.203377
0.203405
0.203432
0.203459
0.203486
0.203513
0.203540
0.203566
0.203592
0.203618
0.203644
0.203670
0.203695
0.203720
0.203745
0.203770
0.203794
0.203818
0.203842
0.203866
0.203890
0.203913
0.203936
0.203959
0.203981
0.204004
0.204026
0.204048
0.204069
0.204091
0.204112
0.204133
0.204153
0.204174
0.204194
0.204214
0.204233
0.204253
0.204272
0.204291
0.204309
0.204328
0.204346
0.204363
0.204381
0.204398
0.204416
0.204432
0.204449
0.204465
0.204482
0.204497
0.204513
0.204528
0.204543
0.204558
0.204573
0.204587
0.204601
0.204615
0.204629
0.204642
0.204655
0.204668
0.204681
0.204693
0.204705
0.204717
0.204729
0.204740
0.204752
0.204763
0.204773
0.204784
0.204794
0.204804
0.204814
0.204823
0.204833
0.204842
0.204851
0.204859
0.204868
0.204876
0.204884
0.204891
0.204899
0.204906
0.204913
0.204920
0.204926
0.204933
0.204939
0.204945
0.204951
0.204956
0.204961
0.204967
0.204971
0.204976
0.204981
0.204985
0.204989
0.204993
0.204996
0.205000
0.205003
0.205006
0.205009
0.205012
0.205014
0.205016
0.205018
0.205020
0.205022
0.205023
0.205025
0.205026
0.205027
0.205027
0.205028
0.205028
0.205029
0.205029
0.205028
0.205028
0.205028
0.205027
0.205026
0.205025
0.205024
0.205023
0.205021
0.205019
0.205017
0.205015
0.205013
0.205011
0.205008
0.205006
0.205003
0.205000
0.204997
0.204993
0.204990
0.204986
0.204983
0.204979
0.204975
0.204970
0.204966
0.204962
0.204957
0.204952
0.204947
0.204942
0.204937
0.204932
0.204926
0.204920
0.204915
0.204909
0.204903
0.204897
0.204890
0.204884
0.204877
0.204871
0.204864
0.204857
0.204850
0.204842
0.204835
0.204828
0.204820
0.204812
0.204805
0.204797
0.204789
0.204780
0.204772
0.204764
0.204755
0.204746
0.204738
0.204729
0.204720
0.204711
0.204701
0.204692
0.204683
0.204673
0.204663
0.204654
0.204644
0.204634
0.204624
0.204613
0.204603
0.204593
0.204582
0.204571
0.204561
0.204550
0.204539
0.204528
0.204517
0.204505
0.204494
0.204483
0.204471
0.204460
0.204448
0.204436
0.204424
0.204412
0.204400
0.204388
0.204375
0.204363
0.204350
0.204338
0.204325
0.204312
0.204300
0.204287
0.204274
0.204260
0.204247
0.204234
0.204220
0.204207
0.204193
0.204180
0.204166
0.204152
0.204138
0.204124
0.204110
0.204096
0.204082
0.204067
0.204053
0.204038
0.204024
0.204009
0.203994
0.203979
0.203965
0.203950
0.203934
0.203919
0.203904
0.203889
0.203873
0.203858
0.203842
0.203827
0.203811
0.203795
0.203779
0.203763
0.203747
0.203731
0.203715
0.203699
0.203682
0.203666
0.203650
0.203633
0.203616
0.203600
0.203583
0.203566
0.203549
0.203532
0.203515
0.203498
0.203481
0.203464
0.203446
0.203429
0.203411
0.203394
0.203376
0.203358
0.203341
0.203323
0.203305
0.203287
0.203269
0.203251
0.203233
0.203214
0.203196
0.203178
0.203159
0.203159
