-0.490420
0.950319
0.859950
0.856459
0.856540
0.856611
0.855947
0.854473
0.852431
0.850116
0.847729
0.845390
0.843162
0.841082
0.839175
0.837453
0.835924
0.834593
0.833459
0.832520
0.831771
0.831204
0.830808
0.830573
0.830487
0.830535
0.830704
0.830981
0.831353
0.831807
0.832330
0.832910
0.833538
0.834204
0.834898
0.835612
0.836340
0.837074
0.837809
0.838540
0.839263
0.839973
0.840667
0.841343
0.841997
0.842627
0.843231
0.843808
0.844355
0.844871
0.845356
0.845808
0.846226
0.846609
0.846958
0.847271
0.847549
0.847791
0.847997
0.848168
0.848304
0.848405
0.848473
0.848509
0.848513
0.848487
0.848432
0.848351
0.848245
0.848117
0.847969
0.847803
0.847623
0.847431
0.847230
0.847023
0.846814
0.846607
0.846403
0.846208
0.846024
0.845854
0.845702
0.845571
0.845463
0.845382
0.845331
0.845310
0.845323
0.845371
0.845454
0.845576
0.845735
0.845932
0.846168
0.846441
0.846752
0.847099
0.847481
0.847896
0.848344
0.848822
0.849328
0.849860
0.850416
0.850994
0.851592
0.852208
0.852840
0.853485
0.854143
0.854810
0.855485
0.856167
0.856854
0.857544
0.858236
0.858929
0.859622
0.860312
0.861001
0.861685
0.862366
0.863041
0.863710
0.864373
0.865030
0.865678
0.866319
0.866952
0.867577
0.868193
0.868800
0.869398
0.869987
0.870567
0.871138
0.871699
0.872251
0.872795
0.873329
0.873854
0.874371
0.874878
0.875377
0.875868
0.876350
0.876823
0.877289
0.877747
0.878197
0.878639
0.879074
0.879501
0.879922
0.880335
0.880741
0.881141
0.881534
0.881921
0.882301
0.882675
0.883043
0.883405
0.883762
0.884113
0.884458
0.884797
0.885132
0.885461
0.885785
0.886104
0.886418
0.886728
0.887032
0.887332
0.887627
0.887918
0.888204
0.888486
0.888764
0.889038
0.889307
0.889572
0.889834
0.890091
0.890344
0.890594
0.890840
0.891082
0.891320
0.891555
0.891786
0.892013
0.892238
0.892458
0.892675
0.892889
0.893100
0.893307
0.893511
0.893711
0.893909
0.894103
0.894294
0.894482
0.894667
0.894849
0.895028
0.895204
0.895377
0.895547
0.895714
0.895879
0.896040
0.896199
0.896355
0.896508
0.896658
0.896806
0.896951
0.897093
0.897233
0.897370
0.897505
0.897636
0.897766
0.897893
0.898017
0.898139
0.898258
0.898375
0.898489
0.898601
0.898711
0.898818
0.898923
0.899025
0.899126
0.899224
0.899319
0.899413
0.899504
0.899593
0.899680
0.899764
0.899847
0.899927
0.900005
0.900081
0.900156
0.900227
0.900297
0.900365
0.900431
0.900495
0.900557
0.900617
0.900675
0.900732
0.900786
0.900838
0.900889
0.900938
0.900985
0.901030
0.901073
0.901115
0.901155
0.901193
0.901230
0.901265
0.901298
0.901330
0.901360
0.901388
0.901415
0.901440
0.901464
0.901486
0.901507
0.901526
0.901544
0.901561
0.901576
0.901589
0.901601
0.901612
0.901622
0.901630
0.901637
0.901642
0.901646
0.901649
0.901651
0.901651
0.901650
0.901648
0.901645
0.901641
0.901635
0.901629
0.901621
0.901612
0.901601
0.901590
0.901578
0.901564
0.901550
0.901534
0.901517
0.901500
0.901481
0.901461
0.901440
0.901418
0.901395
0.901371
0.901346
0.901320
0.901293
0.901265
0.901235
0.901205
0.901174
0.901142
0.901108
0.901074
0.901038
0.901002
0.900964
0.900925
0.900886
0.900845
0.900803
0.900759
0.900715
0.900670
0.900623
0.900575
0.900526
0.900476
0.900424
0.900371
0.900317
0.900262
0.900205
0.900147
0.900088
0.900028
0.899966
0.899903
0.899839
0.899774
0.899708
0.899642
0.899575
0.899508
0.899442
0.899377
0.899313
0.899252
0.899194
0.899138
0.899087
0.899040
0.898998
0.898960
0.898926
0.898896
0.898870
0.898848
0.898829
0.898812
0.898796
0.898782
0.898769
0.898756
0.898743
0.898729
0.898715
0.898700
0.898684
0.898668
0.898651
0.898632
0.898613
0.898594
0.898573
0.898551
0.898529
0.898506
0.898481
0.898456
0.898430
0.898402
0.898373
0.898343
0.898311
0.898278
0.898243
0.898207
0.898169
0.898130
0.898090
0.898047
0.898003
0.897958
0.897911
0.897862
0.897811
0.897759
0.897705
0.897650
0.897593
0.897534
0.897473
0.897411
0.897347
0.897281
0.897213
0.897143
0.897072
0.896999
0.896924
0.896847
0.896768
0.896688
0.896605
0.896521
0.896435
0.896346
0.896256
0.896164
0.896070
0.895974
0.895875
0.895775
0.895673
0.895568
0.895462
0.895353
0.895242
0.895129
0.895014
0.894897
0.894777
0.894656
0.894532
0.894406
0.894277
0.894146
0.894013
0.893878
0.893740
0.893600
0.893457
0.893313
0.893165
0.893015
0.892863
0.892709
0.892552
0.892392
0.892230
0.892065
0.891898
0.891728
0.891555
0.891380
0.891203
0.891023
0.890840
0.890654
0.890466
0.890275
0.890081
0.889884
0.889685
0.889483
0.889278
0.889070
0.888860
0.888647
0.888430
0.888211
0.887989
0.887765
0.887537
0.887306
0.887072
0.886836
0.886596
0.886354
0.886108
0.885859
0.885608
0.885353
0.885095
0.884834
0.884834
0.884570
0.884303
0.884033
0.883760
0.883483
0.883204
0.882921
0.882635
0.882346
0.882054
0.881759
0.881461
0.881159
0.880854
0.880546
0.880235
0.879920
0.879603
0.879282
0.878958
0.878631
0.878300
0.877967
0.877630
0.877290
0.876947
0.876601
0.876252
0.875899
0.875544
0.875185
0.874823
0.874459
0.874091
0.873720
0.873346
0.872969
0.872589
0.872206
0.871821
0.871432
0.871041
0.870647
0.870250
0.869850
0.869448
0.869042
0.868635
0.868225
0.867812
0.867396
0.866979
0.866559
0.866136
0.865712
0.865285
0.864856
0.864424
0.863991
0.863556
0.863119
0.862680
0.862239
0.861797
0.861352
0.860907
0.860459
0.860011
0.859561
0.859110
0.858657
0.858203
0.857749
0.857293
0.856837
0.856379
0.855921
0.855463
0.855003
0.854544
0.854083
0.853623
0.853163
0.852702
0.852241
0.851780
0.851320
0.850859
0.850399
0.849940
0.849480
0.849022
0.848564
0.848107
0.847650
0.847194
0.846740
0.846286
0.845834
0.845383
0.844933
0.844484
0.844037
0.843592
0.843148
0.842705
0.842265
0.841826
0.841389
0.840954
0.840521
0.840090
0.839661
0.839234
0.838810
0.838387
0.837967
0.837550
0.837135
0.836722
0.836312
0.835904
0.835500
0.835097
0.834698
0.834301
0.833907
0.833515
0.833127
0.832741
0.832358
0.831978
0.831601
0.831227
0.830856
0.830487
0.830122
0.829760
0.829401
0.829044
0.828691
0.828341
0.827994
0.827650
0.827309
0.826971
0.826636
0.826304
0.825975
0.825650
0.825327
0.825007
0.824691
0.824377
0.824067
0.823759
0.823454
0.823153
0.822854
0.822559
0.822266
0.821976
0.821689
0.821405
0.821124
0.820846
0.820571
0.820298
0.820029
0.819762
0.819498
0.819237
0.818978
0.818722
0.818469
0.818219
0.817971
0.817726
0.817483
0.817243
0.817006
0.816771
0.816539
0.816309
0.816082
0.815857
0.815634
0.815414
0.815197
0.814981
0.814768
0.814558
0.814349
0.814143
0.813939
0.813738
0.813538
0.813341
0.813146
0.812953
0.812762
0.812573
0.812386
0.812201
0.812019
0.811838
0.811659
0.811482
0.811307
0.811134
0.810962
0.810793
0.810625
0.810459
0.810295
0.810133
0.809972
0.809813
0.809656
0.809500
0.809346
0.809194
0.809043
0.808894
0.808746
0.808600
0.808455
0.808312
0.808170
0.808030
0.807891
0.807753
0.807617
0.807482
0.807349
0.807217
0.807086
0.806956
0.806828
0.806701
0.806575
0.806451
0.806327
0.806205
0.806084
0.805964
0.805845
0.805727
0.805611
0.805495
0.805381
0.805267
0.805155
0.805043
0.804933
0.804824
0.804715
0.804608
0.804501
0.804395
0.804291
0.804187
0.804084
0.803982
0.803881
0.803780
0.803681
0.803582
0.803484
0.803387
0.803291
0.803195
0.803101
0.803007
0.802913
0.802821
0.802729
0.802638
0.802548
0.802458
0.802369
0.802281
0.802193
0.802106
0.802020
0.801934
0.801849
0.801765
0.801681
0.801598
0.801515
0.801433
0.801352
0.801271
0.801191
0.801111
0.801032
0.800954
0.800876
0.800798
0.800721
0.800645
0.800569
0.800494
0.800419
0.800345
0.800272
0.800198
0.800126
0.800054
0.799982
0.799911
0.799840
0.799770
0.799700
0.799631
0.799562
0.799494
0.799426
0.799358
0.799291
0.799225
0.799159
0.799093
0.799028
0.798964
0.798899
0.798836
0.798772
0.798709
0.798647
0.798585
0.798523
0.798462
0.798401
0.798341
0.798281
0.798221
0.798162
0.798103
0.798045
0.797987
0.797930
0.797873
0.797816
0.797760
0.797704
0.797648
0.797593
0.797539
0.797484
0.797430
0.797377
0.797324
0.797271
0.797219
0.797167
0.797115
0.797064
0.797013
0.796963
0.796913
0.796863
0.796814
0.796765
0.796716
0.796668
0.796620
0.796573
0.796526
0.796479
0.796433
0.796387
0.796341
0.796296
0.796251
0.796207
0.796163
0.796119
0.796076
0.796032
0.795990
0.795947
0.795905
0.795864
0.795822
0.795782
0.795741
0.795701
0.795661
0.795621
0.795582
0.795543
0.795505
0.795466
0.795428
0.795391
0.795354
0.795317
0.795280
0.795244
0.795208
0.795173
0.795138
0.795103
0.795068
0.795034
0.795000
0.794966
0.794933
0.794900
0.794867
0.794835
0.794803
0.794771
0.794740
0.794709
0.794678
0.794648
0.794617
0.794588
0.794558
0.794529
0.794500
0.794471
0.794443
0.794415
0.794387
0.794360
0.794332
0.794305
0.794279
0.794252
0.794226
0.794201
0.794175
0.794150
0.794125
0.794100
0.794076
0.794052
0.794028
0.794005
0.793981
0.793958
0.793936
0.793913
0.793891
0.793869
0.793847
0.793826
0.793805
0.793784
0.793763
0.793743
0.793723
0.793703
0.793684
0.793664
0.793645
0.793626
0.793608
0.793590
0.793572
0.793554
0.793536
0.793519
0.793502
0.793485
0.793469
0.793452
0.793437
0.793421
0.793407
0.793395
0.793388
0.793400
0.793466
0.793622
0.793800
0.793927
0.794802
0.794320
0.793588
0.793755
0.794001
0.794207
0.794310
0.794318
0.794260
0.794169
0.794070
0.793977
0.793895
0.793826
0.793767
0.793715
0.793669
0.793628
0.793628
0.793591
0.793558
0.793530
0.793506
0.793487
0.793473
0.793463
0.793458
0.793456
0.793458
0.793463
0.793472
0.793483
0.793497
0.793513
0.793531
0.793551
0.793572
0.793595
0.793619
0.793645
0.793671
0.793698
0.793726
0.793754
0.793784
0.793813
0.793844
0.793874
0.793905
0.793936
0.793968
0.794000
0.794032
0.794065
0.794097
0.794130
0.794163
0.794196
0.794229
0.794263
0.794296
0.794330
0.794364
0.794398
0.794432
0.794466
0.794500
0.794535
0.794569
0.794604
0.794638
0.794673
0.794708
0.794743
0.794778
0.794813
0.794848
0.794883
0.794918
0.794953
0.794989
0.795024
0.795060
0.795095
0.795131
0.795166
0.795202
0.795238
0.795273
0.795309
0.795345
0.795381
0.795417
0.795452
0.795488
0.795524
0.795560
0.795596
0.795632
0.795668
0.795704
0.795739
0.795775
0.795811
0.795847
0.795883
0.795919
0.795955
0.795991
0.796026
0.796062
0.796098
0.796134
0.796169
0.796205
0.796240
0.796276
0.796312
0.796347
0.796382
0.796418
0.796453
0.796488
0.796524
0.796559
0.796594
0.796629
0.796664
0.796699
0.796734
0.796769
0.796803
0.796838
0.796873
0.796907
0.796942
0.796976
0.797010
0.797045
0.797079
0.797113
0.797147
0.797181
0.797214
0.797248
0.797282
0.797315
0.797349
0.797382
0.797415
0.797448
0.797481
0.797514
0.797547
0.797579
0.797612
0.797644
0.797676
0.797708
0.797740
0.797772
0.797804
0.797835
0.797867
0.797898
0.797929
0.797960
0.797991
0.798022
0.798052
0.798082
0.798112
0.798142
0.798172
0.798202
0.798231
0.798260
0.798289
0.798318
0.798347
0.798375
0.798404
0.798432
0.798460
0.798487
0.798515
0.798542
0.798569
0.798596
0.798623
0.798649
0.798676
0.798702
0.798728
0.798753
0.798779
0.798804
0.798829
0.798855
0.798879
0.798904
0.798928
0.798955
0.798970
0.799033
0.798947
0.799951
0.798365
0.802607
0.800613
0.800892
0.800275
0.799929
0.799576
0.799647
0.799676
0.799992
0.800074
0.800419
0.800361
0.800772
0.800445
0.801230
0.800372
0.802029
0.800588
0.802239
0.800897
0.801960
0.800895
0.801729
0.800886
0.801695
0.800972
0.801791
0.801078
0.801936
0.801159
0.802100
0.801221
0.802257
0.801289
0.802364
0.801363
0.802408
0.801429
0.802419
0.801486
0.802439
0.801541
0.802486
0.801601
0.802560
0.801663
0.802650
0.801727
0.802742
0.801794
0.802824
0.801861
0.802895
0.801928
0.802958
0.801994
0.803021
0.802060
0.803090
0.802128
0.803166
0.802197
0.803247
0.802268
0.803329
0.802340
0.803409
0.802413
0.803488
0.802486
0.803565
0.802558
0.803643
0.802632
0.803723
0.802706
0.803804
0.802780
0.803886
0.802856
0.803969
0.802931
0.804051
0.803007
0.804133
0.803084
0.804216
0.803160
0.804298
0.803237
0.804381
0.803314
0.804465
0.803392
0.804549
0.803470
0.804633
0.803548
0.804717
0.803627
0.804802
0.803705
0.804887
0.803784
0.804972
0.803864
0.805057
0.803944
0.805142
0.804024
0.805228
0.804104
0.805314
0.804185
0.805400
0.804265
0.805487
0.804347
0.805573
0.804428
0.805660
0.804510
0.805747
0.804592
0.805835
0.804675
0.805923
0.804758
0.806011
0.804841
0.806099
0.804924
0.806187
0.805008
0.806276
0.805092
0.806365
0.805177
0.806454
0.805262
0.806544
0.805347
0.806634
0.805433
0.806724
0.805519
0.806814
0.805605
0.806905
0.805692
0.806996
0.805779
0.807087
0.805867
0.807178
0.805955
0.807270
0.806043
0.807362
0.806132
0.807455
0.806221
0.807547
0.806310
0.807640
0.806400
0.807734
0.806490
0.807827
0.806581
0.807921
0.806672
0.808015
0.806764
0.808110
0.806856
0.808204
0.806948
0.808299
0.807041
0.808395
0.807134
0.808490
0.807228
0.808586
0.807322
0.808683
0.807416
0.808779
0.807511
0.808876
0.807607
0.808973
0.807702
0.809070
0.807799
0.809168
0.807895
0.809266
0.807993
0.809364
0.808090
0.809463
0.808188
0.809561
0.808287
0.809660
0.808386
0.809760
0.808485
0.809859
0.808585
0.809959
0.808685
0.810059
0.808786
0.810160
0.808887
0.810261
0.808989
0.810362
0.809091
0.810463
0.809193
0.810564
0.809296
0.810666
0.809400
0.810768
0.809504
0.810870
0.809608
0.810973
0.809713
0.811076
0.809819
0.811179
0.809924
0.811282
0.810031
0.811385
0.810138
0.811489
0.810245
0.811593
0.810352
0.811697
0.810461
0.811802
0.810569
0.811906
0.810678
0.812011
0.810788
0.812116
0.810898
0.812222
0.811008
0.812327
0.811119
0.812433
0.811231
0.812539
0.811342
0.812645
0.811455
0.812751
0.811567
0.812858
0.811681
0.812964
0.811794
0.813071
0.811908
0.813179
0.812023
0.813286
0.812138
0.813393
0.812253
0.813501
0.812369
0.813609
0.812485
0.813717
0.812602
0.813825
0.812719
0.813933
0.812837
0.814042
0.812955
0.814151
0.813073
0.814260
0.813192
0.814369
0.813312
0.814478
0.813431
0.814587
0.813551
0.814696
0.813672
0.814806
0.813793
0.814916
0.813914
0.815026
0.814036
0.814036
0.815136
0.814158
0.815246
0.814280
0.815356
0.814403
0.815467
0.814527
0.815577
0.814650
0.815688
0.814774
0.815799
0.814899
0.815910
0.815024
0.816021
0.815149
0.816132
0.815274
0.816244
0.815400
0.816355
0.815527
0.816467
0.815654
0.816578
0.815781
0.816690
0.815908
0.816802
0.816036
0.816914
0.816164
0.817026
0.816293
0.817138
0.816422
0.817251
0.816552
0.817363
0.816682
0.817475
0.816812
0.817588
0.816943
0.817700
0.817074
0.817813
0.817206
0.817926
0.817338
0.818038
0.817470
0.818151
0.817604
0.818264
0.817737
0.818377
0.817871
0.818489
0.818006
0.818602
0.818142
0.818715
0.818278
0.818827
0.818415
0.818940
0.818553
0.819052
0.818691
0.819165
0.818831
0.819277
0.818972
0.819389
0.819115
0.819501
0.819259
0.819614
0.819405
0.819727
0.819553
0.819840
0.819704
0.819955
0.819857
0.820073
0.820014
0.820195
0.820174
0.820323
0.820336
0.820460
0.820501
0.820605
0.820667
0.820760
0.820836
0.820924
0.821007
0.821095
0.821182
0.821271
0.821359
0.821449
0.821538
0.821628
0.821717
0.821806
0.821894
0.821982
0.822069
0.822155
0.822240
0.822324
0.822408
0.822491
0.822573
0.822655
0.822735
0.822815
0.822895
0.822974
0.823052
0.823131
0.823208
0.823286
0.823363
0.823440
0.823517
0.823593
0.823670
0.823747
0.823823
0.823900
0.823977
0.824054
0.824131
0.824208
0.824286
0.824363
0.824441
0.824519
0.824597
0.824675
0.824754
0.824832
0.824911
0.824990
0.825069
0.825148
0.825228
0.825308
0.825387
0.825467
0.825548
0.825628
0.825708
0.825789
0.825870
0.825950
0.826031
0.826113
0.826194
0.826275
0.826357
0.826438
0.826520
0.826602
0.826684
0.826766
0.826848
0.826930
0.827012
0.827095
0.827177
0.827260
0.827343
0.827426
0.827508
0.827592
0.827675
0.827758
0.827841
0.827924
0.828008
0.828091
0.828175
0.828259
0.828343
0.828427
0.828511
0.828595
0.828679
0.828763
0.828847
0.828932
0.829016
0.829101
0.829185
0.829270
0.829355
0.829440
0.829524
0.829609
0.829695
0.829780
0.829865
0.829950
0.830036
0.830121
0.830207
0.830292
0.830378
0.830464
0.830549
0.830635
0.830721
0.830807
0.830893
0.830979
0.831065
0.831152
0.831238
0.831324
0.831411
0.831497
0.831584
0.831671
0.831757
0.831844
0.831931
0.832018
0.832105
0.832192
0.832279
0.832366
0.832453
0.832540
0.832628
0.832715
0.832803
0.832890
0.832977
0.833065
0.833153
0.833240
0.833328
0.833416
0.833504
0.833591
0.833679
0.833767
0.833855
0.833943
0.834032
0.834120
0.834208
0.834296
0.834384
0.834473
0.834561
0.834649
0.834738
0.834826
0.834915
0.835003
0.835092
0.835181
0.835269
0.835358
0.835447
0.835536
0.835625
0.835713
0.835802
0.835891
0.835980
0.836069
0.836158
0.836247
0.836336
0.836425
0.836515
0.836604
0.836693
0.836782
0.836872
0.836961
0.837050
0.837139
0.837229
0.837318
0.837408
0.837497
0.837587
0.837676
0.837766
0.837855
0.837945
0.838034
0.838124
0.838213
0.838303
0.838393
0.838482
0.838572
0.838662
0.838751
0.838841
0.838931
0.839021
0.839111
0.839200
0.839290
0.839380
0.839470
0.839560
0.839649
0.839739
0.839829
0.839919
0.840009
0.840099
0.840189
0.840279
0.840369
0.840459
0.840549
0.840639
0.840729
0.840819
0.840908
0.840998
0.841088
0.841178
0.841268
0.841358
0.841448
0.841538
0.841628
0.841718
0.841808
0.841898
0.841988
0.842078
0.842168
0.842258
0.842348
0.842438
0.842528
0.842618
0.842708
0.842798
0.842888
0.842978
0.843068
0.843158
0.843248
0.843338
0.843428
0.843518
0.843608
0.843698
0.843788
0.843878
0.843968
0.844057
0.844147
0.844237
0.844327
0.844417
0.844507
0.844597
0.844686
0.844776
0.844866
0.844956
0.845045
0.845135
0.845225
0.845315
0.845404
0.845494
0.845584
0.845673
0.845763
0.845853
0.845942
0.846032
0.846121
0.846211
0.846301
0.846390
0.846480
0.846569
0.846658
0.846748
0.846837
0.846927
0.847016
0.847105
0.847195
0.847284
0.847373
0.847463
0.847552
0.847641
0.847730
0.847819
0.847909
0.847998
0.848087
0.848176
0.848265
0.848354
0.848443
0.848532
0.848621
0.848710
0.848799
0.848888
0.848976
0.849065
0.849154
0.849243
0.849332
0.849420
0.849509
0.849598
0.849686
0.849775
0.849863
0.849952
0.850040
0.850129
0.850217
0.850306
0.850394
0.850482
0.850571
0.850659
0.850747
0.850835
0.850923
0.851012
0.851100
0.851188
0.851276
0.851364
0.851452
0.851540
0.851628
0.851716
0.851803
0.851891
0.851979
0.852067
0.852154
0.852242
0.852330
0.852417
0.852505
0.852592
0.852680
0.852767
0.852854
0.852942
0.853029
0.853116
0.853204
0.853291
0.853378
0.853465
0.853552
0.853639
0.853726
0.853813
0.853900
0.853987
0.854074
0.854161
0.854247
0.854334
0.854421
0.854508
0.854594
0.854681
0.854767
0.854854
0.854940
0.855027
0.855113
0.855199
0.855285
0.855372
0.855458
0.855458
0.855544
0.855630
0.855716
0.855802
0.855888
0.855974
0.856060
0.856146
0.856232
0.856317
0.856403
0.856489
0.856574
0.856660
0.856745
0.856831
0.856916
0.857002
0.857087
0.857172
0.857257
0.857343
0.857428
0.857513
0.857598
0.857683
0.857768
0.857853
0.857938
0.858023
0.858108
0.858192
0.858277
0.858362
0.858446
0.858531
0.858615
0.858700
0.858784
0.858869
0.858953
0.859037
0.859121
0.859206
0.859290
0.859374
0.859458
0.859542
0.859626
0.859710
0.859793
0.859877
0.859961
0.860045
0.860128
0.860212
0.860296
0.860379
0.860463
0.860546
0.860629
0.860713
0.860796
0.860879
0.860962
0.861045
0.861128
0.861212
0.861294
0.861377
0.861460
0.861543
0.861626
0.861709
0.861791
0.861874
0.861957
0.862039
0.862122
0.862204
0.862286
0.862369
0.862451
0.862533
0.862615
0.862698
0.862780
0.862862
0.862944
0.863026
0.863108
0.863189
0.863271
0.863353
0.863435
0.863516
0.863598
0.863679
0.863761
0.863842
0.863924
0.864005
0.864086
0.864168
0.864249
0.864330
0.864411
0.864492
0.864573
0.864654
0.864735
0.864816
0.864897
0.864977
0.865058
0.865139
0.865219
0.865300
0.865380
0.865461
0.865541
0.865622
0.865702
0.865782
0.865863
0.865943
0.866023
0.866103
0.866183
0.866263
0.866343
0.866423
0.866502
0.866582
0.866662
0.866742
0.866821
0.866901
0.866980
0.867060
0.867139
0.867219
0.867298
0.867377
0.867457
0.867536
0.867615
0.867694
0.867773
0.867852
0.867931
0.868010
0.868089
0.868168
0.868246
0.868325
0.868404
0.868482
0.868561
0.868639
0.868718
0.868796
0.868875
0.868953
0.869031
0.869110
0.869188
0.869266
0.869344
0.869422
0.869500
0.869578
0.869656
0.869734
0.869812
0.869889
0.869967
0.870045
0.870122
0.870200
0.870277
0.870355
0.870432
0.870510
0.870587
0.870664
0.870742
0.870819
0.870896
0.870973
0.871050
0.871127
0.871204
0.871281
0.871358
0.871435
0.871512
0.871589
0.871665
0.871742
0.871819
0.871895
0.871972
0.872048
0.872125
0.872201
0.872277
0.872354
0.872430
0.872506
0.872582
0.872659
0.872735
0.872811
0.872887
0.872963
0.873039
0.873115
0.873190
0.873266
0.873342
0.873418
0.873493
0.873569
0.873645
0.873720
0.873796
0.873871
0.873947
0.874022
0.874097
0.874173
0.874248
0.874323
0.874398
0.874473
0.874548
0.874623
0.874698
0.874773
0.874848
0.874923
0.874998
0.875073
0.875148
0.875222
0.875297
0.875372
0.875446
0.875521
0.875595
0.875670
0.875744
0.875819
0.875893
0.875967
0.876042
0.876116
0.876190
0.876264
0.876339
0.876413
0.876487
0.876561
0.876635
0.876709
0.876783
0.876856
0.876930
0.877004
0.877078
0.877152
0.877225
0.877299
0.877373
0.877446
0.877520
0.877593
0.877667
0.877740
0.877813
0.877887
0.877960
0.878033
0.878107
0.878180
0.878253
0.878326
0.878399
0.878472
0.878545
0.878618
0.878691
0.878764
0.878837
0.878910
0.878983
0.879056
0.879129
0.879201
0.879274
0.879347
0.879419
0.879492
0.879565
0.879637
0.879710
0.879782
0.879855
0.879927
0.879999
0.880072
0.880144
0.880216
0.880288
0.880361
0.880433
0.880505
0.880577
0.880649
0.880721
0.880793
0.880865
0.880937
0.881009
0.881081
0.881153
0.881225
0.881297
0.881369
0.881440
0.881512
0.881584
0.881655
0.881727
0.881799
0.881870
0.881942
0.882013
0.882085
0.882156
0.882228
0.882299
0.882371
0.882442
0.882513
0.882584
0.882656
0.882727
0.882798
0.882869
0.882941
0.883012
0.883083
0.883154
0.883225
0.883296
0.883367
0.883438
0.883509
0.883580
0.883651
0.883722
0.883793
0.883863
0.883934
0.884005
0.884076
0.884146
0.884217
0.884288
0.884358
0.884429
0.884500
0.884570
0.884641
0.884711
0.884782
0.884852
0.884923
0.884993
0.885064
0.885134
0.885204
0.885275
0.885345
0.885415
0.885486
0.885556
0.885626
0.885696
0.885767
0.885837
0.885907
0.885977
0.886047
0.886117
0.886187
0.886257
0.886327
0.886397
0.886467
0.886537
0.886607
0.886677
0.886747
0.886817
0.886887
0.886957
0.887027
0.887096
0.887166
0.887236
0.887306
0.887375
0.887445
0.887515
0.887584
0.887654
0.887724
0.887793
0.887863
0.887932
0.888002
0.888072
0.888141
0.888211
0.888280
0.888350
0.888419
0.888488
0.888558
0.888627
0.888697
0.888766
0.888835
0.888905
0.888974
0.889043
0.889113
0.889182
0.889251
0.889320
0.889390
0.889459
0.889528
0.889597
0.889666
0.889736
0.889805
0.889874
0.889943
0.890012
0.890081
0.890150
0.890219
0.890288
0.890357
0.890426
0.890495
0.890564
0.890633
0.890702
0.890771
0.890840
0.890909
0.890978
0.891047
0.891116
0.891185
0.891253
0.891322
0.891391
0.891460
0.891529
0.891597
0.891666
0.891735
0.891804
0.891873
0.891941
0.892010
0.892079
0.892147
0.892216
0.892285
0.892353
0.892422
0.892491
0.892559
0.892628
0.892697
0.892765
0.892834
0.892902
0.892971
0.893040
0.893108
0.893177
0.893177
0.893245
0.893314
0.893382
0.893451
0.893519
0.893588
0.893656
0.893725
0.893793
0.893862
0.893930
0.893999
0.894067
0.894135
0.894204
0.894272
0.894341
0.894409
0.894477
0.894546
0.894614
0.894683
0.894751
0.894819
0.894888
0.894956
0.895024
0.895093
0.895161
0.895229
0.895297
0.895366
0.895434
0.895502
0.895571
0.895639
0.895707
0.895775
0.895844
0.895912
0.895980
0.896048
0.896117
0.896185
0.896253
0.896321
0.896390
0.896458
0.896526
0.896594
0.896662
0.896731
0.896799
0.896867
0.896935
0.897003
0.897071
0.897140
0.897208
0.897276
0.897344
0.897412
0.897480
0.897548
0.897617
0.897685
0.897753
0.897821
0.897889
0.897957
0.898025
0.898094
0.898162
0.898230
0.898298
0.898366
0.898434
0.898502
0.898570
0.898638
0.898706
0.898775
0.898843
0.898911
0.898979
0.899047
0.899115
0.899183
0.899251
0.899319
0.899387
0.899455
0.899523
0.899591
0.899660
0.899728
0.899796
0.899864
0.899932
0.900000
0.900068
0.900136
0.900204
0.900272
0.900340
0.900408
0.900476
0.900544
0.900612
0.900680
0.900748
0.900817
0.900885
0.900953
0.901021
0.901089
0.901157
0.901225
0.901293
0.901361
0.901429
0.901497
0.901565
0.901633
0.901701
0.901769
0.901837
0.901905
0.901973
0.902042
0.902110
0.902178
0.902246
0.902314
0.902382
0.902450
0.902518
0.902586
0.902654
0.902722
0.902790
0.902858
0.902926
0.902995
0.903063
0.903131
0.903199
0.903267
0.903335
0.903403
0.903471
0.903539
0.903607
0.903675
0.903743
0.903812
0.903880
0.903948
0.904016
0.904084
0.904152
0.904220
0.904288
0.904356
0.904425
0.904493
0.904561
0.904629
0.904697
0.904765
0.904833
0.904901
0.904970
0.905038
0.905106
0.905174
0.905242
0.905310
0.905379
0.905447
0.905515
0.905583
0.905651
0.905719
0.905788
0.905856
0.905924
0.905992
0.906060
0.906128
0.906197
0.906265
0.906333
0.906401
0.906469
0.906538
0.906606
0.906674
0.906742
0.906811
0.906879
0.906947
0.907015
0.907083
0.907152
0.907220
0.907288
0.907356
0.907425
0.907493
0.907561
0.907629
0.907698
0.907766
0.907834
0.907903
0.907971
0.908039
0.908107
0.908176
0.908244
0.908312
0.908381
0.908449
0.908517
0.908586
0.908654
0.908722
0.908790
0.908859
0.908927
0.908995
0.909064
0.909132
0.909201
0.909269
0.909337
0.909406
0.909474
0.909542
0.909611
0.909679
0.909747
0.909816
0.909884
0.909953
0.910021
0.910089
0.910158
0.910226
0.910295
0.910363
0.910431
0.910500
0.910568
0.910637
0.910705
0.910774
0.910842
0.910910
0.910979
0.911047
0.911116
0.911184
0.911253
0.911321
0.911390
0.911458
0.911527
0.911595
0.911664
0.911732
0.911800
0.911869
0.911937
0.912006
0.912074
0.912143
0.912211
0.912280
0.912349
0.912417
0.912486
0.912554
0.912623
0.912691
0.912760
0.912828
0.912897
0.912965
0.913034
0.913102
0.913171
0.913239
0.913308
0.913377
0.913445
0.913514
0.913582
0.913651
0.913719
0.913788
0.913857
0.913925
0.913994
0.914062
0.914131
0.914200
0.914268
0.914337
0.914405
0.914474
0.914543
0.914611
0.914680
0.914748
0.914817
0.914886
0.914954
0.915023
0.915092
0.915160
0.915229
0.915297
0.915366
0.915435
0.915503
0.915572
0.915641
0.915709
0.915778
0.915846
0.915915
0.915984
0.916052
0.916121
0.916190
0.916258
0.916327
0.916396
0.916464
0.916533
0.916602
0.916670
0.916739
0.916808
0.916876
0.916945
0.917014
0.917082
0.917151
0.917220
0.917288
0.917357
0.917426
0.917494
0.917563
0.917632
0.917700
0.917769
0.917838
0.917906
0.917975
0.918044
0.918112
0.918181
0.918250
0.918318
0.918387
0.918456
0.918524
0.918593
0.918662
0.918730
0.918799
0.918868
0.918936
0.919005
0.919073
0.919142
0.919211
0.919279
0.919348
0.919417
0.919485
0.919554
0.919623
0.919691
0.919760
0.919829
0.919897
0.919966
0.920034
0.920103
0.920172
0.920240
0.920309
0.920378
0.920446
0.920515
0.920583
0.920652
0.920721
0.920789
0.920858
0.920926
0.920995
0.921064
0.921132
0.921201
0.921269
0.921338
0.921406
0.921475
0.921544
0.921612
0.921681
0.921749
0.921818
0.921886
0.921955
0.922023
0.922092
0.922160
0.922229
0.922297
0.922366
0.922434
0.922503
0.922571
0.922640
0.922708
0.922777
0.922845
0.922914
0.922982
0.923051
0.923119
0.923187
0.923256
0.923324
0.923393
0.923461
0.923530
0.923598
0.923666
0.923735
0.923803
0.923871
0.923940
0.924008
0.924076
0.924145
0.924213
0.924281
0.924350
0.924418
0.924486
0.924555
0.924623
0.924691
0.924759
0.924828
0.924896
0.924964
0.925032
0.925101
0.925169
0.925237
0.925305
0.925373
0.925441
0.925510
0.925578
0.925646
0.925714
0.925782
0.925850
0.925918
0.925986
0.926055
0.926123
0.926191
0.926259
0.926327
0.926395
0.926463
0.926531
0.926599
0.926667
0.926735
0.926803
0.926871
0.926938
0.927006
0.927074
0.927142
0.927210
0.927278
0.927278
0.927346
0.927414
0.927481
0.927549
0.927617
0.927685
0.927753
0.927820
0.927888
0.927956
0.928023
0.928091
0.928159
0.928226
0.928294
0.928362
0.928429
0.928497
0.928565
0.928632
0.928700
0.928767
0.928835
0.928902
0.928970
0.929037
0.929105
0.929172
0.929240
0.929307
0.929374
0.929442
0.929509
0.929577
0.929644
0.929711
0.929779
0.929846
0.929913
0.929980
0.930048
0.930115
0.930182
0.930249
0.930316
0.930383
0.930451
0.930518
0.930585
0.930652
0.930719
0.930786
0.930853
0.930920
0.930987
0.931054
0.931121
0.931188
0.931254
0.931321
0.931388
0.931455
0.931522
0.931589
0.931655
0.931722
0.931789
0.931856
0.931922
0.931989
0.932056
0.932122
0.932189
0.932255
0.932322
0.932388
0.932455
0.932521
0.932588
0.932654
0.932721
0.932787
0.932853
0.932920
0.932986
0.933052
0.933119
0.933185
0.933251
0.933317
0.933383
0.933450
0.933516
0.933582
0.933648
0.933714
0.933780
0.933846
0.933912
0.933978
0.934044
0.934110
0.934176
0.934242
0.934307
0.934373
0.934439
0.934505
0.934570
0.934636
0.934702
0.934767
0.934833
0.934899
0.934964
0.935030
0.935095
0.935161
0.935226
0.935291
0.935357
0.935422
0.935488
0.935553
0.935618
0.935683
0.935749
0.935814
0.935879
0.935944
0.936009
0.936074
0.936139
0.936204
0.936269
0.936334
0.936399
0.936464
0.936529
0.936594
0.936659
0.936723
0.936788
0.936853
0.936917
0.936982
0.937047
0.937111
0.937176
0.937240
0.937305
0.937369
0.937434
0.937498
0.937563
0.937627
0.937691
0.937755
0.937820
0.937884
0.937948
0.938012
0.938076
0.938140
0.938204
0.938268
0.938332
0.938396
0.938460
0.938524
0.938588
0.938651
0.938715
0.938778
0.938841
0.938903
0.938965
0.939025
0.939083
0.939137
0.939186
0.939224
0.939250
0.939278
0.939384
0.939460
0.939339
0.939507
0.939917
0.940284
0.940451
0.940415
0.940253
0.940053
0.939880
0.939771
0.939737
0.939774
0.939871
0.940015
0.940193
0.940393
0.940607
0.940829
0.941053
0.941275
0.941493
0.941707
0.941916
0.942119
0.942318
0.942512
0.942702
0.942890
0.943075
0.943257
0.943437
0.943615
0.943790
0.943962
0.944132
0.944298
0.944461
0.944621
0.944776
0.944927
0.945075
0.945218
0.945357
0.945491
0.945622
0.945749
0.945872
0.945991
0.946107
0.946219
0.946329
0.946435
0.946538
0.946638
0.946736
0.946831
0.946924
0.947015
0.947103
0.947190
0.947275
0.947358
0.947440
0.947520
0.947599
0.947677
0.947754
0.947829
0.947904
0.947978
0.948050
0.948123
0.948194
0.948265
0.948336
0.948406
0.948475
0.948544
0.948613
0.948682
0.948750
0.948818
0.948886
0.948954
0.949021
0.949089
0.949156
0.949223
0.949291
0.949358
0.949425
0.949492
0.949559
0.949627
0.949694
0.949761
0.949828
0.949895
0.949963
0.950030
0.950097
0.950165
0.950232
0.950300
0.950367
0.950434
0.950502
0.950570
0.950637
0.950705
0.950772
0.950840
0.950908
0.950975
0.951043
0.951111
0.951178
0.951246
0.951314
0.951381
0.951449
0.951517
0.951584
0.951652
0.951720
0.951787
0.951855
0.951922
0.951989
0.952057
0.952124
0.952192
0.952259
0.952326
0.952393
0.952460
0.952527
0.952594
0.952661
0.952728
0.952795
0.952861
0.952928
0.952994
0.953061
0.953127
0.953193
0.953259
0.953325
0.953391
0.953457
0.953523
0.953589
0.953654
0.953720
0.953785
0.953851
0.953916
0.953981
0.954046
0.954111
0.954176
0.954241
0.954306
0.954370
0.954435
0.954499
0.954563
0.954628
0.954692
0.954756
0.954820
0.954884
0.954947
0.955011
0.955075
0.955138
0.955202
0.955265
0.955328
0.955391
0.955454
0.955517
0.955580
0.955643
0.955705
0.955768
0.955831
0.955893
0.955955
0.956018
0.956080
0.956142
0.956204
0.956266
0.956328
0.956389
0.956451
0.956513
0.956574
0.956636
0.956697
0.956758
0.956820
0.956881
0.956942
0.957003
0.957064
0.957125
0.957185
0.957246
0.957307
0.957367
0.957428
0.957488
0.957549
0.957609
0.957669
0.957729
0.957789
0.957849
0.957909
0.957969
0.958029
0.958088
0.958148
0.958208
0.958267
0.958327
0.958386
0.958445
0.958504
0.958564
0.958623
0.958682
0.958741
0.958800
0.958858
0.958917
0.958976
0.959035
0.959093
0.959152
0.959210
0.959268
0.959327
0.959385
0.959443
0.959501
0.959559
0.959617
0.959675
0.959733
0.959791
0.959849
0.959907
0.959964
0.960022
0.960079
0.960137
0.960194
0.960251
0.960309
0.960366
0.960423
0.960480
0.960537
0.960594
0.960651
0.960708
0.960765
0.960821
0.960878
0.960935
0.960991
0.961048
0.961104
0.961160
0.961217
0.961273
0.961329
0.961385
0.961441
0.961497
0.961553
0.961609
0.961665
0.961721
0.961777
0.961832
0.961888
0.961944
0.961999
0.962055
0.962110
0.962165
0.962221
0.962276
0.962331
0.962386
0.962441
0.962496
0.962551
0.962606
0.962661
0.962716
0.962771
0.962825
0.962880
0.962935
0.962989
0.963044
0.963098
0.963098
0.963152
0.963207
0.963261
0.963315
0.963369
0.963423
0.963478
0.963532
0.963585
0.963639
0.963693
0.963747
0.963801
0.963854
0.963908
0.963962
0.964015
0.964069
0.964122
0.964175
0.964229
0.964282
0.964335
0.964388
0.964442
0.964495
0.964548
0.964601
0.964654
0.964706
0.964759
0.964812
0.964865
0.964917
0.964970
0.965023
0.965075
0.965128
0.965180
0.965232
0.965285
0.965337
0.965389
0.965441
0.965493
0.965546
0.965598
0.965650
0.965701
0.965753
0.965805
0.965857
0.965909
0.965960
0.966012
0.966064
0.966115
0.966167
0.966218
0.966269
0.966321
0.966372
0.966423
0.966475
0.966526
0.966577
0.966628
0.966679
0.966730
0.966781
0.966832
0.966882
0.966933
0.966984
0.967035
0.967085
0.967136
0.967186
0.967237
0.967287
0.967338
0.967388
0.967438
0.967489
0.967539
0.967589
0.967639
0.967689
0.967739
0.967789
0.967839
0.967889
0.967939
0.967989
0.968038
0.968088
0.968138
0.968187
0.968237
0.968286
0.968336
0.968385
0.968435
0.968484
0.968533
0.968582
0.968632
0.968681
0.968730
0.968779
0.968828
0.968877
0.968926
0.968975
0.969024
0.969072
0.969121
0.969170
0.969218
0.969267
0.969316
0.969364
0.969413
0.969461
0.969509
0.969558
0.969606
0.969654
0.969703
0.969751
0.969799
0.969847
0.969895
0.969943
0.969991
0.970039
0.970087
0.970134
0.970182
0.970230
0.970277
0.970325
0.970373
0.970420
0.970468
0.970515
0.970562
0.970610
0.970657
0.970704
0.970752
0.970799
0.970846
0.970893
0.970940
0.970987
0.971034
0.971081
0.971128
0.971175
0.971221
0.971268
0.971315
0.971361
0.971408
0.971455
0.971501
0.971548
0.971594
0.971640
0.971687
0.971733
0.971779
0.971826
0.971872
0.971918
0.971964
0.972010
0.972056
0.972102
0.972148
0.972194
0.972239
0.972285
0.972331
0.972377
0.972422
0.972468
0.972513
0.972559
0.972604
0.972650
0.972695
0.972740
0.972786
0.972831
0.972876
0.972921
0.972966
0.973011
0.973056
0.973101
0.973146
0.973191
0.973236
0.973281
0.973326
0.973370
0.973415
0.973460
0.973504
0.973549
0.973593
0.973638
0.973682
0.973727
0.973771
0.973815
0.973859
0.973904
0.973948
0.973992
0.974036
0.974080
0.974124
0.974168
0.974212
0.974255
0.974299
0.974343
0.974387
0.974430
0.974474
0.974517
0.974561
0.974605
0.974648
0.974691
0.974735
0.974778
0.974821
0.974864
0.974908
0.974951
0.974994
0.975037
0.975080
0.975123
0.975166
0.975209
0.975251
0.975294
0.975337
0.975380
0.975422
0.975465
0.975507
0.975550
0.975592
0.975635
0.975677
0.975719
0.975762
0.975804
0.975846
0.975888
0.975930
0.975972
0.976014
0.976056
0.976098
0.976140
0.976182
0.976224
0.976266
0.976307
0.976349
0.976391
0.976432
0.976474
0.976515
0.976557
0.976598
0.976639
0.976681
0.976722
0.976763
0.976804
0.976845
0.976886
0.976927
0.976968
0.977009
0.977050
0.977091
0.977132
0.977173
0.977213
0.977254
0.977295
0.977335
0.977376
0.977416
0.977457
0.977497
0.977537
0.977578
0.977618
0.977658
0.977698
0.977738
0.977778
0.977818
0.977858
0.977898
0.977938
0.977978
0.978018
0.978058
0.978097
0.978137
0.978176
0.978216
0.978256
0.978295
0.978334
0.978374
0.978413
0.978452
0.978492
0.978531
0.978570
0.978609
0.978648
0.978687
0.978726
0.978765
0.978804
0.978843
0.978881
0.978920
0.978959
0.978997
0.979036
0.979074
0.979113
0.979151
0.979190
0.979228
0.979266
0.979305
0.979343
0.979381
0.979419
0.979457
0.979495
0.979533
0.979571
0.979609
0.979647
0.979685
0.979722
0.979760
0.979798
0.979835
0.979873
0.979910
0.979948
0.979985
0.980022
0.980060
0.980097
0.980134
0.980171
0.980208
0.980245
0.980282
0.980319
0.980356
0.980393
0.980430
0.980467
0.980503
0.980540
0.980577
0.980613
0.980650
0.980686
0.980723
0.980759
0.980795
0.980832
0.980868
0.980904
0.980940
0.980976
0.981012
0.981048
0.981084
0.981120
0.981156
0.981192
0.981227
0.981263
0.981299
0.981334
0.981370
0.981405
0.981441
0.981476
0.981512
0.981547
0.981582
0.981617
0.981652
0.981688
0.981723
0.981758
0.981793
0.981827
0.981862
0.981897
0.981932
0.981967
0.982001
0.982036
0.982070
0.982105
0.982139
0.982174
0.982208
0.982242
0.982277
0.982311
0.982345
0.982379
0.982413
0.982447
0.982481
0.982515
0.982549
0.982583
0.982616
0.982650
0.982684
0.982717
0.982751
0.982784
0.982818
0.982851
0.982885
0.982918
0.982951
0.982984
0.983017
0.983050
0.983084
0.983117
0.983149
0.983182
0.983215
0.983248
0.983281
0.983313
0.983346
0.983379
0.983411
0.983444
0.983476
0.983508
0.983541
0.983573
0.983605
0.983637
0.983669
0.983702
0.983734
0.983766
0.983797
0.983829
0.983861
0.983893
0.983925
0.983956
0.983988
0.984019
0.984051
0.984082
0.984114
0.984145
0.984176
0.984208
0.984239
0.984270
0.984301
0.984332
0.984363
0.984394
0.984425
0.984425
0.984456
0.984486
0.984517
0.984548
0.984578
0.984609
0.984640
0.984670
0.984700
0.984731
0.984761
0.984791
0.984822
0.984852
0.984882
0.984912
0.984942
0.984972
0.985002
0.985031
0.985061
0.985091
0.985121
0.985150
0.985180
0.985209
0.985239
0.985268
0.985298
0.985327
0.985356
0.985385
0.985415
0.985444
0.985473
0.985502
0.985531
0.985560
0.985588
0.985617
0.985646
0.985675
0.985703
0.985732
0.985760
0.985789
0.985817
0.985846
0.985874
0.985902
0.985930
0.985958
0.985987
0.986015
0.986043
0.986071
0.986098
0.986126
0.986154
0.986182
0.986210
0.986237
0.986265
0.986292
0.986320
0.986347
0.986374
0.986402
0.986429
0.986456
0.986483
0.986510
0.986538
0.986564
0.986591
0.986618
0.986645
0.986672
0.986699
0.986725
0.986752
0.986779
0.986805
0.986831
0.986858
0.986884
0.986911
0.986937
0.986963
0.986989
0.987015
0.987041
0.987067
0.987093
0.987119
0.987145
0.987171
0.987196
0.987222
0.987248
0.987273
0.987299
0.987324
0.987350
0.987375
0.987400
0.987425
0.987451
0.987476
0.987501
0.987526
0.987551
0.987576
0.987601
0.987625
0.987650
0.987675
0.987700
0.987724
0.987749
0.987773
0.987798
0.987822
0.987846
0.987871
0.987895
0.987919
0.987943
0.987967
0.987991
0.988015
0.988039
0.988063
0.988087
0.988111
0.988134
0.988158
0.988182
0.988205
0.988229
0.988252
0.988275
0.988299
0.988322
0.988345
0.988368
0.988392
0.988415
0.988438
0.988461
0.988484
0.988506
0.988529
0.988552
0.988575
0.988597
0.988620
0.988642
0.988665
0.988687
0.988710
0.988732
0.988754
0.988777
0.988799
0.988821
0.988843
0.988865
0.988887
0.988909
0.988931
0.988952
0.988974
0.988996
0.989018
0.989039
0.989061
0.989082
0.989104
0.989125
0.989146
0.989168
0.989189
0.989210
0.989231
0.989252
0.989273
0.989294
0.989315
0.989336
0.989357
0.989377
0.989398
0.989419
0.989439
0.989460
0.989480
0.989501
0.989521
0.989542
0.989562
0.989582
0.989602
0.989622
0.989643
0.989663
0.989683
0.989702
0.989722
0.989742
0.989762
0.989782
0.989801
0.989821
0.989840
0.989860
0.989879
0.989899
0.989918
0.989937
0.989957
0.989976
0.989995
0.990014
0.990033
0.990052
0.990071
0.990090
0.990109
0.990128
0.990146
0.990165
0.990184
0.990202
0.990221
0.990239
0.990258
0.990276
0.990294
0.990313
0.990331
0.990349
0.990367
0.990385
0.990403
0.990421
0.990439
0.990457
0.990475
0.990492
0.990510
0.990528
0.990545
0.990563
0.990580
0.990598
0.990615
0.990633
0.990650
0.990667
0.990684
0.990702
0.990719
0.990736
0.990753
0.990770
0.990787
0.990803
0.990820
0.990837
0.990854
0.990870
0.990887
0.990903
0.990920
0.990936
0.990953
0.990969
0.990985
0.991002
0.991018
0.991034
0.991050
0.991066
0.991082
0.991098
0.991114
0.991130
0.991146
0.991161
0.991177
0.991193
0.991208
0.991224
0.991239
0.991255
0.991270
0.991285
0.991301
0.991316
0.991331
0.991346
0.991361
0.991376
0.991391
0.991406
0.991421
0.991436
0.991451
0.991466
0.991480
0.991495
0.991510
0.991524
0.991539
0.991553
0.991567
0.991582
0.991596
0.991610
0.991625
0.991639
0.991653
0.991667
0.991681
0.991695
0.991709
0.991723
0.991736
0.991750
0.991764
0.991778
0.991791
0.991805
0.991818
0.991832
0.991845
0.991859
0.991872
0.991885
0.991898
0.991912
0.991925
0.991938
0.991951
0.991964
0.991977
0.991990
0.992003
0.992015
0.992028
0.992041
0.992054
0.992066
0.992079
0.992091
0.992104
0.992116
0.992129
0.992141
0.992153
0.992165
0.992178
0.992190
0.992202
0.992214
0.992226
0.992238
0.992250
0.992261
0.992273
0.992285
0.992297
0.992308
0.992320
0.992332
0.992343
0.992355
0.992366
0.992377
0.992389
0.992400
0.992411
0.992422
0.992434
0.992445
0.992456
0.992467
0.992478
0.992489
0.992499
0.992510
0.992521
0.992532
0.992542
0.992553
0.992564
0.992574
0.992585
0.992595
0.992606
0.992616
0.992626
0.992637
0.992647
0.992657
0.992667
0.992677
0.992687
0.992697
0.992707
0.992717
0.992727
0.992737
0.992746
0.992756
0.992766
0.992775
0.992785
0.992795
0.992804
0.992813
0.992823
0.992832
0.992842
0.992851
0.992860
0.992869
0.992878
0.992887
0.992896
0.992905
0.992914
0.992923
0.992932
0.992941
0.992950
0.992958
0.992967
0.992976
0.992984
0.992993
0.993001
0.993010
0.993018
0.993027
0.993035
0.993043
0.993051
0.993060
0.993068
0.993076
0.993084
0.993092
0.993100
0.993108
0.993116
0.993124
0.993131
0.993139
0.993147
0.993154
0.993162
0.993170
0.993177
0.993185
0.993192
0.993200
0.993207
0.993214
0.993221
0.993229
0.993236
0.993243
0.993250
0.993257
0.993264
0.993271
0.993278
0.993285
0.993292
0.993299
0.993305
0.993312
0.993319
0.993325
0.993332
0.993338
0.993345
0.993351
0.993358
0.993364
0.993370
0.993377
0.993383
0.993389
0.993395
0.993401
0.993408
0.993408
0.993414
0.993420
0.993425
0.993431
0.993437
0.993443
0.993449
0.993455
0.993460
0.993466
0.993471
0.993477
0.993483
0.993488
0.993493
0.993499
0.993504
0.993510
0.993515
0.993520
0.993525
0.993530
0.993535
0.993541
0.993546
0.993551
0.993555
0.993560
0.993565
0.993570
0.993575
0.993580
0.993584
0.993589
0.993594
0.993598
0.993603
0.993607
0.993612
0.993616
0.993620
0.993625
0.993629
0.993633
0.993637
0.993642
0.993646
0.993650
0.993654
0.993658
0.993662
0.993666
0.993670
0.993673
0.993677
0.993681
0.993685
0.993688
0.993692
0.993696
0.993699
0.993703
0.993706
0.993710
0.993713
0.993716
0.993720
0.993723
0.993726
0.993729
0.993732
0.993736
0.993739
0.993742
0.993745
0.993748
0.993751
0.993753
0.993756
0.993759
0.993762
0.993765
0.993767
0.993770
0.993773
0.993775
0.993778
0.993780
0.993783
0.993785
0.993787
0.993790
0.993792
0.993794
0.993797
0.993799
0.993801
0.993803
0.993805
0.993807
0.993809
0.993811
0.993813
0.993815
0.993817
0.993818
0.993820
0.993822
0.993824
0.993825
0.993827
0.993828
0.993830
0.993831
0.993833
0.993834
0.993836
0.993837
0.993838
0.993840
0.993841
0.993842
0.993843
0.993844
0.993845
0.993846
0.993847
0.993848
0.993849
0.993850
0.993851
0.993852
0.993853
0.993853
0.993854
0.993855
0.993855
0.993856
0.993856
0.993857
0.993857
0.993858
0.993858
0.993859
0.993859
0.993859
0.993860
0.993860
0.993860
0.993860
0.993860
0.993860
0.993860
0.993860
0.993860
0.993860
0.993860
0.993860
0.993860
0.993860
0.993859
0.993859
0.993859
0.993858
0.993858
0.993858
0.993857
0.993857
0.993856
0.993856
0.993855
0.993854
0.993854
0.993853
0.993852
0.993851
0.993851
0.993850
0.993849
0.993848
0.993847
0.993846
0.993845
0.993844
0.993843
0.993842
0.993840
0.993839
0.993838
0.993837
0.993835
0.993834
0.993833
0.993831
0.993830
0.993828
0.993827
0.993825
0.993823
0.993822
0.993820
0.993818
0.993817
0.993815
0.993813
0.993811
0.993809
0.993808
0.993806
0.993804
0.993802
0.993800
0.993798
0.993795
0.993793
0.993791
0.993789
0.993787
0.993784
0.993782
0.993780
0.993777
0.993775
0.993772
0.993770
0.993767
0.993765
0.993762
0.993760
0.993757
0.993754
0.993752
0.993749
0.993746
0.993743
0.993740
0.993737
0.993734
0.993732
0.993729
0.993725
0.993722
0.993719
0.993716
0.993713
0.993710
0.993707
0.993703
0.993700
0.993697
0.993693
0.993690
0.993687
0.993683
0.993680
0.993676
0.993673
0.993669
0.993665
0.993662
0.993658
0.993654
0.993651
0.993647
0.993643
0.993639
0.993635
0.993631
0.993627
0.993623
0.993619
0.993615
0.993611
0.993607
0.993603
0.993599
0.993595
0.993590
0.993586
0.993582
0.993578
0.993573
0.993569
0.993564
0.993560
0.993555
0.993551
0.993546
0.993542
0.993537
0.993533
0.993528
0.993523
0.993518
0.993514
0.993509
0.993504
0.993499
0.993494
0.993489
0.993484
0.993479
0.993474
0.993469
0.993464
0.993459
0.993454
0.993449
0.993444
0.993438
0.993433
0.993428
0.993422
0.993417
0.993412
0.993406
0.993401
0.993395
0.993390
0.993384
0.993379
0.993373
0.993367
0.993362
0.993356
0.993350
0.993345
0.993339
0.993333
0.993327
0.993321
0.993315
0.993309
0.993303
0.993297
0.993291
0.993285
0.993279
0.993273
0.993267
0.993261
0.993255
0.993248
0.993242
0.993236
0.993229
0.993223
0.993217
0.993210
0.993204
0.993197
0.993191
0.993184
0.993178
0.993171
0.993165
0.993158
0.993151
0.993144
0.993138
0.993131
0.993124
0.993117
0.993110
0.993104
0.993097
0.993090
0.993083
0.993076
0.993069
0.993062
0.993055
0.993047
0.993040
0.993033
0.993026
0.993019
0.993011
0.993004
0.992997
0.992989
0.992982
0.992975
0.992967
0.992960
0.992952
0.992945
0.992937
0.992930
0.992922
0.992914
0.992907
0.992899
0.992891
0.992884
0.992876
0.992868
0.992860
0.992852
0.992844
0.992836
0.992829
0.992821
0.992813
0.992805
0.992796
0.992788
0.992780
0.992772
0.992764
0.992756
0.992748
0.992739
0.992731
0.992723
0.992714
0.992706
0.992698
0.992689
0.992681
0.992672
0.992664
0.992655
0.992647
0.992638
0.992630
0.992621
0.992612
0.992604
0.992595
0.992586
0.992577
0.992569
0.992560
0.992551
0.992542
0.992533
0.992524
0.992515
0.992506
0.992497
0.992488
0.992479
0.992470
0.992461
0.992452
0.992443
0.992433
0.992424
0.992415
0.992406
0.992396
0.992387
0.992378
0.992368
0.992359
0.992349
0.992340
0.992330
0.992321
0.992311
0.992302
0.992292
0.992283
0.992273
0.992263
0.992254
0.992244
0.992234
0.992224
0.992215
0.992205
0.992195
0.992185
0.992175
0.992165
0.992155
0.992145
0.992135
0.992125
0.992115
0.992105
0.992095
0.992085
0.992075
0.992064
0.992054
0.992044
0.992034
0.992023
0.992013
0.992003
0.991992
0.991982
0.991972
0.991961
0.991951
0.991940
0.991930
0.991930
0.991919
0.991908
0.991898
0.991887
0.991877
0.991866
0.991855
0.991845
0.991834
0.991823
0.991812
0.991801
0.991791
0.991780
0.991769
0.991758
0.991747
0.991736
0.991725
0.991714
0.991703
0.991692
0.991681
0.991670
0.991659
0.991647
0.991636
0.991625
0.991614
0.991602
0.991591
0.991580
0.991569
0.991557
0.991546
0.991534
0.991523
0.991512
0.991500
0.991489
0.991477
0.991465
0.991454
0.991442
0.991431
0.991419
0.991407
0.991396
0.991384
0.991372
0.991360
0.991349
0.991337
0.991325
0.991313
0.991301
0.991289
0.991277
0.991265
0.991253
0.991241
0.991229
0.991217
0.991205
0.991193
0.991181
0.991169
0.991157
0.991145
0.991132
0.991120
0.991108
0.991096
0.991083
0.991071
0.991059
0.991046
0.991034
0.991021
0.991009
0.990996
0.990984
0.990971
0.990959
0.990946
0.990934
0.990921
0.990908
0.990896
0.990883
0.990870
0.990858
0.990845
0.990832
0.990819
0.990807
0.990794
0.990781
0.990768
0.990755
0.990742
0.990729
0.990716
0.990703
0.990690
0.990677
0.990664
0.990651
0.990638
0.990625
0.990612
0.990598
0.990585
0.990572
0.990559
0.990546
0.990532
0.990519
0.990506
0.990492
0.990479
0.990465
0.990452
0.990439
0.990425
0.990412
0.990398
0.990385
0.990371
0.990357
0.990344
0.990330
0.990317
0.990303
0.990289
0.990276
0.990262
0.990248
0.990234
0.990221
0.990207
0.990193
0.990179
0.990165
0.990151
0.990137
0.990123
0.990109
0.990095
0.990081
0.990067
0.990053
0.990039
0.990025
0.990011
0.989997
0.989983
0.989969
0.989954
0.989940
0.989926
0.989912
0.989897
0.989883
0.989869
0.989854
0.989840
0.989826
0.989811
0.989797
0.989782
0.989768
0.989753
0.989739
0.989724
0.989710
0.989695
0.989680
0.989666
0.989651
0.989637
0.989622
0.989607
0.989592
0.989578
0.989563
0.989548
0.989533
0.989518
0.989504
0.989489
0.989474
0.989459
0.989444
0.989429
0.989414
0.989399
0.989384
0.989369
0.989354
0.989339
0.989324
0.989309
0.989294
0.989278
0.989263
0.989248
0.989233
0.989217
0.989202
0.989187
0.989172
0.989156
0.989141
0.989126
0.989110
0.989095
0.989079
0.989064
0.989048
0.989033
0.989017
0.989002
0.988986
0.988971
0.988955
0.988940
0.988924
0.988908
0.988893
0.988877
0.988861
0.988846
0.988830
0.988814
0.988798
0.988782
0.988767
0.988751
0.988735
0.988719
0.988703
0.988687
0.988671
0.988655
0.988639
0.988623
0.988607
0.988591
0.988575
0.988559
0.988543
0.988527
0.988511
0.988495
0.988478
0.988462
0.988446
0.988430
0.988414
0.988397
0.988381
0.988365
0.988348
0.988332
0.988316
0.988299
0.988283
0.988266
0.988250
0.988233
0.988217
0.988200
0.988184
0.988167
0.988151
0.988134
0.988118
0.988101
0.988084
0.988068
0.988051
0.988034
0.988018
0.988001
0.987984
0.987967
0.987951
0.987934
0.987917
0.987900
0.987883
0.987866
0.987849
0.987832
0.987815
0.987799
0.987782
0.987765
0.987748
0.987730
0.987713
0.987696
0.987679
0.987662
0.987645
0.987628
0.987611
0.987593
0.987576
0.987559
0.987542
0.987525
0.987507
0.987490
0.987473
0.987455
0.987438
0.987421
0.987403
0.987386
0.987368
0.987351
0.987333
0.987316
0.987298
0.987281
0.987263
0.987246
0.987228
0.987211
0.987193
0.987175
0.987158
0.987140
0.987122
0.987105
0.987087
0.987069
0.987051
0.987034
0.987016
0.986998
0.986980
0.986962
0.986944
0.986927
0.986909
0.986891
0.986873
0.986855
0.986837
0.986819
0.986801
0.986783
0.986765
0.986747
0.986729
0.986711
0.986692
0.986674
0.986656
0.986638
0.986620
0.986601
0.986583
0.986565
0.986547
0.986528
0.986510
0.986492
0.986473
0.986455
0.986437
0.986418
0.986400
0.986382
0.986363
0.986345
0.986326
0.986308
0.986289
0.986271
0.986252
0.986233
0.986215
0.986196
0.986178
0.986159
0.986140
0.986122
0.986103
0.986084
0.986065
0.986047
0.986028
0.986009
0.985990
0.985972
0.985953
0.985934
0.985915
0.985896
0.985877
0.985858
0.985839
0.985820
0.985801
0.985782
0.985763
0.985744
0.985725
0.985706
0.985687
0.985668
0.985649
0.985630
0.985611
0.985591
0.985572
0.985553
0.985534
0.985515
0.985495
0.985476
0.985457
0.985437
0.985418
0.985399
0.985379
0.985360
0.985341
0.985321
0.985302
0.985282
0.985263
0.985243
0.985224
0.985204
0.985185
0.985165
0.985146
0.985126
0.985106
0.985087
0.985067
0.985047
0.985028
0.985008
0.984988
0.984969
0.984949
0.984929
0.984909
0.984890
0.984870
0.984850
0.984830
0.984810
0.984790
0.984770
0.984750
0.984731
0.984711
0.984691
0.984671
0.984651
0.984631
0.984611
0.984590
0.984570
0.984550
0.984530
0.984510
0.984490
0.984470
0.984450
0.984429
0.984409
0.984389
0.984369
0.984348
0.984328
0.984308
0.984287
0.984267
0.984247
0.984226
0.984206
0.984186
0.984165
0.984145
0.984124
0.984104
0.984083
0.984063
0.984042
0.984022
0.984001
0.984001
0.983981
0.983960
0.983939
0.983919
0.983898
0.983877
0.983857
0.983836
0.983815
0.983795
0.983774
0.983753
0.983732
0.983711
0.983691
0.983670
0.983649
0.983628
0.983607
0.983586
0.983565
0.983544
0.983523
0.983502
0.983481
0.983460
0.983439
0.983418
0.983397
0.983376
0.983355
0.983334
0.983313
0.983292
0.983270
0.983249
0.983228
0.983207
0.983186
0.983164
0.983143
0.983122
0.983100
0.983079
0.983058
0.983036
0.983015
0.982994
0.982972
0.982951
0.982929
0.982908
0.982886
0.982865
0.982843
0.982822
0.982800
0.982779
0.982757
0.982735
0.982714
0.982692
0.982670
0.982649
0.982627
0.982605
0.982584
0.982562
0.982540
0.982518
0.982496
0.982475
0.982453
0.982431
0.982409
0.982387
0.982365
0.982343
0.982321
0.982299
0.982277
0.982255
0.982233
0.982211
0.982189
0.982167
0.982145
0.982123
0.982101
0.982079
0.982056
0.982034
0.982012
0.981990
0.981967
0.981945
0.981923
0.981901
0.981878
0.981856
0.981834
0.981811
0.981789
0.981766
0.981744
0.981722
0.981699
0.981677
0.981654
0.981632
0.981609
0.981586
0.981564
0.981541
0.981519
0.981496
0.981473
0.981451
0.981428
0.981405
0.981382
0.981360
0.981337
0.981314
0.981291
0.981269
0.981246
0.981223
0.981200
0.981177
0.981154
0.981131
0.981108
0.981085
0.981062
0.981039
0.981016
0.980993
0.980970
0.980947
0.980924
0.980901
0.980877
0.980854
0.980831
0.980808
0.980785
0.980761
0.980738
0.980715
0.980691
0.980668
0.980645
0.980621
0.980598
0.980575
0.980551
0.980528
0.980504
0.980481
0.980457
0.980434
0.980410
0.980386
0.980363
0.980339
0.980316
0.980292
0.980268
0.980244
0.980221
0.980197
0.980173
0.980149
0.980126
0.980102
0.980078
0.980054
0.980030
0.980006
0.979982
0.979958
0.979934
0.979910
0.979886
0.979862
0.979838
0.979814
0.979790
0.979766
0.979742
0.979717
0.979693
0.979669
0.979645
0.979620
0.979596
0.979572
0.979548
0.979523
0.979499
0.979474
0.979450
0.979425
0.979401
0.979377
0.979352
0.979327
0.979303
0.979278
0.979254
0.979229
0.979204
0.979180
0.979155
0.979130
0.979105
0.979081
0.979056
0.979031
0.979006
0.978981
0.978956
0.978932
0.978907
0.978882
0.978857
0.978832
0.978807
0.978781
0.978756
0.978731
0.978706
0.978681
0.978656
0.978631
0.978605
0.978580
0.978555
0.978529
0.978504
0.978479
0.978453
0.978428
0.978402
0.978377
0.978351
0.978326
0.978300
0.978275
0.978249
0.978224
0.978198
0.978172
0.978146
0.978121
0.978095
0.978069
0.978043
0.978017
0.977992
0.977966
0.977940
0.977914
0.977888
0.977862
0.977836
0.977810
0.977784
0.977757
0.977731
0.977705
0.977679
0.977653
0.977626
0.977600
0.977574
0.977547
0.977521
0.977494
0.977468
0.977442
0.977415
0.977388
0.977362
0.977335
0.977309
0.977282
0.977255
0.977229
0.977202
0.977175
0.977148
0.977121
0.977094
0.977068
0.977041
0.977014
0.976987
0.976960
0.976932
0.976905
0.976878
0.976851
0.976824
0.976797
0.976769
0.976742
0.976715
0.976687
0.976660
0.976632
0.976605
0.976577
0.976550
0.976522
0.976495
0.976467
0.976439
0.976412
0.976384
0.976356
0.976328
0.976300
0.976272
0.976245
0.976217
0.976189
0.976160
0.976132
0.976104
0.976076
0.976048
0.976020
0.975991
0.975963
0.975935
0.975906
0.975878
0.975849
0.975821
0.975792
0.975764
0.975735
0.975707
0.975678
0.975649
0.975620
0.975592
0.975563
0.975534
0.975505
0.975476
0.975447
0.975418
0.975389
0.975360
0.975330
0.975301
0.975272
0.975243
0.975213
0.975184
0.975154
0.975125
0.975095
0.975066
0.975036
0.975006
0.974977
0.974947
0.974917
0.974887
0.974857
0.974828
0.974798
0.974768
0.974737
0.974707
0.974677
0.974647
0.974617
0.974586
0.974556
0.974526
0.974495
0.974465
0.974434
0.974404
0.974373
0.974342
0.974312
0.974281
0.974250
0.974219
0.974188
0.974157
0.974126
0.974095
0.974064
0.974033
0.974002
0.973970
0.973939
0.973908
0.973876
0.973845
0.973813
0.973781
0.973750
0.973718
0.973686
0.973655
0.973623
0.973591
0.973559
0.973527
0.973495
0.973463
0.973430
0.973398
0.973366
0.973334
0.973301
0.973269
0.973236
0.973204
0.973171
0.973138
0.973106
0.973073
0.973040
0.973007
0.972974
0.972941
0.972908
0.972875
0.972842
0.972809
0.972775
0.972742
0.972708
0.972675
0.972641
0.972608
0.972574
0.972540
0.972507
0.972473
0.972439
0.972405
0.972371
0.972337
0.972303
0.972269
0.972234
0.972200
0.972166
0.972131
0.972097
0.972062
0.972027
0.971993
0.971958
0.971923
0.971888
0.971853
0.971818
0.971783
0.971748
0.971713
0.971678
0.971642
0.971607
0.971572
0.971536
0.971500
0.971465
0.971429
0.971393
0.971357
0.971322
0.971285
0.971250
0.971212
0.971180
0.971137
0.971113
0.971054
0.971061
0.970942
0.971076
0.970737
0.971386
0.970382
0.972188
0.970731
0.972221
0.971067
0.971067
0.971909
0.970924
0.971601
0.970890
0.971556
0.971064
0.971709
0.971319
0.971914
0.971540
0.972075
0.971676
0.972162
0.971727
0.972183
0.971719
0.972160
0.971679
0.972115
0.971625
0.972059
0.971568
0.971999
0.971511
0.971935
0.971454
0.971868
0.971396
0.971798
0.971337
0.971725
0.971275
0.971649
0.971211
0.971573
0.971146
0.971495
0.971080
0.971418
0.971014
0.971341
0.970947
0.971266
0.970880
0.971192
0.970814
0.971119
0.970749
0.971049
0.970685
0.970980
0.970622
0.970914
0.970561
0.970850
0.970500
0.970787
0.970441
0.970726
0.970383
0.970667
0.970327
0.970609
0.970271
0.970552
0.970217
0.970497
0.970164
0.970443
0.970111
0.970389
0.970060
0.970337
0.970009
0.970285
0.969959
0.970234
0.969909
0.970183
0.969860
0.970132
0.969812
0.970082
0.969763
0.970032
0.969716
0.969983
0.969668
0.969933
0.969620
0.969884
0.969573
0.969834
0.969525
0.969785
0.969478
0.969735
0.969431
0.969686
0.969383
0.969636
0.969336
0.969587
0.969288
0.969537
0.969240
0.969488
0.969192
0.969438
0.969144
0.969388
0.969096
0.969339
0.969048
0.969289
0.969000
0.969239
0.968952
0.969190
0.968903
0.969140
0.968855
0.969090
0.968807
0.969040
0.968758
0.968991
0.968710
0.968941
0.968661
0.968891
0.968613
0.968842
0.968564
0.968792
0.968516
0.968743
0.968467
0.968693
0.968419
0.968644
0.968371
0.968594
0.968322
0.968545
0.968274
0.968495
0.968226
0.968446
0.968178
0.968397
0.968129
0.968347
0.968081
0.968298
0.968033
0.968248
0.967985
0.968199
0.967937
0.968150
0.967889
0.968100
0.967841
0.968051
0.967793
0.968002
0.967745
0.967952
0.967697
0.967903
0.967649
0.967854
0.967601
0.967804
0.967553
0.967755
0.967505
0.967705
0.967457
0.967656
0.967408
0.967607
0.967360
0.967557
0.967312
0.967508
0.967264
0.967459
0.967216
0.967409
0.967168
0.967360
0.967120
0.967310
0.967072
0.967261
0.967024
0.967212
0.966976
0.967162
0.966927
0.967113
0.966879
0.967064
0.966831
0.967015
0.966783
0.966965
0.966735
0.966916
0.966687
0.966867
0.966639
0.966818
0.966591
0.966768
0.966543
0.966719
0.966495
0.966670
0.966447
0.966621
0.966399
0.966572
0.966351
0.966523
0.966303
0.966473
0.966255
0.966424
0.966207
0.966375
0.966159
0.966326
0.966112
0.966277
0.966064
0.966228
0.966016
0.966179
0.965968
0.966130
0.965920
0.966081
0.965873
0.966032
0.965825
0.965983
0.965777
0.965934
0.965729
0.965885
0.965682
0.965836
0.965634
0.965787
0.965586
0.965739
0.965538
0.965690
0.965491
0.965641
0.965443
0.965592
0.965396
0.965543
0.965348
0.965494
0.965300
0.965445
0.965253
0.965396
0.965205
0.965348
0.965157
0.965299
0.965110
0.965250
0.965062
0.965201
0.965015
0.965152
0.964967
0.965104
0.964920
0.965055
0.964872
0.965006
0.964825
0.964957
0.964777
0.964909
0.964730
0.964860
0.964682
0.964811
0.964635
0.964763
0.964587
0.964714
0.964540
0.964665
0.964493
0.964617
0.964445
0.964568
0.964398
0.964519
0.964350
0.964471
0.964303
0.964422
0.964256
0.964374
0.964208
0.964325
0.964161
0.964277
0.964114
0.964228
0.964066
0.964179
0.964019
0.964131
0.963972
0.964083
0.963925
0.964034
0.963877
0.963986
0.963830
0.963937
0.963783
0.963889
0.963736
0.963840
0.963689
0.963792
0.963642
0.963744
0.963594
0.963695
0.963547
0.963647
0.963500
0.963599
0.963453
0.963550
0.963406
0.963502
0.963359
0.963454
0.963312
0.963406
0.963265
0.963357
0.963218
0.963309
0.963171
0.963261
0.963124
0.963213
0.963077
0.963165
0.963030
0.963116
0.962983
0.963068
0.962936
0.963020
0.962890
0.962972
0.962843
0.962924
0.962796
0.962876
0.962749
0.962828
0.962702
0.962780
0.962655
0.962732
0.962609
0.962684
0.962562
0.962636
0.962515
0.962588
0.962468
0.962540
0.962422
0.962492
0.962375
0.962444
0.962328
0.962396
0.962282
0.962349
0.962235
0.962301
0.962189
0.962253
0.962142
0.962205
0.962095
0.962157
0.962049
0.962110
0.962002
0.962062
0.961956
0.962014
0.961909
0.961966
0.961863
0.961919
0.961817
0.961871
0.961770
0.961823
0.961724
0.961776
0.961677
0.961728
0.961631
0.961681
0.961585
0.961633
0.961538
0.961586
0.961492
0.961538
0.961446
0.961491
0.961399
0.961443
0.961353
0.961396
0.961307
0.961348
0.961261
0.961301
0.961215
0.961254
0.961169
0.961206
0.961122
0.961159
0.961076
0.961112
0.961030
0.961064
0.960984
0.961017
0.960938
0.960970
0.960892
0.960923
0.960846
0.960876
0.960800
0.960828
0.960754
0.960781
0.960708
0.960734
0.960662
0.960687
0.960616
0.960640
0.960571
0.960593
0.960525
0.960546
0.960479
0.960499
0.960433
0.960453
0.960387
0.960406
0.960342
0.960359
0.960296
0.960312
0.960250
0.960265
0.960205
0.960219
0.960159
0.960172
0.960113
0.960125
0.960068
0.960079
0.960022
0.960032
0.959977
0.959985
0.959985
0.959931
0.959939
0.959886
0.959892
0.959840
0.959846
0.959795
0.959800
0.959749
0.959753
0.959704
0.959707
0.959658
0.959661
0.959613
0.959614
0.959568
0.959568
0.959522
0.959522
0.959477
0.959476
0.959432
0.959430
0.959387
0.959384
0.959341
0.959338
0.959296
0.959292
0.959251
0.959246
0.959206
0.959200
0.959161
0.959154
0.959116
0.959108
0.959070
0.959062
0.959025
0.959017
0.958980
0.958971
0.958935
0.958925
0.958890
0.958880
0.958845
0.958834
0.958800
0.958789
0.958755
0.958743
0.958711
0.958698
0.958666
0.958652
0.958621
0.958607
0.958576
0.958562
0.958531
0.958516
0.958486
0.958471
0.958442
0.958426
0.958397
0.958381
0.958352
0.958336
0.958307
0.958291
0.958263
0.958246
0.958218
0.958201
0.958173
0.958156
0.958129
0.958111
0.958084
0.958066
0.958040
0.958021
0.957995
0.957976
0.957950
0.957931
0.957906
0.957887
0.957861
0.957842
0.957817
0.957797
0.957773
0.957753
0.957728
0.957708
0.957684
0.957663
0.957639
0.957619
0.957595
0.957574
0.957551
0.957530
0.957506
0.957486
0.957462
0.957441
0.957418
0.957397
0.957374
0.957352
0.957329
0.957308
0.957285
0.957264
0.957241
0.957220
0.957197
0.957175
0.957153
0.957131
0.957108
0.957087
0.957064
0.957043
0.957020
0.956999
0.956976
0.956955
0.956932
0.956911
0.956888
0.956866
0.956844
0.956822
0.956800
0.956778
0.956756
0.956734
0.956712
0.956690
0.956668
0.956647
0.956624
0.956603
0.956581
0.956559
0.956537
0.956515
0.956493
0.956471
0.956449
0.956427
0.956405
0.956383
0.956361
0.956339
0.956318
0.956296
0.956274
0.956252
0.956230
0.956208
0.956186
0.956164
0.956142
0.956121
0.956099
0.956077
0.956055
0.956033
0.956011
0.955990
0.955968
0.955946
0.955924
0.955902
0.955880
0.955858
0.955837
0.955815
0.955793
0.955771
0.955749
0.955728
0.955706
0.955684
0.955662
0.955640
0.955618
0.955597
0.955575
0.955553
0.955531
0.955509
0.955488
0.955466
0.955444
0.955422
0.955400
0.955379
0.955357
0.955335
0.955313
0.955291
0.955269
0.955248
0.955226
0.955204
0.955182
0.955160
0.955139
0.955117
0.955095
0.955073
0.955051
0.955030
0.955008
0.954986
0.954964
0.954942
0.954920
0.954899
0.954877
0.954855
0.954833
0.954811
0.954789
0.954767
0.954746
0.954724
0.954702
0.954680
0.954658
0.954636
0.954614
0.954592
0.954571
0.954549
0.954527
0.954505
0.954483
0.954461
0.954439
0.954417
0.954395
0.954373
0.954351
0.954329
0.954307
0.954285
0.954263
0.954241
0.954219
0.954197
0.954175
0.954153
0.954131
0.954109
0.954087
0.954065
0.954043
0.954021
0.953999
0.953977
0.953955
0.953932
0.953910
0.953888
0.953866
0.953844
0.953822
0.953799
0.953777
0.953755
0.953733
0.953711
0.953688
0.953666
0.953644
0.953621
0.953599
0.953577
0.953554
0.953532
0.953510
0.953487
0.953465
0.953443
0.953420
0.953398
0.953375
0.953353
0.953330
0.953308
0.953285
0.953262
0.953240
0.953217
0.953195
0.953172
0.953149
0.953127
0.953104
0.953081
0.953059
0.953036
0.953013
0.952990
0.952967
0.952945
0.952922
0.952899
0.952876
0.952853
0.952830
0.952807
0.952784
0.952761
0.952738
0.952715
0.952692
0.952668
0.952645
0.952622
0.952599
0.952576
0.952552
0.952529
0.952506
0.952482
0.952459
0.952435
0.952412
0.952388
0.952365
0.952341
0.952318
0.952294
0.952270
0.952247
0.952223
0.952199
0.952175
0.952152
0.952128
0.952104
0.952080
0.952056
0.952032
0.952008
0.951984
0.951960
0.951935
0.951911
0.951887
0.951863
0.951838
0.951814
0.951789
0.951765
0.951741
0.951716
0.951691
0.951667
0.951642
0.951617
0.951593
0.951568
0.951543
0.951518
0.951493
0.951468
0.951443
0.951418
0.951393
0.951368
0.951342
0.951317
0.951292
0.951266
0.951241
0.951215
0.951190
0.951164
0.951139
0.951113
0.951087
0.951061
0.951035
0.951009
0.950983
0.950957
0.950931
0.950905
0.950879
0.950853
0.950826
0.950800
0.950773
0.950747
0.950720
0.950694
0.950667
0.950640
0.950613
0.950586
0.950559
0.950532
0.950505
0.950478
0.950451
0.950423
0.950396
0.950369
0.950341
0.950313
0.950286
0.950258
0.950230
0.950202
0.950175
0.950146
0.950118
0.950090
0.950062
0.950034
0.950005
0.949977
0.949948
0.949920
0.949891
0.949862
0.949833
0.949804
0.949775
0.949746
0.949717
0.949688
0.949659
0.949629
0.949600
0.949570
0.949541
0.949511
0.949481
0.949451
0.949421
0.949391
0.949361
0.949331
0.949300
0.949270
0.949239
0.949209
0.949177
0.949149
0.949115
0.949088
0.949050
0.949030
0.948982
0.948978
0.948903
0.948943
0.948799
0.948959
0.948636
0.949133
0.948398
0.949619
0.948375
0.949951
0.948728
0.949832
0.948818
0.949533
0.948766
0.949345
0.948827
0.949347
0.948997
0.949457
0.949184
0.949574
0.949323
0.949647
0.949392
0.949665
0.949402
0.949641
0.949372
0.949593
0.949321
0.949321
0.949536
0.949260
0.949475
0.949194
0.949414
0.949125
0.949353
0.949052
0.949292
0.948975
0.949230
0.948896
0.949169
0.948816
0.949108
0.948736
0.949049
0.948659
0.948992
0.948586
0.948938
0.948518
0.948885
0.948457
0.948833
0.948402
0.948783
0.948353
0.948734
0.948310
0.948686
0.948271
0.948639
0.948236
0.948593
0.948203
0.948549
0.948172
0.948505
0.948140
0.948462
0.948108
0.948419
0.948075
0.948376
0.948040
0.948333
0.948003
0.948289
0.947964
0.948246
0.947923
0.948202
0.947880
0.948158
0.947835
0.948114
0.947789
0.948070
0.947742
0.948026
0.947694
0.947983
0.947646
0.947941
0.947598
0.947899
0.947549
0.947858
0.947501
0.947818
0.947454
0.947778
0.947408
0.947739
0.947364
0.947701
0.947320
0.947663
0.947278
0.947625
0.947237
0.947587
0.947198
0.947550
0.947160
0.947512
0.947123
0.947475
0.947086
0.947437
0.947050
0.947399
0.947014
0.947361
0.946978
0.947323
0.946942
0.947285
0.946905
0.947246
0.946868
0.947207
0.946830
0.947168
0.946791
0.947129
0.946751
0.947090
0.946711
0.947051
0.946670
0.947012
0.946629
0.946973
0.946587
0.946934
0.946546
0.946895
0.946504
0.946857
0.946462
0.946818
0.946421
0.946780
0.946379
0.946742
0.946338
0.946704
0.946298
0.946666
0.946258
0.946628
0.946218
0.946591
0.946179
0.946553
0.946140
0.946515
0.946102
0.946478
0.946064
0.946440
0.946025
0.946403
0.945987
0.946365
0.945949
0.946327
0.945911
0.946290
0.945873
0.946252
0.945834
0.946215
0.945796
0.946177
0.945757
0.946140
0.945718
0.946102
0.945679
0.946065
0.945639
0.946027
0.945600
0.945990
0.945561
0.945953
0.945522
0.945915
0.945483
0.945878
0.945443
0.945841
0.945405
0.945804
0.945366
0.945767
0.945327
0.945730
0.945289
0.945693
0.945250
0.945656
0.945212
0.945619
0.945174
0.945582
0.945135
0.945545
0.945097
0.945508
0.945059
0.945471
0.945021
0.945435
0.944983
0.945398
0.944945
0.945361
0.944907
0.945325
0.944869
0.945288
0.944831
0.945252
0.944793
0.945215
0.944755
0.945179
0.944717
0.945142
0.944679
0.945106
0.944641
0.945069
0.944603
0.945033
0.944565
0.944997
0.944527
0.944960
0.944489
0.944924
0.944452
0.944888
0.944414
0.944852
0.944377
0.944816
0.944339
0.944780
0.944301
0.944744
0.944264
0.944708
0.944227
0.944672
0.944189
0.944636
0.944152
0.944600
0.944114
0.944564
0.944077
0.944528
0.944040
0.944492
0.944003
0.944457
0.943965
0.944421
0.943928
0.944385
0.943891
0.944350
0.943854
0.944314
0.943817
0.944279
0.943780
0.944243
0.943743
0.944208
0.943706
0.944172
0.943669
0.944137
0.943632
0.944101
0.943595
0.944066
0.943558
0.944031
0.943522
0.943995
0.943485
0.943960
0.943448
0.943925
0.943411
0.943890
0.943375
0.943855
0.943338
0.943820
0.943302
0.943785
0.943265
0.943750
0.943229
0.943715
0.943192
0.943680
0.943156
0.943645
0.943119
0.943610
0.943083
0.943575
0.943047
0.943541
0.943011
0.943506
0.942974
0.943471
0.942938
0.943436
0.942902
0.943402
0.942866
0.943367
0.942830
0.943333
0.942794
0.943298
0.942758
0.943264
0.942722
0.943229
0.942686
0.943195
0.942650
0.943161
0.942614
0.943126
0.942578
0.943092
0.942543
0.943058
0.942507
0.943024
0.942471
0.942989
0.942436
0.942955
0.942400
0.942921
0.942364
0.942887
0.942329
0.942853
0.942293
0.942819
0.942258
0.942785
0.942222
0.942751
0.942187
0.942718
0.942152
0.942684
0.942116
0.942650
0.942081
0.942616
0.942046
0.942583
0.942011
0.942549
0.941975
0.942515
0.941940
0.942482
0.941905
0.942448
0.941870
0.942415
0.941835
0.942381
0.941800
0.942348
0.941765
0.942314
0.941730
0.942281
0.941696
0.942248
0.941661
0.942214
0.941626
0.942181
0.941591
0.942148
0.941556
0.942115
0.941522
0.942082
0.941487
0.942049
0.941453
0.942016
0.941418
0.941983
0.941384
0.941950
0.941349
0.941917
0.941315
0.941884
0.941280
0.941851
0.941246
0.941818
0.941212
0.941786
0.941177
0.941753
0.941143
0.941720
0.941109
0.941688
0.941075
0.941655
0.941041
0.941623
0.941007
0.941590
0.940973
0.941558
0.940939
0.941525
0.940905
0.941493
0.940871
0.941461
0.940837
0.941428
0.940803
0.941396
0.940770
0.941364
0.940736
0.941332
0.940702
0.941300
0.940668
0.941268
0.940635
0.941235
0.940601
0.941203
0.940568
0.941172
0.940534
0.941140
0.940501
0.941108
0.940467
0.941076
0.940434
0.941044
0.940401
0.941012
0.940368
0.940981
0.940334
0.940949
0.940301
0.940917
0.940268
0.940886
0.940235
0.940854
0.940202
0.940823
0.940169
0.940791
0.940136
0.940760
0.940103
0.940729
0.940070
0.940697
0.940037
0.940666
0.940004
0.940635
0.939972
0.940604
0.939939
0.940572
0.939906
0.940541
0.939874
0.940510
0.939841
0.940479
0.939808
0.940448
0.939776
0.940417
0.939743
0.940387
0.939711
0.940356
0.939679
0.940325
0.940325
0.939646
0.940294
0.939614
0.940263
0.939582
0.940233
0.939550
0.940202
0.939517
0.940172
0.939485
0.940141
0.939453
0.940111
0.939421
0.940080
0.939389
0.940050
0.939357
0.940019
0.939326
0.939989
0.939294
0.939959
0.939262
0.939929
0.939230
0.939898
0.939198
0.939868
0.939167
0.939838
0.939135
0.939808
0.939104
0.939778
0.939072
0.939748
0.939041
0.939718
0.939009
0.939689
0.938978
0.939659
0.938946
0.939629
0.938915
0.939599
0.938884
0.939570
0.938853
0.939540
0.938822
0.939510
0.938790
0.939481
0.938759
0.939451
0.938728
0.939422
0.938697
0.939393
0.938666
0.939363
0.938636
0.939334
0.938605
0.939305
0.938574
0.939276
0.938543
0.939246
0.938513
0.939217
0.938482
0.939188
0.938451
0.939159
0.938421
0.939130
0.938390
0.939101
0.938360
0.939072
0.938329
0.939044
0.938299
0.939015
0.938269
0.938986
0.938239
0.938958
0.938208
0.938929
0.938178
0.938900
0.938148
0.938872
0.938118
0.938843
0.938088
0.938815
0.938058
0.938786
0.938028
0.938758
0.937998
0.938730
0.937968
0.938702
0.937939
0.938673
0.937909
0.938645
0.937879
0.938617
0.937850
0.938589
0.937820
0.938561
0.937791
0.938533
0.937761
0.938505
0.937732
0.938477
0.937702
0.938450
0.937673
0.938422
0.937644
0.938394
0.937615
0.938367
0.937585
0.938339
0.937556
0.938311
0.937527
0.938284
0.937498
0.938256
0.937469
0.938229
0.937440
0.938202
0.937411
0.938174
0.937383
0.938147
0.937354
0.938120
0.937325
0.938093
0.937296
0.938066
0.937268
0.938039
0.937239
0.938012
0.937211
0.937985
0.937182
0.937958
0.937154
0.937931
0.937126
0.937904
0.937097
0.937878
0.937069
0.937851
0.937041
0.937824
0.937013
0.937798
0.936985
0.937771
0.936957
0.937745
0.936929
0.937718
0.936901
0.937692
0.936873
0.937666
0.936845
0.937639
0.936817
0.937613
0.936790
0.937587
0.936762
0.937561
0.936735
0.937535
0.936707
0.937509
0.936679
0.937483
0.936652
0.937457
0.936625
0.937431
0.936597
0.937405
0.936570
0.937380
0.936543
0.937354
0.936516
0.937328
0.936489
0.937303
0.936462
0.937277
0.936435
0.937252
0.936408
0.937226
0.936381
0.937201
0.936354
0.937176
0.936327
0.937150
0.936301
0.937125
0.936274
0.937100
0.936247
0.937075
0.936221
0.937050
0.936194
0.937025
0.936168
0.937000
0.936141
0.936975
0.936115
0.936950
0.936089
0.936926
0.936063
0.936901
0.936037
0.936876
0.936011
0.936852
0.935985
0.936827
0.935959
0.936803
0.935933
0.936778
0.935907
0.936754
0.935881
0.936730
0.935855
0.936706
0.935830
0.936681
0.935804
0.936657
0.935778
0.936633
0.935753
0.936609
0.935728
0.936585
0.935702
0.936561
0.935677
0.936537
0.935652
0.936514
0.935626
0.936490
0.935601
0.936466
0.935576
0.936443
0.935551
0.936419
0.935526
0.936396
0.935501
0.936372
0.935477
0.936349
0.935452
0.936325
0.935427
0.936302
0.935402
0.936279
0.935378
0.936256
0.935353
0.936233
0.935329
0.936210
0.935304
0.936187
0.935280
0.936164
0.935256
0.936141
0.935232
0.936118
0.935207
0.936095
0.935183
0.936073
0.935159
0.936050
0.935135
0.936028
0.935111
0.936005
0.935088
0.935983
0.935064
0.935960
0.935040
0.935938
0.935016
0.935916
0.934993
0.935893
0.934969
0.935871
0.934946
0.935849
0.934923
0.935827
0.934899
0.935805
0.934876
0.935783
0.934853
0.935762
0.934830
0.935740
0.934807
0.935718
0.934784
0.935696
0.934761
0.935675
0.934738
0.935653
0.934715
0.935632
0.934692
0.935610
0.934669
0.935589
0.934647
0.935568
0.934624
0.935547
0.934602
0.935525
0.934579
0.935504
0.934557
0.935483
0.934535
0.935462
0.934513
0.935441
0.934490
0.935421
0.934468
0.935400
0.934446
0.935379
0.934424
0.935358
0.934403
0.935338
0.934381
0.935317
0.934359
0.935297
0.934337
0.935276
0.934316
0.935256
0.934294
0.935236
0.934273
0.935216
0.934251
0.935195
0.934230
0.935175
0.934209
0.935155
0.934188
0.935135
0.934166
0.935116
0.934145
0.935096
0.934124
0.935076
0.934103
0.935056
0.934083
0.935037
0.934062
0.935017
0.934041
0.934998
0.934021
0.934978
0.934000
0.934959
0.933979
0.934939
0.933959
0.934920
0.933939
0.934901
0.933918
0.934882
0.933898
0.934863
0.933878
0.934844
0.933858
0.934825
0.933838
0.934806
0.933818
0.934787
0.933798
0.934769
0.933779
0.934750
0.933759
0.934731
0.933739
0.934713
0.933720
0.934694
0.933700
0.934676
0.933681
0.934658
0.933661
0.934639
0.933642
0.934621
0.933623
0.934603
0.933604
0.934585
0.933585
0.934567
0.933566
0.934549
0.933547
0.934531
0.933528
0.934514
0.933509
0.934496
0.933491
0.934478
0.933472
0.934461
0.933454
0.934443
0.933435
0.934426
0.933417
0.934408
0.933399
0.934391
0.933380
0.934374
0.933362
0.934357
0.933344
0.934340
0.933326
0.934323
0.933308
0.934306
0.933291
0.934289
0.933273
0.934272
0.933255
0.933255
0.934255
0.933238
0.934238
0.933220
0.934222
0.933203
0.934205
0.933185
0.934189
0.933168
0.934172
0.933151
0.934156
0.933134
0.934140
0.933117
0.934124
0.933100
0.934107
0.933083
0.934091
0.933066
0.934075
0.933049
0.934060
0.933033
0.934044
0.933016
0.934028
0.932999
0.934012
0.932983
0.933997
0.932967
0.933981
0.932950
0.933966
0.932934
0.933950
0.932918
0.933935
0.932902
0.933919
0.932886
0.933904
0.932870
0.933889
0.932855
0.933874
0.932839
0.933859
0.932823
0.933844
0.932808
0.933829
0.932792
0.933814
0.932777
0.933800
0.932762
0.933785
0.932747
0.933771
0.932732
0.933756
0.932717
0.933742
0.932702
0.933727
0.932687
0.933713
0.932672
0.933699
0.932657
0.933685
0.932643
0.933671
0.932628
0.933657
0.932614
0.933643
0.932599
0.933629
0.932585
0.933615
0.932571
0.933601
0.932557
0.933588
0.932543
0.933574
0.932529
0.933561
0.932515
0.933547
0.932501
0.933534
0.932488
0.933521
0.932474
0.933507
0.932461
0.933494
0.932447
0.933481
0.932434
0.933468
0.932421
0.933455
0.932407
0.933443
0.932394
0.933430
0.932381
0.933417
0.932368
0.933405
0.932356
0.933392
0.932343
0.933380
0.932330
0.933367
0.932318
0.933355
0.932305
0.933343
0.932293
0.933330
0.932281
0.933318
0.932268
0.933306
0.932256
0.933294
0.932244
0.933282
0.932232
0.933271
0.932221
0.933259
0.932209
0.933247
0.932197
0.933236
0.932186
0.933224
0.932174
0.933213
0.932163
0.933201
0.932152
0.933190
0.932140
0.933179
0.932129
0.933168
0.932118
0.933157
0.932107
0.933146
0.932096
0.933135
0.932086
0.933124
0.932075
0.933113
0.932064
0.933102
0.932054
0.933092
0.932044
0.933081
0.932033
0.933071
0.932023
0.933060
0.932013
0.933050
0.932003
0.933040
0.931993
0.933030
0.931983
0.933020
0.931974
0.933010
0.931964
0.933000
0.931954
0.932990
0.931945
0.932980
0.931936
0.932970
0.931926
0.932960
0.931917
0.932951
0.931908
0.932941
0.931899
0.932932
0.931890
0.932923
0.931882
0.932913
0.931873
0.932904
0.931864
0.932895
0.931856
0.932886
0.931847
0.932877
0.931839
0.932868
0.931831
0.932859
0.931823
0.932850
0.931815
0.932842
0.931807
0.932833
0.931799
0.932824
0.931791
0.932816
0.931784
0.932807
0.931776
0.932799
0.931769
0.932791
0.931761
0.932783
0.931754
0.932774
0.931747
0.932766
0.931740
0.932758
0.931733
0.932751
0.931726
0.932743
0.931719
0.932735
0.931713
0.932727
0.931706
0.932720
0.931700
0.932712
0.931693
0.932705
0.931687
0.932697
0.931681
0.932690
0.931675
0.932683
0.931669
0.932675
0.931663
0.932668
0.931657
0.932661
0.931652
0.932654
0.931646
0.932647
0.931641
0.932640
0.931635
0.932634
0.931630
0.932627
0.931625
0.932620
0.931620
0.932614
0.931615
0.932607
0.931610
0.932601
0.931605
0.932595
0.931601
0.932588
0.931596
0.932582
0.931592
0.932576
0.931587
0.932570
0.931583
0.932564
0.931579
0.932558
0.931575
0.932552
0.931571
0.932546
0.931567
0.932541
0.931563
0.932535
0.931560
0.932529
0.931556
0.932524
0.931553
0.932518
0.931550
0.932513
0.931546
0.932508
0.931543
0.932502
0.931540
0.932497
0.931537
0.932492
0.931535
0.932487
0.931532
0.932482
0.931529
0.932477
0.931527
0.932472
0.931525
0.932467
0.931522
0.932463
0.931520
0.932458
0.931518
0.932453
0.931516
0.932449
0.931515
0.932444
0.931513
0.932440
0.931511
0.932435
0.931510
0.932431
0.931508
0.932427
0.931507
0.932423
0.931506
0.932419
0.931505
0.932414
0.931504
0.932410
0.931503
0.932407
0.931503
0.932403
0.931502
0.932399
0.931501
0.932395
0.931501
0.932391
0.931501
0.932388
0.931501
0.932384
0.931501
0.932381
0.931501
0.932377
0.931501
0.932374
0.931501
0.932370
0.931502
0.932367
0.931502
0.932364
0.931503
0.932360
0.931503
0.932357
0.931504
0.932354
0.931505
0.932351
0.931506
0.932348
0.931508
0.932345
0.931509
0.932342
0.931510
0.932339
0.931512
0.932336
0.931514
0.932334
0.931516
0.932331
0.931518
0.932328
0.931520
0.932326
0.931522
0.932323
0.931524
0.932321
0.931527
0.932318
0.931529
0.932316
0.931532
0.932313
0.931535
0.932311
0.931538
0.932308
0.931541
0.932306
0.931544
0.932304
0.931547
0.932302
0.931551
0.932299
0.931554
0.932297
0.931558
0.932295
0.931562
0.932293
0.931566
0.932291
0.931570
0.932289
0.931574
0.932287
0.931579
0.932285
0.931583
0.932283
0.931588
0.932281
0.931593
0.932279
0.931598
0.932277
0.931603
0.932275
0.931608
0.932273
0.931614
0.932271
0.931619
0.932269
0.931625
0.932267
0.931631
0.932266
0.931637
0.932264
0.931643
0.932262
0.931650
0.932260
0.931656
0.932258
0.931663
0.932256
0.931670
0.932254
0.931677
0.932252
0.931685
0.932250
0.931692
0.932248
0.931700
0.932246
0.931708
0.932244
0.931716
0.932242
0.931725
0.932240
0.931734
0.932238
0.931743
0.932236
0.932236
0.931752
0.932234
0.931761
0.932232
0.931771
0.932229
0.931781
0.932227
0.931791
0.932225
0.931802
0.932222
0.931813
0.932219
0.931825
0.932217
0.931836
0.932214
0.931849
0.932211
0.931861
0.932208
0.931874
0.932205
0.931888
0.932203
0.931902
0.932200
0.931916
0.932197
0.931931
0.932194
0.931947
0.932191
0.931963
0.932188
0.931980
0.932186
0.931997
0.932184
0.932015
0.932183
0.932034
0.932182
0.932053
0.932182
0.932073
0.932183
0.932093
0.932186
0.932113
0.932190
0.932133
0.932197
0.932154
0.932205
0.932175
0.932215
0.932196
0.932228
0.932218
0.932243
0.932240
0.932260
0.932262
0.932280
0.932286
0.932301
0.932311
0.932325
0.932336
0.932351
0.932364
0.932379
0.932393
0.932408
0.932423
0.932439
0.932456
0.932472
0.932490
0.932507
0.932525
0.932544
0.932562
0.932582
0.932601
0.932621
0.932642
0.932663
0.932684
0.932705
0.932727
0.932750
0.932772
0.932795
0.932819
0.932842
0.932866
0.932891
0.932915
0.932940
0.932965
0.932991
0.933016
0.933042
0.933068
0.933095
0.933121
0.933148
0.933174
0.933201
0.933229
0.933256
0.933283
0.933311
0.933338
0.933366
0.933393
0.933421
0.933449
0.933477
0.933505
0.933533
0.933561
0.933589
0.933616
0.933644
0.933672
0.933700
0.933728
0.933756
0.933784
0.933811
0.933839
0.933867
0.933895
0.933922
0.933950
0.933977
0.934005
0.934032
0.934060
0.934087
0.934115
0.934142
0.934169
0.934196
0.934223
0.934251
0.934278
0.934304
0.934331
0.934358
0.934385
0.934411
0.934438
0.934464
0.934490
0.934517
0.934543
0.934569
0.934594
0.934620
0.934645
0.934671
0.934696
0.934721
0.934746
0.934770
0.934795
0.934819
0.934843
0.934867
0.934890
0.934913
0.934936
0.934959
0.934982
0.935004
0.935026
0.935048
0.935069
0.935091
0.935112
0.935132
0.935153
0.935173
0.935193
0.935212
0.935231
0.935250
0.935269
0.935287
0.935305
0.935323
0.935341
0.935358
0.935375
0.935391
0.935408
0.935424
0.935439
0.935455
0.935470
0.935485
0.935499
0.935514
0.935528
0.935542
0.935555
0.935569
0.935582
0.935595
0.935607
0.935620
0.935632
0.935644
0.935656
0.935667
0.935679
0.935690
0.935701
0.935712
0.935722
0.935733
0.935743
0.935753
0.935763
0.935773
0.935783
0.935792
0.935802
0.935811
0.935820
0.935829
0.935838
0.935847
0.935856
0.935864
0.935873
0.935881
0.935890
0.935898
0.935906
0.935914
0.935922
0.935930
0.935938
0.935946
0.935954
0.935961
0.935969
0.935977
0.935984
0.935992
0.935999
0.936007
0.936014
0.936022
0.936029
0.936036
0.936043
0.936051
0.936058
0.936065
0.936072
0.936079
0.936086
0.936093
0.936100
0.936107
0.936114
0.936121
0.936128
0.936135
0.936141
0.936148
0.936155
0.936162
0.936168
0.936175
0.936182
0.936188
0.936195
0.936202
0.936208
0.936215
0.936221
0.936228
0.936234
0.936240
0.936247
0.936253
0.936259
0.936266
0.936272
0.936278
0.936284
0.936290
0.936297
0.936303
0.936309
0.936315
0.936321
0.936327
0.936333
0.936338
0.936344
0.936350
0.936356
0.936362
0.936367
0.936373
0.936379
0.936384
0.936390
0.936395
0.936401
0.936406
0.936412
0.936417
0.936422
0.936428
0.936433
0.936438
0.936443
0.936449
0.936454
0.936459
0.936464
0.936469
0.936474
0.936479
0.936484
0.936488
0.936493
0.936498
0.936503
0.936507
0.936512
0.936517
0.936521
0.936526
0.936530
0.936535
0.936539
0.936544
0.936548
0.936553
0.936557
0.936561
0.936565
0.936570
0.936574
0.936578
0.936582
0.936586
0.936590
0.936594
0.936598
0.936602
0.936606
0.936610
0.936614
0.936618
0.936621
0.936625
0.936629
0.936633
0.936636
0.936640
0.936644
0.936647
0.936651
0.936654
0.936658
0.936661
0.936665
0.936668
0.936672
0.936675
0.936678
0.936681
0.936685
0.936688
0.936691
0.936694
0.936698
0.936701
0.936704
0.936707
0.936710
0.936713
0.936716
0.936719
0.936722
0.936725
0.936728
0.936731
0.936734
0.936736
0.936739
0.936742
0.936745
0.936747
0.936750
0.936753
0.936755
0.936758
0.936761
0.936763
0.936766
0.936768
0.936771
0.936773
0.936776
0.936778
0.936781
0.936783
0.936785
0.936788
0.936790
0.936792
0.936795
0.936797
0.936799
0.936801
0.936803
0.936806
0.936808
0.936810
0.936812
0.936814
0.936816
0.936818
0.936820
0.936822
0.936824
0.936826
0.936828
0.936830
0.936831
0.936833
0.936835
0.936837
0.936839
0.936840
0.936842
0.936844
0.936845
0.936847
0.936849
0.936850
0.936852
0.936853
0.936855
0.936856
0.936858
0.936859
0.936861
0.936862
0.936864
0.936865
0.936866
0.936868
0.936869
0.936870
0.936872
0.936873
0.936874
0.936875
0.936876
0.936878
0.936879
0.936880
0.936881
0.936882
0.936883
0.936884
0.936885
0.936886
0.936887
0.936888
0.936889
0.936890
0.936891
0.936892
0.936893
0.936893
0.936894
0.936895
0.936896
0.936897
0.936897
0.936898
0.936899
0.936899
0.936900
0.936900
0.936901
0.936901
0.936902
0.936902
0.936903
0.936903
0.936904
0.936904
0.936905
0.936905
0.936906
0.936906
0.936906
0.936907
0.936907
0.936908
0.936908
0.936908
0.936908
0.936909
0.936909
0.936909
0.936909
0.936909
0.936910
0.936910
0.936910
0.936910
0.936910
0.936910
0.936910
0.936910
0.936910
0.936910
0.936910
0.936910
0.936910
0.936910
0.936910
0.936909
0.936909
0.936909
0.936909
0.936909
0.936908
0.936908
0.936908
0.936908
0.936907
0.936907
0.936907
0.936906
0.936906
0.936906
0.936905
0.936905
0.936904
0.936904
0.936903
0.936903
0.936902
0.936902
0.936901
0.936900
0.936900
0.936899
0.936899
0.936898
0.936897
0.936896
0.936896
0.936895
0.936894
0.936893
0.936893
0.936892
0.936891
0.936890
0.936889
0.936888
0.936887
0.936887
0.936886
0.936885
0.936884
0.936883
0.936882
0.936881
0.936880
0.936878
0.936877
0.936876
0.936875
0.936874
0.936873
0.936872
0.936870
0.936869
0.936868
0.936867
0.936866
0.936864
0.936863
0.936862
0.936860
0.936859
0.936858
0.936856
0.936855
0.936853
0.936852
0.936850
0.936849
0.936847
0.936846
0.936844
0.936843
0.936841
0.936840
0.936838
0.936836
0.936835
0.936833
0.936831
0.936830
0.936828
0.936826
0.936825
0.936823
0.936821
0.936819
0.936817
0.936816
0.936814
0.936812
0.936810
0.936808
0.936806
0.936804
0.936802
0.936800
0.936798
0.936796
0.936794
0.936792
0.936790
0.936788
0.936786
0.936784
0.936782
0.936780
0.936777
0.936775
0.936773
0.936771
0.936769
0.936766
0.936764
0.936762
0.936760
0.936757
0.936755
0.936753
0.936750
0.936748
0.936745
0.936743
0.936741
0.936738
0.936736
0.936733
0.936731
0.936728
0.936726
0.936723
0.936721
0.936718
0.936715
0.936713
0.936710
0.936707
0.936705
0.936702
0.936699
0.936697
0.936694
0.936691
0.936688
0.936686
0.936683
0.936680
0.936677
0.936674
0.936672
0.936669
0.936666
0.936663
0.936660
0.936657
0.936654
0.936651
0.936648
0.936645
0.936642
0.936639
0.936636
0.936633
0.936630
0.936627
0.936624
0.936620
0.936617
0.936614
0.936611
0.936608
0.936604
0.936601
0.936598
0.936595
0.936591
0.936588
0.936585
0.936581
0.936578
0.936575
0.936571
0.936568
0.936565
0.936561
0.936558
0.936554
0.936551
0.936547
0.936544
0.936540
0.936537
0.936533
0.936530
0.936526
0.936522
0.936519
0.936515
0.936512
0.936508
0.936504
0.936500
0.936497
0.936493
0.936489
0.936486
0.936482
0.936478
0.936474
0.936470
0.936467
0.936463
0.936459
0.936455
0.936451
0.936447
0.936443
0.936439
0.936435
0.936431
0.936427
0.936423
0.936419
0.936415
0.936411
0.936407
0.936403
0.936399
0.936395
0.936391
0.936387
0.936383
0.936378
0.936374
0.936370
0.936366
0.936362
0.936357
0.936353
0.936349
0.936344
0.936340
0.936336
0.936332
0.936327
0.936323
0.936318
0.936314
0.936310
0.936305
0.936301
0.936296
0.936292
0.936287
0.936283
0.936278
0.936274
0.936269
0.936265
0.936260
0.936256
0.936251
0.936246
0.936242
0.936237
0.936232
0.936228
0.936223
0.936218
0.936214
0.936209
0.936204
0.936199
0.936195
0.936190
0.936185
0.936180
0.936175
0.936171
0.936166
0.936161
0.936156
0.936151
0.936146
0.936141
0.936136
0.936131
0.936126
0.936121
0.936116
0.936111
0.936106
0.936101
0.936096
0.936091
0.936086
0.936081
0.936076
0.936071
0.936066
0.936060
0.936055
0.936050
0.936045
0.936040
0.936034
0.936029
0.936024
0.936019
0.936013
0.936008
0.936003
0.935998
0.935992
0.935987
0.935981
0.935976
0.935971
0.935965
0.935960
0.935954
0.935949
0.935944
0.935938
0.935933
0.935927
0.935922
0.935916
0.935910
0.935905
0.935899
0.935894
0.935888
0.935882
0.935877
0.935871
0.935866
0.935860
0.935854
0.935848
0.935843
0.935837
0.935831
0.935826
0.935820
0.935814
0.935808
0.935802
0.935797
0.935791
0.935785
0.935779
0.935773
0.935767
0.935762
0.935756
0.935750
0.935744
0.935738
0.935732
0.935726
0.935720
0.935714
0.935709
0.935703
0.935697
0.935691
0.935685
0.935679
0.935673
0.935667
0.935661
0.935655
0.935649
0.935643
0.935637
0.935631
0.935625
0.935619
0.935613
0.935607
0.935601
0.935595
0.935588
0.935582
0.935576
0.935570
0.935564
0.935557
0.935551
0.935545
0.935538
0.935532
0.935525
0.935519
0.935512
0.935505
0.935499
0.935492
0.935485
0.935477
0.935470
0.935463
0.935455
0.935448
0.935440
0.935432
0.935424
0.935416
0.935407
0.935399
0.935390
0.935381
0.935372
0.935362
0.935353
0.935343
0.935333
0.935323
0.935312
0.935301
0.935291
0.935280
0.935269
0.935257
0.935246
0.935234
0.935223
0.935211
0.935200
0.935188
0.935177
0.935165
0.935154
0.935143
0.935133
0.935123
0.935114
0.935105
0.935098
0.935091
0.935086
0.935082
0.935081
0.935081
0.935084
0.935090
0.935100
0.935115
0.935135
0.935161
0.935194
0.935236
0.935288
0.935352
0.935352
0.935428
0.935517
0.935619
0.935731
0.935848
0.935963
0.936071
0.936164
0.936240
0.936297
0.936339
0.936366
0.936381
0.936382
0.936369
0.936340
0.936293
0.936228
0.936144
0.936040
0.935915
0.935769
0.935603
0.935421
0.935227
0.935029
0.934834
0.934650
0.934484
0.934338
0.934217
0.934119
0.934044
0.933989
0.933953
0.933932
0.933923
0.933925
0.933937
0.933956
0.933982
0.934014
0.934052
0.934096
0.934145
0.934199
0.934258
0.934321
0.934388
0.934457
0.934530
0.934604
0.934680
0.934756
0.934832
0.934908
0.934983
0.935057
0.935129
0.935198
0.935265
0.935330
0.935391
0.935449
0.935504
0.935555
0.935603
0.935647
0.935687
0.935724
0.935756
0.935786
0.935811
0.935833
0.935851
0.935866
0.935877
0.935885
0.935890
0.935892
0.935891
0.935887
0.935880
0.935870
0.935858
0.935844
0.935827
0.935808
0.935787
0.935764
0.935739
0.935713
0.935684
0.935655
0.935623
0.935591
0.935557
0.935521
0.935485
0.935448
0.935409
0.935370
0.935330
0.935288
0.935247
0.935204
0.935161
0.935117
0.935072
0.935027
0.934981
0.934935
0.934888
0.934841
0.934794
0.934746
0.934697
0.934649
0.934600
0.934550
0.934501
0.934451
0.934400
0.934350
0.934299
0.934248
0.934196
0.934145
0.934093
0.934041
0.933988
0.933936
0.933883
0.933830
0.933777
0.933724
0.933671
0.933617
0.933563
0.933510
0.933456
0.933401
0.933347
0.933293
0.933238
0.933183
0.933128
0.933073
0.933018
0.932963
0.932908
0.932853
0.932797
0.932741
0.932686
0.932630
0.932574
0.932518
0.932462
0.932406
0.932350
0.932294
0.932238
0.932181
0.932125
0.932069
0.932012
0.931956
0.931899
0.931842
0.931786
0.931729
0.931672
0.931616
0.931559
0.931502
0.931445
0.931388
0.931332
0.931275
0.931218
0.931161
0.931104
0.931047
0.930990
0.930933
0.930876
0.930819
0.930762
0.930705
0.930648
0.930591
0.930534
0.930477
0.930420
0.930363
0.930307
0.930250
0.930193
0.930136
0.930079
0.930022
0.929965
0.929909
0.929852
0.929795
0.929738
0.929682
0.929625
0.929568
0.929512
0.929455
0.929399
0.929342
0.929286
0.929229
0.929173
0.929117
0.929060
0.929004
0.928948
0.928892
0.928835
0.928779
0.928723
0.928667
0.928611
0.928555
0.928499
0.928444
0.928388
0.928332
0.928276
0.928221
0.928165
0.928110
0.928054
0.927999
0.927943
0.927888
0.927833
0.927777
0.927722
0.927667
0.927612
0.927557
0.927502
0.927447
0.927392
0.927337
0.927283
0.927228
0.927173
0.927119
0.927064
0.927010
0.926955
0.926901
0.926847
0.926793
0.926738
0.926684
0.926630
0.926576
0.926522
0.926468
0.926414
0.926361
0.926307
0.926253
0.926200
0.926146
0.926092
0.926039
0.925986
0.925932
0.925879
0.925826
0.925772
0.925719
0.925666
0.925613
0.925560
0.925507
0.925454
0.925402
0.925349
0.925296
0.925243
0.925191
0.925138
0.925086
0.925033
0.924981
0.924928
0.924876
0.924824
0.924771
0.924719
0.924667
0.924615
0.924563
0.924511
0.924459
0.924407
0.924355
0.924303
0.924252
0.924200
0.924148
0.924096
0.924045
0.923993
0.923942
0.923890
0.923839
0.923787
0.923736
0.923684
0.923633
0.923582
0.923531
0.923479
0.923428
0.923377
0.923326
0.923275
0.923224
0.923173
0.923122
0.923071
0.923020
0.922969
0.922918
0.922867
0.922817
0.922766
0.922715
0.922664
0.922614
0.922563
0.922512
0.922462
0.922411
0.922361
0.922310
0.922260
0.922209
0.922159
0.922109
0.922058
0.922008
0.921958
0.921907
0.921857
0.921807
0.921757
0.921706
0.921656
0.921606
0.921556
0.921506
0.921456
0.921406
0.921356
0.921306
0.921256
0.921206
0.921156
0.921106
0.921056
0.921006
0.920956
0.920906
0.920856
0.920807
0.920757
0.920707
0.920657
0.920608
0.920558
0.920508
0.920459
0.920409
0.920359
0.920310
0.920260
0.920211
0.920161
0.920111
0.920062
0.920012
0.919963
0.919913
0.919864
0.919815
0.919765
0.919716
0.919666
0.919617
0.919568
0.919518
0.919469
0.919420
0.919370
0.919321
0.919272
0.919223
0.919173
0.919124
0.919075
0.919026
0.918977
0.918928
0.918878
0.918829
0.918780
0.918731
0.918682
0.918633
0.918584
0.918535
0.918486
0.918437
0.918388
0.918339
0.918290
0.918241
0.918192
0.918143
0.918094
0.918046
0.917997
0.917948
0.917899
0.917850
0.917801
0.917753
0.917704
0.917655
0.917606
0.917558
0.917509
0.917460
0.917411
0.917363
0.917314
0.917265
0.917217
0.917168
0.917120
0.917071
0.917022
0.916974
0.916925
0.916877
0.916828
0.916780
0.916731
0.916683
0.916634
0.916586
0.916537
0.916489
0.916440
0.916392
0.916344
0.916295
0.916247
0.916199
0.916150
0.916102
0.916053
0.916005
0.915957
0.915909
0.915860
0.915812
0.915764
0.915716
0.915667
0.915619
0.915571
0.915523
0.915474
0.915426
0.915378
0.915330
0.915282
0.915234
0.915186
0.915137
0.915089
0.915041
0.914993
0.914945
0.914897
0.914849
0.914801
0.914801
