-0.154229
0.325058
0.416085
0.414555
0.408339
0.401826
0.396158
0.391617
0.388026
0.385097
0.382605
0.380408
0.378414
0.376562
0.374811
0.373133
0.371509
0.369929
0.368386
0.366879
0.365409
0.363979
0.362592
0.361251
0.359960
0.358722
0.357538
0.356409
0.355337
0.354320
0.353359
0.352452
0.351598
0.350795
0.350042
0.349336
0.348676
0.348059
0.347482
0.346943
0.346440
0.345972
0.345534
0.345127
0.344747
0.344393
0.344064
0.343758
0.343473
0.343208
0.342964
0.342738
0.342530
0.342339
0.342166
0.342010
0.341870
0.341746
0.341639
0.341549
0.341475
0.341417
0.341376
0.341351
0.341344
0.341352
0.341377
0.341418
0.341474
0.341545
0.341629
0.341727
0.341837
0.341956
0.342084
0.342219
0.342359
0.342501
0.342644
0.342784
0.342919
0.343047
0.343165
0.343270
0.343359
0.343431
0.343483
0.343513
0.343520
0.343500
0.343454
0.343381
0.343279
0.343149
0.342990
0.342804
0.342590
0.342350
0.342085
0.341797
0.341486
0.341156
0.340808
0.340444
0.340066
0.339677
0.339278
0.338871
0.338459
0.338044
0.337626
0.337208
0.336792
0.336379
0.335970
0.335567
0.335171
0.334782
0.334402
0.334031
0.333670
0.333320
0.332981
0.332653
0.332337
0.332033
0.331741
0.331462
0.331195
0.330939
0.330696
0.330465
0.330246
0.330038
0.329842
0.329656
0.329482
0.329318
0.329164
0.329021
0.328886
0.328761
0.328645
0.328538
0.328439
0.328348
0.328264
0.328188
0.328119
0.328056
0.328000
0.327951
0.327907
0.327869
0.327836
0.327808
0.327786
0.327768
0.327755
0.327746
0.327742
0.327741
0.327744
0.327751
0.327762
0.327776
0.327794
0.327814
0.327838
0.327865
0.327894
0.327926
0.327961
0.327999
0.328039
0.328082
0.328127
0.328175
0.328224
0.328276
0.328330
0.328387
0.328445
0.328505
0.328568
0.328632
0.328698
0.328766
0.328836
0.328908
0.328982
0.329058
0.329135
0.329214
0.329294
0.329377
0.329461
0.329547
0.329634
0.329723
0.329813
0.329906
0.329999
0.330095
0.330191
0.330290
0.330390
0.330491
0.330594
0.330698
0.330804
0.330911
0.331020
0.331130
0.331241
0.331354
0.331468
0.331584
0.331701
0.331820
0.331939
0.332061
0.332183
0.332307
0.332432
0.332558
0.332686
0.332815
0.332945
0.333077
0.333209
0.333343
0.333478
0.333615
0.333752
0.333891
0.334031
0.334172
0.334315
0.334458
0.334603
0.334749
0.334896
0.335044
0.335193
0.335343
0.335494
0.335647
0.335800
0.335955
0.336110
0.336267
0.336424
0.336583
0.336742
0.336903
0.337064
0.337227
0.337390
0.337554
0.337719
0.337885
0.338052
0.338220
0.338389
0.338558
0.338728
0.338900
0.339072
0.339244
0.339418
0.339592
0.339767
0.339943
0.340119
0.340297
0.340474
0.340653
0.340832
0.341012
0.341193
0.341374
0.341556
0.341738
0.341921
0.342105
0.342289
0.342474
0.342659
0.342845
0.343031
0.343218
0.343406
0.343594
0.343782
0.343971
0.344160
0.344350
0.344541
0.344731
0.344923
0.345114
0.345306
0.345499
0.345692
0.345885
0.346079
0.346273
0.346468
0.346663
0.346858
0.347054
0.347250
0.347447
0.347644
0.347841
0.348039
0.348237
0.348436
0.348635
0.348834
0.349034
0.349234
0.349435
0.349635
0.349837
0.350038
0.350241
0.350443
0.350646
0.350849
0.351053
0.351257
0.351462
0.351667
0.351872
0.352078
0.352284
0.352490
0.352697
0.352904
0.353112
0.353320
0.353528
0.353737
0.353946
0.354155
0.354364
0.354574
0.354784
0.354994
0.355203
0.355413
0.355623
0.355832
0.356041
0.356250
0.356458
0.356666
0.356873
0.357080
0.357287
0.357494
0.357702
0.357912
0.358123
0.358337
0.358555
0.358775
0.358999
0.359225
0.359455
0.359686
0.359920
0.360155
0.360392
0.360631
0.360871
0.361113
0.361356
0.361601
0.361847
0.362094
0.362343
0.362593
0.362844
0.363096
0.363348
0.363602
0.363857
0.364112
0.364369
0.364627
0.364886
0.365146
0.365407
0.365670
0.365935
0.366200
0.366468
0.366737
0.367008
0.367280
0.367554
0.367830
0.368108
0.368387
0.368668
0.368951
0.369236
0.369522
0.369810
0.370100
0.370392
0.370686
0.370981
0.371279
0.371578
0.371878
0.372181
0.372486
0.372792
0.373100
0.373410
0.373722
0.374036
0.374352
0.374670
0.374989
0.375310
0.375634
0.375959
0.376286
0.376615
0.376946
0.377279
0.377615
0.377952
0.378291
0.378632
0.378975
0.379320
0.379667
0.380017
0.380368
0.380721
0.381077
0.381435
0.381795
0.382157
0.382521
0.382887
0.383256
0.383626
0.383999
0.384374
0.384752
0.385131
0.385513
0.385897
0.386284
0.386673
0.387064
0.387457
0.387853
0.388251
0.388652
0.389054
0.389460
0.389867
0.390277
0.390690
0.391105
0.391522
0.391942
0.392364
0.392789
0.393216
0.393646
0.394078
0.394513
0.394951
0.395390
0.395833
0.396278
0.396726
0.397176
0.397629
0.398084
0.398542
0.399003
0.399466
0.399932
0.400401
0.400872
0.401346
0.401823
0.402303
0.402785
0.403269
0.403269
0.403757
0.404247
0.404740
0.405236
0.405734
0.406235
0.406739
0.407245
0.407754
0.408266
0.408781
0.409299
0.409819
0.410342
0.410867
0.411395
0.411926
0.412460
0.412996
0.413535
0.414077
0.414622
0.415169
0.415718
0.416270
0.416825
0.417383
0.417943
0.418505
0.419070
0.419638
0.420208
0.420781
0.421356
0.421933
0.422512
0.423094
0.423679
0.424265
0.424854
0.425445
0.426038
0.426633
0.427230
0.427830
0.428431
0.429034
0.429639
0.430246
0.430854
0.431464
0.432076
0.432689
0.433304
0.433920
0.434538
0.435157
0.435777
0.436399
0.437021
0.437645
0.438269
0.438894
0.439521
0.440147
0.440775
0.441403
0.442031
0.442660
0.443289
0.443919
0.444548
0.445178
0.445807
0.446437
0.447066
0.447695
0.448323
0.448951
0.449578
0.450205
0.450831
0.451456
0.452080
0.452703
0.453325
0.453946
0.454566
0.455184
0.455800
0.456415
0.457029
0.457640
0.458250
0.458858
0.459464
0.460068
0.460670
0.461269
0.461866
0.462461
0.463054
0.463643
0.464231
0.464815
0.465397
0.465976
0.466552
0.467125
0.467696
0.468263
0.468827
0.469388
0.469946
0.470500
0.471051
0.471599
0.472143
0.472684
0.473222
0.473756
0.474286
0.474813
0.475336
0.475855
0.476371
0.476883
0.477391
0.477896
0.478397
0.478894
0.479387
0.479876
0.480361
0.480843
0.481320
0.481794
0.482264
0.482730
0.483192
0.483650
0.484105
0.484555
0.485001
0.485444
0.485882
0.486317
0.486748
0.487175
0.487598
0.488017
0.488433
0.488844
0.489252
0.489656
0.490056
0.490452
0.490844
0.491233
0.491618
0.491999
0.492377
0.492750
0.493121
0.493487
0.493850
0.494209
0.494565
0.494917
0.495265
0.495610
0.495952
0.496290
0.496624
0.496956
0.497283
0.497608
0.497928
0.498246
0.498560
0.498871
0.499179
0.499483
0.499785
0.500083
0.500377
0.500669
0.500958
0.501243
0.501525
0.501805
0.502081
0.502354
0.502624
0.502892
0.503156
0.503417
0.503676
0.503932
0.504184
0.504434
0.504682
0.504926
0.505168
0.505407
0.505643
0.505877
0.506108
0.506336
0.506562
0.506785
0.507005
0.507223
0.507439
0.507652
0.507862
0.508070
0.508276
0.508479
0.508680
0.508878
0.509074
0.509268
0.509459
0.509649
0.509836
0.510020
0.510203
0.510383
0.510561
0.510737
0.510911
0.511082
0.511252
0.511419
0.511584
0.511748
0.511909
0.512068
0.512226
0.512381
0.512534
0.512686
0.512835
0.512983
0.513128
0.513272
0.513414
0.513554
0.513692
0.513829
0.513964
0.514097
0.514228
0.514357
0.514485
0.514611
0.514735
0.514858
0.514979
0.515098
0.515215
0.515331
0.515446
0.515559
0.515670
0.515779
0.515888
0.515994
0.516099
0.516203
0.516305
0.516405
0.516504
0.516602
0.516698
0.516792
0.516885
0.516977
0.517067
0.517156
0.517244
0.517330
0.517415
0.517498
0.517580
0.517661
0.517740
0.517818
0.517895
0.517970
0.518045
0.518117
0.518189
0.518259
0.518328
0.518396
0.518463
0.518528
0.518592
0.518655
0.518717
0.518777
0.518836
0.518894
0.518951
0.519007
0.519061
0.519115
0.519167
0.519218
0.519268
0.519317
0.519365
0.519411
0.519457
0.519501
0.519545
0.519587
0.519628
0.519668
0.519707
0.519745
0.519782
0.519818
0.519853
0.519886
0.519919
0.519951
0.519982
0.520011
0.520040
0.520068
0.520095
0.520120
0.520145
0.520169
0.520192
0.520214
0.520235
0.520255
0.520274
0.520292
0.520309
0.520325
0.520341
0.520355
0.520369
0.520381
0.520393
0.520404
0.520414
0.520423
0.520431
0.520439
0.520445
0.520451
0.520456
0.520460
0.520463
0.520465
0.520467
0.520467
0.520467
0.520466
0.520465
0.520462
0.520459
0.520455
0.520450
0.520444
0.520438
0.520431
0.520423
0.520414
0.520405
0.520395
0.520384
0.520373
0.520360
0.520347
0.520334
0.520319
0.520304
0.520289
0.520272
0.520255
0.520237
0.520219
0.520200
0.520180
0.520160
0.520139
0.520117
0.520095
0.520072
0.520048
0.520024
0.519999
0.519974
0.519948
0.519922
0.519894
0.519867
0.519839
0.519810
0.519780
0.519750
0.519720
0.519689
0.519657
0.519625
0.519593
0.519560
0.519526
0.519492
0.519457
0.519422
0.519387
0.519350
0.519314
0.519277
0.519239
0.519201
0.519163
0.519124
0.519085
0.519045
0.519005
0.518964
0.518923
0.518882
0.518840
0.518798
0.518755
0.518712
0.518668
0.518625
0.518580
0.518536
0.518491
0.518446
0.518400
0.518354
0.518308
0.518261
0.518214
0.518167
0.518119
0.518071
0.518023
0.517975
0.517926
0.517877
0.517827
0.517778
0.517728
0.517678
0.517627
0.517577
0.517526
0.517475
0.517423
0.517372
0.517320
0.517268
0.517215
0.517163
0.517110
0.517057
0.517004
0.516951
0.516897
0.516842
0.516786
0.516723
0.516642
0.516508
0.516329
0.516304
0.516583
0.517147
0.517972
0.518095
0.517287
0.516520
0.515962
0.515650
0.515528
0.515518
0.515554
0.515593
0.515613
0.515607
0.515578
0.515530
0.515468
0.515396
0.515315
0.515315
0.515226
0.515131
0.515028
0.514919
0.514805
0.514686
0.514563
0.514436
0.514307
0.514177
0.514045
0.513912
0.513780
0.513647
0.513515
0.513383
0.513252
0.513122
0.512994
0.512867
0.512742
0.512618
0.512495
0.512375
0.512256
0.512139
0.512024
0.511910
0.511798
0.511688
0.511579
0.511472
0.511366
0.511262
0.511160
0.511059
0.510959
0.510861
0.510764
0.510668
0.510573
0.510479
0.510387
0.510295
0.510205
0.510115
0.510026
0.509938
0.509851
0.509765
0.509679
0.509594
0.509510
0.509426
0.509343
0.509260
0.509178
0.509097
0.509015
0.508935
0.508854
0.508775
0.508695
0.508616
0.508537
0.508458
0.508380
0.508302
0.508224
0.508147
0.508070
0.507993
0.507916
0.507839
0.507763
0.507687
0.507610
0.507535
0.507459
0.507383
0.507307
0.507232
0.507157
0.507081
0.507006
0.506931
0.506856
0.506781
0.506707
0.506632
0.506557
0.506482
0.506408
0.506333
0.506259
0.506184
0.506110
0.506035
0.505961
0.505886
0.505812
0.505737
0.505663
0.505589
0.505514
0.505440
0.505365
0.505291
0.505216
0.505142
0.505067
0.504993
0.504918
0.504843
0.504768
0.504694
0.504619
0.504544
0.504469
0.504394
0.504319
0.504244
0.504169
0.504093
0.504018
0.503942
0.503867
0.503791
0.503715
0.503640
0.503564
0.503487
0.503411
0.503335
0.503258
0.503182
0.503105
0.503028
0.502951
0.502874
0.502797
0.502719
0.502642
0.502564
0.502486
0.502408
0.502329
0.502251
0.502172
0.502093
0.502014
0.501935
0.501855
0.501775
0.501695
0.501615
0.501535
0.501454
0.501373
0.501292
0.501210
0.501129
0.501047
0.500965
0.500882
0.500800
0.500717
0.500633
0.500550
0.500466
0.500382
0.500298
0.500214
0.500129
0.500044
0.499959
0.499873
0.499787
0.499701
0.499615
0.499529
0.499442
0.499355
0.499270
0.499175
0.499118
0.498869
0.498842
0.498298
0.496457
0.498724
0.499426
0.500589
0.501236
0.501430
0.501140
0.500687
0.500111
0.499642
0.499187
0.498896
0.498596
0.498448
0.498176
0.498165
0.497611
0.498158
0.497676
0.498494
0.498313
0.498914
0.498688
0.499006
0.498661
0.498832
0.498455
0.498601
0.498235
0.498416
0.498056
0.498301
0.497934
0.498255
0.497891
0.498263
0.497915
0.498288
0.497950
0.498287
0.497944
0.498241
0.497887
0.498160
0.497797
0.498068
0.497698
0.497981
0.497608
0.497910
0.497536
0.497853
0.497480
0.497801
0.497427
0.497744
0.497369
0.497678
0.497299
0.497604
0.497220
0.497525
0.497138
0.497448
0.497058
0.497374
0.496983
0.497303
0.496911
0.497234
0.496840
0.497164
0.496769
0.497094
0.496696
0.497022
0.496623
0.496951
0.496550
0.496881
0.496478
0.496813
0.496408
0.496745
0.496339
0.496679
0.496271
0.496613
0.496203
0.496548
0.496136
0.496483
0.496070
0.496419
0.496005
0.496357
0.495941
0.496295
0.495878
0.496234
0.495815
0.496174
0.495754
0.496115
0.495693
0.496056
0.495634
0.495999
0.495575
0.495942
0.495517
0.495886
0.495459
0.495831
0.495403
0.495777
0.495347
0.495723
0.495292
0.495670
0.495238
0.495618
0.495185
0.495567
0.495133
0.495516
0.495081
0.495466
0.495030
0.495417
0.494979
0.495369
0.494930
0.495321
0.494881
0.495274
0.494833
0.495227
0.494786
0.495181
0.494739
0.495136
0.494693
0.495092
0.494647
0.495048
0.494603
0.495005
0.494559
0.494962
0.494515
0.494920
0.494473
0.494879
0.494431
0.494838
0.494389
0.494798
0.494349
0.494758
0.494308
0.494720
0.494269
0.494681
0.494230
0.494643
0.494192
0.494606
0.494154
0.494570
0.494117
0.494533
0.494081
0.494498
0.494045
0.494463
0.494010
0.494429
0.493975
0.494395
0.493941
0.494361
0.493908
0.494329
0.493875
0.494296
0.493843
0.494265
0.493811
0.494234
0.493780
0.494203
0.493750
0.494173
0.493720
0.494143
0.493691
0.494114
0.493662
0.494086
0.493634
0.494058
0.493606
0.494030
0.493579
0.494003
0.493553
0.493976
0.493527
0.493950
0.493501
0.493925
0.493477
0.493900
0.493452
0.493875
0.493429
0.493851
0.493406
0.493827
0.493383
0.493804
0.493361
0.493781
0.493339
0.493759
0.493318
0.493737
0.493298
0.493716
0.493278
0.493695
0.493259
0.493675
0.493240
0.493655
0.493222
0.493635
0.493204
0.493616
0.493187
0.493598
0.493170
0.493580
0.493154
0.493562
0.493138
0.493545
0.493123
0.493528
0.493108
0.493512
0.493094
0.493496
0.493080
0.493480
0.493067
0.493465
0.493055
0.493451
0.493043
0.493437
0.493031
0.493423
0.493020
0.493410
0.493010
0.493397
0.493000
0.493384
0.492990
0.493372
0.492981
0.493361
0.492972
0.493349
0.492964
0.493339
0.492957
0.493328
0.492950
0.493318
0.492943
0.493309
0.492937
0.493299
0.492931
0.493291
0.492926
0.493282
0.492921
0.493274
0.492917
0.493267
0.492913
0.493259
0.492910
0.493253
0.492907
0.493246
0.492904
0.493240
0.492902
0.493234
0.492901
0.493229
0.492900
0.493224
0.492899
0.493219
0.493219
0.492899
0.493215
0.492899
0.493211
0.492899
0.493207
0.492900
0.493204
0.492901
0.493201
0.492903
0.493198
0.492905
0.493196
0.492908
0.493194
0.492911
0.493193
0.492914
0.493191
0.492918
0.493190
0.492922
0.493190
0.492926
0.493189
0.492931
0.493189
0.492936
0.493189
0.492942
0.493190
0.492948
0.493191
0.492954
0.493192
0.492960
0.493193
0.492967
0.493194
0.492974
0.493196
0.492982
0.493198
0.492990
0.493201
0.492998
0.493203
0.493006
0.493206
0.493015
0.493209
0.493024
0.493212
0.493034
0.493216
0.493043
0.493219
0.493054
0.493223
0.493064
0.493227
0.493075
0.493232
0.493086
0.493236
0.493097
0.493241
0.493109
0.493246
0.493122
0.493251
0.493134
0.493256
0.493147
0.493261
0.493161
0.493267
0.493175
0.493273
0.493190
0.493279
0.493206
0.493286
0.493223
0.493293
0.493241
0.493302
0.493260
0.493311
0.493281
0.493323
0.493304
0.493338
0.493331
0.493358
0.493360
0.493383
0.493394
0.493416
0.493433
0.493455
0.493477
0.493501
0.493526
0.493552
0.493579
0.493606
0.493634
0.493662
0.493689
0.493716
0.493742
0.493766
0.493789
0.493811
0.493832
0.493851
0.493868
0.493885
0.493900
0.493914
0.493928
0.493941
0.493953
0.493965
0.493976
0.493987
0.493997
0.494008
0.494018
0.494027
0.494037
0.494046
0.494055
0.494064
0.494073
0.494081
0.494089
0.494097
0.494105
0.494113
0.494120
0.494128
0.494135
0.494142
0.494149
0.494156
0.494163
0.494170
0.494177
0.494184
0.494191
0.494198
0.494205
0.494211
0.494218
0.494225
0.494232
0.494239
0.494246
0.494253
0.494260
0.494267
0.494275
0.494282
0.494289
0.494297
0.494304
0.494312
0.494320
0.494327
0.494335
0.494343
0.494351
0.494359
0.494368
0.494376
0.494384
0.494392
0.494401
0.494409
0.494418
0.494427
0.494436
0.494444
0.494453
0.494462
0.494471
0.494481
0.494490
0.494499
0.494508
0.494518
0.494527
0.494537
0.494546
0.494556
0.494566
0.494576
0.494585
0.494595
0.494605
0.494615
0.494626
0.494636
0.494646
0.494656
0.494667
0.494677
0.494688
0.494698
0.494709
0.494719
0.494730
0.494741
0.494752
0.494763
0.494774
0.494785
0.494796
0.494807
0.494818
0.494829
0.494841
0.494852
0.494863
0.494875
0.494886
0.494898
0.494910
0.494921
0.494933
0.494945
0.494957
0.494969
0.494981
0.494993
0.495005
0.495017
0.495030
0.495042
0.495054
0.495067
0.495079
0.495092
0.495104
0.495117
0.495130
0.495142
0.495155
0.495168
0.495181
0.495194
0.495207
0.495220
0.495234
0.495247
0.495260
0.495273
0.495287
0.495300
0.495314
0.495328
0.495341
0.495355
0.495369
0.495383
0.495397
0.495411
0.495425
0.495439
0.495453
0.495467
0.495481
0.495496
0.495510
0.495525
0.495539
0.495554
0.495569
0.495583
0.495598
0.495613
0.495628
0.495643
0.495658
0.495673
0.495688
0.495703
0.495719
0.495734
0.495749
0.495765
0.495781
0.495796
0.495812
0.495828
0.495843
0.495859
0.495875
0.495891
0.495907
0.495923
0.495939
0.495956
0.495972
0.495988
0.496005
0.496021
0.496038
0.496055
0.496071
0.496088
0.496105
0.496122
0.496139
0.496156
0.496173
0.496190
0.496207
0.496224
0.496242
0.496259
0.496277
0.496294
0.496312
0.496329
0.496347
0.496365
0.496383
0.496401
0.496419
0.496437
0.496455
0.496473
0.496491
0.496510
0.496528
0.496546
0.496565
0.496584
0.496602
0.496621
0.496640
0.496658
0.496677
0.496696
0.496715
0.496734
0.496754
0.496773
0.496792
0.496811
0.496831
0.496850
0.496870
0.496889
0.496909
0.496929
0.496949
0.496969
0.496988
0.497008
0.497029
0.497049
0.497069
0.497089
0.497109
0.497130
0.497150
0.497171
0.497191
0.497212
0.497233
0.497253
0.497274
0.497295
0.497316
0.497337
0.497358
0.497379
0.497400
0.497422
0.497443
0.497464
0.497486
0.497507
0.497529
0.497551
0.497572
0.497594
0.497616
0.497638
0.497660
0.497682
0.497704
0.497726
0.497748
0.497771
0.497793
0.497815
0.497838
0.497860
0.497883
0.497905
0.497928
0.497951
0.497974
0.497997
0.498020
0.498043
0.498066
0.498089
0.498112
0.498135
0.498159
0.498182
0.498205
0.498229
0.498253
0.498276
0.498300
0.498324
0.498347
0.498371
0.498395
0.498419
0.498443
0.498467
0.498491
0.498516
0.498540
0.498564
0.498589
0.498613
0.498638
0.498662
0.498687
0.498712
0.498736
0.498761
0.498786
0.498811
0.498836
0.498861
0.498886
0.498911
0.498937
0.498962
0.498987
0.499013
0.499038
0.499063
0.499089
0.499115
0.499140
0.499166
0.499192
0.499218
0.499244
0.499270
0.499296
0.499322
0.499348
0.499374
0.499400
0.499426
0.499453
0.499479
0.499506
0.499532
0.499559
0.499585
0.499612
0.499639
0.499666
0.499692
0.499719
0.499746
0.499773
0.499800
0.499827
0.499854
0.499882
0.499909
0.499936
0.499964
0.499991
0.500019
0.500046
0.500074
0.500101
0.500129
0.500157
0.500184
0.500212
0.500240
0.500268
0.500268
0.500296
0.500324
0.500352
0.500380
0.500408
0.500437
0.500465
0.500493
0.500522
0.500550
0.500579
0.500607
0.500636
0.500664
0.500693
0.500722
0.500750
0.500779
0.500808
0.500837
0.500866
0.500895
0.500924
0.500953
0.500982
0.501011
0.501041
0.501070
0.501099
0.501129
0.501158
0.501188
0.501217
0.501247
0.501276
0.501306
0.501336
0.501365
0.501395
0.501425
0.501455
0.501485
0.501515
0.501545
0.501575
0.501605
0.501635
0.501665
0.501695
0.501726
0.501756
0.501786
0.501817
0.501847
0.501878
0.501908
0.501939
0.501969
0.502000
0.502031
0.502061
0.502092
0.502123
0.502154
0.502185
0.502215
0.502246
0.502277
0.502308
0.502339
0.502371
0.502402
0.502433
0.502464
0.502495
0.502527
0.502558
0.502589
0.502621
0.502652
0.502684
0.502715
0.502747
0.502778
0.502810
0.502842
0.502873
0.502905
0.502937
0.502969
0.503001
0.503033
0.503064
0.503096
0.503128
0.503160
0.503192
0.503225
0.503257
0.503289
0.503321
0.503353
0.503386
0.503418
0.503450
0.503482
0.503515
0.503547
0.503580
0.503612
0.503645
0.503677
0.503710
0.503742
0.503775
0.503808
0.503840
0.503873
0.503906
0.503939
0.503972
0.504004
0.504037
0.504070
0.504103
0.504136
0.504169
0.504202
0.504235
0.504268
0.504301
0.504334
0.504368
0.504401
0.504434
0.504467
0.504500
0.504534
0.504567
0.504600
0.504634
0.504667
0.504701
0.504734
0.504768
0.504801
0.504835
0.504868
0.504902
0.504935
0.504969
0.505002
0.505036
0.505070
0.505104
0.505137
0.505171
0.505205
0.505239
0.505272
0.505306
0.505340
0.505374
0.505408
0.505442
0.505476
0.505510
0.505544
0.505578
0.505612
0.505646
0.505680
0.505714
0.505748
0.505782
0.505817
0.505851
0.505885
0.505919
0.505953
0.505988
0.506022
0.506056
0.506090
0.506125
0.506159
0.506194
0.506228
0.506262
0.506297
0.506331
0.506366
0.506400
0.506434
0.506469
0.506503
0.506538
0.506573
0.506607
0.506642
0.506676
0.506711
0.506745
0.506780
0.506815
0.506849
0.506884
0.506919
0.506953
0.506988
0.507023
0.507058
0.507092
0.507127
0.507162
0.507197
0.507231
0.507266
0.507301
0.507336
0.507371
0.507406
0.507440
0.507475
0.507510
0.507545
0.507580
0.507615
0.507650
0.507685
0.507720
0.507755
0.507790
0.507825
0.507860
0.507895
0.507930
0.507965
0.508000
0.508035
0.508070
0.508105
0.508140
0.508175
0.508210
0.508245
0.508280
0.508315
0.508350
0.508385
0.508420
0.508455
0.508490
0.508525
0.508561
0.508596
0.508631
0.508666
0.508701
0.508736
0.508771
0.508807
0.508842
0.508877
0.508912
0.508947
0.508982
0.509017
0.509053
0.509088
0.509123
0.509158
0.509193
0.509229
0.509264
0.509299
0.509334
0.509369
0.509404
0.509440
0.509475
0.509510
0.509545
0.509580
0.509616
0.509651
0.509686
0.509721
0.509756
0.509791
0.509827
0.509862
0.509897
0.509932
0.509967
0.510003
0.510038
0.510073
0.510108
0.510143
0.510178
0.510214
0.510249
0.510284
0.510319
0.510354
0.510389
0.510425
0.510460
0.510495
0.510530
0.510565
0.510600
0.510635
0.510670
0.510705
0.510741
0.510776
0.510811
0.510846
0.510881
0.510916
0.510951
0.510986
0.511021
0.511056
0.511091
0.511126
0.511161
0.511196
0.511231
0.511266
0.511301
0.511336
0.511371
0.511406
0.511441
0.511476
0.511511
0.511546
0.511581
0.511616
0.511651
0.511686
0.511721
0.511756
0.511790
0.511825
0.511860
0.511895
0.511930
0.511965
0.511999
0.512034
0.512069
0.512104
0.512139
0.512173
0.512208
0.512243
0.512277
0.512312
0.512347
0.512382
0.512416
0.512451
0.512485
0.512520
0.512555
0.512589
0.512624
0.512658
0.512693
0.512728
0.512762
0.512797
0.512831
0.512866
0.512900
0.512935
0.512969
0.513003
0.513038
0.513072
0.513107
0.513141
0.513175
0.513210
0.513244
0.513278
0.513312
0.513347
0.513381
0.513415
0.513449
0.513484
0.513518
0.513552
0.513586
0.513620
0.513654
0.513688
0.513722
0.513757
0.513791
0.513825
0.513859
0.513893
0.513926
0.513960
0.513994
0.514028
0.514062
0.514096
0.514130
0.514164
0.514197
0.514231
0.514265
0.514299
0.514332
0.514366
0.514400
0.514433
0.514467
0.514501
0.514534
0.514568
0.514601
0.514635
0.514668
0.514702
0.514735
0.514769
0.514802
0.514835
0.514869
0.514902
0.514935
0.514969
0.515002
0.515035
0.515068
0.515102
0.515135
0.515168
0.515201
0.515234
0.515267
0.515300
0.515333
0.515366
0.515399
0.515432
0.515465
0.515498
0.515531
0.515564
0.515596
0.515629
0.515662
0.515695
0.515727
0.515760
0.515793
0.515825
0.515858
0.515891
0.515923
0.515956
0.515988
0.516020
0.516053
0.516085
0.516118
0.516150
0.516182
0.516215
0.516247
0.516279
0.516311
0.516343
0.516376
0.516408
0.516440
0.516472
0.516504
0.516536
0.516568
0.516600
0.516632
0.516663
0.516695
0.516727
0.516759
0.516791
0.516822
0.516854
0.516886
0.516886
0.516917
0.516949
0.516980
0.517012
0.517043
0.517075
0.517106
0.517138
0.517169
0.517200
0.517232
0.517263
0.517294
0.517325
0.517356
0.517388
0.517419
0.517450
0.517481
0.517512
0.517543
0.517574
0.517604
0.517635
0.517666
0.517697
0.517728
0.517758
0.517789
0.517820
0.517850
0.517881
0.517911
0.517942
0.517972
0.518003
0.518033
0.518063
0.518094
0.518124
0.518154
0.518184
0.518215
0.518245
0.518275
0.518305
0.518335
0.518365
0.518395
0.518425
0.518455
0.518484
0.518514
0.518544
0.518574
0.518603
0.518633
0.518662
0.518692
0.518722
0.518751
0.518780
0.518810
0.518839
0.518868
0.518898
0.518927
0.518956
0.518985
0.519014
0.519044
0.519073
0.519102
0.519130
0.519159
0.519188
0.519217
0.519246
0.519275
0.519303
0.519332
0.519361
0.519389
0.519418
0.519446
0.519475
0.519503
0.519531
0.519560
0.519588
0.519616
0.519644
0.519672
0.519701
0.519729
0.519757
0.519785
0.519813
0.519840
0.519868
0.519896
0.519924
0.519951
0.519979
0.520007
0.520034
0.520062
0.520089
0.520117
0.520144
0.520171
0.520199
0.520226
0.520253
0.520280
0.520308
0.520335
0.520362
0.520389
0.520415
0.520442
0.520469
0.520496
0.520523
0.520549
0.520576
0.520603
0.520629
0.520656
0.520682
0.520709
0.520735
0.520761
0.520788
0.520814
0.520840
0.520866
0.520892
0.520918
0.520944
0.520970
0.520996
0.521022
0.521047
0.521073
0.521099
0.521124
0.521150
0.521176
0.521201
0.521226
0.521252
0.521277
0.521302
0.521328
0.521353
0.521378
0.521403
0.521428
0.521453
0.521478
0.521503
0.521528
0.521552
0.521577
0.521602
0.521626
0.521651
0.521675
0.521700
0.521724
0.521749
0.521773
0.521797
0.521821
0.521845
0.521869
0.521893
0.521917
0.521941
0.521965
0.521989
0.522013
0.522037
0.522060
0.522084
0.522107
0.522131
0.522154
0.522178
0.522201
0.522224
0.522247
0.522271
0.522294
0.522317
0.522340
0.522363
0.522386
0.522408
0.522431
0.522454
0.522476
0.522499
0.522522
0.522544
0.522567
0.522589
0.522611
0.522634
0.522656
0.522678
0.522700
0.522722
0.522744
0.522766
0.522788
0.522810
0.522831
0.522853
0.522875
0.522896
0.522918
0.522939
0.522961
0.522982
0.523003
0.523024
0.523046
0.523067
0.523088
0.523109
0.523130
0.523151
0.523171
0.523192
0.523213
0.523233
0.523254
0.523274
0.523295
0.523315
0.523336
0.523356
0.523376
0.523396
0.523416
0.523436
0.523456
0.523476
0.523496
0.523516
0.523536
0.523555
0.523575
0.523594
0.523614
0.523633
0.523653
0.523672
0.523691
0.523710
0.523729
0.523749
0.523768
0.523786
0.523805
0.523824
0.523843
0.523861
0.523880
0.523899
0.523917
0.523936
0.523954
0.523972
0.523990
0.524009
0.524027
0.524045
0.524063
0.524081
0.524098
0.524116
0.524134
0.524152
0.524169
0.524187
0.524204
0.524221
0.524239
0.524256
0.524273
0.524290
0.524307
0.524324
0.524341
0.524358
0.524375
0.524392
0.524408
0.524425
0.524442
0.524458
0.524474
0.524491
0.524507
0.524523
0.524539
0.524556
0.524572
0.524587
0.524603
0.524619
0.524635
0.524651
0.524666
0.524682
0.524697
0.524713
0.524728
0.524743
0.524758
0.524774
0.524789
0.524804
0.524819
0.524833
0.524848
0.524863
0.524878
0.524892
0.524907
0.524921
0.524936
0.524950
0.524964
0.524978
0.524992
0.525006
0.525020
0.525034
0.525048
0.525062
0.525076
0.525089
0.525103
0.525116
0.525130
0.525143
0.525156
0.525169
0.525183
0.525196
0.525209
0.525222
0.525234
0.525247
0.525260
0.525273
0.525285
0.525298
0.525310
0.525322
0.525335
0.525347
0.525359
0.525371
0.525383
0.525395
0.525407
0.525419
0.525430
0.525442
0.525454
0.525465
0.525477
0.525488
0.525499
0.525510
0.525522
0.525533
0.525544
0.525554
0.525565
0.525576
0.525587
0.525597
0.525608
0.525618
0.525629
0.525639
0.525649
0.525660
0.525670
0.525680
0.525690
0.525700
0.525710
0.525719
0.525729
0.525739
0.525748
0.525758
0.525767
0.525776
0.525785
0.525795
0.525804
0.525813
0.525822
0.525831
0.525839
0.525848
0.525857
0.525865
0.525874
0.525882
0.525891
0.525899
0.525907
0.525915
0.525923
0.525931
0.525939
0.525947
0.525955
0.525962
0.525970
0.525977
0.525985
0.525992
0.525999
0.526007
0.526014
0.526021
0.526028
0.526035
0.526042
0.526048
0.526055
0.526062
0.526068
0.526075
0.526081
0.526087
0.526094
0.526100
0.526106
0.526112
0.526118
0.526124
0.526129
0.526135
0.526141
0.526146
0.526152
0.526157
0.526163
0.526168
0.526173
0.526178
0.526183
0.526188
0.526193
0.526198
0.526202
0.526207
0.526211
0.526216
0.526220
0.526225
0.526229
0.526233
0.526237
0.526241
0.526245
0.526249
0.526253
0.526256
0.526260
0.526264
0.526267
0.526270
0.526274
0.526277
0.526280
0.526283
0.526286
0.526289
0.526292
0.526295
0.526297
0.526300
0.526303
0.526305
0.526307
0.526310
0.526312
0.526312
0.526314
0.526316
0.526318
0.526320
0.526322
0.526324
0.526325
0.526327
0.526329
0.526330
0.526331
0.526333
0.526334
0.526335
0.526336
0.526337
0.526338
0.526339
0.526339
0.526340
0.526341
0.526341
0.526342
0.526342
0.526342
0.526342
0.526343
0.526343
0.526343
0.526342
0.526342
0.526342
0.526342
0.526341
0.526341
0.526340
0.526339
0.526339
0.526338
0.526337
0.526336
0.526335
0.526334
0.526333
0.526331
0.526330
0.526329
0.526327
0.526325
0.526324
0.526322
0.526320
0.526318
0.526316
0.526314
0.526312
0.526310
0.526307
0.526305
0.526303
0.526300
0.526297
0.526295
0.526292
0.526289
0.526286
0.526283
0.526280
0.526277
0.526274
0.526270
0.526267
0.526263
0.526260
0.526256
0.526252
0.526249
0.526245
0.526241
0.526237
0.526233
0.526228
0.526224
0.526220
0.526215
0.526211
0.526206
0.526202
0.526197
0.526192
0.526187
0.526182
0.526177
0.526172
0.526167
0.526162
0.526156
0.526151
0.526145
0.526140
0.526134
0.526128
0.526123
0.526117
0.526111
0.526105
0.526099
0.526092
0.526086
0.526080
0.526073
0.526067
0.526060
0.526053
0.526047
0.526040
0.526033
0.526026
0.526019
0.526012
0.526005
0.525997
0.525990
0.525983
0.525975
0.525968
0.525960
0.525952
0.525944
0.525936
0.525928
0.525920
0.525912
0.525904
0.525896
0.525887
0.525879
0.525871
0.525862
0.525853
0.525845
0.525836
0.525827
0.525818
0.525809
0.525800
0.525791
0.525781
0.525772
0.525763
0.525753
0.525744
0.525734
0.525724
0.525714
0.525705
0.525695
0.525685
0.525675
0.525664
0.525654
0.525644
0.525634
0.525623
0.525613
0.525602
0.525591
0.525581
0.525570
0.525559
0.525548
0.525537
0.525526
0.525515
0.525504
0.525493
0.525483
0.525473
0.525464
0.525457
0.525455
0.525460
0.525482
0.525532
0.525629
0.525654
0.525265
0.524366
0.523427
0.522856
0.522738
0.522959
0.523347
0.523764
0.524129
0.524407
0.524597
0.524708
0.524758
0.524760
0.524729
0.524675
0.524608
0.524533
0.524458
0.524384
0.524317
0.524257
0.524205
0.524161
0.524126
0.524099
0.524079
0.524065
0.524057
0.524054
0.524056
0.524062
0.524072
0.524086
0.524103
0.524124
0.524148
0.524175
0.524205
0.524238
0.524273
0.524311
0.524350
0.524392
0.524436
0.524481
0.524527
0.524574
0.524623
0.524671
0.524720
0.524770
0.524819
0.524868
0.524917
0.524965
0.525013
0.525061
0.525107
0.525153
0.525198
0.525242
0.525285
0.525327
0.525368
0.525408
0.525446
0.525484
0.525520
0.525555
0.525589
0.525622
0.525654
0.525684
0.525713
0.525742
0.525769
0.525795
0.525820
0.525843
0.525866
0.525888
0.525909
0.525929
0.525948
0.525966
0.525983
0.525999
0.526015
0.526029
0.526043
0.526057
0.526069
0.526081
0.526092
0.526103
0.526113
0.526122
0.526131
0.526139
0.526147
0.526154
0.526160
0.526167
0.526172
0.526178
0.526183
0.526187
0.526191
0.526195
0.526199
0.526202
0.526205
0.526207
0.526210
0.526211
0.526213
0.526215
0.526216
0.526217
0.526217
0.526218
0.526218
0.526218
0.526218
0.526218
0.526217
0.526216
0.526215
0.526214
0.526213
0.526212
0.526210
0.526208
0.526207
0.526205
0.526202
0.526200
0.526198
0.526195
0.526193
0.526190
0.526187
0.526184
0.526181
0.526178
0.526174
0.526171
0.526167
0.526163
0.526160
0.526156
0.526152
0.526147
0.526143
0.526139
0.526134
0.526130
0.526125
0.526120
0.526115
0.526111
0.526105
0.526100
0.526095
0.526090
0.526084
0.526079
0.526073
0.526067
0.526061
0.526055
0.526049
0.526043
0.526037
0.526030
0.526024
0.526017
0.526011
0.526004
0.525997
0.525990
0.525983
0.525976
0.525969
0.525961
0.525954
0.525947
0.525939
0.525931
0.525924
0.525916
0.525908
0.525900
0.525892
0.525883
0.525875
0.525867
0.525858
0.525850
0.525841
0.525832
0.525824
0.525815
0.525806
0.525797
0.525788
0.525778
0.525769
0.525760
0.525750
0.525741
0.525731
0.525721
0.525712
0.525702
0.525692
0.525682
0.525672
0.525662
0.525652
0.525641
0.525631
0.525620
0.525610
0.525599
0.525589
0.525578
0.525567
0.525556
0.525545
0.525534
0.525523
0.525512
0.525501
0.525490
0.525479
0.525467
0.525456
0.525444
0.525433
0.525421
0.525409
0.525398
0.525386
0.525374
0.525362
0.525350
0.525338
0.525326
0.525314
0.525301
0.525289
0.525277
0.525264
0.525252
0.525239
0.525227
0.525214
0.525201
0.525189
0.525176
0.525163
0.525150
0.525137
0.525124
0.525111
0.525098
0.525085
0.525072
0.525058
0.525045
0.525032
0.525018
0.525005
0.524991
0.524978
0.524964
0.524950
0.524937
0.524923
0.524909
0.524895
0.524881
0.524868
0.524854
0.524840
0.524825
0.524811
0.524797
0.524783
0.524769
0.524755
0.524740
0.524726
0.524711
0.524697
0.524682
0.524668
0.524653
0.524639
0.524624
0.524609
0.524595
0.524580
0.524565
0.524550
0.524535
0.524521
0.524506
0.524491
0.524476
0.524461
0.524461
0.524445
0.524430
0.524415
0.524400
0.524385
0.524369
0.524354
0.524339
0.524323
0.524308
0.524293
0.524277
0.524262
0.524246
0.524230
0.524215
0.524199
0.524184
0.524168
0.524152
0.524136
0.524121
0.524105
0.524089
0.524073
0.524057
0.524041
0.524025
0.524009
0.523993
0.523977
0.523961
0.523945
0.523929
0.523913
0.523896
0.523880
0.523864
0.523848
0.523831
0.523815
0.523799
0.523782
0.523766
0.523750
0.523733
0.523717
0.523700
0.523684
0.523667
0.523651
0.523634
0.523617
0.523601
0.523584
0.523567
0.523551
0.523534
0.523517
0.523500
0.523484
0.523467
0.523450
0.523433
0.523416
0.523399
0.523382
0.523366
0.523349
0.523332
0.523315
0.523298
0.523281
0.523264
0.523246
0.523229
0.523212
0.523195
0.523178
0.523161
0.523144
0.523126
0.523109
0.523092
0.523075
0.523057
0.523040
0.523023
0.523006
0.522988
0.522971
0.522954
0.522936
0.522919
0.522901
0.522884
0.522867
0.522849
0.522832
0.522814
0.522797
0.522779
0.522762
0.522744
0.522726
0.522709
0.522691
0.522674
0.522656
0.522638
0.522621
0.522603
0.522586
0.522568
0.522550
0.522532
0.522515
0.522497
0.522479
0.522462
0.522444
0.522426
0.522408
0.522390
0.522373
0.522355
0.522337
0.522319
0.522301
0.522283
0.522266
0.522248
0.522230
0.522212
0.522194
0.522176
0.522158
0.522140
0.522122
0.522104
0.522086
0.522068
0.522050
0.522032
0.522014
0.521996
0.521978
0.521960
0.521942
0.521924
0.521906
0.521888
0.521870
0.521852
0.521834
0.521816
0.521798
0.521780
0.521762
0.521743
0.521725
0.521707
0.521689
0.521671
0.521653
0.521635
0.521616
0.521598
0.521580
0.521562
0.521544
0.521525
0.521507
0.521489
0.521471
0.521453
0.521434
0.521416
0.521398
0.521380
0.521361
0.521343
0.521325
0.521307
0.521288
0.521270
0.521252
0.521233
0.521215
0.521197
0.521179
0.521160
0.521142
0.521124
0.521105
0.521087
0.521069
0.521050
0.521032
0.521014
0.520995
0.520977
0.520959
0.520940
0.520922
0.520904
0.520885
0.520867
0.520849
0.520830
0.520812
0.520793
0.520775
0.520757
0.520738
0.520720
0.520701
0.520683
0.520665
0.520646
0.520628
0.520609
0.520591
0.520573
0.520554
0.520536
0.520517
0.520499
0.520481
0.520462
0.520444
0.520425
0.520407
0.520388
0.520370
0.520352
0.520333
0.520315
0.520296
0.520278
0.520259
0.520241
0.520222
0.520204
0.520186
0.520167
0.520149
0.520130
0.520112
0.520093
0.520075
0.520056
0.520038
0.520019
0.520001
0.519982
0.519964
0.519946
0.519927
0.519909
0.519890
0.519872
0.519853
0.519835
0.519816
0.519798
0.519779
0.519761
0.519742
0.519724
0.519705
0.519687
0.519669
0.519650
0.519632
0.519613
0.519595
0.519576
0.519558
0.519539
0.519521
0.519502
0.519484
0.519465
0.519447
0.519428
0.519410
0.519391
0.519373
0.519354
0.519336
0.519318
0.519299
0.519281
0.519262
0.519244
0.519225
0.519207
0.519188
0.519170
0.519151
0.519133
0.519114
0.519096
0.519077
0.519059
0.519040
0.519022
0.519004
0.518985
0.518967
0.518948
0.518930
0.518911
0.518893
0.518874
0.518856
0.518837
0.518819
0.518800
0.518782
0.518764
0.518745
0.518727
0.518708
0.518690
0.518671
0.518653
0.518634
0.518616
0.518597
0.518579
0.518561
0.518542
0.518524
0.518505
0.518487
0.518468
0.518450
0.518432
0.518413
0.518395
0.518376
0.518358
0.518339
0.518321
0.518302
0.518284
0.518266
0.518247
0.518229
0.518210
0.518192
0.518174
0.518155
0.518137
0.518118
0.518100
0.518081
0.518063
0.518045
0.518026
0.518008
0.517989
0.517971
0.517953
0.517934
0.517916
0.517897
0.517879
0.517861
0.517842
0.517824
0.517805
0.517787
0.517769
0.517750
0.517732
0.517713
0.517695
0.517677
0.517658
0.517640
0.517622
0.517603
0.517585
0.517566
0.517548
0.517530
0.517511
0.517493
0.517475
0.517456
0.517438
0.517420
0.517401
0.517383
0.517365
0.517346
0.517328
0.517309
0.517291
0.517273
0.517254
0.517236
0.517218
0.517199
0.517181
0.517163
0.517144
0.517126
0.517108
0.517089
0.517071
0.517053
0.517034
0.517016
0.516998
0.516980
0.516961
0.516943
0.516925
0.516906
0.516888
0.516870
0.516851
0.516833
0.516815
0.516797
0.516778
0.516760
0.516742
0.516723
0.516705
0.516687
0.516669
0.516650
0.516632
0.516614
0.516595
0.516577
0.516559
0.516541
0.516522
0.516504
0.516486
0.516468
0.516449
0.516431
0.516413
0.516395
0.516376
0.516358
0.516340
0.516322
0.516303
0.516285
0.516267
0.516249
0.516231
0.516212
0.516194
0.516176
0.516158
0.516139
0.516121
0.516103
0.516085
0.516067
0.516048
0.516030
0.516012
0.515994
0.515976
0.515957
0.515939
0.515921
0.515903
0.515885
0.515867
0.515848
0.515830
0.515812
0.515794
0.515776
0.515758
0.515739
0.515721
0.515703
0.515685
0.515667
0.515649
0.515631
0.515612
0.515594
0.515576
0.515558
0.515540
0.515522
0.515522
0.515504
0.515486
0.515467
0.515449
0.515431
0.515413
0.515395
0.515377
0.515359
0.515341
0.515323
0.515304
0.515286
0.515268
0.515250
0.515232
0.515214
0.515196
0.515178
0.515160
0.515142
0.515124
0.515106
0.515088
0.515070
0.515052
0.515034
0.515015
0.514997
0.514979
0.514961
0.514943
0.514925
0.514907
0.514889
0.514871
0.514853
0.514835
0.514817
0.514799
0.514781
0.514763
0.514745
0.514727
0.514709
0.514691
0.514673
0.514655
0.514637
0.514619
0.514601
0.514583
0.514566
0.514548
0.514530
0.514512
0.514494
0.514476
0.514458
0.514440
0.514422
0.514404
0.514386
0.514368
0.514350
0.514332
0.514315
0.514297
0.514279
0.514261
0.514243
0.514225
0.514207
0.514189
0.514171
0.514154
0.514136
0.514118
0.514100
0.514082
0.514064
0.514047
0.514029
0.514011
0.513993
0.513975
0.513957
0.513940
0.513922
0.513904
0.513886
0.513868
0.513851
0.513833
0.513815
0.513797
0.513779
0.513762
0.513744
0.513726
0.513708
0.513691
0.513673
0.513655
0.513637
0.513620
0.513602
0.513584
0.513566
0.513549
0.513531
0.513513
0.513496
0.513478
0.513460
0.513443
0.513425
0.513407
0.513390
0.513372
0.513354
0.513337
0.513319
0.513301
0.513284
0.513266
0.513248
0.513231
0.513213
0.513196
0.513178
0.513160
0.513143
0.513125
0.513108
0.513090
0.513072
0.513055
0.513037
0.513020
0.513002
0.512985
0.512967
0.512950
0.512932
0.512914
0.512897
0.512879
0.512862
0.512844
0.512827
0.512809
0.512792
0.512775
0.512757
0.512740
0.512722
0.512705
0.512687
0.512670
0.512652
0.512635
0.512617
0.512600
0.512583
0.512565
0.512548
0.512530
0.512513
0.512496
0.512478
0.512461
0.512444
0.512426
0.512409
0.512392
0.512374
0.512357
0.512340
0.512322
0.512305
0.512288
0.512270
0.512253
0.512236
0.512219
0.512201
0.512184
0.512167
0.512150
0.512132
0.512115
0.512098
0.512081
0.512063
0.512046
0.512029
0.512012
0.511995
0.511977
0.511960
0.511943
0.511926
0.511909
0.511892
0.511875
0.511857
0.511840
0.511823
0.511806
0.511789
0.511772
0.511755
0.511738
0.511721
0.511704
0.511687
0.511670
0.511652
0.511635
0.511618
0.511601
0.511584
0.511567
0.511550
0.511533
0.511516
0.511500
0.511483
0.511466
0.511449
0.511432
0.511415
0.511398
0.511381
0.511364
0.511347
0.511330
0.511313
0.511297
0.511280
0.511263
0.511246
0.511229
0.511212
0.511196
0.511179
0.511162
0.511145
0.511128
0.511112
0.511095
0.511078
0.511061
0.511045
0.511028
0.511011
0.510994
0.510978
0.510961
0.510944
0.510928
0.510911
0.510894
0.510878
0.510861
0.510844
0.510828
0.510811
0.510794
0.510778
0.510761
0.510745
0.510728
0.510712
0.510695
0.510678
0.510662
0.510645
0.510629
0.510612
0.510596
0.510579
0.510563
0.510546
0.510530
0.510514
0.510497
0.510481
0.510464
0.510448
0.510431
0.510415
0.510399
0.510382
0.510366
0.510350
0.510333
0.510317
0.510301
0.510284
0.510268
0.510252
0.510235
0.510219
0.510203
0.510186
0.510170
0.510154
0.510138
0.510122
0.510105
0.510089
0.510073
0.510057
0.510041
0.510024
0.510008
0.509992
0.509976
0.509960
0.509944
0.509928
0.509912
0.509896
0.509879
0.509863
0.509847
0.509831
0.509815
0.509799
0.509783
0.509767
0.509751
0.509735
0.509719
0.509703
0.509688
0.509672
0.509656
0.509640
0.509624
0.509608
0.509592
0.509576
0.509560
0.509545
0.509529
0.509513
0.509497
0.509481
0.509465
0.509450
0.509434
0.509418
0.509402
0.509387
0.509371
0.509355
0.509340
0.509324
0.509308
0.509293
0.509277
0.509261
0.509246
0.509230
0.509214
0.509199
0.509183
0.509168
0.509152
0.509136
0.509121
0.509105
0.509090
0.509074
0.509059
0.509043
0.509028
0.509012
0.508997
0.508982
0.508966
0.508951
0.508935
0.508920
0.508904
0.508889
0.508874
0.508858
0.508843
0.508828
0.508812
0.508797
0.508782
0.508767
0.508751
0.508736
0.508721
0.508706
0.508690
0.508675
0.508660
0.508645
0.508630
0.508614
0.508599
0.508584
0.508569
0.508554
0.508539
0.508524
0.508509
0.508494
0.508478
0.508463
0.508448
0.508433
0.508418
0.508403
0.508388
0.508373
0.508358
0.508344
0.508329
0.508314
0.508299
0.508284
0.508269
0.508254
0.508239
0.508224
0.508210
0.508195
0.508180
0.508165
0.508150
0.508136
0.508121
0.508106
0.508091
0.508077
0.508062
0.508047
0.508033
0.508018
0.508003
0.507989
0.507974
0.507959
0.507945
0.507930
0.507916
0.507901
0.507886
0.507872
0.507857
0.507843
0.507828
0.507814
0.507799
0.507785
0.507770
0.507756
0.507741
0.507727
0.507713
0.507698
0.507684
0.507669
0.507655
0.507641
0.507626
0.507612
0.507598
0.507583
0.507569
0.507555
0.507541
0.507526
0.507512
0.507498
0.507484
0.507470
0.507455
0.507441
0.507427
0.507413
0.507399
0.507385
0.507371
0.507356
0.507342
0.507328
0.507314
0.507300
0.507286
0.507272
0.507272
0.507258
0.507244
0.507230
0.507216
0.507202
0.507188
0.507174
0.507161
0.507147
0.507133
0.507119
0.507105
0.507091
0.507077
0.507064
0.507050
0.507036
0.507022
0.507008
0.506995
0.506981
0.506967
0.506953
0.506940
0.506926
0.506912
0.506899
0.506885
0.506871
0.506858
0.506844
0.506831
0.506817
0.506804
0.506790
0.506776
0.506763
0.506749
0.506736
0.506722
0.506709
0.506695
0.506682
0.506669
0.506655
0.506642
0.506628
0.506615
0.506602
0.506588
0.506575
0.506561
0.506548
0.506535
0.506522
0.506508
0.506495
0.506482
0.506469
0.506455
0.506442
0.506429
0.506416
0.506403
0.506389
0.506376
0.506363
0.506350
0.506337
0.506324
0.506311
0.506298
0.506285
0.506271
0.506258
0.506245
0.506232
0.506219
0.506206
0.506193
0.506181
0.506168
0.506155
0.506142
0.506129
0.506116
0.506103
0.506090
0.506077
0.506065
0.506052
0.506039
0.506026
0.506013
0.506001
0.505988
0.505975
0.505962
0.505950
0.505937
0.505924
0.505912
0.505899
0.505886
0.505874
0.505861
0.505848
0.505836
0.505823
0.505811
0.505798
0.505786
0.505773
0.505761
0.505748
0.505736
0.505723
0.505711
0.505698
0.505686
0.505673
0.505661
0.505649
0.505636
0.505624
0.505611
0.505599
0.505587
0.505574
0.505562
0.505550
0.505538
0.505525
0.505513
0.505501
0.505489
0.505476
0.505464
0.505452
0.505440
0.505428
0.505415
0.505403
0.505391
0.505379
0.505367
0.505355
0.505343
0.505331
0.505319
0.505307
0.505295
0.505283
0.505271
0.505259
0.505247
0.505235
0.505223
0.505211
0.505199
0.505187
0.505175
0.505163
0.505152
0.505140
0.505128
0.505116
0.505104
0.505092
0.505081
0.505069
0.505057
0.505045
0.505034
0.505022
0.505010
0.504999
0.504987
0.504975
0.504964
0.504952
0.504940
0.504929
0.504917
0.504905
0.504894
0.504882
0.504871
0.504859
0.504848
0.504836
0.504825
0.504813
0.504802
0.504790
0.504779
0.504767
0.504756
0.504745
0.504733
0.504722
0.504710
0.504699
0.504688
0.504676
0.504665
0.504654
0.504642
0.504631
0.504620
0.504609
0.504597
0.504586
0.504575
0.504564
0.504553
0.504541
0.504530
0.504519
0.504508
0.504497
0.504486
0.504475
0.504463
0.504452
0.504441
0.504430
0.504419
0.504408
0.504397
0.504386
0.504375
0.504364
0.504353
0.504342
0.504331
0.504320
0.504309
0.504299
0.504288
0.504277
0.504266
0.504255
0.504244
0.504233
0.504223
0.504212
0.504201
0.504190
0.504179
0.504169
0.504158
0.504147
0.504136
0.504126
0.504115
0.504104
0.504094
0.504083
0.504072
0.504062
0.504051
0.504040
0.504030
0.504019
0.504009
0.503998
0.503988
0.503977
0.503967
0.503956
0.503946
0.503935
0.503925
0.503914
0.503904
0.503893
0.503883
0.503872
0.503862
0.503852
0.503841
0.503831
0.503820
0.503810
0.503800
0.503789
0.503779
0.503769
0.503759
0.503748
0.503738
0.503728
0.503717
0.503707
0.503697
0.503687
0.503677
0.503666
0.503656
0.503646
0.503636
0.503626
0.503616
0.503606
0.503596
0.503585
0.503575
0.503565
0.503555
0.503545
0.503535
0.503525
0.503515
0.503505
0.503495
0.503485
0.503475
0.503465
0.503455
0.503445
0.503436
0.503426
0.503416
0.503406
0.503396
0.503386
0.503376
0.503366
0.503357
0.503347
0.503337
0.503327
0.503317
0.503308
0.503298
0.503288
0.503278
0.503269
0.503259
0.503249
0.503240
0.503230
0.503220
0.503211
0.503201
0.503191
0.503182
0.503172
0.503163
0.503153
0.503143
0.503134
0.503124
0.503115
0.503105
0.503096
0.503086
0.503077
0.503067
0.503058
0.503048
0.503039
0.503029
0.503020
0.503011
0.503001
0.502992
0.502982
0.502973
0.502964
0.502954
0.502945
0.502936
0.502926
0.502917
0.502908
0.502898
0.502889
0.502880
0.502871
0.502861
0.502852
0.502843
0.502834
0.502824
0.502815
0.502806
0.502797
0.502788
0.502779
0.502769
0.502760
0.502751
0.502742
0.502733
0.502724
0.502715
0.502706
0.502697
0.502688
0.502679
0.502669
0.502660
0.502651
0.502642
0.502633
0.502624
0.502616
0.502607
0.502598
0.502589
0.502580
0.502571
0.502562
0.502553
0.502544
0.502535
0.502526
0.502518
0.502509
0.502500
0.502491
0.502482
0.502473
0.502465
0.502456
0.502447
0.502438
0.502430
0.502421
0.502412
0.502403
0.502395
0.502386
0.502377
0.502369
0.502360
0.502351
0.502343
0.502334
0.502325
0.502317
0.502308
0.502299
0.502291
0.502282
0.502274
0.502265
0.502257
0.502248
0.502239
0.502231
0.502222
0.502214
0.502205
0.502197
0.502188
0.502180
0.502171
0.502163
0.502155
0.502146
0.502138
0.502129
0.502121
0.502112
0.502104
0.502096
0.502087
0.502079
0.502071
0.502062
0.502054
0.502046
0.502037
0.502029
0.502021
0.502012
0.502004
0.501996
0.501988
0.501979
0.501971
0.501963
0.501955
0.501946
0.501938
0.501930
0.501922
0.501914
0.501905
0.501897
0.501889
0.501881
0.501873
0.501865
0.501857
0.501849
0.501849
0.501840
0.501832
0.501824
0.501816
0.501808
0.501800
0.501792
0.501784
0.501776
0.501768
0.501760
0.501752
0.501744
0.501736
0.501728
0.501720
0.501712
0.501704
0.501696
0.501688
0.501680
0.501672
0.501664
0.501656
0.501649
0.501641
0.501633
0.501625
0.501617
0.501609
0.501601
0.501594
0.501586
0.501578
0.501570
0.501562
0.501555
0.501547
0.501539
0.501531
0.501523
0.501516
0.501508
0.501500
0.501492
0.501485
0.501477
0.501469
0.501462
0.501454
0.501446
0.501439
0.501431
0.501423
0.501416
0.501408
0.501400
0.501393
0.501385
0.501377
0.501370
0.501362
0.501355
0.501347
0.501339
0.501332
0.501324
0.501317
0.501309
0.501302
0.501294
0.501287
0.501279
0.501272
0.501264
0.501257
0.501249
0.501242
0.501234
0.501227
0.501219
0.501212
0.501204
0.501197
0.501190
0.501182
0.501175
0.501167
0.501160
0.501153
0.501145
0.501138
0.501130
0.501123
0.501116
0.501108
0.501101
0.501094
0.501086
0.501079
0.501072
0.501064
0.501057
0.501050
0.501043
0.501035
0.501028
0.501021
0.501013
0.501006
0.500999
0.500992
0.500985
0.500977
0.500970
0.500963
0.500956
0.500948
0.500941
0.500934
0.500927
0.500920
0.500913
0.500905
0.500898
0.500891
0.500884
0.500877
0.500870
0.500863
0.500856
0.500848
0.500841
0.500834
0.500827
0.500820
0.500813
0.500806
0.500799
0.500792
0.500785
0.500778
0.500771
0.500764
0.500757
0.500750
0.500743
0.500736
0.500729
0.500722
0.500715
0.500708
0.500701
0.500694
0.500687
0.500680
0.500673
0.500666
0.500659
0.500652
0.500645
0.500638
0.500631
0.500624
0.500618
0.500611
0.500604
0.500597
0.500590
0.500583
0.500576
0.500569
0.500563
0.500556
0.500549
0.500542
0.500535
0.500528
0.500522
0.500515
0.500508
0.500501
0.500494
0.500487
0.500481
0.500474
0.500467
0.500460
0.500454
0.500447
0.500440
0.500433
0.500427
0.500420
0.500413
0.500406
0.500400
0.500393
0.500386
0.500379
0.500373
0.500366
0.500359
0.500353
0.500346
0.500339
0.500333
0.500326
0.500319
0.500313
0.500306
0.500299
0.500293
0.500286
0.500279
0.500273
0.500266
0.500260
0.500253
0.500246
0.500240
0.500233
0.500226
0.500220
0.500213
0.500207
0.500200
0.500194
0.500187
0.500180
0.500174
0.500167
0.500161
0.500154
0.500148
0.500141
0.500135
0.500128
0.500122
0.500115
0.500108
0.500102
0.500095
0.500089
0.500082
0.500076
0.500069
0.500063
0.500056
0.500050
0.500044
0.500037
0.500031
0.500024
0.500018
0.500011
0.500005
0.499998
0.499992
0.499985
0.499979
0.499973
0.499966
0.499960
0.499953
0.499947
0.499940
0.499934
0.499928
0.499921
0.499915
0.499908
0.499902
0.499896
0.499889
0.499883
0.499876
0.499870
0.499864
0.499857
0.499851
0.499845
0.499838
0.499832
0.499826
0.499819
0.499813
0.499807
0.499800
0.499794
0.499788
0.499781
0.499775
0.499769
0.499762
0.499756
0.499750
0.499743
0.499737
0.499731
0.499724
0.499718
0.499712
0.499705
0.499699
0.499693
0.499687
0.499680
0.499674
0.499668
0.499662
0.499655
0.499649
0.499643
0.499636
0.499630
0.499624
0.499618
0.499611
0.499605
0.499599
0.499593
0.499586
0.499580
0.499574
0.499568
0.499562
0.499555
0.499549
0.499543
0.499537
0.499530
0.499524
0.499518
0.499512
0.499506
0.499499
0.499493
0.499487
0.499481
0.499475
0.499468
0.499462
0.499456
0.499450
0.499444
0.499437
0.499431
0.499425
0.499419
0.499413
0.499406
0.499400
0.499394
0.499388
0.499382
0.499376
0.499369
0.499363
0.499357
0.499351
0.499345
0.499339
0.499332
0.499326
0.499320
0.499314
0.499308
0.499302
0.499296
0.499289
0.499283
0.499277
0.499271
0.499265
0.499259
0.499253
0.499246
0.499240
0.499234
0.499228
0.499222
0.499216
0.499210
0.499203
0.499197
0.499191
0.499185
0.499179
0.499173
0.499167
0.499161
0.499154
0.499148
0.499142
0.499136
0.499130
0.499124
0.499118
0.499112
0.499106
0.499099
0.499093
0.499087
0.499081
0.499075
0.499069
0.499063
0.499057
0.499050
0.499044
0.499038
0.499032
0.499026
0.499020
0.499014
0.499008
0.499002
0.498995
0.498989
0.498983
0.498977
0.498971
0.498965
0.498959
0.498953
0.498947
0.498940
0.498934
0.498928
0.498922
0.498916
0.498910
0.498904
0.498898
0.498892
0.498885
0.498879
0.498873
0.498867
0.498861
0.498855
0.498849
0.498843
0.498837
0.498830
0.498824
0.498818
0.498812
0.498806
0.498800
0.498794
0.498788
0.498781
0.498775
0.498769
0.498763
0.498757
0.498751
0.498745
0.498738
0.498732
0.498726
0.498720
0.498714
0.498708
0.498702
0.498696
0.498689
0.498683
0.498677
0.498671
0.498665
0.498659
0.498652
0.498646
0.498640
0.498634
0.498628
0.498622
0.498616
0.498609
0.498603
0.498597
0.498591
0.498585
0.498579
0.498572
0.498566
0.498560
0.498554
0.498548
0.498541
0.498535
0.498529
0.498523
0.498517
0.498510
0.498504
0.498504
0.498498
0.498492
0.498486
0.498479
0.498473
0.498467
0.498461
0.498455
0.498448
0.498442
0.498436
0.498430
0.498423
0.498417
0.498411
0.498405
0.498398
0.498392
0.498386
0.498380
0.498373
0.498367
0.498361
0.498355
0.498348
0.498342
0.498336
0.498330
0.498323
0.498317
0.498311
0.498304
0.498298
0.498292
0.498285
0.498279
0.498273
0.498267
0.498260
0.498254
0.498248
0.498241
0.498235
0.498229
0.498222
0.498216
0.498209
0.498203
0.498197
0.498190
0.498184
0.498178
0.498171
0.498165
0.498158
0.498152
0.498146
0.498139
0.498133
0.498126
0.498120
0.498114
0.498107
0.498101
0.498094
0.498088
0.498081
0.498075
0.498068
0.498062
0.498056
0.498049
0.498043
0.498036
0.498030
0.498023
0.498017
0.498010
0.498004
0.497997
0.497991
0.497984
0.497977
0.497971
0.497964
0.497958
0.497951
0.497945
0.497938
0.497932
0.497925
0.497918
0.497912
0.497905
0.497899
0.497892
0.497885
0.497879
0.497872
0.497865
0.497859
0.497852
0.497845
0.497839
0.497832
0.497825
0.497819
0.497812
0.497805
0.497799
0.497792
0.497785
0.497778
0.497772
0.497765
0.497758
0.497751
0.497745
0.497738
0.497731
0.497724
0.497717
0.497711
0.497704
0.497697
0.497690
0.497683
0.497676
0.497669
0.497663
0.497656
0.497649
0.497642
0.497635
0.497628
0.497621
0.497614
0.497607
0.497600
0.497593
0.497586
0.497579
0.497572
0.497565
0.497558
0.497551
0.497544
0.497537
0.497530
0.497523
0.497516
0.497509
0.497502
0.497495
0.497488
0.497481
0.497473
0.497466
0.497459
0.497452
0.497445
0.497438
0.497430
0.497423
0.497416
0.497409
0.497401
0.497394
0.497387
0.497380
0.497372
0.497365
0.497358
0.497350
0.497343
0.497336
0.497328
0.497321
0.497314
0.497306
0.497299
0.497291
0.497284
0.497277
0.497269
0.497262
0.497254
0.497247
0.497239
0.497232
0.497224
0.497217
0.497209
0.497201
0.497194
0.497186
0.497179
0.497171
0.497163
0.497156
0.497148
0.497140
0.497133
0.497125
0.497117
0.497109
0.497102
0.497094
0.497086
0.497078
0.497071
0.497063
0.497055
0.497047
0.497039
0.497031
0.497023
0.497015
0.497007
0.496999
0.496991
0.496983
0.496975
0.496967
0.496959
0.496951
0.496943
0.496935
0.496927
0.496919
0.496911
0.496903
0.496895
0.496886
0.496878
0.496870
0.496862
0.496853
0.496845
0.496837
0.496828
0.496820
0.496812
0.496803
0.496795
0.496787
0.496778
0.496770
0.496761
0.496753
0.496744
0.496736
0.496727
0.496719
0.496710
0.496701
0.496693
0.496684
0.496676
0.496667
0.496658
0.496649
0.496641
0.496632
0.496623
0.496614
0.496605
0.496597
0.496588
0.496579
0.496570
0.496561
0.496552
0.496543
0.496534
0.496525
0.496516
0.496507
0.496498
0.496489
0.496479
0.496470
0.496461
0.496452
0.496443
0.496433
0.496424
0.496415
0.496405
0.496396
0.496387
0.496377
0.496368
0.496358
0.496349
0.496339
0.496330
0.496320
0.496311
0.496301
0.496291
0.496282
0.496272
0.496262
0.496253
0.496243
0.496233
0.496223
0.496213
0.496203
0.496194
0.496184
0.496174
0.496164
0.496154
0.496144
0.496133
0.496123
0.496113
0.496103
0.496093
0.496083
0.496072
0.496062
0.496052
0.496041
0.496031
0.496021
0.496010
0.496000
0.495989
0.495979
0.495968
0.495957
0.495947
0.495936
0.495925
0.495915
0.495904
0.495893
0.495882
0.495871
0.495861
0.495850
0.495839
0.495828
0.495817
0.495806
0.495795
0.495783
0.495772
0.495761
0.495750
0.495739
0.495727
0.495716
0.495705
0.495693
0.495682
0.495670
0.495659
0.495647
0.495636
0.495624
0.495612
0.495601
0.495589
0.495577
0.495565
0.495553
0.495541
0.495530
0.495518
0.495506
0.495494
0.495481
0.495469
0.495457
0.495445
0.495433
0.495420
0.495408
0.495396
0.495383
0.495371
0.495358
0.495346
0.495333
0.495321
0.495308
0.495295
0.495283
0.495270
0.495257
0.495244
0.495231
0.495219
0.495206
0.495193
0.495179
0.495166
0.495153
0.495140
0.495127
0.495114
0.495100
0.495087
0.495073
0.495060
0.495046
0.495033
0.495019
0.495006
0.494992
0.494978
0.494965
0.494951
0.494937
0.494923
0.494909
0.494895
0.494881
0.494867
0.494853
0.494839
0.494824
0.494810
0.494796
0.494781
0.494767
0.494753
0.494738
0.494723
0.494709
0.494694
0.494680
0.494665
0.494650
0.494635
0.494620
0.494605
0.494590
0.494575
0.494560
0.494545
0.494530
0.494515
0.494499
0.494484
0.494469
0.494453
0.494438
0.494422
0.494407
0.494391
0.494375
0.494360
0.494344
0.494328
0.494312
0.494296
0.494280
0.494264
0.494248
0.494232
0.494216
0.494200
0.494183
0.494167
0.494151
0.494134
0.494118
0.494101
0.494085
0.494068
0.494051
0.494035
0.494018
0.494001
0.493984
0.493967
0.493950
0.493933
0.493917
0.493898
0.493883
0.493862
0.493852
0.493820
0.493831
0.493755
0.493844
0.493589
0.493859
0.493198
0.493042
0.492903
0.492877
0.493219
0.493219
0.493583
0.493923
0.494158
0.494286
0.494338
0.494313
0.494281
0.494202
0.494167
0.494092
0.494088
0.494040
0.494070
0.494048
0.494104
0.494100
0.494170
0.494177
0.494252
0.494263
0.494338
0.494350
0.494423
0.494436
0.494504
0.494517
0.494581
0.494592
0.494651
0.494659
0.494714
0.494720
0.494769
0.494772
0.494817
0.494816
0.494857
0.494852
0.494889
0.494881
0.494914
0.494904
0.494933
0.494920
0.494947
0.494931
0.494955
0.494938
0.494960
0.494941
0.494960
0.494940
0.494958
0.494936
0.494953
0.494929
0.494945
0.494921
0.494936
0.494910
0.494925
0.494899
0.494912
0.494886
0.494899
0.494872
0.494885
0.494858
0.494870
0.494843
0.494855
0.494828
0.494839
0.494812
0.494823
0.494797
0.494808
0.494781
0.494792
0.494766
0.494776
0.494750
0.494761
0.494735
0.494746
0.494720
0.494731
0.494706
0.494716
0.494691
0.494702
0.494677
0.494688
0.494663
0.494674
0.494650
0.494660
0.494637
0.494647
0.494624
0.494634
0.494611
0.494622
0.494599
0.494609
0.494587
0.494597
0.494575
0.494585
0.494563
0.494574
0.494552
0.494562
0.494541
0.494551
0.494530
0.494540
0.494519
0.494529
0.494508
0.494519
0.494498
0.494508
0.494488
0.494498
0.494477
0.494488
0.494468
0.494478
0.494458
0.494468
0.494448
0.494459
0.494439
0.494449
0.494430
0.494440
0.494421
0.494431
0.494412
0.494422
0.494403
0.494413
0.494395
0.494405
0.494386
0.494396
0.494378
0.494388
0.494370
0.494380
0.494362
0.494372
0.494354
0.494364
0.494347
0.494357
0.494339
0.494349
0.494332
0.494342
0.494325
0.494335
0.494318
0.494328
0.494311
0.494321
0.494305
0.494315
0.494298
0.494308
0.494292
0.494301
0.494285
0.494295
0.494279
0.494289
0.494273
0.494283
0.494267
0.494277
0.494262
0.494271
0.494256
0.494265
0.494250
0.494260
0.494245
0.494254
0.494239
0.494248
0.494234
0.494243
0.494229
0.494238
0.494223
0.494233
0.494218
0.494227
0.494213
0.494222
0.494208
0.494217
0.494204
0.494212
0.494199
0.494208
0.494194
0.494203
0.494189
0.494198
0.494185
0.494194
0.494180
0.494189
0.494176
0.494185
0.494172
0.494180
0.494167
0.494176
0.494163
0.494172
0.494159
0.494167
0.494155
0.494163
0.494151
0.494159
0.494147
0.494155
0.494143
0.494151
0.494139
0.494147
0.494136
0.494144
0.494132
0.494140
0.494128
0.494136
0.494125
0.494133
0.494121
0.494129
0.494118
0.494126
0.494115
0.494122
0.494111
0.494119
0.494108
0.494116
0.494105
0.494112
0.494102
0.494109
0.494099
0.494106
0.494096
0.494103
0.494093
0.494100
0.494090
0.494097
0.494087
0.494094
0.494084
0.494091
0.494081
0.494088
0.494079
0.494086
0.494076
0.494083
0.494073
0.494080
0.494071
0.494078
0.494068
0.494075
0.494066
0.494073
0.494063
0.494070
0.494061
0.494068
0.494059
0.494065
0.494056
0.494063
0.494054
0.494060
0.494052
0.494058
0.494050
0.494056
0.494047
0.494054
0.494045
0.494051
0.494043
0.494049
0.494041
0.494047
0.494039
0.494045
0.494037
0.494043
0.494035
0.494041
0.494033
0.494039
0.494031
0.494037
0.494030
0.494035
0.494028
0.494033
0.494026
0.494032
0.494024
0.494030
0.494023
0.494028
0.494021
0.494026
0.494019
0.494025
0.494018
0.494023
0.494016
0.494021
0.494015
0.494020
0.494013
0.494018
0.494012
0.494017
0.494010
0.494015
0.494009
0.494014
0.494007
0.494012
0.494006
0.494011
0.494005
0.494009
0.494004
0.494008
0.494002
0.494007
0.494001
0.494006
0.494000
0.494004
0.493999
0.494003
0.493998
0.494002
0.493996
0.494001
0.493995
0.494000
0.493994
0.493999
0.493993
0.493997
0.493992
0.493996
0.493991
0.493995
0.493991
0.493994
0.493990
0.493993
0.493989
0.493993
0.493988
0.493992
0.493987
0.493991
0.493986
0.493990
0.493986
0.493989
0.493985
0.493988
0.493984
0.493988
0.493983
0.493987
0.493983
0.493986
0.493982
0.493986
0.493982
0.493985
0.493981
0.493984
0.493981
0.493984
0.493980
0.493983
0.493980
0.493983
0.493979
0.493982
0.493979
0.493982
0.493978
0.493981
0.493978
0.493981
0.493978
0.493980
0.493977
0.493980
0.493977
0.493980
0.493977
0.493979
0.493976
0.493979
0.493976
0.493979
0.493976
0.493979
0.493976
0.493978
0.493976
0.493978
0.493976
0.493978
0.493976
0.493978
0.493975
0.493978
0.493975
0.493978
0.493975
0.493978
0.493975
0.493978
0.493975
0.493978
0.493976
0.493978
0.493976
0.493978
0.493976
0.493978
0.493976
0.493978
0.493976
0.493978
0.493976
0.493978
0.493976
0.493978
0.493977
0.493979
0.493977
0.493979
0.493977
0.493979
0.493978
0.493979
0.493978
0.493980
0.493978
0.493980
0.493979
0.493980
0.493979
0.493981
0.493980
0.493981
0.493980
0.493982
0.493981
0.493982
0.493981
0.493983
0.493982
0.493983
0.493982
0.493984
0.493983
0.493984
0.493984
0.493985
0.493984
0.493986
0.493985
0.493986
0.493986
0.493987
0.493987
0.493987
0.493988
0.493987
0.493989
0.493988
0.493989
0.493989
0.493990
0.493990
0.493991
0.493991
0.493992
0.493992
0.493993
0.493993
0.493994
0.493994
0.493995
0.493995
0.493996
0.493996
0.493997
0.493997
0.493998
0.493998
0.493999
0.493999
0.494000
0.494000
0.494001
0.494002
0.494003
0.494003
0.494004
0.494004
0.494005
0.494005
0.494006
0.494007
0.494008
0.494008
0.494009
0.494009
0.494010
0.494011
0.494012
0.494012
0.494013
0.494014
0.494015
0.494015
0.494016
0.494017
0.494018
0.494018
0.494019
0.494020
0.494021
0.494022
0.494023
0.494023
0.494024
0.494025
0.494026
0.494027
0.494028
0.494029
0.494030
0.494030
0.494031
0.494032
0.494033
0.494034
0.494035
0.494036
0.494037
0.494038
0.494039
0.494040
0.494041
0.494042
0.494043
0.494044
0.494045
0.494046
0.494047
0.494048
0.494049
0.494050
0.494051
0.494052
0.494053
0.494054
0.494055
0.494056
0.494057
0.494059
0.494060
0.494061
0.494062
0.494063
0.494064
0.494065
0.494066
0.494068
0.494069
0.494070
0.494071
0.494072
0.494073
0.494075
0.494076
0.494077
0.494078
0.494080
0.494081
0.494082
0.494083
0.494084
0.494086
0.494087
0.494088
0.494089
0.494091
0.494092
0.494093
0.494095
0.494096
0.494097
0.494098
0.494100
0.494101
0.494102
0.494104
0.494105
0.494106
0.494108
0.494109
0.494110
0.494112
0.494113
0.494114
0.494116
0.494117
0.494119
0.494120
0.494121
0.494123
0.494124
0.494125
0.494127
0.494128
0.494130
0.494131
0.494132
0.494134
0.494135
0.494137
0.494138
0.494140
0.494141
0.494142
0.494144
0.494145
0.494147
0.494148
0.494150
0.494151
0.494152
0.494154
0.494155
0.494157
0.494158
0.494160
0.494161
0.494163
0.494164
0.494166
0.494167
0.494169
0.494170
0.494171
0.494173
0.494174
0.494176
0.494177
0.494179
0.494180
0.494182
0.494183
0.494185
0.494186
0.494188
0.494189
0.494191
0.494192
0.494194
0.494195
0.494197
0.494198
0.494200
0.494201
0.494202
0.494204
0.494205
0.494207
0.494208
0.494210
0.494211
0.494213
0.494214
0.494216
0.494217
0.494219
0.494220
0.494221
0.494223
0.494224
0.494226
0.494227
0.494229
0.494230
0.494232
0.494233
0.494234
0.494236
0.494237
0.494239
0.494240
0.494241
0.494243
0.494244
0.494246
0.494247
0.494248
0.494250
0.494251
0.494252
0.494254
0.494255
0.494256
0.494258
0.494259
0.494260
0.494262
0.494263
0.494264
0.494265
0.494267
0.494268
0.494269
0.494271
0.494272
0.494273
0.494274
0.494275
0.494277
0.494278
0.494279
0.494280
0.494281
0.494282
0.494284
0.494285
0.494286
0.494287
0.494288
0.494289
0.494290
0.494291
0.494292
0.494293
0.494294
0.494295
0.494296
0.494297
0.494298
0.494299
0.494300
0.494301
0.494302
0.494303
0.494304
0.494304
0.494305
0.494306
0.494307
0.494308
0.494308
0.494309
0.494310
0.494311
0.494311
0.494312
0.494313
0.494313
0.494314
0.494314
0.494315
0.494315
0.494316
0.494317
0.494317
0.494317
0.494318
0.494318
0.494319
0.494319
0.494319
0.494320
0.494320
0.494320
0.494321
0.494321
0.494321
0.494321
0.494321
0.494321
0.494321
0.494322
0.494322
0.494322
0.494322
0.494321
0.494321
0.494321
0.494321
0.494321
0.494321
0.494321
0.494320
0.494320
0.494320
0.494319
0.494319
0.494318
0.494318
0.494317
0.494317
0.494316
0.494316
0.494315
0.494314
0.494314
0.494313
0.494312
0.494311
0.494310
0.494310
0.494309
0.494308
0.494307
0.494305
0.494304
0.494303
0.494302
0.494301
0.494299
0.494298
0.494297
0.494295
0.494294
0.494292
0.494291
0.494289
0.494288
0.494286
0.494284
0.494282
0.494281
0.494279
0.494277
0.494275
0.494273
0.494271
0.494269
0.494266
0.494264
0.494262
0.494259
0.494257
0.494255
0.494252
0.494250
0.494247
0.494244
0.494241
0.494239
0.494236
0.494233
0.494230
0.494227
0.494224
0.494221
0.494217
0.494214
0.494211
0.494207
0.494204
0.494201
0.494197
0.494193
0.494190
0.494186
0.494182
0.494178
0.494174
0.494170
0.494166
0.494162
0.494158
0.494153
0.494149
0.494144
0.494140
0.494135
0.494131
0.494126
0.494121
0.494116
0.494111
0.494106
0.494101
0.494096
0.494091
0.494085
0.494080
0.494074
0.494069
0.494063
0.494058
0.494052
0.494046
0.494040
0.494034
0.494028
0.494022
0.494015
0.494009
0.494003
0.493996
0.493989
0.493983
0.493976
0.493969
0.493962
0.493955
0.493948
0.493941
0.493934
0.493926
0.493919
0.493911
0.493904
0.493896
0.493888
0.493880
0.493873
0.493864
0.493857
0.493848
0.493840
0.493831
0.493824
0.493813
0.493808
0.493793
0.493795
0.493768
0.493787
0.493728
0.493791
0.493639
0.493777
0.493428
0.493453
0.493179
0.493008
0.493161
0.493250
0.493587
0.493771
0.494009
0.494081
0.494163
0.494137
0.494128
0.494069
0.494036
0.493990
0.493969
0.493952
0.493953
0.493963
0.493981
0.494009
0.494037
0.494074
0.494106
0.494106
0.494146
0.494177
0.494218
0.494246
0.494287
0.494311
0.494351
0.494372
0.494409
0.494426
0.494462
0.494475
0.494509
0.494518
0.494549
0.494554
0.494582
0.494584
0.494609
0.494609
0.494630
0.494629
0.494647
0.494646
0.494661
0.494660
0.494671
0.494671
0.494679
0.494679
0.494686
0.494686
0.494690
0.494690
0.494693
0.494693
0.494695
0.494694
0.494695
0.494694
0.494695
0.494694
0.494695
0.494693
0.494695
0.494693
0.494695
0.494692
0.494696
0.494693
0.494696
0.494693
0.494697
0.494693
0.494698
0.494694
0.494699
0.494694
0.494700
0.494695
0.494700
0.494694
0.494701
0.494694
0.494700
0.494693
0.494699
0.494692
0.494698
0.494690
0.494696
0.494688
0.494694
0.494686
0.494692
0.494684
0.494690
0.494682
0.494687
0.494680
0.494685
0.494679
0.494684
0.494677
0.494682
0.494676
0.494681
0.494676
0.494680
0.494675
0.494679
0.494675
0.494679
0.494675
0.494679
0.494675
0.494680
0.494676
0.494680
0.494677
0.494681
0.494678
0.494683
0.494679
0.494684
0.494680
0.494686
0.494682
0.494687
0.494683
0.494689
0.494685
0.494691
0.494687
0.494693
0.494689
0.494695
0.494690
0.494697
0.494692
0.494699
0.494694
0.494701
0.494696
0.494703
0.494698
0.494705
0.494700
0.494706
0.494702
0.494708
0.494704
0.494710
0.494706
0.494712
0.494708
0.494714
0.494711
0.494717
0.494713
0.494719
0.494715
0.494721
0.494718
0.494724
0.494720
0.494726
0.494723
0.494729
0.494725
0.494732
0.494728
0.494734
0.494731
0.494737
0.494734
0.494740
0.494737
0.494743
0.494740
0.494747
0.494743
0.494750
0.494746
0.494753
0.494750
0.494756
0.494753
0.494760
0.494756
0.494763
0.494760
0.494766
0.494763
0.494770
0.494766
0.494773
0.494770
0.494777
0.494774
0.494780
0.494777
0.494784
0.494781
0.494788
0.494784
0.494791
0.494788
0.494795
0.494792
0.494799
0.494796
0.494802
0.494799
0.494806
0.494803
0.494810
0.494807
0.494814
0.494811
0.494818
0.494815
0.494821
0.494818
0.494825
0.494822
0.494829
0.494826
0.494833
0.494830
0.494837
0.494835
0.494841
0.494839
0.494846
0.494843
0.494850
0.494847
0.494854
0.494851
0.494858
0.494855
0.494862
0.494860
0.494867
0.494864
0.494871
0.494868
0.494875
0.494873
0.494879
0.494877
0.494884
0.494881
0.494888
0.494886
0.494893
0.494890
0.494897
0.494894
0.494901
0.494899
0.494906
0.494903
0.494910
0.494908
0.494915
0.494912
0.494919
0.494917
0.494924
0.494921
0.494928
0.494926
0.494933
0.494931
0.494938
0.494935
0.494942
0.494940
0.494947
0.494944
0.494951
0.494949
0.494956
0.494954
0.494961
0.494959
0.494966
0.494963
0.494970
0.494968
0.494975
0.494973
0.494980
0.494978
0.494985
0.494982
0.494989
0.494987
0.494994
0.494992
0.494999
0.494997
0.495004
0.495002
0.495009
0.495007
0.495014
0.495012
0.495019
0.495016
0.495024
0.495021
0.495028
0.495026
0.495033
0.495031
0.495038
0.495036
0.495043
0.495041
0.495048
0.495046
0.495053
0.495051
0.495058
0.495056
0.495064
0.495062
0.495069
0.495067
0.495074
0.495072
0.495079
0.495077
0.495084
0.495082
0.495089
0.495087
0.495094
0.495092
0.495099
0.495097
0.495105
0.495103
0.495110
0.495108
0.495115
0.495113
0.495120
0.495118
0.495125
0.495124
0.495131
0.495129
0.495136
0.495134
0.495141
0.495139
0.495146
0.495145
0.495152
0.495150
0.495157
0.495155
0.495162
0.495161
0.495168
0.495166
0.495173
0.495172
0.495179
0.495177
0.495184
0.495182
0.495189
0.495188
0.495195
0.495193
0.495200
0.495199
0.495206
0.495204
0.495211
0.495210
0.495217
0.495215
0.495222
0.495221
0.495228
0.495226
0.495233
0.495232
0.495239
0.495237
0.495244
0.495243
0.495250
0.495249
0.495256
0.495254
0.495261
0.495260
0.495267
0.495265
0.495272
0.495271
0.495278
0.495277
0.495284
0.495282
0.495289
0.495288
0.495295
0.495294
0.495301
0.495300
0.495307
0.495305
0.495312
0.495311
0.495318
0.495317
0.495324
0.495323
0.495330
0.495328
0.495335
0.495334
0.495341
0.495340
0.495347
0.495346
0.495353
0.495352
0.495359
0.495358
0.495365
0.495364
0.495370
0.495369
0.495376
0.495375
0.495382
0.495381
0.495388
0.495387
0.495394
0.495393
0.495400
0.495399
0.495406
0.495405
0.495412
0.495411
0.495418
0.495417
0.495424
0.495423
0.495430
0.495429
0.495436
0.495435
0.495442
0.495441
0.495448
0.495447
0.495454
0.495454
0.495460
0.495460
0.495467
0.495466
0.495473
0.495472
0.495479
0.495478
0.495485
0.495484
0.495491
0.495490
0.495497
0.495497
0.495504
0.495503
0.495510
0.495509
0.495516
0.495515
0.495522
0.495522
0.495529
0.495528
0.495535
0.495534
0.495541
0.495541
0.495548
0.495547
0.495554
0.495553
0.495560
0.495560
0.495567
0.495566
0.495573
0.495572
0.495579
0.495579
0.495586
0.495585
0.495592
0.495592
0.495599
0.495598
0.495605
0.495605
0.495611
0.495611
0.495611
0.495618
0.495618
0.495624
0.495624
0.495631
0.495631
0.495637
0.495637
0.495644
0.495644
0.495651
0.495650
0.495657
0.495657
0.495664
0.495663
0.495670
0.495670
0.495677
0.495677
0.495684
0.495683
0.495690
0.495690
0.495697
0.495697
0.495704
0.495703
0.495710
0.495710
0.495717
0.495717
0.495724
0.495724
0.495731
0.495730
0.495737
0.495737
0.495744
0.495744
0.495751
0.495751
0.495758
0.495758
0.495765
0.495764
0.495771
0.495771
0.495778
0.495778
0.495785
0.495785
0.495792
0.495792
0.495799
0.495799
0.495806
0.495806
0.495813
0.495813
0.495820
0.495820
0.495827
0.495827
0.495834
0.495834
0.495841
0.495841
0.495848
0.495848
0.495855
0.495855
0.495862
0.495862
0.495869
0.495869
0.495876
0.495876
0.495883
0.495883
0.495890
0.495890
0.495897
0.495897
0.495904
0.495905
0.495912
0.495912
0.495919
0.495919
0.495926
0.495926
0.495933
0.495933
0.495940
0.495941
0.495948
0.495948
0.495955
0.495955
0.495962
0.495963
0.495970
0.495970
0.495977
0.495977
0.495984
0.495985
0.495992
0.495992
0.495999
0.495999
0.496006
0.496007
0.496014
0.496014
0.496021
0.496022
0.496029
0.496029
0.496036
0.496036
0.496044
0.496044
0.496051
0.496051
0.496059
0.496059
0.496066
0.496067
0.496074
0.496074
0.496081
0.496082
0.496089
0.496089
0.496096
0.496097
0.496104
0.496104
0.496112
0.496112
0.496119
0.496120
0.496127
0.496127
0.496135
0.496135
0.496142
0.496143
0.496150
0.496151
0.496158
0.496158
0.496165
0.496166
0.496173
0.496174
0.496181
0.496182
0.496189
0.496189
0.496197
0.496197
0.496204
0.496205
0.496212
0.496213
0.496220
0.496221
0.496228
0.496229
0.496236
0.496237
0.496244
0.496245
0.496252
0.496253
0.496260
0.496261
0.496268
0.496269
0.496276
0.496277
0.496284
0.496285
0.496292
0.496293
0.496300
0.496301
0.496308
0.496309
0.496316
0.496317
0.496324
0.496325
0.496332
0.496333
0.496341
0.496341
0.496349
0.496350
0.496357
0.496358
0.496365
0.496366
0.496373
0.496374
0.496382
0.496382
0.496390
0.496391
0.496398
0.496399
0.496406
0.496407
0.496415
0.496416
0.496423
0.496424
0.496431
0.496432
0.496440
0.496441
0.496448
0.496449
0.496457
0.496458
0.496465
0.496466
0.496473
0.496475
0.496482
0.496483
0.496490
0.496491
0.496499
0.496500
0.496507
0.496509
0.496516
0.496517
0.496525
0.496526
0.496533
0.496534
0.496542
0.496543
0.496550
0.496551
0.496559
0.496560
0.496568
0.496569
0.496576
0.496578
0.496585
0.496586
0.496594
0.496595
0.496602
0.496604
0.496611
0.496612
0.496620
0.496621
0.496629
0.496630
0.496638
0.496639
0.496646
0.496648
0.496655
0.496657
0.496664
0.496665
0.496673
0.496674
0.496682
0.496683
0.496691
0.496692
0.496700
0.496701
0.496709
0.496710
0.496718
0.496719
0.496727
0.496728
0.496736
0.496737
0.496745
0.496746
0.496754
0.496755
0.496763
0.496765
0.496772
0.496774
0.496781
0.496783
0.496791
0.496792
0.496800
0.496801
0.496809
0.496810
0.496818
0.496820
0.496827
0.496829
0.496837
0.496838
0.496846
0.496847
0.496855
0.496857
0.496865
0.496866
0.496874
0.496875
0.496883
0.496885
0.496893
0.496894
0.496902
0.496904
0.496911
0.496913
0.496921
0.496922
0.496930
0.496932
0.496940
0.496941
0.496949
0.496951
0.496959
0.496961
0.496969
0.496970
0.496978
0.496980
0.496988
0.496989
0.496997
0.496999
0.497007
0.497009
0.497017
0.497018
0.497026
0.497028
0.497036
0.497038
0.497046
0.497047
0.497055
0.497057
0.497065
0.497067
0.497075
0.497077
0.497085
0.497086
0.497095
0.497096
0.497105
0.497106
0.497114
0.497116
0.497124
0.497126
0.497134
0.497136
0.497144
0.497146
0.497154
0.497156
0.497164
0.497166
0.497174
0.497176
0.497184
0.497186
0.497194
0.497196
0.497204
0.497206
0.497214
0.497216
0.497224
0.497226
0.497235
0.497236
0.497245
0.497247
0.497255
0.497257
0.497265
0.497267
0.497275
0.497277
0.497286
0.497287
0.497296
0.497298
0.497306
0.497308
0.497317
0.497318
0.497327
0.497329
0.497337
0.497339
0.497348
0.497349
0.497358
0.497360
0.497369
0.497370
0.497379
0.497381
0.497389
0.497391
0.497400
0.497402
0.497411
0.497412
0.497421
0.497423
0.497432
0.497433
0.497442
0.497444
0.497453
0.497455
0.497464
0.497465
0.497474
0.497476
0.497485
0.497487
0.497496
0.497497
0.497506
0.497508
0.497517
0.497519
0.497528
0.497530
0.497539
0.497541
0.497550
0.497551
0.497560
0.497562
0.497571
0.497573
0.497582
0.497584
0.497593
0.497595
0.497604
0.497606
0.497615
0.497617
0.497626
0.497628
0.497637
0.497639
0.497648
0.497650
0.497659
0.497661
0.497670
0.497672
0.497681
0.497683
0.497693
0.497694
0.497704
0.497706
0.497715
0.497717
0.497726
0.497728
0.497737
0.497739
0.497749
0.497751
0.497760
0.497762
0.497771
0.497773
0.497783
0.497785
0.497785
0.497794
0.497796
0.497805
0.497807
0.497817
0.497819
0.497828
0.497830
0.497840
0.497842
0.497851
0.497853
0.497863
0.497865
0.497874
0.497876
0.497886
0.497888
0.497897
0.497899
0.497909
0.497911
0.497921
0.497923
0.497932
0.497934
0.497944
0.497946
0.497956
0.497958
0.497967
0.497969
0.497979
0.497981
0.497991
0.497993
0.498003
0.498005
0.498015
0.498017
0.498026
0.498028
0.498038
0.498040
0.498050
0.498052
0.498062
0.498064
0.498074
0.498076
0.498086
0.498088
0.498098
0.498100
0.498110
0.498112
0.498122
0.498124
0.498134
0.498136
0.498146
0.498149
0.498159
0.498161
0.498171
0.498173
0.498183
0.498185
0.498195
0.498197
0.498207
0.498210
0.498220
0.498222
0.498232
0.498234
0.498244
0.498246
0.498257
0.498259
0.498269
0.498271
0.498281
0.498284
0.498294
0.498296
0.498306
0.498308
0.498319
0.498321
0.498331
0.498333
0.498344
0.498346
0.498356
0.498359
0.498369
0.498371
0.498382
0.498384
0.498394
0.498396
0.498407
0.498409
0.498420
0.498422
0.498432
0.498435
0.498445
0.498447
0.498458
0.498460
0.498471
0.498473
0.498483
0.498486
0.498496
0.498499
0.498509
0.498511
0.498522
0.498524
0.498535
0.498537
0.498548
0.498550
0.498561
0.498563
0.498574
0.498576
0.498587
0.498589
0.498600
0.498602
0.498613
0.498615
0.498626
0.498629
0.498639
0.498642
0.498653
0.498655
0.498666
0.498668
0.498679
0.498681
0.498692
0.498695
0.498705
0.498708
0.498719
0.498721
0.498732
0.498735
0.498745
0.498748
0.498759
0.498761
0.498772
0.498775
0.498786
0.498788
0.498799
0.498802
0.498813
0.498815
0.498826
0.498829
0.498840
0.498842
0.498853
0.498856
0.498867
0.498869
0.498881
0.498883
0.498894
0.498897
0.498908
0.498910
0.498922
0.498924
0.498935
0.498938
0.498949
0.498952
0.498963
0.498965
0.498977
0.498979
0.498991
0.498993
0.499004
0.499007
0.499018
0.499021
0.499032
0.499035
0.499046
0.499049
0.499060
0.499063
0.499074
0.499077
0.499088
0.499091
0.499102
0.499105
0.499116
0.499119
0.499130
0.499133
0.499145
0.499147
0.499159
0.499161
0.499173
0.499176
0.499187
0.499190
0.499201
0.499204
0.499216
0.499218
0.499230
0.499233
0.499244
0.499247
0.499259
0.499261
0.499273
0.499276
0.499287
0.499290
0.499302
0.499305
0.499316
0.499319
0.499331
0.499334
0.499345
0.499348
0.499360
0.499363
0.499374
0.499377
0.499389
0.499392
0.499404
0.499407
0.499418
0.499421
0.499433
0.499436
0.499448
0.499451
0.499462
0.499465
0.499477
0.499480
0.499492
0.499495
0.499507
0.499510
0.499522
0.499525
0.499536
0.499539
0.499551
0.499554
0.499566
0.499569
0.499581
0.499584
0.499596
0.499599
0.499611
0.499614
0.499626
0.499629
0.499641
0.499644
0.499656
0.499659
0.499671
0.499675
0.499687
0.499690
0.499702
0.499705
0.499717
0.499720
0.499732
0.499735
0.499747
0.499751
0.499763
0.499766
0.499778
0.499781
0.499793
0.499796
0.499808
0.499812
0.499824
0.499827
0.499839
0.499843
0.499855
0.499858
0.499870
0.499873
0.499885
0.499889
0.499901
0.499904
0.499916
0.499920
0.499932
0.499935
0.499948
0.499951
0.499963
0.499967
0.499979
0.499982
0.499994
0.499998
0.500010
0.500014
0.500026
0.500029
0.500041
0.500045
0.500057
0.500061
0.500073
0.500077
0.500089
0.500092
0.500104
0.500108
0.500120
0.500124
0.500136
0.500140
0.500152
0.500156
0.500168
0.500172
0.500184
0.500188
0.500200
0.500204
0.500216
0.500220
0.500232
0.500236
0.500248
0.500252
0.500264
0.500268
0.500280
0.500284
0.500296
0.500300
0.500312
0.500316
0.500328
0.500332
0.500344
0.500348
0.500360
0.500365
0.500377
0.500381
0.500393
0.500397
0.500409
0.500413
0.500425
0.500430
0.500442
0.500446
0.500458
0.500462
0.500474
0.500479
0.500491
0.500495
0.500507
0.500511
0.500523
0.500528
0.500540
0.500544
0.500556
0.500561
0.500573
0.500577
0.500589
0.500594
0.500606
0.500610
0.500622
0.500627
0.500639
0.500644
0.500655
0.500660
0.500672
0.500677
0.500688
0.500693
0.500705
0.500710
0.500722
0.500727
0.500738
0.500743
0.500755
0.500760
0.500771
0.500777
0.500788
0.500794
0.500805
0.500810
0.500822
0.500827
0.500838
0.500844
0.500855
0.500861
0.500872
0.500878
0.500889
0.500895
0.500906
0.500911
0.500922
0.500928
0.500939
0.500945
0.500956
0.500962
0.500973
0.500979
0.500990
0.500996
0.501007
0.501013
0.501024
0.501030
0.501041
0.501047
0.501058
0.501064
0.501075
0.501081
0.501092
0.501098
0.501109
0.501116
0.501126
0.501133
0.501143
0.501150
0.501160
0.501167
0.501177
0.501184
0.501194
0.501201
0.501211
0.501219
0.501228
0.501236
0.501245
0.501253
0.501262
0.501270
0.501279
0.501287
0.501297
0.501305
0.501314
0.501322
0.501331
0.501339
0.501348
0.501357
0.501365
0.501374
0.501382
0.501391
0.501400
0.501409
0.501417
0.501417
0.501426
0.501434
0.501443
0.501451
0.501461
0.501468
0.501478
0.501485
0.501495
0.501502
0.501513
0.501520
0.501530
0.501537
0.501547
0.501554
0.501565
0.501571
0.501582
0.501588
0.501599
0.501605
0.501616
0.501622
0.501634
0.501638
0.501651
0.501655
0.501668
0.501672
0.501685
0.501688
0.501701
0.501705
0.501718
0.501721
0.501735
0.501737
0.501751
0.501753
0.501767
0.501769
0.501782
0.501785
0.501798
0.501800
0.501813
0.501815
0.501828
0.501830
0.501842
0.501844
0.501856
0.501859
0.501870
0.501873
0.501883
0.501887
0.501896
0.501900
0.501909
0.501914
0.501922
0.501927
0.501934
0.501940
0.501947
0.501953
0.501960
0.501965
0.501972
0.501978
0.501984
0.501990
0.501997
0.502003
0.502009
0.502015
0.502021
0.502028
0.502034
0.502040
0.502046
0.502053
0.502059
0.502065
0.502071
0.502078
0.502084
0.502090
0.502097
0.502103
0.502109
0.502116
0.502122
0.502129
0.502135
0.502142
0.502148
0.502155
0.502161
0.502168
0.502174
0.502181
0.502187
0.502194
0.502200
0.502207
0.502213
0.502220
0.502226
0.502233
0.502239
0.502246
0.502253
0.502259
0.502266
0.502272
0.502279
0.502285
0.502292
0.502299
0.502306
0.502312
0.502319
0.502326
0.502333
0.502340
0.502348
0.502355
0.502362
0.502370
0.502378
0.502385
0.502394
0.502402
0.502410
0.502419
0.502428
0.502437
0.502446
0.502456
0.502466
0.502476
0.502486
0.502497
0.502508
0.502520
0.502531
0.502543
0.502556
0.502569
0.502582
0.502596
0.502610
0.502624
0.502639
0.502655
0.502670
0.502687
0.502703
0.502720
0.502738
0.502755
0.502774
0.502792
0.502812
0.502831
0.502851
0.502872
0.502892
0.502913
0.502935
0.502957
0.502979
0.503002
0.503025
0.503048
0.503072
0.503096
0.503120
0.503144
0.503169
0.503194
0.503219
0.503244
0.503270
0.503295
0.503321
0.503347
0.503373
0.503399
0.503425
0.503452
0.503478
0.503504
0.503531
0.503557
0.503583
0.503609
0.503636
0.503662
0.503688
0.503713
0.503739
0.503765
0.503790
0.503815
0.503840
0.503865
0.503889
0.503914
0.503938
0.503962
0.503985
0.504009
0.504032
0.504054
0.504077
0.504099
0.504121
0.504142
0.504163
0.504184
0.504204
0.504225
0.504244
0.504264
0.504283
0.504301
0.504320
0.504338
0.504355
0.504372
0.504389
0.504406
0.504422
0.504438
0.504453
0.504468
0.504483
0.504497
0.504511
0.504525
0.504538
0.504551
0.504564
0.504576
0.504588
0.504600
0.504612
0.504623
0.504633
0.504644
0.504654
0.504664
0.504673
0.504683
0.504692
0.504701
0.504709
0.504717
0.504725
0.504733
0.504741
0.504748
0.504755
0.504762
0.504768
0.504775
0.504781
0.504787
0.504793
0.504798
0.504804
0.504809
0.504814
0.504819
0.504824
0.504828
0.504833
0.504837
0.504841
0.504845
0.504849
0.504853
0.504856
0.504859
0.504863
0.504866
0.504869
0.504872
0.504875
0.504877
0.504880
0.504882
0.504885
0.504887
0.504889
0.504891
0.504893
0.504895
0.504897
0.504899
0.504900
0.504902
0.504903
0.504905
0.504906
0.504907
0.504908
0.504909
0.504910
0.504911
0.504912
0.504913
0.504913
0.504914
0.504914
0.504915
0.504915
0.504915
0.504916
0.504916
0.504916
0.504916
0.504916
0.504916
0.504916
0.504916
0.504915
0.504915
0.504915
0.504914
0.504914
0.504913
0.504912
0.504912
0.504911
0.504910
0.504909
0.504908
0.504907
0.504906
0.504905
0.504904
0.504902
0.504901
0.504900
0.504898
0.504897
0.504895
0.504894
0.504892
0.504890
0.504888
0.504887
0.504885
0.504883
0.504881
0.504879
0.504877
0.504874
0.504872
0.504870
0.504868
0.504865
0.504863
0.504860
0.504858
0.504855
0.504852
0.504850
0.504847
0.504844
0.504841
0.504838
0.504836
0.504833
0.504830
0.504826
0.504823
0.504820
0.504817
0.504814
0.504810
0.504807
0.504804
0.504800
0.504797
0.504793
0.504790
0.504786
0.504782
0.504779
0.504775
0.504771
0.504767
0.504763
0.504759
0.504755
0.504751
0.504747
0.504743
0.504739
0.504735
0.504731
0.504727
0.504723
0.504718
0.504714
0.504710
0.504705
0.504701
0.504696
0.504692
0.504687
0.504683
0.504678
0.504674
0.504669
0.504664
0.504659
0.504655
0.504650
0.504645
0.504640
0.504635
0.504630
0.504625
0.504621
0.504616
0.504610
0.504605
0.504600
0.504595
0.504590
0.504585
0.504580
0.504574
0.504569
0.504564
0.504559
0.504553
0.504548
0.504542
0.504537
0.504532
0.504526
0.504521
0.504515
0.504509
0.504504
0.504498
0.504493
0.504487
0.504481
0.504476
0.504470
0.504464
0.504458
0.504452
0.504447
0.504441
0.504435
0.504429
0.504423
0.504417
0.504411
0.504405
0.504399
0.504393
0.504387
0.504381
0.504375
0.504369
0.504363
0.504356
0.504350
0.504344
0.504338
0.504331
0.504325
0.504319
0.504313
0.504306
0.504300
0.504293
0.504287
0.504281
0.504274
0.504268
0.504261
0.504255
0.504248
0.504242
0.504235
0.504228
0.504222
0.504222
0.504215
0.504209
0.504202
0.504195
0.504189
0.504182
0.504175
0.504168
0.504162
0.504155
0.504148
0.504141
0.504134
0.504128
0.504121
0.504114
0.504107
0.504100
0.504093
0.504086
0.504079
0.504072
0.504065
0.504058
0.504051
0.504044
0.504037
0.504030
0.504023
0.504016
0.504009
0.504002
0.503994
0.503987
0.503980
0.503973
0.503966
0.503958
0.503951
0.503944
0.503937
0.503929
0.503922
0.503915
0.503907
0.503900
0.503893
0.503885
0.503878
0.503871
0.503863
0.503856
0.503848
0.503841
0.503833
0.503826
0.503818
0.503811
0.503803
0.503796
0.503788
0.503781
0.503773
0.503766
0.503758
0.503751
0.503743
0.503735
0.503728
0.503720
0.503712
0.503705
0.503697
0.503689
0.503682
0.503674
0.503666
0.503658
0.503651
0.503643
0.503635
0.503627
0.503620
0.503612
0.503604
0.503596
0.503588
0.503580
0.503573
0.503565
0.503557
0.503549
0.503541
0.503533
0.503525
0.503517
0.503509
0.503501
0.503493
0.503486
0.503478
0.503470
0.503462
0.503454
0.503446
0.503437
0.503429
0.503421
0.503413
0.503405
0.503397
0.503389
0.503381
0.503373
0.503365
0.503357
0.503349
0.503340
0.503332
0.503324
0.503316
0.503308
0.503300
0.503291
0.503283
0.503275
0.503267
0.503259
0.503250
0.503242
0.503234
0.503226
0.503217
0.503209
0.503201
0.503193
0.503184
0.503176
0.503168
0.503159
0.503151
0.503143
0.503134
0.503126
0.503118
0.503109
0.503101
0.503093
0.503084
0.503076
0.503067
0.503059
0.503051
0.503042
0.503034
0.503025
0.503017
0.503008
0.503000
0.502992
0.502983
0.502975
0.502966
0.502958
0.502949
0.502941
0.502932
0.502924
0.502915
0.502907
0.502898
0.502889
0.502881
0.502872
0.502864
0.502855
0.502847
0.502838
0.502830
0.502821
0.502812
0.502804
0.502795
0.502787
0.502778
0.502769
0.502761
0.502752
0.502743
0.502735
0.502726
0.502717
0.502709
0.502700
0.502691
0.502683
0.502674
0.502665
0.502657
0.502648
0.502639
0.502630
0.502622
0.502613
0.502604
0.502596
0.502587
0.502578
0.502569
0.502561
0.502552
0.502543
0.502534
0.502525
0.502517
0.502508
0.502499
0.502490
0.502482
0.502473
0.502464
0.502455
0.502446
0.502437
0.502429
0.502420
0.502411
0.502402
0.502393
0.502384
0.502375
0.502367
0.502358
0.502349
0.502340
0.502331
0.502322
0.502313
0.502304
0.502296
0.502287
0.502278
0.502269
0.502260
0.502251
0.502242
0.502233
0.502224
0.502215
0.502206
0.502197
0.502188
0.502179
0.502170
0.502162
0.502153
0.502144
0.502135
0.502126
0.502117
0.502108
0.502099
0.502090
0.502081
0.502072
0.502063
0.502054
0.502045
0.502036
0.502027
0.502018
0.502009
0.501999
0.501990
0.501981
0.501972
0.501963
0.501954
0.501945
0.501936
0.501927
0.501918
0.501909
0.501900
0.501891
0.501882
0.501873
0.501864
0.501854
0.501845
0.501836
0.501827
0.501818
0.501809
0.501800
0.501791
0.501782
0.501773
0.501763
0.501754
0.501745
0.501736
0.501727
0.501718
0.501709
0.501699
0.501690
0.501681
0.501672
0.501663
0.501654
0.501645
0.501635
0.501626
0.501617
0.501608
0.501599
0.501589
0.501580
0.501571
0.501562
0.501553
0.501544
0.501534
0.501525
0.501516
0.501507
0.501498
0.501488
0.501479
0.501470
0.501461
0.501451
0.501442
0.501433
0.501424
0.501415
0.501405
0.501396
0.501387
0.501378
0.501368
0.501359
0.501350
0.501341
0.501331
0.501322
0.501313
0.501304
0.501294
0.501285
0.501276
0.501267
0.501257
0.501248
0.501239
0.501229
0.501220
0.501211
0.501202
0.501192
0.501183
0.501174
0.501164
0.501155
0.501146
0.501136
0.501127
0.501118
0.501109
0.501099
0.501090
0.501081
0.501071
0.501062
0.501053
0.501043
0.501034
0.501025
0.501015
0.501006
0.500996
0.500987
0.500978
0.500968
0.500959
0.500950
0.500940
0.500931
0.500922
0.500912
0.500903
0.500893
0.500884
0.500875
0.500865
0.500856
0.500847
0.500837
0.500828
0.500819
0.500809
0.500800
0.500790
0.500781
0.500772
0.500762
0.500753
0.500744
0.500734
0.500725
0.500716
0.500707
0.500697
0.500688
0.500679
0.500669
0.500660
0.500651
0.500642
0.500632
0.500623
0.500614
0.500605
0.500595
0.500586
0.500577
0.500568
0.500558
0.500549
0.500540
0.500531
0.500521
0.500512
0.500503
0.500493
0.500484
0.500475
0.500465
0.500456
0.500446
0.500436
0.500427
0.500417
0.500407
0.500397
0.500387
0.500377
0.500367
0.500356
0.500346
0.500335
0.500324
0.500313
0.500302
0.500290
0.500279
0.500267
0.500255
0.500243
0.500230
0.500218
0.500205
0.500191
0.500178
0.500164
0.500150
0.500136
0.500122
0.500107
0.500092
0.500077
0.500061
0.500046
0.500030
0.500015
0.499999
0.499983
0.499967
0.499952
0.499936
0.499921
0.499906
0.499892
0.499879
0.499866
0.499854
0.499843
0.499833
0.499826
0.499819
0.499816
0.499814
0.499815
0.499820
0.499828
0.499841
0.499858
0.499882
0.499882
0.499914
0.499956
0.500011
0.500085
0.500179
0.500296
0.500434
0.500584
0.500734
0.500869
0.500972
0.501034
0.501047
0.501009
0.500922
0.500792
0.500627
0.500437
0.500236
0.500036
0.499852
0.499696
0.499572
0.499481
0.499418
0.499374
0.499340
0.499303
0.499257
0.499195
0.499114
0.499012
0.498892
0.498755
0.498604
0.498442
0.498273
0.498099
0.497922
0.497744
0.497567
0.497392
0.497220
0.497052
0.496888
0.496729
0.496576
0.496430
0.496289
0.496156
0.496030
0.495912
0.495802
0.495700
0.495606
0.495520
0.495442
0.495372
0.495310
0.495256
0.495210
0.495170
0.495138
0.495112
0.495092
0.495079
0.495070
0.495067
0.495069
0.495075
0.495085
0.495098
0.495115
0.495135
0.495158
0.495183
0.495210
0.495238
0.495268
0.495299
0.495331
0.495364
0.495397
0.495430
0.495463
0.495496
0.495529
0.495560
0.495592
0.495622
0.495652
0.495680
0.495707
0.495733
0.495758
0.495781
0.495803
0.495823
0.495841
0.495858
0.495874
0.495887
0.495899
0.495910
0.495918
0.495925
0.495930
0.495934
0.495935
0.495935
0.495933
0.495930
0.495925
0.495918
0.495910
0.495900
0.495888
0.495875
0.495860
0.495844
0.495826
0.495806
0.495786
0.495763
0.495740
0.495715
0.495689
0.495661
0.495632
0.495602
0.495570
0.495537
0.495504
0.495468
0.495432
0.495395
0.495356
0.495317
0.495276
0.495235
0.495192
0.495148
0.495104
0.495058
0.495012
0.494965
0.494916
0.494867
0.494817
0.494767
0.494715
0.494663
0.494610
0.494557
0.494502
0.494447
0.494391
0.494335
0.494278
0.494220
0.494162
0.494103
0.494044
0.493984
0.493924
0.493863
0.493801
0.493739
0.493677
0.493614
0.493551
0.493487
0.493423
0.493358
0.493294
0.493228
0.493163
0.493097
0.493031
0.492964
0.492897
0.492830
0.492763
0.492695
0.492627
0.492559
0.492490
0.492421
0.492353
0.492284
0.492214
0.492145
0.492075
0.492005
0.491935
0.491865
0.491795
0.491725
0.491654
0.491583
0.491513
0.491442
0.491371
0.491300
0.491229
0.491158
0.491086
0.491015
0.490944
0.490872
0.490801
0.490729
0.490658
0.490586
0.490515
0.490443
0.490372
0.490300
0.490228
0.490157
0.490085
0.490014
0.489942
0.489871
0.489799
0.489728
0.489657
0.489585
0.489514
0.489443
0.489372
0.489301
0.489230
0.489159
0.489088
0.489017
0.488946
0.488875
0.488805
0.488734
0.488664
0.488594
0.488523
0.488453
0.488383
0.488313
0.488243
0.488174
0.488104
0.488035
0.487965
0.487896
0.487827
0.487758
0.487689
0.487620
0.487551
0.487483
0.487414
0.487346
0.487278
0.487210
0.487142
0.487074
0.487006
0.486939
0.486872
0.486804
0.486737
0.486670
0.486604
0.486537
0.486470
0.486404
0.486338
0.486272
0.486206
0.486140
0.486074
0.486009
0.485944
0.485879
0.485814
0.485749
0.485684
0.485619
0.485555
0.485491
0.485427
0.485363
0.485299
0.485235
0.485172
0.485108
0.485045
0.484982
0.484919
0.484857
0.484794
0.484732
0.484669
0.484607
0.484545
0.484484
0.484422
0.484361
0.484299
0.484238
0.484177
0.484116
0.484055
0.483995
0.483934
0.483874
0.483814
0.483754
0.483694
0.483635
0.483575
0.483516
0.483457
0.483397
0.483339
0.483280
0.483221
0.483163
0.483104
0.483046
0.482988
0.482930
0.482872
0.482815
0.482757
0.482700
0.482643
0.482586
0.482529
0.482472
0.482415
0.482359
0.482302
0.482246
0.482190
0.482134
0.482078
0.482022
0.481967
0.481911
0.481856
0.481801
0.481746
0.481691
0.481636
0.481581
0.481526
0.481472
0.481418
0.481363
0.481309
0.481255
0.481202
0.481148
0.481094
0.481041
0.480987
0.480934
0.480881
0.480828
0.480775
0.480722
0.480669
0.480617
0.480564
0.480512
0.480460
0.480408
0.480356
0.480304
0.480252
0.480200
0.480149
0.480097
0.480046
0.479995
0.479943
0.479892
0.479841
0.479791
0.479740
0.479689
0.479639
0.479588
0.479538
0.479488
0.479437
0.479387
0.479337
0.479287
0.479238
0.479188
0.479138
0.479089
0.479040
0.478990
0.478941
0.478892
0.478843
0.478794
0.478745
0.478697
0.478648
0.478599
0.478551
0.478503
0.478454
0.478406
0.478358
0.478310
0.478262
0.478214
0.478166
0.478119
0.478071
0.478024
0.477976
0.477929
0.477882
0.477835
0.477788
0.477741
0.477694
0.477647
0.477600
0.477554
0.477507
0.477461
0.477414
0.477368
0.477322
0.477276
0.477230
0.477184
0.477138
0.477092
0.477046
0.477000
0.476955
0.476909
0.476864
0.476819
0.476773
0.476728
0.476683
0.476638
0.476593
0.476548
0.476504
0.476459
0.476414
0.476370
0.476325
0.476281
0.476237
0.476192
0.476148
0.476104
0.476060
0.476016
0.475972
0.475929
0.475885
0.475841
0.475798
0.475754
0.475711
0.475668
0.475625
0.475581
0.475538
0.475495
0.475452
0.475410
0.475367
0.475324
0.475282
0.475239
0.475197
0.475154
0.475112
0.475070
0.475028
0.474985
0.474943
0.474902
0.474860
0.474818
0.474776
0.474735
0.474693
0.474693
