-0.143494
1.000276
0.918682
0.920132
0.926843
0.934213
0.940916
0.946659
0.951661
0.956264
0.960731
0.965223
0.969838
0.974634
0.979643
0.984884
0.990365
0.996090
1.002052
1.008242
1.014642
1.021233
1.027989
1.034883
1.041885
1.048966
1.056098
1.063254
1.070409
1.077539
1.084625
1.091651
1.098600
1.105462
1.112227
1.118887
1.125435
1.131869
1.138185
1.144380
1.150455
1.156407
1.162237
1.167946
1.173532
1.178997
1.184341
1.189565
1.194668
1.199650
1.204513
1.209255
1.213878
1.218380
1.222762
1.227024
1.231167
1.235190
1.239095
1.242882
1.246552
1.250107
1.253549
1.256879
1.260100
1.263215
1.266226
1.269139
1.271955
1.274680
1.277317
1.279872
1.282349
1.284753
1.287090
1.289363
1.291579
1.293742
1.295858
1.297931
1.299965
1.301966
1.303938
1.305884
1.307809
1.309715
1.311606
1.313484
1.315352
1.317212
1.319066
1.320915
1.322762
1.324606
1.326448
1.328290
1.330132
1.331974
1.333816
1.335660
1.337504
1.339349
1.341196
1.343043
1.344892
1.346742
1.348594
1.350447
1.352303
1.354160
1.356020
1.357882
1.359747
1.361614
1.363485
1.365360
1.367237
1.369119
1.371004
1.372893
1.374786
1.376683
1.378584
1.380489
1.382397
1.384309
1.386224
1.388142
1.390063
1.391987
1.393913
1.395840
1.397769
1.399699
1.401630
1.403561
1.405491
1.407421
1.409350
1.411277
1.413202
1.415124
1.417044
1.418960
1.420872
1.422781
1.424684
1.426583
1.428476
1.430364
1.432246
1.434122
1.435992
1.437855
1.439711
1.441560
1.443401
1.445236
1.447063
1.448882
1.450694
1.452498
1.454294
1.456082
1.457862
1.459634
1.461399
1.463155
1.464904
1.466645
1.468378
1.470103
1.471820
1.473530
1.475232
1.476926
1.478613
1.480293
1.481965
1.483630
1.485289
1.486940
1.488584
1.490221
1.491852
1.493476
1.495094
1.496705
1.498310
1.499908
1.501501
1.503088
1.504668
1.506244
1.507813
1.509377
1.510935
1.512488
1.514036
1.515579
1.517117
1.518650
1.520177
1.521701
1.523219
1.524734
1.526243
1.527749
1.529250
1.530747
1.532239
1.533728
1.535213
1.536694
1.538172
1.539646
1.541116
1.542583
1.544046
1.545506
1.546963
1.548416
1.549867
1.551314
1.552758
1.554200
1.555638
1.557074
1.558507
1.559938
1.561365
1.562790
1.564213
1.565633
1.567050
1.568466
1.569878
1.571289
1.572697
1.574103
1.575506
1.576908
1.578307
1.579704
1.581099
1.582492
1.583882
1.585271
1.586657
1.588042
1.589424
1.590804
1.592182
1.593558
1.594932
1.596304
1.597673
1.599041
1.600406
1.601770
1.603131
1.604489
1.605846
1.607200
1.608552
1.609902
1.611249
1.612594
1.613937
1.615277
1.616614
1.617949
1.619282
1.620611
1.621938
1.623262
1.624584
1.625902
1.627217
1.628530
1.629839
1.631145
1.632448
1.633748
1.635044
1.636337
1.637626
1.638911
1.640194
1.641472
1.642746
1.644017
1.645284
1.646546
1.647805
1.649059
1.650309
1.651555
1.652796
1.654033
1.655265
1.656492
1.657715
1.658933
1.660146
1.661354
1.662556
1.663754
1.664947
1.666134
1.667316
1.668492
1.669663
1.670829
1.671989
1.673142
1.674291
1.675433
1.676569
1.677700
1.678824
1.679942
1.681054
1.682159
1.683259
1.684351
1.685437
1.686517
1.687590
1.688656
1.689715
1.690768
1.691813
1.692851
1.693882
1.694906
1.695922
1.696931
1.697932
1.698925
1.699911
1.700888
1.701858
1.702820
1.703773
1.704718
1.705655
1.706584
1.707504
1.708416
1.709320
1.710217
1.711107
1.711990
1.712867
1.713740
1.714611
1.715481
1.716354
1.717232
1.718120
1.719020
1.719938
1.720876
1.721837
1.722822
1.723831
1.724864
1.725918
1.726990
1.728075
1.729171
1.730272
1.731375
1.732477
1.733574
1.734665
1.735747
1.736819
1.737880
1.738931
1.739972
1.741002
1.742022
1.743033
1.744035
1.745028
1.746014
1.746991
1.747961
1.748924
1.749879
1.750827
1.751768
1.752702
1.753629
1.754549
1.755461
1.756367
1.757266
1.758157
1.759043
1.759921
1.760793
1.761658
1.762516
1.763369
1.764214
1.765054
1.765887
1.766714
1.767535
1.768350
1.769159
1.769962
1.770760
1.771551
1.772336
1.773116
1.773890
1.774659
1.775422
1.776179
1.776931
1.777677
1.778418
1.779154
1.779884
1.780609
1.781329
1.782044
1.782753
1.783457
1.784157
1.784851
1.785540
1.786224
1.786904
1.787578
1.788248
1.788913
1.789573
1.790228
1.790878
1.791524
1.792165
1.792802
1.793434
1.794061
1.794684
1.795302
1.795916
1.796525
1.797130
1.797730
1.798326
1.798918
1.799505
1.800088
1.800667
1.801241
1.801811
1.802377
1.802938
1.803496
1.804049
1.804598
1.805143
1.805683
1.806220
1.806752
1.807280
1.807804
1.808324
1.808840
1.809352
1.809860
1.810363
1.810863
1.811359
1.811851
1.812338
1.812822
1.813302
1.813777
1.814249
1.814717
1.815181
1.815640
1.816096
1.816548
1.816996
1.817440
1.817880
1.818317
1.818749
1.819177
1.819602
1.820023
1.820439
1.820439
1.820852
1.821261
1.821666
1.822067
1.822464
1.822858
1.823247
1.823633
1.824015
1.824393
1.824767
1.825137
1.825503
1.825866
1.826225
1.826579
1.826930
1.827278
1.827621
1.827960
1.828296
1.828628
1.828956
1.829280
1.829601
1.829917
1.830230
1.830539
1.830845
1.831146
1.831444
1.831738
1.832029
1.832315
1.832598
1.832877
1.833153
1.833425
1.833693
1.833957
1.834218
1.834476
1.834729
1.834979
1.835226
1.835468
1.835708
1.835943
1.836175
1.836404
1.836629
1.836851
1.837069
1.837283
1.837495
1.837702
1.837907
1.838108
1.838305
1.838500
1.838690
1.838878
1.839062
1.839243
1.839421
1.839595
1.839766
1.839934
1.840099
1.840261
1.840419
1.840574
1.840726
1.840875
1.841021
1.841164
1.841303
1.841440
1.841573
1.841704
1.841831
1.841956
1.842077
1.842196
1.842312
1.842424
1.842534
1.842641
1.842745
1.842847
1.842945
1.843040
1.843133
1.843223
1.843310
1.843395
1.843476
1.843555
1.843632
1.843705
1.843776
1.843844
1.843910
1.843973
1.844033
1.844091
1.844146
1.844199
1.844249
1.844297
1.844342
1.844385
1.844425
1.844463
1.844498
1.844531
1.844562
1.844590
1.844616
1.844640
1.844661
1.844681
1.844697
1.844712
1.844724
1.844735
1.844743
1.844749
1.844752
1.844754
1.844754
1.844751
1.844747
1.844740
1.844732
1.844721
1.844709
1.844694
1.844678
1.844660
1.844640
1.844618
1.844594
1.844568
1.844541
1.844512
1.844481
1.844448
1.844414
1.844378
1.844340
1.844301
1.844260
1.844217
1.844173
1.844127
1.844079
1.844031
1.843980
1.843928
1.843875
1.843820
1.843764
1.843706
1.843647
1.843586
1.843524
1.843461
1.843397
1.843331
1.843264
1.843195
1.843126
1.843055
1.842983
1.842910
1.842835
1.842759
1.842683
1.842605
1.842526
1.842446
1.842365
1.842282
1.842199
1.842115
1.842030
1.841943
1.841856
1.841768
1.841679
1.841589
1.841498
1.841406
1.841314
1.841220
1.841126
1.841031
1.840935
1.840839
1.840742
1.840643
1.840545
1.840445
1.840345
1.840244
1.840143
1.840041
1.839938
1.839835
1.839731
1.839627
1.839522
1.839417
1.839311
1.839205
1.839098
1.838991
1.838883
1.838775
1.838667
1.838558
1.838449
1.838339
1.838229
1.838119
1.838009
1.837899
1.837788
1.837677
1.837565
1.837454
1.837342
1.837231
1.837119
1.837007
1.836895
1.836783
1.836671
1.836558
1.836446
1.836334
1.836221
1.836109
1.835997
1.835885
1.835773
1.835661
1.835549
1.835437
1.835326
1.835214
1.835103
1.834992
1.834881
1.834770
1.834660
1.834550
1.834440
1.834330
1.834221
1.834111
1.834003
1.833894
1.833786
1.833678
1.833571
1.833464
1.833358
1.833251
1.833146
1.833040
1.832936
1.832831
1.832727
1.832624
1.832521
1.832418
1.832316
1.832215
1.832114
1.832014
1.831914
1.831815
1.831716
1.831618
1.831520
1.831423
1.831327
1.831231
1.831136
1.831042
1.830948
1.830855
1.830762
1.830670
1.830579
1.830488
1.830398
1.830309
1.830220
1.830133
1.830045
1.829959
1.829873
1.829788
1.829704
1.829620
1.829537
1.829455
1.829373
1.829292
1.829212
1.829133
1.829054
1.828976
1.828899
1.828823
1.828747
1.828672
1.828598
1.828525
1.828452
1.828380
1.828309
1.828238
1.828169
1.828100
1.828032
1.827964
1.827897
1.827831
1.827766
1.827702
1.827638
1.827575
1.827513
1.827451
1.827390
1.827330
1.827271
1.827212
1.827155
1.827098
1.827041
1.826985
1.826931
1.826876
1.826823
1.826770
1.826718
1.826667
1.826616
1.826566
1.826517
1.826469
1.826421
1.826374
1.826327
1.826281
1.826236
1.826192
1.826148
1.826105
1.826063
1.826021
1.825980
1.825940
1.825900
1.825861
1.825823
1.825785
1.825748
1.825711
1.825675
1.825640
1.825606
1.825572
1.825538
1.825505
1.825473
1.825442
1.825411
1.825380
1.825351
1.825321
1.825293
1.825265
1.825237
1.825210
1.825184
1.825158
1.825133
1.825108
1.825084
1.825060
1.825037
1.825014
1.824992
1.824970
1.824949
1.824929
1.824908
1.824889
1.824870
1.824851
1.824833
1.824815
1.824798
1.824781
1.824765
1.824749
1.824734
1.824719
1.824704
1.824690
1.824676
1.824663
1.824650
1.824638
1.824626
1.824614
1.824603
1.824592
1.824582
1.824572
1.824563
1.824553
1.824544
1.824536
1.824528
1.824520
1.824513
1.824506
1.824499
1.824493
1.824487
1.824481
1.824476
1.824471
1.824467
1.824462
1.824458
1.824455
1.824452
1.824449
1.824446
1.824444
1.824442
1.824440
1.824439
1.824438
1.824437
1.824437
1.824437
1.824437
1.824438
1.824439
1.824440
1.824441
1.824443
1.824445
1.824448
1.824450
1.824453
1.824457
1.824460
1.824464
1.824469
1.824474
1.824479
1.824486
1.824494
1.824505
1.824525
1.824570
1.824694
1.825026
1.825513
1.825827
1.826679
1.830810
1.830881
1.830172
1.829862
1.829685
1.829638
1.829681
1.829777
1.829901
1.830035
1.830165
1.830286
1.830394
1.830485
1.830559
1.830616
1.830657
1.830683
1.830683
1.830695
1.830696
1.830687
1.830672
1.830653
1.830630
1.830606
1.830583
1.830560
1.830540
1.830522
1.830507
1.830495
1.830487
1.830482
1.830482
1.830484
1.830491
1.830501
1.830515
1.830531
1.830552
1.830575
1.830602
1.830632
1.830664
1.830700
1.830738
1.830780
1.830823
1.830870
1.830919
1.830970
1.831024
1.831079
1.831138
1.831198
1.831260
1.831324
1.831389
1.831457
1.831526
1.831597
1.831669
1.831743
1.831818
1.831894
1.831972
1.832051
1.832130
1.832211
1.832293
1.832376
1.832459
1.832543
1.832628
1.832714
1.832800
1.832887
1.832975
1.833063
1.833151
1.833240
1.833329
1.833418
1.833508
1.833598
1.833688
1.833779
1.833870
1.833960
1.834051
1.834142
1.834233
1.834324
1.834415
1.834505
1.834596
1.834687
1.834777
1.834868
1.834958
1.835048
1.835138
1.835228
1.835317
1.835406
1.835495
1.835584
1.835672
1.835760
1.835847
1.835934
1.836021
1.836107
1.836193
1.836279
1.836364
1.836448
1.836532
1.836616
1.836699
1.836782
1.836864
1.836945
1.837026
1.837106
1.837186
1.837265
1.837343
1.837421
1.837498
1.837575
1.837651
1.837726
1.837800
1.837874
1.837947
1.838019
1.838090
1.838161
1.838230
1.838299
1.838367
1.838435
1.838501
1.838566
1.838631
1.838695
1.838757
1.838819
1.838880
1.838940
1.838998
1.839056
1.839113
1.839168
1.839223
1.839276
1.839328
1.839379
1.839429
1.839478
1.839525
1.839571
1.839616
1.839660
1.839702
1.839743
1.839783
1.839821
1.839858
1.839893
1.839927
1.839959
1.839990
1.840019
1.840047
1.840073
1.840097
1.840120
1.840141
1.840161
1.840179
1.840195
1.840209
1.840222
1.840233
1.840242
1.840249
1.840255
1.840259
1.840261
1.840261
1.840260
1.840257
1.840252
1.840245
1.840236
1.840226
1.840214
1.840200
1.840186
1.840164
1.840166
1.840077
1.840657
1.841578
1.842590
1.846008
1.845415
1.846179
1.846235
1.846096
1.845679
1.845296
1.844842
1.844523
1.844172
1.843981
1.843751
1.843721
1.843654
1.843988
1.844116
1.845282
1.844939
1.846222
1.845881
1.846717
1.846393
1.846920
1.846577
1.846973
1.846640
1.847006
1.846699
1.847103
1.846818
1.847312
1.847031
1.847627
1.847327
1.847978
1.847654
1.848287
1.847950
1.848528
1.848185
1.848713
1.848367
1.848870
1.848523
1.849028
1.848681
1.849206
1.848854
1.849405
1.849044
1.849611
1.849241
1.849811
1.849432
1.849996
1.849610
1.850166
1.849775
1.850328
1.849932
1.850488
1.850087
1.850651
1.850245
1.850818
1.850406
1.850986
1.850567
1.851152
1.850728
1.851316
1.850886
1.851476
1.851041
1.851636
1.851195
1.851795
1.851349
1.851955
1.851503
1.852115
1.851658
1.852275
1.851812
1.852435
1.851967
1.852594
1.852121
1.852754
1.852274
1.852913
1.852428
1.853072
1.852582
1.853231
1.852735
1.853390
1.852889
1.853549
1.853043
1.853708
1.853196
1.853868
1.853350
1.854027
1.853504
1.854186
1.853657
1.854345
1.853811
1.854504
1.853965
1.854664
1.854118
1.854823
1.854272
1.854982
1.854426
1.855141
1.854579
1.855301
1.854733
1.855460
1.854887
1.855619
1.855040
1.855779
1.855194
1.855938
1.855347
1.856097
1.855501
1.856257
1.855655
1.856416
1.855808
1.856575
1.855962
1.856734
1.856116
1.856894
1.856269
1.857053
1.856423
1.857212
1.856577
1.857372
1.856730
1.857531
1.856884
1.857690
1.857037
1.857849
1.857191
1.858009
1.857345
1.858168
1.857498
1.858327
1.857652
1.858486
1.857806
1.858646
1.857959
1.858805
1.858113
1.858964
1.858267
1.859123
1.858421
1.859283
1.858574
1.859442
1.858728
1.859601
1.858882
1.859760
1.859036
1.859920
1.859190
1.860079
1.859344
1.860238
1.859498
1.860397
1.859652
1.860557
1.859806
1.860716
1.859960
1.860875
1.860114
1.861034
1.860268
1.861194
1.860423
1.861353
1.860577
1.861512
1.860731
1.861671
1.860886
1.861830
1.861040
1.861989
1.861195
1.862149
1.861350
1.862308
1.861505
1.862467
1.861659
1.862626
1.861814
1.862785
1.861969
1.862944
1.862124
1.863103
1.862280
1.863263
1.862435
1.863422
1.862590
1.863581
1.862746
1.863740
1.862901
1.863899
1.863057
1.864058
1.863213
1.864217
1.863369
1.864376
1.863525
1.864535
1.863681
1.864694
1.863838
1.864853
1.863994
1.865012
1.864151
1.865170
1.864308
1.865329
1.864465
1.865488
1.864622
1.865647
1.864779
1.865806
1.864937
1.865964
1.865094
1.866123
1.865252
1.866282
1.865410
1.866441
1.865568
1.866599
1.865727
1.866758
1.865885
1.866917
1.866044
1.867075
1.866203
1.867234
1.866362
1.867393
1.866522
1.867551
1.866681
1.867710
1.866841
1.867868
1.867002
1.868027
1.867162
1.868186
1.867323
1.868344
1.867484
1.868503
1.867645
1.868661
1.867806
1.868820
1.867968
1.868978
1.868130
1.869137
1.868292
1.869296
1.868455
1.869454
1.868618
1.869613
1.868781
1.869771
1.868944
1.869930
1.869108
1.870089
1.869272
1.870247
1.869437
1.869437
1.870406
1.869601
1.870565
1.869766
1.870724
1.869932
1.870882
1.870098
1.871041
1.870264
1.871200
1.870430
1.871359
1.870597
1.871518
1.870765
1.871677
1.870932
1.871836
1.871100
1.871995
1.871269
1.872154
1.871438
1.872313
1.871607
1.872472
1.871776
1.872632
1.871947
1.872791
1.872117
1.872950
1.872288
1.873110
1.872460
1.873269
1.872632
1.873429
1.872804
1.873588
1.872977
1.873748
1.873151
1.873908
1.873325
1.874068
1.873500
1.874228
1.873675
1.874388
1.873851
1.874548
1.874028
1.874708
1.874205
1.874868
1.874383
1.875028
1.874563
1.875189
1.874743
1.875349
1.874924
1.875510
1.875106
1.875671
1.875289
1.875832
1.875474
1.875994
1.875661
1.876156
1.875850
1.876319
1.876041
1.876483
1.876235
1.876649
1.876433
1.876817
1.876636
1.876988
1.876845
1.877164
1.877062
1.877348
1.877289
1.877542
1.877528
1.877752
1.877782
1.877981
1.878054
1.878235
1.878346
1.878518
1.878658
1.878831
1.878994
1.879173
1.879352
1.879539
1.879729
1.879924
1.880121
1.880320
1.880519
1.880718
1.880915
1.881109
1.881299
1.881485
1.881666
1.881842
1.882012
1.882177
1.882336
1.882490
1.882639
1.882783
1.882923
1.883059
1.883191
1.883319
1.883445
1.883567
1.883688
1.883805
1.883921
1.884035
1.884146
1.884257
1.884365
1.884473
1.884579
1.884684
1.884788
1.884892
1.884994
1.885096
1.885197
1.885297
1.885398
1.885497
1.885596
1.885695
1.885794
1.885892
1.885990
1.886088
1.886186
1.886284
1.886381
1.886478
1.886576
1.886673
1.886770
1.886867
1.886965
1.887062
1.887159
1.887256
1.887353
1.887450
1.887547
1.887644
1.887742
1.887839
1.887936
1.888033
1.888130
1.888227
1.888324
1.888421
1.888519
1.888616
1.888713
1.888810
1.888907
1.889004
1.889101
1.889198
1.889295
1.889392
1.889489
1.889586
1.889683
1.889780
1.889877
1.889974
1.890071
1.890168
1.890264
1.890361
1.890458
1.890554
1.890651
1.890748
1.890844
1.890941
1.891037
1.891133
1.891230
1.891326
1.891422
1.891518
1.891615
1.891711
1.891807
1.891903
1.891999
1.892094
1.892190
1.892286
1.892382
1.892477
1.892573
1.892668
1.892764
1.892859
1.892955
1.893050
1.893145
1.893240
1.893335
1.893430
1.893525
1.893620
1.893715
1.893810
1.893905
1.893999
1.894094
1.894188
1.894283
1.894377
1.894471
1.894566
1.894660
1.894754
1.894848
1.894942
1.895036
1.895130
1.895224
1.895317
1.895411
1.895505
1.895598
1.895692
1.895785
1.895878
1.895971
1.896065
1.896158
1.896251
1.896344
1.896437
1.896530
1.896622
1.896715
1.896808
1.896900
1.896993
1.897085
1.897177
1.897270
1.897362
1.897454
1.897546
1.897638
1.897730
1.897822
1.897914
1.898005
1.898097
1.898188
1.898280
1.898371
1.898463
1.898554
1.898645
1.898736
1.898827
1.898918
1.899009
1.899100
1.899191
1.899281
1.899372
1.899463
1.899553
1.899643
1.899734
1.899824
1.899914
1.900004
1.900094
1.900184
1.900274
1.900364
1.900454
1.900543
1.900633
1.900722
1.900812
1.900901
1.900990
1.901080
1.901169
1.901258
1.901347
1.901436
1.901525
1.901613
1.901702
1.901791
1.901879
1.901968
1.902056
1.902144
1.902233
1.902321
1.902409
1.902497
1.902585
1.902673
1.902760
1.902848
1.902936
1.903023
1.903111
1.903198
1.903286
1.903373
1.903460
1.903547
1.903634
1.903721
1.903808
1.903895
1.903982
1.904068
1.904155
1.904241
1.904328
1.904414
1.904501
1.904587
1.904673
1.904759
1.904845
1.904931
1.905017
1.905103
1.905188
1.905274
1.905360
1.905445
1.905530
1.905616
1.905701
1.905786
1.905871
1.905956
1.906041
1.906126
1.906211
1.906296
1.906381
1.906465
1.906550
1.906634
1.906718
1.906803
1.906887
1.906971
1.907055
1.907139
1.907223
1.907307
1.907391
1.907475
1.907558
1.907642
1.907725
1.907809
1.907892
1.907976
1.908059
1.908142
1.908225
1.908308
1.908391
1.908474
1.908557
1.908639
1.908722
1.908805
1.908887
1.908970
1.909052
1.909134
1.909217
1.909299
1.909381
1.909463
1.909545
1.909627
1.909709
1.909790
1.909872
1.909954
1.910035
1.910117
1.910198
1.910279
1.910361
1.910442
1.910523
1.910604
1.910685
1.910766
1.910847
1.910928
1.911008
1.911089
1.911169
1.911250
1.911330
1.911411
1.911491
1.911571
1.911652
1.911732
1.911812
1.911892
1.911972
1.912051
1.912131
1.912211
1.912291
1.912370
1.912450
1.912529
1.912609
1.912688
1.912767
1.912846
1.912926
1.913005
1.913084
1.913163
1.913241
1.913320
1.913399
1.913478
1.913556
1.913635
1.913713
1.913792
1.913870
1.913949
1.914027
1.914105
1.914183
1.914261
1.914339
1.914417
1.914495
1.914573
1.914650
1.914728
1.914806
1.914883
1.914961
1.915038
1.915116
1.915193
1.915270
1.915348
1.915425
1.915502
1.915579
1.915656
1.915733
1.915810
1.915886
1.915963
1.916040
1.916116
1.916193
1.916269
1.916346
1.916422
1.916499
1.916575
1.916651
1.916651
1.916727
1.916803
1.916879
1.916955
1.917031
1.917107
1.917183
1.917259
1.917335
1.917410
1.917486
1.917561
1.917637
1.917712
1.917788
1.917863
1.917938
1.918013
1.918089
1.918164
1.918239
1.918314
1.918389
1.918464
1.918539
1.918613
1.918688
1.918763
1.918837
1.918912
1.918987
1.919061
1.919135
1.919210
1.919284
1.919358
1.919433
1.919507
1.919581
1.919655
1.919729
1.919803
1.919877
1.919951
1.920025
1.920098
1.920172
1.920246
1.920319
1.920393
1.920467
1.920540
1.920613
1.920687
1.920760
1.920834
1.920907
1.920980
1.921053
1.921126
1.921199
1.921272
1.921345
1.921418
1.921491
1.921564
1.921637
1.921709
1.921782
1.921855
1.921927
1.922000
1.922072
1.922145
1.922217
1.922290
1.922362
1.922434
1.922507
1.922579
1.922651
1.922723
1.922795
1.922867
1.922939
1.923011
1.923083
1.923155
1.923227
1.923299
1.923370
1.923442
1.923514
1.923585
1.923657
1.923728
1.923800
1.923871
1.923943
1.924014
1.924085
1.924157
1.924228
1.924299
1.924370
1.924442
1.924513
1.924584
1.924655
1.924726
1.924797
1.924868
1.924938
1.925009
1.925080
1.925151
1.925222
1.925292
1.925363
1.925433
1.925504
1.925575
1.925645
1.925716
1.925786
1.925856
1.925927
1.925997
1.926067
1.926138
1.926208
1.926278
1.926348
1.926418
1.926488
1.926558
1.926628
1.926698
1.926768
1.926838
1.926908
1.926978
1.927048
1.927117
1.927187
1.927257
1.927327
1.927396
1.927466
1.927535
1.927605
1.927674
1.927744
1.927813
1.927883
1.927952
1.928021
1.928091
1.928160
1.928229
1.928299
1.928368
1.928437
1.928506
1.928575
1.928644
1.928713
1.928782
1.928851
1.928920
1.928989
1.929058
1.929127
1.929196
1.929265
1.929333
1.929402
1.929471
1.929540
1.929608
1.929677
1.929746
1.929814
1.929883
1.929951
1.930020
1.930088
1.930157
1.930225
1.930293
1.930362
1.930430
1.930498
1.930567
1.930635
1.930703
1.930771
1.930840
1.930908
1.930976
1.931044
1.931112
1.931180
1.931248
1.931316
1.931384
1.931452
1.931520
1.931588
1.931656
1.931724
1.931792
1.931859
1.931927
1.931995
1.932063
1.932130
1.932198
1.932266
1.932333
1.932401
1.932469
1.932536
1.932604
1.932671
1.932739
1.932806
1.932874
1.932941
1.933008
1.933076
1.933143
1.933210
1.933278
1.933345
1.933412
1.933480
1.933547
1.933614
1.933681
1.933748
1.933816
1.933883
1.933950
1.934017
1.934084
1.934151
1.934218
1.934285
1.934352
1.934419
1.934486
1.934553
1.934620
1.934686
1.934753
1.934820
1.934887
1.934954
1.935020
1.935087
1.935154
1.935221
1.935287
1.935354
1.935421
1.935487
1.935554
1.935620
1.935687
1.935754
1.935820
1.935887
1.935953
1.936020
1.936086
1.936152
1.936219
1.936285
1.936352
1.936418
1.936484
1.936551
1.936617
1.936683
1.936749
1.936816
1.936882
1.936948
1.937014
1.937080
1.937147
1.937213
1.937279
1.937345
1.937411
1.937477
1.937543
1.937609
1.937675
1.937741
1.937807
1.937873
1.937939
1.938005
1.938071
1.938137
1.938203
1.938268
1.938334
1.938400
1.938466
1.938532
1.938597
1.938663
1.938729
1.938795
1.938860
1.938926
1.938992
1.939057
1.939123
1.939189
1.939254
1.939320
1.939385
1.939451
1.939516
1.939582
1.939647
1.939713
1.939778
1.939844
1.939909
1.939975
1.940040
1.940105
1.940171
1.940236
1.940301
1.940367
1.940432
1.940497
1.940563
1.940628
1.940693
1.940758
1.940823
1.940889
1.940954
1.941019
1.941084
1.941149
1.941214
1.941279
1.941344
1.941409
1.941475
1.941540
1.941605
1.941670
1.941734
1.941799
1.941864
1.941929
1.941994
1.942059
1.942124
1.942189
1.942254
1.942319
1.942383
1.942448
1.942513
1.942578
1.942642
1.942707
1.942772
1.942837
1.942901
1.942966
1.943031
1.943095
1.943160
1.943224
1.943289
1.943354
1.943418
1.943483
1.943547
1.943612
1.943676
1.943741
1.943805
1.943870
1.943934
1.943998
1.944063
1.944127
1.944192
1.944256
1.944320
1.944385
1.944449
1.944513
1.944577
1.944642
1.944706
1.944770
1.944834
1.944899
1.944963
1.945027
1.945091
1.945155
1.945219
1.945283
1.945347
1.945411
1.945475
1.945540
1.945604
1.945668
1.945731
1.945795
1.945859
1.945923
1.945987
1.946051
1.946115
1.946179
1.946243
1.946307
1.946370
1.946434
1.946498
1.946562
1.946625
1.946689
1.946753
1.946817
1.946880
1.946944
1.947008
1.947071
1.947135
1.947198
1.947262
1.947326
1.947389
1.947453
1.947516
1.947580
1.947643
1.947707
1.947770
1.947833
1.947897
1.947960
1.948024
1.948087
1.948150
1.948214
1.948277
1.948340
1.948404
1.948467
1.948530
1.948593
1.948656
1.948720
1.948783
1.948846
1.948909
1.948972
1.949035
1.949098
1.949162
1.949225
1.949288
1.949351
1.949414
1.949477
1.949540
1.949602
1.949665
1.949728
1.949791
1.949854
1.949917
1.949980
1.950043
1.950105
1.950168
1.950231
1.950294
1.950356
1.950419
1.950482
1.950482
1.950544
1.950607
1.950670
1.950732
1.950795
1.950857
1.950920
1.950983
1.951045
1.951108
1.951170
1.951233
1.951295
1.951357
1.951420
1.951482
1.951545
1.951607
1.951669
1.951732
1.951794
1.951856
1.951918
1.951981
1.952043
1.952105
1.952167
1.952229
1.952291
1.952354
1.952416
1.952478
1.952540
1.952602
1.952664
1.952726
1.952788
1.952850
1.952912
1.952974
1.953036
1.953097
1.953159
1.953221
1.953283
1.953345
1.953407
1.953468
1.953530
1.953592
1.953653
1.953715
1.953777
1.953838
1.953900
1.953962
1.954023
1.954085
1.954146
1.954208
1.954269
1.954331
1.954392
1.954454
1.954515
1.954576
1.954638
1.954699
1.954761
1.954822
1.954883
1.954944
1.955006
1.955067
1.955128
1.955189
1.955250
1.955311
1.955373
1.955434
1.955495
1.955556
1.955617
1.955678
1.955739
1.955800
1.955861
1.955922
1.955982
1.956043
1.956104
1.956165
1.956226
1.956287
1.956347
1.956408
1.956469
1.956529
1.956590
1.956651
1.956711
1.956772
1.956833
1.956893
1.956954
1.957014
1.957075
1.957135
1.957196
1.957256
1.957316
1.957377
1.957437
1.957497
1.957558
1.957618
1.957678
1.957739
1.957799
1.957859
1.957919
1.957979
1.958039
1.958099
1.958159
1.958220
1.958280
1.958340
1.958400
1.958459
1.958519
1.958579
1.958639
1.958699
1.958759
1.958819
1.958878
1.958938
1.958998
1.959058
1.959117
1.959177
1.959237
1.959296
1.959356
1.959415
1.959475
1.959534
1.959594
1.959653
1.959713
1.959772
1.959832
1.959891
1.959950
1.960010
1.960069
1.960128
1.960187
1.960247
1.960306
1.960365
1.960424
1.960483
1.960542
1.960601
1.960660
1.960719
1.960778
1.960837
1.960896
1.960955
1.961014
1.961073
1.961132
1.961191
1.961249
1.961308
1.961367
1.961426
1.961484
1.961543
1.961602
1.961660
1.961719
1.961777
1.961836
1.961894
1.961953
1.962011
1.962070
1.962128
1.962186
1.962245
1.962303
1.962361
1.962420
1.962478
1.962536
1.962594
1.962652
1.962711
1.962769
1.962827
1.962885
1.962943
1.963001
1.963059
1.963117
1.963175
1.963233
1.963290
1.963348
1.963406
1.963464
1.963522
1.963579
1.963637
1.963695
1.963752
1.963810
1.963868
1.963925
1.963983
1.964040
1.964098
1.964155
1.964213
1.964270
1.964327
1.964385
1.964442
1.964499
1.964556
1.964614
1.964671
1.964728
1.964785
1.964842
1.964899
1.964957
1.965014
1.965071
1.965128
1.965184
1.965241
1.965298
1.965355
1.965412
1.965469
1.965526
1.965582
1.965639
1.965696
1.965752
1.965809
1.965866
1.965922
1.965979
1.966035
1.966092
1.966148
1.966205
1.966261
1.966318
1.966374
1.966430
1.966487
1.966543
1.966599
1.966655
1.966712
1.966768
1.966824
1.966880
1.966936
1.966992
1.967048
1.967104
1.967160
1.967216
1.967272
1.967328
1.967383
1.967439
1.967495
1.967551
1.967607
1.967662
1.967718
1.967774
1.967829
1.967885
1.967940
1.967996
1.968051
1.968107
1.968162
1.968218
1.968273
1.968328
1.968384
1.968439
1.968494
1.968549
1.968604
1.968660
1.968715
1.968770
1.968825
1.968880
1.968935
1.968990
1.969045
1.969100
1.969155
1.969210
1.969264
1.969319
1.969374
1.969429
1.969483
1.969538
1.969593
1.969647
1.969702
1.969757
1.969811
1.969866
1.969920
1.969975
1.970029
1.970083
1.970138
1.970192
1.970246
1.970301
1.970355
1.970409
1.970463
1.970517
1.970571
1.970626
1.970680
1.970734
1.970788
1.970842
1.970895
1.970949
1.971003
1.971057
1.971111
1.971165
1.971218
1.971272
1.971326
1.971379
1.971433
1.971487
1.971540
1.971594
1.971647
1.971701
1.971754
1.971808
1.971861
1.971914
1.971968
1.972021
1.972074
1.972127
1.972181
1.972234
1.972287
1.972340
1.972393
1.972446
1.972499
1.972552
1.972605
1.972658
1.972711
1.972764
1.972817
1.972869
1.972922
1.972975
1.973028
1.973080
1.973133
1.973185
1.973238
1.973291
1.973343
1.973396
1.973448
1.973500
1.973553
1.973605
1.973658
1.973710
1.973762
1.973814
1.973867
1.973919
1.973971
1.974023
1.974075
1.974127
1.974179
1.974231
1.974283
1.974335
1.974387
1.974439
1.974491
1.974542
1.974594
1.974646
1.974698
1.974749
1.974801
1.974853
1.974904
1.974956
1.975007
1.975059
1.975110
1.975162
1.975213
1.975264
1.975316
1.975367
1.975418
1.975470
1.975521
1.975572
1.975623
1.975674
1.975725
1.975776
1.975827
1.975878
1.975929
1.975980
1.976031
1.976082
1.976133
1.976184
1.976234
1.976285
1.976336
1.976387
1.976437
1.976488
1.976538
1.976589
1.976639
1.976690
1.976740
1.976791
1.976841
1.976892
1.976942
1.976992
1.977042
1.977093
1.977143
1.977193
1.977243
1.977293
1.977343
1.977394
1.977444
1.977494
1.977544
1.977593
1.977643
1.977693
1.977743
1.977793
1.977843
1.977892
1.977942
1.977992
1.978041
1.978091
1.978141
1.978190
1.978240
1.978289
1.978339
1.978388
1.978438
1.978487
1.978536
1.978586
1.978635
1.978684
1.978684
1.978733
1.978782
1.978832
1.978881
1.978930
1.978979
1.979028
1.979077
1.979126
1.979175
1.979224
1.979273
1.979321
1.979370
1.979419
1.979468
1.979517
1.979565
1.979614
1.979663
1.979711
1.979760
1.979808
1.979857
1.979905
1.979954
1.980002
1.980051
1.980099
1.980147
1.980196
1.980244
1.980292
1.980340
1.980388
1.980437
1.980485
1.980533
1.980581
1.980629
1.980677
1.980725
1.980773
1.980821
1.980868
1.980916
1.980964
1.981012
1.981060
1.981107
1.981155
1.981203
1.981250
1.981298
1.981346
1.981393
1.981441
1.981488
1.981536
1.981583
1.981630
1.981678
1.981725
1.981772
1.981820
1.981867
1.981914
1.981961
1.982009
1.982056
1.982103
1.982150
1.982197
1.982244
1.982291
1.982338
1.982385
1.982432
1.982479
1.982525
1.982572
1.982619
1.982666
1.982712
1.982759
1.982806
1.982852
1.982899
1.982946
1.982992
1.983039
1.983085
1.983132
1.983178
1.983225
1.983271
1.983317
1.983364
1.983410
1.983456
1.983502
1.983549
1.983595
1.983641
1.983687
1.983733
1.983779
1.983825
1.983871
1.983917
1.983963
1.984009
1.984055
1.984101
1.984147
1.984193
1.984238
1.984284
1.984330
1.984376
1.984421
1.984467
1.984513
1.984558
1.984604
1.984649
1.984695
1.984741
1.984786
1.984831
1.984877
1.984922
1.984968
1.985013
1.985058
1.985104
1.985149
1.985194
1.985239
1.985285
1.985330
1.985375
1.985420
1.985465
1.985510
1.985555
1.985600
1.985645
1.985690
1.985735
1.985780
1.985825
1.985870
1.985914
1.985959
1.986004
1.986049
1.986094
1.986138
1.986183
1.986228
1.986272
1.986317
1.986361
1.986406
1.986450
1.986495
1.986539
1.986583
1.986628
1.986672
1.986715
1.986759
1.986802
1.986844
1.986884
1.986923
1.986957
1.986986
1.987005
1.987007
1.986981
1.986922
1.986890
1.987147
1.987347
1.987109
1.987087
1.987541
1.988308
1.989144
1.989880
1.990450
1.990858
1.991137
1.991326
1.991458
1.991555
1.991628
1.991685
1.991731
1.991768
1.991799
1.991827
1.991854
1.991881
1.991910
1.991942
1.991979
1.992021
1.992069
1.992122
1.992183
1.992250
1.992323
1.992402
1.992488
1.992579
1.992675
1.992775
1.992879
1.992986
1.993096
1.993207
1.993320
1.993433
1.993546
1.993659
1.993771
1.993882
1.993991
1.994099
1.994204
1.994306
1.994407
1.994504
1.994598
1.994690
1.994778
1.994863
1.994945
1.995024
1.995100
1.995172
1.995242
1.995308
1.995372
1.995433
1.995491
1.995547
1.995600
1.995651
1.995700
1.995746
1.995790
1.995833
1.995874
1.995913
1.995950
1.995986
1.996021
1.996054
1.996086
1.996118
1.996148
1.996178
1.996206
1.996234
1.996262
1.996289
1.996315
1.996341
1.996367
1.996392
1.996417
1.996442
1.996467
1.996492
1.996516
1.996541
1.996565
1.996590
1.996615
1.996639
1.996664
1.996689
1.996714
1.996740
1.996765
1.996791
1.996816
1.996842
1.996869
1.996895
1.996922
1.996949
1.996976
1.997003
1.997031
1.997059
1.997087
1.997115
1.997143
1.997172
1.997201
1.997231
1.997260
1.997290
1.997320
1.997350
1.997380
1.997411
1.997442
1.997473
1.997505
1.997536
1.997568
1.997600
1.997632
1.997664
1.997697
1.997730
1.997763
1.997796
1.997829
1.997863
1.997896
1.997930
1.997964
1.997998
1.998033
1.998067
1.998102
1.998136
1.998171
1.998206
1.998242
1.998277
1.998312
1.998348
1.998384
1.998420
1.998456
1.998492
1.998528
1.998564
1.998601
1.998637
1.998674
1.998711
1.998748
1.998784
1.998822
1.998859
1.998896
1.998933
1.998971
1.999008
1.999046
1.999083
1.999121
1.999159
1.999197
1.999235
1.999273
1.999311
1.999350
1.999388
1.999426
1.999465
1.999503
1.999542
1.999581
1.999619
1.999658
1.999697
1.999736
1.999775
1.999814
1.999853
1.999892
1.999931
1.999971
2.000010
2.000049
2.000089
2.000128
2.000168
2.000208
2.000247
2.000287
2.000327
2.000367
2.000407
2.000446
2.000486
2.000526
2.000567
2.000607
2.000647
2.000687
2.000727
2.000767
2.000808
2.000848
2.000889
2.000929
2.000969
2.001010
2.001050
2.001091
2.001132
2.001172
2.001213
2.001254
2.001294
2.001335
2.001376
2.001417
2.001458
2.001498
2.001539
2.001580
2.001621
2.001662
2.001703
2.001744
2.001785
2.001826
2.001867
2.001909
2.001950
2.001991
2.002032
2.002073
2.002114
2.002156
2.002197
2.002238
2.002279
2.002321
2.002362
2.002403
2.002444
2.002486
2.002527
2.002568
2.002610
2.002651
2.002692
2.002734
2.002775
2.002816
2.002858
2.002899
2.002940
2.002982
2.003023
2.003065
2.003106
2.003147
2.003189
2.003230
2.003271
2.003313
2.003354
2.003395
2.003437
2.003478
2.003520
2.003561
2.003602
2.003644
2.003685
2.003726
2.003767
2.003809
2.003850
2.003891
2.003933
2.003974
2.004015
2.004056
2.004098
2.004139
2.004180
2.004221
2.004262
2.004303
2.004345
2.004386
2.004427
2.004468
2.004509
2.004550
2.004591
2.004632
2.004673
2.004714
2.004714
2.004755
2.004796
2.004837
2.004878
2.004919
2.004960
2.005001
2.005041
2.005082
2.005123
2.005164
2.005205
2.005245
2.005286
2.005327
2.005367
2.005408
2.005449
2.005489
2.005530
2.005570
2.005611
2.005651
2.005692
2.005732
2.005773
2.005813
2.005853
2.005894
2.005934
2.005974
2.006015
2.006055
2.006095
2.006135
2.006175
2.006215
2.006255
2.006295
2.006335
2.006375
2.006415
2.006455
2.006495
2.006535
2.006575
2.006615
2.006654
2.006694
2.006734
2.006774
2.006813
2.006853
2.006892
2.006932
2.006971
2.007011
2.007050
2.007090
2.007129
2.007168
2.007208
2.007247
2.007286
2.007325
2.007365
2.007404
2.007443
2.007482
2.007521
2.007560
2.007599
2.007638
2.007677
2.007715
2.007754
2.007793
2.007832
2.007870
2.007909
2.007948
2.007986
2.008025
2.008063
2.008102
2.008140
2.008179
2.008217
2.008255
2.008293
2.008332
2.008370
2.008408
2.008446
2.008484
2.008522
2.008560
2.008598
2.008636
2.008674
2.008712
2.008750
2.008787
2.008825
2.008863
2.008901
2.008938
2.008976
2.009013
2.009051
2.009088
2.009126
2.009163
2.009200
2.009238
2.009275
2.009312
2.009349
2.009386
2.009423
2.009460
2.009497
2.009534
2.009571
2.009608
2.009645
2.009682
2.009719
2.009755
2.009792
2.009829
2.009865
2.009902
2.009938
2.009975
2.010011
2.010047
2.010084
2.010120
2.010156
2.010193
2.010229
2.010265
2.010301
2.010337
2.010373
2.010409
2.010445
2.010481
2.010517
2.010552
2.010588
2.010624
2.010660
2.010695
2.010731
2.010766
2.010802
2.010837
2.010873
2.010908
2.010944
2.010979
2.011014
2.011049
2.011084
2.011120
2.011155
2.011190
2.011225
2.011260
2.011295
2.011330
2.011364
2.011399
2.011434
2.011469
2.011503
2.011538
2.011573
2.011607
2.011642
2.011676
2.011711
2.011745
2.011779
2.011814
2.011848
2.011882
2.011916
2.011950
2.011984
2.012019
2.012053
2.012087
2.012120
2.012154
2.012188
2.012222
2.012256
2.012290
2.012323
2.012357
2.012390
2.012424
2.012458
2.012491
2.012524
2.012558
2.012591
2.012625
2.012658
2.012691
2.012724
2.012757
2.012791
2.012824
2.012857
2.012890
2.012923
2.012956
2.012988
2.013021
2.013054
2.013087
2.013120
2.013152
2.013185
2.013218
2.013250
2.013283
2.013315
2.013348
2.013380
2.013412
2.013445
2.013477
2.013509
2.013541
2.013574
2.013606
2.013638
2.013670
2.013702
2.013734
2.013766
2.013798
2.013830
2.013861
2.013893
2.013925
2.013957
2.013988
2.014020
2.014052
2.014083
2.014115
2.014146
2.014178
2.014209
2.014240
2.014272
2.014303
2.014334
2.014366
2.014397
2.014428
2.014459
2.014490
2.014521
2.014552
2.014583
2.014614
2.014645
2.014676
2.014707
2.014737
2.014768
2.014799
2.014830
2.014860
2.014891
2.014921
2.014952
2.014982
2.015013
2.015043
2.015074
2.015104
2.015134
2.015165
2.015195
2.015225
2.015255
2.015286
2.015316
2.015346
2.015376
2.015406
2.015436
2.015466
2.015496
2.015525
2.015555
2.015585
2.015615
2.015645
2.015674
2.015704
2.015734
2.015763
2.015793
2.015822
2.015852
2.015881
2.015911
2.015940
2.015970
2.015999
2.016028
2.016057
2.016087
2.016116
2.016145
2.016174
2.016203
2.016232
2.016261
2.016290
2.016319
2.016348
2.016377
2.016406
2.016435
2.016464
2.016493
2.016521
2.016550
2.016579
2.016608
2.016636
2.016665
2.016693
2.016722
2.016750
2.016779
2.016807
2.016836
2.016864
2.016893
2.016921
2.016949
2.016977
2.017006
2.017034
2.017062
2.017090
2.017118
2.017146
2.017175
2.017203
2.017231
2.017259
2.017287
2.017314
2.017342
2.017370
2.017398
2.017426
2.017454
2.017481
2.017509
2.017537
2.017564
2.017592
2.017620
2.017647
2.017675
2.017702
2.017730
2.017757
2.017785
2.017812
2.017839
2.017867
2.017894
2.017921
2.017949
2.017976
2.018003
2.018030
2.018058
2.018085
2.018112
2.018139
2.018166
2.018193
2.018220
2.018247
2.018274
2.018301
2.018328
2.018355
2.018381
2.018408
2.018435
2.018462
2.018489
2.018515
2.018542
2.018569
2.018595
2.018622
2.018649
2.018675
2.018702
2.018728
2.018755
2.018781
2.018808
2.018834
2.018860
2.018887
2.018913
2.018940
2.018966
2.018992
2.019018
2.019045
2.019071
2.019097
2.019123
2.019149
2.019175
2.019201
2.019228
2.019254
2.019280
2.019306
2.019332
2.019357
2.019383
2.019409
2.019435
2.019461
2.019487
2.019513
2.019538
2.019564
2.019590
2.019616
2.019641
2.019667
2.019693
2.019718
2.019744
2.019770
2.019795
2.019821
2.019846
2.019872
2.019897
2.019923
2.019948
2.019973
2.019999
2.020024
2.020050
2.020075
2.020100
2.020125
2.020151
2.020176
2.020201
2.020226
2.020252
2.020277
2.020302
2.020327
2.020352
2.020377
2.020402
2.020427
2.020452
2.020477
2.020502
2.020527
2.020552
2.020577
2.020602
2.020627
2.020652
2.020677
2.020701
2.020726
2.020751
2.020776
2.020800
2.020825
2.020825
2.020850
2.020875
2.020899
2.020924
2.020948
2.020973
2.020998
2.021022
2.021047
2.021071
2.021096
2.021120
2.021145
2.021169
2.021194
2.021218
2.021242
2.021267
2.021291
2.021316
2.021340
2.021364
2.021388
2.021413
2.021437
2.021461
2.021485
2.021510
2.021534
2.021558
2.021582
2.021606
2.021630
2.021654
2.021678
2.021703
2.021727
2.021751
2.021775
2.021799
2.021823
2.021847
2.021870
2.021894
2.021918
2.021942
2.021966
2.021990
2.022014
2.022038
2.022061
2.022085
2.022109
2.022133
2.022156
2.022180
2.022204
2.022227
2.022251
2.022275
2.022298
2.022322
2.022346
2.022369
2.022393
2.022416
2.022440
2.022463
2.022487
2.022510
2.022534
2.022557
2.022581
2.022604
2.022628
2.022651
2.022674
2.022698
2.022721
2.022744
2.022768
2.022791
2.022814
2.022837
2.022861
2.022884
2.022907
2.022930
2.022954
2.022977
2.023000
2.023023
2.023046
2.023069
2.023092
2.023115
2.023139
2.023162
2.023185
2.023208
2.023231
2.023254
2.023277
2.023300
2.023323
2.023345
2.023368
2.023391
2.023414
2.023437
2.023460
2.023483
2.023506
2.023528
2.023551
2.023574
2.023597
2.023619
2.023642
2.023665
2.023688
2.023710
2.023733
2.023756
2.023778
2.023801
2.023824
2.023846
2.023869
2.023891
2.023914
2.023937
2.023959
2.023982
2.024004
2.024027
2.024049
2.024072
2.024094
2.024117
2.024139
2.024161
2.024184
2.024206
2.024229
2.024251
2.024273
2.024296
2.024318
2.024340
2.024363
2.024385
2.024407
2.024429
2.024452
2.024474
2.024496
2.024518
2.024540
2.024563
2.024585
2.024607
2.024629
2.024651
2.024673
2.024695
2.024718
2.024740
2.024762
2.024784
2.024806
2.024828
2.024850
2.024872
2.024894
2.024916
2.024938
2.024960
2.024981
2.025003
2.025025
2.025047
2.025069
2.025091
2.025113
2.025135
2.025156
2.025178
2.025200
2.025222
2.025244
2.025265
2.025287
2.025309
2.025331
2.025352
2.025374
2.025396
2.025417
2.025439
2.025461
2.025482
2.025504
2.025526
2.025547
2.025569
2.025590
2.025612
2.025633
2.025655
2.025676
2.025698
2.025719
2.025741
2.025762
2.025784
2.025805
2.025827
2.025848
2.025870
2.025891
2.025912
2.025934
2.025955
2.025976
2.025998
2.026019
2.026040
2.026062
2.026083
2.026104
2.026126
2.026147
2.026168
2.026189
2.026210
2.026232
2.026253
2.026274
2.026295
2.026316
2.026338
2.026359
2.026380
2.026401
2.026422
2.026443
2.026464
2.026485
2.026506
2.026527
2.026548
2.026569
2.026590
2.026611
2.026632
2.026653
2.026674
2.026695
2.026716
2.026737
2.026758
2.026779
2.026800
2.026821
2.026841
2.026862
2.026883
2.026904
2.026925
2.026946
2.026966
2.026987
2.027008
2.027029
2.027049
2.027070
2.027091
2.027112
2.027132
2.027153
2.027174
2.027194
2.027215
2.027236
2.027256
2.027277
2.027297
2.027318
2.027339
2.027359
2.027380
2.027400
2.027421
2.027441
2.027462
2.027482
2.027503
2.027523
2.027544
2.027564
2.027585
2.027605
2.027626
2.027646
2.027666
2.027687
2.027707
2.027728
2.027748
2.027768
2.027789
2.027809
2.027829
2.027849
2.027870
2.027890
2.027910
2.027931
2.027951
2.027971
2.027991
2.028011
2.028032
2.028052
2.028072
2.028092
2.028112
2.028132
2.028153
2.028173
2.028193
2.028213
2.028233
2.028253
2.028273
2.028293
2.028313
2.028333
2.028353
2.028373
2.028393
2.028413
2.028433
2.028453
2.028473
2.028493
2.028513
2.028533
2.028553
2.028573
2.028593
2.028613
2.028632
2.028652
2.028672
2.028692
2.028712
2.028732
2.028751
2.028771
2.028791
2.028811
2.028830
2.028850
2.028870
2.028890
2.028909
2.028929
2.028949
2.028968
2.028988
2.029008
2.029027
2.029047
2.029067
2.029086
2.029106
2.029125
2.029145
2.029165
2.029184
2.029204
2.029223
2.029243
2.029262
2.029282
2.029301
2.029321
2.029340
2.029360
2.029379
2.029399
2.029418
2.029437
2.029457
2.029476
2.029496
2.029515
2.029534
2.029554
2.029573
2.029592
2.029612
2.029631
2.029650
2.029670
2.029689
2.029708
2.029727
2.029747
2.029766
2.029785
2.029804
2.029824
2.029843
2.029862
2.029881
2.029900
2.029920
2.029939
2.029958
2.029977
2.029996
2.030015
2.030034
2.030053
2.030072
2.030091
2.030110
2.030130
2.030149
2.030168
2.030187
2.030206
2.030225
2.030244
2.030263
2.030281
2.030300
2.030319
2.030338
2.030357
2.030376
2.030395
2.030414
2.030433
2.030452
2.030470
2.030489
2.030508
2.030527
2.030546
2.030565
2.030583
2.030602
2.030621
2.030640
2.030658
2.030677
2.030696
2.030715
2.030733
2.030752
2.030771
2.030789
2.030808
2.030827
2.030845
2.030864
2.030883
2.030901
2.030920
2.030938
2.030957
2.030976
2.030994
2.031013
2.031031
2.031050
2.031068
2.031087
2.031105
2.031124
2.031142
2.031161
2.031179
2.031198
2.031216
2.031234
2.031253
2.031271
2.031290
2.031308
2.031326
2.031345
2.031363
2.031382
2.031400
2.031400
2.031418
2.031437
2.031455
2.031473
2.031491
2.031510
2.031528
2.031546
2.031565
2.031583
2.031601
2.031619
2.031637
2.031656
2.031674
2.031692
2.031710
2.031728
2.031746
2.031765
2.031783
2.031801
2.031819
2.031837
2.031855
2.031873
2.031891
2.031909
2.031927
2.031945
2.031964
2.031982
2.032000
2.032018
2.032036
2.032054
2.032072
2.032089
2.032107
2.032125
2.032143
2.032161
2.032179
2.032197
2.032215
2.032233
2.032251
2.032269
2.032286
2.032304
2.032322
2.032340
2.032358
2.032376
2.032393
2.032411
2.032429
2.032447
2.032464
2.032482
2.032500
2.032518
2.032535
2.032553
2.032571
2.032588
2.032606
2.032624
2.032641
2.032659
2.032677
2.032694
2.032712
2.032730
2.032747
2.032765
2.032782
2.032800
2.032818
2.032835
2.032853
2.032870
2.032888
2.032905
2.032923
2.032940
2.032958
2.032975
2.032993
2.033010
2.033028
2.033045
2.033063
2.033080
2.033097
2.033115
2.033132
2.033150
2.033167
2.033184
2.033202
2.033219
2.033236
2.033254
2.033271
2.033288
2.033306
2.033323
2.033340
2.033357
2.033375
2.033392
2.033409
2.033426
2.033444
2.033461
2.033478
2.033495
2.033512
2.033530
2.033547
2.033564
2.033581
2.033598
2.033615
2.033633
2.033650
2.033667
2.033684
2.033701
2.033718
2.033735
2.033752
2.033769
2.033786
2.033803
2.033820
2.033837
2.033854
2.033871
2.033888
2.033905
2.033922
2.033939
2.033956
2.033973
2.033990
2.034007
2.034024
2.034041
2.034058
2.034075
2.034091
2.034108
2.034125
2.034142
2.034159
2.034176
2.034192
2.034209
2.034226
2.034243
2.034260
2.034276
2.034293
2.034310
2.034327
2.034343
2.034360
2.034377
2.034394
2.034410
2.034427
2.034444
2.034460
2.034477
2.034494
2.034510
2.034527
2.034544
2.034560
2.034577
2.034593
2.034610
2.034627
2.034643
2.034660
2.034676
2.034693
2.034709
2.034726
2.034743
2.034759
2.034776
2.034792
2.034809
2.034825
2.034842
2.034858
2.034874
2.034891
2.034907
2.034924
2.034940
2.034957
2.034973
2.034989
2.035006
2.035022
2.035039
2.035055
2.035071
2.035088
2.035104
2.035120
2.035137
2.035153
2.035169
2.035185
2.035202
2.035218
2.035234
2.035251
2.035267
2.035283
2.035299
2.035315
2.035332
2.035348
2.035364
2.035380
2.035396
2.035413
2.035429
2.035445
2.035461
2.035477
2.035493
2.035509
2.035526
2.035542
2.035558
2.035574
2.035590
2.035606
2.035622
2.035638
2.035654
2.035670
2.035686
2.035702
2.035718
2.035734
2.035750
2.035766
2.035782
2.035798
2.035814
2.035830
2.035846
2.035862
2.035878
2.035894
2.035910
2.035925
2.035941
2.035957
2.035973
2.035989
2.036005
2.036021
2.036036
2.036052
2.036068
2.036084
2.036100
2.036115
2.036131
2.036147
2.036163
2.036179
2.036194
2.036210
2.036226
2.036242
2.036257
2.036273
2.036289
2.036304
2.036320
2.036336
2.036351
2.036367
2.036383
2.036398
2.036414
2.036430
2.036445
2.036461
2.036476
2.036492
2.036508
2.036523
2.036539
2.036554
2.036570
2.036585
2.036601
2.036616
2.036632
2.036647
2.036663
2.036678
2.036694
2.036709
2.036725
2.036740
2.036756
2.036771
2.036787
2.036802
2.036818
2.036833
2.036848
2.036864
2.036879
2.036895
2.036910
2.036925
2.036941
2.036956
2.036971
2.036987
2.037002
2.037017
2.037033
2.037048
2.037063
2.037078
2.037094
2.037109
2.037124
2.037139
2.037155
2.037170
2.037185
2.037200
2.037216
2.037231
2.037246
2.037261
2.037276
2.037292
2.037307
2.037322
2.037337
2.037352
2.037367
2.037382
2.037397
2.037413
2.037428
2.037443
2.037458
2.037473
2.037488
2.037503
2.037518
2.037533
2.037548
2.037563
2.037578
2.037593
2.037608
2.037623
2.037638
2.037653
2.037668
2.037683
2.037698
2.037713
2.037728
2.037743
2.037758
2.037773
2.037788
2.037802
2.037817
2.037832
2.037847
2.037862
2.037877
2.037892
2.037906
2.037921
2.037936
2.037951
2.037966
2.037981
2.037995
2.038010
2.038025
2.038040
2.038054
2.038069
2.038084
2.038099
2.038113
2.038128
2.038143
2.038158
2.038172
2.038187
2.038202
2.038216
2.038231
2.038246
2.038260
2.038275
2.038290
2.038304
2.038319
2.038333
2.038348
2.038363
2.038377
2.038392
2.038406
2.038421
2.038435
2.038450
2.038465
2.038479
2.038494
2.038508
2.038523
2.038537
2.038552
2.038566
2.038581
2.038595
2.038610
2.038624
2.038638
2.038653
2.038667
2.038682
2.038696
2.038711
2.038725
2.038739
2.038754
2.038768
2.038782
2.038797
2.038811
2.038826
2.038840
2.038854
2.038869
2.038883
2.038897
2.038911
2.038926
2.038940
2.038954
2.038969
2.038983
2.038997
2.039011
2.039026
2.039040
2.039054
2.039068
2.039082
2.039097
2.039111
2.039125
2.039139
2.039153
2.039168
2.039182
2.039196
2.039210
2.039224
2.039238
2.039252
2.039266
2.039281
2.039295
2.039309
2.039323
2.039337
2.039351
2.039365
2.039379
2.039393
2.039407
2.039421
2.039421
2.039435
2.039449
2.039463
2.039477
2.039491
2.039505
2.039519
2.039533
2.039547
2.039561
2.039575
2.039589
2.039603
2.039617
2.039631
2.039644
2.039658
2.039672
2.039686
2.039700
2.039714
2.039728
2.039742
2.039755
2.039769
2.039783
2.039797
2.039811
2.039825
2.039838
2.039852
2.039866
2.039880
2.039893
2.039907
2.039921
2.039935
2.039948
2.039962
2.039976
2.039990
2.040003
2.040017
2.040031
2.040044
2.040058
2.040072
2.040085
2.040099
2.040113
2.040126
2.040140
2.040154
2.040167
2.040181
2.040194
2.040208
2.040221
2.040235
2.040249
2.040262
2.040276
2.040289
2.040303
2.040316
2.040330
2.040343
2.040357
2.040370
2.040384
2.040397
2.040411
2.040424
2.040438
2.040451
2.040465
2.040478
2.040492
2.040505
2.040518
2.040532
2.040545
2.040559
2.040572
2.040585
2.040599
2.040612
2.040625
2.040639
2.040652
2.040666
2.040679
2.040692
2.040705
2.040719
2.040732
2.040745
2.040759
2.040772
2.040785
2.040798
2.040812
2.040825
2.040838
2.040851
2.040865
2.040878
2.040891
2.040904
2.040917
2.040931
2.040944
2.040957
2.040970
2.040983
2.040996
2.041010
2.041023
2.041036
2.041049
2.041062
2.041075
2.041088
2.041101
2.041114
2.041127
2.041141
2.041154
2.041167
2.041180
2.041193
2.041206
2.041219
2.041232
2.041245
2.041258
2.041271
2.041284
2.041297
2.041310
2.041323
2.041336
2.041349
2.041361
2.041374
2.041387
2.041400
2.041413
2.041426
2.041439
2.041452
2.041465
2.041478
2.041490
2.041503
2.041516
2.041529
2.041542
2.041555
2.041567
2.041580
2.041593
2.041606
2.041619
2.041631
2.041644
2.041657
2.041670
2.041682
2.041695
2.041708
2.041721
2.041733
2.041746
2.041759
2.041771
2.041784
2.041797
2.041810
2.041822
2.041835
2.041848
2.041860
2.041873
2.041885
2.041898
2.041911
2.041923
2.041936
2.041948
2.041961
2.041974
2.041986
2.041999
2.042011
2.042024
2.042036
2.042049
2.042061
2.042074
2.042086
2.042099
2.042111
2.042124
2.042136
2.042149
2.042161
2.042174
2.042186
2.042199
2.042211
2.042224
2.042236
2.042248
2.042261
2.042273
2.042286
2.042298
2.042310
2.042323
2.042335
2.042347
2.042360
2.042372
2.042384
2.042397
2.042409
2.042421
2.042434
2.042446
2.042458
2.042471
2.042483
2.042495
2.042507
2.042520
2.042532
2.042544
2.042556
2.042568
2.042581
2.042593
2.042605
2.042617
2.042629
2.042642
2.042654
2.042666
2.042678
2.042690
2.042702
2.042714
2.042727
2.042739
2.042751
2.042763
2.042775
2.042787
2.042799
2.042811
2.042823
2.042835
2.042847
2.042859
2.042871
2.042883
2.042895
2.042907
2.042919
2.042931
2.042943
2.042955
2.042967
2.042979
2.042991
2.043003
2.043015
2.043027
2.043039
2.043051
2.043063
2.043075
2.043087
2.043098
2.043110
2.043122
2.043134
2.043146
2.043158
2.043170
2.043181
2.043193
2.043205
2.043217
2.043229
2.043240
2.043252
2.043264
2.043276
2.043288
2.043299
2.043311
2.043323
2.043334
2.043346
2.043358
2.043370
2.043381
2.043393
2.043405
2.043416
2.043428
2.043440
2.043451
2.043463
2.043475
2.043486
2.043498
2.043509
2.043521
2.043533
2.043544
2.043556
2.043567
2.043579
2.043591
2.043602
2.043614
2.043625
2.043637
2.043648
2.043660
2.043671
2.043683
2.043694
2.043706
2.043717
2.043729
2.043740
2.043752
2.043763
2.043774
2.043786
2.043797
2.043809
2.043820
2.043831
2.043843
2.043854
2.043866
2.043877
2.043888
2.043900
2.043911
2.043922
2.043934
2.043945
2.043956
2.043968
2.043979
2.043990
2.044001
2.044013
2.044024
2.044035
2.044047
2.044058
2.044069
2.044080
2.044091
2.044103
2.044114
2.044125
2.044136
2.044147
2.044159
2.044170
2.044181
2.044192
2.044203
2.044214
2.044225
2.044236
2.044248
2.044259
2.044270
2.044281
2.044292
2.044303
2.044314
2.044325
2.044336
2.044347
2.044358
2.044369
2.044380
2.044391
2.044402
2.044413
2.044424
2.044435
2.044446
2.044457
2.044468
2.044479
2.044490
2.044501
2.044512
2.044523
2.044533
2.044544
2.044555
2.044566
2.044577
2.044588
2.044599
2.044609
2.044620
2.044631
2.044642
2.044653
2.044664
2.044674
2.044685
2.044696
2.044707
2.044717
2.044728
2.044739
2.044750
2.044760
2.044771
2.044782
2.044792
2.044803
2.044814
2.044824
2.044835
2.044846
2.044856
2.044867
2.044878
2.044888
2.044899
2.044909
2.044920
2.044931
2.044941
2.044952
2.044962
2.044973
2.044983
2.044994
2.045005
2.045015
2.045026
2.045036
2.045047
2.045057
2.045068
2.045078
2.045088
2.045099
2.045109
2.045120
2.045130
2.045141
2.045151
2.045161
2.045172
2.045182
2.045193
2.045203
2.045213
2.045224
2.045234
2.045244
2.045255
2.045265
2.045275
2.045286
2.045296
2.045306
2.045316
2.045327
2.045337
2.045347
2.045357
2.045368
2.045378
2.045388
2.045398
2.045408
2.045419
2.045429
2.045439
2.045449
2.045459
2.045469
2.045469
2.045479
2.045490
2.045500
2.045510
2.045520
2.045530
2.045540
2.045550
2.045560
2.045570
2.045580
2.045590
2.045600
2.045610
2.045620
2.045630
2.045640
2.045650
2.045660
2.045670
2.045680
2.045690
2.045700
2.045710
2.045720
2.045730
2.045739
2.045749
2.045759
2.045769
2.045779
2.045789
2.045799
2.045808
2.045818
2.045828
2.045838
2.045848
2.045857
2.045867
2.045877
2.045887
2.045896
2.045906
2.045916
2.045925
2.045935
2.045945
2.045955
2.045964
2.045974
2.045983
2.045993
2.046003
2.046012
2.046022
2.046032
2.046041
2.046051
2.046060
2.046070
2.046079
2.046089
2.046098
2.046108
2.046117
2.046127
2.046136
2.046146
2.046155
2.046165
2.046174
2.046184
2.046193
2.046203
2.046212
2.046221
2.046231
2.046240
2.046250
2.046259
2.046268
2.046278
2.046287
2.046296
2.046305
2.046315
2.046324
2.046333
2.046343
2.046352
2.046361
2.046370
2.046379
2.046389
2.046398
2.046407
2.046416
2.046425
2.046435
2.046444
2.046453
2.046462
2.046471
2.046480
2.046489
2.046498
2.046507
2.046516
2.046525
2.046534
2.046543
2.046552
2.046561
2.046570
2.046579
2.046588
2.046597
2.046606
2.046615
2.046624
2.046633
2.046642
2.046651
2.046660
2.046668
2.046677
2.046686
2.046695
2.046704
2.046713
2.046721
2.046730
2.046739
2.046748
2.046756
2.046765
2.046774
2.046782
2.046791
2.046800
2.046809
2.046817
2.046826
2.046834
2.046843
2.046852
2.046860
2.046869
2.046877
2.046886
2.046894
2.046903
2.046911
2.046920
2.046928
2.046937
2.046945
2.046954
2.046962
2.046971
2.046979
2.046987
2.046996
2.047004
2.047013
2.047021
2.047029
2.047038
2.047046
2.047054
2.047062
2.047071
2.047079
2.047087
2.047095
2.047104
2.047112
2.047120
2.047128
2.047136
2.047144
2.047152
2.047161
2.047169
2.047177
2.047185
2.047193
2.047201
2.047209
2.047217
2.047225
2.047233
2.047241
2.047249
2.047257
2.047265
2.047272
2.047280
2.047288
2.047296
2.047304
2.047312
2.047319
2.047327
2.047335
2.047343
2.047350
2.047358
2.047366
2.047374
2.047381
2.047389
2.047397
2.047404
2.047412
2.047419
2.047427
2.047435
2.047442
2.047450
2.047457
2.047465
2.047472
2.047480
2.047487
2.047494
2.047502
2.047509
2.047517
2.047524
2.047531
2.047539
2.047546
2.047553
2.047560
2.047568
2.047575
2.047582
2.047589
2.047597
2.047604
2.047611
2.047618
2.047625
2.047632
2.047639
2.047646
2.047653
2.047660
2.047667
2.047674
2.047681
2.047688
2.047695
2.047702
2.047709
2.047716
2.047722
2.047729
2.047736
2.047743
2.047750
2.047756
2.047763
2.047770
2.047776
2.047783
2.047790
2.047796
2.047803
2.047809
2.047816
2.047822
2.047829
2.047835
2.047842
2.047848
2.047855
2.047861
2.047867
2.047874
2.047880
2.047886
2.047893
2.047899
2.047905
2.047911
2.047918
2.047924
2.047930
2.047936
2.047942
2.047948
2.047954
2.047960
2.047966
2.047972
2.047978
2.047984
2.047990
2.047996
2.048001
2.048007
2.048013
2.048019
2.048025
2.048030
2.048036
2.048042
2.048047
2.048053
2.048058
2.048064
2.048069
2.048075
2.048080
2.048086
2.048091
2.048097
2.048102
2.048107
2.048113
2.048118
2.048123
2.048128
2.048134
2.048139
2.048144
2.048149
2.048154
2.048159
2.048164
2.048169
2.048174
2.048179
2.048184
2.048189
2.048193
2.048198
2.048203
2.048208
2.048212
2.048217
2.048222
2.048226
2.048231
2.048235
2.048240
2.048244
2.048249
2.048253
2.048258
2.048262
2.048266
2.048271
2.048275
2.048279
2.048283
2.048287
2.048291
2.048296
2.048300
2.048304
2.048308
2.048311
2.048315
2.048319
2.048323
2.048327
2.048331
2.048334
2.048338
2.048342
2.048345
2.048349
2.048352
2.048356
2.048359
2.048363
2.048366
2.048369
2.048372
2.048376
2.048379
2.048382
2.048385
2.048388
2.048391
2.048394
2.048397
2.048400
2.048403
2.048406
2.048409
2.048412
2.048414
2.048417
2.048420
2.048422
2.048425
2.048427
2.048430
2.048432
2.048434
2.048437
2.048439
2.048441
2.048443
2.048446
2.048448
2.048450
2.048452
2.048454
2.048456
2.048458
2.048459
2.048461
2.048463
2.048465
2.048466
2.048468
2.048469
2.048471
2.048472
2.048474
2.048475
2.048476
2.048478
2.048479
2.048480
2.048481
2.048482
2.048483
2.048484
2.048485
2.048486
2.048487
2.048488
2.048488
2.048489
2.048490
2.048490
2.048491
2.048491
2.048492
2.048492
2.048492
2.048493
2.048493
2.048493
2.048493
2.048493
2.048493
2.048493
2.048493
2.048493
2.048493
2.048492
2.048492
2.048492
2.048491
2.048491
2.048490
2.048490
2.048489
2.048488
2.048488
2.048487
2.048486
2.048485
2.048484
2.048483
2.048482
2.048481
2.048480
2.048478
2.048477
2.048476
2.048474
2.048473
2.048472
2.048470
2.048469
2.048466
2.048467
2.048460
2.048467
2.048448
2.048480
2.048415
2.048549
2.048328
2.048905
2.048215
2.049819
2.049020
2.050477
2.049987
2.049987
2.050840
2.050202
2.050668
2.050023
2.050356
2.049815
2.050131
2.049693
2.050018
2.049642
2.049977
2.049628
2.049969
2.049631
2.049980
2.049646
2.050006
2.049676
2.050046
2.049722
2.050098
2.049780
2.050156
2.049844
2.050215
2.049907
2.050268
2.049963
2.050311
2.050009
2.050341
2.050044
2.050360
2.050066
2.050368
2.050079
2.050367
2.050083
2.050359
2.050080
2.050347
2.050074
2.050332
2.050065
2.050316
2.050054
2.050301
2.050044
2.050286
2.050034
2.050273
2.050025
2.050263
2.050019
2.050254
2.050014
2.050249
2.050012
2.050245
2.050011
2.050245
2.050013
2.050246
2.050017
2.050250
2.050023
2.050255
2.050030
2.050263
2.050040
2.050271
2.050050
2.050282
2.050062
2.050293
2.050076
2.050306
2.050090
2.050319
2.050105
2.050334
2.050121
2.050349
2.050138
2.050365
2.050155
2.050381
2.050173
2.050397
2.050192
2.050415
2.050211
2.050432
2.050230
2.050450
2.050249
2.050468
2.050269
2.050486
2.050289
2.050504
2.050308
2.050523
2.050328
2.050541
2.050349
2.050560
2.050369
2.050579
2.050389
2.050598
2.050409
2.050617
2.050429
2.050636
2.050450
2.050655
2.050470
2.050674
2.050490
2.050693
2.050510
2.050712
2.050530
2.050732
2.050551
2.050751
2.050571
2.050770
2.050591
2.050789
2.050611
2.050809
2.050631
2.050828
2.050651
2.050847
2.050672
2.050866
2.050692
2.050886
2.050712
2.050905
2.050732
2.050924
2.050752
2.050943
2.050772
2.050962
2.050792
2.050981
2.050812
2.051000
2.050832
2.051019
2.050852
2.051038
2.050872
2.051057
2.050892
2.051076
2.050911
2.051095
2.050931
2.051114
2.050951
2.051132
2.050971
2.051151
2.050990
2.051170
2.051010
2.051188
2.051029
2.051207
2.051049
2.051225
2.051068
2.051243
2.051088
2.051262
2.051107
2.051280
2.051126
2.051298
2.051145
2.051316
2.051164
2.051334
2.051183
2.051352
2.051202
2.051370
2.051221
2.051388
2.051240
2.051406
2.051259
2.051424
2.051278
2.051442
2.051296
2.051460
2.051315
2.051477
2.051333
2.051495
2.051352
2.051512
2.051370
2.051530
2.051389
2.051547
2.051407
2.051565
2.051426
2.051582
2.051444
2.051600
2.051462
2.051617
2.051480
2.051634
2.051498
2.051651
2.051516
2.051668
2.051534
2.051686
2.051552
2.051703
2.051570
2.051720
2.051588
2.051737
2.051606
2.051754
2.051624
2.051771
2.051642
2.051787
2.051659
2.051804
2.051677
2.051821
2.051695
2.051838
2.051712
2.051854
2.051730
2.051871
2.051747
2.051888
2.051765
2.051904
2.051782
2.051921
2.051800
2.051937
2.051817
2.051953
2.051834
2.051970
2.051852
2.051986
2.051869
2.052002
2.051886
2.052019
2.051903
2.052035
2.051920
2.052051
2.051937
2.052067
2.051954
2.052083
2.051971
2.052099
2.051988
2.052115
2.052005
2.052131
2.052022
2.052147
2.052039
2.052163
2.052056
2.052179
2.052072
2.052194
2.052089
2.052210
2.052106
2.052226
2.052122
2.052242
2.052139
2.052257
2.052155
2.052273
2.052172
2.052288
2.052188
2.052304
2.052205
2.052320
2.052221
2.052335
2.052238
2.052350
2.052254
2.052366
2.052270
2.052381
2.052287
2.052397
2.052303
2.052412
2.052319
2.052427
2.052335
2.052443
2.052352
2.052458
2.052368
2.052473
2.052384
2.052488
2.052400
2.052503
2.052416
2.052518
2.052432
2.052534
2.052448
2.052549
2.052464
2.052564
2.052480
2.052579
2.052496
2.052594
2.052512
2.052609
2.052527
2.052624
2.052543
2.052638
2.052559
2.052653
2.052575
2.052668
2.052591
2.052683
2.052606
2.052698
2.052622
2.052713
2.052638
2.052727
2.052653
2.052742
2.052669
2.052757
2.052685
2.052772
2.052700
2.052786
2.052716
2.052801
2.052731
2.052815
2.052747
2.052830
2.052762
2.052845
2.052778
2.052859
2.052793
2.052874
2.052808
2.052888
2.052824
2.052903
2.052839
2.052917
2.052855
2.052932
2.052870
2.052946
2.052885
2.052960
2.052901
2.052975
2.052916
2.052989
2.052931
2.053003
2.052946
2.053018
2.052961
2.053032
2.052977
2.053046
2.052992
2.053061
2.053007
2.053075
2.053022
2.053089
2.053037
2.053103
2.053052
2.053117
2.053067
2.053132
2.053082
2.053146
2.053097
2.053160
2.053112
2.053174
2.053127
2.053188
2.053142
2.053202
2.053157
2.053216
2.053172
2.053230
2.053187
2.053244
2.053202
2.053258
2.053217
2.053272
2.053232
2.053286
2.053247
2.053300
2.053262
2.053314
2.053276
2.053328
2.053291
2.053342
2.053306
2.053356
2.053321
2.053370
2.053336
2.053384
2.053350
2.053398
2.053365
2.053412
2.053380
2.053426
2.053395
2.053439
2.053409
2.053453
2.053424
2.053467
2.053439
2.053481
2.053453
2.053495
2.053468
2.053509
2.053482
2.053522
2.053497
2.053536
2.053512
2.053550
2.053526
2.053564
2.053541
2.053577
2.053555
2.053591
2.053570
2.053605
2.053584
2.053619
2.053599
2.053632
2.053613
2.053646
2.053628
2.053660
2.053642
2.053674
2.053657
2.053687
2.053671
2.053701
2.053701
2.053686
2.053715
2.053700
2.053729
2.053715
2.053742
2.053729
2.053756
2.053744
2.053770
2.053758
2.053783
2.053772
2.053797
2.053787
2.053811
2.053801
2.053825
2.053815
2.053838
2.053830
2.053852
2.053844
2.053866
2.053858
2.053879
2.053873
2.053893
2.053887
2.053907
2.053901
2.053920
2.053915
2.053934
2.053930
2.053948
2.053944
2.053962
2.053958
2.053975
2.053972
2.053989
2.053986
2.054003
2.054001
2.054016
2.054015
2.054030
2.054029
2.054044
2.054043
2.054058
2.054057
2.054071
2.054071
2.054085
2.054085
2.054099
2.054099
2.054112
2.054113
2.054126
2.054128
2.054140
2.054142
2.054154
2.054156
2.054167
2.054170
2.054181
2.054184
2.054195
2.054198
2.054208
2.054212
2.054222
2.054226
2.054236
2.054239
2.054250
2.054253
2.054263
2.054267
2.054277
2.054281
2.054291
2.054295
2.054304
2.054309
2.054318
2.054323
2.054332
2.054337
2.054345
2.054351
2.054359
2.054364
2.054373
2.054378
2.054387
2.054392
2.054400
2.054406
2.054414
2.054419
2.054428
2.054433
2.054441
2.054447
2.054455
2.054461
2.054468
2.054474
2.054482
2.054488
2.054496
2.054502
2.054509
2.054515
2.054523
2.054529
2.054536
2.054543
2.054550
2.054556
2.054564
2.054570
2.054577
2.054584
2.054591
2.054597
2.054604
2.054611
2.054618
2.054624
2.054631
2.054638
2.054645
2.054651
2.054658
2.054665
2.054672
2.054678
2.054685
2.054692
2.054699
2.054705
2.054712
2.054719
2.054725
2.054732
2.054739
2.054745
2.054752
2.054759
2.054766
2.054772
2.054779
2.054786
2.054792
2.054799
2.054806
2.054812
2.054819
2.054825
2.054832
2.054839
2.054845
2.054852
2.054859
2.054865
2.054872
2.054878
2.054885
2.054892
2.054898
2.054905
2.054911
2.054918
2.054924
2.054931
2.054938
2.054944
2.054951
2.054957
2.054964
2.054970
2.054977
2.054983
2.054990
2.054996
2.055003
2.055009
2.055016
2.055022
2.055028
2.055035
2.055041
2.055048
2.055054
2.055061
2.055067
2.055073
2.055080
2.055086
2.055093
2.055099
2.055105
2.055112
2.055118
2.055124
2.055131
2.055137
2.055143
2.055150
2.055156
2.055162
2.055169
2.055175
2.055181
2.055187
2.055194
2.055200
2.055206
2.055212
2.055218
2.055225
2.055231
2.055237
2.055243
2.055249
2.055255
2.055262
2.055268
2.055274
2.055280
2.055286
2.055292
2.055298
2.055304
2.055310
2.055316
2.055322
2.055328
2.055334
2.055340
2.055346
2.055352
2.055358
2.055364
2.055370
2.055376
2.055382
2.055388
2.055393
2.055399
2.055405
2.055411
2.055417
2.055423
2.055428
2.055434
2.055440
2.055446
2.055451
2.055457
2.055463
2.055468
2.055474
2.055480
2.055485
2.055491
2.055496
2.055502
2.055508
2.055513
2.055519
2.055524
2.055530
2.055535
2.055541
2.055546
2.055551
2.055557
2.055562
2.055567
2.055573
2.055578
2.055583
2.055589
2.055594
2.055599
2.055604
2.055610
2.055615
2.055620
2.055625
2.055630
2.055635
2.055640
2.055645
2.055650
2.055655
2.055660
2.055665
2.055670
2.055675
2.055680
2.055685
2.055690
2.055695
2.055699
2.055704
2.055709
2.055713
2.055718
2.055723
2.055727
2.055732
2.055737
2.055741
2.055746
2.055750
2.055755
2.055759
2.055763
2.055768
2.055772
2.055777
2.055781
2.055785
2.055789
2.055793
2.055798
2.055802
2.055806
2.055810
2.055814
2.055818
2.055822
2.055826
2.055830
2.055834
2.055838
2.055841
2.055845
2.055849
2.055853
2.055856
2.055860
2.055863
2.055867
2.055870
2.055874
2.055877
2.055881
2.055884
2.055887
2.055891
2.055894
2.055897
2.055900
2.055904
2.055907
2.055910
2.055913
2.055916
2.055919
2.055921
2.055924
2.055927
2.055930
2.055933
2.055935
2.055938
2.055940
2.055943
2.055945
2.055948
2.055950
2.055952
2.055955
2.055957
2.055959
2.055961
2.055963
2.055965
2.055967
2.055969
2.055971
2.055973
2.055975
2.055977
2.055978
2.055980
2.055982
2.055983
2.055985
2.055986
2.055987
2.055989
2.055990
2.055991
2.055992
2.055993
2.055994
2.055995
2.055996
2.055997
2.055998
2.055999
2.055999
2.056000
2.056000
2.056001
2.056001
2.056002
2.056002
2.056002
2.056002
2.056003
2.056003
2.056003
2.056002
2.056002
2.056002
2.056002
2.056001
2.056001
2.056001
2.056000
2.055999
2.055999
2.055998
2.055997
2.055996
2.055995
2.055994
2.055993
2.055992
2.055991
2.055989
2.055988
2.055986
2.055985
2.055983
2.055981
2.055980
2.055978
2.055976
2.055974
2.055972
2.055970
2.055967
2.055965
2.055963
2.055960
2.055958
2.055955
2.055953
2.055949
2.055947
2.055942
2.055943
2.055934
2.055939
2.055923
2.055940
2.055905
2.055954
2.055868
2.056009
2.055795
2.056198
2.055701
2.056676
2.055910
2.057198
2.056622
2.057602
2.057102
2.057672
2.057160
2.057488
2.057036
2.057269
2.056909
2.057112
2.056829
2.057019
2.056787
2.056968
2.056764
2.056937
2.056751
2.056922
2.056747
2.056919
2.056754
2.056754
2.056931
2.056771
2.056954
2.056794
2.056984
2.056821
2.057018
2.056847
2.057052
2.056869
2.057082
2.056885
2.057109
2.056896
2.057130
2.056901
2.057148
2.056904
2.057162
2.056904
2.057172
2.056903
2.057179
2.056902
2.057182
2.056901
2.057182
2.056900
2.057178
2.056899
2.057171
2.056897
2.057161
2.056894
2.057150
2.056891
2.057139
2.056889
2.057128
2.056886
2.057118
2.056885
2.057110
2.056884
2.057104
2.056885
2.057100
2.056887
2.057099
2.056890
2.057100
2.056894
2.057103
2.056899
2.057108
2.056904
2.057115
2.056910
2.057123
2.056916
2.057132
2.056923
2.057142
2.056930
2.057153
2.056937
2.057165
2.056944
2.057178
2.056952
2.057191
2.056960
2.057205
2.056970
2.057218
2.056979
2.057232
2.056990
2.057246
2.057000
2.057259
2.057012
2.057272
2.057023
2.057285
2.057035
2.057296
2.057047
2.057307
2.057058
2.057318
2.057070
2.057328
2.057081
2.057338
2.057092
2.057347
2.057103
2.057357
2.057114
2.057366
2.057124
2.057376
2.057134
2.057386
2.057145
2.057397
2.057155
2.057407
2.057165
2.057419
2.057176
2.057430
2.057186
2.057442
2.057196
2.057455
2.057207
2.057467
2.057217
2.057480
2.057228
2.057493
2.057239
2.057506
2.057250
2.057519
2.057261
2.057532
2.057272
2.057545
2.057283
2.057557
2.057294
2.057570
2.057305
2.057581
2.057317
2.057593
2.057328
2.057605
2.057338
2.057616
2.057349
2.057627
2.057360
2.057638
2.057370
2.057649
2.057381
2.057660
2.057391
2.057671
2.057402
2.057682
2.057412
2.057693
2.057423
2.057704
2.057433
2.057716
2.057443
2.057727
2.057454
2.057739
2.057464
2.057751
2.057475
2.057763
2.057485
2.057775
2.057496
2.057787
2.057507
2.057798
2.057517
2.057810
2.057528
2.057822
2.057538
2.057833
2.057549
2.057845
2.057559
2.057856
2.057570
2.057868
2.057580
2.057879
2.057590
2.057890
2.057601
2.057901
2.057611
2.057912
2.057621
2.057923
2.057631
2.057934
2.057641
2.057945
2.057651
2.057956
2.057662
2.057967
2.057672
2.057978
2.057682
2.057990
2.057692
2.058001
2.057702
2.058012
2.057712
2.058023
2.057722
2.058034
2.057732
2.058045
2.057742
2.058057
2.057752
2.058068
2.057763
2.058079
2.057773
2.058090
2.057783
2.058101
2.057793
2.058112
2.057802
2.058123
2.057812
2.058133
2.057822
2.058144
2.057832
2.058155
2.057842
2.058166
2.057852
2.058177
2.057862
2.058188
2.057871
2.058198
2.057881
2.058209
2.057891
2.058220
2.057901
2.058231
2.057911
2.058241
2.057920
2.058252
2.057930
2.058263
2.057940
2.058274
2.057949
2.058284
2.057959
2.058295
2.057969
2.058306
2.057979
2.058317
2.057988
2.058327
2.057998
2.058338
2.058007
2.058348
2.058017
2.058359
2.058027
2.058370
2.058036
2.058380
2.058046
2.058391
2.058055
2.058401
2.058065
2.058412
2.058074
2.058422
2.058084
2.058433
2.058093
2.058443
2.058103
2.058454
2.058112
2.058464
2.058122
2.058475
2.058131
2.058485
2.058141
2.058496
2.058150
2.058506
2.058160
2.058517
2.058169
2.058527
2.058178
2.058537
2.058188
2.058548
2.058197
2.058558
2.058206
2.058569
2.058216
2.058579
2.058225
2.058589
2.058234
2.058600
2.058244
2.058610
2.058253
2.058620
2.058262
2.058631
2.058272
2.058641
2.058281
2.058651
2.058290
2.058661
2.058299
2.058672
2.058309
2.058682
2.058318
2.058692
2.058327
2.058702
2.058336
2.058713
2.058345
2.058723
2.058355
2.058733
2.058364
2.058743
2.058373
2.058753
2.058382
2.058764
2.058391
2.058774
2.058400
2.058784
2.058410
2.058794
2.058419
2.058804
2.058428
2.058814
2.058437
2.058824
2.058446
2.058834
2.058455
2.058844
2.058464
2.058855
2.058473
2.058865
2.058482
2.058875
2.058491
2.058885
2.058500
2.058895
2.058509
2.058905
2.058518
2.058915
2.058527
2.058925
2.058536
2.058935
2.058545
2.058945
2.058554
2.058955
2.058563
2.058965
2.058572
2.058975
2.058581
2.058985
2.058590
2.058995
2.058599
2.059005
2.058608
2.059014
2.058616
2.059024
2.058625
2.059034
2.058634
2.059044
2.058643
2.059054
2.058652
2.059064
2.058661
2.059074
2.058670
2.059084
2.058678
2.059094
2.058687
2.059103
2.058696
2.059113
2.058705
2.059123
2.058713
2.059133
2.058722
2.059143
2.058731
2.059152
2.058740
2.059162
2.058749
2.059172
2.058757
2.059182
2.058766
2.059192
2.058775
2.059201
2.058783
2.059211
2.058792
2.059221
2.058801
2.059230
2.058809
2.059240
2.058818
2.059250
2.058827
2.059260
2.058835
2.059269
2.058844
2.059279
2.058853
2.059289
2.058861
2.059298
2.058870
2.059308
2.058878
2.059318
2.058887
2.059327
2.058896
2.059337
2.058904
2.059346
2.058913
2.059356
2.058921
2.059366
2.058930
2.059375
2.058938
2.059385
2.058947
2.059394
2.058955
2.059404
2.058964
2.059413
2.058972
2.059423
2.058981
2.059432
2.058989
2.059442
2.058998
2.059451
2.059006
2.059461
2.059015
2.059470
2.059470
2.059023
2.059480
2.059032
2.059489
2.059040
2.059499
2.059048
2.059508
2.059057
2.059518
2.059065
2.059527
2.059074
2.059537
2.059082
2.059546
2.059090
2.059555
2.059099
2.059565
2.059107
2.059574
2.059115
2.059584
2.059124
2.059593
2.059132
2.059602
2.059140
2.059612
2.059149
2.059621
2.059157
2.059630
2.059165
2.059640
2.059173
2.059649
2.059182
2.059658
2.059190
2.059668
2.059198
2.059677
2.059206
2.059686
2.059215
2.059695
2.059223
2.059705
2.059231
2.059714
2.059239
2.059723
2.059247
2.059732
2.059256
2.059742
2.059264
2.059751
2.059272
2.059760
2.059280
2.059769
2.059288
2.059778
2.059296
2.059788
2.059304
2.059797
2.059313
2.059806
2.059321
2.059815
2.059329
2.059824
2.059337
2.059833
2.059345
2.059842
2.059353
2.059852
2.059361
2.059861
2.059369
2.059870
2.059377
2.059879
2.059385
2.059888
2.059393
2.059897
2.059401
2.059906
2.059409
2.059915
2.059417
2.059924
2.059425
2.059933
2.059433
2.059942
2.059441
2.059951
2.059449
2.059960
2.059457
2.059969
2.059465
2.059978
2.059473
2.059987
2.059481
2.059996
2.059489
2.060005
2.059497
2.060014
2.059505
2.060023
2.059512
2.060032
2.059520
2.060041
2.059528
2.060050
2.059536
2.060059
2.059544
2.060068
2.059552
2.060076
2.059560
2.060085
2.059567
2.060094
2.059575
2.060103
2.059583
2.060112
2.059591
2.060121
2.059599
2.060129
2.059606
2.060138
2.059614
2.060147
2.059622
2.060156
2.059630
2.060165
2.059637
2.060173
2.059645
2.060182
2.059653
2.060191
2.059661
2.060200
2.059668
2.060209
2.059676
2.060217
2.059684
2.060226
2.059691
2.060235
2.059699
2.060243
2.059707
2.060252
2.059714
2.060261
2.059722
2.060269
2.059730
2.060278
2.059737
2.060287
2.059745
2.060295
2.059753
2.060304
2.059760
2.060313
2.059768
2.060321
2.059775
2.060330
2.059783
2.060339
2.059791
2.060347
2.059798
2.060356
2.059806
2.060364
2.059813
2.060373
2.059821
2.060381
2.059828
2.060390
2.059836
2.060399
2.059843
2.060407
2.059851
2.060416
2.059858
2.060424
2.059866
2.060433
2.059873
2.060441
2.059881
2.060450
2.059888
2.060458
2.059896
2.060467
2.059903
2.060475
2.059911
2.060484
2.059918
2.060492
2.059926
2.060500
2.059933
2.060509
2.059940
2.060517
2.059948
2.060526
2.059955
2.060534
2.059963
2.060542
2.059970
2.060551
2.059977
2.060559
2.059985
2.060568
2.059992
2.060576
2.060000
2.060584
2.060007
2.060593
2.060014
2.060601
2.060022
2.060609
2.060029
2.060618
2.060036
2.060626
2.060044
2.060634
2.060051
2.060643
2.060058
2.060651
2.060066
2.060659
2.060073
2.060667
2.060080
2.060676
2.060087
2.060684
2.060095
2.060692
2.060102
2.060700
2.060109
2.060709
2.060116
2.060717
2.060124
2.060725
2.060131
2.060733
2.060138
2.060741
2.060145
2.060750
2.060153
2.060758
2.060160
2.060766
2.060167
2.060774
2.060174
2.060782
2.060181
2.060790
2.060189
2.060799
2.060196
2.060807
2.060203
2.060815
2.060210
2.060823
2.060217
2.060831
2.060224
2.060839
2.060232
2.060847
2.060239
2.060855
2.060246
2.060863
2.060253
2.060871
2.060260
2.060880
2.060267
2.060888
2.060274
2.060896
2.060282
2.060904
2.060289
2.060912
2.060296
2.060920
2.060303
2.060928
2.060310
2.060936
2.060317
2.060944
2.060324
2.060952
2.060331
2.060960
2.060338
2.060968
2.060345
2.060976
2.060352
2.060984
2.060360
2.060992
2.060367
2.061000
2.060374
2.061008
2.060381
2.061015
2.060388
2.061023
2.060395
2.061031
2.060402
2.061039
2.060409
2.061047
2.060416
2.061055
2.060423
2.061063
2.060430
2.061071
2.060437
2.061079
2.060444
2.061087
2.060451
2.061095
2.060458
2.061102
2.060465
2.061110
2.060472
2.061118
2.060479
2.061126
2.060486
2.061134
2.060493
2.061142
2.060500
2.061150
2.060507
2.061157
2.060514
2.061165
2.060521
2.061173
2.060528
2.061181
2.060535
2.061189
2.060542
2.061196
2.060549
2.061204
2.060556
2.061212
2.060563
2.061220
2.060570
2.061228
2.060577
2.061235
2.060584
2.061243
2.060591
2.061251
2.060598
2.061259
2.060605
2.061266
2.060612
2.061274
2.060619
2.061282
2.060626
2.061290
2.060633
2.061297
2.060640
2.061305
2.060647
2.061313
2.060654
2.061321
2.060661
2.061328
2.060668
2.061336
2.060675
2.061344
2.060682
2.061351
2.060689
2.061359
2.060696
2.061367
2.060702
2.061375
2.060709
2.061382
2.060716
2.061390
2.060723
2.061398
2.060730
2.061405
2.060737
2.061413
2.060744
2.061421
2.060751
2.061428
2.060758
2.061436
2.060765
2.061444
2.060772
2.061451
2.060779
2.061459
2.060786
2.061467
2.060793
2.061474
2.060800
2.061482
2.060807
2.061490
2.060814
2.061497
2.060821
2.061505
2.060828
2.061513
2.060835
2.061520
2.060842
2.061528
2.060849
2.061536
2.060856
2.061543
2.060863
2.061551
2.060870
2.061559
2.060877
2.061566
2.060885
2.060885
2.061574
2.060892
2.061582
2.060899
2.061589
2.060906
2.061597
2.060913
2.061604
2.060920
2.061612
2.060927
2.061620
2.060934
2.061627
2.060941
2.061635
2.060948
2.061643
2.060955
2.061650
2.060962
2.061658
2.060969
2.061666
2.060977
2.061673
2.060984
2.061681
2.060991
2.061689
2.060998
2.061696
2.061005
2.061704
2.061012
2.061711
2.061020
2.061719
2.061027
2.061727
2.061034
2.061734
2.061041
2.061742
2.061048
2.061750
2.061055
2.061757
2.061063
2.061765
2.061070
2.061773
2.061077
2.061780
2.061084
2.061788
2.061092
2.061796
2.061099
2.061803
2.061106
2.061811
2.061114
2.061819
2.061121
2.061827
2.061128
2.061834
2.061136
2.061842
2.061143
2.061850
2.061150
2.061857
2.061158
2.061865
2.061165
2.061873
2.061172
2.061880
2.061180
2.061888
2.061187
2.061896
2.061195
2.061904
2.061202
2.061911
2.061210
2.061919
2.061217
2.061927
2.061224
2.061935
2.061232
2.061942
2.061240
2.061950
2.061247
2.061958
2.061255
2.061966
2.061262
2.061974
2.061270
2.061981
2.061277
2.061989
2.061285
2.061997
2.061293
2.062005
2.061300
2.062013
2.061308
2.062020
2.061316
2.062028
2.061323
2.062036
2.061331
2.062044
2.061339
2.062052
2.061347
2.062060
2.061354
2.062068
2.061362
2.062076
2.061370
2.062083
2.061378
2.062091
2.061386
2.062099
2.061394
2.062107
2.061402
2.062115
2.061409
2.062123
2.061417
2.062131
2.061425
2.062139
2.061433
2.062147
2.061441
2.062155
2.061449
2.062163
2.061457
2.062171
2.061466
2.062179
2.061474
2.062187
2.061482
2.062195
2.061490
2.062203
2.061498
2.062212
2.061506
2.062220
2.061515
2.062228
2.061523
2.062236
2.061531
2.062244
2.061540
2.062252
2.061548
2.062260
2.061556
2.062269
2.061565
2.062277
2.061573
2.062285
2.061582
2.062293
2.061590
2.062302
2.061599
2.062310
2.061607
2.062318
2.061616
2.062326
2.061624
2.062335
2.061633
2.062343
2.061642
2.062351
2.061650
2.062360
2.061659
2.062368
2.061668
2.062377
2.061677
2.062385
2.061685
2.062394
2.061694
2.062402
2.061703
2.062411
2.061712
2.062419
2.061721
2.062428
2.061730
2.062436
2.061739
2.062445
2.061748
2.062453
2.061757
2.062462
2.061766
2.062470
2.061776
2.062479
2.061785
2.062488
2.061794
2.062497
2.061803
2.062505
2.061813
2.062514
2.061822
2.062523
2.061832
2.062532
2.061841
2.062540
2.061851
2.062549
2.061860
2.062558
2.061870
2.062567
2.061879
2.062576
2.061889
2.062585
2.061899
2.062594
2.061908
2.062603
2.061918
2.062612
2.061928
2.062621
2.061938
2.062630
2.061948
2.062639
2.061958
2.062648
2.061968
2.062657
2.061978
2.062666
2.061988
2.062675
2.061998
2.062685
2.062009
2.062694
2.062019
2.062703
2.062029
2.062713
2.062040
2.062722
2.062050
2.062731
2.062061
2.062741
2.062071
2.062750
2.062082
2.062760
2.062092
2.062769
2.062103
2.062779
2.062114
2.062788
2.062125
2.062798
2.062135
2.062807
2.062146
2.062817
2.062157
2.062827
2.062168
2.062836
2.062179
2.062846
2.062190
2.062856
2.062202
2.062866
2.062213
2.062876
2.062224
2.062885
2.062236
2.062895
2.062247
2.062905
2.062259
2.062915
2.062270
2.062925
2.062282
2.062935
2.062293
2.062945
2.062305
2.062956
2.062317
2.062966
2.062329
2.062976
2.062341
2.062986
2.062353
2.062996
2.062365
2.063007
2.062377
2.063017
2.062389
2.063028
2.062402
2.063038
2.062414
2.063048
2.062427
2.063059
2.062439
2.063070
2.062452
2.063080
2.062464
2.063091
2.062477
2.063101
2.062490
2.063112
2.062503
2.063123
2.062516
2.063134
2.062529
2.063145
2.062542
2.063155
2.062555
2.063166
2.062568
2.063177
2.062582
2.063188
2.062595
2.063199
2.062609
2.063210
2.062622
2.063222
2.062636
2.063233
2.062650
2.063244
2.062663
2.063255
2.062677
2.063267
2.062691
2.063278
2.062706
2.063289
2.062720
2.063301
2.062734
2.063312
2.062748
2.063324
2.062763
2.063335
2.062777
2.063347
2.062792
2.063359
2.062807
2.063370
2.062822
2.063382
2.062837
2.063394
2.062852
2.063406
2.062867
2.063418
2.062882
2.063430
2.062898
2.063442
2.062913
2.063454
2.062929
2.063466
2.062944
2.063478
2.062960
2.063490
2.062976
2.063502
2.062992
2.063515
2.063008
2.063527
2.063024
2.063539
2.063041
2.063552
2.063057
2.063564
2.063074
2.063577
2.063090
2.063589
2.063107
2.063602
2.063124
2.063615
2.063141
2.063627
2.063158
2.063640
2.063176
2.063653
2.063193
2.063666
2.063211
2.063678
2.063228
2.063691
2.063246
2.063704
2.063264
2.063717
2.063282
2.063730
2.063300
2.063743
2.063319
2.063757
2.063337
2.063770
2.063356
2.063783
2.063375
2.063796
2.063394
2.063809
2.063413
2.063823
2.063433
2.063836
2.063452
2.063849
2.063472
2.063863
2.063492
2.063876
2.063512
2.063890
2.063532
2.063903
2.063553
2.063917
2.063574
2.063930
2.063594
2.063944
2.063616
2.063957
2.063957
2.063637
2.063971
2.063659
2.063985
2.063681
2.063998
2.063703
2.064012
2.063725
2.064026
2.063748
2.064040
2.063771
2.064053
2.063794
2.064067
2.063818
2.064081
2.063842
2.064095
2.063867
2.064109
2.063892
2.064123
2.063917
2.064137
2.063943
2.064151
2.063969
2.064166
2.063996
2.064181
2.064023
2.064195
2.064051
2.064211
2.064080
2.064226
2.064109
2.064243
2.064139
2.064260
2.064170
2.064277
2.064201
2.064296
2.064233
2.064316
2.064266
2.064338
2.064299
2.064361
2.064334
2.064385
2.064368
2.064412
2.064404
2.064441
2.064440
2.064471
2.064476
2.064504
2.064514
2.064539
2.064552
2.064575
2.064592
2.064614
2.064632
2.064654
2.064674
2.064695
2.064716
2.064738
2.064760
2.064783
2.064806
2.064829
2.064853
2.064877
2.064901
2.064926
2.064951
2.064976
2.065002
2.065028
2.065054
2.065081
2.065108
2.065136
2.065163
2.065191
2.065220
2.065248
2.065277
2.065306
2.065336
2.065366
2.065396
2.065426
2.065456
2.065487
2.065518
2.065549
2.065580
2.065611
2.065642
2.065674
2.065705
2.065737
2.065769
2.065800
2.065832
2.065864
2.065895
2.065927
2.065959
2.065990
2.066021
2.066053
2.066084
2.066115
2.066145
2.066176
2.066206
2.066236
2.066266
2.066296
2.066325
2.066354
2.066383
2.066412
2.066440
2.066468
2.066496
2.066523
2.066550
2.066576
2.066603
2.066628
2.066654
2.066679
2.066704
2.066728
2.066753
2.066776
2.066800
2.066823
2.066845
2.066868
2.066890
2.066911
2.066932
2.066953
2.066974
2.066994
2.067014
2.067033
2.067053
2.067072
2.067090
2.067108
2.067126
2.067144
2.067161
2.067178
2.067195
2.067211
2.067228
2.067243
2.067259
2.067274
2.067289
2.067304
2.067319
2.067333
2.067347
2.067361
2.067374
2.067387
2.067400
2.067413
2.067425
2.067438
2.067450
2.067462
2.067473
2.067484
2.067496
2.067506
2.067517
2.067528
2.067538
2.067548
2.067558
2.067568
2.067577
2.067587
2.067596
2.067605
2.067614
2.067623
2.067631
2.067640
2.067648
2.067656
2.067664
2.067672
2.067680
2.067687
2.067695
2.067702
2.067710
2.067717
2.067724
2.067731
2.067738
2.067745
2.067752
2.067759
2.067766
2.067772
2.067779
2.067786
2.067792
2.067799
2.067806
2.067812
2.067819
2.067825
2.067832
2.067838
2.067845
2.067852
2.067858
2.067865
2.067871
2.067878
2.067885
2.067892
2.067898
2.067905
2.067912
2.067919
2.067926
2.067933
2.067940
2.067947
2.067955
2.067962
2.067969
2.067977
2.067984
2.067992
2.068000
2.068007
2.068015
2.068023
2.068031
2.068039
2.068047
2.068056
2.068064
2.068072
2.068081
2.068089
2.068098
2.068107
2.068116
2.068125
2.068134
2.068143
2.068152
2.068161
2.068171
2.068180
2.068190
2.068199
2.068209
2.068219
2.068229
2.068239
2.068249
2.068259
2.068269
2.068279
2.068290
2.068300
2.068311
2.068321
2.068332
2.068343
2.068354
2.068365
2.068376
2.068387
2.068398
2.068409
2.068420
2.068432
2.068443
2.068454
2.068466
2.068477
2.068489
2.068501
2.068512
2.068524
2.068536
2.068548
2.068560
2.068572
2.068584
2.068596
2.068608
2.068620
2.068633
2.068645
2.068657
2.068670
2.068682
2.068695
2.068707
2.068720
2.068732
2.068745
2.068758
2.068771
2.068783
2.068796
2.068809
2.068822
2.068835
2.068848
2.068861
2.068874
2.068887
2.068900
2.068913
2.068926
2.068939
2.068953
2.068966
2.068979
2.068993
2.069006
2.069019
2.069033
2.069046
2.069059
2.069073
2.069086
2.069100
2.069114
2.069127
2.069141
2.069154
2.069168
2.069182
2.069195
2.069209
2.069223
2.069237
2.069250
2.069264
2.069278
2.069292
2.069306
2.069320
2.069334
2.069348
2.069362
2.069376
2.069390
2.069404
2.069418
2.069432
2.069446
2.069460
2.069474
2.069488
2.069502
2.069516
2.069530
2.069545
2.069559
2.069573
2.069587
2.069602
2.069616
2.069630
2.069644
2.069659
2.069673
2.069687
2.069702
2.069716
2.069730
2.069745
2.069759
2.069774
2.069788
2.069802
2.069817
2.069831
2.069846
2.069860
2.069875
2.069889
2.069904
2.069918
2.069933
2.069947
2.069962
2.069976
2.069991
2.070006
2.070020
2.070035
2.070049
2.070064
2.070078
2.070093
2.070108
2.070122
2.070137
2.070152
2.070166
2.070181
2.070196
2.070210
2.070225
2.070240
2.070254
2.070269
2.070284
2.070298
2.070313
2.070328
2.070342
2.070357
2.070372
2.070387
2.070401
2.070416
2.070431
2.070445
2.070460
2.070475
2.070490
2.070504
2.070519
2.070534
2.070549
2.070563
2.070578
2.070593
2.070607
2.070622
2.070637
2.070652
2.070666
2.070681
2.070696
2.070711
2.070725
2.070740
2.070755
2.070770
2.070784
2.070799
2.070814
2.070829
2.070843
2.070858
2.070873
2.070888
2.070902
2.070917
2.070932
2.070947
2.070961
2.070976
2.070991
2.071005
2.071020
2.071035
2.071050
2.071064
2.071079
2.071094
2.071108
2.071123
2.071138
2.071153
2.071167
2.071182
2.071197
2.071211
2.071211
2.071226
2.071241
2.071255
2.071270
2.071285
2.071299
2.071314
2.071329
2.071343
2.071358
2.071373
2.071387
2.071402
2.071416
2.071431
2.071446
2.071460
2.071475
2.071489
2.071504
2.071519
2.071533
2.071548
2.071562
2.071577
2.071592
2.071606
2.071621
2.071635
2.071650
2.071664
2.071679
2.071693
2.071708
2.071722
2.071737
2.071751
2.071766
2.071780
2.071795
2.071809
2.071824
2.071838
2.071853
2.071867
2.071882
2.071896
2.071910
2.071925
2.071939
2.071954
2.071968
2.071983
2.071997
2.072011
2.072026
2.072040
2.072054
2.072069
2.072083
2.072097
2.072112
2.072126
2.072140
2.072155
2.072169
2.072183
2.072198
2.072212
2.072226
2.072240
2.072255
2.072269
2.072283
2.072297
2.072312
2.072326
2.072340
2.072354
2.072369
2.072383
2.072397
2.072411
2.072425
2.072439
2.072454
2.072468
2.072482
2.072496
2.072510
2.072524
2.072538
2.072552
2.072567
2.072581
2.072595
2.072609
2.072623
2.072637
2.072651
2.072665
2.072679
2.072693
2.072707
2.072721
2.072735
2.072749
2.072763
2.072777
2.072791
2.072805
2.072819
2.072833
2.072846
2.072860
2.072874
2.072888
2.072902
2.072916
2.072930
2.072944
2.072958
2.072971
2.072985
2.072999
2.073013
2.073027
2.073040
2.073054
2.073068
2.073082
2.073096
2.073109
2.073123
2.073137
2.073151
2.073164
2.073178
2.073192
2.073205
2.073219
2.073233
2.073246
2.073260
2.073274
2.073287
2.073301
2.073315
2.073328
2.073342
2.073355
2.073369
2.073382
2.073396
2.073410
2.073423
2.073437
2.073450
2.073464
2.073477
2.073491
2.073504
2.073518
2.073531
2.073545
2.073558
2.073572
2.073585
2.073598
2.073612
2.073625
2.073639
2.073652
2.073665
2.073679
2.073692
2.073706
2.073719
2.073732
2.073746
2.073759
2.073772
2.073785
2.073799
2.073812
2.073825
2.073839
2.073852
2.073865
2.073878
2.073892
2.073905
2.073918
2.073931
2.073944
2.073958
2.073971
2.073984
2.073997
2.074010
2.074023
2.074036
2.074050
2.074063
2.074076
2.074089
2.074102
2.074115
2.074128
2.074141
2.074154
2.074167
2.074180
2.074193
2.074206
2.074219
2.074232
2.074245
2.074258
2.074271
2.074284
2.074297
2.074310
2.074323
2.074336
2.074349
2.074362
2.074374
2.074387
2.074400
2.074413
2.074426
2.074439
2.074452
2.074464
2.074477
2.074490
2.074503
2.074516
2.074528
2.074541
2.074554
2.074567
2.074579
2.074592
2.074605
2.074618
2.074630
2.074643
2.074656
2.074668
2.074681
2.074694
2.074706
2.074719
2.074732
2.074744
2.074757
2.074769
2.074782
2.074795
2.074807
2.074820
2.074832
2.074845
2.074858
2.074870
2.074883
2.074895
2.074908
2.074920
2.074933
2.074945
2.074958
2.074970
2.074982
2.074995
2.075007
2.075020
2.075032
2.075045
2.075057
2.075069
2.075082
2.075094
2.075107
2.075119
2.075131
2.075144
2.075156
2.075168
2.075181
2.075193
2.075205
2.075218
2.075230
2.075242
2.075254
2.075267
2.075279
2.075291
2.075303
2.075316
2.075328
2.075340
2.075352
2.075364
2.075377
2.075389
2.075401
2.075413
2.075425
2.075437
2.075449
2.075462
2.075474
2.075486
2.075498
2.075510
2.075522
2.075534
2.075546
2.075558
2.075570
2.075582
2.075594
2.075606
2.075618
2.075630
2.075642
2.075654
2.075666
2.075678
2.075690
2.075702
2.075714
2.075726
2.075738
2.075750
2.075762
2.075774
2.075786
2.075798
2.075809
2.075821
2.075833
2.075845
2.075857
2.075869
2.075881
2.075892
2.075904
2.075916
2.075928
2.075940
2.075951
2.075963
2.075975
2.075987
2.075998
2.076010
2.076022
2.076034
2.076045
2.076057
2.076069
2.076080
2.076092
2.076104
2.076115
2.076127
2.076139
2.076150
2.076162
2.076174
2.076185
2.076197
2.076209
2.076220
2.076232
2.076243
2.076255
2.076266
2.076278
2.076290
2.076301
2.076313
2.076324
2.076336
2.076347
2.076359
2.076370
2.076382
2.076393
2.076405
2.076416
2.076428
2.076439
2.076451
2.076462
2.076473
2.076485
2.076496
2.076508
2.076519
2.076531
2.076542
2.076553
2.076565
2.076576
2.076588
2.076599
2.076610
2.076622
2.076633
2.076645
2.076656
2.076667
2.076679
2.076690
2.076701
2.076713
2.076724
2.076735
2.076747
2.076758
2.076769
2.076780
2.076792
2.076803
2.076814
2.076825
2.076836
2.076847
2.076859
2.076870
2.076881
2.076892
2.076903
2.076914
2.076925
2.076935
2.076946
2.076957
2.076968
2.076978
2.076989
2.077000
2.077010
2.077021
2.077031
2.077041
2.077051
2.077061
2.077072
2.077082
2.077091
2.077101
2.077111
2.077121
2.077130
2.077140
2.077149
2.077159
2.077168
2.077177
2.077186
2.077196
2.077205
2.077214
2.077223
2.077232
2.077241
2.077251
2.077260
2.077269
2.077279
2.077289
2.077299
2.077309
2.077320
2.077331
2.077342
2.077354
2.077367
2.077381
2.077396
2.077412
2.077429
2.077448
2.077470
2.077493
2.077520
2.077551
2.077586
2.077626
2.077673
2.077727
2.077790
2.077790
2.077862
2.077945
2.078036
2.078135
2.078234
2.078326
2.078401
2.078447
2.078456
2.078425
2.078356
2.078254
2.078130
2.077996
2.077864
2.077744
2.077649
2.077588
2.077565
2.077585
2.077646
2.077743
2.077867
2.078007
2.078153
2.078297
2.078430
2.078548
2.078651
2.078736
2.078806
2.078860
2.078901
2.078930
2.078949
2.078960
2.078962
2.078959
2.078950
2.078939
2.078925
2.078910
2.078895
2.078882
2.078872
2.078864
2.078860
2.078861
2.078866
2.078876
2.078890
2.078910
2.078933
2.078961
2.078993
2.079028
2.079067
2.079108
2.079152
2.079197
2.079244
2.079292
2.079341
2.079391
2.079440
2.079489
2.079537
2.079585
2.079632
2.079677
2.079721
2.079763
2.079803
2.079841
2.079878
2.079912
2.079944
2.079973
2.080001
2.080026
2.080049
2.080069
2.080088
2.080104
2.080118
2.080130
2.080139
2.080147
2.080153
2.080157
2.080159
2.080160
2.080159
2.080157
2.080153
2.080148
2.080141
2.080134
2.080125
2.080115
2.080105
2.080094
2.080082
2.080069
2.080055
2.080042
2.080027
2.080013
2.079997
2.079982
2.079966
2.079950
2.079934
2.079918
2.079902
2.079886
2.079870
2.079854
2.079837
2.079821
2.079806
2.079790
2.079774
2.079759
2.079744
2.079729
2.079714
2.079700
2.079686
2.079672
2.079659
2.079646
2.079633
2.079620
2.079608
2.079596
2.079585
2.079574
2.079563
2.079553
2.079543
2.079533
2.079524
2.079516
2.079507
2.079499
2.079492
2.079485
2.079478
2.079471
2.079465
2.079460
2.079455
2.079450
2.079446
2.079442
2.079438
2.079435
2.079432
2.079430
2.079428
2.079426
2.079425
2.079425
2.079424
2.079424
2.079424
2.079425
2.079426
2.079428
2.079430
2.079432
2.079435
2.079437
2.079441
2.079444
2.079448
2.079453
2.079458
2.079463
2.079468
2.079474
2.079480
2.079486
2.079493
2.079500
2.079507
2.079514
2.079522
2.079530
2.079539
2.079548
2.079557
2.079566
2.079576
2.079585
2.079596
2.079606
2.079617
2.079628
2.079639
2.079650
2.079662
2.079674
2.079686
2.079698
2.079710
2.079723
2.079736
2.079749
2.079763
2.079776
2.079790
2.079804
2.079818
2.079833
2.079847
2.079862
2.079877
2.079892
2.079907
2.079923
2.079938
2.079954
2.079970
2.079986
2.080002
2.080018
2.080035
2.080051
2.080068
2.080085
2.080102
2.080119
2.080136
2.080154
2.080171
2.080189
2.080206
2.080224
2.080242
2.080260
2.080278
2.080296
2.080314
2.080333
2.080351
2.080369
2.080388
2.080407
2.080425
2.080444
2.080463
2.080482
2.080501
2.080520
2.080539
2.080558
2.080577
2.080596
2.080616
2.080635
2.080654
2.080674
2.080693
2.080713
2.080732
2.080752
2.080771
2.080791
2.080810
2.080830
2.080850
2.080869
2.080889
2.080909
2.080928
2.080948
2.080968
2.080987
2.081007
2.081027
2.081047
2.081066
2.081086
2.081106
2.081126
2.081145
2.081165
2.081185
2.081205
2.081224
2.081244
2.081264
2.081283
2.081303
2.081322
2.081342
2.081362
2.081381
2.081401
2.081420
2.081440
2.081459
2.081479
2.081498
2.081517
2.081537
2.081556
2.081575
2.081594
2.081614
2.081633
2.081652
2.081671
2.081690
2.081709
2.081728
2.081747
2.081766
2.081785
2.081804
2.081822
2.081841
2.081860
2.081878
2.081897
2.081916
2.081934
2.081952
2.081971
2.081989
2.082008
2.082026
2.082044
2.082062
2.082080
2.082098
2.082116
2.082134
2.082152
2.082170
2.082188
2.082206
2.082223
2.082241
2.082259
2.082276
2.082294
2.082311
2.082328
2.082346
2.082363
2.082380
2.082397
2.082415
2.082432
2.082449
2.082466
2.082482
2.082499
2.082516
2.082533
2.082549
2.082566
2.082583
2.082599
2.082616
2.082632
2.082648
2.082665
2.082681
2.082697
2.082713
2.082729
2.082745
2.082761
2.082777
2.082793
2.082809
2.082824
2.082840
2.082856
2.082871
2.082887
2.082902
2.082918
2.082933
2.082948
2.082964
2.082979
2.082994
2.083009
2.083024
2.083039
2.083054
2.083069
2.083084
2.083098
2.083113
2.083128
2.083142
2.083157
2.083172
2.083186
2.083200
2.083215
2.083229
2.083243
2.083258
2.083272
2.083286
2.083300
2.083314
2.083328
2.083342
2.083356
2.083369
2.083383
2.083397
2.083410
2.083424
2.083438
2.083451
2.083465
2.083478
2.083491
2.083505
2.083518
2.083531
2.083544
2.083557
2.083571
2.083584
2.083597
2.083609
2.083622
2.083635
2.083648
2.083661
2.083673
2.083686
2.083699
2.083711
2.083724
2.083736
2.083749
2.083761
2.083773
2.083786
2.083798
2.083810
2.083822
2.083834
2.083846
2.083858
2.083870
2.083882
2.083894
2.083906
2.083918
2.083930
2.083941
2.083953
2.083965
2.083976
2.083988
2.083999
2.084011
2.084022
2.084033
2.084045
2.084056
2.084067
2.084078
2.084090
2.084101
2.084112
2.084123
2.084134
2.084145
2.084155
2.084166
2.084177
2.084188
2.084199
2.084209
2.084220
2.084230
2.084241
2.084251
2.084262
2.084272
2.084282
2.084293
2.084303
2.084313
2.084323
2.084334
2.084334
