-0.461761
0.381989
0.387129
0.387873
0.387934
0.387993
0.388398
0.389218
0.390357
0.391696
0.393138
0.394616
0.396090
0.397534
0.398937
0.400294
0.401605
0.402873
0.404100
0.405286
0.406432
0.407535
0.408595
0.409608
0.410572
0.411485
0.412345
0.413151
0.413903
0.414601
0.415247
0.415842
0.416389
0.416890
0.417348
0.417767
0.418149
0.418498
0.418817
0.419108
0.419375
0.419621
0.419848
0.420058
0.420254
0.420438
0.420612
0.420777
0.420935
0.421087
0.421236
0.421381
0.421525
0.421668
0.421811
0.421955
0.422102
0.422251
0.422404
0.422562
0.422724
0.422892
0.423066
0.423246
0.423434
0.423629
0.423833
0.424044
0.424264
0.424493
0.424730
0.424977
0.425232
0.425495
0.425768
0.426048
0.426336
0.426631
0.426933
0.427242
0.427555
0.427873
0.428195
0.428519
0.428845
0.429173
0.429500
0.429826
0.430149
0.430470
0.430786
0.431097
0.431401
0.431699
0.431988
0.432269
0.432540
0.432801
0.433051
0.433289
0.433516
0.433730
0.433932
0.434120
0.434296
0.434458
0.434606
0.434742
0.434863
0.434972
0.435067
0.435149
0.435218
0.435274
0.435318
0.435349
0.435369
0.435377
0.435373
0.435359
0.435334
0.435298
0.435253
0.435198
0.435134
0.435061
0.434980
0.434891
0.434794
0.434689
0.434577
0.434459
0.434334
0.434204
0.434067
0.433925
0.433778
0.433625
0.433468
0.433307
0.433141
0.432972
0.432798
0.432621
0.432440
0.432256
0.432069
0.431879
0.431686
0.431490
0.431292
0.431091
0.430888
0.430683
0.430476
0.430266
0.430055
0.429842
0.429627
0.429410
0.429192
0.428972
0.428751
0.428528
0.428304
0.428079
0.427852
0.427625
0.427396
0.427166
0.426936
0.426704
0.426472
0.426239
0.426005
0.425770
0.425535
0.425299
0.425062
0.424825
0.424587
0.424349
0.424110
0.423871
0.423632
0.423392
0.423152
0.422912
0.422671
0.422431
0.422190
0.421949
0.421708
0.421466
0.421225
0.420983
0.420742
0.420500
0.420259
0.420018
0.419776
0.419535
0.419294
0.419053
0.418812
0.418571
0.418330
0.418090
0.417849
0.417609
0.417369
0.417130
0.416890
0.416651
0.416412
0.416174
0.415935
0.415698
0.415460
0.415223
0.414985
0.414749
0.414513
0.414277
0.414041
0.413806
0.413571
0.413336
0.413102
0.412869
0.412636
0.412403
0.412170
0.411938
0.411707
0.411476
0.411245
0.411015
0.410785
0.410556
0.410327
0.410098
0.409870
0.409643
0.409416
0.409189
0.408963
0.408738
0.408512
0.408288
0.408063
0.407840
0.407616
0.407394
0.407171
0.406949
0.406728
0.406507
0.406287
0.406067
0.405847
0.405628
0.405410
0.405192
0.404974
0.404757
0.404540
0.404324
0.404109
0.403893
0.403678
0.403464
0.403250
0.403037
0.402824
0.402611
0.402399
0.402188
0.401976
0.401766
0.401555
0.401345
0.401136
0.400927
0.400718
0.400510
0.400302
0.400094
0.399887
0.399681
0.399474
0.399269
0.399063
0.398858
0.398653
0.398449
0.398245
0.398041
0.397838
0.397635
0.397433
0.397230
0.397029
0.396827
0.396626
0.396425
0.396225
0.396025
0.395825
0.395626
0.395427
0.395228
0.395029
0.394831
0.394634
0.394436
0.394239
0.394043
0.393846
0.393650
0.393454
0.393259
0.393064
0.392870
0.392675
0.392482
0.392288
0.392095
0.391902
0.391710
0.391518
0.391327
0.391136
0.390945
0.390755
0.390565
0.390376
0.390187
0.389999
0.389811
0.389624
0.389438
0.389252
0.389067
0.388882
0.388698
0.388515
0.388333
0.388152
0.387972
0.387793
0.387615
0.387439
0.387264
0.387090
0.386919
0.386750
0.386584
0.386420
0.386260
0.386103
0.385950
0.385803
0.385661
0.385525
0.385397
0.385275
0.385161
0.385055
0.384954
0.384857
0.384764
0.384672
0.384581
0.384487
0.384392
0.384293
0.384190
0.384083
0.383972
0.383856
0.383737
0.383613
0.383487
0.383357
0.383224
0.383089
0.382952
0.382812
0.382672
0.382529
0.382386
0.382242
0.382096
0.381950
0.381804
0.381657
0.381510
0.381363
0.381215
0.381068
0.380921
0.380774
0.380627
0.380480
0.380333
0.380187
0.380041
0.379895
0.379750
0.379605
0.379461
0.379317
0.379173
0.379030
0.378887
0.378745
0.378603
0.378462
0.378321
0.378180
0.378040
0.377901
0.377762
0.377624
0.377486
0.377348
0.377211
0.377075
0.376939
0.376803
0.376669
0.376534
0.376401
0.376267
0.376135
0.376003
0.375871
0.375740
0.375610
0.375480
0.375351
0.375223
0.375095
0.374967
0.374841
0.374715
0.374589
0.374464
0.374340
0.374217
0.374094
0.373971
0.373850
0.373729
0.373608
0.373488
0.373369
0.373251
0.373133
0.373016
0.372899
0.372783
0.372668
0.372553
0.372439
0.372326
0.372213
0.372101
0.371990
0.371879
0.371769
0.371659
0.371551
0.371442
0.371335
0.371228
0.371122
0.371016
0.370911
0.370807
0.370703
0.370600
0.370498
0.370396
0.370295
0.370194
0.370094
0.369995
0.369896
0.369798
0.369700
0.369603
0.369507
0.369411
0.369316
0.369222
0.369128
0.369034
0.368941
0.368941
0.368849
0.368757
0.368666
0.368575
0.368485
0.368396
0.368307
0.368218
0.368131
0.368043
0.367956
0.367870
0.367784
0.367699
0.367614
0.367529
0.367446
0.367362
0.367279
0.367197
0.367115
0.367033
0.366952
0.366871
0.366791
0.366711
0.366632
0.366553
0.366474
0.366396
0.366318
0.366241
0.366164
0.366088
0.366011
0.365935
0.365860
0.365785
0.365710
0.365635
0.365561
0.365487
0.365414
0.365341
0.365268
0.365195
0.365123
0.365051
0.364979
0.364908
0.364836
0.364765
0.364695
0.364624
0.364554
0.364484
0.364414
0.364345
0.364275
0.364206
0.364137
0.364069
0.364000
0.363932
0.363864
0.363796
0.363728
0.363660
0.363592
0.363525
0.363458
0.363391
0.363324
0.363257
0.363190
0.363124
0.363057
0.362991
0.362924
0.362858
0.362792
0.362726
0.362660
0.362594
0.362529
0.362463
0.362397
0.362332
0.362266
0.362201
0.362135
0.362070
0.362005
0.361939
0.361874
0.361809
0.361744
0.361679
0.361614
0.361549
0.361484
0.361419
0.361354
0.361289
0.361224
0.361159
0.361095
0.361030
0.360965
0.360900
0.360836
0.360771
0.360707
0.360642
0.360578
0.360513
0.360449
0.360384
0.360320
0.360256
0.360192
0.360127
0.360063
0.359999
0.359935
0.359872
0.359808
0.359744
0.359680
0.359617
0.359553
0.359490
0.359427
0.359363
0.359300
0.359237
0.359174
0.359111
0.359049
0.358986
0.358924
0.358861
0.358799
0.358737
0.358675
0.358614
0.358552
0.358490
0.358429
0.358368
0.358307
0.358246
0.358185
0.358124
0.358064
0.358004
0.357944
0.357884
0.357824
0.357764
0.357705
0.357646
0.357587
0.357528
0.357469
0.357410
0.357352
0.357294
0.357236
0.357178
0.357120
0.357063
0.357005
0.356948
0.356891
0.356835
0.356778
0.356722
0.356665
0.356609
0.356553
0.356498
0.356442
0.356387
0.356332
0.356277
0.356222
0.356167
0.356112
0.356058
0.356004
0.355950
0.355896
0.355842
0.355789
0.355735
0.355682
0.355629
0.355576
0.355523
0.355470
0.355418
0.355365
0.355313
0.355261
0.355209
0.355157
0.355105
0.355054
0.355002
0.354951
0.354900
0.354849
0.354798
0.354747
0.354696
0.354645
0.354595
0.354544
0.354494
0.354443
0.354393
0.354343
0.354293
0.354243
0.354193
0.354143
0.354094
0.354044
0.353995
0.353945
0.353896
0.353847
0.353797
0.353748
0.353699
0.353650
0.353601
0.353552
0.353503
0.353455
0.353406
0.353357
0.353309
0.353260
0.353212
0.353163
0.353115
0.353066
0.353018
0.352970
0.352921
0.352873
0.352825
0.352777
0.352729
0.352681
0.352633
0.352585
0.352537
0.352489
0.352441
0.352393
0.352345
0.352297
0.352249
0.352201
0.352154
0.352106
0.352058
0.352010
0.351963
0.351915
0.351867
0.351819
0.351772
0.351724
0.351676
0.351629
0.351581
0.351533
0.351486
0.351438
0.351390
0.351342
0.351295
0.351247
0.351199
0.351152
0.351104
0.351056
0.351008
0.350961
0.350913
0.350865
0.350817
0.350769
0.350721
0.350673
0.350625
0.350577
0.350529
0.350481
0.350433
0.350385
0.350337
0.350289
0.350241
0.350192
0.350144
0.350096
0.350047
0.349999
0.349950
0.349901
0.349853
0.349804
0.349755
0.349706
0.349657
0.349608
0.349559
0.349510
0.349461
0.349412
0.349362
0.349313
0.349263
0.349214
0.349164
0.349114
0.349064
0.349014
0.348964
0.348914
0.348864
0.348813
0.348763
0.348712
0.348661
0.348610
0.348559
0.348508
0.348457
0.348406
0.348354
0.348303
0.348251
0.348199
0.348147
0.348095
0.348042
0.347990
0.347937
0.347884
0.347832
0.347778
0.347725
0.347672
0.347618
0.347564
0.347511
0.347456
0.347402
0.347348
0.347293
0.347238
0.347183
0.347128
0.347073
0.347017
0.346962
0.346906
0.346849
0.346793
0.346737
0.346680
0.346623
0.346566
0.346508
0.346451
0.346393
0.346335
0.346277
0.346218
0.346159
0.346101
0.346041
0.345982
0.345922
0.345862
0.345802
0.345742
0.345681
0.345621
0.345559
0.345498
0.345437
0.345375
0.345313
0.345250
0.345188
0.345125
0.345062
0.344998
0.344935
0.344871
0.344807
0.344742
0.344677
0.344612
0.344547
0.344482
0.344416
0.344350
0.344283
0.344217
0.344150
0.344082
0.344015
0.343947
0.343879
0.343811
0.343742
0.343673
0.343604
0.343534
0.343464
0.343394
0.343324
0.343253
0.343182
0.343111
0.343039
0.342967
0.342895
0.342823
0.342750
0.342677
0.342604
0.342530
0.342456
0.342382
0.342307
0.342232
0.342157
0.342082
0.342006
0.341930
0.341853
0.341777
0.341700
0.341622
0.341545
0.341467
0.341389
0.341310
0.341232
0.341153
0.341073
0.340994
0.340914
0.340833
0.340753
0.340672
0.340591
0.340510
0.340428
0.340346
0.340264
0.340182
0.340099
0.340017
0.339937
0.339862
0.339802
0.339782
0.339806
0.339735
0.339422
0.338759
0.340352
0.340872
0.340866
0.340781
0.340689
0.340632
0.340616
0.340633
0.340667
0.340709
0.340749
0.340783
0.340811
0.340832
0.340847
0.340857
0.340863
0.340866
0.340866
0.340866
0.340863
0.340858
0.340850
0.340840
0.340829
0.340815
0.340799
0.340782
0.340764
0.340744
0.340723
0.340701
0.340677
0.340653
0.340628
0.340601
0.340574
0.340546
0.340516
0.340487
0.340456
0.340425
0.340392
0.340360
0.340326
0.340292
0.340257
0.340222
0.340186
0.340150
0.340113
0.340075
0.340037
0.339999
0.339959
0.339920
0.339880
0.339839
0.339798
0.339757
0.339715
0.339672
0.339629
0.339586
0.339543
0.339498
0.339454
0.339409
0.339364
0.339318
0.339272
0.339225
0.339178
0.339131
0.339083
0.339035
0.338987
0.338938
0.338889
0.338840
0.338790
0.338740
0.338689
0.338639
0.338587
0.338536
0.338484
0.338432
0.338380
0.338328
0.338275
0.338222
0.338168
0.338114
0.338060
0.338006
0.337952
0.337897
0.337842
0.337787
0.337731
0.337675
0.337620
0.337563
0.337507
0.337450
0.337393
0.337336
0.337279
0.337222
0.337164
0.337106
0.337048
0.336990
0.336931
0.336873
0.336814
0.336755
0.336696
0.336636
0.336577
0.336517
0.336457
0.336397
0.336337
0.336277
0.336216
0.336156
0.336095
0.336034
0.335973
0.335912
0.335851
0.335789
0.335728
0.335666
0.335604
0.335542
0.335480
0.335418
0.335356
0.335293
0.335231
0.335168
0.335105
0.335042
0.334979
0.334916
0.334853
0.334790
0.334726
0.334663
0.334599
0.334536
0.334472
0.334408
0.334344
0.334280
0.334215
0.334151
0.334086
0.334022
0.333957
0.333892
0.333828
0.333763
0.333698
0.333632
0.333567
0.333502
0.333436
0.333371
0.333305
0.333239
0.333173
0.333107
0.333041
0.332975
0.332909
0.332842
0.332776
0.332709
0.332642
0.332575
0.332508
0.332441
0.332374
0.332307
0.332239
0.332172
0.332104
0.332036
0.331969
0.331901
0.331833
0.331764
0.331696
0.331628
0.331559
0.331490
0.331423
0.331351
0.331293
0.331181
0.331302
0.330688
0.332774
0.331005
0.332113
0.331564
0.331550
0.331412
0.331381
0.331158
0.331032
0.330743
0.330633
0.330337
0.330332
0.329983
0.330197
0.329629
0.330341
0.329388
0.330460
0.329370
0.330202
0.329385
0.329982
0.329315
0.329786
0.329161
0.329579
0.328965
0.329392
0.328762
0.329248
0.328573
0.329139
0.328412
0.329036
0.328280
0.328914
0.328167
0.328772
0.328052
0.328622
0.327924
0.328473
0.327782
0.328329
0.327633
0.328193
0.327483
0.328064
0.327338
0.327938
0.327200
0.327809
0.327066
0.327675
0.326933
0.327539
0.326798
0.327403
0.326659
0.327267
0.326519
0.327133
0.326378
0.327000
0.326237
0.326867
0.326098
0.326734
0.325960
0.326600
0.325822
0.326465
0.325684
0.326331
0.325545
0.326196
0.325405
0.326062
0.325266
0.325928
0.325126
0.325794
0.324987
0.325660
0.324848
0.325526
0.324709
0.325392
0.324570
0.325257
0.324430
0.325123
0.324291
0.324989
0.324152
0.324854
0.324013
0.324720
0.323874
0.324586
0.323734
0.324451
0.323595
0.324317
0.323456
0.324182
0.323317
0.324048
0.323178
0.323914
0.323038
0.323779
0.322899
0.323645
0.322760
0.323510
0.322621
0.323376
0.322482
0.323241
0.322343
0.323107
0.322204
0.322972
0.322065
0.322838
0.321926
0.322703
0.321787
0.322568
0.321648
0.322434
0.321509
0.322299
0.321370
0.322165
0.321231
0.322030
0.321092
0.321896
0.320954
0.321761
0.320815
0.321626
0.320676
0.321492
0.320537
0.321357
0.320399
0.321222
0.320260
0.321088
0.320122
0.320953
0.319983
0.320818
0.319844
0.320684
0.319706
0.320549
0.319568
0.320414
0.319429
0.320279
0.319291
0.320145
0.319152
0.320010
0.319014
0.319875
0.318876
0.319740
0.318738
0.319605
0.318600
0.319470
0.318462
0.319335
0.318323
0.319200
0.318185
0.319065
0.318048
0.318930
0.317910
0.318795
0.317772
0.318660
0.317634
0.318525
0.317496
0.318390
0.317359
0.318255
0.317221
0.318120
0.317083
0.317984
0.316946
0.317849
0.316808
0.317714
0.316671
0.317578
0.316534
0.317443
0.316397
0.317307
0.316259
0.317172
0.316122
0.317036
0.315985
0.316901
0.315848
0.316765
0.315711
0.316629
0.315574
0.316493
0.315438
0.316357
0.315301
0.316221
0.315164
0.316085
0.315028
0.315949
0.314891
0.315813
0.314755
0.315677
0.314619
0.315540
0.314483
0.315404
0.314346
0.315267
0.314210
0.315131
0.314074
0.314994
0.313938
0.314857
0.313803
0.314720
0.313667
0.314583
0.313531
0.314446
0.313396
0.314309
0.313260
0.314172
0.313125
0.314035
0.312990
0.313897
0.312855
0.313760
0.312719
0.313622
0.312584
0.313484
0.312450
0.313346
0.312315
0.313208
0.312180
0.313070
0.312046
0.312932
0.311911
0.312794
0.311777
0.312655
0.311642
0.312517
0.311508
0.312378
0.311374
0.312239
0.311240
0.312100
0.311106
0.311961
0.310972
0.311822
0.310838
0.311682
0.310705
0.311543
0.310571
0.311403
0.310438
0.311264
0.310305
0.311124
0.310171
0.310984
0.310038
0.310844
0.309905
0.310703
0.309772
0.310563
0.309640
0.310423
0.309507
0.310282
0.309374
0.309374
0.310141
0.309242
0.310000
0.309110
0.309859
0.308977
0.309718
0.308845
0.309577
0.308713
0.309436
0.308581
0.309294
0.308450
0.309152
0.308318
0.309011
0.308186
0.308869
0.308055
0.308727
0.307924
0.308584
0.307793
0.308442
0.307662
0.308300
0.307531
0.308157
0.307400
0.308014
0.307269
0.307871
0.307139
0.307728
0.307009
0.307585
0.306879
0.307442
0.306749
0.307298
0.306619
0.307155
0.306489
0.307011
0.306360
0.306867
0.306231
0.306723
0.306102
0.306579
0.305973
0.306434
0.305845
0.306289
0.305717
0.306144
0.305589
0.305999
0.305461
0.305854
0.305334
0.305708
0.305207
0.305562
0.305081
0.305416
0.304955
0.305269
0.304830
0.305122
0.304705
0.304974
0.304581
0.304827
0.304458
0.304678
0.304335
0.304529
0.304214
0.304380
0.304094
0.304231
0.303975
0.304081
0.303858
0.303932
0.303742
0.303785
0.303627
0.303640
0.303512
0.303499
0.303397
0.303364
0.303281
0.303235
0.303165
0.303112
0.303050
0.302994
0.302937
0.302881
0.302826
0.302772
0.302718
0.302666
0.302614
0.302562
0.302511
0.302461
0.302411
0.302362
0.302312
0.302263
0.302214
0.302166
0.302117
0.302069
0.302020
0.301972
0.301923
0.301874
0.301826
0.301777
0.301729
0.301680
0.301631
0.301582
0.301533
0.301484
0.301435
0.301386
0.301337
0.301288
0.301238
0.301189
0.301139
0.301089
0.301040
0.300990
0.300940
0.300890
0.300840
0.300790
0.300740
0.300690
0.300639
0.300589
0.300539
0.300488
0.300438
0.300387
0.300337
0.300286
0.300236
0.300185
0.300134
0.300084
0.300033
0.299982
0.299932
0.299881
0.299830
0.299779
0.299728
0.299677
0.299627
0.299576
0.299525
0.299474
0.299423
0.299372
0.299321
0.299270
0.299219
0.299168
0.299117
0.299066
0.299015
0.298964
0.298913
0.298862
0.298811
0.298760
0.298709
0.298657
0.298606
0.298555
0.298504
0.298453
0.298402
0.298351
0.298300
0.298248
0.298197
0.298146
0.298095
0.298044
0.297993
0.297941
0.297890
0.297839
0.297788
0.297737
0.297686
0.297634
0.297583
0.297532
0.297481
0.297430
0.297378
0.297327
0.297276
0.297225
0.297174
0.297122
0.297071
0.297020
0.296969
0.296918
0.296867
0.296815
0.296764
0.296713
0.296662
0.296611
0.296559
0.296508
0.296457
0.296406
0.296355
0.296304
0.296253
0.296201
0.296150
0.296099
0.296048
0.295997
0.295946
0.295895
0.295844
0.295792
0.295741
0.295690
0.295639
0.295588
0.295537
0.295486
0.295435
0.295384
0.295333
0.295282
0.295231
0.295180
0.295129
0.295078
0.295027
0.294976
0.294925
0.294874
0.294823
0.294772
0.294721
0.294671
0.294620
0.294569
0.294518
0.294467
0.294416
0.294365
0.294315
0.294264
0.294213
0.294162
0.294112
0.294061
0.294010
0.293959
0.293909
0.293858
0.293807
0.293757
0.293706
0.293656
0.293605
0.293554
0.293504
0.293453
0.293403
0.293352
0.293302
0.293251
0.293201
0.293151
0.293100
0.293050
0.292999
0.292949
0.292899
0.292848
0.292798
0.292748
0.292698
0.292647
0.292597
0.292547
0.292497
0.292447
0.292396
0.292346
0.292296
0.292246
0.292196
0.292146
0.292096
0.292046
0.291996
0.291946
0.291896
0.291847
0.291797
0.291747
0.291697
0.291647
0.291598
0.291548
0.291498
0.291449
0.291399
0.291349
0.291300
0.291250
0.291201
0.291151
0.291102
0.291052
0.291003
0.290953
0.290904
0.290854
0.290805
0.290756
0.290707
0.290657
0.290608
0.290559
0.290510
0.290461
0.290412
0.290362
0.290313
0.290264
0.290215
0.290166
0.290118
0.290069
0.290020
0.289971
0.289922
0.289873
0.289825
0.289776
0.289727
0.289679
0.289630
0.289581
0.289533
0.289484
0.289436
0.289387
0.289339
0.289291
0.289242
0.289194
0.289146
0.289097
0.289049
0.289001
0.288953
0.288905
0.288857
0.288808
0.288760
0.288712
0.288664
0.288617
0.288569
0.288521
0.288473
0.288425
0.288377
0.288330
0.288282
0.288234
0.288187
0.288139
0.288092
0.288044
0.287997
0.287949
0.287902
0.287855
0.287807
0.287760
0.287713
0.287665
0.287618
0.287571
0.287524
0.287477
0.287430
0.287383
0.287336
0.287289
0.287242
0.287195
0.287149
0.287102
0.287055
0.287008
0.286962
0.286915
0.286869
0.286822
0.286775
0.286729
0.286683
0.286636
0.286590
0.286544
0.286497
0.286451
0.286405
0.286359
0.286313
0.286267
0.286221
0.286175
0.286129
0.286083
0.286037
0.285991
0.285945
0.285899
0.285854
0.285808
0.285762
0.285717
0.285671
0.285626
0.285580
0.285535
0.285489
0.285444
0.285399
0.285353
0.285308
0.285263
0.285218
0.285173
0.285128
0.285083
0.285038
0.284993
0.284948
0.284903
0.284858
0.284813
0.284769
0.284724
0.284679
0.284635
0.284590
0.284546
0.284501
0.284457
0.284412
0.284368
0.284324
0.284279
0.284235
0.284191
0.284147
0.284103
0.284059
0.284015
0.283971
0.283927
0.283883
0.283839
0.283795
0.283751
0.283708
0.283664
0.283620
0.283577
0.283533
0.283490
0.283490
0.283446
0.283403
0.283359
0.283316
0.283273
0.283230
0.283186
0.283143
0.283100
0.283057
0.283014
0.282971
0.282928
0.282885
0.282842
0.282799
0.282757
0.282714
0.282671
0.282628
0.282586
0.282543
0.282501
0.282458
0.282416
0.282373
0.282331
0.282289
0.282247
0.282204
0.282162
0.282120
0.282078
0.282036
0.281994
0.281952
0.281910
0.281868
0.281826
0.281784
0.281743
0.281701
0.281659
0.281618
0.281576
0.281535
0.281493
0.281452
0.281410
0.281369
0.281328
0.281286
0.281245
0.281204
0.281163
0.281122
0.281081
0.281040
0.280999
0.280958
0.280917
0.280876
0.280835
0.280795
0.280754
0.280713
0.280673
0.280632
0.280591
0.280551
0.280510
0.280470
0.280430
0.280389
0.280349
0.280309
0.280269
0.280229
0.280188
0.280148
0.280108
0.280068
0.280028
0.279989
0.279949
0.279909
0.279869
0.279829
0.279790
0.279750
0.279711
0.279671
0.279631
0.279592
0.279553
0.279513
0.279474
0.279435
0.279395
0.279356
0.279317
0.279278
0.279239
0.279200
0.279161
0.279122
0.279083
0.279044
0.279005
0.278966
0.278928
0.278889
0.278850
0.278812
0.278773
0.278735
0.278696
0.278658
0.278619
0.278581
0.278543
0.278504
0.278466
0.278428
0.278390
0.278352
0.278314
0.278276
0.278238
0.278200
0.278162
0.278124
0.278086
0.278048
0.278011
0.277973
0.277935
0.277898
0.277860
0.277823
0.277785
0.277748
0.277710
0.277673
0.277636
0.277598
0.277561
0.277524
0.277487
0.277450
0.277413
0.277376
0.277339
0.277302
0.277265
0.277228
0.277191
0.277154
0.277117
0.277081
0.277044
0.277007
0.276971
0.276934
0.276898
0.276861
0.276825
0.276788
0.276752
0.276716
0.276680
0.276643
0.276607
0.276571
0.276535
0.276499
0.276463
0.276427
0.276391
0.276355
0.276319
0.276283
0.276247
0.276212
0.276176
0.276140
0.276105
0.276069
0.276034
0.275998
0.275963
0.275927
0.275892
0.275856
0.275821
0.275786
0.275750
0.275715
0.275680
0.275645
0.275610
0.275575
0.275540
0.275505
0.275470
0.275435
0.275400
0.275365
0.275330
0.275296
0.275261
0.275226
0.275192
0.275157
0.275122
0.275088
0.275053
0.275019
0.274985
0.274950
0.274916
0.274882
0.274847
0.274813
0.274779
0.274745
0.274711
0.274677
0.274642
0.274608
0.274574
0.274541
0.274507
0.274473
0.274439
0.274405
0.274371
0.274338
0.274304
0.274270
0.274237
0.274203
0.274170
0.274136
0.274103
0.274069
0.274036
0.274002
0.273969
0.273936
0.273903
0.273869
0.273836
0.273803
0.273770
0.273737
0.273704
0.273671
0.273638
0.273605
0.273572
0.273539
0.273506
0.273473
0.273441
0.273408
0.273375
0.273343
0.273310
0.273277
0.273245
0.273212
0.273180
0.273147
0.273115
0.273082
0.273050
0.273018
0.272986
0.272953
0.272921
0.272889
0.272857
0.272825
0.272792
0.272760
0.272728
0.272696
0.272664
0.272632
0.272601
0.272569
0.272537
0.272505
0.272473
0.272442
0.272410
0.272378
0.272347
0.272315
0.272283
0.272252
0.272220
0.272189
0.272157
0.272126
0.272095
0.272063
0.272032
0.272001
0.271969
0.271938
0.271907
0.271876
0.271845
0.271814
0.271783
0.271752
0.271721
0.271690
0.271659
0.271628
0.271597
0.271566
0.271535
0.271504
0.271474
0.271443
0.271412
0.271381
0.271351
0.271320
0.271290
0.271259
0.271229
0.271198
0.271168
0.271137
0.271107
0.271076
0.271046
0.271016
0.270985
0.270955
0.270925
0.270895
0.270865
0.270834
0.270804
0.270774
0.270744
0.270714
0.270684
0.270654
0.270624
0.270594
0.270565
0.270535
0.270505
0.270475
0.270445
0.270416
0.270386
0.270356
0.270326
0.270297
0.270267
0.270238
0.270208
0.270179
0.270149
0.270120
0.270090
0.270061
0.270031
0.270002
0.269973
0.269943
0.269914
0.269885
0.269856
0.269826
0.269797
0.269768
0.269739
0.269710
0.269681
0.269652
0.269623
0.269594
0.269565
0.269536
0.269507
0.269478
0.269449
0.269420
0.269392
0.269363
0.269334
0.269305
0.269277
0.269248
0.269219
0.269191
0.269162
0.269134
0.269105
0.269077
0.269048
0.269020
0.268991
0.268963
0.268934
0.268906
0.268878
0.268849
0.268821
0.268793
0.268764
0.268736
0.268708
0.268680
0.268652
0.268624
0.268595
0.268567
0.268539
0.268511
0.268483
0.268455
0.268427
0.268399
0.268371
0.268343
0.268316
0.268288
0.268260
0.268232
0.268204
0.268177
0.268149
0.268121
0.268093
0.268066
0.268038
0.268011
0.267983
0.267955
0.267928
0.267900
0.267873
0.267845
0.267818
0.267790
0.267763
0.267736
0.267708
0.267681
0.267654
0.267626
0.267599
0.267572
0.267544
0.267517
0.267490
0.267463
0.267436
0.267409
0.267381
0.267354
0.267327
0.267300
0.267273
0.267246
0.267219
0.267192
0.267165
0.267138
0.267111
0.267085
0.267058
0.267031
0.267004
0.266977
0.266950
0.266924
0.266897
0.266870
0.266843
0.266817
0.266790
0.266764
0.266737
0.266710
0.266684
0.266657
0.266631
0.266604
0.266578
0.266578
0.266551
0.266525
0.266498
0.266472
0.266445
0.266419
0.266393
0.266366
0.266340
0.266314
0.266287
0.266261
0.266235
0.266209
0.266182
0.266156
0.266130
0.266104
0.266078
0.266052
0.266025
0.265999
0.265973
0.265947
0.265921
0.265895
0.265869
0.265843
0.265817
0.265791
0.265765
0.265739
0.265714
0.265688
0.265662
0.265636
0.265610
0.265584
0.265559
0.265533
0.265507
0.265481
0.265456
0.265430
0.265404
0.265379
0.265353
0.265327
0.265302
0.265276
0.265251
0.265225
0.265199
0.265174
0.265148
0.265123
0.265097
0.265072
0.265046
0.265021
0.264996
0.264970
0.264945
0.264920
0.264894
0.264869
0.264844
0.264818
0.264793
0.264768
0.264742
0.264717
0.264692
0.264667
0.264642
0.264616
0.264591
0.264566
0.264541
0.264516
0.264491
0.264466
0.264441
0.264416
0.264391
0.264366
0.264341
0.264316
0.264291
0.264266
0.264241
0.264216
0.264191
0.264166
0.264141
0.264116
0.264091
0.264066
0.264042
0.264017
0.263992
0.263967
0.263942
0.263918
0.263893
0.263868
0.263844
0.263819
0.263794
0.263769
0.263745
0.263720
0.263696
0.263671
0.263646
0.263622
0.263597
0.263573
0.263548
0.263524
0.263499
0.263475
0.263450
0.263426
0.263401
0.263377
0.263352
0.263328
0.263303
0.263279
0.263255
0.263230
0.263206
0.263182
0.263157
0.263133
0.263109
0.263084
0.263060
0.263036
0.263012
0.262987
0.262963
0.262939
0.262915
0.262890
0.262866
0.262842
0.262818
0.262794
0.262770
0.262746
0.262721
0.262697
0.262673
0.262649
0.262625
0.262601
0.262577
0.262553
0.262529
0.262505
0.262481
0.262457
0.262433
0.262409
0.262385
0.262361
0.262338
0.262314
0.262290
0.262266
0.262242
0.262218
0.262194
0.262170
0.262147
0.262123
0.262099
0.262075
0.262052
0.262028
0.262004
0.261980
0.261957
0.261933
0.261909
0.261885
0.261862
0.261838
0.261814
0.261791
0.261767
0.261744
0.261720
0.261696
0.261673
0.261649
0.261626
0.261602
0.261578
0.261555
0.261531
0.261508
0.261484
0.261461
0.261437
0.261414
0.261390
0.261367
0.261344
0.261320
0.261297
0.261273
0.261250
0.261226
0.261203
0.261180
0.261156
0.261133
0.261110
0.261086
0.261063
0.261040
0.261016
0.260993
0.260970
0.260947
0.260923
0.260900
0.260877
0.260854
0.260830
0.260807
0.260784
0.260761
0.260737
0.260714
0.260691
0.260668
0.260645
0.260622
0.260599
0.260575
0.260552
0.260529
0.260506
0.260483
0.260460
0.260437
0.260414
0.260391
0.260368
0.260345
0.260322
0.260299
0.260276
0.260253
0.260230
0.260207
0.260184
0.260161
0.260138
0.260115
0.260092
0.260069
0.260046
0.260023
0.260000
0.259978
0.259955
0.259932
0.259909
0.259886
0.259863
0.259840
0.259818
0.259795
0.259772
0.259749
0.259726
0.259704
0.259681
0.259658
0.259635
0.259613
0.259590
0.259567
0.259544
0.259522
0.259499
0.259476
0.259454
0.259431
0.259408
0.259386
0.259363
0.259340
0.259318
0.259295
0.259272
0.259250
0.259227
0.259205
0.259182
0.259159
0.259137
0.259114
0.259092
0.259069
0.259047
0.259024
0.259001
0.258979
0.258956
0.258934
0.258911
0.258889
0.258866
0.258844
0.258821
0.258799
0.258777
0.258754
0.258732
0.258709
0.258687
0.258664
0.258642
0.258620
0.258597
0.258575
0.258552
0.258530
0.258508
0.258485
0.258463
0.258441
0.258418
0.258396
0.258374
0.258351
0.258329
0.258307
0.258284
0.258262
0.258240
0.258218
0.258195
0.258173
0.258151
0.258129
0.258106
0.258084
0.258062
0.258040
0.258017
0.257995
0.257973
0.257951
0.257929
0.257907
0.257884
0.257862
0.257840
0.257818
0.257796
0.257774
0.257752
0.257729
0.257707
0.257685
0.257663
0.257641
0.257619
0.257597
0.257575
0.257553
0.257531
0.257509
0.257487
0.257465
0.257442
0.257420
0.257398
0.257376
0.257354
0.257332
0.257310
0.257288
0.257266
0.257245
0.257223
0.257201
0.257179
0.257157
0.257135
0.257113
0.257091
0.257069
0.257047
0.257025
0.257003
0.256981
0.256959
0.256938
0.256916
0.256894
0.256872
0.256850
0.256828
0.256806
0.256785
0.256763
0.256741
0.256719
0.256697
0.256675
0.256654
0.256632
0.256610
0.256588
0.256566
0.256545
0.256523
0.256501
0.256479
0.256458
0.256436
0.256414
0.256392
0.256371
0.256349
0.256327
0.256306
0.256284
0.256262
0.256240
0.256219
0.256197
0.256175
0.256154
0.256132
0.256110
0.256089
0.256067
0.256045
0.256024
0.256002
0.255981
0.255959
0.255937
0.255916
0.255894
0.255873
0.255851
0.255829
0.255808
0.255786
0.255765
0.255743
0.255722
0.255700
0.255678
0.255657
0.255635
0.255614
0.255592
0.255571
0.255549
0.255528
0.255506
0.255485
0.255463
0.255442
0.255420
0.255399
0.255377
0.255356
0.255334
0.255313
0.255292
0.255270
0.255249
0.255227
0.255206
0.255184
0.255163
0.255142
0.255120
0.255099
0.255077
0.255056
0.255035
0.255013
0.254992
0.254970
0.254949
0.254928
0.254928
0.254906
0.254885
0.254864
0.254842
0.254821
0.254800
0.254778
0.254757
0.254736
0.254714
0.254693
0.254672
0.254651
0.254629
0.254608
0.254587
0.254565
0.254544
0.254523
0.254502
0.254480
0.254459
0.254438
0.254417
0.254395
0.254374
0.254353
0.254332
0.254311
0.254289
0.254268
0.254247
0.254226
0.254205
0.254183
0.254162
0.254141
0.254120
0.254099
0.254077
0.254056
0.254035
0.254014
0.253993
0.253972
0.253951
0.253929
0.253908
0.253887
0.253866
0.253845
0.253824
0.253803
0.253782
0.253761
0.253740
0.253718
0.253697
0.253676
0.253655
0.253634
0.253613
0.253592
0.253571
0.253550
0.253529
0.253508
0.253487
0.253466
0.253445
0.253424
0.253403
0.253382
0.253361
0.253340
0.253319
0.253298
0.253277
0.253256
0.253235
0.253214
0.253193
0.253172
0.253151
0.253130
0.253109
0.253088
0.253067
0.253046
0.253025
0.253004
0.252983
0.252962
0.252941
0.252920
0.252899
0.252879
0.252858
0.252837
0.252816
0.252795
0.252774
0.252753
0.252732
0.252711
0.252691
0.252670
0.252649
0.252628
0.252607
0.252586
0.252565
0.252544
0.252524
0.252503
0.252482
0.252461
0.252440
0.252419
0.252399
0.252378
0.252357
0.252336
0.252315
0.252295
0.252274
0.252253
0.252232
0.252211
0.252191
0.252170
0.252149
0.252128
0.252107
0.252087
0.252066
0.252045
0.252024
0.252004
0.251983
0.251962
0.251941
0.251921
0.251900
0.251879
0.251858
0.251838
0.251817
0.251796
0.251775
0.251755
0.251734
0.251713
0.251693
0.251672
0.251651
0.251630
0.251610
0.251589
0.251568
0.251548
0.251527
0.251506
0.251486
0.251465
0.251444
0.251424
0.251403
0.251382
0.251361
0.251341
0.251320
0.251299
0.251278
0.251257
0.251236
0.251214
0.251191
0.251166
0.251138
0.251103
0.251050
0.250955
0.250774
0.250757
0.251151
0.251518
0.251741
0.251870
0.251959
0.252032
0.252095
0.252144
0.252176
0.252191
0.252191
0.252179
0.252159
0.252132
0.252102
0.252069
0.252035
0.252000
0.251964
0.251928
0.251891
0.251854
0.251816
0.251778
0.251739
0.251700
0.251661
0.251622
0.251582
0.251543
0.251504
0.251465
0.251427
0.251389
0.251352
0.251315
0.251278
0.251242
0.251207
0.251173
0.251138
0.251105
0.251072
0.251039
0.251007
0.250976
0.250944
0.250914
0.250883
0.250853
0.250823
0.250794
0.250765
0.250736
0.250708
0.250680
0.250652
0.250625
0.250598
0.250571
0.250544
0.250518
0.250491
0.250466
0.250440
0.250414
0.250389
0.250364
0.250339
0.250315
0.250291
0.250266
0.250243
0.250219
0.250195
0.250172
0.250149
0.250126
0.250103
0.250081
0.250058
0.250036
0.250014
0.249992
0.249970
0.249949
0.249927
0.249906
0.249885
0.249864
0.249843
0.249823
0.249802
0.249782
0.249761
0.249741
0.249721
0.249701
0.249681
0.249661
0.249642
0.249622
0.249603
0.249583
0.249564
0.249545
0.249526
0.249507
0.249488
0.249469
0.249450
0.249431
0.249413
0.249394
0.249375
0.249357
0.249339
0.249320
0.249302
0.249284
0.249265
0.249247
0.249229
0.249211
0.249193
0.249175
0.249157
0.249139
0.249122
0.249104
0.249086
0.249068
0.249051
0.249033
0.249016
0.248998
0.248981
0.248963
0.248946
0.248928
0.248911
0.248894
0.248877
0.248859
0.248842
0.248825
0.248808
0.248791
0.248774
0.248757
0.248740
0.248723
0.248706
0.248689
0.248673
0.248656
0.248639
0.248622
0.248606
0.248589
0.248573
0.248556
0.248539
0.248523
0.248507
0.248490
0.248474
0.248457
0.248441
0.248425
0.248409
0.248392
0.248376
0.248360
0.248344
0.248328
0.248312
0.248296
0.248280
0.248264
0.248248
0.248232
0.248216
0.248201
0.248185
0.248169
0.248153
0.248138
0.248122
0.248106
0.248091
0.248075
0.248060
0.248044
0.248029
0.248013
0.247998
0.247983
0.247967
0.247952
0.247937
0.247921
0.247906
0.247891
0.247876
0.247861
0.247845
0.247830
0.247815
0.247800
0.247785
0.247770
0.247755
0.247740
0.247725
0.247711
0.247696
0.247681
0.247666
0.247651
0.247637
0.247622
0.247607
0.247592
0.247578
0.247563
0.247549
0.247534
0.247519
0.247505
0.247490
0.247476
0.247462
0.247447
0.247433
0.247418
0.247404
0.247390
0.247375
0.247361
0.247347
0.247333
0.247318
0.247304
0.247290
0.247276
0.247262
0.247248
0.247233
0.247219
0.247205
0.247191
0.247177
0.247163
0.247149
0.247135
0.247121
0.247108
0.247094
0.247080
0.247066
0.247052
0.247038
0.247025
0.247011
0.246997
0.246983
0.246970
0.246956
0.246942
0.246929
0.246915
0.246902
0.246888
0.246874
0.246861
0.246847
0.246834
0.246820
0.246807
0.246794
0.246780
0.246767
0.246753
0.246740
0.246727
0.246713
0.246700
0.246687
0.246673
0.246660
0.246647
0.246634
0.246621
0.246607
0.246594
0.246581
0.246568
0.246555
0.246542
0.246529
0.246516
0.246502
0.246489
0.246476
0.246463
0.246450
0.246437
0.246425
0.246412
0.246399
0.246386
0.246373
0.246360
0.246360
0.246347
0.246334
0.246322
0.246309
0.246296
0.246283
0.246270
0.246258
0.246245
0.246232
0.246220
0.246207
0.246194
0.246182
0.246169
0.246156
0.246144
0.246131
0.246119
0.246106
0.246094
0.246081
0.246069
0.246056
0.246044
0.246031
0.246019
0.246006
0.245994
0.245981
0.245969
0.245957
0.245944
0.245932
0.245920
0.245907
0.245895
0.245883
0.245870
0.245858
0.245846
0.245834
0.245821
0.245809
0.245797
0.245785
0.245773
0.245760
0.245748
0.245736
0.245724
0.245712
0.245700
0.245688
0.245676
0.245664
0.245652
0.245639
0.245627
0.245615
0.245603
0.245591
0.245579
0.245568
0.245556
0.245544
0.245532
0.245520
0.245508
0.245496
0.245484
0.245472
0.245460
0.245449
0.245437
0.245425
0.245413
0.245401
0.245390
0.245378
0.245366
0.245354
0.245343
0.245331
0.245319
0.245307
0.245296
0.245284
0.245272
0.245261
0.245249
0.245237
0.245226
0.245214
0.245203
0.245191
0.245179
0.245168
0.245156
0.245145
0.245133
0.245122
0.245110
0.245098
0.245087
0.245075
0.245064
0.245053
0.245041
0.245030
0.245018
0.245007
0.244995
0.244984
0.244972
0.244961
0.244950
0.244938
0.244927
0.244916
0.244904
0.244893
0.244882
0.244870
0.244859
0.244848
0.244836
0.244825
0.244814
0.244802
0.244791
0.244780
0.244769
0.244757
0.244746
0.244735
0.244724
0.244713
0.244701
0.244690
0.244679
0.244668
0.244657
0.244646
0.244634
0.244623
0.244612
0.244601
0.244590
0.244579
0.244568
0.244557
0.244545
0.244534
0.244523
0.244512
0.244501
0.244490
0.244479
0.244468
0.244457
0.244446
0.244435
0.244424
0.244413
0.244402
0.244391
0.244380
0.244369
0.244358
0.244347
0.244336
0.244325
0.244314
0.244304
0.244293
0.244282
0.244271
0.244260
0.244249
0.244238
0.244227
0.244216
0.244206
0.244195
0.244184
0.244173
0.244162
0.244151
0.244140
0.244130
0.244119
0.244108
0.244097
0.244086
0.244076
0.244065
0.244054
0.244043
0.244033
0.244022
0.244011
0.244000
0.243990
0.243979
0.243968
0.243957
0.243947
0.243936
0.243925
0.243915
0.243904
0.243893
0.243882
0.243872
0.243861
0.243850
0.243840
0.243829
0.243818
0.243808
0.243797
0.243787
0.243776
0.243765
0.243755
0.243744
0.243733
0.243723
0.243712
0.243702
0.243691
0.243680
0.243670
0.243659
0.243649
0.243638
0.243628
0.243617
0.243606
0.243596
0.243585
0.243575
0.243564
0.243554
0.243543
0.243533
0.243522
0.243512
0.243501
0.243491
0.243480
0.243470
0.243459
0.243449
0.243438
0.243428
0.243417
0.243407
0.243396
0.243386
0.243375
0.243365
0.243354
0.243344
0.243333
0.243323
0.243312
0.243302
0.243292
0.243281
0.243271
0.243260
0.243250
0.243240
0.243229
0.243219
0.243208
0.243198
0.243187
0.243177
0.243167
0.243156
0.243146
0.243136
0.243125
0.243115
0.243104
0.243094
0.243084
0.243073
0.243063
0.243053
0.243042
0.243032
0.243022
0.243011
0.243001
0.242991
0.242980
0.242970
0.242960
0.242949
0.242939
0.242929
0.242918
0.242908
0.242898
0.242887
0.242877
0.242867
0.242856
0.242846
0.242836
0.242825
0.242815
0.242805
0.242795
0.242784
0.242774
0.242764
0.242754
0.242743
0.242733
0.242723
0.242712
0.242702
0.242692
0.242682
0.242671
0.242661
0.242651
0.242641
0.242630
0.242620
0.242610
0.242600
0.242589
0.242579
0.242569
0.242559
0.242549
0.242538
0.242528
0.242518
0.242508
0.242497
0.242487
0.242477
0.242467
0.242457
0.242446
0.242436
0.242426
0.242416
0.242406
0.242395
0.242385
0.242375
0.242365
0.242355
0.242345
0.242334
0.242324
0.242314
0.242304
0.242294
0.242284
0.242273
0.242263
0.242253
0.242243
0.242233
0.242223
0.242212
0.242202
0.242192
0.242182
0.242172
0.242162
0.242151
0.242141
0.242131
0.242121
0.242111
0.242101
0.242091
0.242081
0.242070
0.242060
0.242050
0.242040
0.242030
0.242020
0.242010
0.242000
0.241989
0.241979
0.241969
0.241959
0.241949
0.241939
0.241929
0.241919
0.241909
0.241898
0.241888
0.241878
0.241868
0.241858
0.241848
0.241838
0.241828
0.241818
0.241808
0.241797
0.241787
0.241777
0.241767
0.241757
0.241747
0.241737
0.241727
0.241717
0.241707
0.241697
0.241687
0.241677
0.241667
0.241656
0.241646
0.241636
0.241626
0.241616
0.241606
0.241596
0.241586
0.241576
0.241566
0.241556
0.241546
0.241536
0.241526
0.241516
0.241506
0.241496
0.241486
0.241476
0.241465
0.241455
0.241445
0.241435
0.241425
0.241415
0.241405
0.241395
0.241385
0.241375
0.241365
0.241355
0.241345
0.241335
0.241325
0.241315
0.241305
0.241295
0.241285
0.241275
0.241265
0.241255
0.241245
0.241235
0.241225
0.241215
0.241205
0.241195
0.241185
0.241175
0.241165
0.241155
0.241145
0.241135
0.241125
0.241115
0.241105
0.241095
0.241085
0.241075
0.241065
0.241055
0.241045
0.241035
0.241025
0.241015
0.241005
0.240995
0.240985
0.240975
0.240965
0.240965
0.240955
0.240945
0.240935
0.240925
0.240915
0.240905
0.240895
0.240885
0.240875
0.240865
0.240856
0.240846
0.240836
0.240826
0.240816
0.240806
0.240796
0.240786
0.240776
0.240766
0.240756
0.240746
0.240736
0.240726
0.240716
0.240706
0.240696
0.240686
0.240676
0.240666
0.240657
0.240647
0.240637
0.240627
0.240617
0.240607
0.240597
0.240587
0.240577
0.240567
0.240557
0.240547
0.240537
0.240527
0.240517
0.240508
0.240498
0.240488
0.240478
0.240468
0.240458
0.240448
0.240438
0.240428
0.240418
0.240408
0.240398
0.240389
0.240379
0.240369
0.240359
0.240349
0.240339
0.240329
0.240319
0.240309
0.240299
0.240290
0.240280
0.240270
0.240260
0.240250
0.240240
0.240230
0.240220
0.240210
0.240200
0.240191
0.240181
0.240171
0.240161
0.240151
0.240141
0.240131
0.240121
0.240111
0.240102
0.240092
0.240082
0.240072
0.240062
0.240052
0.240042
0.240032
0.240023
0.240013
0.240003
0.239993
0.239983
0.239973
0.239963
0.239954
0.239944
0.239934
0.239924
0.239914
0.239904
0.239894
0.239884
0.239875
0.239865
0.239855
0.239845
0.239835
0.239825
0.239815
0.239806
0.239796
0.239786
0.239776
0.239766
0.239756
0.239747
0.239737
0.239727
0.239717
0.239707
0.239697
0.239687
0.239678
0.239668
0.239658
0.239648
0.239638
0.239628
0.239619
0.239609
0.239599
0.239589
0.239579
0.239569
0.239560
0.239550
0.239540
0.239530
0.239520
0.239510
0.239501
0.239491
0.239481
0.239471
0.239461
0.239452
0.239442
0.239432
0.239422
0.239412
0.239402
0.239393
0.239383
0.239373
0.239363
0.239353
0.239344
0.239334
0.239324
0.239314
0.239304
0.239295
0.239285
0.239275
0.239265
0.239255
0.239246
0.239236
0.239226
0.239216
0.239206
0.239196
0.239187
0.239177
0.239167
0.239157
0.239148
0.239138
0.239128
0.239118
0.239108
0.239099
0.239089
0.239079
0.239069
0.239059
0.239050
0.239040
0.239030
0.239020
0.239010
0.239001
0.238991
0.238981
0.238971
0.238961
0.238952
0.238942
0.238932
0.238922
0.238913
0.238903
0.238893
0.238883
0.238873
0.238864
0.238854
0.238844
0.238834
0.238825
0.238815
0.238805
0.238795
0.238785
0.238776
0.238766
0.238756
0.238746
0.238737
0.238727
0.238717
0.238707
0.238698
0.238688
0.238678
0.238668
0.238658
0.238649
0.238639
0.238629
0.238619
0.238610
0.238600
0.238590
0.238580
0.238571
0.238561
0.238551
0.238541
0.238532
0.238522
0.238512
0.238502
0.238493
0.238483
0.238473
0.238463
0.238454
0.238444
0.238434
0.238424
0.238415
0.238405
0.238395
0.238385
0.238376
0.238366
0.238356
0.238346
0.238337
0.238327
0.238317
0.238307
0.238298
0.238288
0.238278
0.238268
0.238259
0.238249
0.238239
0.238229
0.238220
0.238210
0.238200
0.238190
0.238181
0.238171
0.238161
0.238151
0.238142
0.238132
0.238122
0.238112
0.238103
0.238093
0.238083
0.238073
0.238064
0.238054
0.238044
0.238034
0.238025
0.238015
0.238005
0.237995
0.237986
0.237976
0.237966
0.237957
0.237947
0.237937
0.237927
0.237918
0.237908
0.237898
0.237888
0.237879
0.237869
0.237859
0.237849
0.237840
0.237830
0.237820
0.237810
0.237801
0.237791
0.237781
0.237772
0.237762
0.237752
0.237742
0.237733
0.237723
0.237713
0.237703
0.237694
0.237684
0.237674
0.237664
0.237655
0.237645
0.237635
0.237626
0.237616
0.237606
0.237596
0.237587
0.237577
0.237567
0.237557
0.237548
0.237538
0.237528
0.237518
0.237509
0.237499
0.237489
0.237480
0.237470
0.237460
0.237450
0.237441
0.237431
0.237421
0.237411
0.237402
0.237392
0.237382
0.237372
0.237363
0.237353
0.237343
0.237334
0.237324
0.237314
0.237304
0.237295
0.237285
0.237275
0.237265
0.237256
0.237246
0.237236
0.237227
0.237217
0.237207
0.237197
0.237188
0.237178
0.237168
0.237158
0.237149
0.237139
0.237129
0.237119
0.237110
0.237100
0.237090
0.237081
0.237071
0.237061
0.237051
0.237042
0.237032
0.237022
0.237012
0.237003
0.236993
0.236983
0.236973
0.236964
0.236954
0.236944
0.236934
0.236925
0.236915
0.236905
0.236896
0.236886
0.236876
0.236866
0.236857
0.236847
0.236837
0.236827
0.236818
0.236808
0.236798
0.236788
0.236779
0.236769
0.236759
0.236749
0.236740
0.236730
0.236720
0.236711
0.236701
0.236691
0.236681
0.236672
0.236662
0.236652
0.236642
0.236633
0.236623
0.236613
0.236603
0.236594
0.236584
0.236574
0.236564
0.236555
0.236545
0.236535
0.236525
0.236516
0.236506
0.236496
0.236486
0.236477
0.236467
0.236457
0.236447
0.236438
0.236428
0.236418
0.236408
0.236399
0.236389
0.236379
0.236369
0.236360
0.236350
0.236340
0.236330
0.236321
0.236311
0.236301
0.236291
0.236282
0.236272
0.236262
0.236252
0.236243
0.236233
0.236223
0.236213
0.236203
0.236194
0.236184
0.236174
0.236164
0.236155
0.236145
0.236135
0.236125
0.236116
0.236106
0.236096
0.236086
0.236077
0.236077
0.236067
0.236057
0.236047
0.236038
0.236028
0.236018
0.236008
0.235998
0.235989
0.235979
0.235969
0.235959
0.235950
0.235940
0.235930
0.235920
0.235911
0.235901
0.235891
0.235881
0.235871
0.235862
0.235852
0.235842
0.235832
0.235823
0.235813
0.235803
0.235793
0.235783
0.235774
0.235764
0.235754
0.235744
0.235735
0.235725
0.235715
0.235705
0.235695
0.235686
0.235676
0.235666
0.235656
0.235646
0.235637
0.235627
0.235617
0.235607
0.235597
0.235588
0.235578
0.235568
0.235558
0.235549
0.235539
0.235529
0.235519
0.235509
0.235500
0.235490
0.235480
0.235470
0.235460
0.235451
0.235441
0.235431
0.235421
0.235411
0.235402
0.235392
0.235382
0.235372
0.235362
0.235353
0.235343
0.235333
0.235323
0.235313
0.235304
0.235294
0.235284
0.235274
0.235264
0.235254
0.235245
0.235235
0.235225
0.235215
0.235205
0.235196
0.235186
0.235176
0.235166
0.235156
0.235147
0.235137
0.235127
0.235117
0.235107
0.235097
0.235088
0.235078
0.235068
0.235058
0.235048
0.235038
0.235029
0.235019
0.235009
0.234999
0.234989
0.234980
0.234970
0.234960
0.234950
0.234940
0.234930
0.234921
0.234911
0.234901
0.234891
0.234881
0.234871
0.234862
0.234852
0.234842
0.234832
0.234822
0.234812
0.234803
0.234793
0.234783
0.234773
0.234763
0.234753
0.234743
0.234734
0.234724
0.234714
0.234704
0.234694
0.234684
0.234675
0.234665
0.234655
0.234645
0.234635
0.234625
0.234615
0.234606
0.234596
0.234586
0.234576
0.234566
0.234556
0.234546
0.234537
0.234527
0.234517
0.234507
0.234497
0.234487
0.234477
0.234468
0.234458
0.234448
0.234438
0.234428
0.234418
0.234408
0.234399
0.234389
0.234379
0.234369
0.234359
0.234349
0.234339
0.234329
0.234320
0.234310
0.234300
0.234290
0.234280
0.234270
0.234260
0.234250
0.234241
0.234231
0.234221
0.234211
0.234201
0.234191
0.234181
0.234171
0.234161
0.234152
0.234142
0.234132
0.234122
0.234112
0.234102
0.234092
0.234082
0.234072
0.234063
0.234053
0.234043
0.234033
0.234023
0.234013
0.234003
0.233993
0.233983
0.233974
0.233964
0.233954
0.233944
0.233934
0.233924
0.233914
0.233904
0.233894
0.233884
0.233875
0.233865
0.233855
0.233845
0.233835
0.233825
0.233815
0.233805
0.233795
0.233785
0.233775
0.233766
0.233756
0.233746
0.233736
0.233726
0.233716
0.233706
0.233696
0.233686
0.233676
0.233666
0.233656
0.233647
0.233637
0.233627
0.233617
0.233607
0.233597
0.233587
0.233577
0.233567
0.233557
0.233547
0.233537
0.233527
0.233518
0.233508
0.233498
0.233488
0.233478
0.233468
0.233458
0.233448
0.233438
0.233428
0.233418
0.233408
0.233398
0.233388
0.233378
0.233369
0.233359
0.233349
0.233339
0.233329
0.233319
0.233309
0.233299
0.233289
0.233279
0.233269
0.233259
0.233249
0.233239
0.233229
0.233219
0.233209
0.233199
0.233190
0.233180
0.233170
0.233160
0.233150
0.233140
0.233130
0.233120
0.233110
0.233100
0.233090
0.233080
0.233070
0.233060
0.233050
0.233040
0.233030
0.233020
0.233010
0.233000
0.232990
0.232980
0.232970
0.232960
0.232951
0.232941
0.232931
0.232921
0.232911
0.232901
0.232891
0.232881
0.232871
0.232861
0.232851
0.232841
0.232831
0.232821
0.232811
0.232801
0.232791
0.232781
0.232771
0.232761
0.232751
0.232741
0.232731
0.232721
0.232711
0.232701
0.232691
0.232681
0.232671
0.232661
0.232651
0.232641
0.232631
0.232621
0.232611
0.232601
0.232591
0.232581
0.232571
0.232561
0.232551
0.232541
0.232531
0.232521
0.232511
0.232501
0.232491
0.232481
0.232471
0.232461
0.232451
0.232441
0.232431
0.232421
0.232411
0.232401
0.232391
0.232381
0.232371
0.232361
0.232351
0.232341
0.232331
0.232321
0.232311
0.232301
0.232291
0.232281
0.232271
0.232261
0.232251
0.232241
0.232231
0.232221
0.232211
0.232201
0.232191
0.232181
0.232171
0.232161
0.232151
0.232141
0.232131
0.232121
0.232111
0.232101
0.232091
0.232081
0.232071
0.232061
0.232051
0.232041
0.232031
0.232021
0.232011
0.232001
0.231991
0.231981
0.231971
0.231961
0.231951
0.231941
0.231931
0.231921
0.231911
0.231901
0.231891
0.231881
0.231871
0.231861
0.231851
0.231840
0.231830
0.231820
0.231810
0.231800
0.231790
0.231780
0.231770
0.231760
0.231750
0.231740
0.231730
0.231720
0.231710
0.231700
0.231690
0.231680
0.231670
0.231660
0.231650
0.231640
0.231630
0.231620
0.231610
0.231600
0.231590
0.231579
0.231569
0.231559
0.231549
0.231539
0.231529
0.231519
0.231509
0.231499
0.231489
0.231479
0.231469
0.231459
0.231449
0.231439
0.231429
0.231419
0.231409
0.231399
0.231389
0.231378
0.231368
0.231358
0.231348
0.231338
0.231328
0.231318
0.231308
0.231298
0.231288
0.231278
0.231268
0.231258
0.231248
0.231238
0.231228
0.231218
0.231207
0.231197
0.231187
0.231177
0.231167
0.231157
0.231147
0.231137
0.231127
0.231127
0.231117
0.231107
0.231097
0.231087
0.231077
0.231067
0.231056
0.231046
0.231036
0.231026
0.231016
0.231006
0.230996
0.230986
0.230976
0.230966
0.230956
0.230946
0.230936
0.230926
0.230915
0.230905
0.230895
0.230885
0.230875
0.230865
0.230855
0.230845
0.230835
0.230825
0.230815
0.230805
0.230795
0.230784
0.230774
0.230764
0.230754
0.230744
0.230734
0.230724
0.230714
0.230704
0.230694
0.230684
0.230674
0.230663
0.230653
0.230643
0.230633
0.230623
0.230613
0.230603
0.230593
0.230583
0.230573
0.230563
0.230552
0.230542
0.230532
0.230522
0.230512
0.230502
0.230492
0.230482
0.230472
0.230462
0.230452
0.230441
0.230431
0.230421
0.230411
0.230401
0.230391
0.230381
0.230371
0.230361
0.230351
0.230341
0.230330
0.230320
0.230310
0.230300
0.230290
0.230280
0.230270
0.230260
0.230250
0.230240
0.230229
0.230219
0.230209
0.230199
0.230189
0.230179
0.230169
0.230159
0.230149
0.230139
0.230128
0.230118
0.230108
0.230098
0.230088
0.230078
0.230068
0.230058
0.230048
0.230037
0.230027
0.230017
0.230007
0.229997
0.229987
0.229977
0.229967
0.229957
0.229946
0.229936
0.229926
0.229916
0.229906
0.229896
0.229886
0.229876
0.229866
0.229856
0.229845
0.229835
0.229825
0.229815
0.229805
0.229795
0.229785
0.229775
0.229764
0.229754
0.229744
0.229734
0.229724
0.229714
0.229704
0.229694
0.229684
0.229673
0.229663
0.229653
0.229643
0.229633
0.229623
0.229613
0.229603
0.229593
0.229582
0.229572
0.229562
0.229552
0.229542
0.229532
0.229522
0.229512
0.229501
0.229491
0.229481
0.229471
0.229461
0.229451
0.229441
0.229431
0.229421
0.229410
0.229400
0.229390
0.229380
0.229370
0.229360
0.229350
0.229340
0.229329
0.229319
0.229309
0.229299
0.229289
0.229279
0.229269
0.229259
0.229248
0.229238
0.229228
0.229218
0.229208
0.229198
0.229188
0.229178
0.229167
0.229157
0.229147
0.229137
0.229127
0.229117
0.229107
0.229097
0.229086
0.229076
0.229066
0.229056
0.229046
0.229036
0.229026
0.229016
0.229005
0.228995
0.228985
0.228975
0.228965
0.228955
0.228945
0.228935
0.228924
0.228914
0.228904
0.228894
0.228884
0.228874
0.228864
0.228854
0.228843
0.228833
0.228823
0.228813
0.228803
0.228793
0.228783
0.228772
0.228762
0.228752
0.228742
0.228732
0.228722
0.228712
0.228702
0.228691
0.228681
0.228671
0.228661
0.228651
0.228641
0.228631
0.228621
0.228610
0.228600
0.228590
0.228580
0.228570
0.228560
0.228550
0.228539
0.228529
0.228519
0.228509
0.228499
0.228489
0.228479
0.228469
0.228458
0.228448
0.228438
0.228428
0.228418
0.228408
0.228398
0.228388
0.228377
0.228367
0.228357
0.228347
0.228337
0.228327
0.228317
0.228306
0.228296
0.228286
0.228276
0.228266
0.228256
0.228246
0.228236
0.228225
0.228215
0.228205
0.228195
0.228185
0.228175
0.228165
0.228154
0.228144
0.228134
0.228124
0.228114
0.228104
0.228094
0.228084
0.228073
0.228063
0.228053
0.228043
0.228033
0.228023
0.228013
0.228002
0.227992
0.227982
0.227972
0.227962
0.227952
0.227942
0.227932
0.227921
0.227911
0.227901
0.227891
0.227881
0.227871
0.227861
0.227851
0.227840
0.227830
0.227820
0.227810
0.227800
0.227790
0.227780
0.227769
0.227759
0.227749
0.227739
0.227729
0.227719
0.227709
0.227699
0.227688
0.227678
0.227668
0.227658
0.227648
0.227638
0.227628
0.227618
0.227607
0.227597
0.227587
0.227577
0.227567
0.227557
0.227547
0.227537
0.227526
0.227516
0.227506
0.227496
0.227486
0.227476
0.227466
0.227456
0.227445
0.227435
0.227425
0.227415
0.227405
0.227395
0.227385
0.227375
0.227364
0.227354
0.227344
0.227334
0.227324
0.227314
0.227304
0.227294
0.227283
0.227273
0.227263
0.227253
0.227243
0.227233
0.227223
0.227213
0.227202
0.227192
0.227182
0.227172
0.227162
0.227152
0.227142
0.227132
0.227121
0.227111
0.227101
0.227091
0.227081
0.227071
0.227061
0.227051
0.227040
0.227030
0.227020
0.227010
0.227000
0.226990
0.226980
0.226970
0.226960
0.226949
0.226939
0.226929
0.226919
0.226909
0.226899
0.226889
0.226879
0.226869
0.226858
0.226848
0.226838
0.226828
0.226818
0.226808
0.226798
0.226788
0.226777
0.226767
0.226757
0.226747
0.226737
0.226727
0.226717
0.226707
0.226697
0.226686
0.226676
0.226666
0.226656
0.226646
0.226636
0.226626
0.226616
0.226606
0.226596
0.226585
0.226575
0.226565
0.226555
0.226545
0.226535
0.226525
0.226515
0.226505
0.226494
0.226484
0.226474
0.226464
0.226454
0.226444
0.226434
0.226424
0.226414
0.226404
0.226393
0.226383
0.226373
0.226363
0.226353
0.226343
0.226333
0.226323
0.226313
0.226303
0.226293
0.226282
0.226272
0.226262
0.226252
0.226242
0.226232
0.226222
0.226212
0.226202
0.226192
0.226181
0.226171
0.226161
0.226151
0.226141
0.226131
0.226121
0.226111
0.226101
0.226091
0.226081
0.226081
0.226071
0.226060
0.226050
0.226040
0.226030
0.226020
0.226010
0.226000
0.225990
0.225980
0.225970
0.225960
0.225950
0.225939
0.225929
0.225919
0.225909
0.225899
0.225889
0.225879
0.225869
0.225859
0.225849
0.225839
0.225829
0.225819
0.225809
0.225798
0.225788
0.225778
0.225768
0.225758
0.225748
0.225738
0.225728
0.225718
0.225708
0.225698
0.225688
0.225678
0.225668
0.225658
0.225647
0.225637
0.225627
0.225617
0.225607
0.225597
0.225587
0.225577
0.225567
0.225557
0.225547
0.225537
0.225527
0.225517
0.225507
0.225497
0.225487
0.225477
0.225467
0.225456
0.225446
0.225436
0.225426
0.225416
0.225406
0.225396
0.225386
0.225376
0.225366
0.225356
0.225346
0.225336
0.225326
0.225316
0.225306
0.225296
0.225286
0.225276
0.225266
0.225256
0.225246
0.225236
0.225226
0.225216
0.225206
0.225196
0.225185
0.225175
0.225165
0.225155
0.225145
0.225135
0.225125
0.225115
0.225105
0.225095
0.225085
0.225075
0.225065
0.225055
0.225045
0.225035
0.225025
0.225015
0.225005
0.224995
0.224985
0.224975
0.224965
0.224955
0.224945
0.224935
0.224925
0.224915
0.224905
0.224895
0.224885
0.224875
0.224865
0.224855
0.224845
0.224835
0.224825
0.224815
0.224805
0.224795
0.224785
0.224775
0.224765
0.224755
0.224745
0.224735
0.224725
0.224715
0.224705
0.224696
0.224686
0.224676
0.224666
0.224656
0.224646
0.224636
0.224626
0.224616
0.224606
0.224596
0.224586
0.224576
0.224566
0.224556
0.224546
0.224536
0.224526
0.224516
0.224506
0.224496
0.224486
0.224476
0.224467
0.224457
0.224447
0.224437
0.224427
0.224417
0.224407
0.224397
0.224387
0.224377
0.224367
0.224357
0.224347
0.224337
0.224327
0.224318
0.224308
0.224298
0.224288
0.224278
0.224268
0.224258
0.224248
0.224238
0.224228
0.224218
0.224209
0.224199
0.224189
0.224179
0.224169
0.224159
0.224149
0.224139
0.224129
0.224120
0.224110
0.224100
0.224090
0.224080
0.224070
0.224060
0.224050
0.224041
0.224031
0.224021
0.224011
0.224001
0.223991
0.223981
0.223972
0.223962
0.223952
0.223942
0.223932
0.223922
0.223913
0.223903
0.223893
0.223883
0.223873
0.223863
0.223854
0.223844
0.223834
0.223824
0.223814
0.223804
0.223795
0.223785
0.223775
0.223765
0.223755
0.223746
0.223736
0.223726
0.223716
0.223707
0.223697
0.223687
0.223677
0.223667
0.223658
0.223648
0.223638
0.223628
0.223619
0.223609
0.223599
0.223589
0.223580
0.223570
0.223560
0.223550
0.223541
0.223531
0.223521
0.223511
0.223502
0.223492
0.223482
0.223473
0.223463
0.223453
0.223443
0.223434
0.223424
0.223414
0.223405
0.223395
0.223385
0.223376
0.223366
0.223356
0.223347
0.223337
0.223327
0.223318
0.223308
0.223298
0.223289
0.223279
0.223269
0.223260
0.223250
0.223240
0.223231
0.223221
0.223211
0.223202
0.223192
0.223183
0.223173
0.223163
0.223154
0.223144
0.223135
0.223125
0.223116
0.223106
0.223096
0.223087
0.223077
0.223068
0.223058
0.223049
0.223039
0.223030
0.223020
0.223010
0.223001
0.222991
0.222982
0.222972
0.222963
0.222953
0.222944
0.222934
0.222925
0.222915
0.222906
0.222897
0.222887
0.222878
0.222868
0.222859
0.222849
0.222840
0.222830
0.222821
0.222812
0.222802
0.222793
0.222783
0.222774
0.222765
0.222755
0.222746
0.222736
0.222727
0.222718
0.222708
0.222699
0.222690
0.222680
0.222671
0.222662
0.222652
0.222643
0.222634
0.222624
0.222615
0.222606
0.222596
0.222587
0.222578
0.222569
0.222559
0.222550
0.222541
0.222532
0.222523
0.222513
0.222504
0.222495
0.222486
0.222476
0.222467
0.222458
0.222449
0.222440
0.222431
0.222422
0.222412
0.222403
0.222394
0.222385
0.222376
0.222367
0.222358
0.222349
0.222340
0.222331
0.222321
0.222312
0.222303
0.222294
0.222285
0.222276
0.222267
0.222258
0.222249
0.222240
0.222231
0.222222
0.222213
0.222205
0.222196
0.222187
0.222178
0.222169
0.222160
0.222151
0.222142
0.222133
0.222124
0.222116
0.222107
0.222098
0.222089
0.222080
0.222072
0.222063
0.222054
0.222045
0.222036
0.222028
0.222019
0.222010
0.222002
0.221993
0.221984
0.221975
0.221967
0.221958
0.221950
0.221941
0.221932
0.221924
0.221915
0.221906
0.221898
0.221889
0.221881
0.221872
0.221864
0.221855
0.221847
0.221838
0.221830
0.221821
0.221813
0.221804
0.221796
0.221787
0.221779
0.221771
0.221762
0.221754
0.221746
0.221737
0.221729
0.221721
0.221712
0.221704
0.221696
0.221687
0.221679
0.221671
0.221663
0.221655
0.221646
0.221638
0.221630
0.221622
0.221614
0.221606
0.221598
0.221590
0.221581
0.221573
0.221565
0.221557
0.221549
0.221541
0.221533
0.221525
0.221517
0.221509
0.221502
0.221493
0.221486
0.221477
0.221471
0.221460
0.221459
0.221439
0.221454
0.221401
0.221482
0.221304
0.221640
0.221032
0.222134
0.220922
0.222220
0.221075
0.221903
0.221071
0.221071
0.221702
0.221033
0.221533
0.220971
0.221385
0.220898
0.221266
0.220826
0.221173
0.220759
0.221102
0.220698
0.221044
0.220644
0.220997
0.220596
0.220955
0.220554
0.220916
0.220518
0.220879
0.220485
0.220844
0.220456
0.220809
0.220430
0.220774
0.220405
0.220740
0.220381
0.220705
0.220358
0.220672
0.220335
0.220639
0.220313
0.220607
0.220290
0.220576
0.220267
0.220546
0.220245
0.220517
0.220222
0.220488
0.220200
0.220461
0.220178
0.220435
0.220156
0.220409
0.220134
0.220384
0.220113
0.220360
0.220091
0.220336
0.220069
0.220313
0.220048
0.220290
0.220027
0.220267
0.220006
0.220245
0.219985
0.220223
0.219964
0.220200
0.219943
0.220178
0.219922
0.220156
0.219902
0.220135
0.219881
0.220113
0.219861
0.220091
0.219840
0.220069
0.219820
0.220047
0.219799
0.220025
0.219779
0.220003
0.219759
0.219981
0.219739
0.219959
0.219718
0.219937
0.219698
0.219915
0.219678
0.219894
0.219658
0.219872
0.219638
0.219850
0.219618
0.219829
0.219598
0.219807
0.219578
0.219785
0.219558
0.219764
0.219538
0.219743
0.219518
0.219721
0.219498
0.219700
0.219478
0.219679
0.219458
0.219657
0.219438
0.219636
0.219418
0.219615
0.219398
0.219594
0.219378
0.219573
0.219358
0.219552
0.219338
0.219531
0.219318
0.219510
0.219298
0.219489
0.219278
0.219468
0.219258
0.219447
0.219238
0.219426
0.219218
0.219405
0.219198
0.219385
0.219178
0.219364
0.219158
0.219343
0.219138
0.219322
0.219118
0.219301
0.219098
0.219280
0.219078
0.219259
0.219059
0.219238
0.219039
0.219217
0.219019
0.219196
0.218999
0.219175
0.218979
0.219154
0.218960
0.219134
0.218940
0.219113
0.218920
0.219092
0.218900
0.219071
0.218881
0.219050
0.218861
0.219030
0.218841
0.219009
0.218822
0.218988
0.218802
0.218967
0.218783
0.218947
0.218763
0.218926
0.218743
0.218905
0.218724
0.218885
0.218704
0.218864
0.218685
0.218844
0.218665
0.218823
0.218646
0.218803
0.218626
0.218782
0.218607
0.218762
0.218587
0.218741
0.218568
0.218721
0.218548
0.218700
0.218529
0.218680
0.218510
0.218660
0.218490
0.218639
0.218471
0.218619
0.218452
0.218599
0.218432
0.218578
0.218413
0.218558
0.218394
0.218538
0.218375
0.218518
0.218355
0.218497
0.218336
0.218477
0.218317
0.218457
0.218298
0.218437
0.218279
0.218417
0.218259
0.218397
0.218240
0.218377
0.218221
0.218357
0.218202
0.218336
0.218183
0.218316
0.218164
0.218296
0.218145
0.218276
0.218126
0.218256
0.218107
0.218237
0.218088
0.218217
0.218069
0.218197
0.218050
0.218177
0.218032
0.218157
0.218013
0.218137
0.217994
0.218117
0.217975
0.218097
0.217956
0.218078
0.217937
0.218058
0.217919
0.218038
0.217900
0.218018
0.217881
0.217999
0.217863
0.217979
0.217844
0.217959
0.217825
0.217940
0.217807
0.217920
0.217788
0.217901
0.217770
0.217881
0.217751
0.217861
0.217733
0.217842
0.217714
0.217822
0.217696
0.217803
0.217677
0.217784
0.217659
0.217764
0.217640
0.217745
0.217622
0.217725
0.217604
0.217706
0.217585
0.217687
0.217567
0.217667
0.217549
0.217648
0.217530
0.217629
0.217512
0.217610
0.217494
0.217590
0.217476
0.217571
0.217457
0.217552
0.217439
0.217533
0.217421
0.217514
0.217403
0.217495
0.217385
0.217476
0.217367
0.217457
0.217349
0.217438
0.217331
0.217419
0.217313
0.217400
0.217295
0.217381
0.217277
0.217362
0.217259
0.217343
0.217241
0.217324
0.217223
0.217305
0.217205
0.217286
0.217187
0.217267
0.217169
0.217249
0.217152
0.217230
0.217134
0.217211
0.217116
0.217192
0.217098
0.217174
0.217081
0.217155
0.217063
0.217136
0.217045
0.217118
0.217028
0.217099
0.217010
0.217081
0.216992
0.217062
0.216975
0.217043
0.216957
0.217025
0.216940
0.217006
0.216922
0.216988
0.216905
0.216969
0.216887
0.216951
0.216870
0.216933
0.216852
0.216914
0.216835
0.216896
0.216817
0.216878
0.216800
0.216859
0.216783
0.216841
0.216765
0.216823
0.216748
0.216804
0.216731
0.216786
0.216714
0.216768
0.216696
0.216750
0.216679
0.216732
0.216662
0.216713
0.216645
0.216695
0.216628
0.216677
0.216611
0.216659
0.216593
0.216641
0.216576
0.216623
0.216559
0.216605
0.216542
0.216587
0.216525
0.216569
0.216508
0.216551
0.216491
0.216533
0.216474
0.216515
0.216457
0.216498
0.216440
0.216480
0.216423
0.216462
0.216407
0.216444
0.216390
0.216426
0.216373
0.216409
0.216356
0.216391
0.216339
0.216373
0.216322
0.216355
0.216306
0.216338
0.216289
0.216320
0.216272
0.216303
0.216256
0.216285
0.216239
0.216267
0.216222
0.216250
0.216206
0.216232
0.216189
0.216215
0.216172
0.216197
0.216156
0.216180
0.216139
0.216162
0.216123
0.216145
0.216106
0.216128
0.216089
0.216110
0.216073
0.216093
0.216056
0.216076
0.216040
0.216058
0.216023
0.216041
0.216007
0.216024
0.215991
0.216007
0.215974
0.215989
0.215989
0.215958
0.215972
0.215941
0.215955
0.215925
0.215938
0.215909
0.215921
0.215892
0.215904
0.215876
0.215887
0.215860
0.215870
0.215843
0.215853
0.215827
0.215836
0.215811
0.215819
0.215794
0.215802
0.215778
0.215785
0.215762
0.215768
0.215746
0.215752
0.215729
0.215735
0.215713
0.215718
0.215697
0.215701
0.215681
0.215684
0.215665
0.215668
0.215649
0.215651
0.215632
0.215634
0.215616
0.215618
0.215600
0.215601
0.215584
0.215585
0.215568
0.215568
0.215552
0.215552
0.215536
0.215535
0.215520
0.215519
0.215504
0.215502
0.215488
0.215486
0.215472
0.215469
0.215456
0.215453
0.215440
0.215437
0.215424
0.215420
0.215408
0.215404
0.215392
0.215388
0.215376
0.215372
0.215360
0.215356
0.215344
0.215339
0.215328
0.215323
0.215312
0.215307
0.215296
0.215291
0.215280
0.215275
0.215264
0.215259
0.215249
0.215243
0.215233
0.215227
0.215217
0.215211
0.215201
0.215195
0.215185
0.215179
0.215170
0.215163
0.215154
0.215147
0.215138
0.215132
0.215122
0.215116
0.215107
0.215100
0.215091
0.215084
0.215075
0.215068
0.215060
0.215053
0.215044
0.215037
0.215029
0.215021
0.215013
0.215006
0.214997
0.214990
0.214982
0.214975
0.214966
0.214959
0.214951
0.214944
0.214935
0.214928
0.214920
0.214913
0.214905
0.214897
0.214889
0.214882
0.214874
0.214866
0.214858
0.214851
0.214843
0.214836
0.214828
0.214820
0.214813
0.214805
0.214797
0.214790
0.214782
0.214775
0.214767
0.214759
0.214752
0.214744
0.214736
0.214729
0.214721
0.214714
0.214706
0.214699
0.214691
0.214684
0.214676
0.214669
0.214661
0.214654
0.214646
0.214639
0.214631
0.214624
0.214616
0.214609
0.214601
0.214594
0.214586
0.214579
0.214571
0.214564
0.214557
0.214549
0.214542
0.214534
0.214527
0.214520
0.214512
0.214505
0.214498
0.214490
0.214483
0.214476
0.214468
0.214461
0.214454
0.214446
0.214439
0.214432
0.214424
0.214417
0.214410
0.214403
0.214395
0.214388
0.214381
0.214374
0.214367
0.214359
0.214352
0.214345
0.214338
0.214331
0.214323
0.214316
0.214309
0.214302
0.214295
0.214288
0.214281
0.214274
0.214266
0.214259
0.214252
0.214245
0.214238
0.214231
0.214224
0.214217
0.214210
0.214203
0.214196
0.214189
0.214182
0.214175
0.214168
0.214161
0.214154
0.214147
0.214140
0.214133
0.214126
0.214119
0.214113
0.214106
0.214099
0.214092
0.214085
0.214078
0.214071
0.214065
0.214058
0.214051
0.214044
0.214037
0.214031
0.214024
0.214017
0.214010
0.214004
0.213997
0.213990
0.213983
0.213977
0.213970
0.213963
0.213957
0.213950
0.213944
0.213937
0.213930
0.213924
0.213917
0.213911
0.213904
0.213897
0.213891
0.213884
0.213878
0.213871
0.213865
0.213858
0.213852
0.213845
0.213839
0.213832
0.213826
0.213820
0.213813
0.213807
0.213800
0.213794
0.213788
0.213781
0.213775
0.213769
0.213763
0.213756
0.213750
0.213744
0.213737
0.213731
0.213725
0.213719
0.213713
0.213706
0.213700
0.213694
0.213688
0.213682
0.213676
0.213670
0.213664
0.213658
0.213651
0.213645
0.213639
0.213633
0.213627
0.213621
0.213615
0.213610
0.213604
0.213598
0.213592
0.213586
0.213580
0.213574
0.213568
0.213562
0.213557
0.213551
0.213545
0.213539
0.213534
0.213528
0.213522
0.213516
0.213511
0.213505
0.213499
0.213494
0.213488
0.213483
0.213477
0.213471
0.213466
0.213460
0.213455
0.213449
0.213444
0.213438
0.213433
0.213428
0.213422
0.213417
0.213411
0.213406
0.213401
0.213395
0.213390
0.213385
0.213380
0.213374
0.213369
0.213364
0.213359
0.213354
0.213348
0.213343
0.213338
0.213333
0.213328
0.213323
0.213318
0.213313
0.213308
0.213303
0.213298
0.213293
0.213288
0.213283
0.213279
0.213274
0.213269
0.213264
0.213259
0.213255
0.213250
0.213245
0.213240
0.213236
0.213231
0.213227
0.213222
0.213217
0.213213
0.213208
0.213204
0.213199
0.213195
0.213190
0.213186
0.213182
0.213177
0.213173
0.213169
0.213164
0.213160
0.213156
0.213152
0.213147
0.213143
0.213139
0.213135
0.213131
0.213127
0.213123
0.213119
0.213115
0.213111
0.213107
0.213103
0.213099
0.213095
0.213091
0.213087
0.213084
0.213080
0.213076
0.213072
0.213069
0.213065
0.213061
0.213058
0.213054
0.213051
0.213047
0.213044
0.213040
0.213037
0.213033
0.213030
0.213027
0.213023
0.213020
0.213017
0.213013
0.213010
0.213007
0.213004
0.213001
0.212998
0.212994
0.212991
0.212988
0.212986
0.212982
0.212980
0.212977
0.212974
0.212971
0.212969
0.212964
0.212964
0.212958
0.212961
0.212949
0.212961
0.212935
0.212970
0.212907
0.213004
0.212842
0.213108
0.212695
0.213366
0.212538
0.213595
0.212585
0.213472
0.212653
0.213274
0.212667
0.213120
0.212654
0.212993
0.212623
0.212889
0.212585
0.212807
0.212548
0.212744
0.212514
0.212695
0.212483
0.212656
0.212456
0.212625
0.212432
0.212600
0.212411
0.212411
0.212581
0.212391
0.212566
0.212373
0.212555
0.212357
0.212548
0.212341
0.212543
0.212325
0.212540
0.212309
0.212538
0.212293
0.212537
0.212277
0.212535
0.212262
0.212532
0.212247
0.212527
0.212233
0.212520
0.212220
0.212510
0.212208
0.212497
0.212197
0.212482
0.212186
0.212465
0.212176
0.212446
0.212166
0.212427
0.212156
0.212408
0.212146
0.212389
0.212136
0.212371
0.212125
0.212354
0.212115
0.212338
0.212105
0.212324
0.212095
0.212310
0.212085
0.212298
0.212074
0.212287
0.212064
0.212277
0.212054
0.212268
0.212043
0.212260
0.212032
0.212253
0.212021
0.212246
0.212010
0.212239
0.211999
0.212233
0.211988
0.212227
0.211976
0.212221
0.211965
0.212215
0.211954
0.212208
0.211943
0.212200
0.211932
0.212192
0.211921
0.212184
0.211911
0.212174
0.211900
0.212164
0.211890
0.212154
0.211880
0.212143
0.211870
0.212131
0.211860
0.212120
0.211850
0.212108
0.211840
0.212097
0.211830
0.212086
0.211820
0.212075
0.211810
0.212064
0.211800
0.212054
0.211789
0.212044
0.211779
0.212035
0.211769
0.212026
0.211758
0.212017
0.211748
0.212008
0.211737
0.212000
0.211727
0.211992
0.211716
0.211984
0.211706
0.211975
0.211696
0.211967
0.211685
0.211959
0.211675
0.211950
0.211664
0.211941
0.211654
0.211933
0.211644
0.211923
0.211634
0.211914
0.211624
0.211905
0.211614
0.211895
0.211604
0.211885
0.211594
0.211876
0.211584
0.211866
0.211574
0.211857
0.211564
0.211847
0.211554
0.211838
0.211544
0.211828
0.211534
0.211819
0.211524
0.211810
0.211513
0.211801
0.211503
0.211793
0.211493
0.211784
0.211483
0.211775
0.211473
0.211767
0.211463
0.211758
0.211453
0.211749
0.211443
0.211741
0.211433
0.211732
0.211423
0.211723
0.211414
0.211714
0.211404
0.211706
0.211394
0.211697
0.211384
0.211688
0.211374
0.211679
0.211365
0.211670
0.211355
0.211661
0.211345
0.211652
0.211335
0.211644
0.211326
0.211635
0.211316
0.211626
0.211306
0.211618
0.211296
0.211609
0.211287
0.211600
0.211277
0.211592
0.211267
0.211583
0.211258
0.211575
0.211248
0.211566
0.211238
0.211558
0.211229
0.211549
0.211219
0.211541
0.211210
0.211532
0.211200
0.211524
0.211191
0.211516
0.211181
0.211507
0.211172
0.211499
0.211162
0.211490
0.211153
0.211482
0.211143
0.211473
0.211134
0.211465
0.211125
0.211457
0.211115
0.211448
0.211106
0.211440
0.211097
0.211432
0.211087
0.211424
0.211078
0.211416
0.211069
0.211407
0.211059
0.211399
0.211050
0.211391
0.211041
0.211383
0.211032
0.211375
0.211023
0.211367
0.211013
0.211359
0.211004
0.211350
0.210995
0.211342
0.210986
0.211334
0.210977
0.211326
0.210968
0.211318
0.210959
0.211310
0.210950
0.211302
0.210941
0.211294
0.210932
0.211287
0.210923
0.211279
0.210914
0.211271
0.210905
0.211263
0.210896
0.211255
0.210887
0.211247
0.210878
0.211239
0.210869
0.211232
0.210860
0.211224
0.210851
0.211216
0.210843
0.211208
0.210834
0.211201
0.210825
0.211193
0.210816
0.211185
0.210807
0.211178
0.210799
0.211170
0.210790
0.211162
0.210781
0.211155
0.210773
0.211147
0.210764
0.211140
0.210755
0.211132
0.210747
0.211125
0.210738
0.211117
0.210730
0.211110
0.210721
0.211102
0.210712
0.211095
0.210704
0.211087
0.210695
0.211080
0.210687
0.211072
0.210678
0.211065
0.210670
0.211058
0.210662
0.211050
0.210653
0.211043
0.210645
0.211036
0.210636
0.211029
0.210628
0.211021
0.210620
0.211014
0.210611
0.211007
0.210603
0.211000
0.210595
0.210993
0.210586
0.210985
0.210578
0.210978
0.210570
0.210971
0.210562
0.210964
0.210554
0.210957
0.210545
0.210950
0.210537
0.210943
0.210529
0.210936
0.210521
0.210929
0.210513
0.210922
0.210505
0.210915
0.210497
0.210908
0.210489
0.210901
0.210481
0.210894
0.210473
0.210887
0.210465
0.210880
0.210457
0.210874
0.210449
0.210867
0.210441
0.210860
0.210433
0.210853
0.210425
0.210846
0.210417
0.210840
0.210409
0.210833
0.210402
0.210826
0.210394
0.210820
0.210386
0.210813
0.210378
0.210806
0.210370
0.210800
0.210363
0.210793
0.210355
0.210787
0.210347
0.210780
0.210340
0.210773
0.210332
0.210767
0.210324
0.210760
0.210317
0.210754
0.210309
0.210747
0.210301
0.210741
0.210294
0.210735
0.210286
0.210728
0.210279
0.210722
0.210271
0.210715
0.210264
0.210709
0.210256
0.210703
0.210249
0.210696
0.210241
0.210690
0.210234
0.210684
0.210227
0.210678
0.210219
0.210671
0.210212
0.210665
0.210205
0.210659
0.210197
0.210653
0.210190
0.210647
0.210183
0.210641
0.210175
0.210634
0.210168
0.210628
0.210161
0.210622
0.210154
0.210616
0.210147
0.210610
0.210139
0.210604
0.210132
0.210598
0.210125
0.210592
0.210118
0.210586
0.210111
0.210580
0.210104
0.210574
0.210097
0.210569
0.210090
0.210563
0.210083
0.210557
0.210076
0.210551
0.210069
0.210545
0.210545
0.210062
0.210539
0.210055
0.210534
0.210048
0.210528
0.210041
0.210522
0.210034
0.210516
0.210027
0.210511
0.210020
0.210505
0.210014
0.210499
0.210007
0.210494
0.210000
0.210488
0.209993
0.210482
0.209987
0.210477
0.209980
0.210471
0.209973
0.210466
0.209966
0.210460
0.209960
0.210455
0.209953
0.210449
0.209946
0.210444
0.209940
0.210438
0.209933
0.210433
0.209927
0.210428
0.209920
0.210422
0.209914
0.210417
0.209907
0.210411
0.209901
0.210406
0.209894
0.210401
0.209888
0.210396
0.209881
0.210390
0.209875
0.210385
0.209868
0.210380
0.209862
0.210375
0.209856
0.210369
0.209849
0.210364
0.209843
0.210359
0.209837
0.210354
0.209830
0.210349
0.209824
0.210344
0.209818
0.210339
0.209812
0.210334
0.209805
0.210329
0.209799
0.210324
0.209793
0.210319
0.209787
0.210314
0.209781
0.210309
0.209775
0.210304
0.209769
0.210299
0.209762
0.210294
0.209756
0.210289
0.209750
0.210284
0.209744
0.210279
0.209738
0.210275
0.209732
0.210270
0.209726
0.210265
0.209720
0.210260
0.209715
0.210256
0.209709
0.210251
0.209703
0.210246
0.209697
0.210241
0.209691
0.210237
0.209685
0.210232
0.209679
0.210228
0.209674
0.210223
0.209668
0.210218
0.209662
0.210214
0.209656
0.210209
0.209651
0.210205
0.209645
0.210200
0.209639
0.210196
0.209634
0.210191
0.209628
0.210187
0.209622
0.210182
0.209617
0.210178
0.209611
0.210174
0.209606
0.210169
0.209600
0.210165
0.209595
0.210161
0.209589
0.210156
0.209584
0.210152
0.209578
0.210148
0.209573
0.210144
0.209567
0.210139
0.209562
0.210135
0.209557
0.210131
0.209551
0.210127
0.209546
0.210123
0.209541
0.210119
0.209535
0.210114
0.209530
0.210110
0.209525
0.210106
0.209520
0.210102
0.209514
0.210098
0.209509
0.210094
0.209504
0.210090
0.209499
0.210086
0.209494
0.210082
0.209489
0.210078
0.209484
0.210074
0.209479
0.210071
0.209473
0.210067
0.209468
0.210063
0.209463
0.210059
0.209458
0.210055
0.209453
0.210051
0.209449
0.210048
0.209444
0.210044
0.209439
0.210040
0.209434
0.210037
0.209429
0.210033
0.209424
0.210029
0.209419
0.210026
0.209414
0.210022
0.209410
0.210018
0.209405
0.210015
0.209400
0.210011
0.209395
0.210008
0.209391
0.210004
0.209386
0.210001
0.209381
0.209997
0.209377
0.209994
0.209372
0.209990
0.209367
0.209987
0.209363
0.209983
0.209358
0.209980
0.209354
0.209977
0.209349
0.209973
0.209345
0.209970
0.209340
0.209967
0.209336
0.209963
0.209331
0.209960
0.209327
0.209957
0.209323
0.209954
0.209318
0.209950
0.209314
0.209947
0.209310
0.209944
0.209305
0.209941
0.209301
0.209938
0.209297
0.209935
0.209292
0.209932
0.209288
0.209929
0.209284
0.209925
0.209280
0.209922
0.209276
0.209919
0.209272
0.209916
0.209267
0.209914
0.209263
0.209911
0.209259
0.209908
0.209255
0.209905
0.209251
0.209902
0.209247
0.209899
0.209243
0.209896
0.209239
0.209893
0.209235
0.209891
0.209231
0.209888
0.209227
0.209885
0.209224
0.209882
0.209220
0.209880
0.209216
0.209877
0.209212
0.209874
0.209208
0.209872
0.209205
0.209869
0.209201
0.209866
0.209197
0.209864
0.209193
0.209861
0.209190
0.209859
0.209186
0.209856
0.209182
0.209854
0.209179
0.209851
0.209175
0.209849
0.209172
0.209846
0.209168
0.209844
0.209165
0.209841
0.209161
0.209839
0.209158
0.209837
0.209154
0.209834
0.209151
0.209832
0.209147
0.209830
0.209144
0.209827
0.209141
0.209825
0.209137
0.209823
0.209134
0.209821
0.209131
0.209818
0.209127
0.209816
0.209124
0.209814
0.209121
0.209812
0.209118
0.209810
0.209115
0.209808
0.209111
0.209806
0.209108
0.209804
0.209105
0.209802
0.209102
0.209800
0.209099
0.209798
0.209096
0.209796
0.209093
0.209794
0.209090
0.209792
0.209087
0.209790
0.209084
0.209788
0.209081
0.209786
0.209078
0.209784
0.209075
0.209782
0.209073
0.209781
0.209070
0.209779
0.209067
0.209777
0.209064
0.209775
0.209061
0.209774
0.209059
0.209772
0.209056
0.209770
0.209053
0.209769
0.209051
0.209767
0.209048
0.209765
0.209046
0.209764
0.209043
0.209762
0.209040
0.209761
0.209038
0.209759
0.209035
0.209758
0.209033
0.209756
0.209031
0.209755
0.209028
0.209753
0.209026
0.209752
0.209023
0.209751
0.209021
0.209749
0.209019
0.209748
0.209016
0.209747
0.209014
0.209745
0.209012
0.209744
0.209010
0.209743
0.209008
0.209742
0.209005
0.209740
0.209003
0.209739
0.209001
0.209738
0.208999
0.209737
0.208997
0.209736
0.208995
0.209735
0.208993
0.209734
0.208991
0.209733
0.208989
0.209732
0.208987
0.209731
0.208985
0.209730
0.208983
0.209729
0.208982
0.209728
0.208980
0.209727
0.208978
0.209726
0.208976
0.209725
0.208974
0.209724
0.208973
0.209723
0.208971
0.209723
0.208969
0.209722
0.208968
0.209721
0.208966
0.209720
0.208965
0.209720
0.208963
0.208963
0.209719
0.208962
0.209718
0.208960
0.209718
0.208959
0.209717
0.208957
0.209716
0.208956
0.209716
0.208955
0.209715
0.208953
0.209715
0.208952
0.209714
0.208951
0.209714
0.208949
0.209713
0.208948
0.209713
0.208947
0.209713
0.208946
0.209712
0.208945
0.209712
0.208944
0.209711
0.208943
0.209711
0.208942
0.209711
0.208941
0.209711
0.208940
0.209710
0.208939
0.209710
0.208938
0.209710
0.208937
0.209710
0.208936
0.209710
0.208935
0.209710
0.208934
0.209709
0.208934
0.209709
0.208933
0.209709
0.208932
0.209709
0.208932
0.209709
0.208931
0.209709
0.208930
0.209709
0.208930
0.209709
0.208929
0.209710
0.208929
0.209710
0.208928
0.209710
0.208928
0.209710
0.208928
0.209710
0.208927
0.209710
0.208927
0.209711
0.208927
0.209711
0.208926
0.209711
0.208926
0.209712
0.208926
0.209712
0.208926
0.209712
0.208926
0.209713
0.208925
0.209713
0.208925
0.209714
0.208925
0.209714
0.208925
0.209715
0.208925
0.209715
0.208925
0.209716
0.208926
0.209716
0.208926
0.209717
0.208926
0.209717
0.208926
0.209718
0.208926
0.209719
0.208927
0.209719
0.208927
0.209720
0.208927
0.209721
0.208928
0.209722
0.208928
0.209723
0.208929
0.209723
0.208929
0.209724
0.208930
0.209725
0.208930
0.209726
0.208931
0.209727
0.208931
0.209728
0.208932
0.209729
0.208933
0.209730
0.208934
0.209731
0.208934
0.209732
0.208935
0.209733
0.208936
0.209734
0.208937
0.209735
0.208938
0.209737
0.208939
0.209738
0.208940
0.209739
0.208941
0.209740
0.208942
0.209742
0.208943
0.209743
0.208945
0.209744
0.208946
0.209746
0.208947
0.209747
0.208948
0.209748
0.208950
0.209750
0.208951
0.209751
0.208953
0.209753
0.208954
0.209754
0.208956
0.209756
0.208957
0.209757
0.208959
0.209759
0.208960
0.209761
0.208962
0.209762
0.208964
0.209764
0.208965
0.209766
0.208967
0.209768
0.208969
0.209769
0.208971
0.209771
0.208973
0.209773
0.208975
0.209775
0.208977
0.209777
0.208979
0.209779
0.208981
0.209781
0.208983
0.209782
0.208985
0.209784
0.208988
0.209787
0.208990
0.209789
0.208992
0.209791
0.208995
0.209793
0.208997
0.209795
0.209000
0.209797
0.209002
0.209799
0.209005
0.209801
0.209007
0.209804
0.209010
0.209806
0.209013
0.209808
0.209015
0.209811
0.209018
0.209813
0.209021
0.209815
0.209024
0.209818
0.209027
0.209820
0.209030
0.209823
0.209033
0.209825
0.209036
0.209828
0.209039
0.209830
0.209042
0.209833
0.209046
0.209836
0.209049
0.209838
0.209052
0.209841
0.209056
0.209844
0.209059
0.209846
0.209063
0.209849
0.209066
0.209852
0.209070
0.209855
0.209073
0.209858
0.209077
0.209861
0.209081
0.209863
0.209085
0.209866
0.209089
0.209869
0.209092
0.209872
0.209096
0.209875
0.209100
0.209878
0.209105
0.209882
0.209109
0.209885
0.209113
0.209888
0.209117
0.209891
0.209121
0.209894
0.209126
0.209897
0.209130
0.209901
0.209135
0.209904
0.209139
0.209907
0.209144
0.209911
0.209148
0.209914
0.209153
0.209917
0.209158
0.209921
0.209163
0.209924
0.209167
0.209928
0.209172
0.209931
0.209177
0.209935
0.209182
0.209939
0.209188
0.209942
0.209193
0.209946
0.209198
0.209949
0.209203
0.209953
0.209209
0.209957
0.209214
0.209961
0.209220
0.209964
0.209225
0.209968
0.209231
0.209972
0.209236
0.209976
0.209242
0.209980
0.209248
0.209984
0.209254
0.209988
0.209260
0.209992
0.209266
0.209996
0.209272
0.210000
0.209278
0.210004
0.209284
0.210008
0.209290
0.210012
0.209297
0.210016
0.209303
0.210020
0.209310
0.210024
0.209316
0.210029
0.209323
0.210033
0.209329
0.210037
0.209336
0.210041
0.209343
0.210046
0.209350
0.210050
0.209357
0.210055
0.209364
0.210059
0.209371
0.210063
0.209378
0.210068
0.209386
0.210072
0.209393
0.210077
0.209400
0.210081
0.209408
0.210086
0.209415
0.210090
0.209423
0.210095
0.209431
0.210100
0.209439
0.210104
0.209446
0.210109
0.209454
0.210114
0.209463
0.210118
0.209471
0.210123
0.209479
0.210128
0.209487
0.210133
0.209496
0.210137
0.209504
0.210142
0.209513
0.210147
0.209521
0.210152
0.209530
0.210157
0.209539
0.210161
0.209548
0.210166
0.209557
0.210171
0.209566
0.210176
0.209575
0.210181
0.209584
0.210186
0.209594
0.210191
0.209603
0.210196
0.209613
0.210201
0.209622
0.210206
0.209632
0.210211
0.209642
0.210216
0.209652
0.210221
0.209662
0.210226
0.209672
0.210231
0.209683
0.210236
0.209693
0.210241
0.209704
0.210246
0.209714
0.210250
0.209725
0.210255
0.209736
0.210260
0.209747
0.210265
0.209758
0.210270
0.209769
0.210275
0.209781
0.210280
0.209792
0.210285
0.209804
0.210290
0.209816
0.210295
0.209828
0.210300
0.209840
0.210304
0.209852
0.210309
0.209864
0.210314
0.209877
0.210318
0.209890
0.210323
0.209902
0.210328
0.209916
0.210332
0.209929
0.210336
0.209942
0.210341
0.210341
0.209956
0.210345
0.209970
0.210349
0.209984
0.210354
0.209998
0.210358
0.210012
0.210362
0.210027
0.210365
0.210042
0.210369
0.210057
0.210373
0.210073
0.210376
0.210089
0.210380
0.210105
0.210383
0.210121
0.210386
0.210138
0.210389
0.210155
0.210392
0.210172
0.210395
0.210190
0.210397
0.210208
0.210400
0.210226
0.210403
0.210245
0.210406
0.210264
0.210409
0.210283
0.210412
0.210302
0.210415
0.210322
0.210419
0.210341
0.210424
0.210360
0.210429
0.210379
0.210436
0.210397
0.210443
0.210415
0.210451
0.210432
0.210460
0.210449
0.210471
0.210465
0.210482
0.210481
0.210494
0.210496
0.210507
0.210511
0.210520
0.210526
0.210534
0.210540
0.210548
0.210555
0.210562
0.210570
0.210577
0.210584
0.210592
0.210599
0.210607
0.210614
0.210622
0.210629
0.210637
0.210645
0.210652
0.210660
0.210668
0.210676
0.210684
0.210692
0.210700
0.210708
0.210716
0.210724
0.210732
0.210741
0.210749
0.210757
0.210766
0.210774
0.210783
0.210791
0.210800
0.210809
0.210817
0.210826
0.210835
0.210844
0.210852
0.210861
0.210870
0.210879
0.210888
0.210897
0.210906
0.210915
0.210923
0.210932
0.210941
0.210950
0.210958
0.210967
0.210975
0.210984
0.210992
0.211000
0.211009
0.211017
0.211024
0.211032
0.211040
0.211047
0.211054
0.211061
0.211068
0.211074
0.211081
0.211087
0.211093
0.211098
0.211104
0.211109
0.211114
0.211118
0.211123
0.211127
0.211130
0.211134
0.211137
0.211140
0.211142
0.211145
0.211146
0.211148
0.211149
0.211150
0.211151
0.211152
0.211152
0.211152
0.211151
0.211150
0.211149
0.211148
0.211147
0.211145
0.211143
0.211140
0.211138
0.211135
0.211132
0.211129
0.211125
0.211121
0.211118
0.211113
0.211109
0.211105
0.211100
0.211095
0.211090
0.211085
0.211080
0.211074
0.211069
0.211063
0.211057
0.211051
0.211045
0.211039
0.211033
0.211027
0.211021
0.211014
0.211008
0.211001
0.210995
0.210988
0.210982
0.210975
0.210969
0.210962
0.210955
0.210949
0.210942
0.210935
0.210929
0.210922
0.210916
0.210909
0.210902
0.210896
0.210890
0.210883
0.210877
0.210870
0.210864
0.210858
0.210852
0.210845
0.210839
0.210833
0.210827
0.210821
0.210816
0.210810
0.210804
0.210798
0.210793
0.210787
0.210781
0.210776
0.210771
0.210765
0.210760
0.210755
0.210749
0.210744
0.210739
0.210734
0.210729
0.210724
0.210719
0.210715
0.210710
0.210705
0.210700
0.210696
0.210691
0.210687
0.210682
0.210678
0.210673
0.210669
0.210664
0.210660
0.210656
0.210651
0.210647
0.210643
0.210639
0.210635
0.210630
0.210626
0.210622
0.210618
0.210614
0.210610
0.210606
0.210602
0.210598
0.210594
0.210590
0.210586
0.210582
0.210578
0.210575
0.210571
0.210567
0.210563
0.210559
0.210555
0.210551
0.210547
0.210544
0.210540
0.210536
0.210532
0.210528
0.210524
0.210521
0.210517
0.210513
0.210509
0.210505
0.210501
0.210498
0.210494
0.210490
0.210486
0.210482
0.210479
0.210475
0.210471
0.210467
0.210463
0.210459
0.210455
0.210452
0.210448
0.210444
0.210440
0.210436
0.210432
0.210429
0.210425
0.210421
0.210417
0.210413
0.210409
0.210405
0.210402
0.210398
0.210394
0.210390
0.210386
0.210382
0.210378
0.210374
0.210370
0.210367
0.210363
0.210359
0.210355
0.210351
0.210347
0.210343
0.210339
0.210335
0.210332
0.210328
0.210324
0.210320
0.210316
0.210312
0.210308
0.210304
0.210300
0.210297
0.210293
0.210289
0.210285
0.210281
0.210277
0.210273
0.210269
0.210265
0.210261
0.210257
0.210254
0.210250
0.210246
0.210242
0.210238
0.210234
0.210230
0.210226
0.210222
0.210218
0.210214
0.210211
0.210207
0.210203
0.210199
0.210195
0.210191
0.210187
0.210183
0.210179
0.210175
0.210171
0.210167
0.210164
0.210160
0.210156
0.210152
0.210148
0.210144
0.210140
0.210136
0.210132
0.210128
0.210124
0.210120
0.210116
0.210112
0.210108
0.210104
0.210100
0.210096
0.210092
0.210089
0.210085
0.210081
0.210077
0.210073
0.210069
0.210065
0.210061
0.210057
0.210053
0.210049
0.210045
0.210041
0.210037
0.210033
0.210029
0.210025
0.210021
0.210017
0.210013
0.210009
0.210005
0.210001
0.209997
0.209993
0.209989
0.209985
0.209981
0.209977
0.209973
0.209969
0.209964
0.209960
0.209956
0.209952
0.209948
0.209944
0.209940
0.209936
0.209932
0.209928
0.209924
0.209920
0.209916
0.209912
0.209908
0.209904
0.209899
0.209895
0.209891
0.209887
0.209883
0.209879
0.209875
0.209871
0.209867
0.209863
0.209858
0.209854
0.209850
0.209846
0.209842
0.209838
0.209834
0.209830
0.209825
0.209821
0.209817
0.209813
0.209809
0.209805
0.209801
0.209796
0.209792
0.209788
0.209784
0.209780
0.209776
0.209771
0.209767
0.209763
0.209759
0.209755
0.209751
0.209746
0.209742
0.209738
0.209734
0.209730
0.209725
0.209721
0.209717
0.209713
0.209709
0.209704
0.209700
0.209696
0.209696
0.209692
0.209687
0.209683
0.209679
0.209675
0.209671
0.209666
0.209662
0.209658
0.209654
0.209649
0.209645
0.209641
0.209636
0.209632
0.209628
0.209624
0.209619
0.209615
0.209611
0.209607
0.209602
0.209598
0.209594
0.209589
0.209585
0.209581
0.209576
0.209572
0.209568
0.209563
0.209559
0.209555
0.209551
0.209546
0.209542
0.209537
0.209533
0.209529
0.209524
0.209520
0.209516
0.209511
0.209507
0.209503
0.209498
0.209494
0.209490
0.209485
0.209481
0.209476
0.209472
0.209468
0.209463
0.209459
0.209454
0.209450
0.209446
0.209441
0.209437
0.209432
0.209428
0.209424
0.209419
0.209415
0.209410
0.209406
0.209401
0.209397
0.209393
0.209388
0.209384
0.209379
0.209375
0.209370
0.209366
0.209361
0.209357
0.209353
0.209348
0.209344
0.209339
0.209335
0.209330
0.209326
0.209321
0.209317
0.209312
0.209308
0.209303
0.209299
0.209294
0.209290
0.209285
0.209281
0.209276
0.209272
0.209267
0.209262
0.209258
0.209253
0.209249
0.209244
0.209240
0.209235
0.209231
0.209226
0.209222
0.209217
0.209212
0.209208
0.209203
0.209199
0.209194
0.209190
0.209185
0.209180
0.209176
0.209171
0.209167
0.209162
0.209157
0.209153
0.209148
0.209144
0.209139
0.209134
0.209130
0.209125
0.209121
0.209116
0.209111
0.209107
0.209102
0.209097
0.209093
0.209088
0.209083
0.209079
0.209074
0.209069
0.209065
0.209060
0.209055
0.209051
0.209046
0.209041
0.209037
0.209032
0.209027
0.209023
0.209018
0.209013
0.209009
0.209004
0.208999
0.208994
0.208990
0.208985
0.208980
0.208976
0.208971
0.208966
0.208961
0.208957
0.208952
0.208947
0.208943
0.208938
0.208933
0.208928
0.208924
0.208919
0.208914
0.208909
0.208904
0.208900
0.208895
0.208890
0.208885
0.208881
0.208876
0.208871
0.208866
0.208862
0.208857
0.208852
0.208847
0.208842
0.208838
0.208833
0.208828
0.208823
0.208818
0.208813
0.208809
0.208804
0.208799
0.208794
0.208789
0.208785
0.208780
0.208775
0.208770
0.208765
0.208760
0.208755
0.208751
0.208746
0.208741
0.208736
0.208731
0.208726
0.208721
0.208717
0.208712
0.208707
0.208702
0.208697
0.208692
0.208687
0.208682
0.208678
0.208673
0.208668
0.208663
0.208658
0.208653
0.208648
0.208643
0.208638
0.208633
0.208628
0.208624
0.208619
0.208614
0.208609
0.208604
0.208599
0.208594
0.208589
0.208584
0.208579
0.208574
0.208569
0.208564
0.208559
0.208554
0.208549
0.208544
0.208539
0.208535
0.208530
0.208525
0.208520
0.208515
0.208510
0.208505
0.208500
0.208495
0.208490
0.208485
0.208480
0.208475
0.208470
0.208465
0.208460
0.208455
0.208450
0.208445
0.208440
0.208435
0.208430
0.208425
0.208420
0.208415
0.208410
0.208405
0.208400
0.208394
0.208389
0.208384
0.208379
0.208374
0.208369
0.208364
0.208359
0.208354
0.208349
0.208344
0.208339
0.208334
0.208329
0.208324
0.208319
0.208314
0.208309
0.208303
0.208298
0.208293
0.208288
0.208283
0.208278
0.208273
0.208268
0.208263
0.208258
0.208253
0.208247
0.208242
0.208237
0.208232
0.208227
0.208222
0.208217
0.208212
0.208207
0.208201
0.208196
0.208191
0.208186
0.208181
0.208176
0.208171
0.208166
0.208160
0.208155
0.208150
0.208145
0.208140
0.208135
0.208130
0.208124
0.208119
0.208114
0.208109
0.208104
0.208099
0.208094
0.208088
0.208083
0.208078
0.208073
0.208068
0.208062
0.208057
0.208052
0.208047
0.208042
0.208037
0.208031
0.208026
0.208021
0.208016
0.208011
0.208005
0.208000
0.207995
0.207990
0.207985
0.207979
0.207974
0.207969
0.207964
0.207959
0.207953
0.207948
0.207943
0.207938
0.207933
0.207927
0.207922
0.207917
0.207912
0.207906
0.207901
0.207896
0.207891
0.207886
0.207880
0.207875
0.207870
0.207865
0.207859
0.207854
0.207849
0.207844
0.207838
0.207833
0.207828
0.207823
0.207817
0.207812
0.207807
0.207802
0.207796
0.207791
0.207786
0.207781
0.207775
0.207770
0.207765
0.207759
0.207754
0.207749
0.207743
0.207738
0.207733
0.207727
0.207722
0.207717
0.207711
0.207706
0.207701
0.207695
0.207690
0.207685
0.207679
0.207674
0.207669
0.207663
0.207658
0.207652
0.207647
0.207642
0.207636
0.207631
0.207625
0.207620
0.207615
0.207609
0.207604
0.207599
0.207593
0.207588
0.207583
0.207577
0.207572
0.207567
0.207562
0.207557
0.207552
0.207547
0.207542
0.207537
0.207532
0.207527
0.207522
0.207517
0.207513
0.207508
0.207504
0.207499
0.207495
0.207491
0.207486
0.207482
0.207478
0.207474
0.207471
0.207467
0.207464
0.207460
0.207457
0.207453
0.207450
0.207447
0.207444
0.207441
0.207438
0.207436
0.207433
0.207430
0.207427
0.207424
0.207422
0.207419
0.207415
0.207412
0.207409
0.207405
0.207401
0.207396
0.207391
0.207386
0.207380
0.207373
0.207365
0.207356
0.207346
0.207334
0.207321
0.207306
0.207289
0.207270
0.207248
0.207223
0.207194
0.207161
0.207161
0.207121
0.207075
0.207022
0.206959
0.206889
0.206812
0.206733
0.206655
0.206585
0.206525
0.206480
0.206453
0.206446
0.206461
0.206498
0.206558
0.206637
0.206732
0.206838
0.206952
0.207069
0.207185
0.207298
0.207406
0.207510
0.207607
0.207699
0.207784
0.207864
0.207937
0.208005
0.208067
0.208124
0.208175
0.208222
0.208263
0.208299
0.208331
0.208358
0.208381
0.208400
0.208415
0.208426
0.208433
0.208437
0.208438
0.208436
0.208431
0.208423
0.208413
0.208400
0.208385
0.208368
0.208349
0.208328
0.208305
0.208280
0.208254
0.208226
0.208197
0.208167
0.208135
0.208103
0.208069
0.208034
0.207998
0.207961
0.207924
0.207886
0.207847
0.207807
0.207767
0.207726
0.207685
0.207643
0.207601
0.207559
0.207516
0.207473
0.207429
0.207386
0.207342
0.207298
0.207254
0.207210
0.207166
0.207122
0.207077
0.207033
0.206989
0.206944
0.206900
0.206856
0.206812
0.206768
0.206724
0.206680
0.206637
0.206593
0.206550
0.206507
0.206463
0.206421
0.206378
0.206335
0.206293
0.206251
0.206209
0.206167
0.206125
0.206084
0.206043
0.206002
0.205961
0.205920
0.205880
0.205840
0.205800
0.205760
0.205721
0.205682
0.205642
0.205604
0.205565
0.205526
0.205488
0.205450
0.205412
0.205375
0.205337
0.205300
0.205263
0.205226
0.205189
0.205153
0.205117
0.205081
0.205045
0.205009
0.204973
0.204938
0.204903
0.204868
0.204833
0.204798
0.204764
0.204729
0.204695
0.204661
0.204627
0.204593
0.204560
0.204526
0.204493
0.204460
0.204427
0.204394
0.204361
0.204328
0.204296
0.204263
0.204231
0.204199
0.204167
0.204135
0.204103
0.204072
0.204040
0.204009
0.203977
0.203946
0.203915
0.203884
0.203853
0.203822
0.203792
0.203761
0.203731
0.203700
0.203670
0.203640
0.203609
0.203579
0.203549
0.203519
0.203490
0.203460
0.203430
0.203400
0.203371
0.203341
0.203312
0.203283
0.203253
0.203224
0.203195
0.203166
0.203137
0.203108
0.203079
0.203050
0.203022
0.202993
0.202964
0.202935
0.202907
0.202878
0.202850
0.202821
0.202793
0.202765
0.202736
0.202708
0.202680
0.202652
0.202623
0.202595
0.202567
0.202539
0.202511
0.202483
0.202455
0.202427
0.202399
0.202371
0.202344
0.202316
0.202288
0.202260
0.202232
0.202205
0.202177
0.202149
0.202121
0.202094
0.202066
0.202038
0.202011
0.201983
0.201955
0.201928
0.201900
0.201873
0.201845
0.201818
0.201790
0.201762
0.201735
0.201707
0.201680
0.201652
0.201625
0.201597
0.201570
0.201542
0.201515
0.201487
0.201460
0.201432
0.201405
0.201377
0.201350
0.201322
0.201294
0.201267
0.201239
0.201212
0.201184
0.201157
0.201129
0.201101
0.201074
0.201046
0.201019
0.200991
0.200963
0.200936
0.200908
0.200880
0.200853
0.200825
0.200797
0.200769
0.200742
0.200714
0.200686
0.200658
0.200631
0.200603
0.200575
0.200547
0.200519
0.200491
0.200463
0.200436
0.200408
0.200380
0.200352
0.200324
0.200296
0.200268
0.200240
0.200212
0.200184
0.200155
0.200127
0.200099
0.200071
0.200043
0.200015
0.199987
0.199958
0.199930
0.199902
0.199874
0.199845
0.199817
0.199789
0.199760
0.199732
0.199704
0.199675
0.199647
0.199618
0.199590
0.199561
0.199533
0.199504
0.199476
0.199447
0.199419
0.199390
0.199362
0.199333
0.199304
0.199276
0.199247
0.199218
0.199190
0.199161
0.199132
0.199104
0.199075
0.199046
0.199017
0.198988
0.198960
0.198931
0.198902
0.198873
0.198844
0.198815
0.198786
0.198757
0.198728
0.198699
0.198670
0.198641
0.198612
0.198583
0.198554
0.198525
0.198496
0.198467
0.198438
0.198409
0.198380
0.198351
0.198322
0.198292
0.198263
0.198234
0.198205
0.198176
0.198147
0.198117
0.198088
0.198059
0.198030
0.198001
0.197971
0.197942
0.197913
0.197883
0.197854
0.197825
0.197796
0.197766
0.197737
0.197708
0.197678
0.197649
0.197620
0.197590
0.197561
0.197532
0.197502
0.197473
0.197444
0.197414
0.197385
0.197355
0.197326
0.197297
0.197267
0.197238
0.197208
0.197179
0.197150
0.197120
0.197091
0.197061
0.197032
0.197003
0.196973
0.196944
0.196914
0.196885
0.196855
0.196826
0.196797
0.196767
0.196738
0.196708
0.196679
0.196649
0.196620
0.196591
0.196561
0.196532
0.196502
0.196473
0.196444
0.196414
0.196385
0.196355
0.196326
0.196297
0.196267
0.196238
0.196209
0.196179
0.196150
0.196120
0.196091
0.196062
0.196032
0.196003
0.195974
0.195944
0.195915
0.195886
0.195856
0.195827
0.195798
0.195769
0.195739
0.195710
0.195681
0.195652
0.195622
0.195593
0.195564
0.195535
0.195505
0.195476
0.195447
0.195418
0.195389
0.195360
0.195330
0.195301
0.195272
0.195243
0.195214
0.195185
0.195156
0.195127
0.195098
0.195069
0.195040
0.195011
0.194982
0.194953
0.194924
0.194895
0.194866
0.194837
0.194808
0.194779
0.194750
0.194721
0.194692
0.194664
0.194635
0.194606
0.194577
0.194548
0.194520
0.194520
