0.475716
-0.121596
-0.148049
-0.133592
-0.121791
-0.114480
-0.110786
-0.109531
-0.109689
-0.110542
-0.111656
-0.112782
-0.113776
-0.114558
-0.115085
-0.115336
-0.115306
-0.115001
-0.114435
-0.113626
-0.112599
-0.111383
-0.110006
-0.108499
-0.106891
-0.105213
-0.103493
-0.101754
-0.100022
-0.098317
-0.096656
-0.095056
-0.093529
-0.092086
-0.090735
-0.089481
-0.088329
-0.087280
-0.086336
-0.085496
-0.084759
-0.084121
-0.083581
-0.083135
-0.082781
-0.082513
-0.082330
-0.082227
-0.082201
-0.082250
-0.082369
-0.082556
-0.082809
-0.083126
-0.083503
-0.083939
-0.084432
-0.084980
-0.085580
-0.086232
-0.086933
-0.087681
-0.088474
-0.089309
-0.090183
-0.091094
-0.092038
-0.093012
-0.094011
-0.095031
-0.096069
-0.097118
-0.098173
-0.099230
-0.100282
-0.101325
-0.102351
-0.103356
-0.104334
-0.105278
-0.106185
-0.107048
-0.107862
-0.108624
-0.109328
-0.109972
-0.110552
-0.111066
-0.111512
-0.111888
-0.112194
-0.112429
-0.112594
-0.112690
-0.112718
-0.112682
-0.112582
-0.112423
-0.112208
-0.111940
-0.111624
-0.111263
-0.110863
-0.110426
-0.109957
-0.109460
-0.108940
-0.108400
-0.107844
-0.107275
-0.106696
-0.106111
-0.105523
-0.104933
-0.104345
-0.103760
-0.103181
-0.102609
-0.102045
-0.101492
-0.100950
-0.100421
-0.099905
-0.099403
-0.098915
-0.098443
-0.097987
-0.097547
-0.097123
-0.096715
-0.096324
-0.095950
-0.095592
-0.095251
-0.094926
-0.094617
-0.094323
-0.094046
-0.093783
-0.093536
-0.093303
-0.093084
-0.092878
-0.092686
-0.092507
-0.092340
-0.092185
-0.092042
-0.091909
-0.091787
-0.091675
-0.091572
-0.091478
-0.091393
-0.091315
-0.091245
-0.091182
-0.091126
-0.091075
-0.091030
-0.090991
-0.090956
-0.090925
-0.090898
-0.090874
-0.090853
-0.090835
-0.090819
-0.090805
-0.090792
-0.090780
-0.090769
-0.090758
-0.090748
-0.090737
-0.090726
-0.090713
-0.090700
-0.090685
-0.090669
-0.090650
-0.090630
-0.090607
-0.090582
-0.090553
-0.090522
-0.090487
-0.090450
-0.090408
-0.090363
-0.090313
-0.090260
-0.090203
-0.090141
-0.090074
-0.090003
-0.089927
-0.089846
-0.089760
-0.089669
-0.089573
-0.089472
-0.089364
-0.089252
-0.089134
-0.089010
-0.088880
-0.088744
-0.088603
-0.088455
-0.088302
-0.088142
-0.087976
-0.087804
-0.087625
-0.087440
-0.087249
-0.087051
-0.086847
-0.086636
-0.086419
-0.086195
-0.085964
-0.085727
-0.085483
-0.085232
-0.084975
-0.084711
-0.084440
-0.084162
-0.083878
-0.083586
-0.083288
-0.082983
-0.082671
-0.082353
-0.082027
-0.081695
-0.081356
-0.081010
-0.080657
-0.080297
-0.079931
-0.079558
-0.079178
-0.078791
-0.078398
-0.077998
-0.077591
-0.077178
-0.076758
-0.076332
-0.075899
-0.075460
-0.075014
-0.074562
-0.074104
-0.073639
-0.073168
-0.072691
-0.072207
-0.071718
-0.071222
-0.070721
-0.070214
-0.069701
-0.069182
-0.068658
-0.068127
-0.067592
-0.067051
-0.066504
-0.065953
-0.065396
-0.064834
-0.064267
-0.063695
-0.063119
-0.062537
-0.061951
-0.061360
-0.060765
-0.060166
-0.059562
-0.058955
-0.058343
-0.057727
-0.057108
-0.056485
-0.055858
-0.055228
-0.054594
-0.053958
-0.053318
-0.052675
-0.052029
-0.051380
-0.050729
-0.050075
-0.049419
-0.048761
-0.048100
-0.047437
-0.046772
-0.046106
-0.045438
-0.044768
-0.044096
-0.043423
-0.042749
-0.042074
-0.041398
-0.040721
-0.040043
-0.039364
-0.038685
-0.038005
-0.037325
-0.036645
-0.035964
-0.035284
-0.034603
-0.033923
-0.033244
-0.032564
-0.031885
-0.031207
-0.030530
-0.029854
-0.029178
-0.028504
-0.027832
-0.027160
-0.026490
-0.025822
-0.025156
-0.024492
-0.023830
-0.023170
-0.022512
-0.021857
-0.021205
-0.020556
-0.019910
-0.019266
-0.018626
-0.017990
-0.017357
-0.016727
-0.016101
-0.015478
-0.014858
-0.014242
-0.013628
-0.013016
-0.012406
-0.011796
-0.011186
-0.010575
-0.009960
-0.009342
-0.008718
-0.008089
-0.007455
-0.006815
-0.006172
-0.005526
-0.004878
-0.004227
-0.003575
-0.002921
-0.002265
-0.001607
-0.000947
-0.000285
0.000378
0.001042
0.001705
0.002367
0.003028
0.003688
0.004346
0.005002
0.005656
0.006308
0.006958
0.007605
0.008250
0.008893
0.009532
0.010169
0.010802
0.011431
0.012057
0.012678
0.013295
0.013908
0.014516
0.015119
0.015718
0.016311
0.016900
0.017484
0.018062
0.018636
0.019205
0.019769
0.020329
0.020884
0.021434
0.021979
0.022521
0.023057
0.023590
0.024118
0.024641
0.025161
0.025676
0.026188
0.026695
0.027198
0.027698
0.028194
0.028685
0.029173
0.029658
0.030138
0.030616
0.031089
0.031559
0.032025
0.032488
0.032948
0.033404
0.033857
0.034306
0.034752
0.035195
0.035634
0.036071
0.036504
0.036934
0.037361
0.037785
0.038206
0.038623
0.039038
0.039450
0.039858
0.040264
0.040667
0.041067
0.041464
0.041859
0.042250
0.042639
0.043025
0.043408
0.043789
0.044166
0.044541
0.044914
0.045284
0.045651
0.046015
0.046377
0.046737
0.047093
0.047448
0.047799
0.048149
0.048496
0.048840
0.049182
0.049521
0.049858
0.050193
0.050525
0.050855
0.051183
0.051508
0.051831
0.052151
0.052470
0.052786
0.053099
0.053411
0.053720
0.054027
0.054332
0.054635
0.054936
0.055234
0.055530
0.055825
0.056117
0.056407
0.056695
0.056981
0.057265
0.057265
0.057547
0.057826
0.058104
0.058380
0.058654
0.058927
0.059197
0.059465
0.059732
0.059996
0.060259
0.060520
0.060779
0.061037
0.061293
0.061547
0.061799
0.062050
0.062299
0.062547
0.062793
0.063037
0.063280
0.063522
0.063762
0.064000
0.064237
0.064473
0.064708
0.064941
0.065173
0.065404
0.065633
0.065862
0.066089
0.066315
0.066540
0.066765
0.066988
0.067210
0.067432
0.067652
0.067872
0.068092
0.068310
0.068528
0.068745
0.068962
0.069178
0.069394
0.069609
0.069824
0.070038
0.070253
0.070467
0.070681
0.070894
0.071108
0.071322
0.071535
0.071749
0.071963
0.072177
0.072391
0.072605
0.072820
0.073035
0.073251
0.073466
0.073683
0.073900
0.074117
0.074335
0.074553
0.074773
0.074993
0.075213
0.075435
0.075657
0.075880
0.076105
0.076330
0.076556
0.076783
0.077011
0.077240
0.077470
0.077701
0.077934
0.078167
0.078402
0.078638
0.078875
0.079114
0.079354
0.079595
0.079837
0.080081
0.080327
0.080573
0.080821
0.081071
0.081322
0.081574
0.081828
0.082084
0.082341
0.082599
0.082859
0.083121
0.083384
0.083648
0.083915
0.084182
0.084452
0.084723
0.084995
0.085270
0.085546
0.085823
0.086102
0.086383
0.086665
0.086949
0.087235
0.087522
0.087811
0.088102
0.088394
0.088688
0.088984
0.089281
0.089580
0.089880
0.090183
0.090486
0.090792
0.091099
0.091408
0.091718
0.092030
0.092344
0.092659
0.092976
0.093295
0.093615
0.093937
0.094260
0.094585
0.094912
0.095240
0.095570
0.095901
0.096234
0.096568
0.096904
0.097242
0.097581
0.097922
0.098264
0.098608
0.098953
0.099300
0.099648
0.099998
0.100349
0.100702
0.101056
0.101411
0.101768
0.102127
0.102487
0.102848
0.103211
0.103575
0.103941
0.104308
0.104676
0.105046
0.105417
0.105790
0.106163
0.106538
0.106915
0.107292
0.107671
0.108052
0.108433
0.108816
0.109200
0.109585
0.109971
0.110359
0.110747
0.111137
0.111528
0.111920
0.112314
0.112708
0.113103
0.113500
0.113897
0.114296
0.114696
0.115096
0.115498
0.115900
0.116304
0.116708
0.117113
0.117519
0.117926
0.118334
0.118743
0.119152
0.119563
0.119974
0.120385
0.120798
0.121211
0.121625
0.122039
0.122454
0.122870
0.123286
0.123703
0.124120
0.124538
0.124956
0.125375
0.125794
0.126214
0.126633
0.127054
0.127474
0.127895
0.128316
0.128738
0.129159
0.129581
0.130003
0.130425
0.130847
0.131269
0.131692
0.132114
0.132536
0.132959
0.133381
0.133803
0.134225
0.134647
0.135069
0.135490
0.135912
0.136333
0.136754
0.137174
0.137594
0.138014
0.138433
0.138852
0.139271
0.139689
0.140107
0.140524
0.140940
0.141356
0.141772
0.142187
0.142601
0.143014
0.143427
0.143839
0.144250
0.144661
0.145071
0.145480
0.145888
0.146295
0.146702
0.147107
0.147512
0.147915
0.148318
0.148720
0.149120
0.149520
0.149919
0.150316
0.150713
0.151108
0.151502
0.151896
0.152288
0.152678
0.153068
0.153456
0.153844
0.154230
0.154614
0.154998
0.155380
0.155761
0.156141
0.156519
0.156896
0.157271
0.157646
0.158019
0.158390
0.158760
0.159129
0.159496
0.159862
0.160226
0.160589
0.160951
0.161311
0.161670
0.162027
0.162382
0.162737
0.163089
0.163440
0.163790
0.164138
0.164485
0.164830
0.165173
0.165515
0.165856
0.166195
0.166532
0.166868
0.167202
0.167535
0.167866
0.168195
0.168523
0.168850
0.169175
0.169498
0.169819
0.170140
0.170458
0.170775
0.171090
0.171404
0.171716
0.172026
0.172335
0.172643
0.172948
0.173253
0.173555
0.173856
0.174156
0.174453
0.174750
0.175044
0.175337
0.175629
0.175919
0.176207
0.176494
0.176779
0.177062
0.177344
0.177625
0.177904
0.178181
0.178457
0.178731
0.179004
0.179275
0.179544
0.179812
0.180079
0.180344
0.180607
0.180869
0.181129
0.181388
0.181645
0.181901
0.182156
0.182408
0.182660
0.182909
0.183158
0.183404
0.183650
0.183893
0.184136
0.184377
0.184616
0.184854
0.185090
0.185325
0.185559
0.185791
0.186022
0.186251
0.186479
0.186705
0.186930
0.187154
0.187376
0.187596
0.187816
0.188034
0.188250
0.188465
0.188679
0.188891
0.189102
0.189312
0.189520
0.189727
0.189933
0.190137
0.190340
0.190542
0.190742
0.190941
0.191139
0.191335
0.191530
0.191724
0.191916
0.192107
0.192297
0.192486
0.192673
0.192859
0.193044
0.193228
0.193410
0.193591
0.193771
0.193950
0.194127
0.194304
0.194479
0.194653
0.194825
0.194997
0.195167
0.195337
0.195505
0.195672
0.195837
0.196002
0.196165
0.196328
0.196489
0.196649
0.196808
0.196966
0.197123
0.197279
0.197434
0.197588
0.197740
0.197892
0.198043
0.198193
0.198341
0.198489
0.198636
0.198783
0.198930
0.199080
0.199239
0.199429
0.199717
0.200241
0.200787
0.200681
0.200764
0.203238
0.202952
0.203694
0.204397
0.204851
0.205071
0.205141
0.205144
0.205139
0.205158
0.205210
0.205291
0.205394
0.205512
0.205639
0.205772
0.205911
0.206054
0.206054
0.206203
0.206356
0.206514
0.206676
0.206842
0.207011
0.207182
0.207354
0.207526
0.207699
0.207871
0.208042
0.208212
0.208380
0.208546
0.208710
0.208871
0.209030
0.209185
0.209338
0.209488
0.209635
0.209780
0.209921
0.210059
0.210195
0.210327
0.210457
0.210584
0.210709
0.210831
0.210950
0.211068
0.211183
0.211295
0.211406
0.211515
0.211622
0.211726
0.211829
0.211931
0.212031
0.212129
0.212226
0.212321
0.212415
0.212508
0.212599
0.212689
0.212778
0.212866
0.212954
0.213040
0.213125
0.213209
0.213292
0.213375
0.213457
0.213538
0.213618
0.213698
0.213777
0.213855
0.213933
0.214010
0.214087
0.214163
0.214239
0.214314
0.214389
0.214463
0.214537
0.214610
0.214683
0.214755
0.214827
0.214899
0.214970
0.215041
0.215112
0.215182
0.215252
0.215321
0.215391
0.215459
0.215528
0.215596
0.215664
0.215731
0.215799
0.215866
0.215932
0.215998
0.216064
0.216130
0.216195
0.216260
0.216325
0.216389
0.216453
0.216517
0.216581
0.216644
0.216706
0.216769
0.216831
0.216893
0.216954
0.217015
0.217076
0.217136
0.217196
0.217255
0.217314
0.217373
0.217432
0.217490
0.217547
0.217604
0.217661
0.217717
0.217773
0.217828
0.217883
0.217937
0.217991
0.218045
0.218098
0.218150
0.218202
0.218253
0.218304
0.218354
0.218404
0.218453
0.218501
0.218549
0.218596
0.218642
0.218688
0.218733
0.218777
0.218821
0.218864
0.218906
0.218948
0.218988
0.219028
0.219067
0.219105
0.219143
0.219179
0.219215
0.219249
0.219283
0.219316
0.219348
0.219379
0.219408
0.219437
0.219465
0.219492
0.219518
0.219542
0.219566
0.219588
0.219610
0.219630
0.219649
0.219667
0.219684
0.219699
0.219713
0.219727
0.219739
0.219749
0.219759
0.219767
0.219775
0.219781
0.219786
0.219788
0.219795
0.219781
0.219839
0.219624
0.220876
0.219796
0.225739
0.222750
0.222301
0.221352
0.220989
0.220852
0.221238
0.221516
0.222012
0.222137
0.222497
0.222346
0.222733
0.222252
0.223122
0.222094
0.224154
0.222500
0.224268
0.222641
0.223730
0.222510
0.223467
0.222559
0.223520
0.222726
0.223674
0.222856
0.223832
0.222926
0.224001
0.222983
0.224172
0.223064
0.224296
0.223160
0.224355
0.223258
0.224397
0.223362
0.224468
0.223480
0.224581
0.223607
0.224724
0.223737
0.224884
0.223869
0.225045
0.224004
0.225198
0.224143
0.225339
0.224286
0.225477
0.224431
0.225619
0.224580
0.225770
0.224732
0.225930
0.224885
0.226093
0.225040
0.226257
0.225194
0.226419
0.225349
0.226577
0.225503
0.226735
0.225658
0.226893
0.225813
0.227052
0.225968
0.227212
0.226122
0.227372
0.226276
0.227531
0.226430
0.227689
0.226583
0.227845
0.226735
0.228001
0.226886
0.228157
0.227038
0.228312
0.227188
0.228466
0.227338
0.228619
0.227487
0.228772
0.227636
0.228924
0.227784
0.229075
0.227931
0.229226
0.228078
0.229375
0.228224
0.229525
0.228370
0.229673
0.228515
0.229821
0.228659
0.229968
0.228803
0.230114
0.228947
0.230260
0.229090
0.230405
0.229232
0.230550
0.229374
0.230694
0.229516
0.230837
0.229656
0.230980
0.229797
0.231122
0.229937
0.231263
0.230077
0.231404
0.230216
0.231545
0.230354
0.231684
0.230493
0.231824
0.230631
0.231962
0.230768
0.232101
0.230905
0.232238
0.231042
0.232375
0.231178
0.232512
0.231314
0.232648
0.231449
0.232783
0.231584
0.232918
0.231719
0.233053
0.231853
0.233186
0.231987
0.233320
0.232120
0.233453
0.232253
0.233585
0.232386
0.233717
0.232519
0.233848
0.232651
0.233979
0.232782
0.234109
0.232914
0.234239
0.233044
0.234368
0.233175
0.234497
0.233305
0.234625
0.233435
0.234752
0.233565
0.234880
0.233694
0.235006
0.233823
0.235132
0.233952
0.235258
0.234080
0.235383
0.234208
0.235508
0.234336
0.235632
0.234463
0.235756
0.234590
0.235879
0.234716
0.236002
0.234843
0.236124
0.234969
0.236246
0.235095
0.236367
0.235220
0.236487
0.235345
0.236608
0.235470
0.236728
0.235595
0.236847
0.235719
0.236966
0.235843
0.237084
0.235967
0.237202
0.236090
0.237319
0.236214
0.237436
0.236337
0.237553
0.236459
0.237669
0.236582
0.237784
0.236704
0.237899
0.236826
0.238014
0.236947
0.238128
0.237069
0.238242
0.237190
0.238355
0.237311
0.238468
0.237432
0.238581
0.237552
0.238693
0.237672
0.238805
0.237792
0.238916
0.237912
0.239027
0.238032
0.239137
0.238151
0.239247
0.238270
0.239357
0.238389
0.239466
0.238508
0.239575
0.238626
0.239683
0.238744
0.239791
0.238862
0.239899
0.238980
0.240007
0.239098
0.240114
0.239215
0.240220
0.239333
0.240327
0.239450
0.240433
0.239567
0.240538
0.239684
0.240643
0.239800
0.240748
0.239917
0.240853
0.240033
0.240958
0.240149
0.241062
0.240265
0.241165
0.240380
0.241269
0.240496
0.241372
0.240611
0.241475
0.240726
0.241578
0.240842
0.241680
0.240956
0.241782
0.241071
0.241884
0.241186
0.241986
0.241986
0.241300
0.242087
0.241415
0.242189
0.241529
0.242290
0.241643
0.242390
0.241757
0.242491
0.241870
0.242591
0.241984
0.242691
0.242098
0.242791
0.242211
0.242891
0.242324
0.242991
0.242437
0.243090
0.242550
0.243189
0.242663
0.243288
0.242776
0.243387
0.242889
0.243486
0.243001
0.243584
0.243114
0.243683
0.243226
0.243781
0.243338
0.243879
0.243450
0.243977
0.243562
0.244075
0.243674
0.244172
0.243786
0.244270
0.243898
0.244367
0.244010
0.244465
0.244122
0.244562
0.244234
0.244659
0.244346
0.244756
0.244457
0.244853
0.244569
0.244949
0.244681
0.245046
0.244793
0.245143
0.244905
0.245239
0.245018
0.245336
0.245130
0.245432
0.245244
0.245529
0.245357
0.245626
0.245471
0.245723
0.245587
0.245821
0.245703
0.245920
0.245821
0.246020
0.245942
0.246122
0.246065
0.246227
0.246192
0.246337
0.246325
0.246453
0.246463
0.246577
0.246609
0.246711
0.246763
0.246858
0.246927
0.247018
0.247099
0.247192
0.247282
0.247377
0.247474
0.247574
0.247675
0.247778
0.247882
0.247987
0.248092
0.248196
0.248300
0.248403
0.248504
0.248603
0.248700
0.248795
0.248887
0.248977
0.249064
0.249149
0.249231
0.249311
0.249388
0.249463
0.249536
0.249607
0.249676
0.249744
0.249810
0.249875
0.249938
0.250000
0.250062
0.250122
0.250182
0.250240
0.250298
0.250356
0.250412
0.250469
0.250524
0.250579
0.250634
0.250688
0.250742
0.250795
0.250848
0.250900
0.250952
0.251004
0.251055
0.251106
0.251157
0.251207
0.251256
0.251306
0.251355
0.251403
0.251452
0.251499
0.251547
0.251594
0.251641
0.251688
0.251734
0.251780
0.251825
0.251871
0.251916
0.251960
0.252005
0.252049
0.252093
0.252137
0.252180
0.252223
0.252266
0.252309
0.252352
0.252394
0.252436
0.252478
0.252520
0.252562
0.252603
0.252645
0.252686
0.252727
0.252768
0.252809
0.252849
0.252890
0.252930
0.252970
0.253010
0.253050
0.253090
0.253130
0.253169
0.253209
0.253248
0.253287
0.253327
0.253366
0.253405
0.253444
0.253483
0.253522
0.253560
0.253599
0.253637
0.253676
0.253714
0.253753
0.253791
0.253829
0.253867
0.253905
0.253944
0.253982
0.254019
0.254057
0.254095
0.254133
0.254171
0.254208
0.254246
0.254283
0.254321
0.254358
0.254396
0.254433
0.254471
0.254508
0.254545
0.254583
0.254620
0.254657
0.254694
0.254731
0.254768
0.254805
0.254842
0.254879
0.254916
0.254953
0.254990
0.255027
0.255064
0.255100
0.255137
0.255174
0.255211
0.255247
0.255284
0.255321
0.255357
0.255394
0.255430
0.255467
0.255504
0.255540
0.255577
0.255613
0.255650
0.255686
0.255722
0.255759
0.255795
0.255832
0.255868
0.255904
0.255941
0.255977
0.256013
0.256050
0.256086
0.256122
0.256158
0.256195
0.256231
0.256267
0.256303
0.256339
0.256376
0.256412
0.256448
0.256484
0.256520
0.256556
0.256593
0.256629
0.256665
0.256701
0.256737
0.256773
0.256809
0.256845
0.256881
0.256917
0.256953
0.256989
0.257025
0.257062
0.257098
0.257134
0.257170
0.257206
0.257242
0.257278
0.257314
0.257350
0.257386
0.257422
0.257458
0.257494
0.257530
0.257566
0.257601
0.257637
0.257673
0.257709
0.257745
0.257781
0.257817
0.257853
0.257889
0.257925
0.257961
0.257997
0.258033
0.258069
0.258105
0.258141
0.258177
0.258212
0.258248
0.258284
0.258320
0.258356
0.258392
0.258428
0.258464
0.258500
0.258536
0.258572
0.258607
0.258643
0.258679
0.258715
0.258751
0.258787
0.258823
0.258859
0.258895
0.258930
0.258966
0.259002
0.259038
0.259074
0.259110
0.259146
0.259182
0.259217
0.259253
0.259289
0.259325
0.259361
0.259397
0.259433
0.259469
0.259504
0.259540
0.259576
0.259612
0.259648
0.259684
0.259720
0.259755
0.259791
0.259827
0.259863
0.259899
0.259935
0.259970
0.260006
0.260042
0.260078
0.260114
0.260150
0.260185
0.260221
0.260257
0.260293
0.260329
0.260364
0.260400
0.260436
0.260472
0.260508
0.260543
0.260579
0.260615
0.260651
0.260686
0.260722
0.260758
0.260794
0.260830
0.260865
0.260901
0.260937
0.260973
0.261008
0.261044
0.261080
0.261115
0.261151
0.261187
0.261223
0.261258
0.261294
0.261330
0.261365
0.261401
0.261437
0.261472
0.261508
0.261544
0.261579
0.261615
0.261651
0.261686
0.261722
0.261758
0.261793
0.261829
0.261865
0.261900
0.261936
0.261971
0.262007
0.262043
0.262078
0.262114
0.262149
0.262185
0.262220
0.262256
0.262292
0.262327
0.262363
0.262398
0.262434
0.262469
0.262505
0.262540
0.262576
0.262611
0.262646
0.262682
0.262717
0.262753
0.262788
0.262824
0.262859
0.262894
0.262930
0.262965
0.263001
0.263036
0.263071
0.263107
0.263142
0.263177
0.263213
0.263248
0.263283
0.263318
0.263354
0.263389
0.263424
0.263460
0.263495
0.263530
0.263565
0.263600
0.263636
0.263671
0.263706
0.263741
0.263776
0.263811
0.263846
0.263882
0.263917
0.263952
0.263987
0.264022
0.264022
0.264057
0.264092
0.264127
0.264162
0.264197
0.264232
0.264267
0.264302
0.264337
0.264372
0.264407
0.264442
0.264477
0.264511
0.264546
0.264581
0.264616
0.264651
0.264686
0.264720
0.264755
0.264790
0.264825
0.264859
0.264894
0.264929
0.264964
0.264998
0.265033
0.265068
0.265102
0.265137
0.265171
0.265206
0.265241
0.265275
0.265310
0.265344
0.265379
0.265413
0.265448
0.265482
0.265517
0.265551
0.265586
0.265620
0.265654
0.265689
0.265723
0.265757
0.265792
0.265826
0.265860
0.265895
0.265929
0.265963
0.265997
0.266031
0.266066
0.266100
0.266134
0.266168
0.266202
0.266236
0.266270
0.266304
0.266338
0.266372
0.266406
0.266440
0.266474
0.266508
0.266542
0.266576
0.266610
0.266644
0.266678
0.266711
0.266745
0.266779
0.266813
0.266847
0.266880
0.266914
0.266948
0.266981
0.267015
0.267049
0.267082
0.267116
0.267149
0.267183
0.267216
0.267250
0.267283
0.267317
0.267350
0.267384
0.267417
0.267451
0.267484
0.267517
0.267551
0.267584
0.267617
0.267650
0.267684
0.267717
0.267750
0.267783
0.267816
0.267849
0.267883
0.267916
0.267949
0.267982
0.268015
0.268048
0.268081
0.268114
0.268147
0.268180
0.268212
0.268245
0.268278
0.268311
0.268344
0.268377
0.268409
0.268442
0.268475
0.268507
0.268540
0.268573
0.268605
0.268638
0.268670
0.268703
0.268736
0.268768
0.268801
0.268833
0.268865
0.268898
0.268930
0.268963
0.268995
0.269027
0.269059
0.269092
0.269124
0.269156
0.269188
0.269221
0.269253
0.269285
0.269317
0.269349
0.269381
0.269413
0.269445
0.269477
0.269509
0.269541
0.269573
0.269605
0.269637
0.269668
0.269700
0.269732
0.269764
0.269796
0.269827
0.269859
0.269891
0.269922
0.269954
0.269985
0.270017
0.270049
0.270080
0.270112
0.270143
0.270175
0.270206
0.270237
0.270269
0.270300
0.270331
0.270363
0.270394
0.270425
0.270456
0.270488
0.270519
0.270550
0.270581
0.270612
0.270643
0.270674
0.270705
0.270736
0.270767
0.270798
0.270829
0.270860
0.270891
0.270922
0.270953
0.270983
0.271014
0.271045
0.271076
0.271106
0.271137
0.271168
0.271198
0.271229
0.271259
0.271290
0.271321
0.271351
0.271382
0.271412
0.271442
0.271473
0.271503
0.271533
0.271564
0.271594
0.271624
0.271655
0.271685
0.271715
0.271745
0.271775
0.271805
0.271836
0.271866
0.271896
0.271926
0.271956
0.271986
0.272016
0.272046
0.272075
0.272105
0.272135
0.272165
0.272195
0.272225
0.272254
0.272284
0.272314
0.272343
0.272373
0.272403
0.272432
0.272462
0.272491
0.272521
0.272550
0.272580
0.272609
0.272639
0.272668
0.272697
0.272727
0.272756
0.272785
0.272815
0.272844
0.272873
0.272902
0.272932
0.272961
0.272990
0.273019
0.273048
0.273077
0.273106
0.273135
0.273164
0.273193
0.273222
0.273251
0.273280
0.273309
0.273337
0.273366
0.273395
0.273424
0.273453
0.273481
0.273510
0.273539
0.273567
0.273596
0.273624
0.273653
0.273682
0.273710
0.273739
0.273767
0.273795
0.273824
0.273852
0.273881
0.273909
0.273937
0.273966
0.273994
0.274022
0.274050
0.274079
0.274107
0.274135
0.274163
0.274191
0.274219
0.274247
0.274275
0.274303
0.274331
0.274359
0.274387
0.274415
0.274443
0.274471
0.274499
0.274527
0.274555
0.274582
0.274610
0.274638
0.274666
0.274693
0.274721
0.274749
0.274776
0.274804
0.274832
0.274859
0.274887
0.274914
0.274942
0.274969
0.274997
0.275024
0.275051
0.275079
0.275106
0.275134
0.275161
0.275188
0.275215
0.275243
0.275270
0.275297
0.275324
0.275351
0.275379
0.275406
0.275433
0.275460
0.275487
0.275514
0.275541
0.275568
0.275595
0.275622
0.275649
0.275676
0.275703
0.275730
0.275756
0.275783
0.275810
0.275837
0.275864
0.275890
0.275917
0.275944
0.275970
0.275997
0.276024
0.276050
0.276077
0.276104
0.276130
0.276157
0.276183
0.276210
0.276236
0.276263
0.276289
0.276315
0.276342
0.276368
0.276395
0.276421
0.276447
0.276473
0.276500
0.276526
0.276552
0.276578
0.276605
0.276631
0.276657
0.276683
0.276709
0.276735
0.276761
0.276788
0.276814
0.276840
0.276866
0.276892
0.276918
0.276944
0.276969
0.276995
0.277021
0.277047
0.277073
0.277099
0.277125
0.277150
0.277176
0.277202
0.277228
0.277253
0.277279
0.277305
0.277331
0.277356
0.277382
0.277407
0.277433
0.277459
0.277484
0.277510
0.277535
0.277561
0.277586
0.277612
0.277637
0.277663
0.277688
0.277713
0.277739
0.277764
0.277790
0.277815
0.277840
0.277866
0.277891
0.277916
0.277941
0.277967
0.277992
0.278017
0.278042
0.278067
0.278093
0.278118
0.278143
0.278168
0.278193
0.278218
0.278243
0.278268
0.278293
0.278318
0.278343
0.278368
0.278393
0.278418
0.278443
0.278468
0.278493
0.278518
0.278543
0.278567
0.278592
0.278617
0.278642
0.278667
0.278691
0.278716
0.278741
0.278766
0.278790
0.278815
0.278840
0.278864
0.278889
0.278914
0.278914
0.278938
0.278963
0.278988
0.279012
0.279037
0.279061
0.279086
0.279110
0.279135
0.279159
0.279184
0.279208
0.279233
0.279257
0.279282
0.279306
0.279330
0.279355
0.279379
0.279403
0.279428
0.279452
0.279476
0.279501
0.279525
0.279549
0.279573
0.279598
0.279622
0.279646
0.279670
0.279695
0.279719
0.279743
0.279767
0.279791
0.279815
0.279839
0.279863
0.279888
0.279912
0.279936
0.279960
0.279984
0.280008
0.280032
0.280056
0.280080
0.280104
0.280128
0.280152
0.280175
0.280199
0.280223
0.280247
0.280271
0.280295
0.280319
0.280343
0.280366
0.280390
0.280414
0.280438
0.280462
0.280485
0.280509
0.280533
0.280557
0.280580
0.280604
0.280628
0.280651
0.280675
0.280699
0.280722
0.280746
0.280770
0.280793
0.280817
0.280840
0.280864
0.280888
0.280911
0.280935
0.280958
0.280982
0.281005
0.281029
0.281052
0.281076
0.281099
0.281123
0.281146
0.281170
0.281193
0.281216
0.281240
0.281263
0.281287
0.281310
0.281333
0.281357
0.281380
0.281403
0.281427
0.281450
0.281473
0.281497
0.281520
0.281543
0.281566
0.281590
0.281613
0.281636
0.281659
0.281683
0.281706
0.281729
0.281752
0.281775
0.281798
0.281822
0.281845
0.281868
0.281891
0.281914
0.281937
0.281960
0.281983
0.282006
0.282029
0.282052
0.282076
0.282099
0.282122
0.282145
0.282168
0.282191
0.282214
0.282237
0.282260
0.282282
0.282305
0.282328
0.282351
0.282374
0.282397
0.282420
0.282443
0.282466
0.282489
0.282511
0.282534
0.282557
0.282580
0.282603
0.282626
0.282648
0.282671
0.282694
0.282717
0.282740
0.282762
0.282785
0.282808
0.282831
0.282853
0.282876
0.282899
0.282921
0.282944
0.282967
0.282990
0.283012
0.283035
0.283058
0.283080
0.283103
0.283125
0.283148
0.283171
0.283193
0.283216
0.283238
0.283261
0.283284
0.283306
0.283329
0.283351
0.283374
0.283396
0.283419
0.283441
0.283464
0.283486
0.283509
0.283531
0.283554
0.283576
0.283599
0.283621
0.283644
0.283666
0.283688
0.283711
0.283733
0.283756
0.283778
0.283800
0.283823
0.283845
0.283868
0.283890
0.283912
0.283935
0.283957
0.283979
0.284002
0.284024
0.284046
0.284068
0.284091
0.284113
0.284135
0.284157
0.284180
0.284202
0.284224
0.284246
0.284269
0.284291
0.284313
0.284335
0.284357
0.284380
0.284402
0.284424
0.284446
0.284468
0.284490
0.284513
0.284535
0.284557
0.284579
0.284601
0.284623
0.284645
0.284667
0.284689
0.284712
0.284734
0.284756
0.284778
0.284800
0.284822
0.284844
0.284866
0.284888
0.284910
0.284932
0.284954
0.284976
0.284998
0.285020
0.285042
0.285064
0.285086
0.285108
0.285130
0.285151
0.285173
0.285195
0.285217
0.285239
0.285261
0.285283
0.285305
0.285327
0.285348
0.285370
0.285392
0.285414
0.285436
0.285458
0.285479
0.285501
0.285523
0.285545
0.285567
0.285589
0.285610
0.285632
0.285654
0.285676
0.285697
0.285719
0.285741
0.285763
0.285784
0.285806
0.285828
0.285849
0.285871
0.285893
0.285914
0.285936
0.285958
0.285979
0.286001
0.286023
0.286044
0.286066
0.286088
0.286109
0.286131
0.286153
0.286174
0.286196
0.286217
0.286239
0.286260
0.286282
0.286304
0.286325
0.286347
0.286368
0.286390
0.286411
0.286433
0.286454
0.286476
0.286497
0.286519
0.286540
0.286562
0.286583
0.286605
0.286626
0.286648
0.286669
0.286690
0.286712
0.286733
0.286755
0.286776
0.286798
0.286819
0.286840
0.286862
0.286883
0.286904
0.286926
0.286947
0.286969
0.286990
0.287011
0.287033
0.287054
0.287075
0.287097
0.287118
0.287139
0.287160
0.287182
0.287203
0.287224
0.287245
0.287267
0.287288
0.287309
0.287330
0.287352
0.287373
0.287394
0.287415
0.287437
0.287458
0.287479
0.287500
0.287521
0.287542
0.287564
0.287585
0.287606
0.287627
0.287648
0.287669
0.287690
0.287712
0.287733
0.287754
0.287775
0.287796
0.287817
0.287838
0.287859
0.287880
0.287901
0.287922
0.287943
0.287964
0.287985
0.288006
0.288027
0.288048
0.288069
0.288090
0.288111
0.288132
0.288153
0.288174
0.288195
0.288216
0.288237
0.288258
0.288279
0.288300
0.288321
0.288342
0.288363
0.288384
0.288405
0.288425
0.288446
0.288467
0.288488
0.288509
0.288530
0.288551
0.288572
0.288592
0.288613
0.288634
0.288655
0.288676
0.288696
0.288717
0.288738
0.288759
0.288780
0.288800
0.288821
0.288842
0.288863
0.288883
0.288904
0.288925
0.288946
0.288966
0.288987
0.289008
0.289028
0.289049
0.289070
0.289090
0.289111
0.289132
0.289152
0.289173
0.289194
0.289214
0.289235
0.289256
0.289276
0.289297
0.289318
0.289338
0.289359
0.289379
0.289400
0.289421
0.289441
0.289462
0.289482
0.289503
0.289523
0.289544
0.289564
0.289585
0.289605
0.289626
0.289647
0.289667
0.289688
0.289708
0.289728
0.289749
0.289769
0.289790
0.289810
0.289831
0.289851
0.289872
0.289892
0.289913
0.289933
0.289953
0.289974
0.289994
0.289994
0.290015
0.290035
0.290055
0.290076
0.290096
0.290117
0.290137
0.290157
0.290178
0.290198
0.290218
0.290239
0.290259
0.290279
0.290300
0.290320
0.290340
0.290361
0.290381
0.290401
0.290422
0.290442
0.290462
0.290482
0.290503
0.290523
0.290543
0.290563
0.290584
0.290604
0.290624
0.290644
0.290665
0.290685
0.290705
0.290725
0.290746
0.290766
0.290786
0.290806
0.290826
0.290846
0.290867
0.290887
0.290907
0.290927
0.290947
0.290967
0.290988
0.291008
0.291028
0.291048
0.291068
0.291088
0.291108
0.291128
0.291149
0.291169
0.291189
0.291209
0.291229
0.291249
0.291269
0.291289
0.291309
0.291329
0.291349
0.291369
0.291390
0.291410
0.291430
0.291450
0.291470
0.291490
0.291510
0.291530
0.291550
0.291570
0.291590
0.291610
0.291630
0.291650
0.291670
0.291690
0.291710
0.291730
0.291750
0.291770
0.291790
0.291810
0.291830
0.291850
0.291870
0.291890
0.291910
0.291930
0.291949
0.291969
0.291989
0.292009
0.292029
0.292049
0.292069
0.292089
0.292109
0.292129
0.292149
0.292169
0.292189
0.292209
0.292228
0.292248
0.292268
0.292288
0.292308
0.292328
0.292348
0.292368
0.292388
0.292408
0.292427
0.292447
0.292467
0.292487
0.292507
0.292527
0.292547
0.292567
0.292586
0.292606
0.292626
0.292646
0.292666
0.292686
0.292706
0.292726
0.292745
0.292765
0.292785
0.292805
0.292825
0.292845
0.292865
0.292884
0.292904
0.292924
0.292944
0.292964
0.292984
0.293003
0.293023
0.293043
0.293063
0.293083
0.293103
0.293123
0.293142
0.293162
0.293182
0.293202
0.293222
0.293242
0.293261
0.293281
0.293301
0.293321
0.293341
0.293361
0.293380
0.293400
0.293420
0.293439
0.293459
0.293478
0.293497
0.293515
0.293533
0.293549
0.293562
0.293569
0.293569
0.293553
0.293519
0.293527
0.293808
0.294224
0.294925
0.295530
0.295651
0.295319
0.294778
0.294255
0.293878
0.293674
0.293615
0.293651
0.293736
0.293840
0.293943
0.294039
0.294126
0.294205
0.294279
0.294349
0.294416
0.294481
0.294544
0.294605
0.294663
0.294716
0.294765
0.294808
0.294843
0.294872
0.294892
0.294905
0.294909
0.294905
0.294895
0.294877
0.294854
0.294826
0.294794
0.294758
0.294720
0.294680
0.294640
0.294599
0.294559
0.294519
0.294481
0.294445
0.294410
0.294378
0.294349
0.294322
0.294298
0.294278
0.294260
0.294246
0.294235
0.294227
0.294222
0.294220
0.294222
0.294227
0.294234
0.294244
0.294257
0.294273
0.294292
0.294312
0.294335
0.294360
0.294387
0.294417
0.294447
0.294480
0.294514
0.294549
0.294586
0.294624
0.294663
0.294703
0.294744
0.294786
0.294828
0.294871
0.294915
0.294959
0.295003
0.295048
0.295093
0.295139
0.295184
0.295230
0.295275
0.295321
0.295366
0.295412
0.295457
0.295503
0.295548
0.295593
0.295638
0.295683
0.295727
0.295771
0.295815
0.295859
0.295903
0.295946
0.295989
0.296031
0.296074
0.296116
0.296158
0.296199
0.296240
0.296281
0.296321
0.296362
0.296402
0.296441
0.296480
0.296519
0.296558
0.296596
0.296634
0.296672
0.296710
0.296747
0.296784
0.296820
0.296857
0.296893
0.296929
0.296964
0.296999
0.297034
0.297069
0.297104
0.297138
0.297172
0.297206
0.297240
0.297273
0.297306
0.297339
0.297372
0.297404
0.297437
0.297469
0.297501
0.297532
0.297564
0.297595
0.297627
0.297658
0.297688
0.297719
0.297750
0.297780
0.297810
0.297840
0.297870
0.297900
0.297930
0.297959
0.297989
0.298018
0.298047
0.298076
0.298105
0.298133
0.298162
0.298190
0.298219
0.298247
0.298275
0.298303
0.298331
0.298359
0.298387
0.298414
0.298442
0.298469
0.298496
0.298523
0.298551
0.298578
0.298604
0.298631
0.298658
0.298685
0.298711
0.298738
0.298764
0.298790
0.298816
0.298843
0.298869
0.298895
0.298920
0.298946
0.298972
0.298998
0.299023
0.299049
0.299074
0.299099
0.299125
0.299150
0.299175
0.299200
0.299225
0.299250
0.299275
0.299300
0.299325
0.299349
0.299374
0.299399
0.299423
0.299448
0.299472
0.299497
0.299521
0.299545
0.299569
0.299593
0.299618
0.299642
0.299666
0.299690
0.299713
0.299737
0.299761
0.299785
0.299809
0.299832
0.299856
0.299880
0.299903
0.299927
0.299950
0.299973
0.299997
0.300020
0.300044
0.300067
0.300090
0.300113
0.300136
0.300160
0.300183
0.300206
0.300229
0.300252
0.300275
0.300298
0.300321
0.300344
0.300367
0.300389
0.300412
0.300435
0.300458
0.300481
0.300503
0.300526
0.300549
0.300572
0.300594
0.300617
0.300639
0.300662
0.300685
0.300707
0.300730
0.300752
0.300775
0.300797
0.300820
0.300842
0.300865
0.300887
0.300910
0.300932
0.300954
0.300977
0.300999
0.301022
0.301044
0.301066
0.301089
0.301111
0.301133
0.301156
0.301178
0.301200
0.301223
0.301245
0.301267
0.301290
0.301312
0.301334
0.301356
0.301379
0.301401
0.301423
0.301446
0.301468
0.301490
0.301512
0.301535
0.301557
0.301579
0.301601
0.301601
0.301624
0.301646
0.301668
0.301691
0.301713
0.301735
0.301757
0.301780
0.301802
0.301824
0.301847
0.301869
0.301891
0.301914
0.301936
0.301958
0.301981
0.302003
0.302025
0.302048
0.302070
0.302092
0.302115
0.302137
0.302159
0.302182
0.302204
0.302227
0.302249
0.302271
0.302294
0.302316
0.302339
0.302361
0.302384
0.302406
0.302429
0.302451
0.302474
0.302496
0.302519
0.302541
0.302564
0.302586
0.302609
0.302632
0.302654
0.302677
0.302699
0.302722
0.302745
0.302767
0.302790
0.302813
0.302836
0.302858
0.302881
0.302904
0.302926
0.302949
0.302972
0.302995
0.303018
0.303040
0.303063
0.303086
0.303109
0.303132
0.303155
0.303178
0.303201
0.303224
0.303247
0.303270
0.303293
0.303316
0.303339
0.303362
0.303385
0.303408
0.303431
0.303454
0.303477
0.303500
0.303523
0.303546
0.303570
0.303593
0.303616
0.303639
0.303662
0.303686
0.303709
0.303732
0.303756
0.303779
0.303802
0.303826
0.303849
0.303872
0.303896
0.303919
0.303943
0.303966
0.303990
0.304013
0.304037
0.304060
0.304084
0.304107
0.304131
0.304154
0.304178
0.304202
0.304225
0.304249
0.304273
0.304296
0.304320
0.304344
0.304367
0.304391
0.304415
0.304439
0.304463
0.304486
0.304510
0.304534
0.304558
0.304582
0.304606
0.304630
0.304654
0.304678
0.304702
0.304726
0.304750
0.304774
0.304798
0.304822
0.304846
0.304870
0.304894
0.304918
0.304943
0.304967
0.304991
0.305015
0.305039
0.305064
0.305088
0.305112
0.305136
0.305161
0.305185
0.305209
0.305234
0.305258
0.305283
0.305307
0.305331
0.305356
0.305380
0.305405
0.305429
0.305454
0.305478
0.305503
0.305528
0.305552
0.305577
0.305601
0.305626
0.305651
0.305675
0.305700
0.305725
0.305749
0.305774
0.305799
0.305824
0.305848
0.305873
0.305898
0.305923
0.305948
0.305972
0.305997
0.306022
0.306047
0.306072
0.306097
0.306122
0.306147
0.306172
0.306197
0.306222
0.306247
0.306272
0.306297
0.306322
0.306347
0.306372
0.306397
0.306422
0.306448
0.306473
0.306498
0.306523
0.306548
0.306573
0.306599
0.306624
0.306649
0.306674
0.306700
0.306725
0.306750
0.306776
0.306801
0.306826
0.306852
0.306877
0.306903
0.306928
0.306953
0.306979
0.307004
0.307030
0.307055
0.307081
0.307106
0.307132
0.307157
0.307183
0.307208
0.307234
0.307259
0.307285
0.307311
0.307336
0.307362
0.307388
0.307413
0.307439
0.307465
0.307490
0.307516
0.307542
0.307567
0.307593
0.307619
0.307645
0.307670
0.307696
0.307722
0.307748
0.307774
0.307799
0.307825
0.307851
0.307877
0.307903
0.307929
0.307955
0.307981
0.308006
0.308032
0.308058
0.308084
0.308110
0.308136
0.308162
0.308188
0.308214
0.308240
0.308266
0.308292
0.308318
0.308344
0.308370
0.308396
0.308423
0.308449
0.308475
0.308501
0.308527
0.308553
0.308579
0.308605
0.308631
0.308658
0.308684
0.308710
0.308736
0.308762
0.308789
0.308815
0.308841
0.308867
0.308894
0.308920
0.308946
0.308972
0.308999
0.309025
0.309051
0.309077
0.309104
0.309130
0.309156
0.309183
0.309209
0.309235
0.309262
0.309288
0.309314
0.309341
0.309367
0.309394
0.309420
0.309446
0.309473
0.309499
0.309526
0.309552
0.309578
0.309605
0.309631
0.309658
0.309684
0.309711
0.309737
0.309764
0.309790
0.309817
0.309843
0.309870
0.309896
0.309923
0.309949
0.309976
0.310002
0.310029
0.310055
0.310082
0.310108
0.310135
0.310161
0.310188
0.310214
0.310241
0.310268
0.310294
0.310321
0.310347
0.310374
0.310401
0.310427
0.310454
0.310480
0.310507
0.310534
0.310560
0.310587
0.310613
0.310640
0.310667
0.310693
0.310720
0.310747
0.310773
0.310800
0.310827
0.310853
0.310880
0.310907
0.310933
0.310960
0.310987
0.311013
0.311040
0.311067
0.311093
0.311120
0.311147
0.311173
0.311200
0.311227
0.311253
0.311280
0.311307
0.311334
0.311360
0.311387
0.311414
0.311440
0.311467
0.311494
0.311520
0.311547
0.311574
0.311601
0.311627
0.311654
0.311681
0.311708
0.311734
0.311761
0.311788
0.311814
0.311841
0.311868
0.311895
0.311921
0.311948
0.311975
0.312002
0.312028
0.312055
0.312082
0.312109
0.312135
0.312162
0.312189
0.312215
0.312242
0.312269
0.312296
0.312322
0.312349
0.312376
0.312403
0.312429
0.312456
0.312483
0.312510
0.312536
0.312563
0.312590
0.312616
0.312643
0.312670
0.312697
0.312723
0.312750
0.312777
0.312804
0.312830
0.312857
0.312884
0.312910
0.312937
0.312964
0.312991
0.313017
0.313044
0.313071
0.313097
0.313124
0.313151
0.313178
0.313204
0.313231
0.313258
0.313284
0.313311
0.313338
0.313364
0.313391
0.313418
0.313444
0.313471
0.313498
0.313525
0.313551
0.313578
0.313605
0.313631
0.313658
0.313685
0.313711
0.313738
0.313764
0.313791
0.313818
0.313844
0.313871
0.313898
0.313924
0.313951
0.313978
0.314004
0.314031
0.314057
0.314084
0.314111
0.314137
0.314164
0.314164
0.314190
0.314217
0.314244
0.314270
0.314297
0.314323
0.314350
0.314377
0.314403
0.314430
0.314456
0.314483
0.314509
0.314536
0.314562
0.314589
0.314616
0.314642
0.314669
0.314695
0.314722
0.314748
0.314775
0.314801
0.314828
0.314854
0.314881
0.314907
0.314934
0.314960
0.314987
0.315013
0.315040
0.315066
0.315092
0.315119
0.315145
0.315172
0.315198
0.315225
0.315251
0.315278
0.315304
0.315330
0.315357
0.315383
0.315410
0.315436
0.315462
0.315489
0.315515
0.315542
0.315568
0.315594
0.315621
0.315647
0.315673
0.315700
0.315726
0.315752
0.315779
0.315805
0.315831
0.315858
0.315884
0.315910
0.315936
0.315963
0.315989
0.316015
0.316042
0.316068
0.316094
0.316120
0.316147
0.316173
0.316199
0.316225
0.316251
0.316278
0.316304
0.316330
0.316356
0.316382
0.316409
0.316435
0.316461
0.316487
0.316513
0.316539
0.316566
0.316592
0.316618
0.316644
0.316670
0.316696
0.316722
0.316748
0.316774
0.316801
0.316827
0.316853
0.316879
0.316905
0.316931
0.316957
0.316983
0.317009
0.317035
0.317061
0.317087
0.317113
0.317139
0.317165
0.317191
0.317217
0.317243
0.317269
0.317295
0.317321
0.317347
0.317373
0.317399
0.317425
0.317450
0.317476
0.317502
0.317528
0.317554
0.317580
0.317606
0.317632
0.317658
0.317683
0.317709
0.317735
0.317761
0.317787
0.317813
0.317838
0.317864
0.317890
0.317916
0.317942
0.317967
0.317993
0.318019
0.318045
0.318070
0.318096
0.318122
0.318147
0.318173
0.318199
0.318225
0.318250
0.318276
0.318302
0.318327
0.318353
0.318379
0.318404
0.318430
0.318455
0.318481
0.318507
0.318532
0.318558
0.318583
0.318609
0.318635
0.318660
0.318686
0.318711
0.318737
0.318762
0.318788
0.318813
0.318839
0.318864
0.318890
0.318915
0.318941
0.318966
0.318992
0.319017
0.319043
0.319068
0.319094
0.319119
0.319144
0.319170
0.319195
0.319221
0.319246
0.319271
0.319297
0.319322
0.319347
0.319373
0.319398
0.319423
0.319449
0.319474
0.319499
0.319525
0.319550
0.319575
0.319601
0.319626
0.319651
0.319676
0.319702
0.319727
0.319752
0.319777
0.319802
0.319828
0.319853
0.319878
0.319903
0.319928
0.319953
0.319979
0.320004
0.320029
0.320054
0.320079
0.320104
0.320129
0.320154
0.320179
0.320205
0.320230
0.320255
0.320280
0.320305
0.320330
0.320355
0.320380
0.320405
0.320430
0.320455
0.320480
0.320505
0.320530
0.320555
0.320580
0.320605
0.320629
0.320654
0.320679
0.320704
0.320729
0.320754
0.320779
0.320804
0.320829
0.320853
0.320878
0.320903
0.320928
0.320953
0.320978
0.321002
0.321027
0.321052
0.321077
0.321102
0.321126
0.321151
0.321176
0.321201
0.321225
0.321250
0.321275
0.321299
0.321324
0.321349
0.321373
0.321398
0.321423
0.321447
0.321472
0.321497
0.321521
0.321546
0.321570
0.321595
0.321620
0.321644
0.321669
0.321693
0.321718
0.321742
0.321767
0.321792
0.321816
0.321841
0.321865
0.321890
0.321914
0.321938
0.321963
0.321987
0.322012
0.322036
0.322061
0.322085
0.322110
0.322134
0.322158
0.322183
0.322207
0.322231
0.322256
0.322280
0.322305
0.322329
0.322353
0.322378
0.322402
0.322426
0.322450
0.322475
0.322499
0.322523
0.322547
0.322572
0.322596
0.322620
0.322644
0.322669
0.322693
0.322717
0.322741
0.322765
0.322790
0.322814
0.322838
0.322862
0.322886
0.322910
0.322934
0.322958
0.322983
0.323007
0.323031
0.323055
0.323079
0.323103
0.323127
0.323151
0.323175
0.323199
0.323223
0.323247
0.323271
0.323295
0.323319
0.323343
0.323367
0.323391
0.323415
0.323439
0.323463
0.323486
0.323510
0.323534
0.323558
0.323582
0.323606
0.323630
0.323654
0.323677
0.323701
0.323725
0.323749
0.323773
0.323796
0.323820
0.323844
0.323868
0.323891
0.323915
0.323939
0.323963
0.323986
0.324010
0.324034
0.324057
0.324081
0.324105
0.324129
0.324152
0.324176
0.324199
0.324223
0.324247
0.324270
0.324294
0.324317
0.324341
0.324365
0.324388
0.324412
0.324435
0.324459
0.324482
0.324506
0.324529
0.324553
0.324576
0.324600
0.324623
0.324647
0.324670
0.324694
0.324717
0.324741
0.324764
0.324787
0.324811
0.324834
0.324858
0.324881
0.324904
0.324928
0.324951
0.324974
0.324998
0.325021
0.325044
0.325068
0.325091
0.325114
0.325137
0.325161
0.325184
0.325207
0.325230
0.325254
0.325277
0.325300
0.325323
0.325346
0.325370
0.325393
0.325416
0.325439
0.325462
0.325485
0.325508
0.325531
0.325555
0.325578
0.325601
0.325624
0.325647
0.325670
0.325693
0.325716
0.325739
0.325762
0.325785
0.325808
0.325831
0.325854
0.325877
0.325900
0.325923
0.325946
0.325969
0.325992
0.326015
0.326038
0.326060
0.326083
0.326106
0.326129
0.326152
0.326175
0.326198
0.326220
0.326243
0.326266
0.326289
0.326312
0.326334
0.326357
0.326380
0.326403
0.326425
0.326448
0.326471
0.326494
0.326516
0.326539
0.326562
0.326562
0.326584
0.326607
0.326630
0.326652
0.326675
0.326698
0.326720
0.326743
0.326765
0.326788
0.326811
0.326833
0.326856
0.326878
0.326901
0.326923
0.326946
0.326968
0.326991
0.327013
0.327036
0.327058
0.327081
0.327103
0.327126
0.327148
0.327171
0.327193
0.327215
0.327238
0.327260
0.327283
0.327305
0.327327
0.327350
0.327372
0.327394
0.327417
0.327439
0.327461
0.327484
0.327506
0.327528
0.327550
0.327573
0.327595
0.327617
0.327639
0.327662
0.327684
0.327706
0.327728
0.327750
0.327772
0.327795
0.327817
0.327839
0.327861
0.327883
0.327905
0.327927
0.327949
0.327971
0.327994
0.328016
0.328038
0.328060
0.328082
0.328104
0.328126
0.328148
0.328170
0.328192
0.328214
0.328236
0.328258
0.328279
0.328301
0.328323
0.328345
0.328367
0.328389
0.328411
0.328433
0.328455
0.328476
0.328498
0.328520
0.328542
0.328564
0.328586
0.328607
0.328629
0.328651
0.328673
0.328694
0.328716
0.328738
0.328760
0.328781
0.328803
0.328825
0.328846
0.328868
0.328890
0.328911
0.328933
0.328955
0.328976
0.328998
0.329019
0.329041
0.329062
0.329084
0.329106
0.329127
0.329149
0.329170
0.329192
0.329213
0.329235
0.329256
0.329278
0.329299
0.329321
0.329342
0.329363
0.329385
0.329406
0.329428
0.329449
0.329470
0.329492
0.329513
0.329535
0.329556
0.329577
0.329599
0.329620
0.329641
0.329662
0.329684
0.329705
0.329726
0.329747
0.329769
0.329790
0.329811
0.329832
0.329854
0.329875
0.329896
0.329917
0.329938
0.329959
0.329981
0.330002
0.330023
0.330044
0.330065
0.330086
0.330107
0.330128
0.330149
0.330170
0.330191
0.330212
0.330233
0.330254
0.330275
0.330296
0.330317
0.330338
0.330359
0.330380
0.330401
0.330422
0.330443
0.330464
0.330485
0.330505
0.330526
0.330547
0.330568
0.330589
0.330610
0.330630
0.330651
0.330672
0.330693
0.330714
0.330734
0.330755
0.330776
0.330797
0.330817
0.330838
0.330859
0.330879
0.330900
0.330921
0.330941
0.330962
0.330983
0.331003
0.331024
0.331044
0.331065
0.331086
0.331106
0.331127
0.331147
0.331168
0.331188
0.331209
0.331229
0.331250
0.331270
0.331291
0.331311
0.331332
0.331352
0.331372
0.331393
0.331413
0.331434
0.331454
0.331474
0.331495
0.331515
0.331535
0.331556
0.331576
0.331596
0.331617
0.331637
0.331657
0.331678
0.331698
0.331718
0.331738
0.331758
0.331779
0.331799
0.331819
0.331839
0.331859
0.331880
0.331900
0.331920
0.331940
0.331960
0.331980
0.332000
0.332020
0.332040
0.332060
0.332080
0.332100
0.332121
0.332141
0.332161
0.332181
0.332200
0.332220
0.332240
0.332260
0.332280
0.332300
0.332320
0.332340
0.332360
0.332380
0.332400
0.332420
0.332439
0.332459
0.332479
0.332499
0.332519
0.332538
0.332558
0.332578
0.332598
0.332617
0.332637
0.332657
0.332677
0.332696
0.332716
0.332736
0.332755
0.332775
0.332795
0.332814
0.332834
0.332854
0.332873
0.332893
0.332912
0.332932
0.332951
0.332971
0.332991
0.333010
0.333030
0.333049
0.333069
0.333088
0.333107
0.333127
0.333146
0.333166
0.333185
0.333205
0.333224
0.333243
0.333263
0.333282
0.333302
0.333321
0.333340
0.333360
0.333379
0.333398
0.333417
0.333437
0.333456
0.333475
0.333494
0.333514
0.333533
0.333552
0.333571
0.333590
0.333610
0.333629
0.333648
0.333667
0.333686
0.333705
0.333724
0.333744
0.333763
0.333782
0.333801
0.333820
0.333839
0.333858
0.333877
0.333896
0.333915
0.333934
0.333953
0.333972
0.333991
0.334010
0.334029
0.334047
0.334066
0.334085
0.334104
0.334123
0.334142
0.334161
0.334180
0.334198
0.334217
0.334236
0.334255
0.334273
0.334292
0.334311
0.334330
0.334348
0.334367
0.334386
0.334405
0.334423
0.334442
0.334461
0.334479
0.334498
0.334516
0.334535
0.334554
0.334572
0.334591
0.334609
0.334628
0.334647
0.334665
0.334684
0.334702
0.334721
0.334739
0.334758
0.334776
0.334794
0.334813
0.334831
0.334850
0.334868
0.334886
0.334905
0.334923
0.334942
0.334960
0.334978
0.334997
0.335015
0.335033
0.335051
0.335070
0.335088
0.335106
0.335124
0.335143
0.335161
0.335179
0.335197
0.335215
0.335234
0.335252
0.335270
0.335288
0.335306
0.335324
0.335342
0.335360
0.335379
0.335397
0.335415
0.335433
0.335451
0.335469
0.335487
0.335505
0.335523
0.335541
0.335559
0.335577
0.335594
0.335612
0.335630
0.335648
0.335666
0.335684
0.335702
0.335720
0.335737
0.335755
0.335773
0.335791
0.335809
0.335826
0.335844
0.335862
0.335880
0.335897
0.335915
0.335933
0.335951
0.335968
0.335986
0.336004
0.336021
0.336039
0.336056
0.336074
0.336092
0.336109
0.336127
0.336144
0.336162
0.336180
0.336197
0.336215
0.336232
0.336250
0.336267
0.336284
0.336302
0.336319
0.336337
0.336354
0.336372
0.336389
0.336406
0.336424
0.336441
0.336458
0.336476
0.336493
0.336510
0.336528
0.336545
0.336562
0.336580
0.336580
0.336597
0.336614
0.336631
0.336648
0.336666
0.336683
0.336700
0.336717
0.336734
0.336751
0.336769
0.336786
0.336803
0.336820
0.336837
0.336854
0.336871
0.336888
0.336905
0.336922
0.336939
0.336956
0.336973
0.336990
0.337007
0.337024
0.337041
0.337058
0.337075
0.337092
0.337109
0.337125
0.337142
0.337159
0.337176
0.337193
0.337210
0.337226
0.337243
0.337260
0.337277
0.337294
0.337310
0.337327
0.337344
0.337360
0.337377
0.337394
0.337410
0.337427
0.337444
0.337460
0.337477
0.337494
0.337510
0.337527
0.337543
0.337560
0.337576
0.337593
0.337609
0.337626
0.337642
0.337659
0.337675
0.337692
0.337708
0.337725
0.337741
0.337758
0.337774
0.337790
0.337807
0.337823
0.337839
0.337856
0.337872
0.337888
0.337905
0.337921
0.337937
0.337954
0.337970
0.337986
0.338002
0.338018
0.338035
0.338051
0.338067
0.338083
0.338099
0.338115
0.338132
0.338148
0.338164
0.338180
0.338196
0.338212
0.338228
0.338244
0.338260
0.338276
0.338292
0.338308
0.338324
0.338340
0.338356
0.338372
0.338388
0.338404
0.338420
0.338436
0.338451
0.338467
0.338483
0.338499
0.338515
0.338531
0.338546
0.338562
0.338578
0.338594
0.338609
0.338625
0.338641
0.338657
0.338672
0.338688
0.338704
0.338719
0.338735
0.338751
0.338766
0.338782
0.338797
0.338813
0.338829
0.338844
0.338860
0.338875
0.338891
0.338906
0.338922
0.338937
0.338953
0.338968
0.338984
0.338999
0.339015
0.339030
0.339045
0.339061
0.339076
0.339091
0.339107
0.339122
0.339137
0.339153
0.339168
0.339183
0.339199
0.339214
0.339229
0.339244
0.339260
0.339275
0.339290
0.339305
0.339320
0.339336
0.339351
0.339366
0.339381
0.339396
0.339411
0.339426
0.339441
0.339456
0.339471
0.339486
0.339501
0.339516
0.339531
0.339546
0.339561
0.339576
0.339591
0.339606
0.339621
0.339636
0.339651
0.339666
0.339681
0.339696
0.339710
0.339725
0.339740
0.339755
0.339770
0.339784
0.339799
0.339814
0.339829
0.339843
0.339858
0.339873
0.339887
0.339902
0.339917
0.339931
0.339946
0.339961
0.339975
0.339990
0.340005
0.340019
0.340034
0.340048
0.340063
0.340077
0.340092
0.340106
0.340121
0.340135
0.340150
0.340164
0.340179
0.340193
0.340207
0.340222
0.340236
0.340251
0.340265
0.340279
0.340294
0.340308
0.340322
0.340336
0.340351
0.340365
0.340379
0.340393
0.340408
0.340422
0.340436
0.340450
0.340464
0.340479
0.340493
0.340507
0.340521
0.340535
0.340549
0.340563
0.340577
0.340591
0.340606
0.340620
0.340634
0.340648
0.340662
0.340676
0.340690
0.340703
0.340717
0.340731
0.340745
0.340759
0.340773
0.340787
0.340801
0.340815
0.340828
0.340842
0.340856
0.340870
0.340884
0.340897
0.340911
0.340925
0.340939
0.340952
0.340966
0.340980
0.340994
0.341007
0.341021
0.341034
0.341048
0.341062
0.341075
0.341089
0.341103
0.341116
0.341130
0.341143
0.341157
0.341170
0.341184
0.341197
0.341211
0.341224
0.341238
0.341251
0.341264
0.341278
0.341291
0.341305
0.341318
0.341331
0.341345
0.341358
0.341371
0.341385
0.341398
0.341411
0.341424
0.341438
0.341451
0.341464
0.341477
0.341491
0.341504
0.341517
0.341530
0.341543
0.341556
0.341569
0.341583
0.341596
0.341609
0.341622
0.341635
0.341648
0.341661
0.341674
0.341687
0.341700
0.341713
0.341726
0.341739
0.341752
0.341765
0.341777
0.341790
0.341803
0.341816
0.341829
0.341842
0.341855
0.341867
0.341880
0.341893
0.341906
0.341919
0.341931
0.341944
0.341957
0.341969
0.341982
0.341995
0.342007
0.342020
0.342033
0.342045
0.342058
0.342071
0.342083
0.342096
0.342108
0.342121
0.342133
0.342146
0.342158
0.342171
0.342183
0.342196
0.342208
0.342221
0.342233
0.342246
0.342258
0.342270
0.342283
0.342295
0.342307
0.342320
0.342332
0.342344
0.342357
0.342369
0.342381
0.342393
0.342406
0.342418
0.342430
0.342442
0.342454
0.342467
0.342479
0.342491
0.342503
0.342515
0.342527
0.342539
0.342551
0.342563
0.342575
0.342587
0.342600
0.342612
0.342624
0.342635
0.342647
0.342659
0.342671
0.342683
0.342695
0.342707
0.342719
0.342731
0.342743
0.342754
0.342766
0.342778
0.342790
0.342802
0.342813
0.342825
0.342837
0.342849
0.342860
0.342872
0.342884
0.342895
0.342907
0.342919
0.342930
0.342942
0.342954
0.342965
0.342977
0.342988
0.343000
0.343011
0.343023
0.343034
0.343046
0.343057
0.343069
0.343080
0.343092
0.343103
0.343115
0.343126
0.343137
0.343149
0.343160
0.343171
0.343183
0.343194
0.343205
0.343217
0.343228
0.343239
0.343250
0.343262
0.343273
0.343284
0.343295
0.343306
0.343318
0.343329
0.343340
0.343351
0.343362
0.343373
0.343384
0.343395
0.343406
0.343417
0.343428
0.343439
0.343450
0.343461
0.343472
0.343483
0.343494
0.343505
0.343516
0.343527
0.343538
0.343549
0.343559
0.343570
0.343581
0.343592
0.343603
0.343613
0.343613
0.343624
0.343635
0.343646
0.343656
0.343667
0.343678
0.343689
0.343699
0.343710
0.343720
0.343731
0.343742
0.343752
0.343763
0.343773
0.343784
0.343794
0.343805
0.343815
0.343826
0.343836
0.343847
0.343857
0.343868
0.343878
0.343889
0.343899
0.343909
0.343920
0.343930
0.343940
0.343951
0.343961
0.343971
0.343982
0.343992
0.344002
0.344012
0.344022
0.344033
0.344043
0.344053
0.344063
0.344073
0.344083
0.344094
0.344104
0.344114
0.344124
0.344134
0.344144
0.344154
0.344164
0.344174
0.344184
0.344194
0.344204
0.344214
0.344224
0.344234
0.344243
0.344253
0.344263
0.344273
0.344283
0.344293
0.344302
0.344312
0.344322
0.344332
0.344341
0.344351
0.344361
0.344371
0.344380
0.344390
0.344400
0.344409
0.344419
0.344428
0.344438
0.344448
0.344457
0.344467
0.344476
0.344486
0.344495
0.344505
0.344514
0.344524
0.344533
0.344542
0.344552
0.344561
0.344571
0.344580
0.344589
0.344599
0.344608
0.344617
0.344626
0.344636
0.344645
0.344654
0.344663
0.344673
0.344682
0.344691
0.344700
0.344709
0.344718
0.344728
0.344737
0.344746
0.344755
0.344764
0.344773
0.344782
0.344791
0.344800
0.344809
0.344818
0.344827
0.344836
0.344845
0.344853
0.344862
0.344871
0.344880
0.344889
0.344898
0.344906
0.344915
0.344924
0.344933
0.344941
0.344950
0.344959
0.344967
0.344976
0.344985
0.344993
0.345002
0.345011
0.345019
0.345028
0.345036
0.345045
0.345053
0.345062
0.345070
0.345079
0.345087
0.345096
0.345104
0.345113
0.345121
0.345129
0.345138
0.345146
0.345154
0.345163
0.345171
0.345179
0.345187
0.345196
0.345204
0.345212
0.345220
0.345229
0.345237
0.345245
0.345253
0.345261
0.345269
0.345277
0.345285
0.345293
0.345301
0.345309
0.345317
0.345325
0.345333
0.345341
0.345349
0.345357
0.345365
0.345373
0.345381
0.345388
0.345396
0.345404
0.345412
0.345420
0.345427
0.345435
0.345443
0.345450
0.345458
0.345466
0.345473
0.345481
0.345489
0.345496
0.345504
0.345511
0.345519
0.345526
0.345534
0.345541
0.345549
0.345556
0.345564
0.345571
0.345579
0.345586
0.345593
0.345601
0.345608
0.345615
0.345623
0.345630
0.345637
0.345644
0.345652
0.345659
0.345666
0.345673
0.345680
0.345687
0.345695
0.345702
0.345709
0.345716
0.345723
0.345730
0.345737
0.345744
0.345751
0.345758
0.345765
0.345772
0.345778
0.345785
0.345792
0.345799
0.345806
0.345813
0.345819
0.345826
0.345833
0.345840
0.345846
0.345853
0.345860
0.345866
0.345873
0.345879
0.345886
0.345893
0.345899
0.345906
0.345912
0.345919
0.345925
0.345932
0.345938
0.345944
0.345951
0.345957
0.345964
0.345970
0.345976
0.345983
0.345989
0.345995
0.346001
0.346008
0.346014
0.346020
0.346026
0.346032
0.346038
0.346044
0.346050
0.346057
0.346063
0.346069
0.346075
0.346081
0.346086
0.346092
0.346098
0.346104
0.346110
0.346116
0.346122
0.346128
0.346133
0.346139
0.346145
0.346151
0.346156
0.346162
0.346168
0.346173
0.346179
0.346185
0.346190
0.346196
0.346201
0.346207
0.346212
0.346218
0.346223
0.346229
0.346234
0.346239
0.346245
0.346250
0.346255
0.346261
0.346266
0.346271
0.346277
0.346282
0.346287
0.346292
0.346297
0.346302
0.346308
0.346313
0.346318
0.346323
0.346328
0.346333
0.346338
0.346343
0.346348
0.346353
0.346357
0.346362
0.346367
0.346372
0.346377
0.346382
0.346386
0.346391
0.346396
0.346400
0.346405
0.346410
0.346414
0.346419
0.346424
0.346428
0.346433
0.346437
0.346442
0.346446
0.346450
0.346455
0.346459
0.346464
0.346468
0.346472
0.346477
0.346481
0.346485
0.346489
0.346494
0.346498
0.346502
0.346506
0.346510
0.346514
0.346518
0.346522
0.346526
0.346530
0.346534
0.346538
0.346542
0.346546
0.346550
0.346554
0.346558
0.346561
0.346565
0.346569
0.346573
0.346576
0.346580
0.346584
0.346587
0.346591
0.346594
0.346598
0.346601
0.346605
0.346608
0.346612
0.346615
0.346619
0.346622
0.346625
0.346629
0.346632
0.346635
0.346639
0.346642
0.346645
0.346648
0.346651
0.346654
0.346658
0.346661
0.346664
0.346667
0.346670
0.346673
0.346676
0.346679
0.346682
0.346684
0.346687
0.346690
0.346693
0.346696
0.346698
0.346701
0.346704
0.346706
0.346709
0.346712
0.346714
0.346717
0.346719
0.346722
0.346724
0.346727
0.346729
0.346732
0.346734
0.346737
0.346739
0.346741
0.346743
0.346746
0.346748
0.346750
0.346752
0.346755
0.346757
0.346759
0.346761
0.346763
0.346765
0.346767
0.346769
0.346771
0.346773
0.346775
0.346777
0.346778
0.346780
0.346782
0.346784
0.346786
0.346787
0.346789
0.346791
0.346792
0.346794
0.346796
0.346797
0.346799
0.346800
0.346802
0.346803
0.346805
0.346806
0.346808
0.346808
0.346812
0.346808
0.346820
0.346800
0.346842
0.346765
0.346924
0.346633
0.347268
0.346288
0.348227
0.346256
0.347745
0.346016
0.346870
0.346870
0.345715
0.346629
0.345925
0.346813
0.346284
0.347033
0.346532
0.347153
0.346643
0.347191
0.346672
0.347194
0.346672
0.347192
0.346665
0.347190
0.346656
0.347182
0.346640
0.347163
0.346617
0.347134
0.346590
0.347099
0.346563
0.347063
0.346541
0.347034
0.346530
0.347014
0.346530
0.347006
0.346543
0.347009
0.346566
0.347023
0.346598
0.347046
0.346637
0.347075
0.346680
0.347110
0.346725
0.347147
0.346772
0.347186
0.346819
0.347225
0.346864
0.347263
0.346907
0.347300
0.346948
0.347336
0.346986
0.347370
0.347022
0.347401
0.347055
0.347430
0.347086
0.347458
0.347114
0.347483
0.347140
0.347506
0.347164
0.347527
0.347186
0.347547
0.347207
0.347565
0.347226
0.347582
0.347244
0.347597
0.347260
0.347611
0.347276
0.347624
0.347290
0.347637
0.347304
0.347648
0.347317
0.347658
0.347330
0.347668
0.347342
0.347677
0.347353
0.347686
0.347364
0.347695
0.347374
0.347702
0.347385
0.347710
0.347394
0.347717
0.347404
0.347725
0.347413
0.347732
0.347422
0.347738
0.347431
0.347745
0.347440
0.347752
0.347448
0.347758
0.347457
0.347765
0.347465
0.347772
0.347473
0.347778
0.347482
0.347785
0.347490
0.347791
0.347498
0.347798
0.347506
0.347805
0.347514
0.347811
0.347522
0.347818
0.347530
0.347824
0.347538
0.347831
0.347546
0.347838
0.347554
0.347844
0.347562
0.347851
0.347570
0.347857
0.347578
0.347864
0.347586
0.347870
0.347593
0.347877
0.347601
0.347883
0.347609
0.347890
0.347617
0.347896
0.347625
0.347903
0.347633
0.347909
0.347641
0.347916
0.347649
0.347922
0.347657
0.347929
0.347665
0.347935
0.347673
0.347942
0.347681
0.347948
0.347689
0.347954
0.347697
0.347961
0.347705
0.347967
0.347713
0.347974
0.347721
0.347980
0.347729
0.347987
0.347737
0.347994
0.347745
0.348000
0.347753
0.348007
0.347762
0.348013
0.347770
0.348020
0.347778
0.348027
0.347786
0.348034
0.347794
0.348040
0.347802
0.348047
0.347811
0.348054
0.347819
0.348061
0.347827
0.348068
0.347835
0.348074
0.347844
0.348081
0.347852
0.348088
0.347860
0.348095
0.347869
0.348102
0.347877
0.348109
0.347885
0.348116
0.347894
0.348123
0.347902
0.348130
0.347910
0.348137
0.347919
0.348144
0.347927
0.348151
0.347936
0.348158
0.347944
0.348165
0.347953
0.348172
0.347961
0.348179
0.347969
0.348186
0.347978
0.348194
0.347986
0.348201
0.347995
0.348208
0.348003
0.348215
0.348012
0.348222
0.348021
0.348229
0.348029
0.348236
0.348038
0.348243
0.348046
0.348251
0.348055
0.348258
0.348063
0.348265
0.348072
0.348272
0.348081
0.348279
0.348089
0.348287
0.348098
0.348294
0.348107
0.348301
0.348115
0.348308
0.348124
0.348316
0.348133
0.348323
0.348141
0.348330
0.348150
0.348337
0.348159
0.348345
0.348167
0.348352
0.348176
0.348359
0.348185
0.348366
0.348194
0.348374
0.348202
0.348381
0.348211
0.348388
0.348220
0.348396
0.348229
0.348403
0.348237
0.348410
0.348246
0.348418
0.348255
0.348425
0.348264
0.348432
0.348272
0.348440
0.348281
0.348447
0.348290
0.348454
0.348299
0.348462
0.348308
0.348469
0.348316
0.348477
0.348325
0.348484
0.348334
0.348491
0.348343
0.348499
0.348351
0.348506
0.348360
0.348513
0.348369
0.348521
0.348378
0.348528
0.348387
0.348536
0.348395
0.348543
0.348404
0.348550
0.348413
0.348558
0.348422
0.348565
0.348431
0.348573
0.348439
0.348580
0.348448
0.348587
0.348457
0.348595
0.348466
0.348602
0.348474
0.348609
0.348483
0.348617
0.348492
0.348624
0.348501
0.348632
0.348510
0.348639
0.348518
0.348646
0.348527
0.348654
0.348536
0.348661
0.348545
0.348669
0.348554
0.348676
0.348562
0.348683
0.348571
0.348691
0.348580
0.348698
0.348589
0.348705
0.348597
0.348713
0.348606
0.348720
0.348615
0.348728
0.348624
0.348735
0.348633
0.348742
0.348641
0.348750
0.348650
0.348757
0.348659
0.348764
0.348668
0.348772
0.348676
0.348779
0.348685
0.348787
0.348694
0.348794
0.348703
0.348801
0.348711
0.348809
0.348720
0.348816
0.348729
0.348823
0.348738
0.348831
0.348746
0.348838
0.348755
0.348845
0.348764
0.348853
0.348773
0.348860
0.348781
0.348868
0.348790
0.348875
0.348799
0.348882
0.348808
0.348890
0.348816
0.348897
0.348825
0.348904
0.348834
0.348912
0.348842
0.348919
0.348851
0.348926
0.348860
0.348934
0.348869
0.348941
0.348877
0.348948
0.348886
0.348956
0.348895
0.348963
0.348903
0.348970
0.348912
0.348978
0.348921
0.348985
0.348929
0.348992
0.348938
0.349000
0.348947
0.349007
0.348955
0.349015
0.348964
0.349022
0.348973
0.349029
0.348981
0.349037
0.348990
0.349044
0.348999
0.349051
0.349007
0.349059
0.349016
0.349066
0.349024
0.349073
0.349033
0.349081
0.349042
0.349088
0.349050
0.349096
0.349059
0.349103
0.349067
0.349110
0.349076
0.349118
0.349084
0.349125
0.349093
0.349133
0.349102
0.349102
0.349140
0.349110
0.349147
0.349119
0.349155
0.349127
0.349162
0.349136
0.349170
0.349144
0.349177
0.349153
0.349185
0.349161
0.349192
0.349170
0.349200
0.349178
0.349207
0.349186
0.349215
0.349195
0.349222
0.349203
0.349230
0.349212
0.349237
0.349220
0.349245
0.349229
0.349252
0.349237
0.349260
0.349245
0.349267
0.349254
0.349275
0.349262
0.349282
0.349270
0.349290
0.349279
0.349298
0.349287
0.349305
0.349296
0.349313
0.349304
0.349321
0.349312
0.349328
0.349320
0.349336
0.349329
0.349344
0.349337
0.349351
0.349345
0.349359
0.349354
0.349367
0.349362
0.349374
0.349370
0.349382
0.349378
0.349390
0.349387
0.349398
0.349395
0.349405
0.349403
0.349413
0.349411
0.349421
0.349419
0.349429
0.349428
0.349437
0.349436
0.349445
0.349444
0.349452
0.349452
0.349460
0.349460
0.349468
0.349468
0.349476
0.349477
0.349484
0.349485
0.349492
0.349493
0.349500
0.349501
0.349508
0.349509
0.349516
0.349517
0.349524
0.349526
0.349532
0.349534
0.349540
0.349542
0.349548
0.349550
0.349555
0.349558
0.349563
0.349566
0.349571
0.349574
0.349580
0.349582
0.349588
0.349591
0.349596
0.349599
0.349604
0.349607
0.349612
0.349615
0.349620
0.349623
0.349628
0.349631
0.349636
0.349639
0.349644
0.349647
0.349652
0.349656
0.349660
0.349664
0.349668
0.349672
0.349676
0.349680
0.349684
0.349688
0.349692
0.349696
0.349700
0.349704
0.349709
0.349712
0.349717
0.349721
0.349725
0.349729
0.349733
0.349737
0.349741
0.349745
0.349749
0.349753
0.349757
0.349761
0.349765
0.349769
0.349773
0.349777
0.349782
0.349786
0.349790
0.349794
0.349798
0.349802
0.349806
0.349810
0.349814
0.349818
0.349822
0.349826
0.349830
0.349834
0.349839
0.349843
0.349847
0.349851
0.349855
0.349859
0.349863
0.349867
0.349871
0.349875
0.349879
0.349883
0.349887
0.349892
0.349896
0.349900
0.349904
0.349908
0.349912
0.349916
0.349920
0.349924
0.349928
0.349932
0.349936
0.349940
0.349945
0.349949
0.349953
0.349957
0.349961
0.349965
0.349969
0.349973
0.349977
0.349981
0.349985
0.349989
0.349993
0.349997
0.350002
0.350006
0.350010
0.350014
0.350018
0.350022
0.350026
0.350030
0.350034
0.350038
0.350042
0.350046
0.350050
0.350054
0.350058
0.350062
0.350066
0.350071
0.350075
0.350079
0.350083
0.350087
0.350091
0.350095
0.350099
0.350103
0.350107
0.350111
0.350115
0.350119
0.350123
0.350127
0.350131
0.350135
0.350139
0.350143
0.350147
0.350151
0.350155
0.350159
0.350163
0.350167
0.350171
0.350175
0.350179
0.350183
0.350187
0.350191
0.350195
0.350199
0.350203
0.350207
0.350211
0.350215
0.350219
0.350223
0.350227
0.350231
0.350235
0.350239
0.350243
0.350247
0.350251
0.350255
0.350259
0.350263
0.350267
0.350271
0.350275
0.350278
0.350282
0.350286
0.350290
0.350294
0.350298
0.350302
0.350306
0.350310
0.350314
0.350317
0.350321
0.350325
0.350329
0.350333
0.350337
0.350341
0.350344
0.350348
0.350352
0.350356
0.350360
0.350364
0.350367
0.350371
0.350375
0.350379
0.350383
0.350386
0.350390
0.350394
0.350398
0.350401
0.350405
0.350409
0.350413
0.350416
0.350420
0.350424
0.350427
0.350431
0.350435
0.350439
0.350442
0.350446
0.350450
0.350453
0.350457
0.350460
0.350464
0.350468
0.350471
0.350475
0.350478
0.350482
0.350486
0.350489
0.350493
0.350496
0.350500
0.350503
0.350507
0.350510
0.350514
0.350517
0.350521
0.350524
0.350528
0.350531
0.350534
0.350538
0.350541
0.350545
0.350548
0.350551
0.350555
0.350558
0.350561
0.350565
0.350568
0.350571
0.350575
0.350578
0.350581
0.350584
0.350587
0.350591
0.350594
0.350597
0.350600
0.350603
0.350607
0.350610
0.350613
0.350616
0.350619
0.350622
0.350625
0.350628
0.350631
0.350634
0.350637
0.350640
0.350643
0.350646
0.350649
0.350652
0.350655
0.350657
0.350660
0.350663
0.350666
0.350669
0.350672
0.350674
0.350677
0.350680
0.350682
0.350685
0.350688
0.350690
0.350693
0.350696
0.350698
0.350701
0.350703
0.350706
0.350708
0.350711
0.350713
0.350716
0.350718
0.350721
0.350723
0.350725
0.350728
0.350730
0.350732
0.350735
0.350737
0.350739
0.350741
0.350744
0.350746
0.350748
0.350750
0.350752
0.350754
0.350756
0.350758
0.350760
0.350762
0.350764
0.350766
0.350768
0.350770
0.350772
0.350773
0.350775
0.350777
0.350779
0.350780
0.350782
0.350784
0.350785
0.350787
0.350789
0.350790
0.350792
0.350793
0.350794
0.350797
0.350797
0.350800
0.350799
0.350804
0.350799
0.350810
0.350796
0.350822
0.350783
0.350850
0.350747
0.350923
0.350650
0.351132
0.350446
0.351634
0.350290
0.351844
0.350264
0.351314
0.350073
0.350859
0.350066
0.350788
0.350289
0.350904
0.350530
0.351017
0.350686
0.351072
0.350762
0.351086
0.350793
0.351084
0.350806
0.351079
0.350811
0.351073
0.350807
0.351063
0.351063
0.350794
0.351047
0.350772
0.351028
0.350743
0.351008
0.350713
0.350993
0.350685
0.350984
0.350663
0.350986
0.350649
0.350996
0.350643
0.351016
0.350645
0.351042
0.350655
0.351072
0.350671
0.351105
0.350694
0.351138
0.350721
0.351170
0.350753
0.351201
0.350789
0.351230
0.350826
0.351257
0.350864
0.351282
0.350901
0.351306
0.350936
0.351327
0.350969
0.351346
0.350999
0.351363
0.351026
0.351378
0.351048
0.351391
0.351068
0.351403
0.351084
0.351413
0.351098
0.351423
0.351109
0.351432
0.351118
0.351441
0.351125
0.351451
0.351132
0.351461
0.351137
0.351471
0.351142
0.351482
0.351146
0.351493
0.351151
0.351505
0.351156
0.351518
0.351160
0.351530
0.351166
0.351543
0.351172
0.351555
0.351178
0.351567
0.351185
0.351578
0.351193
0.351589
0.351202
0.351599
0.351211
0.351609
0.351220
0.351618
0.351230
0.351626
0.351240
0.351634
0.351250
0.351642
0.351260
0.351649
0.351269
0.351656
0.351278
0.351663
0.351287
0.351670
0.351295
0.351677
0.351302
0.351684
0.351309
0.351691
0.351315
0.351699
0.351321
0.351706
0.351326
0.351714
0.351332
0.351722
0.351337
0.351731
0.351342
0.351739
0.351348
0.351748
0.351353
0.351757
0.351359
0.351766
0.351365
0.351775
0.351371
0.351784
0.351378
0.351793
0.351385
0.351801
0.351392
0.351810
0.351400
0.351819
0.351407
0.351827
0.351415
0.351836
0.351423
0.351844
0.351431
0.351853
0.351439
0.351861
0.351447
0.351870
0.351454
0.351878
0.351462
0.351886
0.351469
0.351895
0.351477
0.351903
0.351484
0.351912
0.351491
0.351920
0.351497
0.351929
0.351504
0.351938
0.351511
0.351946
0.351518
0.351955
0.351525
0.351964
0.351532
0.351973
0.351539
0.351982
0.351546
0.351991
0.351553
0.352000
0.351561
0.352009
0.351568
0.352018
0.351576
0.352027
0.351583
0.352036
0.351591
0.352045
0.351599
0.352054
0.351607
0.352063
0.351615
0.352072
0.351623
0.352081
0.351630
0.352090
0.351638
0.352099
0.351646
0.352109
0.351654
0.352118
0.351661
0.352127
0.351669
0.352136
0.351677
0.352146
0.351684
0.352155
0.351692
0.352164
0.351700
0.352174
0.351708
0.352183
0.351716
0.352192
0.351724
0.352202
0.351732
0.352211
0.351740
0.352221
0.351748
0.352230
0.351756
0.352240
0.351764
0.352249
0.351772
0.352259
0.351780
0.352268
0.351788
0.352278
0.351797
0.352288
0.351805
0.352297
0.351813
0.352307
0.351821
0.352317
0.351830
0.352327
0.351838
0.352336
0.351846
0.352346
0.351855
0.352356
0.351863
0.352366
0.351871
0.352376
0.351880
0.352386
0.351888
0.352395
0.351896
0.352405
0.351905
0.352415
0.351913
0.352425
0.351922
0.352435
0.351931
0.352445
0.351939
0.352455
0.351948
0.352465
0.351956
0.352475
0.351965
0.352485
0.351974
0.352496
0.351982
0.352506
0.351991
0.352516
0.352000
0.352526
0.352008
0.352536
0.352017
0.352546
0.352026
0.352557
0.352035
0.352567
0.352043
0.352577
0.352052
0.352588
0.352061
0.352598
0.352070
0.352608
0.352079
0.352619
0.352088
0.352629
0.352097
0.352639
0.352106
0.352650
0.352115
0.352660
0.352124
0.352671
0.352133
0.352681
0.352142
0.352692
0.352151
0.352702
0.352160
0.352713
0.352169
0.352724
0.352178
0.352734
0.352187
0.352745
0.352197
0.352755
0.352206
0.352766
0.352215
0.352777
0.352224
0.352787
0.352234
0.352798
0.352243
0.352809
0.352252
0.352820
0.352262
0.352831
0.352271
0.352841
0.352280
0.352852
0.352290
0.352863
0.352299
0.352874
0.352309
0.352885
0.352318
0.352896
0.352328
0.352907
0.352337
0.352918
0.352347
0.352929
0.352356
0.352940
0.352366
0.352951
0.352375
0.352962
0.352385
0.352973
0.352395
0.352984
0.352404
0.352995
0.352414
0.353006
0.352424
0.353018
0.352433
0.353029
0.352443
0.353040
0.352453
0.353051
0.352463
0.353062
0.352472
0.353074
0.352482
0.353085
0.352492
0.353096
0.352502
0.353108
0.352512
0.353119
0.352522
0.353131
0.352532
0.353142
0.352542
0.353153
0.352552
0.353165
0.352562
0.353176
0.352572
0.353188
0.352582
0.353199
0.352592
0.353211
0.352602
0.353223
0.352612
0.353234
0.352623
0.353246
0.352633
0.353258
0.352643
0.353269
0.352653
0.353281
0.352664
0.353293
0.352674
0.353304
0.352684
0.353316
0.352695
0.353328
0.352705
0.353340
0.352715
0.353352
0.352726
0.353364
0.352736
0.353375
0.352747
0.353387
0.352757
0.353399
0.352768
0.353411
0.352778
0.353423
0.352789
0.353435
0.352799
0.353447
0.352810
0.353459
0.352821
0.353472
0.352831
0.353484
0.352842
0.353496
0.352853
0.353508
0.352863
0.353520
0.352874
0.353532
0.352885
0.353545
0.352896
0.353557
0.352907
0.353569
0.352918
0.353582
0.352929
0.353594
0.352939
0.353606
0.352950
0.353619
0.352961
0.353631
0.352972
0.353644
0.352983
0.353656
0.352995
0.353669
0.353006
0.353681
0.353017
0.353694
0.353028
0.353706
0.353039
0.353039
0.353719
0.353050
0.353732
0.353061
0.353744
0.353073
0.353757
0.353084
0.353770
0.353095
0.353783
0.353107
0.353795
0.353118
0.353808
0.353129
0.353821
0.353141
0.353834
0.353152
0.353847
0.353164
0.353860
0.353175
0.353873
0.353187
0.353886
0.353198
0.353899
0.353210
0.353912
0.353222
0.353925
0.353233
0.353938
0.353245
0.353951
0.353257
0.353964
0.353268
0.353977
0.353280
0.353991
0.353292
0.354004
0.353304
0.354017
0.353316
0.354030
0.353328
0.354044
0.353340
0.354057
0.353352
0.354071
0.353364
0.354084
0.353376
0.354097
0.353388
0.354111
0.353400
0.354124
0.353412
0.354138
0.353424
0.354151
0.353436
0.354165
0.353448
0.354179
0.353461
0.354192
0.353473
0.354206
0.353485
0.354220
0.353497
0.354234
0.353510
0.354247
0.353522
0.354261
0.353535
0.354275
0.353547
0.354289
0.353560
0.354303
0.353572
0.354317
0.353585
0.354331
0.353597
0.354345
0.353610
0.354359
0.353623
0.354373
0.353635
0.354387
0.353648
0.354401
0.353661
0.354415
0.353673
0.354429
0.353686
0.354444
0.353699
0.354458
0.353712
0.354472
0.353725
0.354486
0.353738
0.354501
0.353751
0.354515
0.353764
0.354530
0.353777
0.354544
0.353790
0.354559
0.353803
0.354573
0.353816
0.354588
0.353830
0.354602
0.353843
0.354617
0.353856
0.354631
0.353869
0.354646
0.353883
0.354661
0.353896
0.354676
0.353909
0.354690
0.353923
0.354705
0.353936
0.354720
0.353950
0.354735
0.353963
0.354750
0.353977
0.354765
0.353991
0.354780
0.354004
0.354795
0.354018
0.354810
0.354032
0.354825
0.354045
0.354840
0.354059
0.354855
0.354073
0.354871
0.354087
0.354886
0.354101
0.354901
0.354115
0.354916
0.354129
0.354932
0.354143
0.354947
0.354157
0.354963
0.354171
0.354978
0.354185
0.354994
0.354199
0.355009
0.354214
0.355025
0.354228
0.355040
0.354242
0.355056
0.354256
0.355072
0.354271
0.355087
0.354285
0.355103
0.354300
0.355119
0.354314
0.355135
0.354329
0.355150
0.354343
0.355166
0.354358
0.355182
0.354373
0.355198
0.354387
0.355214
0.354402
0.355230
0.354417
0.355246
0.354432
0.355263
0.354446
0.355279
0.354461
0.355295
0.354476
0.355311
0.354491
0.355327
0.354506
0.355344
0.354521
0.355360
0.354536
0.355376
0.354551
0.355393
0.354567
0.355409
0.354582
0.355426
0.354597
0.355442
0.354612
0.355459
0.354628
0.355476
0.354643
0.355492
0.354659
0.355509
0.354674
0.355526
0.354690
0.355543
0.354705
0.355559
0.354721
0.355576
0.354736
0.355593
0.354752
0.355610
0.354768
0.355627
0.354784
0.355644
0.354799
0.355661
0.354815
0.355678
0.354831
0.355695
0.354847
0.355713
0.354863
0.355730
0.354879
0.355747
0.354895
0.355765
0.354911
0.355782
0.354928
0.355799
0.354944
0.355817
0.354960
0.355834
0.354976
0.355852
0.354993
0.355869
0.355009
0.355887
0.355025
0.355905
0.355042
0.355922
0.355058
0.355940
0.355075
0.355958
0.355092
0.355976
0.355108
0.355993
0.355125
0.356011
0.355142
0.356029
0.355159
0.356047
0.355175
0.356065
0.355192
0.356083
0.355209
0.356102
0.355226
0.356120
0.355243
0.356138
0.355260
0.356156
0.355278
0.356174
0.355295
0.356193
0.355312
0.356211
0.355329
0.356230
0.355347
0.356248
0.355364
0.356267
0.355381
0.356285
0.355399
0.356304
0.355416
0.356322
0.355434
0.356341
0.355452
0.356360
0.355469
0.356379
0.355487
0.356398
0.355505
0.356416
0.355523
0.356435
0.355541
0.356454
0.355558
0.356473
0.355576
0.356492
0.355594
0.356511
0.355613
0.356531
0.355631
0.356550
0.355649
0.356569
0.355667
0.356588
0.355685
0.356608
0.355704
0.356627
0.355722
0.356647
0.355740
0.356666
0.355759
0.356686
0.355777
0.356705
0.355796
0.356725
0.355815
0.356744
0.355833
0.356764
0.355852
0.356784
0.355871
0.356804
0.355890
0.356824
0.355909
0.356843
0.355928
0.356863
0.355947
0.356883
0.355966
0.356903
0.355985
0.356923
0.356004
0.356944
0.356023
0.356964
0.356042
0.356984
0.356062
0.357004
0.356081
0.357025
0.356101
0.357045
0.356120
0.357065
0.356140
0.357086
0.356159
0.357106
0.356179
0.357127
0.356198
0.357148
0.356218
0.357168
0.356238
0.357189
0.356258
0.357210
0.356278
0.357231
0.356298
0.357252
0.356318
0.357272
0.356338
0.357293
0.356358
0.357314
0.356378
0.357336
0.356399
0.357357
0.356419
0.357378
0.356439
0.357399
0.356460
0.357420
0.356480
0.357442
0.356501
0.357463
0.356521
0.357484
0.356542
0.357506
0.356563
0.357527
0.356583
0.357549
0.356604
0.357571
0.356625
0.357592
0.356646
0.357614
0.356667
0.357636
0.356688
0.357658
0.356709
0.357679
0.356731
0.357701
0.356752
0.357723
0.356773
0.357745
0.356794
0.357768
0.356816
0.357790
0.356837
0.357812
0.356859
0.357834
0.356880
0.357856
0.356902
0.357879
0.356924
0.357901
0.356946
0.357924
0.356967
0.357946
0.356989
0.357969
0.357969
0.357011
0.357991
0.357033
0.358014
0.357055
0.358037
0.357077
0.358059
0.357100
0.358082
0.357122
0.358105
0.357144
0.358128
0.357167
0.358151
0.357189
0.358174
0.357212
0.358197
0.357234
0.358220
0.357257
0.358243
0.357279
0.358266
0.357302
0.358290
0.357325
0.358313
0.357348
0.358336
0.357371
0.358360
0.357394
0.358383
0.357417
0.358407
0.357440
0.358431
0.357463
0.358454
0.357486
0.358478
0.357510
0.358502
0.357533
0.358526
0.357557
0.358549
0.357580
0.358573
0.357604
0.358597
0.357627
0.358621
0.357651
0.358645
0.357675
0.358670
0.357699
0.358694
0.357722
0.358718
0.357746
0.358742
0.357770
0.358767
0.357795
0.358791
0.357819
0.358815
0.357843
0.358840
0.357867
0.358865
0.357892
0.358889
0.357916
0.358914
0.357940
0.358939
0.357965
0.358963
0.357990
0.358988
0.358014
0.359013
0.358039
0.359038
0.358064
0.359063
0.358089
0.359088
0.358114
0.359113
0.358139
0.359138
0.358164
0.359164
0.358189
0.359189
0.358214
0.359214
0.358239
0.359240
0.358265
0.359265
0.358290
0.359290
0.358315
0.359316
0.358341
0.359342
0.358367
0.359367
0.358392
0.359393
0.358418
0.359419
0.358444
0.359444
0.358470
0.359470
0.358496
0.359496
0.358522
0.359522
0.358548
0.359548
0.358574
0.359574
0.358600
0.359600
0.358626
0.359627
0.358653
0.359653
0.358679
0.359679
0.358706
0.359706
0.358732
0.359732
0.358759
0.359758
0.358786
0.359785
0.358812
0.359811
0.358839
0.359838
0.358866
0.359865
0.358893
0.359891
0.358920
0.359918
0.358947
0.359945
0.358974
0.359972
0.359002
0.359999
0.359029
0.360026
0.359056
0.360053
0.359084
0.360080
0.359111
0.360107
0.359139
0.360134
0.359167
0.360162
0.359194
0.360189
0.359222
0.360216
0.359250
0.360244
0.359278
0.360271
0.359306
0.360299
0.359334
0.360326
0.359362
0.360354
0.359390
0.360381
0.359419
0.360409
0.359447
0.360437
0.359476
0.360465
0.359504
0.360493
0.359533
0.360521
0.359561
0.360549
0.359590
0.360577
0.359619
0.360605
0.359648
0.360633
0.359677
0.360661
0.359706
0.360689
0.359735
0.360718
0.359764
0.360746
0.359793
0.360774
0.359822
0.360803
0.359852
0.360831
0.359881
0.360860
0.359911
0.360888
0.359940
0.360917
0.359970
0.360946
0.360000
0.360974
0.360030
0.361003
0.360060
0.361032
0.360089
0.361061
0.360120
0.361090
0.360150
0.361119
0.360180
0.361148
0.360210
0.361177
0.360240
0.361206
0.360271
0.361235
0.360301
0.361265
0.360332
0.361294
0.360362
0.361323
0.360393
0.361353
0.360424
0.361382
0.360455
0.361412
0.360485
0.361441
0.360516
0.361471
0.360548
0.361500
0.360579
0.361530
0.360610
0.361560
0.360641
0.361589
0.360672
0.361619
0.360704
0.361649
0.360735
0.361679
0.360767
0.361709
0.360799
0.361739
0.360830
0.361769
0.360862
0.361799
0.360894
0.361829
0.360926
0.361859
0.360958
0.361889
0.360990
0.361919
0.361022
0.361950
0.361054
0.361980
0.361087
0.362010
0.361119
0.362041
0.361151
0.362071
0.361184
0.362102
0.361216
0.362132
0.361249
0.362163
0.361282
0.362193
0.361315
0.362224
0.361348
0.362255
0.361380
0.362285
0.361414
0.362316
0.361447
0.362347
0.361480
0.362378
0.361513
0.362409
0.361546
0.362440
0.361580
0.362471
0.361613
0.362502
0.361647
0.362533
0.361681
0.362564
0.361714
0.362595
0.361748
0.362626
0.361782
0.362657
0.361816
0.362688
0.361850
0.362719
0.361884
0.362751
0.361918
0.362782
0.361952
0.362813
0.361987
0.362845
0.362021
0.362876
0.362055
0.362907
0.362090
0.362939
0.362125
0.362970
0.362159
0.363002
0.362194
0.363033
0.362229
0.363065
0.362264
0.363096
0.362299
0.363128
0.362334
0.363160
0.362369
0.363191
0.362404
0.363223
0.362440
0.363255
0.362475
0.363286
0.362510
0.363318
0.362546
0.363350
0.362582
0.363382
0.362617
0.363414
0.362653
0.363445
0.362689
0.363477
0.362725
0.363509
0.362761
0.363541
0.362797
0.363573
0.362833
0.363605
0.362869
0.363637
0.362906
0.363669
0.362942
0.363701
0.362979
0.363733
0.363015
0.363765
0.363052
0.363796
0.363089
0.363828
0.363126
0.363860
0.363162
0.363892
0.363199
0.363924
0.363237
0.363957
0.363274
0.363989
0.363311
0.364021
0.363348
0.364053
0.363386
0.364085
0.363423
0.364117
0.363461
0.364149
0.363499
0.364181
0.363536
0.364213
0.363574
0.364245
0.363612
0.364277
0.363650
0.364308
0.363688
0.364340
0.363727
0.364372
0.363765
0.364404
0.363804
0.364436
0.363842
0.364468
0.363881
0.364500
0.363920
0.364532
0.363958
0.364563
0.363997
0.364595
0.364037
0.364627
0.364076
0.364659
0.364115
0.364690
0.364155
0.364722
0.364194
0.364753
0.364234
0.364785
0.364274
0.364816
0.364313
0.364848
0.364354
0.364879
0.364394
0.364910
0.364434
0.364941
0.364475
0.364972
0.364515
0.365003
0.364556
0.365034
0.364597
0.365065
0.364638
0.364638
0.365096
0.364679
0.365126
0.364721
0.365157
0.364763
0.365187
0.364804
0.365217
0.364847
0.365247
0.364889
0.365277
0.364931
0.365307
0.364974
0.365336
0.365017
0.365365
0.365060
0.365395
0.365104
0.365423
0.365147
0.365452
0.365191
0.365481
0.365236
0.365509
0.365280
0.365537
0.365325
0.365565
0.365370
0.365593
0.365415
0.365620
0.365460
0.365648
0.365506
0.365675
0.365551
0.365703
0.365596
0.365730
0.365641
0.365758
0.365686
0.365786
0.365730
0.365815
0.365773
0.365845
0.365816
0.365875
0.365857
0.365906
0.365898
0.365938
0.365937
0.365971
0.365976
0.366004
0.366014
0.366038
0.366051
0.366073
0.366088
0.366108
0.366124
0.366143
0.366160
0.366178
0.366196
0.366214
0.366231
0.366249
0.366267
0.366284
0.366302
0.366320
0.366337
0.366355
0.366372
0.366390
0.366407
0.366425
0.366442
0.366459
0.366477
0.366494
0.366511
0.366529
0.366546
0.366563
0.366580
0.366597
0.366614
0.366631
0.366649
0.366666
0.366683
0.366700
0.366717
0.366734
0.366751
0.366767
0.366784
0.366801
0.366818
0.366835
0.366852
0.366869
0.366886
0.366903
0.366920
0.366937
0.366954
0.366971
0.366988
0.367005
0.367022
0.367039
0.367056
0.367073
0.367090
0.367107
0.367124
0.367141
0.367158
0.367176
0.367193
0.367210
0.367227
0.367244
0.367262
0.367279
0.367296
0.367314
0.367331
0.367348
0.367366
0.367383
0.367401
0.367418
0.367436
0.367454
0.367471
0.367489
0.367507
0.367524
0.367542
0.367560
0.367578
0.367596
0.367614
0.367632
0.367650
0.367668
0.367686
0.367704
0.367723
0.367741
0.367759
0.367778
0.367796
0.367815
0.367833
0.367852
0.367871
0.367890
0.367909
0.367928
0.367947
0.367966
0.367985
0.368004
0.368024
0.368043
0.368063
0.368083
0.368103
0.368123
0.368143
0.368163
0.368183
0.368204
0.368224
0.368245
0.368265
0.368286
0.368307
0.368328
0.368350
0.368371
0.368393
0.368414
0.368436
0.368458
0.368480
0.368502
0.368524
0.368546
0.368568
0.368591
0.368613
0.368636
0.368659
0.368682
0.368704
0.368727
0.368750
0.368774
0.368797
0.368820
0.368843
0.368867
0.368890
0.368913
0.368937
0.368960
0.368984
0.369007
0.369031
0.369055
0.369078
0.369102
0.369125
0.369149
0.369172
0.369196
0.369219
0.369243
0.369266
0.369290
0.369313
0.369336
0.369360
0.369383
0.369406
0.369429
0.369452
0.369475
0.369498
0.369521
0.369544
0.369566
0.369589
0.369611
0.369633
0.369656
0.369678
0.369700
0.369722
0.369744
0.369766
0.369787
0.369809
0.369830
0.369851
0.369873
0.369894
0.369915
0.369936
0.369956
0.369977
0.369997
0.370018
0.370038
0.370058
0.370078
0.370098
0.370118
0.370137
0.370157
0.370176
0.370196
0.370215
0.370234
0.370253
0.370272
0.370291
0.370309
0.370328
0.370346
0.370364
0.370382
0.370401
0.370418
0.370436
0.370454
0.370472
0.370489
0.370507
0.370524
0.370541
0.370558
0.370575
0.370592
0.370609
0.370626
0.370642
0.370659
0.370676
0.370692
0.370708
0.370724
0.370741
0.370757
0.370773
0.370788
0.370804
0.370820
0.370836
0.370851
0.370867
0.370882
0.370898
0.370913
0.370928
0.370943
0.370958
0.370973
0.370988
0.371003
0.371018
0.371033
0.371047
0.371062
0.371076
0.371091
0.371105
0.371120
0.371134
0.371148
0.371162
0.371177
0.371191
0.371205
0.371219
0.371233
0.371247
0.371260
0.371274
0.371288
0.371302
0.371315
0.371329
0.371342
0.371356
0.371369
0.371383
0.371396
0.371409
0.371422
0.371436
0.371449
0.371462
0.371475
0.371488
0.371501
0.371514
0.371527
0.371540
0.371552
0.371565
0.371578
0.371590
0.371603
0.371616
0.371628
0.371641
0.371653
0.371666
0.371678
0.371690
0.371703
0.371715
0.371727
0.371740
0.371752
0.371764
0.371776
0.371788
0.371800
0.371812
0.371824
0.371836
0.371848
0.371860
0.371872
0.371883
0.371895
0.371907
0.371919
0.371930
0.371942
0.371954
0.371965
0.371977
0.371988
0.372000
0.372011
0.372023
0.372034
0.372045
0.372057
0.372068
0.372079
0.372091
0.372102
0.372113
0.372124
0.372135
0.372146
0.372158
0.372169
0.372180
0.372191
0.372202
0.372213
0.372224
0.372235
0.372245
0.372256
0.372267
0.372278
0.372289
0.372300
0.372310
0.372321
0.372332
0.372343
0.372353
0.372364
0.372374
0.372385
0.372396
0.372406
0.372417
0.372427
0.372438
0.372448
0.372459
0.372469
0.372480
0.372490
0.372501
0.372511
0.372521
0.372532
0.372542
0.372552
0.372563
0.372573
0.372583
0.372593
0.372604
0.372614
0.372624
0.372634
0.372644
0.372654
0.372665
0.372675
0.372685
0.372695
0.372705
0.372715
0.372725
0.372735
0.372745
0.372755
0.372765
0.372775
0.372785
0.372795
0.372805
0.372815
0.372825
0.372835
0.372845
0.372854
0.372864
0.372874
0.372884
0.372894
0.372904
0.372913
0.372923
0.372933
0.372943
0.372952
0.372962
0.372972
0.372982
0.372991
0.373001
0.373011
0.373011
0.373020
0.373030
0.373040
0.373049
0.373059
0.373069
0.373078
0.373088
0.373097
0.373107
0.373117
0.373126
0.373136
0.373145
0.373155
0.373164
0.373174
0.373183
0.373193
0.373202
0.373212
0.373221
0.373231
0.373240
0.373250
0.373259
0.373269
0.373278
0.373287
0.373297
0.373306
0.373316
0.373325
0.373334
0.373344
0.373353
0.373363
0.373372
0.373381
0.373391
0.373400
0.373409
0.373419
0.373428
0.373437
0.373446
0.373456
0.373465
0.373474
0.373484
0.373493
0.373502
0.373511
0.373521
0.373530
0.373539
0.373548
0.373558
0.373567
0.373576
0.373585
0.373594
0.373604
0.373613
0.373622
0.373631
0.373640
0.373650
0.373659
0.373668
0.373677
0.373686
0.373695
0.373705
0.373714
0.373723
0.373732
0.373741
0.373750
0.373759
0.373769
0.373778
0.373787
0.373796
0.373805
0.373814
0.373823
0.373832
0.373841
0.373850
0.373860
0.373869
0.373878
0.373887
0.373896
0.373905
0.373914
0.373923
0.373932
0.373941
0.373950
0.373959
0.373968
0.373977
0.373986
0.373995
0.374004
0.374013
0.374022
0.374031
0.374040
0.374049
0.374058
0.374067
0.374076
0.374085
0.374094
0.374103
0.374112
0.374121
0.374130
0.374139
0.374148
0.374157
0.374166
0.374175
0.374184
0.374193
0.374202
0.374211
0.374220
0.374229
0.374238
0.374247
0.374256
0.374265
0.374274
0.374283
0.374292
0.374301
0.374310
0.374319
0.374327
0.374336
0.374345
0.374354
0.374363
0.374372
0.374381
0.374390
0.374399
0.374408
0.374417
0.374426
0.374435
0.374444
0.374452
0.374461
0.374470
0.374479
0.374488
0.374497
0.374506
0.374515
0.374524
0.374533
0.374541
0.374550
0.374559
0.374568
0.374577
0.374586
0.374595
0.374604
0.374613
0.374621
0.374630
0.374639
0.374648
0.374657
0.374666
0.374675
0.374684
0.374692
0.374701
0.374710
0.374719
0.374728
0.374737
0.374746
0.374755
0.374763
0.374772
0.374781
0.374790
0.374799
0.374808
0.374817
0.374826
0.374834
0.374843
0.374852
0.374861
0.374870
0.374879
0.374888
0.374896
0.374905
0.374914
0.374923
0.374932
0.374941
0.374949
0.374958
0.374967
0.374976
0.374985
0.374994
0.375003
0.375011
0.375020
0.375029
0.375038
0.375047
0.375056
0.375064
0.375073
0.375082
0.375091
0.375100
0.375109
0.375117
0.375126
0.375135
0.375144
0.375153
0.375162
0.375170
0.375179
0.375188
0.375197
0.375206
0.375215
0.375223
0.375232
0.375241
0.375250
0.375259
0.375268
0.375276
0.375285
0.375294
0.375303
0.375312
0.375321
0.375329
0.375338
0.375347
0.375356
0.375365
0.375373
0.375382
0.375391
0.375400
0.375409
0.375418
0.375426
0.375435
0.375444
0.375453
0.375462
0.375470
0.375479
0.375488
0.375497
0.375506
0.375515
0.375523
0.375532
0.375541
0.375550
0.375559
0.375567
0.375576
0.375585
0.375594
0.375603
0.375612
0.375620
0.375629
0.375638
0.375647
0.375656
0.375664
0.375673
0.375682
0.375691
0.375700
0.375708
0.375717
0.375726
0.375735
0.375744
0.375752
0.375761
0.375770
0.375779
0.375788
0.375797
0.375805
0.375814
0.375823
0.375832
0.375841
0.375849
0.375858
0.375867
0.375876
0.375885
0.375893
0.375902
0.375911
0.375920
0.375929
0.375937
0.375946
0.375955
0.375964
0.375973
0.375981
0.375990
0.375999
0.376008
0.376017
0.376025
0.376034
0.376043
0.376052
0.376061
0.376069
0.376078
0.376087
0.376096
0.376105
0.376113
0.376122
0.376131
0.376140
0.376149
0.376157
0.376166
0.376175
0.376184
0.376193
0.376201
0.376210
0.376219
0.376228
0.376237
0.376245
0.376254
0.376263
0.376272
0.376281
0.376289
0.376298
0.376307
0.376316
0.376324
0.376333
0.376342
0.376351
0.376360
0.376368
0.376377
0.376386
0.376395
0.376404
0.376412
0.376421
0.376430
0.376439
0.376448
0.376456
0.376465
0.376474
0.376483
0.376491
0.376500
0.376509
0.376518
0.376527
0.376535
0.376544
0.376553
0.376562
0.376571
0.376579
0.376588
0.376597
0.376606
0.376614
0.376623
0.376632
0.376641
0.376650
0.376658
0.376667
0.376676
0.376685
0.376693
0.376702
0.376711
0.376720
0.376728
0.376737
0.376746
0.376755
0.376764
0.376772
0.376781
0.376790
0.376799
0.376808
0.376816
0.376825
0.376834
0.376843
0.376851
0.376860
0.376869
0.376878
0.376887
0.376896
0.376904
0.376913
0.376922
0.376931
0.376940
0.376949
0.376957
0.376966
0.376975
0.376984
0.376993
0.377002
0.377011
0.377019
0.377028
0.377037
0.377046
0.377055
0.377064
0.377073
0.377082
0.377091
0.377099
0.377108
0.377117
0.377126
0.377135
0.377144
0.377153
0.377161
0.377170
0.377179
0.377188
0.377196
0.377205
0.377213
0.377222
0.377230
0.377239
0.377247
0.377256
0.377264
0.377272
0.377280
0.377288
0.377296
0.377303
0.377311
0.377318
0.377325
0.377332
0.377339
0.377345
0.377352
0.377357
0.377363
0.377368
0.377372
0.377376
0.377380
0.377382
0.377384
0.377384
0.377383
0.377381
0.377381
0.377376
0.377369
0.377358
0.377345
0.377330
0.377316
0.377309
0.377316
0.377344
0.377394
0.377467
0.377559
0.377662
0.377770
0.377873
0.377965
0.378037
0.378084
0.378101
0.378086
0.378039
0.377965
0.377870
0.377764
0.377656
0.377553
0.377462
0.377387
0.377328
0.377286
0.377260
0.377248
0.377249
0.377260
0.377281
0.377309
0.377344
0.377384
0.377428
0.377474
0.377523
0.377571
0.377618
0.377663
0.377704
0.377741
0.377774
0.377801
0.377822
0.377837
0.377847
0.377850
0.377848
0.377840
0.377827
0.377809
0.377787
0.377761
0.377732
0.377699
0.377664
0.377628
0.377589
0.377549
0.377509
0.377468
0.377426
0.377385
0.377345
0.377305
0.377266
0.377228
0.377191
0.377156
0.377122
0.377090
0.377060
0.377032
0.377006
0.376982
0.376959
0.376939
0.376920
0.376904
0.376889
0.376877
0.376866
0.376857
0.376849
0.376843
0.376839
0.376836
0.376835
0.376835
0.376836
0.376838
0.376841
0.376846
0.376851
0.376857
0.376864
0.376872
0.376880
0.376888
0.376898
0.376907
0.376917
0.376927
0.376938
0.376948
0.376959
0.376970
0.376981
0.376992
0.377002
0.377013
0.377024
0.377034
0.377045
0.377055
0.377065
0.377075
0.377084
0.377093
0.377102
0.377111
0.377119
0.377127
0.377135
0.377142
0.377149
0.377155
0.377161
0.377167
0.377172
0.377177
0.377181
0.377185
0.377189
0.377192
0.377195
0.377197
0.377199
0.377200
0.377201
0.377202
0.377202
0.377202
0.377201
0.377200
0.377198
0.377196
0.377194
0.377191
0.377187
0.377184
0.377179
0.377175
0.377170
0.377164
0.377158
0.377152
0.377146
0.377138
0.377131
0.377123
0.377115
0.377106
0.377097
0.377088
0.377078
0.377068
0.377057
0.377046
0.377035
0.377023
0.377011
0.376999
0.376986
0.376973
0.376960
0.376946
0.376932
0.376918
0.376903
0.376888
0.376873
0.376857
0.376841
0.376825
0.376809
0.376792
0.376775
0.376757
0.376740
0.376722
0.376704
0.376686
0.376667
0.376648
0.376629
0.376610
0.376590
0.376570
0.376550
0.376530
0.376509
0.376489
0.376468
0.376447
0.376425
0.376404
0.376382
0.376360
0.376338
0.376316
0.376294
0.376271
0.376248
0.376225
0.376202
0.376179
0.376156
0.376132
0.376109
0.376085
0.376061
0.376037
0.376013
0.375988
0.375964
0.375939
0.375915
0.375890
0.375865
0.375840
0.375815
0.375790
0.375765
0.375739
0.375714
0.375688
0.375663
0.375637
0.375611
0.375585
0.375559
0.375533
0.375507
0.375481
0.375455
0.375429
0.375402
0.375376
0.375350
0.375323
0.375297
0.375270
0.375244
0.375217
0.375190
0.375164
0.375137
0.375110
0.375083
0.375057
0.375030
0.375003
0.374976
0.374949
0.374922
0.374895
0.374868
0.374842
0.374815
0.374788
0.374761
0.374734
0.374707
0.374680
0.374653
0.374626
0.374599
0.374572
0.374545
0.374518
0.374491
0.374464
0.374437
0.374410
0.374383
0.374357
0.374330
0.374303
0.374276
0.374249
0.374223
0.374196
0.374169
0.374142
0.374116
0.374089
0.374063
0.374036
0.374009
0.373983
0.373956
0.373930
0.373904
0.373877
0.373851
0.373824
0.373798
0.373772
0.373746
0.373720
0.373693
0.373667
0.373641
0.373615
0.373589
0.373563
0.373538
0.373512
0.373486
0.373460
0.373434
0.373409
0.373383
0.373358
0.373332
0.373307
0.373281
0.373256
0.373230
0.373205
0.373180
0.373155
0.373130
0.373104
0.373079
0.373054
0.373029
0.373005
0.372980
0.372955
0.372930
0.372905
0.372881
0.372856
0.372832
0.372807
0.372783
0.372758
0.372734
0.372710
0.372685
0.372661
0.372637
0.372613
0.372589
0.372565
0.372541
0.372517
0.372493
0.372469
0.372446
0.372422
0.372398
0.372375
0.372351
0.372328
0.372304
0.372281
0.372258
0.372234
0.372211
0.372188
0.372165
0.372142
0.372119
0.372096
0.372073
0.372050
0.372027
0.372004
0.371981
0.371959
0.371936
0.371913
0.371891
0.371868
0.371846
0.371824
0.371801
0.371779
0.371757
0.371734
0.371712
0.371690
0.371668
0.371646
0.371624
0.371602
0.371580
0.371558
0.371536
0.371515
0.371493
0.371471
0.371450
0.371428
0.371406
0.371385
0.371363
0.371342
0.371321
0.371299
0.371278
0.371257
0.371236
0.371214
0.371193
0.371172
0.371151
0.371130
0.371109
0.371088
0.371067
0.371047
0.371026
0.371005
0.370984
0.370964
0.370943
0.370923
0.370902
0.370881
0.370861
0.370841
0.370820
0.370800
0.370779
0.370759
0.370739
0.370719
0.370699
0.370678
0.370658
0.370638
0.370618
0.370598
0.370578
0.370558
0.370539
0.370519
0.370499
0.370479
0.370459
0.370440
0.370420
0.370400
0.370381
0.370361
0.370342
0.370322
0.370303
0.370283
0.370264
0.370245
0.370225
0.370206
0.370187
0.370168
0.370149
0.370129
0.370110
0.370091
0.370072
0.370053
0.370034
0.370015
0.369996
0.369978
0.369959
0.369940
0.369921
0.369902
0.369884
0.369865
0.369846
0.369828
0.369809
0.369791
0.369772
0.369754
0.369735
0.369717
0.369698
0.369698
