-0.857109
0.240652
0.324174
0.326566
0.324545
0.322530
0.321745
0.322422
0.324323
0.327093
0.330455
0.334226
0.338285
0.342549
0.346962
0.351480
0.356072
0.360715
0.365389
0.370079
0.374771
0.379452
0.384112
0.388739
0.393324
0.397858
0.402333
0.406744
0.411084
0.415352
0.419545
0.423662
0.427704
0.431674
0.435573
0.439404
0.443170
0.446876
0.450524
0.454120
0.457666
0.461166
0.464625
0.468046
0.471434
0.474791
0.478121
0.481429
0.484718
0.487993
0.491255
0.494510
0.497761
0.501011
0.504263
0.507521
0.510788
0.514066
0.517357
0.520665
0.523989
0.527332
0.530695
0.534078
0.537481
0.540903
0.544344
0.547801
0.551274
0.554759
0.558255
0.561757
0.565262
0.568767
0.572267
0.575757
0.579234
0.582693
0.586129
0.589537
0.592913
0.596252
0.599549
0.602802
0.606004
0.609154
0.612247
0.615280
0.618250
0.621156
0.623994
0.626764
0.629463
0.632091
0.634647
0.637130
0.639541
0.641878
0.644144
0.646337
0.648459
0.650510
0.652491
0.654404
0.656249
0.658027
0.659740
0.661388
0.662973
0.664496
0.665959
0.667362
0.668707
0.669995
0.671227
0.672405
0.673530
0.674603
0.675625
0.676598
0.677523
0.678402
0.679235
0.680025
0.680772
0.681478
0.682145
0.682773
0.683365
0.683921
0.684444
0.684933
0.685392
0.685820
0.686221
0.686593
0.686940
0.687263
0.687561
0.687838
0.688093
0.688329
0.688545
0.688743
0.688925
0.689090
0.689241
0.689377
0.689500
0.689610
0.689708
0.689795
0.689871
0.689937
0.689993
0.690041
0.690080
0.690111
0.690134
0.690150
0.690159
0.690161
0.690157
0.690147
0.690131
0.690110
0.690082
0.690050
0.690012
0.689970
0.689922
0.689870
0.689813
0.689751
0.689685
0.689614
0.689539
0.689459
0.689375
0.689286
0.689193
0.689096
0.688994
0.688888
0.688777
0.688662
0.688542
0.688418
0.688289
0.688156
0.688018
0.687876
0.687729
0.687577
0.687421
0.687260
0.687094
0.686923
0.686748
0.686567
0.686382
0.686192
0.685996
0.685796
0.685590
0.685380
0.685164
0.684943
0.684717
0.684485
0.684248
0.684006
0.683759
0.683506
0.683248
0.682984
0.682714
0.682440
0.682159
0.681873
0.681582
0.681284
0.680982
0.680673
0.680359
0.680039
0.679713
0.679382
0.679045
0.678702
0.678353
0.677999
0.677638
0.677272
0.676901
0.676523
0.676140
0.675751
0.675356
0.674955
0.674549
0.674137
0.673719
0.673295
0.672866
0.672431
0.671991
0.671545
0.671093
0.670636
0.670173
0.669705
0.669231
0.668752
0.668267
0.667778
0.667283
0.666783
0.666277
0.665767
0.665251
0.664731
0.664205
0.663675
0.663140
0.662600
0.662056
0.661507
0.660954
0.660396
0.659834
0.659267
0.658696
0.658122
0.657543
0.656961
0.656374
0.655784
0.655190
0.654593
0.653992
0.653388
0.652781
0.652171
0.651558
0.650941
0.650322
0.649701
0.649076
0.648450
0.647821
0.647189
0.646556
0.645920
0.645283
0.644644
0.644003
0.643361
0.642717
0.642071
0.641425
0.640777
0.640129
0.639479
0.638829
0.638178
0.637527
0.636875
0.636223
0.635570
0.634918
0.634265
0.633613
0.632961
0.632309
0.631658
0.631007
0.630357
0.629708
0.629059
0.628412
0.627766
0.627121
0.626477
0.625835
0.625194
0.624556
0.623919
0.623284
0.622651
0.622020
0.621392
0.620767
0.620144
0.619524
0.618907
0.618293
0.617682
0.617076
0.616472
0.615873
0.615278
0.614687
0.614100
0.613518
0.612941
0.612369
0.611803
0.611241
0.610685
0.610135
0.609590
0.609050
0.608515
0.607984
0.607457
0.606933
0.606410
0.605886
0.605358
0.604825
0.604284
0.603730
0.603163
0.602579
0.601977
0.601356
0.600718
0.600063
0.599393
0.598711
0.598019
0.597321
0.596619
0.595915
0.595214
0.594515
0.593821
0.593132
0.592449
0.591772
0.591102
0.590437
0.589777
0.589122
0.588472
0.587826
0.587184
0.586545
0.585910
0.585279
0.584651
0.584026
0.583405
0.582788
0.582174
0.581564
0.580957
0.580355
0.579756
0.579161
0.578569
0.577982
0.577398
0.576818
0.576241
0.575669
0.575100
0.574534
0.573972
0.573414
0.572859
0.572308
0.571760
0.571216
0.570675
0.570138
0.569604
0.569073
0.568546
0.568022
0.567501
0.566983
0.566469
0.565958
0.565451
0.564946
0.564445
0.563946
0.563451
0.562959
0.562470
0.561984
0.561502
0.561022
0.560545
0.560071
0.559601
0.559133
0.558668
0.558206
0.557747
0.557291
0.556838
0.556388
0.555940
0.555496
0.555054
0.554615
0.554179
0.553746
0.553316
0.552888
0.552463
0.552041
0.551622
0.551206
0.550792
0.550381
0.549973
0.549568
0.549165
0.548766
0.548368
0.547974
0.547583
0.547194
0.546807
0.546424
0.546043
0.545665
0.545290
0.544918
0.544548
0.544181
0.543817
0.543455
0.543096
0.542740
0.542387
0.542036
0.541688
0.541343
0.541000
0.540661
0.540324
0.539990
0.539658
0.539330
0.539004
0.538681
0.538361
0.538043
0.537729
0.537417
0.537108
0.536801
0.536498
0.536197
0.535900
0.535900
0.535605
0.535313
0.535023
0.534737
0.534453
0.534173
0.533895
0.533620
0.533348
0.533079
0.532813
0.532549
0.532289
0.532032
0.531777
0.531525
0.531277
0.531031
0.530788
0.530548
0.530311
0.530077
0.529846
0.529618
0.529393
0.529171
0.528951
0.528735
0.528522
0.528311
0.528104
0.527899
0.527698
0.527499
0.527304
0.527111
0.526921
0.526735
0.526551
0.526370
0.526192
0.526017
0.525845
0.525675
0.525509
0.525345
0.525185
0.525027
0.524872
0.524720
0.524571
0.524425
0.524281
0.524141
0.524003
0.523868
0.523735
0.523606
0.523479
0.523355
0.523234
0.523115
0.522999
0.522886
0.522776
0.522668
0.522563
0.522460
0.522360
0.522263
0.522168
0.522076
0.521986
0.521899
0.521815
0.521733
0.521653
0.521576
0.521502
0.521430
0.521360
0.521293
0.521228
0.521166
0.521106
0.521048
0.520993
0.520940
0.520889
0.520841
0.520795
0.520752
0.520710
0.520671
0.520634
0.520599
0.520567
0.520537
0.520508
0.520482
0.520458
0.520437
0.520417
0.520399
0.520384
0.520371
0.520359
0.520350
0.520342
0.520337
0.520333
0.520332
0.520332
0.520334
0.520338
0.520344
0.520352
0.520362
0.520374
0.520387
0.520402
0.520419
0.520437
0.520457
0.520479
0.520503
0.520528
0.520555
0.520583
0.520613
0.520645
0.520678
0.520713
0.520749
0.520787
0.520826
0.520867
0.520909
0.520952
0.520997
0.521043
0.521091
0.521140
0.521190
0.521242
0.521295
0.521349
0.521404
0.521461
0.521518
0.521577
0.521637
0.521699
0.521761
0.521825
0.521889
0.521955
0.522022
0.522090
0.522159
0.522228
0.522299
0.522371
0.522444
0.522518
0.522592
0.522668
0.522744
0.522822
0.522900
0.522979
0.523059
0.523140
0.523221
0.523303
0.523386
0.523470
0.523555
0.523640
0.523726
0.523812
0.523900
0.523988
0.524076
0.524165
0.524255
0.524345
0.524436
0.524528
0.524620
0.524712
0.524806
0.524899
0.524993
0.525088
0.525183
0.525278
0.525374
0.525470
0.525567
0.525663
0.525761
0.525858
0.525956
0.526055
0.526153
0.526252
0.526351
0.526450
0.526550
0.526650
0.526749
0.526850
0.526950
0.527050
0.527151
0.527251
0.527352
0.527453
0.527554
0.527655
0.527756
0.527857
0.527958
0.528059
0.528160
0.528261
0.528361
0.528462
0.528563
0.528663
0.528764
0.528864
0.528964
0.529064
0.529164
0.529263
0.529363
0.529462
0.529561
0.529659
0.529758
0.529856
0.529953
0.530051
0.530148
0.530244
0.530341
0.530437
0.530532
0.530628
0.530722
0.530817
0.530911
0.531004
0.531097
0.531190
0.531282
0.531373
0.531464
0.531555
0.531645
0.531734
0.531823
0.531911
0.531999
0.532086
0.532173
0.532258
0.532344
0.532428
0.532512
0.532596
0.532678
0.532760
0.532842
0.532923
0.533003
0.533082
0.533161
0.533238
0.533316
0.533392
0.533468
0.533543
0.533617
0.533691
0.533763
0.533836
0.533907
0.533977
0.534047
0.534116
0.534184
0.534252
0.534318
0.534384
0.534449
0.534514
0.534577
0.534640
0.534702
0.534763
0.534823
0.534883
0.534941
0.534999
0.535056
0.535113
0.535168
0.535223
0.535277
0.535330
0.535382
0.535434
0.535484
0.535534
0.535583
0.535632
0.535679
0.535726
0.535772
0.535817
0.535862
0.535905
0.535948
0.535990
0.536032
0.536072
0.536112
0.536151
0.536189
0.536227
0.536263
0.536299
0.536335
0.536369
0.536403
0.536436
0.536468
0.536500
0.536531
0.536561
0.536590
0.536619
0.536647
0.536675
0.536701
0.536727
0.536753
0.536777
0.536801
0.536825
0.536847
0.536870
0.536891
0.536912
0.536932
0.536951
0.536970
0.536989
0.537006
0.537023
0.537040
0.537056
0.537071
0.537086
0.537100
0.537114
0.537127
0.537139
0.537151
0.537163
0.537174
0.537184
0.537194
0.537203
0.537212
0.537220
0.537228
0.537236
0.537243
0.537249
0.537255
0.537261
0.537266
0.537270
0.537274
0.537278
0.537281
0.537284
0.537287
0.537289
0.537291
0.537292
0.537293
0.537294
0.537294
0.537294
0.537293
0.537292
0.537291
0.537289
0.537287
0.537285
0.537283
0.537280
0.537277
0.537273
0.537269
0.537265
0.537261
0.537256
0.537252
0.537246
0.537241
0.537235
0.537230
0.537223
0.537217
0.537210
0.537204
0.537197
0.537189
0.537182
0.537174
0.537166
0.537158
0.537150
0.537142
0.537133
0.537124
0.537115
0.537106
0.537097
0.537087
0.537078
0.537068
0.537058
0.537048
0.537038
0.537028
0.537017
0.537007
0.536996
0.536985
0.536974
0.536963
0.536952
0.536941
0.536929
0.536918
0.536906
0.536894
0.536882
0.536870
0.536858
0.536846
0.536834
0.536821
0.536809
0.536796
0.536783
0.536771
0.536758
0.536745
0.536731
0.536718
0.536705
0.536691
0.536677
0.536662
0.536646
0.536626
0.536599
0.536545
0.536413
0.536090
0.535656
0.535424
0.534772
0.530407
0.530144
0.530755
0.531011
0.531170
0.531222
0.531196
0.531120
0.531018
0.530906
0.530796
0.530695
0.530608
0.530538
0.530485
0.530450
0.530431
0.530428
0.530428
0.530438
0.530459
0.530488
0.530525
0.530566
0.530610
0.530655
0.530700
0.530743
0.530785
0.530824
0.530861
0.530894
0.530923
0.530949
0.530972
0.530991
0.531006
0.531018
0.531026
0.531032
0.531034
0.531032
0.531028
0.531021
0.531011
0.530998
0.530983
0.530965
0.530944
0.530921
0.530896
0.530868
0.530838
0.530806
0.530772
0.530737
0.530699
0.530659
0.530618
0.530575
0.530531
0.530485
0.530438
0.530390
0.530340
0.530290
0.530238
0.530185
0.530131
0.530077
0.530021
0.529965
0.529908
0.529850
0.529792
0.529734
0.529674
0.529615
0.529555
0.529494
0.529434
0.529373
0.529311
0.529250
0.529188
0.529127
0.529065
0.529003
0.528941
0.528879
0.528818
0.528756
0.528694
0.528633
0.528572
0.528511
0.528450
0.528389
0.528329
0.528269
0.528209
0.528149
0.528090
0.528031
0.527973
0.527915
0.527858
0.527801
0.527744
0.527688
0.527632
0.527577
0.527523
0.527469
0.527415
0.527363
0.527310
0.527259
0.527208
0.527158
0.527108
0.527059
0.527011
0.526964
0.526917
0.526871
0.526826
0.526781
0.526738
0.526695
0.526653
0.526612
0.526571
0.526532
0.526493
0.526456
0.526419
0.526383
0.526348
0.526314
0.526282
0.526250
0.526219
0.526189
0.526160
0.526132
0.526106
0.526080
0.526056
0.526033
0.526011
0.525990
0.525970
0.525952
0.525934
0.525918
0.525904
0.525890
0.525878
0.525868
0.525858
0.525850
0.525844
0.525839
0.525835
0.525833
0.525833
0.525834
0.525836
0.525840
0.525846
0.525853
0.525862
0.525873
0.525886
0.525900
0.525916
0.525934
0.525953
0.525974
0.525998
0.526023
0.526049
0.526078
0.526109
0.526142
0.526176
0.526213
0.526251
0.526292
0.526334
0.526378
0.526425
0.526473
0.526523
0.526575
0.526629
0.526685
0.526743
0.526803
0.526865
0.526928
0.526994
0.527056
0.527130
0.526863
0.525491
0.525493
0.521957
0.522793
0.522048
0.521980
0.522023
0.522388
0.522687
0.523125
0.523390
0.523770
0.523910
0.524223
0.524158
0.524426
0.523880
0.524167
0.522731
0.523497
0.522003
0.522639
0.521622
0.522160
0.521466
0.521998
0.521447
0.521970
0.521454
0.521969
0.521408
0.521928
0.521263
0.521808
0.521030
0.521607
0.520774
0.521368
0.520558
0.521150
0.520400
0.520987
0.520291
0.520877
0.520207
0.520796
0.520121
0.520719
0.520020
0.520631
0.519904
0.520528
0.519782
0.520416
0.519666
0.520308
0.519565
0.520212
0.519477
0.520129
0.519396
0.520055
0.519316
0.519983
0.519235
0.519909
0.519151
0.519833
0.519066
0.519756
0.518984
0.519681
0.518904
0.519607
0.518826
0.519536
0.518750
0.519466
0.518674
0.519397
0.518597
0.519328
0.518521
0.519259
0.518444
0.519189
0.518369
0.519120
0.518293
0.519051
0.518218
0.518983
0.518143
0.518915
0.518069
0.518847
0.517994
0.518779
0.517919
0.518711
0.517844
0.518643
0.517770
0.518575
0.517696
0.518508
0.517621
0.518440
0.517547
0.518373
0.517473
0.518305
0.517399
0.518238
0.517325
0.518171
0.517251
0.518103
0.517177
0.518036
0.517103
0.517969
0.517030
0.517902
0.516956
0.517835
0.516883
0.517768
0.516809
0.517701
0.516736
0.517635
0.516663
0.517568
0.516589
0.517501
0.516516
0.517435
0.516443
0.517368
0.516370
0.517302
0.516297
0.517236
0.516225
0.517170
0.516152
0.517103
0.516080
0.517037
0.516007
0.516971
0.515935
0.516905
0.515862
0.516839
0.515790
0.516773
0.515718
0.516707
0.515646
0.516641
0.515574
0.516575
0.515502
0.516510
0.515430
0.516444
0.515358
0.516378
0.515286
0.516312
0.515215
0.516247
0.515143
0.516181
0.515071
0.516115
0.515000
0.516049
0.514929
0.515984
0.514857
0.515918
0.514786
0.515852
0.514715
0.515786
0.514644
0.515721
0.514573
0.515655
0.514501
0.515589
0.514431
0.515523
0.514360
0.515457
0.514289
0.515391
0.514218
0.515325
0.514147
0.515259
0.514077
0.515193
0.514006
0.515127
0.513935
0.515061
0.513865
0.514995
0.513794
0.514928
0.513724
0.514862
0.513654
0.514795
0.513584
0.514729
0.513513
0.514662
0.513443
0.514595
0.513373
0.514528
0.513303
0.514461
0.513233
0.514394
0.513163
0.514327
0.513093
0.514260
0.513024
0.514192
0.512954
0.514125
0.512884
0.514057
0.512815
0.513989
0.512745
0.513921
0.512676
0.513853
0.512607
0.513785
0.512537
0.513717
0.512468
0.513648
0.512399
0.513579
0.512330
0.513510
0.512261
0.513441
0.512192
0.513372
0.512123
0.513302
0.512054
0.513233
0.511985
0.513163
0.511917
0.513093
0.511848
0.513022
0.511779
0.512952
0.511711
0.512881
0.511643
0.512810
0.511574
0.512739
0.511506
0.512668
0.511438
0.512596
0.511370
0.512525
0.511302
0.512452
0.511234
0.512380
0.511166
0.512308
0.511098
0.512235
0.511030
0.512162
0.510963
0.512089
0.510895
0.512015
0.510828
0.511941
0.510760
0.511867
0.510693
0.511793
0.510626
0.511718
0.510558
0.511644
0.510491
0.511569
0.510424
0.511493
0.511493
0.510357
0.511418
0.510290
0.511342
0.510224
0.511265
0.510157
0.511189
0.510090
0.511112
0.510024
0.511035
0.509957
0.510958
0.509891
0.510880
0.509825
0.510802
0.509759
0.510724
0.509693
0.510646
0.509627
0.510567
0.509561
0.510488
0.509495
0.510408
0.509429
0.510329
0.509364
0.510249
0.509299
0.510168
0.509233
0.510087
0.509168
0.510006
0.509103
0.509925
0.509038
0.509843
0.508973
0.509760
0.508909
0.509678
0.508844
0.509595
0.508780
0.509511
0.508716
0.509427
0.508652
0.509342
0.508588
0.509257
0.508524
0.509171
0.508460
0.509084
0.508397
0.508997
0.508334
0.508908
0.508271
0.508819
0.508208
0.508729
0.508145
0.508637
0.508082
0.508544
0.508018
0.508449
0.507955
0.508351
0.507891
0.508251
0.507826
0.508147
0.507759
0.508039
0.507690
0.507925
0.507616
0.507804
0.507536
0.507674
0.507447
0.507533
0.507343
0.507379
0.507221
0.507210
0.507075
0.507024
0.506902
0.506819
0.506700
0.506593
0.506470
0.506348
0.506217
0.506083
0.505945
0.505804
0.505662
0.505518
0.505375
0.505234
0.505094
0.504958
0.504826
0.504698
0.504576
0.504458
0.504345
0.504238
0.504136
0.504038
0.503945
0.503856
0.503771
0.503689
0.503611
0.503536
0.503464
0.503394
0.503327
0.503262
0.503198
0.503136
0.503076
0.503018
0.502960
0.502904
0.502849
0.502795
0.502742
0.502689
0.502638
0.502586
0.502536
0.502485
0.502436
0.502386
0.502337
0.502288
0.502240
0.502191
0.502143
0.502095
0.502047
0.501999
0.501952
0.501904
0.501856
0.501808
0.501761
0.501713
0.501666
0.501618
0.501571
0.501523
0.501475
0.501428
0.501380
0.501332
0.501285
0.501237
0.501189
0.501142
0.501094
0.501046
0.500998
0.500951
0.500903
0.500855
0.500807
0.500759
0.500712
0.500664
0.500616
0.500568
0.500521
0.500473
0.500425
0.500377
0.500330
0.500282
0.500234
0.500187
0.500139
0.500091
0.500044
0.499996
0.499949
0.499901
0.499853
0.499806
0.499759
0.499711
0.499664
0.499616
0.499569
0.499522
0.499474
0.499427
0.499380
0.499333
0.499286
0.499239
0.499192
0.499145
0.499098
0.499051
0.499004
0.498957
0.498910
0.498863
0.498816
0.498770
0.498723
0.498676
0.498630
0.498583
0.498536
0.498490
0.498443
0.498397
0.498351
0.498304
0.498258
0.498212
0.498165
0.498119
0.498073
0.498027
0.497981
0.497934
0.497888
0.497842
0.497796
0.497750
0.497705
0.497659
0.497613
0.497567
0.497521
0.497476
0.497430
0.497384
0.497339
0.497293
0.497247
0.497202
0.497156
0.497111
0.497066
0.497020
0.496975
0.496930
0.496884
0.496839
0.496794
0.496749
0.496703
0.496658
0.496613
0.496568
0.496523
0.496478
0.496433
0.496388
0.496343
0.496298
0.496254
0.496209
0.496164
0.496119
0.496074
0.496030
0.495985
0.495940
0.495896
0.495851
0.495807
0.495762
0.495718
0.495673
0.495629
0.495584
0.495540
0.495496
0.495451
0.495407
0.495363
0.495319
0.495274
0.495230
0.495186
0.495142
0.495098
0.495054
0.495010
0.494966
0.494922
0.494878
0.494834
0.494790
0.494746
0.494702
0.494658
0.494614
0.494570
0.494526
0.494483
0.494439
0.494395
0.494352
0.494308
0.494264
0.494221
0.494177
0.494133
0.494090
0.494046
0.494003
0.493959
0.493916
0.493872
0.493829
0.493785
0.493742
0.493698
0.493655
0.493612
0.493568
0.493525
0.493482
0.493439
0.493395
0.493352
0.493309
0.493266
0.493222
0.493179
0.493136
0.493093
0.493050
0.493007
0.492964
0.492920
0.492877
0.492834
0.492791
0.492748
0.492705
0.492662
0.492619
0.492576
0.492533
0.492490
0.492448
0.492405
0.492362
0.492319
0.492276
0.492233
0.492190
0.492147
0.492105
0.492062
0.492019
0.491976
0.491933
0.491891
0.491848
0.491805
0.491762
0.491720
0.491677
0.491634
0.491591
0.491549
0.491506
0.491463
0.491421
0.491378
0.491335
0.491293
0.491250
0.491207
0.491165
0.491122
0.491080
0.491037
0.490994
0.490952
0.490909
0.490867
0.490824
0.490782
0.490739
0.490696
0.490654
0.490611
0.490569
0.490526
0.490484
0.490441
0.490399
0.490356
0.490313
0.490271
0.490228
0.490186
0.490143
0.490101
0.490058
0.490016
0.489973
0.489931
0.489888
0.489846
0.489803
0.489761
0.489718
0.489676
0.489633
0.489591
0.489548
0.489506
0.489463
0.489421
0.489378
0.489336
0.489293
0.489251
0.489208
0.489166
0.489123
0.489080
0.489038
0.488995
0.488953
0.488910
0.488868
0.488825
0.488783
0.488740
0.488697
0.488655
0.488612
0.488570
0.488527
0.488485
0.488442
0.488399
0.488357
0.488314
0.488272
0.488229
0.488186
0.488144
0.488101
0.488058
0.488016
0.487973
0.487930
0.487888
0.487845
0.487802
0.487760
0.487717
0.487674
0.487631
0.487589
0.487546
0.487503
0.487460
0.487417
0.487375
0.487332
0.487289
0.487246
0.487203
0.487161
0.487118
0.487075
0.487032
0.486989
0.486946
0.486903
0.486860
0.486817
0.486774
0.486731
0.486688
0.486688
0.486645
0.486602
0.486559
0.486516
0.486473
0.486430
0.486387
0.486344
0.486301
0.486258
0.486215
0.486172
0.486128
0.486085
0.486042
0.485999
0.485956
0.485912
0.485869
0.485826
0.485782
0.485739
0.485696
0.485652
0.485609
0.485566
0.485522
0.485479
0.485436
0.485392
0.485349
0.485305
0.485262
0.485218
0.485175
0.485131
0.485087
0.485044
0.485000
0.484957
0.484913
0.484869
0.484826
0.484782
0.484738
0.484694
0.484651
0.484607
0.484563
0.484519
0.484475
0.484432
0.484388
0.484344
0.484300
0.484256
0.484212
0.484168
0.484124
0.484080
0.484036
0.483992
0.483948
0.483903
0.483859
0.483815
0.483771
0.483727
0.483682
0.483638
0.483594
0.483550
0.483505
0.483461
0.483417
0.483372
0.483328
0.483283
0.483239
0.483194
0.483150
0.483105
0.483061
0.483016
0.482971
0.482927
0.482882
0.482837
0.482793
0.482748
0.482703
0.482658
0.482614
0.482569
0.482524
0.482479
0.482434
0.482389
0.482344
0.482299
0.482254
0.482209
0.482164
0.482119
0.482074
0.482028
0.481983
0.481938
0.481893
0.481847
0.481802
0.481757
0.481711
0.481666
0.481621
0.481575
0.481530
0.481484
0.481439
0.481393
0.481347
0.481302
0.481256
0.481211
0.481165
0.481119
0.481073
0.481028
0.480982
0.480936
0.480890
0.480844
0.480798
0.480752
0.480706
0.480660
0.480614
0.480568
0.480522
0.480476
0.480430
0.480383
0.480337
0.480291
0.480245
0.480198
0.480152
0.480105
0.480059
0.480013
0.479966
0.479920
0.479873
0.479827
0.479780
0.479733
0.479687
0.479640
0.479593
0.479546
0.479500
0.479453
0.479406
0.479359
0.479312
0.479265
0.479218
0.479171
0.479124
0.479077
0.479030
0.478983
0.478936
0.478888
0.478841
0.478794
0.478747
0.478699
0.478652
0.478605
0.478557
0.478510
0.478462
0.478415
0.478367
0.478320
0.478272
0.478224
0.478177
0.478129
0.478081
0.478033
0.477985
0.477938
0.477890
0.477842
0.477794
0.477746
0.477698
0.477650
0.477602
0.477554
0.477505
0.477457
0.477409
0.477361
0.477313
0.477264
0.477216
0.477168
0.477119
0.477071
0.477022
0.476974
0.476925
0.476877
0.476828
0.476779
0.476731
0.476682
0.476633
0.476584
0.476536
0.476487
0.476438
0.476389
0.476340
0.476291
0.476242
0.476193
0.476144
0.476095
0.476046
0.475997
0.475947
0.475898
0.475849
0.475799
0.475750
0.475701
0.475651
0.475602
0.475552
0.475503
0.475453
0.475404
0.475354
0.475305
0.475255
0.475205
0.475155
0.475106
0.475056
0.475006
0.474956
0.474906
0.474856
0.474806
0.474756
0.474706
0.474656
0.474606
0.474556
0.474506
0.474456
0.474405
0.474355
0.474305
0.474255
0.474204
0.474154
0.474103
0.474053
0.474002
0.473952
0.473901
0.473851
0.473800
0.473749
0.473699
0.473648
0.473597
0.473547
0.473496
0.473445
0.473394
0.473343
0.473292
0.473241
0.473190
0.473139
0.473088
0.473037
0.472986
0.472935
0.472883
0.472832
0.472781
0.472730
0.472678
0.472627
0.472576
0.472524
0.472473
0.472421
0.472370
0.472318
0.472267
0.472215
0.472163
0.472112
0.472060
0.472008
0.471957
0.471905
0.471853
0.471801
0.471749
0.471697
0.471645
0.471593
0.471541
0.471489
0.471437
0.471385
0.471333
0.471281
0.471229
0.471177
0.471124
0.471072
0.471020
0.470967
0.470915
0.470863
0.470810
0.470758
0.470705
0.470653
0.470600
0.470548
0.470495
0.470443
0.470390
0.470337
0.470284
0.470232
0.470179
0.470126
0.470073
0.470021
0.469968
0.469915
0.469862
0.469809
0.469756
0.469703
0.469650
0.469597
0.469544
0.469491
0.469437
0.469384
0.469331
0.469278
0.469225
0.469171
0.469118
0.469065
0.469011
0.468958
0.468904
0.468851
0.468798
0.468744
0.468691
0.468637
0.468583
0.468530
0.468476
0.468423
0.468369
0.468315
0.468262
0.468208
0.468154
0.468100
0.468046
0.467993
0.467939
0.467885
0.467831
0.467777
0.467723
0.467669
0.467615
0.467561
0.467507
0.467453
0.467399
0.467344
0.467290
0.467236
0.467182
0.467128
0.467073
0.467019
0.466965
0.466911
0.466856
0.466802
0.466747
0.466693
0.466639
0.466584
0.466530
0.466475
0.466421
0.466366
0.466312
0.466257
0.466202
0.466148
0.466093
0.466038
0.465984
0.465929
0.465874
0.465820
0.465765
0.465710
0.465655
0.465600
0.465546
0.465491
0.465436
0.465381
0.465326
0.465271
0.465216
0.465161
0.465106
0.465051
0.464996
0.464941
0.464886
0.464831
0.464776
0.464721
0.464665
0.464610
0.464555
0.464500
0.464445
0.464389
0.464334
0.464279
0.464224
0.464168
0.464113
0.464058
0.464002
0.463947
0.463891
0.463836
0.463781
0.463725
0.463670
0.463614
0.463559
0.463503
0.463448
0.463392
0.463337
0.463281
0.463226
0.463170
0.463114
0.463059
0.463003
0.462947
0.462892
0.462836
0.462780
0.462725
0.462669
0.462613
0.462557
0.462502
0.462446
0.462390
0.462334
0.462278
0.462223
0.462167
0.462111
0.462055
0.461999
0.461943
0.461943
0.461887
0.461832
0.461776
0.461720
0.461664
0.461608
0.461552
0.461496
0.461440
0.461384
0.461328
0.461272
0.461216
0.461160
0.461104
0.461048
0.460991
0.460935
0.460879
0.460823
0.460767
0.460711
0.460655
0.460599
0.460543
0.460486
0.460430
0.460374
0.460318
0.460262
0.460205
0.460149
0.460093
0.460037
0.459981
0.459924
0.459868
0.459812
0.459755
0.459699
0.459643
0.459587
0.459530
0.459474
0.459418
0.459361
0.459305
0.459249
0.459192
0.459136
0.459080
0.459023
0.458967
0.458911
0.458854
0.458798
0.458742
0.458685
0.458629
0.458572
0.458516
0.458460
0.458403
0.458347
0.458290
0.458234
0.458178
0.458121
0.458065
0.458008
0.457952
0.457895
0.457839
0.457783
0.457726
0.457670
0.457613
0.457557
0.457500
0.457444
0.457387
0.457331
0.457275
0.457218
0.457162
0.457105
0.457049
0.456992
0.456936
0.456879
0.456823
0.456766
0.456710
0.456653
0.456597
0.456540
0.456484
0.456428
0.456371
0.456315
0.456258
0.456202
0.456145
0.456089
0.456032
0.455976
0.455919
0.455863
0.455806
0.455750
0.455693
0.455637
0.455581
0.455524
0.455468
0.455411
0.455355
0.455298
0.455242
0.455185
0.455129
0.455073
0.455016
0.454960
0.454903
0.454847
0.454790
0.454734
0.454678
0.454621
0.454565
0.454508
0.454452
0.454396
0.454339
0.454283
0.454226
0.454170
0.454114
0.454057
0.454001
0.453945
0.453888
0.453832
0.453776
0.453719
0.453663
0.453607
0.453550
0.453494
0.453438
0.453382
0.453325
0.453269
0.453213
0.453156
0.453100
0.453044
0.452988
0.452931
0.452875
0.452819
0.452763
0.452707
0.452650
0.452594
0.452538
0.452482
0.452426
0.452370
0.452313
0.452257
0.452201
0.452145
0.452089
0.452033
0.451977
0.451921
0.451865
0.451809
0.451753
0.451696
0.451640
0.451584
0.451528
0.451472
0.451416
0.451360
0.451304
0.451249
0.451193
0.451137
0.451081
0.451025
0.450969
0.450913
0.450857
0.450801
0.450745
0.450690
0.450634
0.450578
0.450522
0.450466
0.450411
0.450355
0.450299
0.450243
0.450188
0.450132
0.450076
0.450020
0.449965
0.449909
0.449853
0.449798
0.449742
0.449687
0.449631
0.449575
0.449520
0.449464
0.449409
0.449353
0.449298
0.449242
0.449187
0.449131
0.449076
0.449020
0.448965
0.448909
0.448854
0.448799
0.448743
0.448688
0.448633
0.448577
0.448522
0.448467
0.448411
0.448356
0.448301
0.448246
0.448191
0.448135
0.448080
0.448025
0.447970
0.447915
0.447860
0.447805
0.447749
0.447694
0.447639
0.447584
0.447529
0.447474
0.447419
0.447364
0.447310
0.447255
0.447200
0.447145
0.447090
0.447035
0.446980
0.446926
0.446871
0.446816
0.446761
0.446706
0.446652
0.446597
0.446542
0.446488
0.446433
0.446378
0.446324
0.446269
0.446215
0.446160
0.446106
0.446051
0.445997
0.445942
0.445888
0.445833
0.445779
0.445725
0.445670
0.445616
0.445562
0.445507
0.445453
0.445399
0.445345
0.445290
0.445236
0.445182
0.445128
0.445074
0.445020
0.444966
0.444912
0.444857
0.444803
0.444749
0.444696
0.444642
0.444588
0.444534
0.444480
0.444426
0.444372
0.444318
0.444265
0.444211
0.444157
0.444103
0.444050
0.443996
0.443942
0.443889
0.443835
0.443781
0.443728
0.443674
0.443621
0.443567
0.443514
0.443460
0.443407
0.443354
0.443300
0.443247
0.443194
0.443140
0.443087
0.443034
0.442980
0.442927
0.442874
0.442821
0.442768
0.442715
0.442662
0.442609
0.442556
0.442503
0.442450
0.442397
0.442344
0.442291
0.442238
0.442185
0.442132
0.442079
0.442027
0.441974
0.441921
0.441868
0.441816
0.441763
0.441710
0.441658
0.441605
0.441553
0.441500
0.441448
0.441395
0.441343
0.441290
0.441238
0.441186
0.441133
0.441081
0.441029
0.440977
0.440924
0.440872
0.440820
0.440768
0.440716
0.440664
0.440612
0.440560
0.440508
0.440456
0.440404
0.440352
0.440300
0.440248
0.440196
0.440144
0.440093
0.440041
0.439989
0.439937
0.439886
0.439834
0.439782
0.439731
0.439679
0.439628
0.439576
0.439525
0.439473
0.439422
0.439371
0.439319
0.439268
0.439217
0.439165
0.439114
0.439063
0.439012
0.438961
0.438909
0.438858
0.438807
0.438756
0.438705
0.438654
0.438603
0.438552
0.438501
0.438451
0.438400
0.438349
0.438298
0.438247
0.438197
0.438146
0.438095
0.438045
0.437994
0.437944
0.437893
0.437843
0.437792
0.437742
0.437691
0.437641
0.437591
0.437540
0.437490
0.437440
0.437390
0.437339
0.437289
0.437239
0.437189
0.437139
0.437089
0.437039
0.436989
0.436939
0.436889
0.436839
0.436789
0.436739
0.436690
0.436640
0.436590
0.436540
0.436491
0.436441
0.436392
0.436342
0.436292
0.436243
0.436193
0.436144
0.436095
0.436045
0.435996
0.435947
0.435897
0.435848
0.435799
0.435750
0.435700
0.435651
0.435602
0.435553
0.435504
0.435455
0.435406
0.435357
0.435308
0.435259
0.435211
0.435162
0.435113
0.435064
0.435016
0.434967
0.434918
0.434918
0.434870
0.434821
0.434772
0.434724
0.434675
0.434627
0.434579
0.434530
0.434482
0.434434
0.434385
0.434337
0.434289
0.434241
0.434192
0.434144
0.434096
0.434048
0.434000
0.433952
0.433904
0.433856
0.433808
0.433760
0.433713
0.433665
0.433617
0.433569
0.433522
0.433474
0.433426
0.433379
0.433331
0.433284
0.433236
0.433189
0.433141
0.433094
0.433046
0.432999
0.432952
0.432904
0.432857
0.432810
0.432763
0.432716
0.432668
0.432621
0.432574
0.432527
0.432480
0.432433
0.432386
0.432340
0.432293
0.432246
0.432199
0.432152
0.432106
0.432059
0.432012
0.431966
0.431919
0.431873
0.431826
0.431779
0.431733
0.431687
0.431640
0.431594
0.431547
0.431501
0.431455
0.431409
0.431362
0.431316
0.431270
0.431224
0.431178
0.431132
0.431086
0.431040
0.430994
0.430948
0.430902
0.430856
0.430811
0.430765
0.430719
0.430673
0.430628
0.430582
0.430536
0.430491
0.430445
0.430400
0.430354
0.430309
0.430263
0.430218
0.430173
0.430127
0.430082
0.430037
0.429991
0.429946
0.429901
0.429856
0.429811
0.429766
0.429721
0.429676
0.429631
0.429586
0.429541
0.429496
0.429451
0.429406
0.429362
0.429317
0.429272
0.429227
0.429183
0.429138
0.429093
0.429049
0.429004
0.428960
0.428915
0.428871
0.428826
0.428782
0.428738
0.428693
0.428649
0.428605
0.428561
0.428516
0.428472
0.428428
0.428384
0.428340
0.428296
0.428252
0.428208
0.428164
0.428120
0.428076
0.428032
0.427988
0.427944
0.427901
0.427857
0.427813
0.427769
0.427726
0.427682
0.427639
0.427595
0.427551
0.427508
0.427464
0.427421
0.427378
0.427334
0.427291
0.427248
0.427204
0.427161
0.427118
0.427075
0.427033
0.426991
0.426949
0.426908
0.426868
0.426830
0.426796
0.426767
0.426747
0.426743
0.426762
0.426812
0.426829
0.426517
0.426213
0.426459
0.426590
0.426284
0.425658
0.424941
0.424300
0.423805
0.423459
0.423233
0.423089
0.422997
0.422934
0.422890
0.422857
0.422832
0.422812
0.422796
0.422781
0.422767
0.422751
0.422732
0.422709
0.422680
0.422646
0.422605
0.422557
0.422502
0.422439
0.422369
0.422293
0.422209
0.422120
0.422025
0.421925
0.421821
0.421713
0.421603
0.421490
0.421376
0.421261
0.421146
0.421031
0.420916
0.420803
0.420691
0.420581
0.420473
0.420367
0.420264
0.420163
0.420066
0.419971
0.419879
0.419791
0.419705
0.419623
0.419543
0.419467
0.419394
0.419324
0.419257
0.419192
0.419130
0.419071
0.419014
0.418960
0.418908
0.418858
0.418810
0.418765
0.418721
0.418678
0.418638
0.418598
0.418560
0.418524
0.418488
0.418454
0.418421
0.418388
0.418356
0.418325
0.418295
0.418265
0.418236
0.418207
0.418179
0.418151
0.418123
0.418095
0.418068
0.418040
0.418013
0.417986
0.417959
0.417931
0.417904
0.417877
0.417849
0.417822
0.417794
0.417767
0.417739
0.417710
0.417682
0.417654
0.417625
0.417596
0.417567
0.417537
0.417508
0.417478
0.417448
0.417418
0.417387
0.417356
0.417325
0.417294
0.417262
0.417230
0.417198
0.417166
0.417133
0.417100
0.417067
0.417034
0.417000
0.416967
0.416933
0.416898
0.416864
0.416829
0.416794
0.416759
0.416724
0.416688
0.416653
0.416617
0.416580
0.416544
0.416508
0.416471
0.416434
0.416397
0.416360
0.416322
0.416285
0.416247
0.416209
0.416171
0.416133
0.416094
0.416056
0.416017
0.415978
0.415940
0.415901
0.415861
0.415822
0.415783
0.415743
0.415703
0.415664
0.415624
0.415584
0.415543
0.415503
0.415463
0.415422
0.415382
0.415341
0.415300
0.415259
0.415219
0.415177
0.415136
0.415095
0.415054
0.415012
0.414971
0.414929
0.414888
0.414846
0.414804
0.414762
0.414720
0.414678
0.414636
0.414594
0.414552
0.414509
0.414467
0.414424
0.414382
0.414339
0.414296
0.414254
0.414211
0.414168
0.414125
0.414082
0.414039
0.413996
0.413953
0.413909
0.413866
0.413823
0.413779
0.413736
0.413692
0.413649
0.413605
0.413562
0.413518
0.413474
0.413430
0.413386
0.413343
0.413299
0.413255
0.413211
0.413167
0.413122
0.413078
0.413034
0.412990
0.412946
0.412901
0.412857
0.412813
0.412768
0.412724
0.412679
0.412635
0.412590
0.412546
0.412501
0.412457
0.412412
0.412367
0.412323
0.412278
0.412233
0.412188
0.412144
0.412099
0.412054
0.412009
0.411964
0.411919
0.411874
0.411829
0.411785
0.411740
0.411695
0.411650
0.411605
0.411560
0.411515
0.411470
0.411425
0.411379
0.411334
0.411289
0.411244
0.411199
0.411154
0.411109
0.411064
0.411019
0.410974
0.410929
0.410883
0.410838
0.410793
0.410748
0.410703
0.410658
0.410613
0.410568
0.410522
0.410477
0.410432
0.410387
0.410342
0.410297
0.410252
0.410207
0.410162
0.410117
0.410072
0.410027
0.409981
0.409936
0.409891
0.409846
0.409801
0.409756
0.409711
0.409666
0.409622
0.409577
0.409532
0.409487
0.409442
0.409397
0.409352
0.409307
0.409262
0.409218
0.409173
0.409128
0.409083
0.409083
0.409039
0.408994
0.408949
0.408904
0.408860
0.408815
0.408771
0.408726
0.408681
0.408637
0.408592
0.408548
0.408503
0.408459
0.408414
0.408370
0.408326
0.408281
0.408237
0.408193
0.408148
0.408104
0.408060
0.408016
0.407972
0.407927
0.407883
0.407839
0.407795
0.407751
0.407707
0.407663
0.407619
0.407575
0.407531
0.407488
0.407444
0.407400
0.407356
0.407313
0.407269
0.407225
0.407182
0.407138
0.407094
0.407051
0.407007
0.406964
0.406921
0.406877
0.406834
0.406791
0.406747
0.406704
0.406661
0.406618
0.406575
0.406532
0.406488
0.406445
0.406403
0.406360
0.406317
0.406274
0.406231
0.406188
0.406145
0.406103
0.406060
0.406017
0.405975
0.405932
0.405890
0.405847
0.405805
0.405762
0.405720
0.405678
0.405636
0.405593
0.405551
0.405509
0.405467
0.405425
0.405383
0.405341
0.405299
0.405257
0.405215
0.405173
0.405132
0.405090
0.405048
0.405006
0.404965
0.404923
0.404882
0.404840
0.404799
0.404758
0.404716
0.404675
0.404634
0.404592
0.404551
0.404510
0.404469
0.404428
0.404387
0.404346
0.404305
0.404264
0.404224
0.404183
0.404142
0.404101
0.404061
0.404020
0.403980
0.403939
0.403899
0.403858
0.403818
0.403778
0.403737
0.403697
0.403657
0.403617
0.403577
0.403537
0.403497
0.403457
0.403417
0.403377
0.403337
0.403298
0.403258
0.403218
0.403179
0.403139
0.403100
0.403060
0.403021
0.402981
0.402942
0.402903
0.402863
0.402824
0.402785
0.402746
0.402707
0.402668
0.402629
0.402590
0.402551
0.402512
0.402474
0.402435
0.402396
0.402358
0.402319
0.402281
0.402242
0.402204
0.402165
0.402127
0.402089
0.402050
0.402012
0.401974
0.401936
0.401898
0.401860
0.401822
0.401784
0.401746
0.401708
0.401671
0.401633
0.401595
0.401557
0.401520
0.401482
0.401445
0.401407
0.401370
0.401333
0.401295
0.401258
0.401221
0.401184
0.401147
0.401110
0.401073
0.401036
0.400999
0.400962
0.400925
0.400888
0.400851
0.400815
0.400778
0.400741
0.400705
0.400668
0.400632
0.400596
0.400559
0.400523
0.400487
0.400450
0.400414
0.400378
0.400342
0.400306
0.400270
0.400234
0.400198
0.400162
0.400126
0.400091
0.400055
0.400019
0.399984
0.399948
0.399912
0.399877
0.399842
0.399806
0.399771
0.399736
0.399700
0.399665
0.399630
0.399595
0.399560
0.399525
0.399490
0.399455
0.399420
0.399385
0.399350
0.399315
0.399281
0.399246
0.399211
0.399177
0.399142
0.399108
0.399073
0.399039
0.399004
0.398970
0.398936
0.398902
0.398867
0.398833
0.398799
0.398765
0.398731
0.398697
0.398663
0.398629
0.398595
0.398562
0.398528
0.398494
0.398461
0.398427
0.398393
0.398360
0.398326
0.398293
0.398259
0.398226
0.398193
0.398159
0.398126
0.398093
0.398060
0.398027
0.397994
0.397961
0.397928
0.397895
0.397862
0.397829
0.397796
0.397763
0.397730
0.397698
0.397665
0.397632
0.397600
0.397567
0.397535
0.397502
0.397470
0.397438
0.397405
0.397373
0.397341
0.397309
0.397276
0.397244
0.397212
0.397180
0.397148
0.397116
0.397084
0.397052
0.397020
0.396989
0.396957
0.396925
0.396893
0.396862
0.396830
0.396798
0.396767
0.396735
0.396704
0.396672
0.396641
0.396610
0.396578
0.396547
0.396516
0.396485
0.396454
0.396422
0.396391
0.396360
0.396329
0.396298
0.396267
0.396236
0.396206
0.396175
0.396144
0.396113
0.396082
0.396052
0.396021
0.395990
0.395960
0.395929
0.395899
0.395868
0.395838
0.395808
0.395777
0.395747
0.395717
0.395686
0.395656
0.395626
0.395596
0.395566
0.395536
0.395506
0.395476
0.395446
0.395416
0.395386
0.395356
0.395326
0.395296
0.395266
0.395237
0.395207
0.395177
0.395148
0.395118
0.395088
0.395059
0.395029
0.395000
0.394971
0.394941
0.394912
0.394882
0.394853
0.394824
0.394795
0.394765
0.394736
0.394707
0.394678
0.394649
0.394620
0.394591
0.394562
0.394533
0.394504
0.394475
0.394446
0.394417
0.394389
0.394360
0.394331
0.394303
0.394274
0.394245
0.394217
0.394188
0.394159
0.394131
0.394102
0.394074
0.394046
0.394017
0.393989
0.393961
0.393932
0.393904
0.393876
0.393847
0.393819
0.393791
0.393763
0.393735
0.393707
0.393679
0.393651
0.393623
0.393595
0.393567
0.393539
0.393511
0.393483
0.393456
0.393428
0.393400
0.393372
0.393345
0.393317
0.393289
0.393262
0.393234
0.393207
0.393179
0.393151
0.393124
0.393097
0.393069
0.393042
0.393014
0.392987
0.392960
0.392932
0.392905
0.392878
0.392851
0.392824
0.392796
0.392769
0.392742
0.392715
0.392688
0.392661
0.392634
0.392607
0.392580
0.392553
0.392526
0.392499
0.392473
0.392446
0.392419
0.392392
0.392365
0.392339
0.392312
0.392285
0.392259
0.392232
0.392206
0.392179
0.392152
0.392126
0.392099
0.392073
0.392047
0.392020
0.391994
0.391967
0.391941
0.391915
0.391888
0.391862
0.391836
0.391810
0.391783
0.391757
0.391731
0.391705
0.391679
0.391653
0.391653
0.391627
0.391601
0.391575
0.391549
0.391523
0.391497
0.391471
0.391445
0.391419
0.391393
0.391367
0.391341
0.391316
0.391290
0.391264
0.391238
0.391213
0.391187
0.391161
0.391136
0.391110
0.391084
0.391059
0.391033
0.391008
0.390982
0.390957
0.390931
0.390906
0.390880
0.390855
0.390829
0.390804
0.390779
0.390753
0.390728
0.390703
0.390678
0.390652
0.390627
0.390602
0.390577
0.390552
0.390526
0.390501
0.390476
0.390451
0.390426
0.390401
0.390376
0.390351
0.390326
0.390301
0.390276
0.390251
0.390226
0.390201
0.390177
0.390152
0.390127
0.390102
0.390077
0.390053
0.390028
0.390003
0.389978
0.389954
0.389929
0.389904
0.389880
0.389855
0.389831
0.389806
0.389781
0.389757
0.389732
0.389708
0.389683
0.389659
0.389634
0.389610
0.389586
0.389561
0.389537
0.389512
0.389488
0.389464
0.389439
0.389415
0.389391
0.389367
0.389342
0.389318
0.389294
0.389270
0.389246
0.389222
0.389197
0.389173
0.389149
0.389125
0.389101
0.389077
0.389053
0.389029
0.389005
0.388981
0.388957
0.388933
0.388909
0.388885
0.388861
0.388838
0.388814
0.388790
0.388766
0.388742
0.388719
0.388695
0.388671
0.388647
0.388624
0.388600
0.388576
0.388552
0.388529
0.388505
0.388482
0.388458
0.388434
0.388411
0.388387
0.388364
0.388340
0.388317
0.388293
0.388270
0.388246
0.388223
0.388199
0.388176
0.388153
0.388129
0.388106
0.388082
0.388059
0.388036
0.388012
0.387989
0.387966
0.387943
0.387919
0.387896
0.387873
0.387850
0.387827
0.387803
0.387780
0.387757
0.387734
0.387711
0.387688
0.387665
0.387642
0.387619
0.387596
0.387573
0.387550
0.387527
0.387504
0.387481
0.387458
0.387435
0.387412
0.387389
0.387366
0.387343
0.387320
0.387297
0.387275
0.387252
0.387229
0.387206
0.387183
0.387161
0.387138
0.387115
0.387092
0.387070
0.387047
0.387024
0.387002
0.386979
0.386956
0.386934
0.386911
0.386889
0.386866
0.386844
0.386821
0.386798
0.386776
0.386753
0.386731
0.386708
0.386686
0.386664
0.386641
0.386619
0.386596
0.386574
0.386551
0.386529
0.386507
0.386484
0.386462
0.386440
0.386417
0.386395
0.386373
0.386351
0.386328
0.386306
0.386284
0.386262
0.386240
0.386217
0.386195
0.386173
0.386151
0.386129
0.386107
0.386084
0.386062
0.386040
0.386018
0.385996
0.385974
0.385952
0.385930
0.385908
0.385886
0.385864
0.385842
0.385820
0.385798
0.385776
0.385754
0.385733
0.385711
0.385689
0.385667
0.385645
0.385623
0.385601
0.385580
0.385558
0.385536
0.385514
0.385492
0.385471
0.385449
0.385427
0.385406
0.385384
0.385362
0.385340
0.385319
0.385297
0.385275
0.385254
0.385232
0.385211
0.385189
0.385167
0.385146
0.385124
0.385103
0.385081
0.385060
0.385038
0.385017
0.384995
0.384974
0.384952
0.384931
0.384909
0.384888
0.384867
0.384845
0.384824
0.384802
0.384781
0.384760
0.384738
0.384717
0.384696
0.384674
0.384653
0.384632
0.384611
0.384589
0.384568
0.384547
0.384526
0.384504
0.384483
0.384462
0.384441
0.384420
0.384399
0.384377
0.384356
0.384335
0.384314
0.384293
0.384272
0.384251
0.384230
0.384209
0.384188
0.384167
0.384146
0.384125
0.384104
0.384083
0.384062
0.384041
0.384020
0.383999
0.383978
0.383957
0.383936
0.383915
0.383894
0.383873
0.383852
0.383832
0.383811
0.383790
0.383769
0.383748
0.383728
0.383707
0.383686
0.383665
0.383644
0.383624
0.383603
0.383582
0.383562
0.383541
0.383520
0.383499
0.383479
0.383458
0.383437
0.383417
0.383396
0.383376
0.383355
0.383334
0.383314
0.383293
0.383273
0.383252
0.383232
0.383211
0.383191
0.383170
0.383150
0.383129
0.383109
0.383088
0.383068
0.383047
0.383027
0.383006
0.382986
0.382966
0.382945
0.382925
0.382904
0.382884
0.382864
0.382843
0.382823
0.382803
0.382782
0.382762
0.382742
0.382722
0.382701
0.382681
0.382661
0.382641
0.382620
0.382600
0.382580
0.382560
0.382539
0.382519
0.382499
0.382479
0.382459
0.382439
0.382419
0.382398
0.382378
0.382358
0.382338
0.382318
0.382298
0.382278
0.382258
0.382238
0.382218
0.382198
0.382178
0.382158
0.382138
0.382118
0.382098
0.382078
0.382058
0.382038
0.382018
0.381998
0.381978
0.381958
0.381938
0.381919
0.381899
0.381879
0.381859
0.381839
0.381819
0.381799
0.381780
0.381760
0.381740
0.381720
0.381701
0.381681
0.381661
0.381641
0.381622
0.381602
0.381582
0.381562
0.381543
0.381523
0.381503
0.381484
0.381464
0.381444
0.381425
0.381405
0.381385
0.381366
0.381346
0.381327
0.381307
0.381287
0.381268
0.381248
0.381229
0.381209
0.381190
0.381170
0.381151
0.381131
0.381112
0.381092
0.381073
0.381053
0.381034
0.381014
0.380995
0.380975
0.380956
0.380937
0.380917
0.380898
0.380878
0.380859
0.380840
0.380820
0.380801
0.380782
0.380762
0.380743
0.380724
0.380704
0.380685
0.380666
0.380646
0.380627
0.380608
0.380608
0.380589
0.380569
0.380550
0.380531
0.380512
0.380493
0.380473
0.380454
0.380435
0.380416
0.380397
0.380377
0.380358
0.380339
0.380320
0.380301
0.380282
0.380263
0.380244
0.380225
0.380205
0.380186
0.380167
0.380148
0.380129
0.380110
0.380091
0.380072
0.380053
0.380034
0.380015
0.379996
0.379977
0.379958
0.379939
0.379920
0.379901
0.379882
0.379863
0.379845
0.379826
0.379807
0.379788
0.379769
0.379750
0.379731
0.379712
0.379694
0.379675
0.379656
0.379637
0.379618
0.379599
0.379581
0.379562
0.379543
0.379524
0.379505
0.379487
0.379468
0.379449
0.379430
0.379412
0.379393
0.379374
0.379356
0.379337
0.379318
0.379300
0.379281
0.379262
0.379244
0.379225
0.379206
0.379188
0.379169
0.379150
0.379132
0.379113
0.379095
0.379076
0.379057
0.379039
0.379020
0.379002
0.378983
0.378965
0.378946
0.378928
0.378909
0.378891
0.378872
0.378854
0.378835
0.378817
0.378798
0.378780
0.378761
0.378743
0.378724
0.378706
0.378688
0.378669
0.378651
0.378632
0.378614
0.378596
0.378577
0.378559
0.378540
0.378522
0.378504
0.378485
0.378467
0.378449
0.378430
0.378412
0.378394
0.378376
0.378357
0.378339
0.378321
0.378302
0.378284
0.378266
0.378248
0.378229
0.378211
0.378193
0.378175
0.378157
0.378138
0.378120
0.378102
0.378084
0.378066
0.378048
0.378029
0.378011
0.377993
0.377975
0.377957
0.377939
0.377921
0.377903
0.377884
0.377866
0.377848
0.377830
0.377812
0.377794
0.377776
0.377758
0.377740
0.377722
0.377704
0.377686
0.377668
0.377650
0.377632
0.377614
0.377596
0.377578
0.377560
0.377542
0.377524
0.377506
0.377488
0.377470
0.377452
0.377434
0.377417
0.377399
0.377381
0.377363
0.377345
0.377327
0.377309
0.377291
0.377274
0.377256
0.377238
0.377220
0.377202
0.377184
0.377167
0.377149
0.377131
0.377113
0.377095
0.377078
0.377060
0.377042
0.377024
0.377007
0.376989
0.376971
0.376953
0.376936
0.376918
0.376900
0.376883
0.376865
0.376847
0.376829
0.376812
0.376794
0.376776
0.376759
0.376741
0.376724
0.376706
0.376688
0.376671
0.376653
0.376635
0.376618
0.376600
0.376583
0.376565
0.376548
0.376530
0.376512
0.376495
0.376477
0.376460
0.376442
0.376425
0.376407
0.376390
0.376372
0.376355
0.376337
0.376320
0.376302
0.376285
0.376267
0.376250
0.376232
0.376215
0.376197
0.376180
0.376163
0.376145
0.376128
0.376110
0.376093
0.376075
0.376058
0.376041
0.376023
0.376006
0.375989
0.375971
0.375954
0.375936
0.375919
0.375902
0.375884
0.375867
0.375850
0.375833
0.375815
0.375798
0.375781
0.375763
0.375746
0.375729
0.375712
0.375694
0.375677
0.375660
0.375643
0.375625
0.375608
0.375591
0.375574
0.375556
0.375539
0.375522
0.375505
0.375488
0.375470
0.375453
0.375436
0.375419
0.375402
0.375385
0.375367
0.375350
0.375333
0.375316
0.375299
0.375282
0.375265
0.375248
0.375231
0.375213
0.375196
0.375179
0.375162
0.375145
0.375128
0.375111
0.375094
0.375077
0.375060
0.375043
0.375026
0.375009
0.374992
0.374975
0.374958
0.374941
0.374924
0.374907
0.374890
0.374873
0.374856
0.374839
0.374822
0.374805
0.374788
0.374771
0.374754
0.374737
0.374721
0.374704
0.374687
0.374670
0.374653
0.374636
0.374619
0.374602
0.374585
0.374569
0.374552
0.374535
0.374518
0.374501
0.374484
0.374468
0.374451
0.374434
0.374417
0.374400
0.374383
0.374367
0.374350
0.374333
0.374316
0.374300
0.374283
0.374266
0.374249
0.374233
0.374216
0.374199
0.374182
0.374166
0.374149
0.374132
0.374116
0.374099
0.374082
0.374065
0.374049
0.374032
0.374015
0.373999
0.373982
0.373965
0.373949
0.373932
0.373916
0.373899
0.373882
0.373866
0.373849
0.373832
0.373816
0.373799
0.373783
0.373766
0.373750
0.373733
0.373716
0.373700
0.373683
0.373667
0.373650
0.373634
0.373617
0.373601
0.373584
0.373568
0.373551
0.373535
0.373518
0.373502
0.373485
0.373469
0.373452
0.373436
0.373419
0.373403
0.373386
0.373370
0.373353
0.373337
0.373320
0.373304
0.373288
0.373271
0.373255
0.373238
0.373222
0.373206
0.373189
0.373173
0.373156
0.373140
0.373124
0.373107
0.373091
0.373075
0.373058
0.373042
0.373026
0.373009
0.372993
0.372977
0.372960
0.372944
0.372928
0.372912
0.372895
0.372879
0.372863
0.372846
0.372830
0.372814
0.372798
0.372781
0.372765
0.372749
0.372733
0.372716
0.372700
0.372684
0.372668
0.372652
0.372635
0.372619
0.372603
0.372587
0.372571
0.372555
0.372538
0.372522
0.372506
0.372490
0.372474
0.372458
0.372442
0.372425
0.372409
0.372393
0.372377
0.372361
0.372345
0.372329
0.372313
0.372297
0.372281
0.372264
0.372248
0.372232
0.372216
0.372200
0.372184
0.372168
0.372152
0.372136
0.372120
0.372104
0.372088
0.372072
0.372056
0.372040
0.372024
0.372008
0.371992
0.371976
0.371960
0.371944
0.371928
0.371912
0.371896
0.371896
0.371880
0.371865
0.371849
0.371833
0.371817
0.371801
0.371785
0.371769
0.371753
0.371737
0.371721
0.371706
0.371690
0.371674
0.371658
0.371642
0.371626
0.371610
0.371595
0.371579
0.371563
0.371547
0.371531
0.371515
0.371500
0.371484
0.371468
0.371452
0.371436
0.371421
0.371405
0.371389
0.371373
0.371358
0.371342
0.371326
0.371310
0.371295
0.371279
0.371263
0.371247
0.371232
0.371216
0.371200
0.371185
0.371169
0.371153
0.371138
0.371122
0.371106
0.371091
0.371075
0.371059
0.371044
0.371028
0.371012
0.370997
0.370981
0.370965
0.370950
0.370934
0.370919
0.370903
0.370887
0.370872
0.370856
0.370841
0.370825
0.370810
0.370794
0.370779
0.370763
0.370747
0.370732
0.370716
0.370701
0.370685
0.370670
0.370654
0.370639
0.370623
0.370608
0.370592
0.370577
0.370561
0.370546
0.370530
0.370515
0.370500
0.370484
0.370469
0.370453
0.370438
0.370422
0.370407
0.370392
0.370376
0.370361
0.370345
0.370330
0.370315
0.370299
0.370284
0.370268
0.370253
0.370238
0.370222
0.370207
0.370192
0.370176
0.370161
0.370146
0.370130
0.370115
0.370100
0.370084
0.370069
0.370054
0.370039
0.370023
0.370008
0.369993
0.369977
0.369962
0.369947
0.369932
0.369916
0.369901
0.369886
0.369871
0.369856
0.369840
0.369825
0.369810
0.369795
0.369780
0.369764
0.369749
0.369734
0.369719
0.369704
0.369689
0.369673
0.369658
0.369643
0.369628
0.369613
0.369598
0.369583
0.369568
0.369552
0.369537
0.369522
0.369507
0.369492
0.369477
0.369462
0.369447
0.369432
0.369417
0.369402
0.369387
0.369372
0.369357
0.369342
0.369327
0.369312
0.369297
0.369282
0.369267
0.369252
0.369237
0.369222
0.369207
0.369192
0.369177
0.369162
0.369147
0.369132
0.369117
0.369102
0.369087
0.369072
0.369057
0.369042
0.369027
0.369013
0.368998
0.368983
0.368968
0.368953
0.368938
0.368923
0.368908
0.368894
0.368879
0.368864
0.368849
0.368834
0.368820
0.368805
0.368790
0.368775
0.368760
0.368746
0.368731
0.368716
0.368701
0.368686
0.368672
0.368657
0.368642
0.368627
0.368613
0.368598
0.368583
0.368569
0.368554
0.368539
0.368524
0.368510
0.368495
0.368480
0.368466
0.368451
0.368436
0.368422
0.368407
0.368392
0.368378
0.368363
0.368349
0.368334
0.368319
0.368305
0.368290
0.368275
0.368261
0.368246
0.368232
0.368217
0.368203
0.368188
0.368173
0.368159
0.368144
0.368130
0.368115
0.368101
0.368086
0.368072
0.368057
0.368043
0.368028
0.368014
0.367999
0.367985
0.367970
0.367956
0.367941
0.367927
0.367913
0.367898
0.367884
0.367869
0.367855
0.367840
0.367826
0.367812
0.367797
0.367783
0.367769
0.367754
0.367740
0.367725
0.367711
0.367697
0.367682
0.367668
0.367654
0.367639
0.367625
0.367611
0.367597
0.367582
0.367568
0.367554
0.367539
0.367525
0.367511
0.367497
0.367482
0.367468
0.367454
0.367440
0.367425
0.367411
0.367397
0.367383
0.367369
0.367354
0.367340
0.367326
0.367312
0.367298
0.367284
0.367269
0.367255
0.367241
0.367227
0.367213
0.367199
0.367185
0.367171
0.367156
0.367142
0.367128
0.367114
0.367100
0.367086
0.367072
0.367058
0.367044
0.367030
0.367016
0.367002
0.366988
0.366974
0.366960
0.366946
0.366932
0.366918
0.366904
0.366890
0.366876
0.366862
0.366848
0.366834
0.366820
0.366806
0.366792
0.366778
0.366764
0.366751
0.366737
0.366723
0.366709
0.366695
0.366681
0.366667
0.366653
0.366640
0.366626
0.366612
0.366598
0.366584
0.366570
0.366557
0.366543
0.366529
0.366515
0.366502
0.366488
0.366474
0.366460
0.366446
0.366433
0.366419
0.366405
0.366392
0.366378
0.366364
0.366350
0.366337
0.366323
0.366309
0.366296
0.366282
0.366268
0.366255
0.366241
0.366228
0.366214
0.366200
0.366187
0.366173
0.366159
0.366146
0.366132
0.366119
0.366105
0.366092
0.366078
0.366065
0.366051
0.366038
0.366024
0.366010
0.365997
0.365983
0.365970
0.365957
0.365943
0.365930
0.365916
0.365903
0.365889
0.365876
0.365862
0.365849
0.365836
0.365822
0.365809
0.365795
0.365782
0.365769
0.365755
0.365742
0.365729
0.365715
0.365702
0.365689
0.365675
0.365662
0.365649
0.365635
0.365622
0.365609
0.365595
0.365582
0.365569
0.365556
0.365542
0.365529
0.365516
0.365503
0.365490
0.365476
0.365463
0.365450
0.365437
0.365424
0.365411
0.365397
0.365384
0.365371
0.365358
0.365345
0.365332
0.365319
0.365306
0.365292
0.365279
0.365266
0.365253
0.365240
0.365227
0.365214
0.365201
0.365188
0.365175
0.365162
0.365149
0.365136
0.365123
0.365110
0.365097
0.365084
0.365071
0.365058
0.365046
0.365033
0.365020
0.365007
0.364994
0.364981
0.364968
0.364955
0.364943
0.364930
0.364917
0.364904
0.364891
0.364878
0.364866
0.364853
0.364840
0.364827
0.364815
0.364802
0.364789
0.364776
0.364764
0.364751
0.364738
0.364725
0.364713
0.364700
0.364687
0.364687
0.364675
0.364662
0.364649
0.364637
0.364624
0.364612
0.364599
0.364586
0.364574
0.364561
0.364549
0.364536
0.364524
0.364511
0.364499
0.364486
0.364474
0.364461
0.364449
0.364436
0.364424
0.364411
0.364399
0.364386
0.364374
0.364361
0.364349
0.364337
0.364324
0.364312
0.364299
0.364287
0.364275
0.364262
0.364250
0.364238
0.364225
0.364213
0.364201
0.364189
0.364176
0.364164
0.364152
0.364140
0.364127
0.364115
0.364103
0.364091
0.364079
0.364066
0.364054
0.364042
0.364030
0.364018
0.364006
0.363994
0.363982
0.363969
0.363957
0.363945
0.363933
0.363921
0.363909
0.363897
0.363885
0.363873
0.363861
0.363849
0.363837
0.363825
0.363813
0.363801
0.363789
0.363778
0.363766
0.363754
0.363742
0.363730
0.363718
0.363706
0.363695
0.363683
0.363671
0.363659
0.363647
0.363636
0.363624
0.363612
0.363600
0.363589
0.363577
0.363565
0.363554
0.363542
0.363530
0.363519
0.363507
0.363495
0.363484
0.363472
0.363461
0.363449
0.363437
0.363426
0.363414
0.363403
0.363391
0.363380
0.363368
0.363357
0.363345
0.363334
0.363323
0.363311
0.363300
0.363288
0.363277
0.363266
0.363254
0.363243
0.363232
0.363220
0.363209
0.363198
0.363186
0.363175
0.363164
0.363153
0.363142
0.363130
0.363119
0.363108
0.363097
0.363086
0.363075
0.363063
0.363052
0.363041
0.363030
0.363019
0.363008
0.362997
0.362986
0.362975
0.362964
0.362953
0.362942
0.362931
0.362920
0.362909
0.362898
0.362888
0.362877
0.362866
0.362855
0.362844
0.362833
0.362823
0.362812
0.362801
0.362790
0.362780
0.362769
0.362758
0.362748
0.362737
0.362726
0.362716
0.362705
0.362694
0.362684
0.362673
0.362663
0.362652
0.362642
0.362631
0.362621
0.362610
0.362600
0.362589
0.362579
0.362569
0.362558
0.362548
0.362537
0.362527
0.362517
0.362507
0.362496
0.362486
0.362476
0.362466
0.362455
0.362445
0.362435
0.362425
0.362415
0.362405
0.362395
0.362384
0.362374
0.362364
0.362354
0.362344
0.362334
0.362324
0.362314
0.362305
0.362295
0.362285
0.362275
0.362265
0.362255
0.362245
0.362236
0.362226
0.362216
0.362206
0.362197
0.362187
0.362177
0.362168
0.362158
0.362149
0.362139
0.362129
0.362120
0.362110
0.362101
0.362091
0.362082
0.362073
0.362063
0.362054
0.362044
0.362035
0.362026
0.362017
0.362007
0.361998
0.361989
0.361980
0.361970
0.361961
0.361952
0.361943
0.361934
0.361925
0.361916
0.361907
0.361898
0.361889
0.361880
0.361871
0.361862
0.361853
0.361844
0.361836
0.361827
0.361818
0.361809
0.361801
0.361792
0.361783
0.361775
0.361766
0.361757
0.361749
0.361740
0.361732
0.361723
0.361715
0.361707
0.361698
0.361690
0.361681
0.361673
0.361665
0.361657
0.361648
0.361640
0.361632
0.361624
0.361616
0.361608
0.361600
0.361592
0.361584
0.361576
0.361568
0.361560
0.361552
0.361544
0.361536
0.361528
0.361521
0.361513
0.361505
0.361497
0.361490
0.361482
0.361475
0.361467
0.361460
0.361452
0.361445
0.361437
0.361430
0.361423
0.361415
0.361408
0.361401
0.361394
0.361386
0.361379
0.361372
0.361365
0.361358
0.361351
0.361344
0.361337
0.361330
0.361323
0.361316
0.361310
0.361303
0.361296
0.361289
0.361283
0.361276
0.361270
0.361263
0.361257
0.361250
0.361244
0.361237
0.361231
0.361225
0.361218
0.361212
0.361206
0.361200
0.361194
0.361188
0.361182
0.361176
0.361170
0.361164
0.361158
0.361152
0.361146
0.361141
0.361135
0.361129
0.361124
0.361118
0.361112
0.361107
0.361101
0.361096
0.361091
0.361085
0.361080
0.361075
0.361070
0.361065
0.361059
0.361054
0.361049
0.361044
0.361040
0.361035
0.361030
0.361025
0.361020
0.361016
0.361011
0.361006
0.361002
0.360997
0.360993
0.360989
0.360984
0.360980
0.360976
0.360971
0.360967
0.360963
0.360959
0.360955
0.360951
0.360947
0.360943
0.360940
0.360936
0.360932
0.360929
0.360925
0.360921
0.360918
0.360915
0.360911
0.360908
0.360905
0.360901
0.360898
0.360895
0.360892
0.360889
0.360886
0.360883
0.360880
0.360878
0.360875
0.360872
0.360870
0.360867
0.360865
0.360862
0.360860
0.360857
0.360855
0.360853
0.360851
0.360849
0.360847
0.360845
0.360843
0.360841
0.360839
0.360837
0.360836
0.360834
0.360833
0.360831
0.360830
0.360828
0.360827
0.360826
0.360824
0.360823
0.360822
0.360821
0.360820
0.360819
0.360819
0.360818
0.360817
0.360816
0.360816
0.360815
0.360815
0.360815
0.360814
0.360814
0.360814
0.360814
0.360814
0.360814
0.360814
0.360814
0.360814
0.360814
0.360815
0.360815
0.360815
0.360816
0.360816
0.360817
0.360818
0.360819
0.360819
0.360820
0.360821
0.360822
0.360823
0.360825
0.360826
0.360827
0.360828
0.360830
0.360831
0.360833
0.360834
0.360837
0.360836
0.360844
0.360834
0.360857
0.360818
0.360896
0.360734
0.360999
0.360319
0.361094
0.359354
0.360267
0.358712
0.359274
0.359274
0.358334
0.359024
0.358485
0.359171
0.358775
0.359350
0.358979
0.359448
0.359072
0.359477
0.359096
0.359473
0.359087
0.359455
0.359062
0.359427
0.359024
0.359384
0.358972
0.359327
0.358908
0.359257
0.358839
0.359182
0.358770
0.359107
0.358707
0.359040
0.358655
0.358984
0.358615
0.358939
0.358587
0.358906
0.358571
0.358884
0.358563
0.358871
0.358562
0.358864
0.358566
0.358862
0.358573
0.358863
0.358581
0.358865
0.358589
0.358867
0.358597
0.358869
0.358602
0.358870
0.358605
0.358869
0.358607
0.358866
0.358605
0.358862
0.358601
0.358855
0.358595
0.358845
0.358587
0.358834
0.358576
0.358822
0.358564
0.358807
0.358549
0.358791
0.358534
0.358773
0.358516
0.358754
0.358498
0.358733
0.358478
0.358712
0.358458
0.358690
0.358436
0.358666
0.358414
0.358642
0.358392
0.358618
0.358369
0.358593
0.358345
0.358567
0.358321
0.358541
0.358297
0.358515
0.358272
0.358489
0.358247
0.358462
0.358222
0.358435
0.358197
0.358408
0.358171
0.358381
0.358146
0.358354
0.358120
0.358326
0.358094
0.358299
0.358069
0.358272
0.358043
0.358244
0.358017
0.358217
0.357990
0.358190
0.357964
0.358162
0.357938
0.358135
0.357912
0.358108
0.357886
0.358080
0.357860
0.358053
0.357833
0.358026
0.357807
0.357999
0.357781
0.357971
0.357755
0.357944
0.357728
0.357917
0.357702
0.357890
0.357676
0.357862
0.357649
0.357835
0.357623
0.357808
0.357597
0.357781
0.357571
0.357753
0.357545
0.357726
0.357518
0.357699
0.357492
0.357672
0.357466
0.357644
0.357440
0.357617
0.357414
0.357590
0.357388
0.357563
0.357362
0.357536
0.357336
0.357509
0.357310
0.357482
0.357285
0.357455
0.357259
0.357428
0.357233
0.357402
0.357208
0.357375
0.357182
0.357348
0.357156
0.357322
0.357131
0.357295
0.357105
0.357268
0.357080
0.357242
0.357055
0.357216
0.357029
0.357189
0.357004
0.357163
0.356979
0.357137
0.356954
0.357110
0.356929
0.357084
0.356904
0.357058
0.356879
0.357032
0.356854
0.357006
0.356829
0.356980
0.356804
0.356954
0.356779
0.356928
0.356754
0.356903
0.356729
0.356877
0.356704
0.356851
0.356680
0.356825
0.356655
0.356800
0.356630
0.356774
0.356606
0.356749
0.356581
0.356723
0.356557
0.356697
0.356532
0.356672
0.356508
0.356647
0.356483
0.356621
0.356459
0.356596
0.356434
0.356570
0.356410
0.356545
0.356386
0.356520
0.356362
0.356495
0.356337
0.356469
0.356313
0.356444
0.356289
0.356419
0.356265
0.356394
0.356241
0.356369
0.356217
0.356344
0.356193
0.356319
0.356169
0.356294
0.356145
0.356269
0.356121
0.356244
0.356097
0.356219
0.356073
0.356194
0.356050
0.356170
0.356026
0.356145
0.356002
0.356120
0.355978
0.356095
0.355955
0.356071
0.355931
0.356046
0.355907
0.356022
0.355884
0.355997
0.355860
0.355972
0.355837
0.355948
0.355813
0.355923
0.355790
0.355899
0.355767
0.355875
0.355743
0.355850
0.355720
0.355826
0.355697
0.355802
0.355673
0.355777
0.355650
0.355753
0.355627
0.355729
0.355603
0.355705
0.355580
0.355680
0.355557
0.355656
0.355534
0.355632
0.355511
0.355608
0.355488
0.355584
0.355465
0.355560
0.355442
0.355536
0.355419
0.355512
0.355395
0.355488
0.355372
0.355464
0.355350
0.355440
0.355327
0.355416
0.355304
0.355392
0.355281
0.355368
0.355258
0.355344
0.355235
0.355320
0.355212
0.355297
0.355189
0.355273
0.355166
0.355249
0.355144
0.355225
0.355121
0.355201
0.355098
0.355178
0.355075
0.355154
0.355053
0.355130
0.355030
0.355107
0.355007
0.355083
0.354984
0.355059
0.354962
0.355036
0.354939
0.355012
0.354916
0.354988
0.354894
0.354965
0.354871
0.354941
0.354849
0.354918
0.354826
0.354894
0.354804
0.354871
0.354781
0.354847
0.354758
0.354824
0.354736
0.354800
0.354713
0.354777
0.354691
0.354753
0.354668
0.354730
0.354646
0.354706
0.354624
0.354683
0.354601
0.354659
0.354579
0.354636
0.354556
0.354613
0.354534
0.354589
0.354511
0.354566
0.354489
0.354543
0.354467
0.354519
0.354444
0.354496
0.354422
0.354473
0.354400
0.354449
0.354377
0.354426
0.354355
0.354403
0.354333
0.354379
0.354310
0.354356
0.354288
0.354333
0.354266
0.354310
0.354243
0.354287
0.354221
0.354263
0.354199
0.354240
0.354177
0.354217
0.354154
0.354194
0.354132
0.354170
0.354110
0.354147
0.354088
0.354124
0.354065
0.354101
0.354043
0.354078
0.354021
0.354055
0.353999
0.354031
0.353976
0.354008
0.353954
0.353985
0.353932
0.353962
0.353910
0.353939
0.353888
0.353916
0.353865
0.353893
0.353843
0.353870
0.353821
0.353846
0.353799
0.353823
0.353776
0.353800
0.353754
0.353777
0.353732
0.353754
0.353710
0.353731
0.353687
0.353708
0.353665
0.353685
0.353643
0.353662
0.353621
0.353639
0.353599
0.353616
0.353576
0.353593
0.353554
0.353569
0.353532
0.353546
0.353509
0.353523
0.353487
0.353500
0.353465
0.353465
0.353477
0.353443
0.353454
0.353420
0.353431
0.353398
0.353408
0.353376
0.353385
0.353353
0.353362
0.353331
0.353339
0.353309
0.353316
0.353286
0.353293
0.353264
0.353270
0.353242
0.353247
0.353219
0.353224
0.353197
0.353201
0.353174
0.353178
0.353152
0.353155
0.353130
0.353132
0.353107
0.353109
0.353085
0.353086
0.353062
0.353063
0.353040
0.353040
0.353017
0.353016
0.352995
0.352993
0.352972
0.352970
0.352950
0.352947
0.352927
0.352924
0.352905
0.352901
0.352882
0.352878
0.352859
0.352855
0.352837
0.352832
0.352814
0.352809
0.352791
0.352786
0.352769
0.352763
0.352746
0.352740
0.352724
0.352717
0.352701
0.352694
0.352678
0.352671
0.352655
0.352648
0.352633
0.352625
0.352610
0.352602
0.352587
0.352579
0.352565
0.352556
0.352542
0.352533
0.352519
0.352510
0.352496
0.352488
0.352474
0.352465
0.352451
0.352442
0.352428
0.352419
0.352405
0.352396
0.352382
0.352373
0.352359
0.352350
0.352337
0.352327
0.352314
0.352304
0.352291
0.352281
0.352268
0.352258
0.352245
0.352235
0.352222
0.352212
0.352200
0.352189
0.352177
0.352166
0.352154
0.352143
0.352131
0.352120
0.352108
0.352097
0.352085
0.352074
0.352062
0.352051
0.352040
0.352029
0.352017
0.352006
0.351994
0.351983
0.351971
0.351960
0.351948
0.351937
0.351925
0.351914
0.351902
0.351891
0.351880
0.351868
0.351857
0.351845
0.351834
0.351823
0.351811
0.351800
0.351788
0.351777
0.351765
0.351754
0.351742
0.351731
0.351720
0.351708
0.351697
0.351686
0.351674
0.351663
0.351651
0.351640
0.351628
0.351617
0.351606
0.351594
0.351583
0.351572
0.351560
0.351549
0.351537
0.351526
0.351515
0.351503
0.351492
0.351481
0.351469
0.351458
0.351447
0.351435
0.351424
0.351413
0.351401
0.351390
0.351379
0.351367
0.351356
0.351345
0.351333
0.351322
0.351311
0.351299
0.351288
0.351277
0.351266
0.351254
0.351243
0.351232
0.351221
0.351209
0.351198
0.351187
0.351176
0.351164
0.351153
0.351142
0.351131
0.351120
0.351108
0.351097
0.351086
0.351075
0.351064
0.351053
0.351041
0.351030
0.351019
0.351008
0.350997
0.350986
0.350975
0.350964
0.350953
0.350941
0.350930
0.350919
0.350908
0.350897
0.350886
0.350875
0.350864
0.350853
0.350842
0.350831
0.350820
0.350809
0.350798
0.350787
0.350777
0.350766
0.350755
0.350744
0.350733
0.350722
0.350711
0.350700
0.350690
0.350679
0.350668
0.350657
0.350646
0.350636
0.350625
0.350614
0.350603
0.350593
0.350582
0.350571
0.350561
0.350550
0.350539
0.350529
0.350518
0.350508
0.350497
0.350487
0.350476
0.350466
0.350455
0.350445
0.350434
0.350424
0.350413
0.350403
0.350392
0.350382
0.350372
0.350361
0.350351
0.350341
0.350330
0.350320
0.350310
0.350300
0.350290
0.350279
0.350269
0.350259
0.350249
0.350239
0.350229
0.350219
0.350209
0.350199
0.350189
0.350179
0.350169
0.350159
0.350149
0.350139
0.350130
0.350120
0.350110
0.350100
0.350091
0.350081
0.350071
0.350062
0.350052
0.350043
0.350033
0.350023
0.350014
0.350005
0.349995
0.349986
0.349976
0.349967
0.349958
0.349948
0.349939
0.349930
0.349921
0.349912
0.349903
0.349894
0.349885
0.349876
0.349867
0.349858
0.349849
0.349840
0.349831
0.349822
0.349814
0.349805
0.349796
0.349788
0.349779
0.349771
0.349762
0.349754
0.349745
0.349737
0.349728
0.349720
0.349712
0.349704
0.349696
0.349687
0.349679
0.349671
0.349663
0.349655
0.349648
0.349640
0.349632
0.349624
0.349616
0.349609
0.349601
0.349594
0.349586
0.349579
0.349571
0.349564
0.349557
0.349549
0.349542
0.349535
0.349528
0.349521
0.349514
0.349507
0.349500
0.349493
0.349487
0.349480
0.349473
0.349467
0.349460
0.349454
0.349447
0.349441
0.349435
0.349429
0.349422
0.349416
0.349410
0.349404
0.349399
0.349393
0.349387
0.349381
0.349376
0.349370
0.349365
0.349359
0.349354
0.349349
0.349343
0.349338
0.349333
0.349328
0.349323
0.349318
0.349314
0.349309
0.349304
0.349300
0.349295
0.349291
0.349286
0.349282
0.349278
0.349274
0.349270
0.349266
0.349262
0.349258
0.349255
0.349251
0.349248
0.349244
0.349241
0.349238
0.349234
0.349231
0.349228
0.349225
0.349223
0.349220
0.349217
0.349215
0.349212
0.349210
0.349207
0.349205
0.349203
0.349201
0.349199
0.349197
0.349195
0.349194
0.349192
0.349191
0.349189
0.349188
0.349187
0.349186
0.349185
0.349184
0.349183
0.349183
0.349182
0.349182
0.349181
0.349181
0.349180
0.349181
0.349180
0.349181
0.349180
0.349183
0.349179
0.349185
0.349178
0.349192
0.349171
0.349206
0.349150
0.349239
0.349084
0.349305
0.348865
0.349363
0.348323
0.349099
0.347753
0.348348
0.347323
0.347836
0.347229
0.347750
0.347393
0.347851
0.347595
0.347957
0.347735
0.348020
0.347812
0.348047
0.347850
0.348056
0.347868
0.348056
0.347872
0.348048
0.347863
0.348030
0.348030
0.347841
0.348003
0.347807
0.347968
0.347766
0.347931
0.347721
0.347895
0.347677
0.347863
0.347635
0.347836
0.347598
0.347814
0.347564
0.347797
0.347535
0.347783
0.347509
0.347771
0.347486
0.347759
0.347466
0.347747
0.347450
0.347735
0.347437
0.347723
0.347428
0.347712
0.347422
0.347701
0.347419
0.347690
0.347418
0.347680
0.347417
0.347671
0.347416
0.347661
0.347414
0.347651
0.347411
0.347639
0.347405
0.347627
0.347398
0.347614
0.347388
0.347600
0.347376
0.347585
0.347362
0.347569
0.347346
0.347553
0.347329
0.347537
0.347310
0.347520
0.347290
0.347502
0.347269
0.347485
0.347247
0.347467
0.347224
0.347448
0.347200
0.347429
0.347175
0.347410
0.347150
0.347389
0.347125
0.347368
0.347099
0.347346
0.347074
0.347323
0.347049
0.347300
0.347024
0.347277
0.346999
0.347253
0.346976
0.347230
0.346953
0.347206
0.346931
0.347183
0.346909
0.347159
0.346887
0.347137
0.346866
0.347114
0.346845
0.347092
0.346824
0.347070
0.346802
0.347048
0.346781
0.347026
0.346759
0.347004
0.346736
0.346982
0.346713
0.346960
0.346690
0.346938
0.346666
0.346916
0.346642
0.346894
0.346618
0.346872
0.346593
0.346850
0.346569
0.346827
0.346544
0.346804
0.346519
0.346781
0.346494
0.346758
0.346469
0.346735
0.346445
0.346712
0.346421
0.346689
0.346396
0.346666
0.346373
0.346643
0.346349
0.346620
0.346326
0.346597
0.346303
0.346574
0.346280
0.346551
0.346257
0.346529
0.346234
0.346506
0.346211
0.346484
0.346187
0.346461
0.346164
0.346439
0.346141
0.346416
0.346117
0.346394
0.346093
0.346371
0.346069
0.346349
0.346045
0.346326
0.346021
0.346303
0.345997
0.346280
0.345973
0.346257
0.345949
0.346235
0.345925
0.346212
0.345901
0.346189
0.345877
0.346166
0.345853
0.346143
0.345829
0.346120
0.345805
0.346097
0.345781
0.346075
0.345758
0.346052
0.345734
0.346029
0.345711
0.346007
0.345687
0.345984
0.345664
0.345961
0.345640
0.345939
0.345616
0.345916
0.345593
0.345893
0.345569
0.345871
0.345545
0.345848
0.345521
0.345825
0.345498
0.345803
0.345474
0.345780
0.345450
0.345757
0.345426
0.345734
0.345402
0.345711
0.345378
0.345689
0.345354
0.345666
0.345331
0.345643
0.345307
0.345620
0.345283
0.345597
0.345259
0.345575
0.345235
0.345552
0.345212
0.345529
0.345188
0.345507
0.345164
0.345484
0.345140
0.345461
0.345117
0.345438
0.345093
0.345416
0.345069
0.345393
0.345045
0.345370
0.345021
0.345347
0.344997
0.345324
0.344974
0.345302
0.344950
0.345279
0.344926
0.345256
0.344902
0.345233
0.344878
0.345210
0.344854
0.345187
0.344830
0.345164
0.344806
0.345142
0.344782
0.345119
0.344759
0.345096
0.344735
0.345073
0.344711
0.345050
0.344687
0.345027
0.344663
0.345004
0.344639
0.344981
0.344615
0.344959
0.344591
0.344936
0.344567
0.344913
0.344543
0.344890
0.344519
0.344867
0.344495
0.344844
0.344471
0.344821
0.344447
0.344798
0.344423
0.344775
0.344399
0.344752
0.344375
0.344729
0.344351
0.344706
0.344327
0.344683
0.344303
0.344660
0.344279
0.344637
0.344254
0.344614
0.344230
0.344591
0.344206
0.344568
0.344182
0.344545
0.344158
0.344521
0.344134
0.344498
0.344110
0.344475
0.344085
0.344452
0.344061
0.344429
0.344037
0.344406
0.344013
0.344383
0.343988
0.344360
0.343964
0.344336
0.343940
0.344313
0.343916
0.344290
0.343891
0.344267
0.343867
0.344243
0.343843
0.344220
0.343819
0.344197
0.343794
0.344174
0.343770
0.344150
0.343745
0.344127
0.343721
0.344104
0.343697
0.344081
0.343672
0.344057
0.343648
0.344034
0.343623
0.344010
0.343599
0.343987
0.343575
0.343964
0.343550
0.343940
0.343526
0.343917
0.343501
0.343894
0.343477
0.343870
0.343452
0.343847
0.343428
0.343823
0.343403
0.343800
0.343378
0.343776
0.343354
0.343753
0.343329
0.343729
0.343305
0.343706
0.343280
0.343682
0.343255
0.343658
0.343231
0.343635
0.343206
0.343611
0.343181
0.343588
0.343157
0.343564
0.343132
0.343540
0.343107
0.343517
0.343082
0.343493
0.343058
0.343469
0.343033
0.343446
0.343008
0.343422
0.342983
0.343398
0.342958
0.343374
0.342934
0.343351
0.342909
0.343327
0.342884
0.343303
0.342859
0.343279
0.342834
0.343256
0.342809
0.343232
0.342784
0.343208
0.342759
0.343184
0.342734
0.343160
0.342709
0.343136
0.342684
0.343112
0.342659
0.343088
0.342634
0.343064
0.342609
0.343040
0.342584
0.343016
0.342559
0.342992
0.342534
0.342968
0.342509
0.342944
0.342483
0.342920
0.342458
0.342896
0.342433
0.342872
0.342408
0.342848
0.342383
0.342824
0.342357
0.342800
0.342332
0.342775
0.342307
0.342751
0.342281
0.342727
0.342256
0.342703
0.342231
0.342679
0.342205
0.342654
0.342180
0.342630
0.342155
0.342606
0.342129
0.342581
0.342104
0.342557
0.342078
0.342533
0.342053
0.342508
0.342027
0.342484
0.342002
0.342002
0.342460
0.341976
0.342435
0.341951
0.342411
0.341925
0.342386
0.341900
0.342362
0.341874
0.342337
0.341848
0.342313
0.341823
0.342288
0.341797
0.342264
0.341771
0.342239
0.341746
0.342214
0.341720
0.342190
0.341694
0.342165
0.341669
0.342141
0.341643
0.342116
0.341617
0.342091
0.341591
0.342066
0.341565
0.342042
0.341539
0.342017
0.341514
0.341992
0.341488
0.341967
0.341462
0.341943
0.341436
0.341918
0.341410
0.341893
0.341384
0.341868
0.341358
0.341843
0.341332
0.341818
0.341306
0.341793
0.341280
0.341768
0.341253
0.341743
0.341227
0.341718
0.341201
0.341693
0.341175
0.341668
0.341149
0.341643
0.341123
0.341618
0.341096
0.341593
0.341070
0.341568
0.341044
0.341542
0.341018
0.341517
0.340991
0.341492
0.340965
0.341467
0.340939
0.341442
0.340912
0.341416
0.340886
0.341391
0.340859
0.341366
0.340833
0.341340
0.340806
0.341315
0.340780
0.341290
0.340753
0.341264
0.340727
0.341239
0.340700
0.341213
0.340674
0.341188
0.340647
0.341162
0.340620
0.341137
0.340594
0.341111
0.340567
0.341086
0.340540
0.341060
0.340514
0.341034
0.340487
0.341009
0.340460
0.340983
0.340433
0.340957
0.340406
0.340932
0.340379
0.340906
0.340353
0.340880
0.340326
0.340854
0.340299
0.340828
0.340272
0.340803
0.340245
0.340777
0.340218
0.340751
0.340191
0.340725
0.340164
0.340699
0.340137
0.340673
0.340110
0.340647
0.340082
0.340621
0.340055
0.340595
0.340028
0.340569
0.340001
0.340543
0.339974
0.340517
0.339946
0.340490
0.339919
0.340464
0.339892
0.340438
0.339864
0.340412
0.339837
0.340385
0.339810
0.340359
0.339782
0.340333
0.339755
0.340306
0.339727
0.340280
0.339700
0.340254
0.339672
0.340227
0.339645
0.340201
0.339617
0.340174
0.339589
0.340148
0.339562
0.340121
0.339534
0.340095
0.339506
0.340068
0.339479
0.340042
0.339451
0.340015
0.339423
0.339988
0.339395
0.339961
0.339368
0.339935
0.339340
0.339908
0.339312
0.339881
0.339284
0.339854
0.339256
0.339828
0.339228
0.339801
0.339200
0.339774
0.339172
0.339747
0.339144
0.339720
0.339116
0.339693
0.339088
0.339666
0.339060
0.339639
0.339031
0.339612
0.339003
0.339585
0.338975
0.339557
0.338947
0.339530
0.338918
0.339503
0.338890
0.339476
0.338862
0.339448
0.338833
0.339421
0.338805
0.339394
0.338777
0.339366
0.338748
0.339339
0.338720
0.339312
0.338691
0.339284
0.338662
0.339257
0.338634
0.339229
0.338605
0.339202
0.338577
0.339174
0.338548
0.339146
0.338519
0.339119
0.338490
0.339091
0.338462
0.339063
0.338433
0.339036
0.338404
0.339008
0.338375
0.338980
0.338346
0.338952
0.338317
0.338924
0.338288
0.338896
0.338259
0.338868
0.338230
0.338840
0.338201
0.338812
0.338172
0.338784
0.338143
0.338756
0.338114
0.338728
0.338085
0.338700
0.338055
0.338672
0.338026
0.338644
0.337997
0.338615
0.337968
0.338587
0.337938
0.338559
0.337909
0.338530
0.337879
0.338502
0.337850
0.338474
0.337820
0.338445
0.337791
0.338417
0.337761
0.338388
0.337732
0.338359
0.337702
0.338331
0.337672
0.338302
0.337643
0.338274
0.337613
0.338245
0.337583
0.338216
0.337553
0.338187
0.337524
0.338158
0.337494
0.338130
0.337464
0.338101
0.337434
0.338072
0.337404
0.338043
0.337374
0.338014
0.337344
0.337985
0.337314
0.337956
0.337284
0.337926
0.337254
0.337897
0.337223
0.337868
0.337193
0.337839
0.337163
0.337810
0.337133
0.337780
0.337102
0.337751
0.337072
0.337722
0.337041
0.337692
0.337011
0.337663
0.336981
0.337633
0.336950
0.337604
0.336919
0.337574
0.336889
0.337544
0.336858
0.337515
0.336828
0.337485
0.336797
0.337455
0.336766
0.337425
0.336735
0.337396
0.336705
0.337366
0.336674
0.337336
0.336643
0.337306
0.336612
0.337276
0.336581
0.337246
0.336550
0.337216
0.336519
0.337185
0.336488
0.337155
0.336457
0.337125
0.336425
0.337095
0.336394
0.337065
0.336363
0.337034
0.336332
0.337004
0.336300
0.336973
0.336269
0.336943
0.336238
0.336912
0.336206
0.336882
0.336175
0.336851
0.336143
0.336821
0.336112
0.336790
0.336080
0.336759
0.336049
0.336728
0.336017
0.336698
0.335985
0.336667
0.335953
0.336636
0.335922
0.336605
0.335890
0.336574
0.335858
0.336543
0.335826
0.336512
0.335794
0.336481
0.335762
0.336449
0.335730
0.336418
0.335698
0.336387
0.335666
0.336356
0.335634
0.336324
0.335601
0.336293
0.335569
0.336261
0.335537
0.336230
0.335504
0.336198
0.335472
0.336167
0.335440
0.336135
0.335407
0.336103
0.335375
0.336072
0.335342
0.336040
0.335310
0.336008
0.335277
0.335976
0.335244
0.335944
0.335212
0.335912
0.335179
0.335880
0.335146
0.335848
0.335113
0.335816
0.335080
0.335784
0.335047
0.335752
0.335014
0.335719
0.334981
0.335687
0.334948
0.335655
0.334915
0.335622
0.334882
0.335590
0.334849
0.335557
0.334815
0.335525
0.335525
0.334782
0.335492
0.334749
0.335460
0.334715
0.335427
0.334682
0.335394
0.334649
0.335361
0.334615
0.335328
0.334581
0.335295
0.334548
0.335262
0.334514
0.335229
0.334481
0.335196
0.334447
0.335163
0.334413
0.335130
0.334379
0.335097
0.334345
0.335063
0.334311
0.335030
0.334277
0.334997
0.334243
0.334963
0.334209
0.334930
0.334175
0.334896
0.334141
0.334863
0.334107
0.334829
0.334073
0.334795
0.334038
0.334761
0.334004
0.334728
0.333970
0.334694
0.333935
0.334660
0.333901
0.334626
0.333866
0.334592
0.333831
0.334558
0.333797
0.334523
0.333762
0.334489
0.333727
0.334455
0.333693
0.334421
0.333658
0.334386
0.333623
0.334352
0.333588
0.334317
0.333553
0.334283
0.333518
0.334248
0.333483
0.334213
0.333448
0.334179
0.333413
0.334144
0.333378
0.334109
0.333342
0.334074
0.333307
0.334039
0.333272
0.334004
0.333236
0.333969
0.333201
0.333934
0.333165
0.333899
0.333130
0.333864
0.333094
0.333828
0.333058
0.333793
0.333023
0.333757
0.332987
0.333722
0.332951
0.333686
0.332915
0.333651
0.332879
0.333615
0.332844
0.333579
0.332808
0.333544
0.332771
0.333508
0.332735
0.333472
0.332699
0.333436
0.332663
0.333400
0.332627
0.333364
0.332590
0.333328
0.332554
0.333291
0.332518
0.333255
0.332481
0.333219
0.332445
0.333182
0.332408
0.333146
0.332372
0.333109
0.332335
0.333073
0.332298
0.333036
0.332261
0.333000
0.332225
0.332963
0.332188
0.332926
0.332151
0.332889
0.332114
0.332852
0.332077
0.332815
0.332040
0.332778
0.332003
0.332741
0.331966
0.332704
0.331928
0.332666
0.331891
0.332629
0.331854
0.332592
0.331816
0.332554
0.331779
0.332517
0.331741
0.332479
0.331704
0.332441
0.331666
0.332403
0.331629
0.332366
0.331591
0.332328
0.331553
0.332290
0.331515
0.332252
0.331478
0.332214
0.331440
0.332176
0.331402
0.332137
0.331364
0.332099
0.331326
0.332061
0.331288
0.332022
0.331249
0.331984
0.331211
0.331945
0.331173
0.331907
0.331135
0.331868
0.331096
0.331829
0.331058
0.331791
0.331019
0.331752
0.330981
0.331713
0.330942
0.331674
0.330904
0.331635
0.330865
0.331596
0.330826
0.331556
0.330788
0.331517
0.330749
0.331478
0.330710
0.331438
0.330671
0.331399
0.330632
0.331359
0.330593
0.331319
0.330554
0.331280
0.330515
0.331240
0.330475
0.331200
0.330436
0.331160
0.330397
0.331120
0.330358
0.331080
0.330318
0.331040
0.330279
0.331000
0.330239
0.330960
0.330200
0.330919
0.330160
0.330879
0.330120
0.330838
0.330081
0.330798
0.330041
0.330757
0.330001
0.330716
0.329961
0.330676
0.329921
0.330635
0.329881
0.330594
0.329841
0.330553
0.329801
0.330512
0.329761
0.330471
0.329721
0.330429
0.329681
0.330388
0.329640
0.330347
0.329600
0.330305
0.329560
0.330264
0.329519
0.330222
0.329479
0.330180
0.329438
0.330139
0.329398
0.330097
0.329357
0.330055
0.329316
0.330013
0.329276
0.329971
0.329235
0.329929
0.329194
0.329887
0.329153
0.329844
0.329112
0.329802
0.329071
0.329760
0.329030
0.329717
0.328989
0.329675
0.328948
0.329632
0.328907
0.329589
0.328866
0.329546
0.328824
0.329503
0.328783
0.329460
0.328742
0.329417
0.328700
0.329374
0.328659
0.329331
0.328617
0.329288
0.328576
0.329245
0.328534
0.329201
0.328492
0.329158
0.328451
0.329114
0.328409
0.329070
0.328367
0.329027
0.328325
0.328983
0.328284
0.328939
0.328242
0.328895
0.328200
0.328851
0.328158
0.328807
0.328116
0.328762
0.328073
0.328718
0.328031
0.328674
0.327989
0.328629
0.327947
0.328585
0.327905
0.328540
0.327862
0.328495
0.327820
0.328451
0.327778
0.328406
0.327735
0.328361
0.327693
0.328316
0.327650
0.328271
0.327607
0.328225
0.327565
0.328180
0.327522
0.328135
0.327480
0.328089
0.327437
0.328044
0.327394
0.327998
0.327351
0.327952
0.327308
0.327906
0.327266
0.327861
0.327223
0.327815
0.327180
0.327768
0.327137
0.327722
0.327094
0.327676
0.327051
0.327630
0.327007
0.327583
0.326964
0.327537
0.326921
0.327490
0.326878
0.327443
0.326835
0.327397
0.326791
0.327350
0.326748
0.327303
0.326705
0.327256
0.326662
0.327209
0.326618
0.327161
0.326575
0.327114
0.326531
0.327067
0.326488
0.327019
0.326444
0.326971
0.326401
0.326924
0.326357
0.326876
0.326314
0.326828
0.326270
0.326780
0.326227
0.326732
0.326183
0.326683
0.326139
0.326635
0.326096
0.326587
0.326052
0.326538
0.326008
0.326489
0.325965
0.326441
0.325921
0.326392
0.325877
0.326343
0.325833
0.326294
0.325790
0.326244
0.325746
0.326195
0.325702
0.326145
0.325658
0.326096
0.325615
0.326046
0.325571
0.325996
0.325527
0.325946
0.325483
0.325896
0.325439
0.325846
0.325396
0.325795
0.325352
0.325745
0.325308
0.325694
0.325264
0.325643
0.325221
0.325592
0.325177
0.325541
0.325133
0.325489
0.325089
0.325438
0.325046
0.325386
0.325002
0.325002
0.325334
0.324959
0.325282
0.324915
0.325229
0.324871
0.325176
0.324828
0.325123
0.324784
0.325070
0.324741
0.325017
0.324697
0.324963
0.324654
0.324909
0.324610
0.324854
0.324567
0.324799
0.324523
0.324744
0.324480
0.324688
0.324436
0.324632
0.324392
0.324575
0.324349
0.324518
0.324305
0.324460
0.324260
0.324402
0.324216
0.324343
0.324171
0.324283
0.324125
0.324222
0.324078
0.324161
0.324031
0.324099
0.323983
0.324036
0.323933
0.323973
0.323882
0.323908
0.323829
0.323843
0.323774
0.323778
0.323716
0.323711
0.323657
0.323644
0.323596
0.323576
0.323532
0.323507
0.323466
0.323437
0.323398
0.323366
0.323327
0.323293
0.323255
0.323220
0.323182
0.323144
0.323106
0.323068
0.323029
0.322990
0.322950
0.322910
0.322869
0.322828
0.322787
0.322745
0.322703
0.322661
0.322618
0.322575
0.322531
0.322487
0.322443
0.322398
0.322353
0.322308
0.322262
0.322216
0.322169
0.322123
0.322076
0.322029
0.321981
0.321934
0.321886
0.321838
0.321790
0.321741
0.321693
0.321644
0.321595
0.321547
0.321498
0.321449
0.321400
0.321351
0.321303
0.321254
0.321205
0.321157
0.321108
0.321060
0.321012
0.320964
0.320917
0.320869
0.320822
0.320775
0.320729
0.320682
0.320636
0.320591
0.320546
0.320501
0.320456
0.320412
0.320368
0.320325
0.320282
0.320239
0.320197
0.320155
0.320114
0.320073
0.320032
0.319992
0.319952
0.319913
0.319874
0.319836
0.319798
0.319760
0.319723
0.319686
0.319650
0.319614
0.319579
0.319543
0.319508
0.319474
0.319440
0.319406
0.319373
0.319340
0.319307
0.319275
0.319242
0.319211
0.319179
0.319148
0.319117
0.319087
0.319057
0.319027
0.318997
0.318968
0.318938
0.318910
0.318881
0.318853
0.318825
0.318797
0.318769
0.318742
0.318715
0.318688
0.318661
0.318635
0.318608
0.318582
0.318557
0.318531
0.318506
0.318480
0.318455
0.318431
0.318406
0.318382
0.318357
0.318333
0.318309
0.318285
0.318262
0.318238
0.318215
0.318192
0.318169
0.318146
0.318123
0.318101
0.318078
0.318056
0.318033
0.318011
0.317989
0.317967
0.317945
0.317923
0.317902
0.317880
0.317858
0.317837
0.317815
0.317794
0.317773
0.317751
0.317730
0.317709
0.317688
0.317666
0.317645
0.317624
0.317603
0.317582
0.317561
0.317539
0.317518
0.317497
0.317476
0.317455
0.317434
0.317412
0.317391
0.317370
0.317348
0.317327
0.317306
0.317284
0.317263
0.317241
0.317219
0.317198
0.317176
0.317154
0.317132
0.317111
0.317089
0.317067
0.317044
0.317022
0.317000
0.316978
0.316955
0.316933
0.316910
0.316888
0.316865
0.316842
0.316820
0.316797
0.316774
0.316751
0.316727
0.316704
0.316681
0.316657
0.316634
0.316611
0.316587
0.316563
0.316539
0.316516
0.316492
0.316468
0.316444
0.316419
0.316395
0.316371
0.316347
0.316322
0.316298
0.316273
0.316249
0.316224
0.316199
0.316174
0.316149
0.316124
0.316099
0.316074
0.316049
0.316024
0.315999
0.315973
0.315948
0.315923
0.315897
0.315871
0.315846
0.315820
0.315795
0.315769
0.315743
0.315717
0.315691
0.315665
0.315639
0.315613
0.315587
0.315561
0.315535
0.315509
0.315483
0.315456
0.315430
0.315404
0.315377
0.315351
0.315324
0.315298
0.315271
0.315245
0.315218
0.315192
0.315165
0.315138
0.315112
0.315085
0.315058
0.315031
0.315004
0.314977
0.314951
0.314924
0.314897
0.314870
0.314843
0.314816
0.314789
0.314762
0.314735
0.314707
0.314680
0.314653
0.314626
0.314599
0.314572
0.314544
0.314517
0.314490
0.314462
0.314435
0.314408
0.314380
0.314353
0.314326
0.314298
0.314271
0.314243
0.314216
0.314188
0.314161
0.314133
0.314106
0.314078
0.314051
0.314023
0.313996
0.313968
0.313940
0.313913
0.313885
0.313858
0.313830
0.313802
0.313775
0.313747
0.313719
0.313691
0.313664
0.313636
0.313608
0.313580
0.313553
0.313525
0.313497
0.313469
0.313441
0.313414
0.313386
0.313358
0.313330
0.313302
0.313274
0.313246
0.313219
0.313191
0.313163
0.313135
0.313107
0.313079
0.313051
0.313023
0.312995
0.312967
0.312939
0.312911
0.312883
0.312855
0.312827
0.312800
0.312772
0.312744
0.312716
0.312688
0.312660
0.312632
0.312604
0.312576
0.312548
0.312520
0.312492
0.312464
0.312436
0.312407
0.312379
0.312351
0.312323
0.312295
0.312267
0.312239
0.312211
0.312183
0.312155
0.312127
0.312099
0.312071
0.312043
0.312015
0.311987
0.311959
0.311931
0.311903
0.311875
0.311847
0.311819
0.311791
0.311763
0.311735
0.311707
0.311679
0.311651
0.311623
0.311595
0.311567
0.311539
0.311511
0.311483
0.311455
0.311427
0.311399
0.311371
0.311343
0.311315
0.311287
0.311259
0.311231
0.311203
0.311175
0.311147
0.311119
0.311091
0.311063
0.311036
0.311008
0.310980
0.310952
0.310924
0.310896
0.310868
0.310840
0.310812
0.310784
0.310756
0.310729
0.310701
0.310673
0.310645
0.310617
0.310589
0.310561
0.310534
0.310534
0.310506
0.310478
0.310450
0.310422
0.310395
0.310367
0.310339
0.310311
0.310283
0.310256
0.310228
0.310200
0.310172
0.310145
0.310117
0.310089
0.310061
0.310034
0.310006
0.309978
0.309951
0.309923
0.309895
0.309868
0.309840
0.309812
0.309785
0.309757
0.309729
0.309702
0.309674
0.309647
0.309619
0.309591
0.309564
0.309536
0.309509
0.309481
0.309454
0.309426
0.309399
0.309371
0.309344
0.309316
0.309289
0.309261
0.309234
0.309206
0.309179
0.309151
0.309124
0.309096
0.309069
0.309041
0.309014
0.308987
0.308959
0.308932
0.308905
0.308877
0.308850
0.308823
0.308795
0.308768
0.308741
0.308713
0.308686
0.308659
0.308631
0.308604
0.308577
0.308550
0.308522
0.308495
0.308468
0.308441
0.308414
0.308386
0.308359
0.308332
0.308305
0.308278
0.308251
0.308223
0.308196
0.308169
0.308142
0.308115
0.308088
0.308061
0.308034
0.308007
0.307980
0.307953
0.307926
0.307899
0.307872
0.307845
0.307818
0.307791
0.307764
0.307737
0.307710
0.307683
0.307656
0.307629
0.307602
0.307575
0.307549
0.307522
0.307495
0.307468
0.307441
0.307414
0.307388
0.307361
0.307334
0.307307
0.307280
0.307254
0.307227
0.307200
0.307173
0.307147
0.307120
0.307093
0.307067
0.307040
0.307013
0.306987
0.306960
0.306933
0.306907
0.306880
0.306854
0.306827
0.306800
0.306774
0.306747
0.306721
0.306694
0.306668
0.306641
0.306615
0.306588
0.306562
0.306535
0.306509
0.306482
0.306456
0.306430
0.306403
0.306377
0.306350
0.306324
0.306298
0.306271
0.306245
0.306218
0.306192
0.306166
0.306140
0.306113
0.306087
0.306061
0.306034
0.306008
0.305982
0.305956
0.305929
0.305903
0.305877
0.305851
0.305825
0.305798
0.305772
0.305746
0.305720
0.305694
0.305668
0.305642
0.305616
0.305590
0.305563
0.305537
0.305511
0.305485
0.305459
0.305433
0.305407
0.305381
0.305355
0.305329
0.305303
0.305277
0.305251
0.305225
0.305200
0.305174
0.305148
0.305122
0.305096
0.305070
0.305044
0.305018
0.304993
0.304967
0.304941
0.304915
0.304889
0.304864
0.304838
0.304812
0.304786
0.304760
0.304735
0.304709
0.304683
0.304658
0.304632
0.304606
0.304581
0.304555
0.304529
0.304504
0.304478
0.304452
0.304427
0.304401
0.304376
0.304350
0.304324
0.304299
0.304273
0.304248
0.304222
0.304197
0.304171
0.304146
0.304120
0.304095
0.304069
0.304044
0.304018
0.303993
0.303968
0.303942
0.303917
0.303891
0.303866
0.303841
0.303815
0.303790
0.303765
0.303739
0.303714
0.303689
0.303663
0.303638
0.303613
0.303588
0.303562
0.303537
0.303512
0.303487
0.303461
0.303436
0.303411
0.303386
0.303361
0.303335
0.303310
0.303285
0.303260
0.303235
0.303210
0.303185
0.303160
0.303135
0.303109
0.303084
0.303059
0.303034
0.303009
0.302984
0.302959
0.302934
0.302909
0.302884
0.302859
0.302834
0.302809
0.302784
0.302759
0.302735
0.302710
0.302685
0.302660
0.302635
0.302610
0.302585
0.302560
0.302535
0.302511
0.302486
0.302461
0.302436
0.302411
0.302387
0.302362
0.302337
0.302312
0.302288
0.302263
0.302238
0.302213
0.302189
0.302164
0.302139
0.302115
0.302090
0.302065
0.302041
0.302016
0.301991
0.301967
0.301942
0.301917
0.301893
0.301868
0.301844
0.301819
0.301794
0.301770
0.301745
0.301721
0.301696
0.301672
0.301647
0.301623
0.301598
0.301574
0.301549
0.301525
0.301500
0.301476
0.301452
0.301427
0.301403
0.301378
0.301354
0.301330
0.301305
0.301281
0.301256
0.301232
0.301208
0.301183
0.301159
0.301135
0.301110
0.301086
0.301062
0.301038
0.301013
0.300989
0.300965
0.300941
0.300916
0.300892
0.300868
0.300844
0.300820
0.300795
0.300771
0.300747
0.300723
0.300699
0.300675
0.300650
0.300626
0.300602
0.300578
0.300554
0.300530
0.300506
0.300482
0.300458
0.300434
0.300410
0.300386
0.300362
0.300338
0.300313
0.300289
0.300265
0.300241
0.300217
0.300193
0.300170
0.300146
0.300122
0.300098
0.300074
0.300050
0.300026
0.300002
0.299978
0.299954
0.299930
0.299906
0.299882
0.299858
0.299834
0.299810
0.299786
0.299763
0.299739
0.299715
0.299691
0.299667
0.299643
0.299619
0.299595
0.299572
0.299548
0.299524
0.299500
0.299476
0.299453
0.299429
0.299405
0.299382
0.299358
0.299334
0.299311
0.299287
0.299264
0.299240
0.299217
0.299193
0.299170
0.299147
0.299124
0.299101
0.299077
0.299055
0.299032
0.299009
0.298986
0.298964
0.298941
0.298919
0.298896
0.298874
0.298852
0.298830
0.298808
0.298787
0.298765
0.298744
0.298722
0.298701
0.298680
0.298659
0.298638
0.298618
0.298597
0.298576
0.298556
0.298535
0.298515
0.298494
0.298474
0.298453
0.298432
0.298411
0.298390
0.298369
0.298348
0.298325
0.298303
0.298280
0.298256
0.298231
0.298206
0.298178
0.298150
0.298119
0.298087
0.298052
0.298013
0.297971
0.297924
0.297872
0.297813
0.297746
0.297669
0.297582
0.297582
0.297483
0.297372
0.297249
0.297118
0.296984
0.296856
0.296747
0.296667
0.296625
0.296628
0.296672
0.296753
0.296860
0.296983
0.297107
0.297223
0.297317
0.297380
0.297406
0.297390
0.297334
0.297243
0.297124
0.296988
0.296847
0.296708
0.296578
0.296462
0.296362
0.296279
0.296212
0.296159
0.296119
0.296090
0.296072
0.296062
0.296060
0.296063
0.296072
0.296083
0.296097
0.296111
0.296125
0.296138
0.296148
0.296155
0.296158
0.296157
0.296151
0.296140
0.296125
0.296105
0.296080
0.296051
0.296019
0.295982
0.295943
0.295901
0.295856
0.295810
0.295762
0.295713
0.295663
0.295613
0.295563
0.295513
0.295463
0.295415
0.295367
0.295321
0.295277
0.295234
0.295193
0.295154
0.295117
0.295082
0.295049
0.295019
0.294991
0.294965
0.294941
0.294920
0.294901
0.294885
0.294870
0.294858
0.294847
0.294839
0.294833
0.294828
0.294826
0.294825
0.294825
0.294827
0.294831
0.294836
0.294842
0.294849
0.294857
0.294867
0.294877
0.294888
0.294900
0.294913
0.294926
0.294940
0.294954
0.294969
0.294984
0.294999
0.295015
0.295031
0.295047
0.295063
0.295080
0.295096
0.295112
0.295129
0.295145
0.295161
0.295177
0.295193
0.295209
0.295225
0.295240
0.295256
0.295271
0.295285
0.295300
0.295314
0.295328
0.295342
0.295355
0.295368
0.295381
0.295393
0.295405
0.295417
0.295428
0.295439
0.295449
0.295460
0.295470
0.295479
0.295488
0.295497
0.295505
0.295513
0.295520
0.295528
0.295534
0.295541
0.295547
0.295552
0.295558
0.295562
0.295567
0.295571
0.295574
0.295578
0.295581
0.295583
0.295585
0.295587
0.295588
0.295589
0.295590
0.295590
0.295590
0.295590
0.295589
0.295588
0.295586
0.295584
0.295582
0.295580
0.295577
0.295574
0.295570
0.295566
0.295562
0.295557
0.295553
0.295547
0.295542
0.295536
0.295530
0.295524
0.295517
0.295510
0.295503
0.295495
0.295488
0.295480
0.295471
0.295463
0.295454
0.295445
0.295435
0.295426
0.295416
0.295406
0.295396
0.295385
0.295374
0.295363
0.295352
0.295341
0.295329
0.295317
0.295305
0.295293
0.295281
0.295268
0.295255
0.295242
0.295229
0.295216
0.295202
0.295188
0.295175
0.295161
0.295146
0.295132
0.295118
0.295103
0.295088
0.295073
0.295058
0.295043
0.295028
0.295012
0.294997
0.294981
0.294965
0.294950
0.294934
0.294917
0.294901
0.294885
0.294869
0.294852
0.294835
0.294819
0.294802
0.294785
0.294768
0.294751
0.294734
0.294717
0.294700
0.294682
0.294665
0.294648
0.294630
0.294613
0.294595
0.294577
0.294560
0.294542
0.294524
0.294506
0.294488
0.294470
0.294453
0.294435
0.294417
0.294398
0.294380
0.294362
0.294344
0.294326
0.294308
0.294290
0.294271
0.294253
0.294235
0.294217
0.294199
0.294180
0.294162
0.294144
0.294125
0.294107
0.294089
0.294071
0.294052
0.294034
0.294016
0.293998
0.293979
0.293961
0.293943
0.293925
0.293907
0.293889
0.293870
0.293852
0.293834
0.293816
0.293798
0.293780
0.293762
0.293744
0.293726
0.293708
0.293690
0.293672
0.293655
0.293637
0.293619
0.293601
0.293584
0.293566
0.293548
0.293531
0.293513
0.293496
0.293478
0.293461
0.293443
0.293426
0.293409
0.293392
0.293374
0.293357
0.293340
0.293323
0.293306
0.293289
0.293272
0.293255
0.293238
0.293222
0.293205
0.293188
0.293171
0.293155
0.293138
0.293122
0.293105
0.293089
0.293073
0.293056
0.293040
0.293024
0.293008
0.292992
0.292976
0.292960
0.292944
0.292928
0.292912
0.292897
0.292881
0.292865
0.292850
0.292834
0.292819
0.292803
0.292788
0.292773
0.292758
0.292742
0.292727
0.292712
0.292697
0.292682
0.292667
0.292652
0.292638
0.292623
0.292608
0.292594
0.292579
0.292565
0.292550
0.292536
0.292521
0.292507
0.292493
0.292479
0.292465
0.292451
0.292437
0.292423
0.292409
0.292395
0.292381
0.292367
0.292354
0.292340
0.292327
0.292313
0.292300
0.292286
0.292273
0.292260
0.292246
0.292233
0.292220
0.292207
0.292194
0.292181
0.292168
0.292155
0.292143
0.292130
0.292117
0.292104
0.292092
0.292079
0.292067
0.292054
0.292042
0.292030
0.292017
0.292005
0.291993
0.291981
0.291969
0.291957
0.291945
0.291933
0.291921
0.291909
0.291897
0.291886
0.291874
0.291862
0.291851
0.291839
0.291828
0.291817
0.291805
0.291794
0.291783
0.291771
0.291760
0.291749
0.291738
0.291727
0.291716
0.291705
0.291694
0.291683
0.291673
0.291662
0.291651
0.291641
0.291630
0.291619
0.291609
0.291599
0.291588
0.291578
0.291568
0.291557
0.291547
0.291537
0.291527
0.291517
0.291507
0.291497
0.291487
0.291477
0.291467
0.291457
0.291448
0.291438
0.291428
0.291419
0.291409
0.291400
0.291390
0.291381
0.291372
0.291362
0.291353
0.291344
0.291335
0.291326
0.291317
0.291307
0.291299
0.291290
0.291281
0.291272
0.291263
0.291254
0.291246
0.291237
0.291229
0.291220
0.291212
0.291203
0.291195
0.291186
0.291178
0.291178
