0.639962
0.633211
0.646125
0.653519
0.660030
0.665827
0.671125
0.676123
0.680956
0.685698
0.690391
0.695059
0.699721
0.704388
0.709071
0.713776
0.718509
0.723272
0.728065
0.732885
0.737724
0.742576
0.747432
0.752283
0.757118
0.761930
0.766710
0.771451
0.776146
0.780789
0.785375
0.789900
0.794360
0.798753
0.803076
0.807328
0.811507
0.815611
0.819642
0.823598
0.827479
0.831285
0.835018
0.838676
0.842262
0.845775
0.849217
0.852587
0.855888
0.859120
0.862284
0.865382
0.868413
0.871379
0.874282
0.877122
0.879900
0.882618
0.885276
0.887877
0.890420
0.892908
0.895341
0.897722
0.900050
0.902328
0.904556
0.906737
0.908872
0.910962
0.913008
0.915013
0.916977
0.918903
0.920791
0.922643
0.924461
0.926247
0.928001
0.929725
0.931421
0.933089
0.934732
0.936351
0.937946
0.939519
0.941071
0.942603
0.944116
0.945611
0.947089
0.948550
0.949995
0.951425
0.952839
0.954240
0.955626
0.956999
0.958358
0.959704
0.961038
0.962358
0.963667
0.964962
0.966246
0.967518
0.968777
0.970025
0.971262
0.972487
0.973700
0.974903
0.976095
0.977276
0.978447
0.979608
0.980759
0.981901
0.983033
0.984156
0.985270
0.986376
0.987474
0.988564
0.989646
0.990721
0.991789
0.992850
0.993905
0.994953
0.995996
0.997033
0.998064
0.999090
1.000111
1.001128
1.002139
1.003147
1.004150
1.005149
1.006144
1.007135
1.008122
1.009106
1.010087
1.011064
1.012038
1.013009
1.013977
1.014942
1.015905
1.016864
1.017821
1.018775
1.019726
1.020675
1.021621
1.022565
1.023506
1.024445
1.025381
1.026315
1.027247
1.028176
1.029103
1.030028
1.030950
1.031870
1.032787
1.033703
1.034616
1.035526
1.036434
1.037340
1.038244
1.039145
1.040044
1.040940
1.041834
1.042725
1.043614
1.044501
1.045385
1.046267
1.047146
1.048023
1.048897
1.049769
1.050638
1.051504
1.052368
1.053230
1.054088
1.054944
1.055798
1.056649
1.057497
1.058342
1.059185
1.060025
1.060862
1.061697
1.062529
1.063358
1.064184
1.065007
1.065828
1.066646
1.067461
1.068274
1.069084
1.069890
1.070694
1.071496
1.072294
1.073090
1.073882
1.074672
1.075460
1.076244
1.077025
1.077804
1.078580
1.079353
1.080124
1.080891
1.081656
1.082418
1.083178
1.083934
1.084688
1.085439
1.086187
1.086933
1.087676
1.088416
1.089153
1.089888
1.090621
1.091350
1.092077
1.092801
1.093523
1.094242
1.094959
1.095673
1.096384
1.097093
1.097800
1.098504
1.099205
1.099905
1.100601
1.101296
1.101988
1.102677
1.103364
1.104049
1.104732
1.105412
1.106090
1.106766
1.107440
1.108111
1.108780
1.109447
1.110112
1.110775
1.111436
1.112095
1.112751
1.113406
1.114059
1.114710
1.115358
1.116005
1.116650
1.117293
1.117934
1.118573
1.119211
1.119846
1.120480
1.121112
1.121743
1.122371
1.122998
1.123623
1.124247
1.124868
1.125488
1.126107
1.126724
1.127339
1.127953
1.128565
1.129175
1.129784
1.130392
1.130997
1.131602
1.132204
1.132806
1.133406
1.134004
1.134601
1.135196
1.135790
1.136382
1.136973
1.137563
1.138151
1.138738
1.139323
1.139907
1.140489
1.141070
1.141650
1.142228
1.142805
1.143380
1.143955
1.144528
1.145099
1.145669
1.146238
1.146806
1.147373
1.147938
1.148502
1.149065
1.149627
1.150188
1.150748
1.151307
1.151866
1.152423
1.152980
1.153536
1.154091
1.154647
1.155201
1.155756
1.156310
1.156865
1.157420
1.157974
1.158530
1.159086
1.159642
1.160199
1.160757
1.161316
1.161875
1.162434
1.162994
1.163553
1.164110
1.164664
1.165213
1.165756
1.166289
1.166811
1.167319
1.167810
1.168284
1.168739
1.169177
1.169597
1.170003
1.170396
1.170779
1.171155
1.171526
1.171893
1.172259
1.172625
1.172991
1.173358
1.173726
1.174097
1.174469
1.174843
1.175219
1.175596
1.175975
1.176356
1.176737
1.177120
1.177503
1.177887
1.178271
1.178656
1.179040
1.179424
1.179808
1.180191
1.180573
1.180955
1.181336
1.181716
1.182094
1.182472
1.182848
1.183222
1.183596
1.183968
1.184338
1.184707
1.185074
1.185440
1.185804
1.186167
1.186528
1.186887
1.187245
1.187601
1.187955
1.188308
1.188659
1.189008
1.189356
1.189702
1.190047
1.190389
1.190730
1.191070
1.191407
1.191743
1.192078
1.192410
1.192741
1.193070
1.193397
1.193723
1.194047
1.194369
1.194689
1.195008
1.195325
1.195640
1.195953
1.196265
1.196575
1.196882
1.197189
1.197493
1.197796
1.198097
1.198396
1.198693
1.198988
1.199282
1.199573
1.199863
1.200151
1.200438
1.200722
1.201005
1.201285
1.201564
1.201841
1.202117
1.202390
1.202661
1.202931
1.203199
1.203465
1.203729
1.203991
1.204251
1.204509
1.204766
1.205021
1.205273
1.205524
1.205773
1.206020
1.206266
1.206509
1.206750
1.206990
1.207228
1.207463
1.207697
1.207929
1.208159
1.208387
1.208614
1.208838
1.209061
1.209281
1.209500
1.209717
1.209932
1.210145
1.210356
1.210565
1.210772
1.210978
1.210978
1.211181
1.211383
1.211583
1.211781
1.211977
1.212171
1.212363
1.212554
1.212742
1.212929
1.213114
1.213297
1.213478
1.213657
1.213835
1.214010
1.214184
1.214356
1.214526
1.214695
1.214861
1.215026
1.215189
1.215351
1.215510
1.215668
1.215824
1.215979
1.216131
1.216282
1.216431
1.216579
1.216725
1.216869
1.217012
1.217153
1.217292
1.217430
1.217566
1.217701
1.217834
1.217966
1.218096
1.218224
1.218351
1.218477
1.218601
1.218724
1.218846
1.218966
1.219084
1.219202
1.219318
1.219432
1.219546
1.219658
1.219769
1.219879
1.219988
1.220095
1.220202
1.220307
1.220411
1.220514
1.220616
1.220717
1.220817
1.220916
1.221014
1.221112
1.221208
1.221303
1.221398
1.221491
1.221584
1.221676
1.221768
1.221858
1.221948
1.222037
1.222126
1.222214
1.222301
1.222387
1.222473
1.222559
1.222643
1.222728
1.222811
1.222895
1.222977
1.223059
1.223141
1.223222
1.223303
1.223384
1.223464
1.223543
1.223622
1.223701
1.223780
1.223858
1.223935
1.224013
1.224090
1.224167
1.224243
1.224319
1.224395
1.224471
1.224546
1.224621
1.224696
1.224771
1.224845
1.224919
1.224993
1.225067
1.225140
1.225213
1.225286
1.225359
1.225431
1.225504
1.225576
1.225648
1.225719
1.225791
1.225862
1.225933
1.226004
1.226075
1.226145
1.226216
1.226286
1.226356
1.226425
1.226495
1.226564
1.226633
1.226702
1.226771
1.226839
1.226908
1.226976
1.227044
1.227112
1.227180
1.227247
1.227314
1.227381
1.227448
1.227515
1.227582
1.227648
1.227714
1.227780
1.227846
1.227912
1.227977
1.228043
1.228108
1.228173
1.228238
1.228302
1.228367
1.228431
1.228495
1.228559
1.228623
1.228687
1.228751
1.228814
1.228878
1.228941
1.229004
1.229067
1.229130
1.229192
1.229255
1.229317
1.229380
1.229442
1.229504
1.229566
1.229628
1.229690
1.229752
1.229814
1.229876
1.229937
1.229999
1.230060
1.230122
1.230183
1.230244
1.230306
1.230367
1.230428
1.230489
1.230551
1.230612
1.230673
1.230734
1.230795
1.230856
1.230918
1.230979
1.231040
1.231101
1.231163
1.231224
1.231285
1.231347
1.231408
1.231470
1.231531
1.231593
1.231655
1.231717
1.231779
1.231841
1.231903
1.231965
1.232027
1.232090
1.232152
1.232215
1.232277
1.232340
1.232403
1.232466
1.232530
1.232593
1.232657
1.232720
1.232784
1.232848
1.232912
1.232977
1.233041
1.233106
1.233171
1.233236
1.233301
1.233367
1.233432
1.233498
1.233564
1.233630
1.233697
1.233764
1.233830
1.233898
1.233965
1.234032
1.234100
1.234168
1.234236
1.234305
1.234373
1.234442
1.234512
1.234581
1.234651
1.234721
1.234791
1.234861
1.234932
1.235003
1.235074
1.235145
1.235217
1.235289
1.235361
1.235434
1.235507
1.235580
1.235653
1.235727
1.235801
1.235875
1.235950
1.236025
1.236100
1.236175
1.236251
1.236327
1.236403
1.236480
1.236557
1.236634
1.236711
1.236789
1.236867
1.236946
1.237025
1.237104
1.237183
1.237263
1.237343
1.237423
1.237504
1.237585
1.237666
1.237748
1.237830
1.237912
1.237995
1.238078
1.238161
1.238245
1.238329
1.238413
1.238498
1.238583
1.238668
1.238754
1.238840
1.238927
1.239013
1.239101
1.239188
1.239276
1.239364
1.239453
1.239542
1.239631
1.239721
1.239811
1.239901
1.239992
1.240083
1.240175
1.240267
1.240359
1.240452
1.240545
1.240638
1.240732
1.240826
1.240921
1.241016
1.241111
1.241207
1.241303
1.241400
1.241497
1.241594
1.241692
1.241790
1.241889
1.241988
1.242087
1.242187
1.242287
1.242388
1.242489
1.242591
1.242693
1.242795
1.242898
1.243001
1.243104
1.243209
1.243313
1.243418
1.243523
1.243629
1.243735
1.243842
1.243949
1.244057
1.244165
1.244273
1.244382
1.244491
1.244601
1.244711
1.244822
1.244933
1.245045
1.245157
1.245270
1.245383
1.245496
1.245610
1.245725
1.245840
1.245955
1.246071
1.246187
1.246304
1.246421
1.246539
1.246657
1.246776
1.246895
1.247015
1.247135
1.247256
1.247377
1.247499
1.247621
1.247744
1.247867
1.247991
1.248115
1.248240
1.248365
1.248491
1.248617
1.248744
1.248871
1.248999
1.249127
1.249256
1.249385
1.249515
1.249645
1.249776
1.249908
1.250040
1.250172
1.250305
1.250439
1.250573
1.250707
1.250843
1.250978
1.251114
1.251251
1.251388
1.251526
1.251664
1.251803
1.251943
1.252082
1.252223
1.252364
1.252505
1.252647
1.252790
1.252933
1.253077
1.253221
1.253366
1.253511
1.253657
1.253803
1.253950
1.254097
1.254245
1.254393
1.254542
1.254692
1.254842
1.254992
1.255143
1.255295
1.255447
1.255600
1.255753
1.255906
1.256061
1.256215
1.256370
1.256526
1.256682
1.256838
1.256995
1.257153
1.257310
1.257466
1.257619
1.257763
1.257871
1.257887
1.257848
1.257901
1.257542
1.255141
1.254978
1.255263
1.255570
1.255830
1.256019
1.256149
1.256242
1.256321
1.256398
1.256481
1.256571
1.256667
1.256767
1.256869
1.256972
1.257074
1.257177
1.257177
1.257280
1.257383
1.257487
1.257592
1.257697
1.257804
1.257912
1.258021
1.258131
1.258242
1.258354
1.258468
1.258582
1.258697
1.258812
1.258929
1.259046
1.259164
1.259282
1.259401
1.259521
1.259641
1.259761
1.259882
1.260003
1.260124
1.260246
1.260368
1.260490
1.260613
1.260736
1.260859
1.260982
1.261105
1.261229
1.261353
1.261477
1.261601
1.261726
1.261850
1.261975
1.262100
1.262225
1.262351
1.262476
1.262602
1.262727
1.262853
1.262979
1.263106
1.263232
1.263358
1.263485
1.263611
1.263738
1.263865
1.263992
1.264119
1.264247
1.264374
1.264502
1.264629
1.264757
1.264885
1.265013
1.265141
1.265269
1.265398
1.265526
1.265655
1.265783
1.265912
1.266041
1.266170
1.266299
1.266428
1.266558
1.266687
1.266817
1.266946
1.267076
1.267206
1.267336
1.267466
1.267597
1.267727
1.267858
1.267988
1.268119
1.268250
1.268381
1.268513
1.268644
1.268776
1.268907
1.269039
1.269171
1.269304
1.269436
1.269569
1.269701
1.269834
1.269967
1.270101
1.270234
1.270368
1.270502
1.270636
1.270771
1.270905
1.271040
1.271175
1.271311
1.271446
1.271582
1.271718
1.271855
1.271992
1.272129
1.272266
1.272404
1.272542
1.272680
1.272819
1.272958
1.273097
1.273237
1.273377
1.273517
1.273658
1.273800
1.273941
1.274084
1.274226
1.274369
1.274513
1.274657
1.274802
1.274947
1.275093
1.275239
1.275386
1.275533
1.275681
1.275829
1.275979
1.276129
1.276279
1.276430
1.276582
1.276735
1.276888
1.277042
1.277197
1.277353
1.277509
1.277667
1.277825
1.277984
1.278143
1.278304
1.278466
1.278628
1.278792
1.278956
1.279122
1.279288
1.279456
1.279624
1.279793
1.279964
1.280135
1.280308
1.280481
1.280656
1.280831
1.281008
1.281186
1.281365
1.281545
1.281726
1.281908
1.282090
1.282278
1.282447
1.282692
1.282470
1.282367
1.281554
1.281015
1.281222
1.281122
1.281122
1.281232
1.281453
1.281725
1.282011
1.282289
1.282536
1.282781
1.282971
1.283202
1.283285
1.283468
1.283362
1.283348
1.283444
1.283386
1.283502
1.283525
1.283659
1.283760
1.283922
1.284062
1.284223
1.284368
1.284508
1.284644
1.284760
1.284875
1.284975
1.285067
1.285166
1.285243
1.285351
1.285429
1.285546
1.285635
1.285758
1.285858
1.285983
1.286089
1.286211
1.286316
1.286434
1.286534
1.286648
1.286742
1.286855
1.286944
1.287059
1.287147
1.287264
1.287353
1.287472
1.287563
1.287684
1.287775
1.287896
1.287987
1.288107
1.288196
1.288316
1.288404
1.288524
1.288610
1.288731
1.288816
1.288938
1.289022
1.289146
1.289229
1.289354
1.289436
1.289561
1.289643
1.289769
1.289849
1.289976
1.290054
1.290182
1.290260
1.290388
1.290465
1.290595
1.290670
1.290801
1.290875
1.291007
1.291079
1.291212
1.291284
1.291418
1.291488
1.291624
1.291692
1.291829
1.291896
1.292034
1.292100
1.292239
1.292304
1.292444
1.292507
1.292649
1.292711
1.292853
1.292914
1.293058
1.293117
1.293262
1.293320
1.293467
1.293523
1.293671
1.293726
1.293875
1.293928
1.294079
1.294131
1.294283
1.294333
1.294487
1.294535
1.294691
1.294738
1.294894
1.294940
1.295098
1.295142
1.295302
1.295343
1.295505
1.295545
1.295709
1.295747
1.295912
1.295949
1.296116
1.296150
1.296319
1.296352
1.296522
1.296553
1.296726
1.296755
1.296929
1.296956
1.297132
1.297157
1.297335
1.297359
1.297539
1.297560
1.297742
1.297761
1.297945
1.297962
1.298148
1.298163
1.298351
1.298364
1.298554
1.298565
1.298757
1.298766
1.298960
1.298967
1.299164
1.299168
1.299367
1.299369
1.299570
1.299570
1.299773
1.299771
1.299976
1.299972
1.300179
1.300172
1.300382
1.300373
1.300586
1.300574
1.300789
1.300775
1.300992
1.300976
1.301195
1.301177
1.301399
1.301378
1.301602
1.301579
1.301805
1.301780
1.302009
1.301980
1.302212
1.302181
1.302415
1.302382
1.302619
1.302583
1.302822
1.302785
1.303026
1.302986
1.303230
1.303187
1.303433
1.303388
1.303637
1.303589
1.303841
1.303790
1.304044
1.303992
1.304248
1.304193
1.304452
1.304394
1.304656
1.304596
1.304860
1.304797
1.305064
1.304999
1.305268
1.305200
1.305472
1.305402
1.305676
1.305604
1.305880
1.305805
1.306084
1.306007
1.306289
1.306209
1.306493
1.306411
1.306697
1.306613
1.306902
1.306815
1.307106
1.307017
1.307311
1.307219
1.307515
1.307422
1.307719
1.307624
1.307924
1.307826
1.308129
1.308029
1.308333
1.308231
1.308538
1.308434
1.308743
1.308637
1.308947
1.308839
1.309152
1.309042
1.309357
1.309245
1.309561
1.309448
1.309766
1.309651
1.309971
1.309854
1.310176
1.310058
1.310381
1.310261
1.310585
1.310464
1.310790
1.310668
1.310995
1.310872
1.311200
1.311075
1.311405
1.311279
1.311610
1.311483
1.311815
1.311687
1.312019
1.311891
1.312224
1.312095
1.312429
1.312299
1.312634
1.312504
1.312839
1.312708
1.313044
1.312912
1.313249
1.313117
1.313454
1.313454
1.313322
1.313658
1.313527
1.313863
1.313731
1.314068
1.313936
1.314273
1.314142
1.314478
1.314347
1.314682
1.314552
1.314887
1.314758
1.315092
1.314963
1.315296
1.315169
1.315501
1.315375
1.315706
1.315580
1.315910
1.315786
1.316115
1.315993
1.316320
1.316199
1.316524
1.316405
1.316729
1.316612
1.316933
1.316818
1.317137
1.317025
1.317342
1.317232
1.317546
1.317439
1.317750
1.317646
1.317955
1.317853
1.318159
1.318061
1.318363
1.318268
1.318567
1.318476
1.318771
1.318684
1.318974
1.318892
1.319178
1.319100
1.319381
1.319308
1.319585
1.319516
1.319788
1.319724
1.319990
1.319933
1.320193
1.320141
1.320395
1.320350
1.320596
1.320558
1.320797
1.320766
1.320997
1.320974
1.321196
1.321182
1.321393
1.321388
1.321589
1.321593
1.321782
1.321796
1.321972
1.321996
1.322158
1.322192
1.322338
1.322382
1.322511
1.322563
1.322675
1.322732
1.322827
1.322887
1.322966
1.323025
1.323091
1.323145
1.323199
1.323247
1.323291
1.323331
1.323367
1.323400
1.323430
1.323458
1.323485
1.323510
1.323536
1.323562
1.323589
1.323618
1.323649
1.323683
1.323720
1.323760
1.323803
1.323850
1.323899
1.323952
1.324007
1.324065
1.324126
1.324189
1.324255
1.324322
1.324392
1.324463
1.324535
1.324609
1.324685
1.324761
1.324839
1.324917
1.324997
1.325077
1.325158
1.325240
1.325322
1.325405
1.325488
1.325572
1.325656
1.325741
1.325826
1.325911
1.325997
1.326083
1.326169
1.326256
1.326343
1.326430
1.326517
1.326605
1.326693
1.326781
1.326869
1.326958
1.327047
1.327136
1.327225
1.327314
1.327403
1.327493
1.327582
1.327672
1.327762
1.327852
1.327943
1.328033
1.328123
1.328214
1.328305
1.328396
1.328487
1.328578
1.328669
1.328760
1.328851
1.328943
1.329034
1.329126
1.329218
1.329310
1.329402
1.329494
1.329586
1.329678
1.329770
1.329862
1.329955
1.330047
1.330140
1.330232
1.330325
1.330418
1.330510
1.330603
1.330696
1.330789
1.330882
1.330975
1.331068
1.331161
1.331255
1.331348
1.331441
1.331534
1.331628
1.331721
1.331815
1.331908
1.332002
1.332095
1.332189
1.332283
1.332376
1.332470
1.332564
1.332658
1.332752
1.332845
1.332939
1.333033
1.333127
1.333221
1.333315
1.333409
1.333503
1.333597
1.333691
1.333786
1.333880
1.333974
1.334068
1.334162
1.334256
1.334351
1.334445
1.334539
1.334633
1.334728
1.334822
1.334916
1.335010
1.335105
1.335199
1.335293
1.335388
1.335482
1.335576
1.335671
1.335765
1.335860
1.335954
1.336048
1.336143
1.336237
1.336331
1.336426
1.336520
1.336615
1.336709
1.336803
1.336898
1.336992
1.337086
1.337181
1.337275
1.337370
1.337464
1.337558
1.337653
1.337747
1.337841
1.337936
1.338030
1.338124
1.338218
1.338313
1.338407
1.338501
1.338595
1.338690
1.338784
1.338878
1.338972
1.339067
1.339161
1.339255
1.339349
1.339443
1.339537
1.339631
1.339725
1.339819
1.339914
1.340008
1.340102
1.340196
1.340290
1.340383
1.340477
1.340571
1.340665
1.340759
1.340853
1.340947
1.341041
1.341134
1.341228
1.341322
1.341416
1.341509
1.341603
1.341697
1.341790
1.341884
1.341977
1.342071
1.342164
1.342258
1.342351
1.342445
1.342538
1.342632
1.342725
1.342818
1.342912
1.343005
1.343098
1.343191
1.343285
1.343378
1.343471
1.343564
1.343657
1.343750
1.343843
1.343936
1.344029
1.344122
1.344215
1.344308
1.344400
1.344493
1.344586
1.344679
1.344771
1.344864
1.344957
1.345049
1.345142
1.345234
1.345327
1.345419
1.345512
1.345604
1.345696
1.345789
1.345881
1.345973
1.346065
1.346157
1.346249
1.346342
1.346434
1.346526
1.346618
1.346709
1.346801
1.346893
1.346985
1.347077
1.347168
1.347260
1.347352
1.347443
1.347535
1.347626
1.347718
1.347809
1.347901
1.347992
1.348083
1.348175
1.348266
1.348357
1.348448
1.348539
1.348630
1.348722
1.348813
1.348903
1.348994
1.349085
1.349176
1.349267
1.349357
1.349448
1.349539
1.349629
1.349720
1.349810
1.349901
1.349991
1.350082
1.350172
1.350262
1.350353
1.350443
1.350533
1.350623
1.350713
1.350803
1.350893
1.350983
1.351073
1.351163
1.351252
1.351342
1.351432
1.351521
1.351611
1.351700
1.351790
1.351879
1.351969
1.352058
1.352147
1.352237
1.352326
1.352415
1.352504
1.352593
1.352682
1.352771
1.352860
1.352949
1.353038
1.353127
1.353215
1.353304
1.353393
1.353481
1.353570
1.353658
1.353747
1.353835
1.353923
1.354012
1.354100
1.354188
1.354276
1.354364
1.354452
1.354540
1.354628
1.354716
1.354804
1.354891
1.354979
1.355067
1.355154
1.355242
1.355330
1.355417
1.355504
1.355592
1.355679
1.355766
1.355853
1.355941
1.356028
1.356115
1.356202
1.356289
1.356376
1.356462
1.356549
1.356636
1.356723
1.356809
1.356896
1.356982
1.357069
1.357155
1.357242
1.357328
1.357414
1.357500
1.357587
1.357673
1.357759
1.357845
1.357931
1.358017
1.358102
1.358102
1.358188
1.358274
1.358360
1.358445
1.358531
1.358616
1.358702
1.358787
1.358873
1.358958
1.359043
1.359128
1.359214
1.359299
1.359384
1.359469
1.359554
1.359638
1.359723
1.359808
1.359893
1.359977
1.360062
1.360147
1.360231
1.360316
1.360400
1.360484
1.360569
1.360653
1.360737
1.360821
1.360905
1.360989
1.361073
1.361157
1.361241
1.361325
1.361409
1.361492
1.361576
1.361660
1.361743
1.361827
1.361910
1.361993
1.362077
1.362160
1.362243
1.362326
1.362409
1.362492
1.362575
1.362658
1.362741
1.362824
1.362907
1.362990
1.363072
1.363155
1.363237
1.363320
1.363402
1.363485
1.363567
1.363649
1.363732
1.363814
1.363896
1.363978
1.364060
1.364142
1.364224
1.364306
1.364388
1.364469
1.364551
1.364633
1.364714
1.364796
1.364877
1.364959
1.365040
1.365122
1.365203
1.365284
1.365365
1.365446
1.365527
1.365608
1.365689
1.365770
1.365851
1.365932
1.366013
1.366093
1.366174
1.366254
1.366335
1.366415
1.366496
1.366576
1.366657
1.366737
1.366817
1.366897
1.366977
1.367057
1.367137
1.367217
1.367297
1.367377
1.367457
1.367536
1.367616
1.367696
1.367775
1.367855
1.367934
1.368014
1.368093
1.368172
1.368252
1.368331
1.368410
1.368489
1.368568
1.368647
1.368726
1.368805
1.368884
1.368962
1.369041
1.369120
1.369198
1.369277
1.369356
1.369434
1.369512
1.369591
1.369669
1.369747
1.369826
1.369904
1.369982
1.370060
1.370138
1.370216
1.370294
1.370372
1.370449
1.370527
1.370605
1.370682
1.370760
1.370838
1.370915
1.370992
1.371070
1.371147
1.371224
1.371302
1.371379
1.371456
1.371533
1.371610
1.371687
1.371764
1.371841
1.371918
1.371995
1.372071
1.372148
1.372225
1.372301
1.372378
1.372454
1.372531
1.372607
1.372683
1.372760
1.372836
1.372912
1.372988
1.373064
1.373140
1.373216
1.373292
1.373368
1.373444
1.373520
1.373595
1.373671
1.373747
1.373822
1.373898
1.373973
1.374049
1.374124
1.374200
1.374275
1.374350
1.374425
1.374500
1.374576
1.374651
1.374726
1.374801
1.374875
1.374950
1.375025
1.375100
1.375175
1.375249
1.375324
1.375399
1.375473
1.375548
1.375622
1.375696
1.375771
1.375845
1.375919
1.375993
1.376068
1.376142
1.376216
1.376290
1.376364
1.376438
1.376512
1.376585
1.376659
1.376733
1.376807
1.376880
1.376954
1.377027
1.377101
1.377174
1.377248
1.377321
1.377395
1.377468
1.377541
1.377614
1.377687
1.377760
1.377834
1.377907
1.377979
1.378052
1.378125
1.378198
1.378271
1.378344
1.378416
1.378489
1.378562
1.378634
1.378707
1.378779
1.378852
1.378924
1.378996
1.379069
1.379141
1.379213
1.379285
1.379357
1.379429
1.379501
1.379573
1.379645
1.379717
1.379789
1.379861
1.379933
1.380005
1.380076
1.380148
1.380219
1.380291
1.380363
1.380434
1.380505
1.380577
1.380648
1.380720
1.380791
1.380862
1.380933
1.381004
1.381075
1.381147
1.381218
1.381288
1.381359
1.381430
1.381501
1.381572
1.381643
1.381713
1.381784
1.381855
1.381925
1.381996
1.382067
1.382137
1.382207
1.382278
1.382348
1.382419
1.382489
1.382559
1.382629
1.382699
1.382770
1.382840
1.382910
1.382980
1.383050
1.383120
1.383190
1.383259
1.383329
1.383399
1.383469
1.383538
1.383608
1.383678
1.383747
1.383817
1.383886
1.383956
1.384025
1.384095
1.384164
1.384233
1.384302
1.384372
1.384441
1.384510
1.384579
1.384648
1.384717
1.384786
1.384855
1.384924
1.384993
1.385062
1.385131
1.385200
1.385268
1.385337
1.385406
1.385474
1.385543
1.385611
1.385680
1.385748
1.385817
1.385885
1.385954
1.386022
1.386090
1.386159
1.386227
1.386295
1.386363
1.386431
1.386500
1.386568
1.386636
1.386704
1.386772
1.386839
1.386907
1.386975
1.387043
1.387111
1.387179
1.387246
1.387314
1.387382
1.387449
1.387517
1.387584
1.387652
1.387719
1.387787
1.387854
1.387921
1.387989
1.388056
1.388123
1.388191
1.388258
1.388325
1.388392
1.388459
1.388526
1.388593
1.388660
1.388727
1.388794
1.388861
1.388928
1.388995
1.389062
1.389128
1.389195
1.389262
1.389329
1.389395
1.389462
1.389528
1.389595
1.389662
1.389728
1.389794
1.389861
1.389927
1.389994
1.390060
1.390126
1.390193
1.390259
1.390325
1.390391
1.390457
1.390523
1.390590
1.390656
1.390722
1.390788
1.390854
1.390919
1.390985
1.391051
1.391117
1.391183
1.391249
1.391314
1.391380
1.391446
1.391512
1.391577
1.391643
1.391708
1.391774
1.391839
1.391905
1.391970
1.392036
1.392101
1.392167
1.392232
1.392297
1.392363
1.392428
1.392493
1.392558
1.392623
1.392689
1.392754
1.392819
1.392884
1.392949
1.393014
1.393079
1.393144
1.393209
1.393274
1.393338
1.393403
1.393468
1.393533
1.393598
1.393662
1.393727
1.393792
1.393856
1.393921
1.393986
1.394050
1.394115
1.394179
1.394244
1.394308
1.394373
1.394437
1.394501
1.394566
1.394630
1.394694
1.394759
1.394823
1.394887
1.394887
1.394951
1.395016
1.395080
1.395144
1.395208
1.395272
1.395336
1.395400
1.395464
1.395528
1.395592
1.395656
1.395720
1.395784
1.395848
1.395912
1.395975
1.396039
1.396103
1.396167
1.396230
1.396294
1.396358
1.396421
1.396485
1.396549
1.396612
1.396676
1.396739
1.396803
1.396866
1.396930
1.396993
1.397056
1.397120
1.397183
1.397246
1.397310
1.397373
1.397436
1.397500
1.397563
1.397626
1.397689
1.397752
1.397815
1.397879
1.397942
1.398005
1.398068
1.398131
1.398194
1.398257
1.398320
1.398383
1.398446
1.398508
1.398571
1.398634
1.398697
1.398760
1.398823
1.398885
1.398948
1.399011
1.399074
1.399136
1.399199
1.399261
1.399324
1.399387
1.399449
1.399512
1.399574
1.399637
1.399699
1.399762
1.399824
1.399887
1.399949
1.400012
1.400074
1.400136
1.400199
1.400261
1.400323
1.400385
1.400448
1.400510
1.400572
1.400634
1.400697
1.400759
1.400821
1.400883
1.400945
1.401007
1.401069
1.401131
1.401193
1.401255
1.401317
1.401379
1.401441
1.401503
1.401565
1.401627
1.401689
1.401751
1.401812
1.401874
1.401936
1.401998
1.402060
1.402121
1.402183
1.402245
1.402307
1.402368
1.402430
1.402491
1.402553
1.402615
1.402676
1.402738
1.402799
1.402861
1.402923
1.402984
1.403046
1.403107
1.403168
1.403230
1.403291
1.403353
1.403414
1.403475
1.403537
1.403598
1.403659
1.403721
1.403782
1.403843
1.403905
1.403966
1.404027
1.404088
1.404149
1.404211
1.404272
1.404333
1.404394
1.404455
1.404516
1.404577
1.404638
1.404700
1.404761
1.404822
1.404883
1.404944
1.405005
1.405066
1.405127
1.405187
1.405248
1.405309
1.405370
1.405431
1.405492
1.405553
1.405614
1.405674
1.405735
1.405796
1.405857
1.405918
1.405978
1.406039
1.406100
1.406160
1.406221
1.406282
1.406342
1.406403
1.406464
1.406524
1.406585
1.406646
1.406706
1.406767
1.406827
1.406888
1.406948
1.407009
1.407069
1.407130
1.407190
1.407251
1.407311
1.407372
1.407432
1.407493
1.407553
1.407613
1.407674
1.407734
1.407794
1.407855
1.407915
1.407975
1.408036
1.408096
1.408156
1.408217
1.408277
1.408337
1.408397
1.408457
1.408518
1.408578
1.408638
1.408698
1.408758
1.408818
1.408879
1.408939
1.408999
1.409059
1.409119
1.409179
1.409239
1.409299
1.409359
1.409419
1.409479
1.409539
1.409599
1.409659
1.409719
1.409779
1.409839
1.409899
1.409959
1.410019
1.410079
1.410139
1.410199
1.410259
1.410319
1.410378
1.410438
1.410498
1.410558
1.410618
1.410678
1.410737
1.410797
1.410857
1.410917
1.410976
1.411036
1.411096
1.411156
1.411215
1.411275
1.411335
1.411395
1.411454
1.411514
1.411574
1.411633
1.411693
1.411752
1.411812
1.411872
1.411931
1.411991
1.412051
1.412110
1.412170
1.412229
1.412289
1.412348
1.412408
1.412467
1.412527
1.412586
1.412646
1.412705
1.412765
1.412824
1.412884
1.412943
1.413003
1.413062
1.413122
1.413181
1.413241
1.413300
1.413359
1.413419
1.413478
1.413538
1.413597
1.413656
1.413716
1.413775
1.413834
1.413894
1.413953
1.414012
1.414072
1.414131
1.414190
1.414250
1.414309
1.414368
1.414427
1.414487
1.414546
1.414605
1.414664
1.414724
1.414783
1.414842
1.414901
1.414961
1.415020
1.415079
1.415138
1.415197
1.415256
1.415316
1.415375
1.415434
1.415493
1.415552
1.415611
1.415671
1.415730
1.415789
1.415848
1.415907
1.415966
1.416025
1.416084
1.416143
1.416202
1.416261
1.416321
1.416380
1.416439
1.416498
1.416557
1.416616
1.416675
1.416734
1.416793
1.416852
1.416911
1.416970
1.417029
1.417088
1.417147
1.417206
1.417265
1.417324
1.417383
1.417442
1.417501
1.417559
1.417618
1.417677
1.417736
1.417795
1.417854
1.417913
1.417972
1.418031
1.418090
1.418149
1.418207
1.418266
1.418325
1.418384
1.418443
1.418502
1.418561
1.418620
1.418678
1.418737
1.418796
1.418855
1.418914
1.418973
1.419031
1.419090
1.419149
1.419208
1.419267
1.419325
1.419384
1.419443
1.419502
1.419561
1.419619
1.419678
1.419737
1.419796
1.419855
1.419913
1.419972
1.420031
1.420090
1.420148
1.420207
1.420266
1.420325
1.420383
1.420442
1.420501
1.420559
1.420618
1.420677
1.420736
1.420794
1.420853
1.420912
1.420970
1.421029
1.421088
1.421146
1.421205
1.421264
1.421322
1.421381
1.421440
1.421498
1.421557
1.421616
1.421674
1.421733
1.421792
1.421850
1.421909
1.421968
1.422026
1.422085
1.422144
1.422202
1.422261
1.422319
1.422378
1.422437
1.422495
1.422554
1.422613
1.422671
1.422730
1.422788
1.422847
1.422906
1.422964
1.423023
1.423081
1.423140
1.423198
1.423257
1.423316
1.423374
1.423433
1.423491
1.423550
1.423609
1.423667
1.423726
1.423784
1.423843
1.423901
1.423960
1.424018
1.424077
1.424135
1.424194
1.424253
1.424311
1.424370
1.424428
1.424487
1.424545
1.424604
1.424662
1.424721
1.424779
1.424838
1.424896
1.424955
1.425013
1.425013
1.425072
1.425130
1.425189
1.425247
1.425306
1.425364
1.425423
1.425481
1.425540
1.425598
1.425657
1.425715
1.425774
1.425832
1.425891
1.425949
1.426008
1.426066
1.426125
1.426183
1.426242
1.426300
1.426359
1.426417
1.426475
1.426534
1.426592
1.426651
1.426709
1.426768
1.426826
1.426885
1.426943
1.427001
1.427060
1.427118
1.427177
1.427235
1.427294
1.427352
1.427411
1.427469
1.427527
1.427586
1.427644
1.427703
1.427761
1.427819
1.427878
1.427936
1.427995
1.428053
1.428111
1.428170
1.428228
1.428287
1.428345
1.428403
1.428462
1.428520
1.428579
1.428637
1.428695
1.428754
1.428812
1.428871
1.428929
1.428987
1.429046
1.429104
1.429162
1.429221
1.429279
1.429337
1.429396
1.429454
1.429513
1.429571
1.429629
1.429688
1.429746
1.429804
1.429863
1.429921
1.429979
1.430038
1.430096
1.430154
1.430213
1.430271
1.430329
1.430388
1.430446
1.430504
1.430562
1.430621
1.430679
1.430737
1.430796
1.430854
1.430912
1.430971
1.431029
1.431087
1.431145
1.431204
1.431262
1.431320
1.431379
1.431437
1.431495
1.431553
1.431612
1.431670
1.431728
1.431786
1.431845
1.431903
1.431961
1.432019
1.432078
1.432136
1.432194
1.432252
1.432310
1.432369
1.432427
1.432485
1.432543
1.432602
1.432660
1.432718
1.432776
1.432834
1.432892
1.432951
1.433009
1.433067
1.433125
1.433183
1.433242
1.433300
1.433358
1.433416
1.433474
1.433532
1.433590
1.433649
1.433707
1.433765
1.433823
1.433881
1.433939
1.433997
1.434055
1.434113
1.434172
1.434230
1.434288
1.434346
1.434404
1.434462
1.434520
1.434578
1.434636
1.434694
1.434752
1.434810
1.434869
1.434927
1.434985
1.435043
1.435102
1.435160
1.435219
1.435278
1.435339
1.435400
1.435464
1.435531
1.435603
1.435681
1.435751
1.435723
1.435359
1.434980
1.434880
1.434901
1.434936
1.434953
1.434956
1.434959
1.434973
1.435001
1.435043
1.435094
1.435152
1.435214
1.435277
1.435342
1.435407
1.435472
1.435539
1.435606
1.435674
1.435743
1.435812
1.435883
1.435955
1.436027
1.436100
1.436173
1.436246
1.436319
1.436392
1.436465
1.436537
1.436609
1.436680
1.436750
1.436819
1.436888
1.436956
1.437023
1.437089
1.437155
1.437220
1.437284
1.437347
1.437410
1.437472
1.437533
1.437594
1.437654
1.437714
1.437773
1.437832
1.437890
1.437947
1.438004
1.438060
1.438117
1.438172
1.438227
1.438282
1.438337
1.438391
1.438444
1.438498
1.438551
1.438604
1.438656
1.438708
1.438760
1.438811
1.438862
1.438913
1.438964
1.439014
1.439065
1.439115
1.439164
1.439214
1.439263
1.439312
1.439361
1.439409
1.439458
1.439506
1.439554
1.439602
1.439649
1.439697
1.439744
1.439791
1.439838
1.439885
1.439932
1.439978
1.440024
1.440070
1.440116
1.440162
1.440208
1.440254
1.440299
1.440344
1.440389
1.440434
1.440479
1.440524
1.440569
1.440613
1.440658
1.440702
1.440746
1.440790
1.440834
1.440878
1.440922
1.440966
1.441010
1.441053
1.441096
1.441140
1.441183
1.441226
1.441269
1.441312
1.441355
1.441398
1.441441
1.441483
1.441526
1.441568
1.441611
1.441653
1.441696
1.441738
1.441780
1.441822
1.441864
1.441906
1.441948
1.441989
1.442031
1.442073
1.442114
1.442156
1.442197
1.442238
1.442280
1.442321
1.442362
1.442403
1.442444
1.442485
1.442526
1.442567
1.442608
1.442649
1.442689
1.442730
1.442770
1.442811
1.442851
1.442892
1.442932
1.442972
1.443012
1.443052
1.443093
1.443133
1.443173
1.443212
1.443252
1.443292
1.443332
1.443371
1.443411
1.443451
1.443490
1.443530
1.443569
1.443608
1.443648
1.443687
1.443726
1.443765
1.443804
1.443843
1.443882
1.443921
1.443960
1.443999
1.444038
1.444077
1.444115
1.444154
1.444193
1.444231
1.444270
1.444308
1.444347
1.444385
1.444423
1.444462
1.444500
1.444538
1.444576
1.444614
1.444652
1.444690
1.444728
1.444766
1.444804
1.444842
1.444880
1.444917
1.444955
1.444993
1.445030
1.445068
1.445106
1.445143
1.445180
1.445218
1.445255
1.445293
1.445330
1.445367
1.445404
1.445442
1.445479
1.445516
1.445553
1.445590
1.445627
1.445664
1.445701
1.445738
1.445774
1.445811
1.445848
1.445885
1.445921
1.445958
1.445995
1.446031
1.446068
1.446104
1.446141
1.446177
1.446214
1.446250
1.446287
1.446323
1.446359
1.446395
1.446432
1.446468
1.446504
1.446540
1.446576
1.446612
1.446648
1.446684
1.446720
1.446756
1.446792
1.446828
1.446864
1.446900
1.446936
1.446971
1.447007
1.447043
1.447079
1.447114
1.447150
1.447186
1.447221
1.447257
1.447292
1.447328
1.447363
1.447399
1.447434
1.447469
1.447505
1.447540
1.447575
1.447611
1.447646
1.447681
1.447716
1.447752
1.447787
1.447822
1.447857
1.447892
1.447927
1.447962
1.447997
1.448032
1.448067
1.448102
1.448137
1.448172
1.448207
1.448242
1.448277
1.448312
1.448346
1.448381
1.448416
1.448451
1.448486
1.448520
1.448520
1.448555
1.448590
1.448624
1.448659
1.448694
1.448728
1.448763
1.448797
1.448832
1.448866
1.448901
1.448935
1.448970
1.449004
1.449039
1.449073
1.449108
1.449142
1.449176
1.449211
1.449245
1.449279
1.449314
1.449348
1.449382
1.449416
1.449451
1.449485
1.449519
1.449553
1.449587
1.449622
1.449656
1.449690
1.449724
1.449758
1.449792
1.449826
1.449860
1.449894
1.449929
1.449963
1.449997
1.450031
1.450065
1.450099
1.450133
1.450167
1.450200
1.450234
1.450268
1.450302
1.450336
1.450370
1.450404
1.450438
1.450472
1.450505
1.450539
1.450573
1.450607
1.450641
1.450675
1.450708
1.450742
1.450776
1.450810
1.450843
1.450877
1.450911
1.450945
1.450978
1.451012
1.451046
1.451079
1.451113
1.451147
1.451180
1.451214
1.451248
1.451281
1.451315
1.451349
1.451382
1.451416
1.451450
1.451483
1.451517
1.451550
1.451584
1.451618
1.451651
1.451685
1.451718
1.451752
1.451785
1.451819
1.451852
1.451886
1.451919
1.451953
1.451986
1.452020
1.452054
1.452087
1.452121
1.452154
1.452188
1.452221
1.452254
1.452288
1.452321
1.452355
1.452388
1.452422
1.452455
1.452489
1.452522
1.452556
1.452589
1.452623
1.452656
1.452689
1.452723
1.452756
1.452790
1.452823
1.452857
1.452890
1.452923
1.452957
1.452990
1.453024
1.453057
1.453090
1.453124
1.453157
1.453191
1.453224
1.453257
1.453291
1.453324
1.453358
1.453391
1.453424
1.453458
1.453491
1.453525
1.453558
1.453591
1.453625
1.453658
1.453692
1.453725
1.453758
1.453792
1.453825
1.453859
1.453892
1.453925
1.453959
1.453992
1.454025
1.454059
1.454092
1.454126
1.454159
1.454192
1.454226
1.454259
1.454293
1.454326
1.454359
1.454393
1.454426
1.454460
1.454493
1.454526
1.454560
1.454593
1.454627
1.454660
1.454693
1.454727
1.454760
1.454794
1.454827
1.454860
1.454894
1.454927
1.454961
1.454994
1.455027
1.455061
1.455094
1.455128
1.455161
1.455195
1.455228
1.455261
1.455295
1.455328
1.455362
1.455395
1.455429
1.455462
1.455495
1.455529
1.455562
1.455596
1.455629
1.455663
1.455696
1.455730
1.455763
1.455797
1.455830
1.455863
1.455897
1.455930
1.455964
1.455997
1.456031
1.456064
1.456098
1.456131
1.456165
1.456198
1.456232
1.456265
1.456299
1.456332
1.456366
1.456399
1.456433
1.456466
1.456500
1.456533
1.456567
1.456600
1.456634
1.456668
1.456701
1.456735
1.456768
1.456802
1.456835
1.456869
1.456902
1.456936
1.456969
1.457003
1.457037
1.457070
1.457104
1.457137
1.457171
1.457204
1.457238
1.457272
1.457305
1.457339
1.457372
1.457406
1.457440
1.457473
1.457507
1.457540
1.457574
1.457608
1.457641
1.457675
1.457708
1.457742
1.457776
1.457809
1.457843
1.457877
1.457910
1.457944
1.457978
1.458011
1.458045
1.458078
1.458112
1.458146
1.458179
1.458213
1.458247
1.458280
1.458314
1.458348
1.458381
1.458415
1.458449
1.458483
1.458516
1.458550
1.458584
1.458617
1.458651
1.458685
1.458718
1.458752
1.458786
1.458820
1.458853
1.458887
1.458921
1.458954
1.458988
1.459022
1.459056
1.459089
1.459123
1.459157
1.459191
1.459224
1.459258
1.459292
1.459326
1.459359
1.459393
1.459427
1.459461
1.459494
1.459528
1.459562
1.459596
1.459629
1.459663
1.459697
1.459731
1.459765
1.459798
1.459832
1.459866
1.459900
1.459933
1.459967
1.460001
1.460035
1.460069
1.460102
1.460136
1.460170
1.460204
1.460238
1.460271
1.460305
1.460339
1.460373
1.460407
1.460440
1.460474
1.460508
1.460542
1.460576
1.460610
1.460643
1.460677
1.460711
1.460745
1.460779
1.460813
1.460846
1.460880
1.460914
1.460948
1.460982
1.461016
1.461049
1.461083
1.461117
1.461151
1.461185
1.461219
1.461252
1.461286
1.461320
1.461354
1.461388
1.461422
1.461455
1.461489
1.461523
1.461557
1.461591
1.461625
1.461659
1.461692
1.461726
1.461760
1.461794
1.461828
1.461862
1.461896
1.461929
1.461963
1.461997
1.462031
1.462065
1.462099
1.462132
1.462166
1.462200
1.462234
1.462268
1.462302
1.462336
1.462369
1.462403
1.462437
1.462471
1.462505
1.462539
1.462573
1.462606
1.462640
1.462674
1.462708
1.462742
1.462776
1.462809
1.462843
1.462877
1.462911
1.462945
1.462979
1.463012
1.463046
1.463080
1.463114
1.463148
1.463182
1.463216
1.463249
1.463283
1.463317
1.463351
1.463385
1.463418
1.463452
1.463486
1.463520
1.463554
1.463588
1.463621
1.463655
1.463689
1.463723
1.463757
1.463790
1.463824
1.463858
1.463892
1.463926
1.463960
1.463993
1.464027
1.464061
1.464095
1.464129
1.464162
1.464196
1.464230
1.464264
1.464297
1.464331
1.464365
1.464399
1.464433
1.464466
1.464500
1.464534
1.464568
1.464601
1.464635
1.464669
1.464703
1.464736
1.464770
1.464804
1.464838
1.464871
1.464905
1.464939
1.464973
1.465006
1.465040
1.465074
1.465108
1.465141
1.465175
1.465209
1.465242
1.465276
1.465310
1.465344
1.465344
1.465377
1.465411
1.465445
1.465478
1.465512
1.465546
1.465579
1.465613
1.465647
1.465680
1.465714
1.465748
1.465781
1.465815
1.465849
1.465882
1.465916
1.465950
1.465983
1.466017
1.466051
1.466084
1.466118
1.466151
1.466185
1.466219
1.466252
1.466286
1.466320
1.466353
1.466387
1.466420
1.466454
1.466488
1.466521
1.466555
1.466588
1.466622
1.466655
1.466689
1.466723
1.466756
1.466790
1.466823
1.466857
1.466890
1.466924
1.466957
1.466991
1.467024
1.467058
1.467091
1.467125
1.467158
1.467192
1.467225
1.467259
1.467292
1.467326
1.467359
1.467393
1.467426
1.467460
1.467493
1.467527
1.467560
1.467594
1.467627
1.467660
1.467694
1.467727
1.467761
1.467794
1.467828
1.467861
1.467894
1.467928
1.467961
1.467995
1.468028
1.468061
1.468095
1.468128
1.468161
1.468195
1.468228
1.468261
1.468295
1.468328
1.468361
1.468395
1.468428
1.468461
1.468495
1.468528
1.468561
1.468595
1.468628
1.468661
1.468694
1.468728
1.468761
1.468794
1.468828
1.468861
1.468894
1.468927
1.468961
1.468994
1.469027
1.469060
1.469093
1.469127
1.469160
1.469193
1.469226
1.469259
1.469293
1.469326
1.469359
1.469392
1.469425
1.469458
1.469492
1.469525
1.469558
1.469591
1.469624
1.469657
1.469690
1.469723
1.469757
1.469790
1.469823
1.469856
1.469889
1.469922
1.469955
1.469988
1.470021
1.470054
1.470087
1.470120
1.470153
1.470186
1.470219
1.470252
1.470285
1.470318
1.470351
1.470384
1.470417
1.470450
1.470483
1.470516
1.470549
1.470582
1.470615
1.470648
1.470681
1.470714
1.470747
1.470780
1.470813
1.470845
1.470878
1.470911
1.470944
1.470977
1.471010
1.471043
1.471076
1.471108
1.471141
1.471174
1.471207
1.471240
1.471273
1.471305
1.471338
1.471371
1.471404
1.471437
1.471469
1.471502
1.471535
1.471568
1.471600
1.471633
1.471666
1.471699
1.471731
1.471764
1.471797
1.471830
1.471862
1.471895
1.471928
1.471960
1.471993
1.472026
1.472058
1.472091
1.472124
1.472156
1.472189
1.472222
1.472254
1.472287
1.472319
1.472352
1.472385
1.472417
1.472450
1.472482
1.472515
1.472548
1.472580
1.472613
1.472645
1.472678
1.472710
1.472743
1.472775
1.472808
1.472840
1.472873
1.472905
1.472938
1.472970
1.473003
1.473035
1.473068
1.473100
1.473132
1.473165
1.473197
1.473230
1.473262
1.473295
1.473327
1.473359
1.473392
1.473424
1.473457
1.473489
1.473521
1.473554
1.473586
1.473618
1.473651
1.473683
1.473715
1.473748
1.473780
1.473812
1.473844
1.473877
1.473909
1.473941
1.473974
1.474006
1.474038
1.474070
1.474103
1.474135
1.474167
1.474199
1.474231
1.474264
1.474296
1.474328
1.474360
1.474392
1.474425
1.474457
1.474489
1.474521
1.474553
1.474585
1.474617
1.474649
1.474682
1.474714
1.474746
1.474778
1.474810
1.474842
1.474874
1.474906
1.474938
1.474970
1.475002
1.475034
1.475066
1.475098
1.475130
1.475162
1.475194
1.475226
1.475258
1.475290
1.475322
1.475354
1.475386
1.475418
1.475450
1.475482
1.475514
1.475546
1.475578
1.475610
1.475642
1.475673
1.475705
1.475737
1.475769
1.475801
1.475833
1.475865
1.475896
1.475928
1.475960
1.475992
1.476024
1.476056
1.476087
1.476119
1.476151
1.476183
1.476214
1.476246
1.476278
1.476310
1.476342
1.476373
1.476405
1.476437
1.476468
1.476500
1.476532
1.476563
1.476595
1.476627
1.476659
1.476690
1.476722
1.476753
1.476785
1.476817
1.476848
1.476880
1.476912
1.476943
1.476975
1.477006
1.477038
1.477070
1.477101
1.477133
1.477164
1.477196
1.477227
1.477259
1.477290
1.477322
1.477353
1.477385
1.477416
1.477448
1.477479
1.477511
1.477542
1.477574
1.477605
1.477637
1.477668
1.477700
1.477731
1.477762
1.477794
1.477825
1.477857
1.477888
1.477919
1.477951
1.477982
1.478013
1.478045
1.478076
1.478107
1.478139
1.478170
1.478201
1.478233
1.478264
1.478295
1.478327
1.478358
1.478389
1.478420
1.478452
1.478483
1.478514
1.478545
1.478577
1.478608
1.478639
1.478670
1.478701
1.478733
1.478764
1.478795
1.478826
1.478857
1.478889
1.478920
1.478951
1.478982
1.479013
1.479044
1.479075
1.479106
1.479138
1.479169
1.479200
1.479231
1.479262
1.479293
1.479324
1.479355
1.479386
1.479417
1.479448
1.479479
1.479510
1.479541
1.479572
1.479603
1.479634
1.479665
1.479696
1.479727
1.479758
1.479789
1.479820
1.479851
1.479882
1.479913
1.479944
1.479974
1.480005
1.480036
1.480067
1.480098
1.480129
1.480160
1.480191
1.480221
1.480252
1.480283
1.480314
1.480345
1.480376
1.480406
1.480437
1.480468
1.480499
1.480529
1.480560
1.480591
1.480622
1.480652
1.480683
1.480714
1.480745
1.480775
1.480806
1.480837
1.480867
1.480898
1.480929
1.480960
1.480990
1.481021
1.481051
1.481082
1.481113
1.481143
1.481174
1.481205
1.481235
1.481266
1.481296
1.481327
1.481358
1.481388
1.481419
1.481449
1.481449
1.481480
1.481510
1.481541
1.481571
1.481602
1.481632
1.481663
1.481693
1.481724
1.481754
1.481785
1.481815
1.481846
1.481876
1.481907
1.481937
1.481968
1.481998
1.482028
1.482059
1.482089
1.482120
1.482150
1.482180
1.482211
1.482241
1.482272
1.482302
1.482332
1.482363
1.482393
1.482423
1.482454
1.482484
1.482514
1.482544
1.482575
1.482605
1.482635
1.482666
1.482696
1.482726
1.482756
1.482787
1.482817
1.482847
1.482877
1.482907
1.482938
1.482968
1.482998
1.483028
1.483058
1.483088
1.483119
1.483149
1.483179
1.483209
1.483239
1.483269
1.483299
1.483330
1.483360
1.483390
1.483420
1.483450
1.483480
1.483510
1.483540
1.483570
1.483600
1.483630
1.483660
1.483690
1.483720
1.483750
1.483780
1.483810
1.483840
1.483870
1.483900
1.483930
1.483960
1.483990
1.484020
1.484050
1.484080
1.484110
1.484140
1.484170
1.484200
1.484229
1.484259
1.484289
1.484319
1.484349
1.484379
1.484409
1.484438
1.484468
1.484498
1.484528
1.484558
1.484588
1.484617
1.484647
1.484677
1.484707
1.484736
1.484766
1.484796
1.484826
1.484855
1.484885
1.484915
1.484945
1.484974
1.485004
1.485034
1.485063
1.485093
1.485123
1.485152
1.485182
1.485212
1.485241
1.485271
1.485301
1.485330
1.485360
1.485389
1.485419
1.485449
1.485478
1.485508
1.485537
1.485567
1.485597
1.485626
1.485656
1.485685
1.485715
1.485744
1.485774
1.485803
1.485833
1.485862
1.485892
1.485921
1.485951
1.485980
1.486010
1.486039
1.486068
1.486098
1.486127
1.486157
1.486186
1.486216
1.486245
1.486274
1.486304
1.486333
1.486363
1.486392
1.486421
1.486451
1.486480
1.486509
1.486539
1.486568
1.486597
1.486627
1.486656
1.486685
1.486714
1.486744
1.486773
1.486802
1.486831
1.486861
1.486890
1.486919
1.486948
1.486978
1.487007
1.487036
1.487065
1.487094
1.487124
1.487153
1.487182
1.487211
1.487240
1.487269
1.487299
1.487328
1.487357
1.487386
1.487415
1.487444
1.487473
1.487502
1.487531
1.487561
1.487590
1.487619
1.487648
1.487677
1.487706
1.487735
1.487764
1.487793
1.487822
1.487851
1.487880
1.487909
1.487938
1.487967
1.487996
1.488025
1.488054
1.488083
1.488112
1.488141
1.488170
1.488198
1.488227
1.488256
1.488285
1.488314
1.488343
1.488372
1.488401
1.488430
1.488458
1.488487
1.488516
1.488545
1.488574
1.488603
1.488631
1.488660
1.488689
1.488718
1.488747
1.488775
1.488804
1.488833
1.488862
1.488890
1.488919
1.488948
1.488977
1.489005
1.489034
1.489063
1.489091
1.489120
1.489149
1.489177
1.489206
1.489235
1.489263
1.489292
1.489321
1.489349
1.489378
1.489407
1.489435
1.489464
1.489492
1.489521
1.489550
1.489578
1.489607
1.489635
1.489664
1.489692
1.489721
1.489750
1.489778
1.489807
1.489835
1.489864
1.489892
1.489921
1.489949
1.489978
1.490006
1.490034
1.490063
1.490091
1.490120
1.490148
1.490177
1.490205
1.490234
1.490262
1.490290
1.490319
1.490347
1.490376
1.490404
1.490432
1.490461
1.490489
1.490517
1.490546
1.490574
1.490602
1.490631
1.490659
1.490687
1.490716
1.490744
1.490772
1.490800
1.490829
1.490857
1.490885
1.490913
1.490942
1.490970
1.490998
1.491026
1.491055
1.491083
1.491111
1.491139
1.491167
1.491195
1.491224
1.491252
1.491280
1.491308
1.491336
1.491364
1.491392
1.491421
1.491449
1.491477
1.491505
1.491533
1.491561
1.491589
1.491617
1.491645
1.491673
1.491701
1.491729
1.491757
1.491786
1.491814
1.491842
1.491870
1.491898
1.491926
1.491954
1.491982
1.492009
1.492037
1.492065
1.492093
1.492121
1.492149
1.492177
1.492205
1.492233
1.492261
1.492289
1.492317
1.492345
1.492372
1.492400
1.492428
1.492456
1.492484
1.492512
1.492540
1.492567
1.492595
1.492623
1.492651
1.492679
1.492707
1.492734
1.492762
1.492790
1.492818
1.492845
1.492873
1.492901
1.492929
1.492956
1.492984
1.493012
1.493040
1.493067
1.493095
1.493123
1.493150
1.493178
1.493206
1.493233
1.493261
1.493289
1.493316
1.493344
1.493372
1.493399
1.493427
1.493454
1.493482
1.493510
1.493537
1.493565
1.493592
1.493620
1.493648
1.493675
1.493703
1.493730
1.493758
1.493785
1.493813
1.493840
1.493868
1.493895
1.493923
1.493950
1.493978
1.494005
1.494033
1.494060
1.494088
1.494115
1.494143
1.494170
1.494197
1.494225
1.494252
1.494280
1.494307
1.494334
1.494362
1.494389
1.494417
1.494444
1.494471
1.494499
1.494526
1.494553
1.494581
1.494608
1.494635
1.494663
1.494690
1.494717
1.494744
1.494772
1.494799
1.494826
1.494854
1.494881
1.494908
1.494935
1.494963
1.494990
1.495017
1.495044
1.495071
1.495099
1.495126
1.495153
1.495180
1.495207
1.495235
1.495262
1.495289
1.495316
1.495343
1.495370
1.495397
1.495425
1.495452
1.495479
1.495506
1.495533
1.495560
1.495587
1.495614
1.495641
1.495668
1.495695
1.495722
1.495749
1.495776
1.495804
1.495804
1.495831
1.495858
1.495885
1.495912
1.495939
1.495966
1.495993
1.496019
1.496046
1.496073
1.496100
1.496127
1.496154
1.496181
1.496208
1.496235
1.496262
1.496289
1.496316
1.496343
1.496370
1.496396
1.496423
1.496450
1.496477
1.496504
1.496531
1.496558
1.496584
1.496611
1.496638
1.496665
1.496692
1.496718
1.496745
1.496772
1.496799
1.496826
1.496852
1.496879
1.496906
1.496933
1.496959
1.496986
1.497013
1.497040
1.497066
1.497093
1.497120
1.497146
1.497173
1.497200
1.497226
1.497253
1.497280
1.497306
1.497333
1.497360
1.497386
1.497413
1.497440
1.497466
1.497493
1.497519
1.497546
1.497573
1.497599
1.497626
1.497652
1.497679
1.497705
1.497732
1.497759
1.497785
1.497812
1.497838
1.497865
1.497891
1.497918
1.497944
1.497971
1.497997
1.498024
1.498050
1.498077
1.498103
1.498130
1.498156
1.498182
1.498209
1.498235
1.498262
1.498288
1.498315
1.498341
1.498367
1.498394
1.498420
1.498447
1.498473
1.498499
1.498526
1.498552
1.498578
1.498605
1.498631
1.498657
1.498684
1.498710
1.498736
1.498763
1.498789
1.498815
1.498841
1.498868
1.498894
1.498920
1.498946
1.498973
1.498999
1.499025
1.499051
1.499078
1.499104
1.499130
1.499156
1.499182
1.499209
1.499235
1.499261
1.499287
1.499313
1.499340
1.499366
1.499392
1.499418
1.499444
1.499470
1.499496
1.499523
1.499549
1.499575
1.499601
1.499627
1.499653
1.499679
1.499705
1.499731
1.499757
1.499783
1.499809
1.499835
1.499861
1.499888
1.499914
1.499940
1.499966
1.499992
1.500018
1.500044
1.500070
1.500096
1.500122
1.500147
1.500173
1.500199
1.500225
1.500251
1.500277
1.500303
1.500329
1.500355
1.500381
1.500407
1.500433
1.500459
1.500485
1.500510
1.500536
1.500562
1.500588
1.500614
1.500640
1.500666
1.500691
1.500717
1.500743
1.500769
1.500795
1.500821
1.500846
1.500872
1.500898
1.500924
1.500949
1.500975
1.501001
1.501027
1.501053
1.501078
1.501104
1.501130
1.501155
1.501181
1.501207
1.501233
1.501258
1.501284
1.501310
1.501335
1.501361
1.501387
1.501412
1.501438
1.501464
1.501489
1.501515
1.501541
1.501566
1.501592
1.501618
1.501643
1.501669
1.501694
1.501720
1.501746
1.501771
1.501797
1.501822
1.501848
1.501874
1.501899
1.501925
1.501950
1.501976
1.502001
1.502027
1.502052
1.502078
1.502103
1.502129
1.502154
1.502180
1.502205
1.502231
1.502256
1.502282
1.502307
1.502333
1.502358
1.502384
1.502409
1.502434
1.502460
1.502485
1.502511
1.502536
1.502562
1.502587
1.502612
1.502638
1.502663
1.502689
1.502714
1.502739
1.502765
1.502790
1.502815
1.502841
1.502866
1.502891
1.502917
1.502942
1.502967
1.502993
1.503018
1.503043
1.503068
1.503094
1.503119
1.503144
1.503170
1.503195
1.503220
1.503245
1.503271
1.503296
1.503321
1.503346
1.503372
1.503397
1.503422
1.503447
1.503472
1.503498
1.503523
1.503548
1.503573
1.503598
1.503624
1.503649
1.503674
1.503699
1.503724
1.503749
1.503774
1.503800
1.503825
1.503850
1.503875
1.503900
1.503925
1.503950
1.503975
1.504000
1.504026
1.504051
1.504076
1.504101
1.504126
1.504151
1.504176
1.504201
1.504226
1.504251
1.504276
1.504301
1.504326
1.504351
1.504376
1.504401
1.504426
1.504451
1.504476
1.504501
1.504526
1.504551
1.504576
1.504601
1.504626
1.504651
1.504676
1.504701
1.504726
1.504751
1.504776
1.504800
1.504825
1.504850
1.504875
1.504900
1.504925
1.504950
1.504975
1.505000
1.505025
1.505049
1.505074
1.505099
1.505124
1.505149
1.505174
1.505198
1.505223
1.505248
1.505273
1.505298
1.505323
1.505347
1.505372
1.505397
1.505422
1.505447
1.505471
1.505496
1.505521
1.505546
1.505570
1.505595
1.505620
1.505645
1.505669
1.505694
1.505719
1.505744
1.505768
1.505793
1.505818
1.505842
1.505867
1.505892
1.505917
1.505941
1.505966
1.505991
1.506015
1.506040
1.506065
1.506089
1.506114
1.506139
1.506163
1.506188
1.506213
1.506237
1.506262
1.506286
1.506311
1.506336
1.506360
1.506385
1.506409
1.506434
1.506459
1.506483
1.506508
1.506532
1.506557
1.506582
1.506606
1.506631
1.506655
1.506680
1.506704
1.506729
1.506753
1.506778
1.506802
1.506827
1.506851
1.506876
1.506900
1.506925
1.506949
1.506974
1.506998
1.507023
1.507047
1.507072
1.507096
1.507121
1.507145
1.507170
1.507194
1.507219
1.507243
1.507268
1.507292
1.507316
1.507341
1.507365
1.507390
1.507414
1.507439
1.507463
1.507487
1.507512
1.507536
1.507561
1.507585
1.507609
1.507634
1.507658
1.507682
1.507707
1.507731
1.507756
1.507780
1.507804
1.507829
1.507853
1.507877
1.507902
1.507926
1.507950
1.507975
1.507999
1.508023
1.508048
1.508072
1.508096
1.508120
1.508145
1.508169
1.508193
1.508218
1.508242
1.508266
1.508290
1.508315
1.508339
1.508363
1.508388
1.508412
1.508436
1.508460
1.508485
1.508509
1.508533
1.508533
1.508557
1.508581
1.508606
1.508630
1.508654
1.508678
1.508703
1.508727
1.508751
1.508775
1.508799
1.508824
1.508848
1.508872
1.508896
1.508920
1.508944
1.508969
1.508993
1.509017
1.509041
1.509065
1.509089
1.509114
1.509138
1.509162
1.509186
1.509210
1.509234
1.509259
1.509283
1.509307
1.509331
1.509355
1.509379
1.509403
1.509427
1.509451
1.509476
1.509500
1.509524
1.509548
1.509572
1.509596
1.509620
1.509644
1.509668
1.509692
1.509717
1.509741
1.509765
1.509789
1.509813
1.509837
1.509861
1.509885
1.509909
1.509933
1.509957
1.509981
1.510005
1.510029
1.510053
1.510077
1.510101
1.510125
1.510150
1.510174
1.510198
1.510222
1.510246
1.510270
1.510294
1.510318
1.510342
1.510366
1.510390
1.510414
1.510438
1.510462
1.510486
1.510510
1.510534
1.510558
1.510582
1.510606
1.510630
1.510654
1.510678
1.510702
1.510726
1.510750
1.510774
1.510798
1.510822
1.510846
1.510870
1.510894
1.510918
1.510941
1.510965
1.510989
1.511013
1.511037
1.511061
1.511085
1.511109
1.511133
1.511157
1.511181
1.511205
1.511229
1.511253
1.511277
1.511301
1.511325
1.511349
1.511373
1.511397
1.511421
1.511444
1.511468
1.511492
1.511516
1.511540
1.511564
1.511588
1.511612
1.511636
1.511660
1.511684
1.511708
1.511732
1.511756
1.511780
1.511803
1.511827
1.511851
1.511875
1.511899
1.511923
1.511947
1.511971
1.511995
1.512019
1.512043
1.512067
1.512091
1.512115
1.512138
1.512162
1.512186
1.512210
1.512234
1.512258
1.512282
1.512306
1.512330
1.512354
1.512378
1.512402
1.512426
1.512449
1.512473
1.512497
1.512521
1.512545
1.512569
1.512593
1.512617
1.512641
1.512665
1.512689
1.512713
1.512737
1.512761
1.512785
1.512808
1.512832
1.512856
1.512880
1.512904
1.512928
1.512952
1.512976
1.513000
1.513024
1.513048
1.513072
1.513096
1.513120
1.513144
1.513168
1.513192
1.513216
1.513240
1.513263
1.513287
1.513311
1.513335
1.513359
1.513383
1.513407
1.513431
1.513455
1.513479
1.513503
1.513527
1.513551
1.513575
1.513599
1.513623
1.513647
1.513671
1.513695
1.513719
1.513743
1.513767
1.513791
1.513815
1.513839
1.513863
1.513887
1.513911
1.513935
1.513959
1.513984
1.514008
1.514032
1.514056
1.514080
1.514104
1.514128
1.514152
1.514176
1.514200
1.514224
1.514248
1.514272
1.514296
1.514320
1.514345
1.514369
1.514393
1.514417
1.514441
1.514465
1.514489
1.514513
1.514538
1.514562
1.514586
1.514610
1.514634
1.514658
1.514682
1.514707
1.514731
1.514755
1.514779
1.514803
1.514828
1.514852
1.514876
1.514900
1.514924
1.514949
1.514973
1.514997
1.515021
1.515046
1.515070
1.515094
1.515118
1.515143
1.515167
1.515191
1.515216
1.515240
1.515264
1.515288
1.515313
1.515337
1.515361
1.515386
1.515410
1.515434
1.515459
1.515483
1.515508
1.515532
1.515556
1.515581
1.515605
1.515630
1.515654
1.515678
1.515703
1.515727
1.515752
1.515776
1.515801
1.515825
1.515850
1.515874
1.515899
1.515923
1.515948
1.515972
1.515997
1.516021
1.516046
1.516071
1.516095
1.516120
1.516144
1.516169
1.516194
1.516218
1.516243
1.516268
1.516292
1.516317
1.516342
1.516366
1.516391
1.516416
1.516440
1.516465
1.516490
1.516515
1.516539
1.516564
1.516589
1.516614
1.516639
1.516663
1.516688
1.516713
1.516738
1.516763
1.516788
1.516813
1.516838
1.516862
1.516887
1.516912
1.516937
1.516962
1.516987
1.517012
1.517037
1.517062
1.517087
1.517112
1.517137
1.517163
1.517188
1.517213
1.517238
1.517263
1.517288
1.517313
1.517338
1.517364
1.517389
1.517414
1.517439
1.517464
1.517490
1.517515
1.517540
1.517566
1.517591
1.517616
1.517642
1.517667
1.517692
1.517718
1.517743
1.517769
1.517794
1.517819
1.517845
1.517870
1.517896
1.517921
1.517947
1.517972
1.517998
1.518024
1.518049
1.518075
1.518100
1.518126
1.518152
1.518177
1.518203
1.518229
1.518255
1.518280
1.518306
1.518332
1.518358
1.518383
1.518409
1.518435
1.518461
1.518487
1.518513
1.518539
1.518565
1.518591
1.518617
1.518643
1.518669
1.518695
1.518721
1.518747
1.518773
1.518799
1.518825
1.518851
1.518877
1.518903
1.518930
1.518956
1.518982
1.519008
1.519035
1.519061
1.519087
1.519113
1.519140
1.519166
1.519192
1.519219
1.519245
1.519272
1.519298
1.519325
1.519351
1.519378
1.519404
1.519431
1.519457
1.519484
1.519510
1.519537
1.519564
1.519590
1.519617
1.519644
1.519670
1.519697
1.519724
1.519751
1.519778
1.519804
1.519831
1.519858
1.519885
1.519912
1.519939
1.519966
1.519993
1.520019
1.520046
1.520073
1.520100
1.520128
1.520155
1.520182
1.520209
1.520236
1.520263
1.520290
1.520317
1.520344
1.520372
1.520399
1.520426
1.520453
1.520481
1.520507
1.520537
1.520560
1.520595
1.520607
1.520664
1.520630
1.520764
1.520544
1.520841
1.520297
1.520573
1.520338
1.520532
1.520372
1.520372
1.520539
1.520427
1.520578
1.520496
1.520632
1.520565
1.520690
1.520626
1.520744
1.520681
1.520796
1.520730
1.520843
1.520774
1.520887
1.520815
1.520928
1.520854
1.520966
1.520890
1.521001
1.520925
1.521035
1.520959
1.521067
1.520993
1.521098
1.521027
1.521130
1.521061
1.521161
1.521095
1.521193
1.521129
1.521225
1.521164
1.521257
1.521198
1.521290
1.521233
1.521323
1.521268
1.521357
1.521303
1.521390
1.521338
1.521424
1.521373
1.521458
1.521408
1.521492
1.521443
1.521527
1.521478
1.521561
1.521513
1.521595
1.521548
1.521629
1.521582
1.521664
1.521617
1.521698
1.521651
1.521732
1.521686
1.521766
1.521720
1.521800
1.521755
1.521834
1.521789
1.521868
1.521823
1.521903
1.521858
1.521937
1.521892
1.521971
1.521926
1.522005
1.521961
1.522038
1.521995
1.522072
1.522029
1.522106
1.522064
1.522140
1.522098
1.522174
1.522132
1.522208
1.522167
1.522242
1.522201
1.522276
1.522235
1.522310
1.522270
1.522344
1.522304
1.522378
1.522338
1.522411
1.522372
1.522445
1.522406
1.522479
1.522441
1.522513
1.522475
1.522547
1.522509
1.522581
1.522543
1.522614
1.522577
1.522648
1.522611
1.522682
1.522645
1.522716
1.522679
1.522749
1.522713
1.522783
1.522747
1.522816
1.522780
1.522850
1.522814
1.522884
1.522848
1.522917
1.522882
1.522951
1.522915
1.522984
1.522949
1.523017
1.522983
1.523051
1.523016
1.523084
1.523050
1.523117
1.523083
1.523151
1.523117
1.523184
1.523150
1.523217
1.523184
1.523250
1.523217
1.523284
1.523251
1.523317
1.523284
1.523350
1.523317
1.523383
1.523351
1.523416
1.523384
1.523449
1.523417
1.523482
1.523450
1.523515
1.523484
1.523548
1.523517
1.523580
1.523550
1.523613
1.523583
1.523646
1.523616
1.523679
1.523649
1.523712
1.523682
1.523744
1.523715
1.523777
1.523748
1.523809
1.523781
1.523842
1.523813
1.523875
1.523846
1.523907
1.523879
1.523940
1.523912
1.523972
1.523944
1.524005
1.523977
1.524037
1.524010
1.524069
1.524042
1.524102
1.524075
1.524134
1.524107
1.524166
1.524140
1.524198
1.524172
1.524230
1.524205
1.524263
1.524237
1.524295
1.524269
1.524327
1.524302
1.524359
1.524334
1.524391
1.524366
1.524423
1.524398
1.524455
1.524430
1.524486
1.524462
1.524518
1.524495
1.524550
1.524527
1.524582
1.524559
1.524614
1.524590
1.524645
1.524622
1.524677
1.524654
1.524709
1.524686
1.524740
1.524718
1.524772
1.524750
1.524803
1.524782
1.524835
1.524813
1.524866
1.524845
1.524898
1.524877
1.524929
1.524908
1.524960
1.524940
1.524992
1.524971
1.525023
1.525003
1.525054
1.525034
1.525085
1.525066
1.525116
1.525097
1.525147
1.525128
1.525179
1.525160
1.525210
1.525191
1.525241
1.525222
1.525272
1.525253
1.525303
1.525285
1.525333
1.525316
1.525364
1.525347
1.525395
1.525378
1.525426
1.525409
1.525457
1.525440
1.525487
1.525471
1.525518
1.525502
1.525549
1.525533
1.525579
1.525564
1.525610
1.525594
1.525641
1.525625
1.525671
1.525656
1.525702
1.525687
1.525732
1.525717
1.525762
1.525748
1.525793
1.525779
1.525823
1.525809
1.525853
1.525840
1.525884
1.525870
1.525914
1.525901
1.525944
1.525931
1.525974
1.525962
1.526004
1.525992
1.526035
1.526022
1.526065
1.526053
1.526095
1.526083
1.526125
1.526113
1.526155
1.526143
1.526185
1.526174
1.526214
1.526204
1.526244
1.526234
1.526274
1.526264
1.526304
1.526294
1.526334
1.526324
1.526363
1.526354
1.526393
1.526384
1.526423
1.526414
1.526452
1.526444
1.526482
1.526473
1.526512
1.526503
1.526541
1.526533
1.526571
1.526563
1.526600
1.526592
1.526629
1.526622
1.526659
1.526652
1.526688
1.526681
1.526718
1.526711
1.526747
1.526740
1.526776
1.526770
1.526805
1.526799
1.526834
1.526829
1.526864
1.526858
1.526893
1.526888
1.526922
1.526917
1.526951
1.526946
1.526980
1.526975
1.527009
1.527005
1.527038
1.527034
1.527067
1.527063
1.527096
1.527092
1.527124
1.527121
1.527153
1.527150
1.527182
1.527179
1.527211
1.527208
1.527240
1.527237
1.527268
1.527266
1.527297
1.527295
1.527326
1.527324
1.527354
1.527353
1.527383
1.527382
1.527411
1.527410
1.527440
1.527439
1.527468
1.527468
1.527497
1.527496
1.527525
1.527525
1.527553
1.527554
1.527582
1.527582
1.527610
1.527611
1.527638
1.527639
1.527666
1.527668
1.527695
1.527696
1.527723
1.527724
1.527751
1.527753
1.527779
1.527781
1.527807
1.527809
1.527835
1.527838
1.527863
1.527866
1.527891
1.527894
1.527919
1.527922
1.527947
1.527950
1.527975
1.527979
1.528003
1.528007
1.528030
1.528035
1.528058
1.528063
1.528086
1.528091
1.528114
1.528118
1.528141
1.528146
1.528169
1.528174
1.528196
1.528202
1.528224
1.528230
1.528252
1.528258
1.528279
1.528285
1.528307
1.528313
1.528334
1.528341
1.528361
1.528368
1.528389
1.528396
1.528416
1.528423
1.528443
1.528443
1.528451
1.528471
1.528478
1.528498
1.528506
1.528525
1.528533
1.528552
1.528560
1.528579
1.528588
1.528607
1.528615
1.528634
1.528642
1.528661
1.528669
1.528688
1.528697
1.528715
1.528724
1.528742
1.528751
1.528769
1.528778
1.528795
1.528805
1.528822
1.528832
1.528849
1.528859
1.528876
1.528886
1.528903
1.528913
1.528929
1.528940
1.528956
1.528966
1.528983
1.528993
1.529009
1.529020
1.529036
1.529047
1.529062
1.529073
1.529089
1.529100
1.529115
1.529126
1.529142
1.529153
1.529168
1.529180
1.529195
1.529206
1.529221
1.529232
1.529247
1.529259
1.529274
1.529285
1.529300
1.529312
1.529326
1.529338
1.529352
1.529364
1.529378
1.529390
1.529405
1.529416
1.529431
1.529443
1.529457
1.529469
1.529483
1.529495
1.529509
1.529521
1.529535
1.529547
1.529561
1.529573
1.529587
1.529599
1.529612
1.529625
1.529638
1.529651
1.529664
1.529676
1.529690
1.529702
1.529716
1.529728
1.529741
1.529754
1.529767
1.529779
1.529793
1.529805
1.529818
1.529831
1.529844
1.529856
1.529869
1.529882
1.529895
1.529907
1.529920
1.529933
1.529946
1.529958
1.529971
1.529984
1.529996
1.530009
1.530022
1.530034
1.530047
1.530060
1.530072
1.530085
1.530098
1.530110
1.530123
1.530135
1.530148
1.530161
1.530173
1.530186
1.530198
1.530211
1.530224
1.530236
1.530249
1.530261
1.530274
1.530286
1.530299
1.530311
1.530324
1.530336
1.530349
1.530361
1.530374
1.530386
1.530399
1.530411
1.530423
1.530436
1.530448
1.530461
1.530473
1.530485
1.530498
1.530510
1.530523
1.530535
1.530547
1.530560
1.530572
1.530584
1.530597
1.530609
1.530621
1.530634
1.530646
1.530658
1.530671
1.530683
1.530695
1.530708
1.530720
1.530732
1.530744
1.530757
1.530769
1.530781
1.530793
1.530806
1.530818
1.530830
1.530842
1.530854
1.530867
1.530879
1.530891
1.530903
1.530915
1.530928
1.530940
1.530952
1.530964
1.530976
1.530988
1.531001
1.531013
1.531025
1.531037
1.531049
1.531061
1.531073
1.531085
1.531098
1.531110
1.531122
1.531134
1.531146
1.531158
1.531170
1.531182
1.531194
1.531206
1.531218
1.531230
1.531243
1.531255
1.531267
1.531279
1.531291
1.531303
1.531315
1.531327
1.531339
1.531351
1.531363
1.531375
1.531387
1.531399
1.531411
1.531423
1.531435
1.531447
1.531459
1.531471
1.531483
1.531495
1.531507
1.531519
1.531531
1.531543
1.531555
1.531567
1.531579
1.531591
1.531603
1.531615
1.531627
1.531639
1.531651
1.531663
1.531675
1.531687
1.531699
1.531711
1.531723
1.531735
1.531747
1.531759
1.531771
1.531783
1.531795
1.531807
1.531819
1.531831
1.531843
1.531855
1.531867
1.531879
1.531891
1.531903
1.531915
1.531927
1.531939
1.531951
1.531963
1.531975
1.531987
1.531999
1.532011
1.532023
1.532035
1.532047
1.532059
1.532071
1.532083
1.532095
1.532107
1.532119
1.532131
1.532143
1.532155
1.532167
1.532179
1.532191
1.532203
1.532215
1.532228
1.532240
1.532252
1.532264
1.532276
1.532288
1.532300
1.532312
1.532324
1.532337
1.532349
1.532361
1.532373
1.532385
1.532397
1.532410
1.532422
1.532434
1.532446
1.532458
1.532471
1.532483
1.532495
1.532507
1.532520
1.532532
1.532544
1.532557
1.532569
1.532581
1.532593
1.532606
1.532618
1.532631
1.532643
1.532655
1.532668
1.532680
1.532693
1.532705
1.532717
1.532730
1.532742
1.532755
1.532767
1.532780
1.532792
1.532805
1.532818
1.532830
1.532843
1.532855
1.532868
1.532881
1.532893
1.532906
1.532919
1.532931
1.532944
1.532957
1.532969
1.532982
1.532995
1.533008
1.533021
1.533034
1.533046
1.533059
1.533072
1.533085
1.533098
1.533111
1.533124
1.533137
1.533150
1.533163
1.533176
1.533189
1.533202
1.533215
1.533229
1.533242
1.533255
1.533268
1.533281
1.533295
1.533308
1.533321
1.533335
1.533348
1.533361
1.533375
1.533388
1.533402
1.533415
1.533429
1.533442
1.533456
1.533470
1.533483
1.533497
1.533511
1.533524
1.533538
1.533552
1.533566
1.533579
1.533593
1.533607
1.533621
1.533635
1.533649
1.533663
1.533677
1.533691
1.533705
1.533719
1.533734
1.533748
1.533762
1.533776
1.533791
1.533805
1.533819
1.533834
1.533848
1.533863
1.533877
1.533892
1.533906
1.533921
1.533936
1.533950
1.533965
1.533980
1.533994
1.534009
1.534024
1.534039
1.534054
1.534069
1.534084
1.534099
1.534114
1.534129
1.534145
1.534160
1.534175
1.534190
1.534206
1.534221
1.534236
1.534252
1.534267
1.534283
1.534298
1.534314
1.534330
1.534345
1.534361
1.534377
1.534393
1.534408
1.534426
1.534439
1.534459
1.534468
1.534496
1.534492
1.534540
1.534500
1.534600
1.534459
1.534660
1.534326
1.534583
1.534259
1.534468
1.534271
1.534430
1.534300
1.534430
1.534343
1.534452
1.534390
1.534483
1.534435
1.534516
1.534476
1.534549
1.534512
1.534580
1.534546
1.534610
1.534576
1.534639
1.534605
1.534666
1.534631
1.534631
1.534692
1.534656
1.534717
1.534679
1.534741
1.534700
1.534764
1.534719
1.534786
1.534738
1.534808
1.534755
1.534829
1.534772
1.534849
1.534788
1.534869
1.534804
1.534888
1.534820
1.534906
1.534835
1.534923
1.534852
1.534940
1.534869
1.534957
1.534887
1.534974
1.534906
1.534992
1.534926
1.535010
1.534946
1.535028
1.534968
1.535047
1.534990
1.535067
1.535012
1.535087
1.535034
1.535107
1.535056
1.535128
1.535078
1.535149
1.535101
1.535171
1.535123
1.535192
1.535144
1.535214
1.535166
1.535235
1.535187
1.535257
1.535208
1.535279
1.535229
1.535300
1.535250
1.535322
1.535270
1.535343
1.535290
1.535365
1.535310
1.535386
1.535329
1.535407
1.535349
1.535427
1.535368
1.535448
1.535388
1.535468
1.535407
1.535488
1.535427
1.535508
1.535446
1.535528
1.535466
1.535548
1.535486
1.535568
1.535507
1.535588
1.535527
1.535609
1.535548
1.535629
1.535569
1.535649
1.535589
1.535670
1.535610
1.535691
1.535632
1.535711
1.535653
1.535732
1.535674
1.535753
1.535694
1.535774
1.535715
1.535795
1.535736
1.535816
1.535757
1.535838
1.535777
1.535859
1.535798
1.535879
1.535818
1.535900
1.535838
1.535921
1.535859
1.535942
1.535879
1.535963
1.535899
1.535983
1.535919
1.536004
1.535939
1.536024
1.535959
1.536045
1.535979
1.536065
1.536000
1.536085
1.536020
1.536106
1.536040
1.536126
1.536061
1.536147
1.536081
1.536167
1.536101
1.536188
1.536122
1.536208
1.536142
1.536229
1.536163
1.536250
1.536183
1.536270
1.536204
1.536291
1.536224
1.536312
1.536245
1.536332
1.536265
1.536353
1.536285
1.536373
1.536305
1.536394
1.536326
1.536414
1.536346
1.536435
1.536366
1.536455
1.536386
1.536476
1.536406
1.536496
1.536426
1.536517
1.536446
1.536537
1.536466
1.536557
1.536486
1.536578
1.536507
1.536598
1.536527
1.536618
1.536547
1.536639
1.536567
1.536659
1.536587
1.536679
1.536607
1.536699
1.536627
1.536720
1.536647
1.536740
1.536668
1.536760
1.536688
1.536781
1.536708
1.536801
1.536728
1.536821
1.536748
1.536842
1.536768
1.536862
1.536788
1.536882
1.536807
1.536902
1.536827
1.536922
1.536847
1.536942
1.536867
1.536963
1.536887
1.536983
1.536907
1.537003
1.536927
1.537023
1.536947
1.537043
1.536967
1.537063
1.536987
1.537083
1.537006
1.537103
1.537026
1.537123
1.537046
1.537143
1.537066
1.537163
1.537086
1.537184
1.537105
1.537204
1.537125
1.537224
1.537145
1.537244
1.537165
1.537263
1.537184
1.537283
1.537204
1.537303
1.537224
1.537323
1.537244
1.537343
1.537263
1.537363
1.537283
1.537383
1.537303
1.537403
1.537322
1.537423
1.537342
1.537443
1.537362
1.537463
1.537381
1.537482
1.537401
1.537502
1.537420
1.537522
1.537440
1.537542
1.537459
1.537562
1.537479
1.537581
1.537499
1.537601
1.537518
1.537621
1.537538
1.537641
1.537557
1.537660
1.537577
1.537680
1.537596
1.537700
1.537616
1.537720
1.537635
1.537739
1.537655
1.537759
1.537674
1.537779
1.537693
1.537798
1.537713
1.537818
1.537732
1.537838
1.537752
1.537857
1.537771
1.537877
1.537790
1.537896
1.537810
1.537916
1.537829
1.537936
1.537849
1.537955
1.537868
1.537975
1.537887
1.537994
1.537906
1.538014
1.537926
1.538033
1.537945
1.538053
1.537964
1.538072
1.537984
1.538092
1.538003
1.538111
1.538022
1.538131
1.538041
1.538150
1.538061
1.538170
1.538080
1.538189
1.538099
1.538208
1.538118
1.538228
1.538137
1.538247
1.538157
1.538267
1.538176
1.538286
1.538195
1.538305
1.538214
1.538325
1.538233
1.538344
1.538252
1.538363
1.538271
1.538383
1.538291
1.538402
1.538310
1.538421
1.538329
1.538441
1.538348
1.538460
1.538367
1.538479
1.538386
1.538498
1.538405
1.538518
1.538424
1.538537
1.538443
1.538556
1.538462
1.538575
1.538481
1.538595
1.538500
1.538614
1.538519
1.538633
1.538538
1.538652
1.538557
1.538671
1.538576
1.538691
1.538595
1.538710
1.538614
1.538729
1.538633
1.538748
1.538652
1.538767
1.538671
1.538786
1.538690
1.538805
1.538709
1.538825
1.538727
1.538844
1.538746
1.538863
1.538765
1.538882
1.538784
1.538901
1.538803
1.538920
1.538822
1.538939
1.538841
1.538958
1.538860
1.538977
1.538878
1.538996
1.538897
1.539015
1.538916
1.539034
1.538935
1.539053
1.538954
1.539072
1.538972
1.539091
1.538991
1.539110
1.539010
1.539129
1.539029
1.539148
1.539047
1.539167
1.539066
1.539186
1.539085
1.539205
1.539104
1.539224
1.539122
1.539243
1.539141
1.539262
1.539160
1.539281
1.539179
1.539299
1.539197
1.539318
1.539216
1.539337
1.539235
1.539356
1.539253
1.539375
1.539272
1.539394
1.539291
1.539413
1.539309
1.539432
1.539328
1.539450
1.539347
1.539469
1.539365
1.539488
1.539384
1.539507
1.539402
1.539526
1.539421
1.539544
1.539440
1.539563
1.539458
1.539582
1.539477
1.539601
1.539495
1.539620
1.539514
1.539638
1.539638
1.539533
1.539657
1.539551
1.539676
1.539570
1.539695
1.539588
1.539713
1.539607
1.539732
1.539625
1.539751
1.539644
1.539770
1.539662
1.539788
1.539681
1.539807
1.539699
1.539826
1.539718
1.539844
1.539736
1.539863
1.539755
1.539882
1.539773
1.539900
1.539792
1.539919
1.539810
1.539938
1.539829
1.539956
1.539847
1.539975
1.539866
1.539994
1.539884
1.540012
1.539903
1.540031
1.539921
1.540050
1.539940
1.540068
1.539958
1.540087
1.539977
1.540106
1.539995
1.540124
1.540013
1.540143
1.540032
1.540161
1.540050
1.540180
1.540069
1.540199
1.540087
1.540217
1.540106
1.540236
1.540124
1.540254
1.540142
1.540273
1.540161
1.540291
1.540179
1.540310
1.540198
1.540329
1.540216
1.540347
1.540234
1.540366
1.540253
1.540384
1.540271
1.540403
1.540289
1.540421
1.540308
1.540440
1.540326
1.540458
1.540344
1.540477
1.540363
1.540495
1.540381
1.540514
1.540400
1.540532
1.540418
1.540551
1.540436
1.540569
1.540455
1.540588
1.540473
1.540606
1.540491
1.540625
1.540510
1.540643
1.540528
1.540662
1.540546
1.540680
1.540564
1.540699
1.540583
1.540717
1.540601
1.540736
1.540619
1.540754
1.540638
1.540773
1.540656
1.540791
1.540674
1.540810
1.540693
1.540828
1.540711
1.540846
1.540729
1.540865
1.540748
1.540883
1.540766
1.540902
1.540784
1.540920
1.540802
1.540939
1.540821
1.540957
1.540839
1.540975
1.540857
1.540994
1.540875
1.541012
1.540894
1.541031
1.540912
1.541049
1.540930
1.541068
1.540949
1.541086
1.540967
1.541104
1.540985
1.541123
1.541003
1.541141
1.541022
1.541160
1.541040
1.541178
1.541058
1.541196
1.541076
1.541215
1.541095
1.541233
1.541113
1.541252
1.541131
1.541270
1.541149
1.541288
1.541168
1.541307
1.541186
1.541325
1.541204
1.541344
1.541222
1.541362
1.541241
1.541380
1.541259
1.541399
1.541277
1.541417
1.541295
1.541436
1.541314
1.541454
1.541332
1.541472
1.541350
1.541491
1.541368
1.541509
1.541387
1.541527
1.541405
1.541546
1.541423
1.541564
1.541441
1.541583
1.541460
1.541601
1.541478
1.541619
1.541496
1.541638
1.541514
1.541656
1.541533
1.541674
1.541551
1.541693
1.541569
1.541711
1.541587
1.541730
1.541606
1.541748
1.541624
1.541766
1.541642
1.541785
1.541660
1.541803
1.541679
1.541821
1.541697
1.541840
1.541715
1.541858
1.541733
1.541877
1.541752
1.541895
1.541770
1.541913
1.541788
1.541932
1.541806
1.541950
1.541825
1.541968
1.541843
1.541987
1.541861
1.542005
1.541879
1.542023
1.541898
1.542042
1.541916
1.542060
1.541934
1.542079
1.541953
1.542097
1.541971
1.542115
1.541989
1.542134
1.542007
1.542152
1.542026
1.542171
1.542044
1.542189
1.542062
1.542207
1.542080
1.542226
1.542099
1.542244
1.542117
1.542262
1.542135
1.542281
1.542154
1.542299
1.542172
1.542318
1.542190
1.542336
1.542208
1.542354
1.542227
1.542373
1.542245
1.542391
1.542263
1.542410
1.542282
1.542428
1.542300
1.542446
1.542318
1.542465
1.542337
1.542483
1.542355
1.542502
1.542373
1.542520
1.542392
1.542538
1.542410
1.542557
1.542428
1.542575
1.542447
1.542594
1.542465
1.542612
1.542483
1.542631
1.542502
1.542649
1.542520
1.542667
1.542538
1.542686
1.542557
1.542704
1.542575
1.542723
1.542593
1.542741
1.542612
1.542760
1.542630
1.542778
1.542649
1.542797
1.542667
1.542815
1.542685
1.542833
1.542704
1.542852
1.542722
1.542870
1.542740
1.542889
1.542759
1.542907
1.542777
1.542926
1.542796
1.542944
1.542814
1.542963
1.542832
1.542981
1.542851
1.543000
1.542869
1.543018
1.542888
1.543037
1.542906
1.543055
1.542925
1.543074
1.542943
1.543092
1.542961
1.543111
1.542980
1.543129
1.542998
1.543148
1.543017
1.543166
1.543035
1.543185
1.543054
1.543203
1.543072
1.543222
1.543091
1.543240
1.543109
1.543259
1.543128
1.543277
1.543146
1.543296
1.543165
1.543314
1.543183
1.543333
1.543202
1.543352
1.543220
1.543370
1.543239
1.543389
1.543257
1.543407
1.543276
1.543426
1.543294
1.543444
1.543313
1.543463
1.543331
1.543481
1.543350
1.543500
1.543368
1.543519
1.543387
1.543537
1.543406
1.543556
1.543424
1.543574
1.543443
1.543593
1.543461
1.543612
1.543480
1.543630
1.543498
1.543649
1.543517
1.543668
1.543536
1.543686
1.543554
1.543705
1.543573
1.543723
1.543591
1.543742
1.543610
1.543761
1.543629
1.543779
1.543647
1.543798
1.543666
1.543817
1.543685
1.543835
1.543703
1.543854
1.543722
1.543873
1.543741
1.543891
1.543759
1.543910
1.543778
1.543929
1.543797
1.543947
1.543815
1.543966
1.543834
1.543985
1.543853
1.544004
1.543871
1.544022
1.543890
1.544041
1.543909
1.544060
1.543928
1.544079
1.543946
1.544097
1.543965
1.544116
1.543984
1.544135
1.544003
1.544153
1.544021
1.544172
1.544040
1.544191
1.544059
1.544210
1.544078
1.544229
1.544097
1.544247
1.544115
1.544115
1.544266
1.544134
1.544285
1.544153
1.544304
1.544172
1.544323
1.544191
1.544341
1.544209
1.544360
1.544228
1.544379
1.544247
1.544398
1.544266
1.544417
1.544285
1.544435
1.544304
1.544454
1.544322
1.544473
1.544341
1.544492
1.544360
1.544511
1.544379
1.544530
1.544398
1.544549
1.544417
1.544567
1.544436
1.544586
1.544455
1.544605
1.544474
1.544624
1.544493
1.544643
1.544512
1.544662
1.544530
1.544681
1.544549
1.544700
1.544568
1.544719
1.544587
1.544737
1.544606
1.544756
1.544625
1.544775
1.544644
1.544794
1.544663
1.544813
1.544682
1.544832
1.544701
1.544851
1.544720
1.544870
1.544739
1.544889
1.544758
1.544908
1.544777
1.544927
1.544796
1.544946
1.544815
1.544965
1.544834
1.544984
1.544854
1.545003
1.544873
1.545022
1.544892
1.545041
1.544911
1.545060
1.544930
1.545079
1.544949
1.545098
1.544968
1.545117
1.544987
1.545136
1.545006
1.545155
1.545025
1.545174
1.545044
1.545193
1.545064
1.545212
1.545083
1.545231
1.545102
1.545250
1.545121
1.545269
1.545140
1.545288
1.545159
1.545307
1.545178
1.545326
1.545198
1.545345
1.545217
1.545364
1.545236
1.545384
1.545255
1.545403
1.545274
1.545422
1.545294
1.545441
1.545313
1.545460
1.545332
1.545479
1.545351
1.545498
1.545371
1.545517
1.545390
1.545536
1.545409
1.545556
1.545428
1.545575
1.545448
1.545594
1.545467
1.545613
1.545486
1.545632
1.545505
1.545651
1.545525
1.545670
1.545544
1.545689
1.545563
1.545709
1.545582
1.545728
1.545602
1.545747
1.545621
1.545766
1.545640
1.545785
1.545660
1.545804
1.545679
1.545824
1.545698
1.545843
1.545718
1.545862
1.545737
1.545881
1.545756
1.545900
1.545776
1.545920
1.545795
1.545939
1.545814
1.545958
1.545834
1.545977
1.545853
1.545996
1.545873
1.546016
1.545892
1.546035
1.545911
1.546054
1.545931
1.546073
1.545950
1.546092
1.545970
1.546112
1.545989
1.546131
1.546008
1.546150
1.546028
1.546169
1.546047
1.546188
1.546067
1.546208
1.546086
1.546227
1.546106
1.546246
1.546125
1.546265
1.546144
1.546285
1.546164
1.546304
1.546183
1.546323
1.546203
1.546342
1.546222
1.546362
1.546242
1.546381
1.546261
1.546400
1.546281
1.546419
1.546300
1.546439
1.546320
1.546458
1.546339
1.546477
1.546359
1.546496
1.546378
1.546516
1.546398
1.546535
1.546417
1.546554
1.546437
1.546573
1.546456
1.546593
1.546476
1.546612
1.546495
1.546631
1.546515
1.546650
1.546534
1.546670
1.546554
1.546689
1.546573
1.546708
1.546593
1.546727
1.546612
1.546747
1.546632
1.546766
1.546651
1.546785
1.546671
1.546804
1.546690
1.546823
1.546710
1.546843
1.546729
1.546862
1.546749
1.546881
1.546768
1.546900
1.546788
1.546920
1.546807
1.546939
1.546827
1.546958
1.546847
1.546977
1.546866
1.546996
1.546886
1.547016
1.546905
1.547035
1.546925
1.547054
1.546944
1.547073
1.546964
1.547093
1.546983
1.547112
1.547003
1.547131
1.547022
1.547150
1.547042
1.547169
1.547061
1.547188
1.547081
1.547208
1.547101
1.547227
1.547120
1.547246
1.547140
1.547265
1.547159
1.547284
1.547179
1.547303
1.547198
1.547323
1.547218
1.547342
1.547237
1.547361
1.547257
1.547380
1.547276
1.547399
1.547296
1.547418
1.547315
1.547437
1.547335
1.547456
1.547354
1.547476
1.547374
1.547495
1.547393
1.547514
1.547413
1.547533
1.547432
1.547552
1.547452
1.547571
1.547471
1.547590
1.547491
1.547609
1.547510
1.547628
1.547530
1.547647
1.547549
1.547666
1.547569
1.547685
1.547588
1.547704
1.547608
1.547723
1.547627
1.547742
1.547647
1.547761
1.547666
1.547780
1.547686
1.547799
1.547705
1.547818
1.547725
1.547837
1.547744
1.547856
1.547763
1.547874
1.547783
1.547893
1.547802
1.547912
1.547822
1.547931
1.547841
1.547950
1.547860
1.547969
1.547880
1.547988
1.547899
1.548006
1.547919
1.548025
1.547938
1.548044
1.547957
1.548063
1.547977
1.548081
1.547996
1.548100
1.548015
1.548119
1.548035
1.548138
1.548054
1.548156
1.548073
1.548175
1.548093
1.548194
1.548112
1.548212
1.548131
1.548231
1.548151
1.548249
1.548170
1.548268
1.548189
1.548287
1.548208
1.548305
1.548228
1.548324
1.548247
1.548342
1.548266
1.548361
1.548285
1.548379
1.548304
1.548398
1.548324
1.548416
1.548343
1.548434
1.548362
1.548453
1.548381
1.548471
1.548400
1.548490
1.548419
1.548508
1.548439
1.548526
1.548458
1.548544
1.548477
1.548563
1.548496
1.548581
1.548515
1.548599
1.548534
1.548617
1.548553
1.548635
1.548572
1.548654
1.548591
1.548672
1.548610
1.548690
1.548629
1.548708
1.548648
1.548726
1.548667
1.548744
1.548686
1.548762
1.548705
1.548780
1.548724
1.548798
1.548743
1.548815
1.548762
1.548833
1.548781
1.548851
1.548800
1.548869
1.548819
1.548886
1.548838
1.548904
1.548856
1.548922
1.548875
1.548939
1.548894
1.548957
1.548913
1.548974
1.548974
1.548932
1.548992
1.548951
1.549009
1.548969
1.549027
1.548988
1.549044
1.549007
1.549061
1.549026
1.549079
1.549045
1.549096
1.549063
1.549113
1.549082
1.549130
1.549101
1.549147
1.549119
1.549164
1.549138
1.549181
1.549157
1.549197
1.549175
1.549214
1.549194
1.549231
1.549213
1.549247
1.549231
1.549264
1.549250
1.549280
1.549268
1.549296
1.549287
1.549312
1.549305
1.549329
1.549323
1.549345
1.549341
1.549361
1.549359
1.549377
1.549377
1.549393
1.549394
1.549409
1.549412
1.549424
1.549429
1.549440
1.549446
1.549456
1.549463
1.549473
1.549479
1.549489
1.549496
1.549505
1.549513
1.549521
1.549529
1.549537
1.549545
1.549554
1.549562
1.549570
1.549578
1.549586
1.549595
1.549603
1.549611
1.549620
1.549628
1.549636
1.549645
1.549653
1.549662
1.549670
1.549679
1.549687
1.549696
1.549705
1.549713
1.549722
1.549731
1.549740
1.549749
1.549759
1.549768
1.549777
1.549787
1.549796
1.549806
1.549816
1.549826
1.549836
1.549846
1.549857
1.549867
1.549878
1.549889
1.549900
1.549912
1.549923
1.549935
1.549947
1.549960
1.549972
1.549985
1.549998
1.550011
1.550025
1.550039
1.550053
1.550067
1.550082
1.550097
1.550112
1.550128
1.550144
1.550160
1.550177
1.550194
1.550211
1.550228
1.550246
1.550265
1.550283
1.550302
1.550321
1.550341
1.550361
1.550381
1.550401
1.550422
1.550443
1.550464
1.550486
1.550508
1.550530
1.550552
1.550575
1.550598
1.550621
1.550644
1.550668
1.550692
1.550716
1.550740
1.550764
1.550789
1.550813
1.550838
1.550863
1.550888
1.550913
1.550938
1.550964
1.550989
1.551015
1.551040
1.551066
1.551091
1.551117
1.551143
1.551169
1.551194
1.551220
1.551246
1.551272
1.551298
1.551323
1.551349
1.551375
1.551400
1.551426
1.551451
1.551477
1.551502
1.551528
1.551553
1.551578
1.551603
1.551628
1.551653
1.551678
1.551703
1.551727
1.551752
1.551777
1.551801
1.551825
1.551849
1.551873
1.551897
1.551921
1.551945
1.551969
1.551992
1.552016
1.552039
1.552062
1.552085
1.552108
1.552131
1.552154
1.552177
1.552199
1.552222
1.552244
1.552266
1.552289
1.552311
1.552333
1.552355
1.552377
1.552399
1.552420
1.552442
1.552463
1.552485
1.552506
1.552528
1.552549
1.552570
1.552591
1.552612
1.552633
1.552654
1.552675
1.552696
1.552717
1.552737
1.552758
1.552779
1.552799
1.552820
1.552840
1.552861
1.552881
1.552902
1.552922
1.552942
1.552962
1.552983
1.553003
1.553023
1.553043
1.553063
1.553083
1.553103
1.553124
1.553144
1.553164
1.553183
1.553203
1.553223
1.553243
1.553263
1.553283
1.553303
1.553323
1.553343
1.553362
1.553382
1.553402
1.553422
1.553441
1.553461
1.553481
1.553501
1.553520
1.553540
1.553560
1.553579
1.553599
1.553618
1.553638
1.553658
1.553677
1.553697
1.553716
1.553736
1.553756
1.553775
1.553795
1.553814
1.553834
1.553853
1.553872
1.553892
1.553911
1.553931
1.553950
1.553970
1.553989
1.554008
1.554028
1.554047
1.554067
1.554086
1.554105
1.554124
1.554144
1.554163
1.554182
1.554202
1.554221
1.554240
1.554259
1.554279
1.554298
1.554317
1.554336
1.554355
1.554374
1.554393
1.554413
1.554432
1.554451
1.554470
1.554489
1.554508
1.554527
1.554546
1.554565
1.554584
1.554603
1.554622
1.554641
1.554660
1.554679
1.554698
1.554717
1.554736
1.554755
1.554773
1.554792
1.554811
1.554830
1.554849
1.554868
1.554886
1.554905
1.554924
1.554943
1.554961
1.554980
1.554999
1.555018
1.555036
1.555055
1.555074
1.555092
1.555111
1.555130
1.555148
1.555167
1.555186
1.555204
1.555223
1.555241
1.555260
1.555279
1.555297
1.555316
1.555334
1.555353
1.555371
1.555390
1.555408
1.555427
1.555445
1.555464
1.555482
1.555501
1.555519
1.555538
1.555556
1.555574
1.555593
1.555611
1.555630
1.555648
1.555666
1.555685
1.555703
1.555721
1.555740
1.555758
1.555776
1.555795
1.555813
1.555831
1.555850
1.555868
1.555886
1.555904
1.555923
1.555941
1.555959
1.555977
1.555995
1.556014
1.556032
1.556050
1.556068
1.556086
1.556105
1.556123
1.556141
1.556159
1.556177
1.556195
1.556213
1.556231
1.556250
1.556268
1.556286
1.556304
1.556322
1.556340
1.556358
1.556376
1.556394
1.556412
1.556430
1.556448
1.556466
1.556484
1.556502
1.556520
1.556538
1.556556
1.556574
1.556592
1.556610
1.556628
1.556646
1.556663
1.556681
1.556699
1.556717
1.556735
1.556753
1.556771
1.556789
1.556807
1.556824
1.556842
1.556860
1.556878
1.556896
1.556913
1.556931
1.556949
1.556967
1.556985
1.557002
1.557020
1.557038
1.557056
1.557073
1.557091
1.557109
1.557127
1.557144
1.557162
1.557180
1.557197
1.557215
1.557233
1.557250
1.557268
1.557286
1.557303
1.557321
1.557339
1.557356
1.557374
1.557392
1.557409
1.557427
1.557444
1.557462
1.557480
1.557497
1.557515
1.557532
1.557550
1.557567
1.557585
1.557602
1.557602
1.557620
1.557638
1.557655
1.557673
1.557690
1.557708
1.557725
1.557743
1.557760
1.557778
1.557795
1.557812
1.557830
1.557847
1.557865
1.557882
1.557900
1.557917
1.557935
1.557952
1.557969
1.557987
1.558004
1.558022
1.558039
1.558056
1.558074
1.558091
1.558108
1.558126
1.558143
1.558160
1.558178
1.558195
1.558212
1.558230
1.558247
1.558264
1.558282
1.558299
1.558316
1.558333
1.558351
1.558368
1.558385
1.558402
1.558420
1.558437
1.558454
1.558471
1.558489
1.558506
1.558523
1.558540
1.558557
1.558575
1.558592
1.558609
1.558626
1.558643
1.558661
1.558678
1.558695
1.558712
1.558729
1.558746
1.558763
1.558781
1.558798
1.558815
1.558832
1.558849
1.558866
1.558883
1.558900
1.558917
1.558934
1.558951
1.558969
1.558986
1.559003
1.559020
1.559037
1.559054
1.559071
1.559088
1.559105
1.559122
1.559139
1.559156
1.559173
1.559190
1.559207
1.559224
1.559241
1.559258
1.559275
1.559292
1.559309
1.559326
1.559343
1.559359
1.559376
1.559393
1.559410
1.559427
1.559444
1.559461
1.559478
1.559495
1.559512
1.559529
1.559545
1.559562
1.559579
1.559596
1.559613
1.559630
1.559647
1.559663
1.559680
1.559697
1.559714
1.559731
1.559748
1.559764
1.559781
1.559798
1.559815
1.559832
1.559848
1.559865
1.559882
1.559899
1.559915
1.559932
1.559949
1.559966
1.559982
1.559999
1.560016
1.560033
1.560049
1.560066
1.560083
1.560100
1.560116
1.560133
1.560150
1.560166
1.560183
1.560200
1.560216
1.560233
1.560250
1.560266
1.560283
1.560300
1.560316
1.560333
1.560350
1.560366
1.560383
1.560399
1.560416
1.560433
1.560449
1.560466
1.560482
1.560499
1.560516
1.560532
1.560549
1.560565
1.560582
1.560598
1.560615
1.560632
1.560648
1.560665
1.560681
1.560698
1.560714
1.560731
1.560747
1.560764
1.560780
1.560797
1.560813
1.560830
1.560846
1.560863
1.560879
1.560896
1.560912
1.560929
1.560945
1.560961
1.560978
1.560994
1.561011
1.561027
1.561044
1.561060
1.561076
1.561093
1.561109
1.561126
1.561142
1.561159
1.561175
1.561191
1.561208
1.561224
1.561240
1.561257
1.561273
1.561289
1.561306
1.561322
1.561339
1.561355
1.561371
1.561388
1.561404
1.561420
1.561436
1.561453
1.561469
1.561485
1.561502
1.561518
1.561534
1.561551
1.561567
1.561583
1.561599
1.561616
1.561632
1.561648
1.561664
1.561681
1.561697
1.561713
1.561729
1.561746
1.561762
1.561778
1.561794
1.561810
1.561827
1.561843
1.561859
1.561875
1.561891
1.561908
1.561924
1.561940
1.561956
1.561972
1.561988
1.562004
1.562021
1.562037
1.562053
1.562069
1.562085
1.562101
1.562117
1.562134
1.562150
1.562166
1.562182
1.562198
1.562214
1.562230
1.562246
1.562262
1.562278
1.562294
1.562310
1.562327
1.562343
1.562359
1.562375
1.562391
1.562407
1.562423
1.562439
1.562455
1.562471
1.562487
1.562503
1.562519
1.562535
1.562551
1.562567
1.562583
1.562599
1.562615
1.562631
1.562647
1.562663
1.562679
1.562695
1.562711
1.562726
1.562742
1.562758
1.562774
1.562790
1.562806
1.562822
1.562838
1.562854
1.562870
1.562886
1.562902
1.562917
1.562933
1.562949
1.562965
1.562981
1.562997
1.563013
1.563029
1.563044
1.563060
1.563076
1.563092
1.563108
1.563124
1.563139
1.563155
1.563171
1.563187
1.563203
1.563219
1.563234
1.563250
1.563266
1.563282
1.563298
1.563313
1.563329
1.563345
1.563361
1.563376
1.563392
1.563408
1.563424
1.563439
1.563455
1.563471
1.563487
1.563502
1.563518
1.563534
1.563549
1.563565
1.563581
1.563597
1.563612
1.563628
1.563644
1.563659
1.563675
1.563691
1.563706
1.563722
1.563738
1.563753
1.563769
1.563785
1.563800
1.563816
1.563832
1.563847
1.563863
1.563878
1.563894
1.563910
1.563925
1.563941
1.563956
1.563972
1.563988
1.564003
1.564019
1.564034
1.564050
1.564066
1.564081
1.564097
1.564112
1.564128
1.564143
1.564159
1.564174
1.564190
1.564206
1.564221
1.564237
1.564252
1.564268
1.564283
1.564299
1.564314
1.564330
1.564345
1.564361
1.564376
1.564392
1.564407
1.564423
1.564438
1.564453
1.564469
1.564484
1.564500
1.564515
1.564531
1.564546
1.564561
1.564577
1.564592
1.564608
1.564623
1.564638
1.564654
1.564669
1.564684
1.564700
1.564715
1.564730
1.564745
1.564761
1.564776
1.564791
1.564806
1.564822
1.564837
1.564852
1.564867
1.564883
1.564898
1.564913
1.564928
1.564943
1.564958
1.564974
1.564989
1.565004
1.565019
1.565035
1.565050
1.565065
1.565080
1.565096
1.565111
1.565126
1.565142
1.565157
1.565173
1.565188
1.565204
1.565220
1.565236
1.565251
1.565267
1.565283
1.565300
1.565316
1.565332
1.565349
1.565365
1.565382
1.565399
1.565416
1.565433
1.565451
1.565468
1.565486
1.565505
1.565523
1.565542
1.565561
1.565581
1.565601
1.565621
1.565642
1.565663
1.565685
1.565708
1.565732
1.565755
1.565780
1.565804
1.565827
1.565827
1.565850
1.565869
1.565884
1.565894
1.565896
1.565891
1.565879
1.565860
1.565836
1.565807
1.565777
1.565745
1.565713
1.565682
1.565654
1.565629
1.565609
1.565594
1.565586
1.565583
1.565586
1.565594
1.565608
1.565625
1.565647
1.565672
1.565700
1.565732
1.565766
1.565804
1.565843
1.565886
1.565931
1.565978
1.566027
1.566078
1.566131
1.566186
1.566242
1.566301
1.566360
1.566421
1.566483
1.566546
1.566610
1.566675
1.566741
1.566808
1.566875
1.566942
1.567010
1.567078
1.567146
1.567215
1.567283
1.567352
1.567421
1.567489
1.567557
1.567626
1.567694
1.567762
1.567829
1.567897
1.567964
1.568030
1.568097
1.568162
1.568228
1.568293
1.568358
1.568422
1.568486
1.568550
1.568612
1.568675
1.568737
1.568799
1.568860
1.568920
1.568981
1.569040
1.569100
1.569158
1.569217
1.569275
1.569332
1.569389
1.569445
1.569501
1.569556
1.569611
1.569666
1.569720
1.569774
1.569827
1.569880
1.569932
1.569984
1.570035
1.570086
1.570136
1.570186
1.570236
1.570285
1.570334
1.570382
1.570430
1.570478
1.570525
1.570572
1.570618
1.570664
1.570709
1.570755
1.570799
1.570844
1.570888
1.570931
1.570975
1.571018
1.571060
1.571102
1.571144
1.571186
1.571227
1.571268
1.571308
1.571349
1.571388
1.571428
1.571467
1.571506
1.571545
1.571583
1.571621
1.571659
1.571696
1.571734
1.571770
1.571807
1.571843
1.571879
1.571915
1.571951
1.571986
1.572021
1.572056
1.572091
1.572125
1.572159
1.572193
1.572226
1.572260
1.572293
1.572326
1.572359
1.572391
1.572423
1.572455
1.572487
1.572519
1.572551
1.572582
1.572613
1.572644
1.572675
1.572705
1.572736
1.572766
1.572796
1.572826
1.572855
1.572885
1.572914
1.572943
1.572972
1.573001
1.573030
1.573059
1.573087
1.573115
1.573144
1.573172
1.573200
1.573227
1.573255
1.573282
1.573310
1.573337
1.573364
1.573391
1.573418
1.573445
1.573471
1.573498
1.573524
1.573551
1.573577
1.573603
1.573629
1.573655
1.573680
1.573706
1.573732
1.573757
1.573783
1.573808
1.573833
1.573858
1.573883
1.573908
1.573933
1.573958
1.573983
1.574007
1.574032
1.574056
1.574080
1.574105
1.574129
1.574153
1.574177
1.574201
1.574225
1.574249
1.574273
1.574297
1.574320
1.574344
1.574367
1.574391
1.574414
1.574438
1.574461
1.574484
1.574508
1.574531
1.574554
1.574577
1.574600
1.574623
1.574646
1.574669
1.574691
1.574714
1.574737
1.574759
1.574782
1.574805
1.574827
1.574850
1.574872
1.574894
1.574917
1.574939
1.574961
1.574984
1.575006
1.575028
1.575050
1.575072
1.575094
1.575116
1.575138
1.575160
1.575182
1.575204
1.575226
1.575247
1.575269
1.575291
1.575313
1.575334
1.575356
1.575378
1.575399
1.575421
1.575442
1.575464
1.575485
1.575507
1.575528
1.575549
1.575571
1.575592
1.575613
1.575635
1.575656
1.575677
1.575698
1.575719
1.575740
1.575762
1.575783
1.575804
1.575825
1.575846
1.575867
1.575888
1.575909
1.575929
1.575950
1.575971
1.575992
1.576013
1.576033
1.576054
1.576075
1.576096
1.576116
1.576137
1.576158
1.576178
1.576199
1.576219
1.576240
1.576260
1.576281
1.576301
1.576322
1.576342
1.576362
1.576383
1.576403
1.576423
1.576444
1.576464
1.576484
1.576504
1.576524
1.576544
1.576565
1.576585
1.576605
1.576625
1.576645
1.576665
1.576685
1.576705
1.576725
1.576744
1.576764
1.576784
1.576804
1.576824
1.576843
1.576863
1.576883
1.576903
1.576922
1.576942
1.576961
1.576981
1.577000
1.577020
1.577039
1.577059
1.577078
1.577098
1.577117
1.577136
1.577156
1.577175
1.577194
1.577213
1.577233
1.577252
1.577271
1.577290
1.577309
1.577328
1.577347
1.577366
1.577385
1.577404
1.577423
1.577442
1.577461
1.577479
1.577498
1.577517
1.577536
1.577554
1.577573
1.577592
1.577610
1.577629
1.577647
1.577666
1.577684
1.577703
1.577721
1.577739
1.577758
1.577776
1.577794
1.577813
1.577831
1.577849
1.577867
1.577885
1.577903
1.577921
1.577939
1.577957
1.577975
1.577993
1.578011
1.578029
1.578047
1.578064
1.578082
1.578100
1.578118
1.578135
1.578153
1.578170
1.578188
1.578205
1.578223
1.578240
1.578258
1.578275
1.578292
1.578310
1.578327
1.578344
1.578361
1.578379
1.578396
1.578413
1.578430
1.578447
1.578464
1.578481
1.578498
1.578515
1.578531
1.578548
1.578565
1.578582
1.578598
1.578615
1.578632
1.578648
1.578665
1.578681
1.578698
1.578714
1.578731
1.578747
1.578763
1.578780
1.578796
1.578812
1.578828
1.578844
1.578860
1.578876
1.578892
1.578908
1.578924
1.578940
1.578956
1.578972
1.578988
1.579003
1.579019
1.579035
1.579050
1.579066
1.579082
1.579097
1.579113
1.579128
1.579143
1.579159
1.579174
1.579189
1.579204
1.579220
1.579235
1.579250
1.579265
1.579280
1.579295
1.579310
1.579325
1.579340
1.579354
1.579369
1.579384
1.579399
1.579413
1.579428
1.579442
1.579457
1.579471
1.579471
