-0.934798
0.633807
0.702300
0.700431
0.697554
0.695201
0.693513
0.692277
0.691297
0.690461
0.689718
0.689041
0.688415
0.687831
0.687285
0.686770
0.686285
0.685828
0.685397
0.684992
0.684614
0.684262
0.683939
0.683645
0.683382
0.683153
0.682960
0.682805
0.682692
0.682625
0.682606
0.682641
0.682733
0.682887
0.683107
0.683398
0.683764
0.684210
0.684741
0.685360
0.686072
0.686880
0.687788
0.688800
0.689918
0.691144
0.692481
0.693931
0.695494
0.697172
0.698965
0.700873
0.702894
0.705028
0.707273
0.709625
0.712082
0.714640
0.717293
0.720036
0.722864
0.725769
0.728744
0.731780
0.734870
0.738004
0.741173
0.744368
0.747578
0.750794
0.754007
0.757207
0.760385
0.763532
0.766640
0.769701
0.772709
0.775656
0.778537
0.781347
0.784081
0.786734
0.789305
0.791789
0.794185
0.796490
0.798705
0.800827
0.802857
0.804794
0.806639
0.808392
0.810055
0.811629
0.813115
0.814516
0.815831
0.817065
0.818218
0.819293
0.820293
0.821219
0.822073
0.822859
0.823578
0.824233
0.824826
0.825359
0.825834
0.826254
0.826620
0.826934
0.827200
0.827417
0.827589
0.827717
0.827803
0.827848
0.827855
0.827824
0.827758
0.827658
0.827525
0.827361
0.827167
0.826946
0.826697
0.826424
0.826126
0.825805
0.825463
0.825100
0.824719
0.824320
0.823904
0.823473
0.823027
0.822569
0.822098
0.821616
0.821125
0.820624
0.820116
0.819601
0.819080
0.818553
0.818023
0.817489
0.816952
0.816414
0.815875
0.815335
0.814796
0.814258
0.813722
0.813187
0.812656
0.812128
0.811603
0.811083
0.810567
0.810057
0.809552
0.809052
0.808559
0.808072
0.807592
0.807118
0.806651
0.806192
0.805740
0.805296
0.804859
0.804430
0.804009
0.803596
0.803191
0.802794
0.802406
0.802025
0.801653
0.801288
0.800932
0.800584
0.800244
0.799913
0.799589
0.799274
0.798966
0.798667
0.798375
0.798091
0.797815
0.797546
0.797285
0.797032
0.796786
0.796547
0.796316
0.796092
0.795875
0.795665
0.795462
0.795265
0.795076
0.794893
0.794716
0.794546
0.794382
0.794225
0.794073
0.793928
0.793788
0.793655
0.793527
0.793404
0.793288
0.793176
0.793070
0.792969
0.792873
0.792782
0.792696
0.792615
0.792538
0.792466
0.792399
0.792336
0.792277
0.792222
0.792172
0.792125
0.792082
0.792044
0.792008
0.791977
0.791949
0.791924
0.791903
0.791885
0.791870
0.791858
0.791849
0.791843
0.791840
0.791839
0.791841
0.791846
0.791853
0.791862
0.791874
0.791888
0.791904
0.791922
0.791942
0.791964
0.791987
0.792013
0.792040
0.792068
0.792098
0.792130
0.792163
0.792197
0.792232
0.792269
0.792306
0.792345
0.792385
0.792425
0.792466
0.792509
0.792551
0.792595
0.792639
0.792683
0.792729
0.792774
0.792820
0.792866
0.792913
0.792959
0.793006
0.793053
0.793100
0.793147
0.793195
0.793242
0.793289
0.793335
0.793382
0.793429
0.793475
0.793521
0.793566
0.793612
0.793657
0.793701
0.793745
0.793789
0.793832
0.793874
0.793916
0.793957
0.793998
0.794038
0.794078
0.794116
0.794154
0.794192
0.794228
0.794264
0.794299
0.794333
0.794366
0.794399
0.794430
0.794461
0.794490
0.794519
0.794547
0.794574
0.794599
0.794624
0.794648
0.794670
0.794691
0.794712
0.794731
0.794748
0.794765
0.794780
0.794794
0.794806
0.794817
0.794827
0.794835
0.794842
0.794847
0.794850
0.794852
0.794852
0.794850
0.794846
0.794840
0.794833
0.794824
0.794812
0.794799
0.794784
0.794767
0.794748
0.794729
0.794708
0.794686
0.794664
0.794643
0.794623
0.794606
0.794592
0.794583
0.794579
0.794583
0.794593
0.794610
0.794634
0.794665
0.794700
0.794742
0.794789
0.794843
0.794905
0.794975
0.795056
0.795148
0.795251
0.795364
0.795487
0.795619
0.795757
0.795899
0.796044
0.796189
0.796331
0.796471
0.796605
0.796733
0.796853
0.796966
0.797070
0.797166
0.797253
0.797332
0.797402
0.797465
0.797520
0.797569
0.797610
0.797646
0.797675
0.797700
0.797719
0.797733
0.797743
0.797749
0.797751
0.797750
0.797745
0.797737
0.797726
0.797713
0.797697
0.797679
0.797658
0.797636
0.797611
0.797585
0.797557
0.797527
0.797496
0.797463
0.797428
0.797392
0.797355
0.797316
0.797276
0.797235
0.797192
0.797148
0.797103
0.797057
0.797009
0.796960
0.796910
0.796858
0.796806
0.796752
0.796697
0.796640
0.796583
0.796524
0.796464
0.796403
0.796340
0.796277
0.796212
0.796146
0.796078
0.796009
0.795939
0.795868
0.795795
0.795721
0.795646
0.795569
0.795491
0.795411
0.795330
0.795248
0.795164
0.795079
0.794992
0.794903
0.794814
0.794722
0.794629
0.794535
0.794438
0.794340
0.794241
0.794140
0.794037
0.793932
0.793825
0.793717
0.793607
0.793494
0.793380
0.793264
0.793146
0.793026
0.792904
0.792780
0.792654
0.792525
0.792395
0.792262
0.792127
0.791989
0.791850
0.791707
0.791563
0.791416
0.791266
0.791114
0.790959
0.790802
0.790642
0.790479
0.790313
0.790313
0.790145
0.789973
0.789799
0.789622
0.789441
0.789258
0.789071
0.788882
0.788689
0.788493
0.788293
0.788090
0.787884
0.787674
0.787461
0.787244
0.787024
0.786800
0.786572
0.786341
0.786105
0.785866
0.785623
0.785376
0.785125
0.784870
0.784611
0.784348
0.784081
0.783810
0.783534
0.783254
0.782970
0.782682
0.782389
0.782092
0.781791
0.781485
0.781175
0.780861
0.780542
0.780218
0.779891
0.779559
0.779222
0.778881
0.778536
0.778187
0.777833
0.777475
0.777112
0.776745
0.776374
0.775999
0.775620
0.775237
0.774849
0.774458
0.774063
0.773664
0.773261
0.772855
0.772444
0.772031
0.771614
0.771193
0.770769
0.770343
0.769913
0.769480
0.769044
0.768605
0.768164
0.767720
0.767274
0.766826
0.766375
0.765923
0.765468
0.765012
0.764554
0.764094
0.763633
0.763171
0.762708
0.762243
0.761778
0.761312
0.760845
0.760378
0.759910
0.759442
0.758974
0.758506
0.758038
0.757570
0.757103
0.756636
0.756169
0.755703
0.755238
0.754774
0.754310
0.753848
0.753387
0.752927
0.752468
0.752011
0.751555
0.751100
0.750647
0.750196
0.749747
0.749299
0.748853
0.748409
0.747967
0.747527
0.747089
0.746653
0.746219
0.745787
0.745357
0.744930
0.744504
0.744081
0.743660
0.743241
0.742825
0.742410
0.741998
0.741588
0.741180
0.740774
0.740371
0.739970
0.739571
0.739174
0.738779
0.738386
0.737995
0.737607
0.737220
0.736836
0.736454
0.736073
0.735695
0.735318
0.734943
0.734570
0.734199
0.733830
0.733462
0.733097
0.732732
0.732370
0.732009
0.731650
0.731292
0.730936
0.730581
0.730228
0.729876
0.729525
0.729176
0.728828
0.728481
0.728136
0.727791
0.727448
0.727106
0.726765
0.726426
0.726087
0.725749
0.725412
0.725076
0.724742
0.724408
0.724074
0.723742
0.723410
0.723080
0.722750
0.722420
0.722092
0.721764
0.721437
0.721110
0.720785
0.720459
0.720135
0.719811
0.719487
0.719164
0.718842
0.718520
0.718198
0.717877
0.717557
0.717237
0.716918
0.716599
0.716280
0.715962
0.715644
0.715327
0.715010
0.714694
0.714378
0.714062
0.713747
0.713432
0.713118
0.712804
0.712491
0.712178
0.711865
0.711553
0.711241
0.710930
0.710619
0.710308
0.709998
0.709689
0.709380
0.709071
0.708763
0.708455
0.708148
0.707841
0.707535
0.707229
0.706924
0.706619
0.706315
0.706012
0.705709
0.705406
0.705105
0.704803
0.704503
0.704203
0.703904
0.703605
0.703307
0.703010
0.702713
0.702417
0.702122
0.701827
0.701534
0.701241
0.700948
0.700657
0.700366
0.700077
0.699788
0.699500
0.699212
0.698926
0.698640
0.698356
0.698072
0.697789
0.697507
0.697226
0.696946
0.696667
0.696389
0.696112
0.695836
0.695561
0.695287
0.695014
0.694742
0.694471
0.694201
0.693932
0.693665
0.693398
0.693133
0.692868
0.692605
0.692343
0.692082
0.691822
0.691564
0.691306
0.691050
0.690795
0.690541
0.690289
0.690037
0.689787
0.689538
0.689290
0.689044
0.688798
0.688554
0.688312
0.688070
0.687830
0.687591
0.687353
0.687116
0.686881
0.686647
0.686414
0.686183
0.685953
0.685724
0.685496
0.685270
0.685045
0.684821
0.684599
0.684378
0.684158
0.683939
0.683722
0.683506
0.683291
0.683078
0.682866
0.682655
0.682445
0.682237
0.682030
0.681824
0.681619
0.681416
0.681214
0.681013
0.680814
0.680616
0.680419
0.680223
0.680029
0.679835
0.679643
0.679453
0.679263
0.679075
0.678888
0.678702
0.678517
0.678334
0.678151
0.677970
0.677790
0.677612
0.677434
0.677258
0.677083
0.676909
0.676736
0.676564
0.676393
0.676224
0.676055
0.675888
0.675722
0.675557
0.675393
0.675230
0.675069
0.674908
0.674748
0.674590
0.674432
0.674276
0.674121
0.673966
0.673813
0.673661
0.673510
0.673359
0.673210
0.673062
0.672915
0.672768
0.672623
0.672479
0.672335
0.672193
0.672051
0.671911
0.671771
0.671633
0.671495
0.671358
0.671222
0.671087
0.670953
0.670819
0.670687
0.670555
0.670424
0.670295
0.670165
0.670037
0.669910
0.669783
0.669657
0.669532
0.669408
0.669285
0.669162
0.669040
0.668919
0.668799
0.668679
0.668560
0.668442
0.668325
0.668208
0.668092
0.667977
0.667863
0.667749
0.667636
0.667523
0.667411
0.667300
0.667190
0.667080
0.666971
0.666862
0.666754
0.666647
0.666541
0.666435
0.666329
0.666224
0.666120
0.666017
0.665914
0.665811
0.665709
0.665608
0.665507
0.665407
0.665307
0.665208
0.665110
0.665012
0.664914
0.664817
0.664721
0.664625
0.664530
0.664435
0.664341
0.664247
0.664153
0.664061
0.663968
0.663876
0.663785
0.663694
0.663603
0.663513
0.663424
0.663335
0.663246
0.663158
0.663070
0.662983
0.662897
0.662810
0.662725
0.662641
0.662558
0.662479
0.662412
0.662386
0.662476
0.662645
0.662618
0.662881
0.664452
0.663784
0.663572
0.663963
0.663986
0.663730
0.663340
0.662947
0.662627
0.662405
0.662268
0.662188
0.662137
0.662093
0.662039
0.661971
0.661887
0.661790
0.661790
0.661681
0.661567
0.661448
0.661328
0.661210
0.661093
0.660980
0.660870
0.660764
0.660662
0.660564
0.660469
0.660376
0.660287
0.660199
0.660112
0.660026
0.659941
0.659856
0.659771
0.659685
0.659599
0.659512
0.659425
0.659337
0.659247
0.659158
0.659067
0.658976
0.658885
0.658793
0.658700
0.658608
0.658515
0.658422
0.658329
0.658236
0.658143
0.658050
0.657958
0.657866
0.657774
0.657682
0.657591
0.657501
0.657410
0.657321
0.657232
0.657143
0.657055
0.656968
0.656882
0.656796
0.656710
0.656626
0.656542
0.656459
0.656376
0.656294
0.656213
0.656133
0.656053
0.655974
0.655896
0.655818
0.655741
0.655664
0.655589
0.655513
0.655439
0.655365
0.655292
0.655219
0.655147
0.655075
0.655004
0.654933
0.654863
0.654793
0.654724
0.654655
0.654587
0.654519
0.654452
0.654385
0.654318
0.654252
0.654186
0.654120
0.654055
0.653990
0.653925
0.653860
0.653796
0.653732
0.653668
0.653605
0.653541
0.653478
0.653415
0.653352
0.653289
0.653226
0.653163
0.653101
0.653038
0.652975
0.652913
0.652850
0.652788
0.652725
0.652663
0.652600
0.652537
0.652474
0.652411
0.652348
0.652285
0.652222
0.652158
0.652095
0.652031
0.651967
0.651902
0.651838
0.651773
0.651708
0.651642
0.651577
0.651511
0.651444
0.651378
0.651310
0.651243
0.651175
0.651106
0.651038
0.650968
0.650898
0.650828
0.650757
0.650686
0.650614
0.650542
0.650468
0.650395
0.650320
0.650245
0.650170
0.650093
0.650016
0.649939
0.649860
0.649781
0.649701
0.649620
0.649538
0.649456
0.649372
0.649288
0.649203
0.649117
0.649030
0.648942
0.648854
0.648764
0.648673
0.648582
0.648489
0.648396
0.648301
0.648206
0.648110
0.648012
0.647914
0.647814
0.647714
0.647613
0.647510
0.647407
0.647303
0.647197
0.647094
0.646978
0.646906
0.646660
0.647321
0.646955
0.648887
0.650250
0.647750
0.648084
0.648045
0.648378
0.648772
0.649101
0.649193
0.649070
0.648796
0.648422
0.648125
0.647743
0.647732
0.647457
0.647859
0.648049
0.647780
0.648265
0.647829
0.648229
0.648058
0.648379
0.648280
0.648456
0.648291
0.648322
0.648115
0.648084
0.647892
0.647887
0.647718
0.647788
0.647610
0.647752
0.647556
0.647734
0.647541
0.647716
0.647536
0.647687
0.647514
0.647637
0.647464
0.647568
0.647394
0.647497
0.647320
0.647436
0.647254
0.647386
0.647201
0.647345
0.647158
0.647306
0.647119
0.647265
0.647079
0.647219
0.647032
0.647170
0.646979
0.647117
0.646924
0.647065
0.646868
0.647014
0.646814
0.646963
0.646761
0.646912
0.646708
0.646860
0.646653
0.646806
0.646597
0.646750
0.646539
0.646693
0.646479
0.646636
0.646418
0.646577
0.646357
0.646519
0.646296
0.646459
0.646234
0.646399
0.646171
0.646338
0.646107
0.646276
0.646043
0.646214
0.645978
0.646151
0.645912
0.646088
0.645847
0.646025
0.645780
0.645961
0.645714
0.645897
0.645647
0.645832
0.645579
0.645767
0.645511
0.645702
0.645443
0.645636
0.645375
0.645571
0.645307
0.645505
0.645238
0.645439
0.645169
0.645373
0.645100
0.645306
0.645030
0.645240
0.644961
0.645173
0.644891
0.645106
0.644821
0.645039
0.644751
0.644972
0.644681
0.644905
0.644611
0.644838
0.644541
0.644770
0.644470
0.644703
0.644400
0.644636
0.644329
0.644568
0.644258
0.644500
0.644187
0.644433
0.644116
0.644365
0.644045
0.644297
0.643974
0.644229
0.643903
0.644161
0.643831
0.644093
0.643760
0.644025
0.643689
0.643957
0.643617
0.643889
0.643546
0.643821
0.643474
0.643752
0.643402
0.643684
0.643331
0.643616
0.643259
0.643548
0.643187
0.643479
0.643115
0.643411
0.643043
0.643343
0.642971
0.643274
0.642899
0.643206
0.642827
0.643138
0.642755
0.643069
0.642683
0.643001
0.642611
0.642933
0.642539
0.642864
0.642467
0.642796
0.642395
0.642727
0.642323
0.642659
0.642251
0.642591
0.642179
0.642522
0.642107
0.642454
0.642035
0.642385
0.641963
0.642317
0.641892
0.642249
0.641820
0.642181
0.641748
0.642112
0.641676
0.642044
0.641604
0.641976
0.641533
0.641907
0.641461
0.641839
0.641389
0.641771
0.641318
0.641703
0.641246
0.641635
0.641175
0.641567
0.641103
0.641499
0.641032
0.641431
0.640961
0.641363
0.640890
0.641295
0.640819
0.641227
0.640748
0.641159
0.640677
0.641091
0.640607
0.641023
0.640536
0.640955
0.640466
0.640888
0.640395
0.640820
0.640325
0.640752
0.640255
0.640685
0.640185
0.640617
0.640115
0.640550
0.640046
0.640482
0.639976
0.640415
0.639907
0.640348
0.639838
0.640280
0.639769
0.640213
0.639700
0.640146
0.639632
0.640079
0.639563
0.640012
0.639495
0.639945
0.639427
0.639878
0.639359
0.639811
0.639291
0.639744
0.639224
0.639677
0.639157
0.639611
0.639090
0.639544
0.639023
0.639477
0.638957
0.639411
0.638890
0.639345
0.638824
0.639278
0.638759
0.639212
0.638693
0.639146
0.638628
0.639080
0.638563
0.639014
0.638498
0.638498
0.638948
0.638433
0.638882
0.638369
0.638816
0.638305
0.638750
0.638242
0.638685
0.638178
0.638619
0.638115
0.638554
0.638052
0.638488
0.637990
0.638423
0.637928
0.638358
0.637866
0.638293
0.637804
0.638228
0.637743
0.638163
0.637682
0.638098
0.637622
0.638033
0.637562
0.637968
0.637502
0.637903
0.637442
0.637839
0.637383
0.637774
0.637324
0.637710
0.637266
0.637646
0.637208
0.637581
0.637150
0.637517
0.637093
0.637453
0.637037
0.637389
0.636980
0.637325
0.636924
0.637261
0.636869
0.637198
0.636814
0.637134
0.636760
0.637070
0.636707
0.637007
0.636654
0.636944
0.636602
0.636880
0.636550
0.636817
0.636500
0.636755
0.636450
0.636692
0.636402
0.636630
0.636355
0.636569
0.636310
0.636508
0.636267
0.636449
0.636227
0.636391
0.636190
0.636336
0.636158
0.636284
0.636131
0.636238
0.636112
0.636200
0.636102
0.636172
0.636104
0.636158
0.636118
0.636161
0.636148
0.636185
0.636193
0.636230
0.636256
0.636296
0.636335
0.636381
0.636430
0.636482
0.636536
0.636591
0.636647
0.636703
0.636758
0.636811
0.636861
0.636907
0.636950
0.636989
0.637023
0.637053
0.637078
0.637098
0.637115
0.637127
0.637135
0.637140
0.637142
0.637141
0.637137
0.637130
0.637122
0.637111
0.637098
0.637083
0.637067
0.637050
0.637031
0.637011
0.636990
0.636968
0.636945
0.636922
0.636897
0.636872
0.636847
0.636821
0.636795
0.636768
0.636741
0.636714
0.636686
0.636659
0.636630
0.636602
0.636574
0.636545
0.636517
0.636488
0.636459
0.636429
0.636400
0.636371
0.636341
0.636312
0.636282
0.636253
0.636223
0.636193
0.636163
0.636133
0.636103
0.636074
0.636044
0.636014
0.635984
0.635954
0.635923
0.635893
0.635863
0.635833
0.635803
0.635773
0.635743
0.635713
0.635683
0.635654
0.635624
0.635594
0.635564
0.635534
0.635504
0.635475
0.635445
0.635415
0.635386
0.635356
0.635327
0.635297
0.635268
0.635239
0.635209
0.635180
0.635151
0.635122
0.635092
0.635063
0.635034
0.635005
0.634976
0.634948
0.634919
0.634890
0.634861
0.634833
0.634804
0.634776
0.634747
0.634719
0.634690
0.634662
0.634634
0.634605
0.634577
0.634549
0.634521
0.634493
0.634465
0.634437
0.634409
0.634382
0.634354
0.634326
0.634298
0.634271
0.634243
0.634216
0.634188
0.634161
0.634134
0.634106
0.634079
0.634052
0.634025
0.633998
0.633971
0.633944
0.633917
0.633890
0.633863
0.633836
0.633810
0.633783
0.633756
0.633730
0.633703
0.633677
0.633650
0.633624
0.633598
0.633572
0.633545
0.633519
0.633493
0.633467
0.633441
0.633415
0.633389
0.633363
0.633337
0.633312
0.633286
0.633260
0.633235
0.633209
0.633184
0.633158
0.633133
0.633108
0.633082
0.633057
0.633032
0.633007
0.632982
0.632957
0.632932
0.632907
0.632882
0.632857
0.632832
0.632807
0.632783
0.632758
0.632733
0.632709
0.632684
0.632660
0.632635
0.632611
0.632587
0.632563
0.632538
0.632514
0.632490
0.632466
0.632442
0.632418
0.632394
0.632370
0.632347
0.632323
0.632299
0.632275
0.632252
0.632228
0.632205
0.632181
0.632158
0.632134
0.632111
0.632088
0.632065
0.632041
0.632018
0.631995
0.631972
0.631949
0.631926
0.631903
0.631880
0.631858
0.631835
0.631812
0.631790
0.631767
0.631744
0.631722
0.631699
0.631677
0.631655
0.631632
0.631610
0.631588
0.631565
0.631543
0.631521
0.631499
0.631477
0.631455
0.631433
0.631411
0.631390
0.631368
0.631346
0.631324
0.631303
0.631281
0.631260
0.631238
0.631217
0.631195
0.631174
0.631153
0.631131
0.631110
0.631089
0.631068
0.631047
0.631026
0.631005
0.630984
0.630963
0.630942
0.630921
0.630900
0.630880
0.630859
0.630838
0.630818
0.630797
0.630777
0.630756
0.630736
0.630715
0.630695
0.630675
0.630655
0.630634
0.630614
0.630594
0.630574
0.630554
0.630534
0.630514
0.630494
0.630474
0.630454
0.630435
0.630415
0.630395
0.630376
0.630356
0.630337
0.630317
0.630298
0.630278
0.630259
0.630239
0.630220
0.630201
0.630182
0.630163
0.630143
0.630124
0.630105
0.630086
0.630067
0.630048
0.630030
0.630011
0.629992
0.629973
0.629955
0.629936
0.629917
0.629899
0.629880
0.629862
0.629843
0.629825
0.629806
0.629788
0.629770
0.629752
0.629733
0.629715
0.629697
0.629679
0.629661
0.629643
0.629625
0.629607
0.629589
0.629571
0.629554
0.629536
0.629518
0.629500
0.629483
0.629465
0.629448
0.629430
0.629413
0.629395
0.629378
0.629361
0.629343
0.629326
0.629309
0.629292
0.629274
0.629257
0.629240
0.629223
0.629206
0.629189
0.629172
0.629155
0.629139
0.629122
0.629105
0.629088
0.629072
0.629055
0.629039
0.629022
0.629005
0.628989
0.628973
0.628956
0.628940
0.628923
0.628907
0.628891
0.628875
0.628859
0.628842
0.628826
0.628810
0.628794
0.628778
0.628762
0.628746
0.628731
0.628715
0.628699
0.628683
0.628668
0.628652
0.628636
0.628621
0.628605
0.628590
0.628590
0.628574
0.628559
0.628543
0.628528
0.628513
0.628497
0.628482
0.628467
0.628452
0.628436
0.628421
0.628406
0.628391
0.628376
0.628361
0.628346
0.628331
0.628317
0.628302
0.628287
0.628272
0.628258
0.628243
0.628228
0.628214
0.628199
0.628185
0.628170
0.628156
0.628141
0.628127
0.628113
0.628098
0.628084
0.628070
0.628056
0.628041
0.628027
0.628013
0.627999
0.627985
0.627971
0.627957
0.627943
0.627930
0.627916
0.627902
0.627888
0.627874
0.627861
0.627847
0.627833
0.627820
0.627806
0.627793
0.627779
0.627766
0.627752
0.627739
0.627726
0.627712
0.627699
0.627686
0.627673
0.627660
0.627646
0.627633
0.627620
0.627607
0.627594
0.627581
0.627568
0.627555
0.627543
0.627530
0.627517
0.627504
0.627492
0.627479
0.627466
0.627454
0.627441
0.627428
0.627416
0.627403
0.627391
0.627379
0.627366
0.627354
0.627342
0.627329
0.627317
0.627305
0.627293
0.627280
0.627268
0.627256
0.627244
0.627232
0.627220
0.627208
0.627196
0.627184
0.627173
0.627161
0.627149
0.627137
0.627125
0.627114
0.627102
0.627091
0.627079
0.627067
0.627056
0.627044
0.627033
0.627021
0.627010
0.626999
0.626987
0.626976
0.626965
0.626954
0.626942
0.626931
0.626920
0.626909
0.626898
0.626887
0.626876
0.626865
0.626854
0.626843
0.626832
0.626821
0.626810
0.626800
0.626789
0.626778
0.626767
0.626757
0.626746
0.626735
0.626725
0.626714
0.626704
0.626693
0.626683
0.626672
0.626662
0.626652
0.626641
0.626631
0.626621
0.626610
0.626600
0.626590
0.626580
0.626570
0.626560
0.626550
0.626539
0.626529
0.626519
0.626510
0.626500
0.626490
0.626480
0.626470
0.626460
0.626450
0.626441
0.626431
0.626421
0.626412
0.626402
0.626392
0.626383
0.626373
0.626364
0.626354
0.626345
0.626335
0.626326
0.626317
0.626307
0.626298
0.626289
0.626279
0.626270
0.626261
0.626252
0.626243
0.626234
0.626225
0.626215
0.626206
0.626197
0.626188
0.626180
0.626171
0.626162
0.626153
0.626144
0.626135
0.626126
0.626118
0.626109
0.626100
0.626092
0.626083
0.626074
0.626066
0.626057
0.626049
0.626040
0.626032
0.626023
0.626015
0.626006
0.625998
0.625990
0.625981
0.625973
0.625965
0.625956
0.625948
0.625940
0.625932
0.625924
0.625916
0.625907
0.625899
0.625891
0.625883
0.625875
0.625867
0.625859
0.625852
0.625844
0.625836
0.625828
0.625820
0.625812
0.625805
0.625797
0.625789
0.625781
0.625774
0.625766
0.625759
0.625751
0.625743
0.625736
0.625728
0.625721
0.625713
0.625706
0.625699
0.625691
0.625684
0.625676
0.625669
0.625662
0.625655
0.625647
0.625640
0.625633
0.625626
0.625618
0.625611
0.625604
0.625597
0.625590
0.625583
0.625576
0.625569
0.625562
0.625555
0.625548
0.625541
0.625534
0.625528
0.625521
0.625514
0.625507
0.625500
0.625494
0.625487
0.625480
0.625474
0.625467
0.625460
0.625454
0.625447
0.625440
0.625434
0.625427
0.625421
0.625414
0.625408
0.625402
0.625395
0.625389
0.625382
0.625376
0.625370
0.625363
0.625357
0.625351
0.625345
0.625338
0.625332
0.625326
0.625320
0.625314
0.625307
0.625301
0.625295
0.625289
0.625283
0.625277
0.625271
0.625265
0.625259
0.625253
0.625247
0.625241
0.625236
0.625230
0.625224
0.625218
0.625212
0.625206
0.625201
0.625195
0.625189
0.625183
0.625178
0.625172
0.625166
0.625161
0.625155
0.625150
0.625144
0.625138
0.625133
0.625127
0.625122
0.625116
0.625111
0.625106
0.625100
0.625095
0.625089
0.625084
0.625079
0.625073
0.625068
0.625063
0.625057
0.625052
0.625047
0.625042
0.625036
0.625031
0.625026
0.625021
0.625016
0.625010
0.625005
0.625000
0.624995
0.624990
0.624985
0.624980
0.624975
0.624970
0.624965
0.624960
0.624955
0.624950
0.624945
0.624940
0.624935
0.624931
0.624926
0.624921
0.624916
0.624911
0.624906
0.624902
0.624897
0.624892
0.624887
0.624883
0.624878
0.624873
0.624869
0.624864
0.624859
0.624855
0.624850
0.624846
0.624841
0.624836
0.624832
0.624827
0.624823
0.624818
0.624814
0.624809
0.624805
0.624800
0.624796
0.624792
0.624787
0.624783
0.624778
0.624774
0.624770
0.624765
0.624761
0.624757
0.624752
0.624748
0.624744
0.624739
0.624735
0.624731
0.624727
0.624723
0.624718
0.624714
0.624710
0.624706
0.624702
0.624698
0.624693
0.624689
0.624685
0.624681
0.624677
0.624673
0.624669
0.624665
0.624661
0.624657
0.624653
0.624649
0.624645
0.624641
0.624637
0.624633
0.624629
0.624625
0.624621
0.624617
0.624613
0.624609
0.624606
0.624602
0.624598
0.624594
0.624590
0.624586
0.624583
0.624579
0.624575
0.624571
0.624567
0.624564
0.624560
0.624556
0.624552
0.624549
0.624545
0.624541
0.624538
0.624534
0.624530
0.624527
0.624523
0.624519
0.624516
0.624512
0.624508
0.624505
0.624501
0.624498
0.624494
0.624490
0.624487
0.624483
0.624480
0.624476
0.624473
0.624469
0.624466
0.624466
0.624462
0.624459
0.624455
0.624452
0.624448
0.624445
0.624441
0.624438
0.624434
0.624431
0.624427
0.624424
0.624421
0.624417
0.624414
0.624410
0.624407
0.624404
0.624400
0.624397
0.624394
0.624390
0.624387
0.624384
0.624380
0.624377
0.624374
0.624370
0.624367
0.624364
0.624360
0.624357
0.624354
0.624350
0.624347
0.624344
0.624341
0.624337
0.624334
0.624331
0.624328
0.624324
0.624321
0.624318
0.624315
0.624312
0.624308
0.624305
0.624302
0.624299
0.624296
0.624292
0.624289
0.624286
0.624283
0.624280
0.624277
0.624273
0.624270
0.624267
0.624264
0.624261
0.624258
0.624255
0.624251
0.624248
0.624245
0.624242
0.624239
0.624236
0.624233
0.624230
0.624226
0.624223
0.624220
0.624217
0.624214
0.624211
0.624208
0.624205
0.624202
0.624199
0.624196
0.624193
0.624189
0.624186
0.624183
0.624180
0.624177
0.624174
0.624171
0.624168
0.624165
0.624162
0.624159
0.624156
0.624153
0.624150
0.624147
0.624144
0.624141
0.624138
0.624135
0.624132
0.624129
0.624126
0.624122
0.624119
0.624116
0.624113
0.624110
0.624107
0.624104
0.624101
0.624098
0.624095
0.624092
0.624089
0.624086
0.624083
0.624080
0.624077
0.624074
0.624071
0.624068
0.624065
0.624062
0.624059
0.624056
0.624053
0.624050
0.624047
0.624044
0.624041
0.624038
0.624035
0.624032
0.624029
0.624026
0.624023
0.624020
0.624017
0.624014
0.624010
0.624007
0.624004
0.624001
0.623998
0.623995
0.623992
0.623989
0.623986
0.623983
0.623980
0.623977
0.623974
0.623971
0.623968
0.623965
0.623962
0.623959
0.623955
0.623952
0.623949
0.623946
0.623943
0.623940
0.623937
0.623934
0.623931
0.623928
0.623925
0.623921
0.623918
0.623915
0.623912
0.623909
0.623906
0.623903
0.623900
0.623896
0.623893
0.623890
0.623887
0.623884
0.623881
0.623878
0.623874
0.623871
0.623868
0.623865
0.623862
0.623859
0.623855
0.623852
0.623849
0.623846
0.623843
0.623839
0.623836
0.623833
0.623830
0.623826
0.623823
0.623820
0.623817
0.623813
0.623810
0.623807
0.623804
0.623800
0.623797
0.623794
0.623790
0.623787
0.623784
0.623781
0.623777
0.623774
0.623771
0.623767
0.623764
0.623760
0.623757
0.623754
0.623750
0.623747
0.623744
0.623740
0.623737
0.623733
0.623730
0.623727
0.623723
0.623720
0.623716
0.623713
0.623709
0.623706
0.623702
0.623699
0.623695
0.623692
0.623688
0.623685
0.623681
0.623678
0.623674
0.623671
0.623667
0.623664
0.623660
0.623657
0.623653
0.623649
0.623646
0.623642
0.623639
0.623635
0.623631
0.623628
0.623624
0.623620
0.623617
0.623613
0.623609
0.623606
0.623602
0.623598
0.623595
0.623591
0.623587
0.623583
0.623580
0.623576
0.623572
0.623568
0.623564
0.623561
0.623557
0.623553
0.623549
0.623545
0.623541
0.623537
0.623534
0.623530
0.623526
0.623522
0.623518
0.623514
0.623510
0.623506
0.623502
0.623498
0.623494
0.623490
0.623486
0.623482
0.623478
0.623474
0.623470
0.623466
0.623462
0.623458
0.623454
0.623450
0.623445
0.623441
0.623437
0.623433
0.623429
0.623425
0.623420
0.623416
0.623412
0.623408
0.623404
0.623399
0.623395
0.623391
0.623386
0.623382
0.623378
0.623373
0.623369
0.623365
0.623360
0.623356
0.623352
0.623347
0.623343
0.623338
0.623334
0.623329
0.623325
0.623320
0.623316
0.623311
0.623307
0.623302
0.623298
0.623293
0.623289
0.623284
0.623279
0.623275
0.623270
0.623265
0.623261
0.623256
0.623251
0.623247
0.623242
0.623237
0.623233
0.623228
0.623223
0.623218
0.623213
0.623209
0.623204
0.623199
0.623194
0.623189
0.623184
0.623179
0.623174
0.623169
0.623164
0.623159
0.623154
0.623149
0.623144
0.623139
0.623134
0.623129
0.623124
0.623119
0.623114
0.623109
0.623104
0.623098
0.623093
0.623088
0.623083
0.623078
0.623072
0.623067
0.623062
0.623057
0.623051
0.623046
0.623041
0.623035
0.623030
0.623024
0.623019
0.623014
0.623008
0.623003
0.622997
0.622992
0.622986
0.622981
0.622975
0.622969
0.622964
0.622958
0.622953
0.622947
0.622941
0.622936
0.622930
0.622924
0.622919
0.622913
0.622907
0.622901
0.622896
0.622890
0.622884
0.622878
0.622872
0.622866
0.622860
0.622854
0.622848
0.622843
0.622837
0.622831
0.622825
0.622819
0.622812
0.622806
0.622800
0.622794
0.622788
0.622782
0.622776
0.622770
0.622763
0.622757
0.622751
0.622745
0.622738
0.622732
0.622726
0.622719
0.622713
0.622707
0.622700
0.622694
0.622687
0.622681
0.622674
0.622668
0.622661
0.622655
0.622648
0.622642
0.622635
0.622629
0.622622
0.622615
0.622609
0.622602
0.622595
0.622589
0.622582
0.622575
0.622568
0.622561
0.622555
0.622548
0.622541
0.622534
0.622527
0.622520
0.622513
0.622506
0.622499
0.622492
0.622485
0.622478
0.622471
0.622464
0.622457
0.622450
0.622442
0.622435
0.622428
0.622421
0.622414
0.622406
0.622399
0.622392
0.622384
0.622377
0.622377
0.622370
0.622362
0.622355
0.622347
0.622340
0.622333
0.622325
0.622318
0.622310
0.622302
0.622295
0.622287
0.622280
0.622272
0.622264
0.622257
0.622249
0.622241
0.622233
0.622226
0.622218
0.622210
0.622202
0.622194
0.622186
0.622178
0.622171
0.622163
0.622155
0.622147
0.622139
0.622131
0.622122
0.622114
0.622106
0.622098
0.622090
0.622082
0.622074
0.622065
0.622057
0.622049
0.622041
0.622032
0.622024
0.622016
0.622007
0.621999
0.621990
0.621982
0.621974
0.621965
0.621957
0.621948
0.621940
0.621931
0.621922
0.621914
0.621905
0.621896
0.621888
0.621879
0.621870
0.621862
0.621853
0.621844
0.621835
0.621826
0.621818
0.621809
0.621800
0.621791
0.621782
0.621773
0.621764
0.621755
0.621746
0.621737
0.621728
0.621719
0.621710
0.621700
0.621691
0.621682
0.621673
0.621664
0.621654
0.621645
0.621636
0.621626
0.621617
0.621608
0.621598
0.621589
0.621580
0.621570
0.621561
0.621551
0.621542
0.621532
0.621523
0.621513
0.621503
0.621494
0.621484
0.621474
0.621465
0.621455
0.621445
0.621436
0.621426
0.621416
0.621406
0.621396
0.621386
0.621377
0.621367
0.621357
0.621347
0.621337
0.621327
0.621317
0.621307
0.621297
0.621287
0.621277
0.621266
0.621256
0.621246
0.621236
0.621226
0.621216
0.621205
0.621195
0.621185
0.621174
0.621164
0.621154
0.621143
0.621133
0.621123
0.621112
0.621102
0.621091
0.621081
0.621070
0.621060
0.621049
0.621039
0.621028
0.621017
0.621007
0.620996
0.620986
0.620975
0.620964
0.620953
0.620943
0.620932
0.620921
0.620910
0.620899
0.620889
0.620878
0.620867
0.620856
0.620845
0.620834
0.620823
0.620811
0.620800
0.620788
0.620776
0.620764
0.620750
0.620735
0.620718
0.620697
0.620670
0.620633
0.620579
0.620500
0.620406
0.620450
0.621091
0.621713
0.621927
0.622143
0.622216
0.622106
0.621957
0.621894
0.621961
0.622129
0.622341
0.622545
0.622706
0.622811
0.622861
0.622867
0.622843
0.622804
0.622760
0.622721
0.622692
0.622677
0.622676
0.622690
0.622716
0.622752
0.622796
0.622844
0.622894
0.622944
0.622992
0.623037
0.623078
0.623115
0.623147
0.623175
0.623199
0.623220
0.623238
0.623254
0.623268
0.623280
0.623292
0.623303
0.623314
0.623326
0.623337
0.623348
0.623360
0.623372
0.623385
0.623398
0.623412
0.623426
0.623441
0.623456
0.623472
0.623487
0.623504
0.623520
0.623537
0.623554
0.623572
0.623589
0.623607
0.623624
0.623642
0.623660
0.623678
0.623695
0.623713
0.623730
0.623747
0.623764
0.623780
0.623797
0.623813
0.623828
0.623843
0.623858
0.623872
0.623886
0.623899
0.623912
0.623925
0.623937
0.623949
0.623960
0.623971
0.623981
0.623991
0.624000
0.624009
0.624018
0.624026
0.624033
0.624041
0.624048
0.624055
0.624061
0.624067
0.624073
0.624078
0.624083
0.624088
0.624093
0.624097
0.624101
0.624105
0.624109
0.624112
0.624116
0.624119
0.624122
0.624125
0.624127
0.624130
0.624133
0.624135
0.624137
0.624140
0.624142
0.624144
0.624146
0.624148
0.624150
0.624152
0.624154
0.624156
0.624157
0.624159
0.624161
0.624163
0.624165
0.624167
0.624168
0.624170
0.624172
0.624174
0.624176
0.624178
0.624180
0.624182
0.624184
0.624186
0.624188
0.624190
0.624192
0.624194
0.624196
0.624198
0.624200
0.624203
0.624205
0.624207
0.624210
0.624212
0.624215
0.624217
0.624220
0.624222
0.624225
0.624228
0.624230
0.624233
0.624236
0.624239
0.624241
0.624244
0.624247
0.624250
0.624253
0.624256
0.624259
0.624262
0.624266
0.624269
0.624272
0.624275
0.624278
0.624282
0.624285
0.624288
0.624292
0.624295
0.624299
0.624302
0.624306
0.624309
0.624313
0.624316
0.624320
0.624324
0.624327
0.624331
0.624334
0.624338
0.624342
0.624346
0.624349
0.624353
0.624357
0.624361
0.624365
0.624368
0.624372
0.624376
0.624380
0.624384
0.624388
0.624392
0.624395
0.624399
0.624403
0.624407
0.624411
0.624415
0.624419
0.624423
0.624427
0.624431
0.624435
0.624439
0.624443
0.624447
0.624451
0.624455
0.624459
0.624463
0.624467
0.624471
0.624475
0.624479
0.624483
0.624487
0.624491
0.624495
0.624499
0.624503
0.624506
0.624510
0.624514
0.624518
0.624522
0.624526
0.624530
0.624534
0.624538
0.624542
0.624546
0.624550
0.624553
0.624557
0.624561
0.624565
0.624569
0.624573
0.624576
0.624580
0.624584
0.624588
0.624592
0.624595
0.624599
0.624603
0.624606
0.624610
0.624614
0.624617
0.624621
0.624625
0.624628
0.624632
0.624635
0.624639
0.624643
0.624646
0.624650
0.624653
0.624657
0.624660
0.624663
0.624667
0.624670
0.624674
0.624677
0.624680
0.624683
0.624687
0.624690
0.624693
0.624696
0.624700
0.624703
0.624706
0.624709
0.624712
0.624715
0.624718
0.624721
0.624724
0.624727
0.624730
0.624733
0.624736
0.624739
0.624742
0.624744
0.624747
0.624750
0.624753
0.624755
0.624758
0.624761
0.624763
0.624763
0.624766
0.624768
0.624771
0.624773
0.624776
0.624778
0.624781
0.624783
0.624786
0.624788
0.624790
0.624792
0.624795
0.624797
0.624799
0.624801
0.624803
0.624805
0.624807
0.624809
0.624811
0.624813
0.624815
0.624817
0.624819
0.624821
0.624823
0.624824
0.624826
0.624828
0.624830
0.624831
0.624833
0.624834
0.624836
0.624837
0.624839
0.624840
0.624842
0.624843
0.624844
0.624846
0.624847
0.624848
0.624849
0.624850
0.624852
0.624853
0.624854
0.624855
0.624856
0.624857
0.624858
0.624858
0.624859
0.624860
0.624861
0.624862
0.624862
0.624863
0.624864
0.624864
0.624865
0.624865
0.624866
0.624866
0.624867
0.624867
0.624867
0.624868
0.624868
0.624868
0.624868
0.624868
0.624869
0.624869
0.624869
0.624869
0.624869
0.624869
0.624869
0.624868
0.624868
0.624868
0.624868
0.624868
0.624867
0.624867
0.624866
0.624866
0.624866
0.624865
0.624865
0.624864
0.624863
0.624863
0.624862
0.624861
0.624861
0.624860
0.624859
0.624858
0.624857
0.624856
0.624855
0.624854
0.624853
0.624852
0.624851
0.624850
0.624849
0.624847
0.624846
0.624845
0.624843
0.624842
0.624841
0.624839
0.624838
0.624836
0.624835
0.624833
0.624831
0.624830
0.624828
0.624826
0.624824
0.624823
0.624821
0.624819
0.624817
0.624815
0.624813
0.624811
0.624809
0.624807
0.624805
0.624803
0.624800
0.624798
0.624796
0.624793
0.624791
0.624789
0.624786
0.624784
0.624781
0.624779
0.624776
0.624774
0.624771
0.624768
0.624766
0.624763
0.624760
0.624757
0.624755
0.624752
0.624749
0.624746
0.624743
0.624740
0.624737
0.624734
0.624731
0.624727
0.624724
0.624721
0.624718
0.624715
0.624711
0.624708
0.624705
0.624701
0.624698
0.624694
0.624691
0.624687
0.624684
0.624680
0.624676
0.624673
0.624669
0.624665
0.624661
0.624658
0.624654
0.624650
0.624646
0.624642
0.624638
0.624634
0.624630
0.624626
0.624622
0.624618
0.624614
0.624609
0.624605
0.624601
0.624597
0.624592
0.624588
0.624584
0.624579
0.624575
0.624570
0.624566
0.624561
0.624557
0.624552
0.624548
0.624543
0.624538
0.624534
0.624529
0.624524
0.624519
0.624515
0.624510
0.624505
0.624500
0.624495
0.624490
0.624485
0.624480
0.624475
0.624470
0.624465
0.624460
0.624455
0.624450
0.624444
0.624439
0.624434
0.624429
0.624423
0.624418
0.624413
0.624407
0.624402
0.624396
0.624391
0.624385
0.624380
0.624374
0.624369
0.624363
0.624358
0.624352
0.624346
0.624341
0.624335
0.624329
0.624323
0.624318
0.624312
0.624306
0.624300
0.624294
0.624288
0.624282
0.624276
0.624270
0.624264
0.624258
0.624252
0.624246
0.624240
0.624234
0.624228
0.624222
0.624215
0.624209
0.624203
0.624197
0.624190
0.624184
0.624178
0.624171
0.624165
0.624159
0.624152
0.624146
0.624139
0.624133
0.624126
0.624120
0.624113
0.624107
0.624100
0.624094
0.624087
0.624080
0.624074
0.624067
0.624060
0.624054
0.624047
0.624040
0.624033
0.624027
0.624020
0.624013
0.624006
0.623999
0.623992
0.623985
0.623979
0.623972
0.623965
0.623958
0.623951
0.623944
0.623937
0.623930
0.623922
0.623915
0.623908
0.623901
0.623894
0.623887
0.623880
0.623873
0.623865
0.623858
0.623851
0.623844
0.623836
0.623829
0.623822
0.623814
0.623807
0.623800
0.623792
0.623785
0.623778
0.623770
0.623763
0.623755
0.623748
0.623741
0.623733
0.623726
0.623718
0.623711
0.623703
0.623695
0.623688
0.623680
0.623673
0.623665
0.623658
0.623650
0.623642
0.623635
0.623627
0.623619
0.623612
0.623604
0.623596
0.623588
0.623581
0.623573
0.623565
0.623557
0.623550
0.623542
0.623534
0.623526
0.623518
0.623510
0.623503
0.623495
0.623487
0.623479
0.623471
0.623463
0.623455
0.623447
0.623439
0.623431
0.623423
0.623415
0.623407
0.623399
0.623391
0.623383
0.623375
0.623367
0.623359
0.623351
0.623343
0.623335
0.623327
0.623319
0.623311
0.623303
0.623295
0.623287
0.623278
0.623270
0.623262
0.623254
0.623246
0.623238
0.623229
0.623221
0.623213
0.623205
0.623197
0.623188
0.623180
0.623172
0.623164
0.623156
0.623147
0.623139
0.623131
0.623122
0.623114
0.623106
0.623098
0.623089
0.623081
0.623073
0.623064
0.623056
0.623048
0.623039
0.623031
0.623023
0.623014
0.623006
0.622998
0.622989
0.622981
0.622972
0.622964
0.622956
0.622947
0.622939
0.622930
0.622922
0.622914
0.622905
0.622897
0.622888
0.622880
0.622871
0.622863
0.622854
0.622846
0.622837
0.622829
0.622821
0.622812
0.622804
0.622795
0.622787
0.622778
0.622770
0.622761
0.622753
0.622744
0.622736
0.622727
0.622719
0.622710
0.622702
0.622693
0.622684
0.622676
0.622667
0.622659
0.622650
0.622642
0.622633
0.622625
0.622616
0.622608
0.622599
0.622590
0.622582
0.622573
0.622565
0.622556
0.622548
0.622539
0.622530
0.622522
0.622513
0.622505
0.622496
0.622488
0.622479
0.622470
0.622462
0.622453
0.622453
0.622445
0.622436
0.622427
0.622419
0.622410
0.622402
0.622393
0.622384
0.622376
0.622367
0.622359
0.622350
0.622341
0.622333
0.622324
0.622316
0.622307
0.622298
0.622290
0.622281
0.622273
0.622264
0.622255
0.622247
0.622238
0.622229
0.622221
0.622212
0.622204
0.622195
0.622186
0.622178
0.622169
0.622161
0.622152
0.622143
0.622135
0.622126
0.622117
0.622109
0.622100
0.622092
0.622083
0.622074
0.622066
0.622057
0.622049
0.622040
0.622031
0.622023
0.622014
0.622005
0.621997
0.621988
0.621980
0.621971
0.621962
0.621954
0.621945
0.621937
0.621928
0.621919
0.621911
0.621902
0.621894
0.621885
0.621876
0.621868
0.621859
0.621851
0.621842
0.621833
0.621825
0.621816
0.621808
0.621799
0.621791
0.621782
0.621773
0.621765
0.621756
0.621748
0.621739
0.621731
0.621722
0.621713
0.621705
0.621696
0.621688
0.621679
0.621671
0.621662
0.621653
0.621645
0.621636
0.621628
0.621619
0.621611
0.621602
0.621594
0.621585
0.621577
0.621568
0.621559
0.621551
0.621542
0.621534
0.621525
0.621517
0.621508
0.621500
0.621491
0.621483
0.621474
0.621466
0.621457
0.621449
0.621440
0.621432
0.621423
0.621415
0.621406
0.621398
0.621389
0.621381
0.621372
0.621364
0.621355
0.621347
0.621338
0.621330
0.621321
0.621313
0.621304
0.621296
0.621288
0.621279
0.621271
0.621262
0.621254
0.621245
0.621237
0.621228
0.621220
0.621212
0.621203
0.621195
0.621186
0.621178
0.621169
0.621161
0.621153
0.621144
0.621136
0.621127
0.621119
0.621111
0.621102
0.621094
0.621085
0.621077
0.621069
0.621060
0.621052
0.621043
0.621035
0.621027
0.621018
0.621010
0.621002
0.620993
0.620985
0.620976
0.620968
0.620960
0.620951
0.620943
0.620935
0.620926
0.620918
0.620910
0.620901
0.620893
0.620885
0.620876
0.620868
0.620860
0.620852
0.620843
0.620835
0.620827
0.620818
0.620810
0.620802
0.620793
0.620785
0.620777
0.620769
0.620760
0.620752
0.620744
0.620736
0.620727
0.620719
0.620711
0.620702
0.620694
0.620686
0.620678
0.620669
0.620661
0.620653
0.620645
0.620637
0.620628
0.620620
0.620612
0.620604
0.620595
0.620587
0.620579
0.620571
0.620563
0.620554
0.620546
0.620538
0.620530
0.620522
0.620513
0.620505
0.620497
0.620489
0.620481
0.620473
0.620464
0.620456
0.620448
0.620440
0.620432
0.620424
0.620416
0.620407
0.620399
0.620391
0.620383
0.620375
0.620367
0.620359
0.620351
0.620342
0.620334
0.620326
0.620318
0.620310
0.620302
0.620294
0.620286
0.620278
0.620270
0.620261
0.620253
0.620245
0.620237
0.620229
0.620221
0.620213
0.620205
0.620197
0.620189
0.620181
0.620173
0.620165
0.620157
0.620149
0.620141
0.620133
0.620125
0.620117
0.620109
0.620101
0.620093
0.620084
0.620076
0.620068
0.620060
0.620052
0.620044
0.620036
0.620029
0.620021
0.620013
0.620005
0.619997
0.619989
0.619981
0.619973
0.619965
0.619957
0.619949
0.619941
0.619933
0.619925
0.619917
0.619909
0.619901
0.619893
0.619885
0.619877
0.619869
0.619861
0.619854
0.619846
0.619838
0.619830
0.619822
0.619814
0.619806
0.619798
0.619790
0.619782
0.619775
0.619767
0.619759
0.619751
0.619743
0.619735
0.619727
0.619719
0.619712
0.619704
0.619696
0.619688
0.619680
0.619672
0.619664
0.619657
0.619649
0.619641
0.619633
0.619625
0.619617
0.619610
0.619602
0.619594
0.619586
0.619578
0.619571
0.619563
0.619555
0.619547
0.619539
0.619532
0.619524
0.619516
0.619508
0.619500
0.619493
0.619485
0.619477
0.619469
0.619462
0.619454
0.619446
0.619438
0.619431
0.619423
0.619415
0.619407
0.619400
0.619392
0.619384
0.619376
0.619369
0.619361
0.619353
0.619346
0.619338
0.619330
0.619322
0.619315
0.619307
0.619299
0.619292
0.619284
0.619276
0.619268
0.619261
0.619253
0.619245
0.619238
0.619230
0.619222
0.619215
0.619207
0.619199
0.619192
0.619184
0.619176
0.619169
0.619161
0.619153
0.619146
0.619138
0.619131
0.619123
0.619115
0.619108
0.619100
0.619092
0.619085
0.619077
0.619070
0.619062
0.619054
0.619047
0.619039
0.619032
0.619024
0.619016
0.619009
0.619001
0.618994
0.618986
0.618978
0.618971
0.618963
0.618956
0.618948
0.618941
0.618933
0.618925
0.618918
0.618910
0.618903
0.618895
0.618888
0.618880
0.618873
0.618865
0.618858
0.618850
0.618843
0.618835
0.618827
0.618820
0.618812
0.618805
0.618797
0.618790
0.618782
0.618775
0.618767
0.618760
0.618752
0.618745
0.618737
0.618730
0.618722
0.618715
0.618708
0.618700
0.618693
0.618685
0.618678
0.618670
0.618663
0.618655
0.618648
0.618640
0.618633
0.618625
0.618618
0.618611
0.618603
0.618596
0.618588
0.618581
0.618573
0.618566
0.618559
0.618551
0.618544
0.618536
0.618529
0.618522
0.618514
0.618507
0.618499
0.618492
0.618485
0.618477
0.618470
0.618462
0.618455
0.618448
0.618440
0.618433
0.618425
0.618418
0.618418
0.618411
0.618403
0.618396
0.618389
0.618381
0.618374
0.618367
0.618359
0.618352
0.618345
0.618337
0.618330
0.618323
0.618315
0.618308
0.618301
0.618293
0.618286
0.618279
0.618271
0.618264
0.618257
0.618249
0.618242
0.618235
0.618227
0.618220
0.618213
0.618206
0.618198
0.618191
0.618184
0.618176
0.618169
0.618162
0.618155
0.618147
0.618140
0.618133
0.618126
0.618118
0.618111
0.618104
0.618097
0.618089
0.618082
0.618075
0.618068
0.618060
0.618053
0.618046
0.618039
0.618031
0.618024
0.618017
0.618010
0.618003
0.617995
0.617988
0.617981
0.617974
0.617966
0.617959
0.617952
0.617945
0.617938
0.617930
0.617923
0.617916
0.617909
0.617902
0.617895
0.617887
0.617880
0.617873
0.617866
0.617859
0.617852
0.617844
0.617837
0.617830
0.617823
0.617816
0.617809
0.617802
0.617794
0.617787
0.617780
0.617773
0.617766
0.617759
0.617752
0.617744
0.617737
0.617730
0.617723
0.617716
0.617709
0.617702
0.617695
0.617688
0.617680
0.617673
0.617666
0.617659
0.617652
0.617645
0.617638
0.617631
0.617624
0.617617
0.617610
0.617603
0.617595
0.617588
0.617581
0.617574
0.617567
0.617560
0.617553
0.617546
0.617539
0.617532
0.617525
0.617518
0.617511
0.617504
0.617497
0.617490
0.617483
0.617476
0.617469
0.617462
0.617455
0.617448
0.617441
0.617434
0.617427
0.617420
0.617413
0.617406
0.617399
0.617392
0.617385
0.617378
0.617371
0.617364
0.617357
0.617350
0.617343
0.617336
0.617329
0.617322
0.617315
0.617308
0.617301
0.617294
0.617287
0.617280
0.617273
0.617266
0.617259
0.617252
0.617245
0.617238
0.617231
0.617224
0.617217
0.617211
0.617204
0.617197
0.617190
0.617183
0.617176
0.617169
0.617162
0.617155
0.617148
0.617141
0.617134
0.617128
0.617121
0.617114
0.617107
0.617100
0.617093
0.617086
0.617079
0.617072
0.617066
0.617059
0.617052
0.617045
0.617038
0.617031
0.617024
0.617017
0.617011
0.617004
0.616997
0.616990
0.616983
0.616976
0.616969
0.616963
0.616956
0.616949
0.616942
0.616935
0.616928
0.616922
0.616915
0.616908
0.616901
0.616894
0.616888
0.616881
0.616874
0.616867
0.616860
0.616853
0.616847
0.616840
0.616833
0.616826
0.616819
0.616813
0.616806
0.616799
0.616792
0.616786
0.616779
0.616772
0.616765
0.616758
0.616752
0.616745
0.616738
0.616731
0.616725
0.616718
0.616711
0.616704
0.616698
0.616691
0.616684
0.616677
0.616671
0.616664
0.616657
0.616650
0.616644
0.616637
0.616630
0.616624
0.616617
0.616610
0.616603
0.616597
0.616590
0.616583
0.616577
0.616570
0.616563
0.616556
0.616550
0.616543
0.616536
0.616530
0.616523
0.616516
0.616510
0.616503
0.616496
0.616490
0.616483
0.616476
0.616469
0.616463
0.616456
0.616449
0.616443
0.616436
0.616430
0.616423
0.616416
0.616410
0.616403
0.616396
0.616390
0.616383
0.616376
0.616370
0.616363
0.616356
0.616350
0.616343
0.616337
0.616330
0.616323
0.616317
0.616310
0.616303
0.616297
0.616290
0.616284
0.616277
0.616270
0.616264
0.616257
0.616251
0.616244
0.616237
0.616231
0.616224
0.616218
0.616211
0.616205
0.616198
0.616191
0.616185
0.616178
0.616172
0.616165
0.616159
0.616152
0.616145
0.616139
0.616132
0.616126
0.616119
0.616113
0.616106
0.616100
0.616093
0.616086
0.616080
0.616073
0.616067
0.616060
0.616054
0.616047
0.616041
0.616034
0.616028
0.616021
0.616015
0.616008
0.616002
0.615995
0.615989
0.615982
0.615976
0.615969
0.615963
0.615956
0.615950
0.615943
0.615937
0.615930
0.615924
0.615917
0.615911
0.615904
0.615898
0.615891
0.615885
0.615878
0.615872
0.615865
0.615859
0.615852
0.615846
0.615839
0.615833
0.615827
0.615820
0.615814
0.615807
0.615801
0.615794
0.615788
0.615781
0.615775
0.615769
0.615762
0.615756
0.615749
0.615743
0.615736
0.615730
0.615724
0.615717
0.615711
0.615704
0.615698
0.615691
0.615685
0.615679
0.615672
0.615666
0.615659
0.615653
0.615647
0.615640
0.615634
0.615627
0.615621
0.615615
0.615608
0.615602
0.615595
0.615589
0.615583
0.615576
0.615570
0.615564
0.615557
0.615551
0.615544
0.615538
0.615532
0.615525
0.615519
0.615513
0.615506
0.615500
0.615494
0.615487
0.615481
0.615475
0.615468
0.615462
0.615456
0.615449
0.615443
0.615437
0.615430
0.615424
0.615418
0.615411
0.615405
0.615399
0.615392
0.615386
0.615380
0.615373
0.615367
0.615361
0.615354
0.615348
0.615342
0.615335
0.615329
0.615323
0.615317
0.615310
0.615304
0.615298
0.615291
0.615285
0.615279
0.615273
0.615266
0.615260
0.615254
0.615247
0.615241
0.615235
0.615229
0.615222
0.615216
0.615210
0.615204
0.615197
0.615191
0.615185
0.615178
0.615172
0.615166
0.615160
0.615153
0.615147
0.615141
0.615135
0.615128
0.615122
0.615116
0.615110
0.615104
0.615097
0.615091
0.615085
0.615079
0.615072
0.615066
0.615060
0.615054
0.615047
0.615047
0.615041
0.615035
0.615029
0.615023
0.615016
0.615010
0.615004
0.614998
0.614992
0.614985
0.614979
0.614973
0.614967
0.614961
0.614954
0.614948
0.614942
0.614936
0.614930
0.614923
0.614917
0.614911
0.614905
0.614899
0.614893
0.614886
0.614880
0.614874
0.614868
0.614862
0.614855
0.614849
0.614843
0.614837
0.614831
0.614825
0.614818
0.614812
0.614806
0.614800
0.614794
0.614788
0.614782
0.614775
0.614769
0.614763
0.614757
0.614751
0.614745
0.614739
0.614732
0.614726
0.614720
0.614714
0.614708
0.614702
0.614696
0.614690
0.614683
0.614677
0.614671
0.614665
0.614659
0.614653
0.614647
0.614641
0.614634
0.614628
0.614622
0.614616
0.614610
0.614604
0.614598
0.614592
0.614586
0.614580
0.614573
0.614567
0.614561
0.614555
0.614549
0.614543
0.614537
0.614531
0.614525
0.614519
0.614513
0.614506
0.614500
0.614494
0.614488
0.614482
0.614476
0.614470
0.614464
0.614458
0.614452
0.614446
0.614440
0.614434
0.614428
0.614421
0.614415
0.614409
0.614403
0.614397
0.614391
0.614385
0.614379
0.614373
0.614367
0.614361
0.614355
0.614349
0.614343
0.614337
0.614331
0.614325
0.614319
0.614313
0.614307
0.614300
0.614294
0.614288
0.614282
0.614276
0.614270
0.614264
0.614258
0.614252
0.614246
0.614240
0.614234
0.614228
0.614222
0.614216
0.614210
0.614204
0.614198
0.614192
0.614186
0.614180
0.614174
0.614168
0.614162
0.614156
0.614150
0.614144
0.614138
0.614132
0.614126
0.614120
0.614114
0.614108
0.614102
0.614096
0.614090
0.614084
0.614078
0.614072
0.614066
0.614060
0.614054
0.614048
0.614042
0.614036
0.614030
0.614024
0.614018
0.614012
0.614006
0.614000
0.613994
0.613988
0.613982
0.613976
0.613970
0.613964
0.613958
0.613952
0.613946
0.613940
0.613934
0.613928
0.613922
0.613916
0.613911
0.613905
0.613899
0.613893
0.613887
0.613881
0.613875
0.613869
0.613863
0.613857
0.613851
0.613845
0.613839
0.613833
0.613827
0.613821
0.613815
0.613809
0.613803
0.613797
0.613791
0.613785
0.613779
0.613774
0.613768
0.613762
0.613756
0.613750
0.613744
0.613738
0.613732
0.613726
0.613720
0.613714
0.613708
0.613702
0.613696
0.613690
0.613684
0.613678
0.613673
0.613667
0.613661
0.613655
0.613649
0.613643
0.613637
0.613631
0.613625
0.613619
0.613613
0.613607
0.613601
0.613595
0.613589
0.613584
0.613578
0.613572
0.613566
0.613560
0.613554
0.613548
0.613542
0.613536
0.613530
0.613524
0.613518
0.613512
0.613507
0.613501
0.613495
0.613489
0.613483
0.613477
0.613471
0.613465
0.613459
0.613453
0.613447
0.613441
0.613436
0.613430
0.613424
0.613418
0.613412
0.613406
0.613400
0.613394
0.613388
0.613382
0.613376
0.613370
0.613365
0.613359
0.613353
0.613347
0.613341
0.613335
0.613329
0.613323
0.613317
0.613311
0.613305
0.613299
0.613294
0.613288
0.613282
0.613276
0.613270
0.613264
0.613258
0.613252
0.613246
0.613240
0.613234
0.613228
0.613223
0.613217
0.613211
0.613205
0.613199
0.613193
0.613187
0.613181
0.613175
0.613169
0.613163
0.613158
0.613152
0.613146
0.613140
0.613134
0.613128
0.613122
0.613116
0.613110
0.613104
0.613098
0.613092
0.613087
0.613081
0.613075
0.613069
0.613063
0.613057
0.613051
0.613045
0.613039
0.613033
0.613027
0.613021
0.613015
0.613010
0.613004
0.612998
0.612992
0.612986
0.612980
0.612974
0.612968
0.612962
0.612956
0.612950
0.612944
0.612938
0.612932
0.612927
0.612921
0.612915
0.612909
0.612903
0.612897
0.612891
0.612885
0.612879
0.612873
0.612867
0.612861
0.612855
0.612849
0.612843
0.612837
0.612831
0.612826
0.612820
0.612814
0.612808
0.612802
0.612796
0.612790
0.612784
0.612778
0.612772
0.612766
0.612760
0.612754
0.612748
0.612742
0.612736
0.612730
0.612724
0.612718
0.612712
0.612706
0.612700
0.612694
0.612688
0.612682
0.612676
0.612670
0.612665
0.612659
0.612653
0.612647
0.612641
0.612635
0.612629
0.612623
0.612617
0.612611
0.612605
0.612599
0.612593
0.612587
0.612581
0.612575
0.612569
0.612563
0.612557
0.612551
0.612545
0.612539
0.612533
0.612527
0.612520
0.612514
0.612508
0.612502
0.612496
0.612490
0.612484
0.612478
0.612472
0.612466
0.612460
0.612454
0.612448
0.612442
0.612436
0.612430
0.612424
0.612418
0.612412
0.612406
0.612400
0.612394
0.612387
0.612381
0.612375
0.612369
0.612363
0.612357
0.612351
0.612345
0.612339
0.612333
0.612327
0.612321
0.612314
0.612308
0.612302
0.612296
0.612290
0.612284
0.612278
0.612272
0.612266
0.612259
0.612253
0.612247
0.612241
0.612235
0.612229
0.612223
0.612216
0.612210
0.612204
0.612198
0.612192
0.612186
0.612179
0.612173
0.612167
0.612161
0.612155
0.612149
0.612142
0.612136
0.612130
0.612124
0.612118
0.612111
0.612105
0.612099
0.612093
0.612086
0.612080
0.612074
0.612068
0.612062
0.612055
0.612049
0.612043
0.612043
0.612037
0.612030
0.612024
0.612018
0.612011
0.612005
0.611999
0.611993
0.611986
0.611980
0.611974
0.611967
0.611961
0.611955
0.611948
0.611942
0.611936
0.611929
0.611923
0.611917
0.611910
0.611904
0.611898
0.611891
0.611885
0.611879
0.611872
0.611866
0.611859
0.611853
0.611847
0.611840
0.611834
0.611827
0.611821
0.611815
0.611808
0.611802
0.611795
0.611789
0.611782
0.611776
0.611769
0.611763
0.611756
0.611750
0.611743
0.611737
0.611730
0.611724
0.611717
0.611711
0.611704
0.611698
0.611691
0.611685
0.611678
0.611672
0.611665
0.611658
0.611652
0.611645
0.611639
0.611632
0.611625
0.611619
0.611612
0.611606
0.611599
0.611592
0.611586
0.611579
0.611572
0.611566
0.611559
0.611552
0.611545
0.611539
0.611532
0.611525
0.611519
0.611512
0.611505
0.611498
0.611492
0.611485
0.611478
0.611471
0.611464
0.611458
0.611451
0.611444
0.611437
0.611430
0.611423
0.611417
0.611410
0.611403
0.611396
0.611389
0.611382
0.611375
0.611368
0.611361
0.611354
0.611347
0.611340
0.611333
0.611326
0.611319
0.611312
0.611305
0.611298
0.611291
0.611284
0.611277
0.611270
0.611263
0.611256
0.611249
0.611242
0.611235
0.611227
0.611220
0.611213
0.611206
0.611199
0.611192
0.611184
0.611177
0.611170
0.611163
0.611155
0.611148
0.611141
0.611134
0.611126
0.611119
0.611112
0.611104
0.611097
0.611090
0.611082
0.611075
0.611067
0.611060
0.611053
0.611045
0.611038
0.611030
0.611023
0.611015
0.611008
0.611000
0.610993
0.610985
0.610977
0.610970
0.610962
0.610955
0.610947
0.610939
0.610932
0.610924
0.610916
0.610909
0.610901
0.610893
0.610885
0.610878
0.610870
0.610862
0.610854
0.610846
0.610838
0.610831
0.610823
0.610815
0.610807
0.610799
0.610791
0.610783
0.610775
0.610767
0.610759
0.610751
0.610743
0.610735
0.610727
0.610719
0.610710
0.610702
0.610694
0.610686
0.610678
0.610669
0.610661
0.610653
0.610645
0.610636
0.610628
0.610620
0.610611
0.610603
0.610594
0.610586
0.610578
0.610569
0.610561
0.610552
0.610544
0.610535
0.610526
0.610518
0.610509
0.610500
0.610492
0.610483
0.610474
0.610466
0.610457
0.610448
0.610439
0.610430
0.610422
0.610413
0.610404
0.610395
0.610386
0.610377
0.610368
0.610359
0.610350
0.610341
0.610332
0.610322
0.610313
0.610304
0.610295
0.610286
0.610276
0.610267
0.610258
0.610248
0.610239
0.610230
0.610220
0.610211
0.610201
0.610192
0.610182
0.610172
0.610163
0.610153
0.610144
0.610134
0.610124
0.610114
0.610104
0.610095
0.610085
0.610075
0.610065
0.610055
0.610045
0.610035
0.610025
0.610015
0.610005
0.609995
0.609984
0.609974
0.609964
0.609954
0.609943
0.609933
0.609923
0.609912
0.609902
0.609891
0.609881
0.609870
0.609859
0.609849
0.609838
0.609827
0.609817
0.609806
0.609795
0.609784
0.609773
0.609762
0.609751
0.609740
0.609729
0.609718
0.609707
0.609696
0.609684
0.609673
0.609662
0.609650
0.609639
0.609628
0.609616
0.609605
0.609593
0.609581
0.609570
0.609558
0.609546
0.609534
0.609523
0.609511
0.609499
0.609487
0.609475
0.609463
0.609451
0.609438
0.609426
0.609414
0.609402
0.609389
0.609377
0.609364
0.609352
0.609339
0.609327
0.609314
0.609301
0.609288
0.609276
0.609263
0.609250
0.609237
0.609224
0.609211
0.609198
0.609184
0.609171
0.609158
0.609144
0.609131
0.609117
0.609104
0.609090
0.609077
0.609063
0.609049
0.609035
0.609022
0.609008
0.608994
0.608980
0.608965
0.608951
0.608937
0.608923
0.608908
0.608894
0.608879
0.608865
0.608850
0.608835
0.608821
0.608806
0.608791
0.608776
0.608761
0.608746
0.608731
0.608716
0.608700
0.608685
0.608670
0.608654
0.608639
0.608623
0.608607
0.608592
0.608576
0.608560
0.608544
0.608528
0.608512
0.608496
0.608479
0.608463
0.608447
0.608430
0.608413
0.608397
0.608380
0.608363
0.608347
0.608330
0.608313
0.608295
0.608278
0.608261
0.608244
0.608226
0.608209
0.608191
0.608174
0.608156
0.608138
0.608120
0.608102
0.608084
0.608066
0.608048
0.608030
0.608011
0.607993
0.607974
0.607956
0.607937
0.607918
0.607899
0.607880
0.607861
0.607842
0.607823
0.607804
0.607784
0.607765
0.607745
0.607726
0.607706
0.607686
0.607666
0.607646
0.607626
0.607606
0.607586
0.607565
0.607545
0.607524
0.607503
0.607483
0.607462
0.607441
0.607420
0.607399
0.607378
0.607356
0.607335
0.607314
0.607292
0.607270
0.607249
0.607227
0.607205
0.607183
0.607161
0.607138
0.607116
0.607094
0.607071
0.607048
0.607026
0.607003
0.606980
0.606957
0.606934
0.606911
0.606887
0.606864
0.606841
0.606817
0.606793
0.606769
0.606746
0.606722
0.606698
0.606673
0.606649
0.606625
0.606600
0.606576
0.606551
0.606526
0.606503
0.606474
0.606456
0.606417
0.606420
0.606343
0.606433
0.606232
0.606736
0.606381
0.607770
0.607908
0.607818
0.608178
0.607973
0.607973
0.608194
0.608167
0.608371
0.608351
0.608454
0.608392
0.608407
0.608337
0.608318
0.608273
0.608261
0.608252
0.608258
0.608278
0.608298
0.608334
0.608358
0.608397
0.608419
0.608452
0.608469
0.608494
0.608505
0.608523
0.608530
0.608541
0.608546
0.608554
0.608558
0.608565
0.608569
0.608574
0.608578
0.608584
0.608589
0.608596
0.608600
0.608608
0.608612
0.608621
0.608625
0.608634
0.608637
0.608647
0.608650
0.608660
0.608662
0.608673
0.608674
0.608685
0.608685
0.608697
0.608696
0.608707
0.608705
0.608717
0.608714
0.608726
0.608723
0.608735
0.608731
0.608743
0.608738
0.608750
0.608746
0.608757
0.608752
0.608764
0.608759
0.608770
0.608765
0.608777
0.608771
0.608783
0.608778
0.608789
0.608784
0.608795
0.608790
0.608801
0.608796
0.608806
0.608801
0.608812
0.608807
0.608818
0.608813
0.608824
0.608819
0.608830
0.608825
0.608836
0.608831
0.608842
0.608837
0.608848
0.608843
0.608853
0.608849
0.608860
0.608855
0.608866
0.608861
0.608872
0.608867
0.608878
0.608874
0.608884
0.608880
0.608891
0.608886
0.608897
0.608893
0.608904
0.608900
0.608910
0.608906
0.608917
0.608913
0.608924
0.608920
0.608931
0.608927
0.608938
0.608934
0.608946
0.608942
0.608953
0.608949
0.608960
0.608956
0.608968
0.608964
0.608975
0.608972
0.608983
0.608980
0.608991
0.608987
0.608999
0.608995
0.609007
0.609003
0.609015
0.609011
0.609023
0.609019
0.609031
0.609028
0.609039
0.609036
0.609047
0.609044
0.609055
0.609052
0.609064
0.609061
0.609072
0.609069
0.609080
0.609077
0.609088
0.609086
0.609097
0.609094
0.609105
0.609102
0.609113
0.609111
0.609122
0.609119
0.609130
0.609127
0.609138
0.609135
0.609146
0.609144
0.609155
0.609152
0.609163
0.609160
0.609171
0.609169
0.609180
0.609177
0.609188
0.609185
0.609196
0.609193
0.609204
0.609202
0.609212
0.609210
0.609221
0.609218
0.609229
0.609226
0.609237
0.609235
0.609245
0.609243
0.609253
0.609251
0.609262
0.609259
0.609270
0.609267
0.609278
0.609276
0.609286
0.609284
0.609294
0.609292
0.609302
0.609300
0.609311
0.609308
0.609319
0.609316
0.609327
0.609325
0.609335
0.609333
0.609343
0.609341
0.609351
0.609349
0.609359
0.609357
0.609367
0.609365
0.609375
0.609373
0.609383
0.609381
0.609392
0.609390
0.609400
0.609398
0.609408
0.609406
0.609416
0.609414
0.609424
0.609422
0.609432
0.609430
0.609440
0.609438
0.609448
0.609446
0.609456
0.609454
0.609464
0.609462
0.609472
0.609470
0.609480
0.609478
0.609487
0.609486
0.609495
0.609494
0.609503
0.609502
0.609511
0.609510
0.609519
0.609518
0.609527
0.609525
0.609535
0.609533
0.609543
0.609541
0.609550
0.609549
0.609558
0.609557
0.609566
0.609565
0.609574
0.609573
0.609582
0.609580
0.609589
0.609588
0.609597
0.609596
0.609605
0.609604
0.609613
0.609612
0.609620
0.609619
0.609628
0.609627
0.609636
0.609635
0.609643
0.609643
0.609651
0.609650
0.609659
0.609658
0.609667
0.609666
0.609674
0.609673
0.609682
0.609681
0.609690
0.609689
0.609697
0.609697
0.609705
0.609704
0.609712
0.609712
0.609720
0.609720
0.609728
0.609727
0.609735
0.609735
0.609743
0.609742
0.609750
0.609750
0.609758
0.609758
0.609766
0.609765
0.609773
0.609773
0.609781
0.609781
0.609788
0.609788
0.609796
0.609796
0.609803
0.609803
0.609811
0.609811
0.609819
0.609819
0.609826
0.609826
0.609834
0.609834
0.609841
0.609841
0.609849
0.609849
0.609856
0.609857
0.609864
0.609864
0.609871
0.609872
0.609879
0.609879
0.609886
0.609887
0.609894
0.609894
0.609901
0.609902
0.609909
0.609910
0.609916
0.609917
0.609924
0.609925
0.609932
0.609932
0.609939
0.609940
0.609947
0.609947
0.609954
0.609955
0.609962
0.609962
0.609969
0.609970
0.609977
0.609978
0.609984
0.609985
0.609992
0.609993
0.609999
0.610000
0.610007
0.610008
0.610014
0.610015
0.610022
0.610023
0.610029
0.610031
0.610037
0.610038
0.610044
0.610046
0.610052
0.610053
0.610059
0.610061
0.610067
0.610068
0.610074
0.610076
0.610082
0.610084
0.610090
0.610091
0.610097
0.610099
0.610105
0.610106
0.610112
0.610114
0.610120
0.610122
0.610127
0.610129
0.610135
0.610137
0.610143
0.610145
0.610150
0.610152
0.610158
0.610160
0.610165
0.610167
0.610173
0.610175
0.610181
0.610183
0.610188
0.610190
0.610196
0.610198
0.610203
0.610206
0.610211
0.610213
0.610219
0.610221
0.610226
0.610229
0.610234
0.610237
0.610242
0.610244
0.610249
0.610252
0.610257
0.610260
0.610265
0.610268
0.610273
0.610275
0.610280
0.610283
0.610288
0.610291
0.610296
0.610299
0.610304
0.610307
0.610311
0.610314
0.610319
0.610322
0.610327
0.610330
0.610335
0.610338
0.610343
0.610346
0.610351
0.610354
0.610358
0.610362
0.610366
0.610370
0.610374
0.610378
0.610382
0.610386
0.610390
0.610394
0.610398
0.610402
0.610402
0.610406
0.610410
0.610414
0.610418
0.610422
0.610426
0.610430
0.610434
0.610438
0.610442
0.610446
0.610450
0.610454
0.610458
0.610462
0.610466
0.610471
0.610474
0.610479
0.610483
0.610487
0.610491
0.610495
0.610499
0.610503
0.610507
0.610512
0.610515
0.610520
0.610524
0.610528
0.610532
0.610536
0.610540
0.610545
0.610549
0.610553
0.610557
0.610561
0.610566
0.610570
0.610574
0.610578
0.610582
0.610587
0.610591
0.610595
0.610599
0.610604
0.610608
0.610612
0.610616
0.610621
0.610625
0.610629
0.610633
0.610638
0.610642
0.610646
0.610651
0.610655
0.610659
0.610664
0.610668
0.610672
0.610677
0.610681
0.610685
0.610690
0.610694
0.610698
0.610703
0.610707
0.610711
0.610716
0.610720
0.610724
0.610729
0.610733
0.610738
0.610742
0.610747
0.610751
0.610755
0.610760
0.610764
0.610769
0.610773
0.610777
0.610782
0.610786
0.610791
0.610795
0.610800
0.610804
0.610809
0.610813
0.610818
0.610822
0.610826
0.610831
0.610835
0.610840
0.610844
0.610849
0.610853
0.610858
0.610862
0.610867
0.610871
0.610876
0.610880
0.610885
0.610889
0.610894
0.610898
0.610903
0.610907
0.610912
0.610916
0.610921
0.610925
0.610930
0.610934
0.610939
0.610944
0.610948
0.610953
0.610957
0.610962
0.610966
0.610971
0.610975
0.610980
0.610984
0.610989
0.610993
0.610998
0.611002
0.611007
0.611011
0.611016
0.611020
0.611025
0.611029
0.611034
0.611038
0.611043
0.611047
0.611052
0.611056
0.611061
0.611065
0.611070
0.611074
0.611079
0.611083
0.611088
0.611092
0.611097
0.611101
0.611106
0.611110
0.611115
0.611119
0.611124
0.611128
0.611133
0.611137
0.611142
0.611146
0.611150
0.611155
0.611159
0.611164
0.611168
0.611172
0.611177
0.611181
0.611186
0.611190
0.611194
0.611199
0.611203
0.611207
0.611212
0.611216
0.611220
0.611225
0.611229
0.611233
0.611238
0.611242
0.611246
0.611250
0.611255
0.611259
0.611263
0.611267
0.611272
0.611276
0.611280
0.611284
0.611288
0.611292
0.611296
0.611301
0.611305
0.611309
0.611313
0.611317
0.611321
0.611325
0.611329
0.611333
0.611337
0.611341
0.611345
0.611349
0.611353
0.611357
0.611361
0.611365
0.611369
0.611372
0.611376
0.611380
0.611384
0.611388
0.611391
0.611395
0.611399
0.611403
0.611406
0.611410
0.611414
0.611417
0.611421
0.611424
0.611428
0.611431
0.611435
0.611438
0.611442
0.611445
0.611449
0.611452
0.611455
0.611459
0.611462
0.611465
0.611469
0.611472
0.611475
0.611478
0.611481
0.611485
0.611488
0.611491
0.611494
0.611497
0.611500
0.611503
0.611506
0.611508
0.611511
0.611514
0.611517
0.611520
0.611522
0.611525
0.611528
0.611530
0.611533
0.611535
0.611538
0.611540
0.611543
0.611545
0.611547
0.611550
0.611552
0.611554
0.611556
0.611559
0.611561
0.611563
0.611565
0.611567
0.611569
0.611571
0.611572
0.611574
0.611576
0.611578
0.611579
0.611581
0.611582
0.611584
0.611585
0.611587
0.611588
0.611589
0.611591
0.611592
0.611593
0.611594
0.611595
0.611596
0.611597
0.611598
0.611599
0.611599
0.611600
0.611601
0.611601
0.611602
0.611602
0.611603
0.611603
0.611603
0.611603
0.611604
0.611604
0.611604
0.611604
0.611603
0.611603
0.611603
0.611603
0.611602
0.611602
0.611601
0.611600
0.611600
0.611599
0.611598
0.611597
0.611596
0.611595
0.611594
0.611593
0.611591
0.611590
0.611588
0.611587
0.611585
0.611584
0.611582
0.611580
0.611578
0.611576
0.611574
0.611571
0.611569
0.611566
0.611564
0.611561
0.611559
0.611556
0.611553
0.611550
0.611547
0.611544
0.611540
0.611537
0.611533
0.611530
0.611526
0.611522
0.611518
0.611514
0.611510
0.611506
0.611501
0.611497
0.611492
0.611488
0.611483
0.611478
0.611473
0.611468
0.611463
0.611457
0.611452
0.611446
0.611440
0.611434
0.611428
0.611422
0.611416
0.611410
0.611403
0.611397
0.611390
0.611383
0.611376
0.611369
0.611362
0.611354
0.611347
0.611339
0.611331
0.611323
0.611315
0.611307
0.611298
0.611290
0.611281
0.611272
0.611264
0.611254
0.611245
0.611236
0.611226
0.611216
0.611207
0.611197
0.611186
0.611176
0.611166
0.611155
0.611144
0.611133
0.611122
0.611111
0.611099
0.611088
0.611076
0.611064
0.611052
0.611040
0.611027
0.611015
0.611002
0.610989
0.610976
0.610962
0.610949
0.610935
0.610921
0.610907
0.610893
0.610879
0.610864
0.610850
0.610835
0.610820
0.610804
0.610789
0.610773
0.610757
0.610741
0.610725
0.610709
0.610692
0.610675
0.610658
0.610641
0.610623
0.610607
0.610588
0.610571
0.610550
0.610537
0.610511
0.610504
0.610466
0.610480
0.610412
0.610488
0.610351
0.610626
0.610409
0.611131
0.611092
0.611523
0.611800
0.611667
0.611937
0.611812
0.612029
0.611969
0.612119
0.612051
0.612114
0.612031
0.612041
0.611967
0.611963
0.611915
0.611919
0.611897
0.611911
0.611908
0.611926
0.611931
0.611945
0.611951
0.611951
0.611958
0.611961
0.611959
0.611960
0.611951
0.611952
0.611939
0.611941
0.611926
0.611931
0.611917
0.611925
0.611913
0.611925
0.611915
0.611931
0.611924
0.611943
0.611940
0.611959
0.611961
0.611979
0.611985
0.612002
0.612012
0.612025
0.612038
0.612048
0.612063
0.612069
0.612085
0.612088
0.612104
0.612104
0.612119
0.612117
0.612131
0.612127
0.612140
0.612135
0.612145
0.612140
0.612148
0.612143
0.612149
0.612144
0.612149
0.612144
0.612146
0.612142
0.612143
0.612140
0.612140
0.612137
0.612136
0.612133
0.612131
0.612130
0.612128
0.612127
0.612124
0.612125
0.612122
0.612124
0.612121
0.612123
0.612121
0.612124
0.612122
0.612126
0.612125
0.612130
0.612129
0.612134
0.612135
0.612140
0.612142
0.612146
0.612149
0.612153
0.612157
0.612160
0.612165
0.612167
0.612173
0.612175
0.612181
0.612182
0.612188
0.612188
0.612195
0.612194
0.612201
0.612199
0.612206
0.612204
0.612210
0.612208
0.612214
0.612212
0.612218
0.612215
0.612221
0.612218
0.612223
0.612221
0.612226
0.612224
0.612228
0.612227
0.612231
0.612230
0.612233
0.612233
0.612237
0.612236
0.612240
0.612240
0.612244
0.612244
0.612248
0.612248
0.612253
0.612253
0.612258
0.612258
0.612264
0.612263
0.612269
0.612269
0.612275
0.612275
0.612282
0.612280
0.612288
0.612286
0.612294
0.612292
0.612300
0.612298
0.612306
0.612303
0.612311
0.612309
0.612317
0.612314
0.612322
0.612319
0.612327
0.612323
0.612331
0.612328
0.612336
0.612333
0.612341
0.612337
0.612345
0.612341
0.612349
0.612346
0.612354
0.612350
0.612358
0.612355
0.612363
0.612359
0.612368
0.612364
0.612372
0.612368
0.612377
0.612373
0.612382
0.612378
0.612387
0.612383
0.612392
0.612388
0.612397
0.612393
0.612403
0.612398
0.612408
0.612403
0.612413
0.612407
0.612418
0.612412
0.612423
0.612417
0.612428
0.612422
0.612432
0.612426
0.612437
0.612431
0.612442
0.612435
0.612446
0.612440
0.612451
0.612444
0.612455
0.612448
0.612460
0.612453
0.612464
0.612457
0.612469
0.612462
0.612473
0.612466
0.612478
0.612470
0.612483
0.612475
0.612487
0.612479
0.612492
0.612483
0.612496
0.612488
0.612501
0.612492
0.612505
0.612496
0.612510
0.612501
0.612514
0.612505
0.612519
0.612509
0.612523
0.612513
0.612527
0.612517
0.612532
0.612522
0.612536
0.612526
0.612540
0.612530
0.612544
0.612534
0.612549
0.612538
0.612553
0.612542
0.612557
0.612546
0.612561
0.612550
0.612565
0.612554
0.612570
0.612558
0.612574
0.612562
0.612578
0.612566
0.612582
0.612570
0.612586
0.612574
0.612590
0.612577
0.612594
0.612581
0.612598
0.612585
0.612602
0.612589
0.612606
0.612593
0.612610
0.612597
0.612614
0.612600
0.612618
0.612604
0.612622
0.612608
0.612626
0.612611
0.612630
0.612615
0.612634
0.612619
0.612638
0.612622
0.612642
0.612626
0.612645
0.612630
0.612649
0.612633
0.612653
0.612637
0.612657
0.612640
0.612661
0.612644
0.612664
0.612647
0.612668
0.612651
0.612672
0.612654
0.612676
0.612658
0.612679
0.612661
0.612683
0.612665
0.612686
0.612668
0.612690
0.612671
0.612694
0.612675
0.612697
0.612678
0.612701
0.612681
0.612704
0.612685
0.612708
0.612688
0.612712
0.612691
0.612715
0.612695
0.612719
0.612698
0.612722
0.612701
0.612725
0.612704
0.612729
0.612707
0.612732
0.612711
0.612736
0.612714
0.612739
0.612717
0.612743
0.612720
0.612746
0.612723
0.612749
0.612726
0.612753
0.612729
0.612756
0.612732
0.612759
0.612735
0.612763
0.612738
0.612766
0.612741
0.612769
0.612744
0.612772
0.612747
0.612775
0.612750
0.612779
0.612753
0.612782
0.612756
0.612785
0.612759
0.612788
0.612762
0.612791
0.612765
0.612794
0.612768
0.612798
0.612770
0.612801
0.612773
0.612804
0.612776
0.612807
0.612779
0.612810
0.612781
0.612813
0.612784
0.612816
0.612787
0.612819
0.612790
0.612822
0.612792
0.612825
0.612795
0.612828
0.612798
0.612831
0.612800
0.612834
0.612803
0.612837
0.612805
0.612839
0.612808
0.612842
0.612810
0.612845
0.612813
0.612848
0.612816
0.612851
0.612818
0.612854
0.612821
0.612856
0.612823
0.612859
0.612825
0.612862
0.612828
0.612865
0.612830
0.612867
0.612833
0.612870
0.612835
0.612873
0.612837
0.612875
0.612840
0.612878
0.612842
0.612881
0.612844
0.612883
0.612847
0.612886
0.612849
0.612889
0.612851
0.612891
0.612853
0.612894
0.612856
0.612896
0.612858
0.612899
0.612860
0.612901
0.612862
0.612904
0.612864
0.612906
0.612866
0.612909
0.612869
0.612911
0.612871
0.612914
0.612873
0.612916
0.612875
0.612918
0.612877
0.612921
0.612879
0.612923
0.612881
0.612925
0.612883
0.612928
0.612885
0.612930
0.612887
0.612932
0.612889
0.612935
0.612890
0.612937
0.612892
0.612939
0.612894
0.612941
0.612896
0.612944
0.612898
0.612946
0.612900
0.612948
0.612902
0.612950
0.612903
0.612952
0.612952
0.612905
0.612954
0.612907
0.612956
0.612908
0.612959
0.612910
0.612961
0.612912
0.612963
0.612914
0.612965
0.612915
0.612967
0.612917
0.612969
0.612918
0.612971
0.612920
0.612973
0.612922
0.612975
0.612923
0.612977
0.612925
0.612978
0.612926
0.612980
0.612928
0.612982
0.612929
0.612984
0.612930
0.612986
0.612932
0.612988
0.612933
0.612990
0.612935
0.612991
0.612936
0.612993
0.612937
0.612995
0.612939
0.612997
0.612940
0.612998
0.612941
0.613000
0.612943
0.613002
0.612944
0.613003
0.612945
0.613005
0.612946
0.613007
0.612948
0.613008
0.612949
0.613010
0.612950
0.613011
0.612951
0.613013
0.612952
0.613014
0.612953
0.613016
0.612954
0.613018
0.612955
0.613019
0.612956
0.613020
0.612957
0.613022
0.612958
0.613023
0.612959
0.613025
0.612960
0.613026
0.612961
0.613028
0.612962
0.613029
0.612963
0.613030
0.612964
0.613032
0.612965
0.613033
0.612966
0.613034
0.612966
0.613035
0.612967
0.613037
0.612968
0.613038
0.612969
0.613039
0.612969
0.613040
0.612970
0.613041
0.612971
0.613043
0.612972
0.613044
0.612972
0.613045
0.612973
0.613046
0.612973
0.613047
0.612974
0.613048
0.612975
0.613049
0.612975
0.613050
0.612976
0.613051
0.612976
0.613052
0.612977
0.613053
0.612977
0.613054
0.612978
0.613055
0.612978
0.613056
0.612978
0.613057
0.612979
0.613057
0.612979
0.613058
0.612979
0.613059
0.612980
0.613060
0.612980
0.613061
0.612980
0.613062
0.612981
0.613062
0.612981
0.613063
0.612981
0.613064
0.612981
0.613064
0.612981
0.613065
0.612982
0.613066
0.612982
0.613066
0.612982
0.613067
0.612982
0.613068
0.612982
0.613068
0.612982
0.613069
0.612982
0.613069
0.612982
0.613070
0.612982
0.613070
0.612982
0.613071
0.612982
0.613071
0.612982
0.613072
0.612982
0.613072
0.612982
0.613072
0.612981
0.613073
0.612981
0.613073
0.612981
0.613073
0.612981
0.613074
0.612981
0.613074
0.612980
0.613074
0.612980
0.613075
0.612980
0.613075
0.612979
0.613075
0.612979
0.613075
0.612979
0.613075
0.612978
0.613075
0.612978
0.613076
0.612978
0.613076
0.612977
0.613076
0.612977
0.613076
0.612976
0.613076
0.612976
0.613076
0.612975
0.613076
0.612975
0.613076
0.612974
0.613076
0.612973
0.613076
0.612973
0.613076
0.612972
0.613076
0.612971
0.613076
0.612971
0.613075
0.612970
0.613075
0.612969
0.613075
0.612968
0.613075
0.612968
0.613075
0.612967
0.613074
0.612966
0.613074
0.612965
0.613074
0.612964
0.613074
0.612963
0.613073
0.612963
0.613073
0.612962
0.613073
0.612961
0.613072
0.612960
0.613072
0.612959
0.613071
0.612958
0.613071
0.612957
0.613070
0.612956
0.613070
0.612954
0.613069
0.612953
0.613069
0.612952
0.613068
0.612951
0.613068
0.612950
0.613067
0.612949
0.613067
0.612947
0.613066
0.612946
0.613065
0.612945
0.613065
0.612944
0.613064
0.612942
0.613063
0.612941
0.613063
0.612940
0.613062
0.612938
0.613061
0.612937
0.613060
0.612935
0.613059
0.612934
0.613058
0.612933
0.613058
0.612931
0.613057
0.612930
0.613056
0.612928
0.613055
0.612926
0.613054
0.612925
0.613053
0.612923
0.613052
0.612922
0.613051
0.612920
0.613050
0.612918
0.613049
0.612917
0.613048
0.612915
0.613047
0.612913
0.613046
0.612911
0.613044
0.612910
0.613043
0.612908
0.613042
0.612906
0.613041
0.612904
0.613040
0.612902
0.613038
0.612900
0.613037
0.612899
0.613036
0.612897
0.613034
0.612895
0.613033
0.612893
0.613032
0.612891
0.613030
0.612889
0.613029
0.612887
0.613028
0.612885
0.613026
0.612882
0.613025
0.612880
0.613023
0.612878
0.613022
0.612876
0.613020
0.612874
0.613019
0.612872
0.613017
0.612869
0.613015
0.612867
0.613014
0.612865
0.613012
0.612863
0.613011
0.612860
0.613009
0.612858
0.613007
0.612856
0.613005
0.612853
0.613004
0.612851
0.613002
0.612848
0.613000
0.612846
0.612998
0.612844
0.612996
0.612841
0.612995
0.612839
0.612993
0.612836
0.612991
0.612833
0.612989
0.612831
0.612987
0.612828
0.612985
0.612826
0.612983
0.612823
0.612981
0.612820
0.612979
0.612818
0.612977
0.612815
0.612975
0.612812
0.612973
0.612810
0.612971
0.612807
0.612969
0.612804
0.612966
0.612801
0.612964
0.612798
0.612962
0.612795
0.612960
0.612793
0.612958
0.612790
0.612955
0.612787
0.612953
0.612784
0.612951
0.612781
0.612948
0.612778
0.612946
0.612775
0.612944
0.612772
0.612941
0.612769
0.612939
0.612766
0.612936
0.612763
0.612934
0.612760
0.612931
0.612756
0.612929
0.612753
0.612926
0.612750
0.612924
0.612747
0.612921
0.612744
0.612919
0.612740
0.612916
0.612737
0.612914
0.612734
0.612911
0.612731
0.612908
0.612727
0.612906
0.612724
0.612903
0.612721
0.612900
0.612717
0.612897
0.612714
0.612895
0.612710
0.612892
0.612707
0.612889
0.612703
0.612886
0.612700
0.612883
0.612696
0.612880
0.612693
0.612693
0.612877
0.612689
0.612875
0.612686
0.612872
0.612682
0.612869
0.612679
0.612866
0.612675
0.612863
0.612671
0.612860
0.612668
0.612857
0.612664
0.612854
0.612660
0.612850
0.612657
0.612847
0.612653
0.612844
0.612649
0.612841
0.612645
0.612838
0.612642
0.612835
0.612638
0.612831
0.612634
0.612828
0.612630
0.612825
0.612626
0.612822
0.612622
0.612818
0.612618
0.612815
0.612614
0.612812
0.612610
0.612808
0.612606
0.612805
0.612602
0.612802
0.612598
0.612798
0.612594
0.612795
0.612590
0.612791
0.612586
0.612788
0.612582
0.612784
0.612578
0.612781
0.612574
0.612777
0.612570
0.612774
0.612566
0.612770
0.612561
0.612766
0.612557
0.612763
0.612553
0.612759
0.612549
0.612755
0.612544
0.612752
0.612540
0.612748
0.612536
0.612744
0.612532
0.612741
0.612527
0.612737
0.612523
0.612733
0.612518
0.612729
0.612514
0.612725
0.612510
0.612721
0.612505
0.612718
0.612501
0.612714
0.612496
0.612710
0.612492
0.612706
0.612487
0.612702
0.612483
0.612698
0.612478
0.612694
0.612474
0.612690
0.612469
0.612686
0.612465
0.612682
0.612460
0.612678
0.612455
0.612674
0.612451
0.612670
0.612446
0.612665
0.612442
0.612661
0.612437
0.612657
0.612432
0.612653
0.612427
0.612649
0.612423
0.612644
0.612418
0.612640
0.612413
0.612636
0.612408
0.612632
0.612404
0.612627
0.612399
0.612623
0.612394
0.612619
0.612389
0.612614
0.612384
0.612610
0.612379
0.612606
0.612375
0.612601
0.612370
0.612597
0.612365
0.612592
0.612360
0.612588
0.612355
0.612583
0.612350
0.612579
0.612345
0.612574
0.612340
0.612570
0.612335
0.612565
0.612330
0.612560
0.612325
0.612556
0.612320
0.612551
0.612315
0.612547
0.612310
0.612542
0.612305
0.612537
0.612299
0.612532
0.612294
0.612528
0.612289
0.612523
0.612284
0.612518
0.612279
0.612513
0.612274
0.612509
0.612269
0.612504
0.612263
0.612499
0.612258
0.612494
0.612253
0.612489
0.612248
0.612484
0.612242
0.612479
0.612237
0.612474
0.612232
0.612469
0.612227
0.612464
0.612221
0.612459
0.612216
0.612454
0.612211
0.612449
0.612205
0.612444
0.612200
0.612439
0.612194
0.612434
0.612189
0.612429
0.612184
0.612424
0.612178
0.612419
0.612173
0.612414
0.612167
0.612409
0.612162
0.612403
0.612156
0.612398
0.612151
0.612393
0.612146
0.612388
0.612140
0.612382
0.612135
0.612377
0.612129
0.612372
0.612123
0.612366
0.612118
0.612361
0.612112
0.612356
0.612107
0.612350
0.612101
0.612345
0.612096
0.612339
0.612090
0.612334
0.612084
0.612329
0.612079
0.612323
0.612073
0.612318
0.612068
0.612312
0.612062
0.612307
0.612056
0.612301
0.612051
0.612295
0.612045
0.612290
0.612039
0.612284
0.612034
0.612279
0.612028
0.612273
0.612022
0.612267
0.612016
0.612262
0.612011
0.612256
0.612005
0.612250
0.611999
0.612244
0.611993
0.612239
0.611988
0.612233
0.611982
0.612227
0.611976
0.612221
0.611970
0.612216
0.611964
0.612210
0.611959
0.612204
0.611953
0.612198
0.611947
0.612192
0.611941
0.612186
0.611935
0.612180
0.611929
0.612174
0.611924
0.612168
0.611918
0.612162
0.611912
0.612156
0.611906
0.612150
0.611900
0.612144
0.611894
0.612138
0.611888
0.612132
0.611882
0.612126
0.611876
0.612120
0.611871
0.612114
0.611865
0.612107
0.611859
0.612101
0.611853
0.612095
0.611847
0.612089
0.611841
0.612082
0.611835
0.612076
0.611829
0.612070
0.611823
0.612064
0.611817
0.612057
0.611811
0.612051
0.611805
0.612044
0.611799
0.612038
0.611793
0.612032
0.611787
0.612025
0.611781
0.612019
0.611775
0.612012
0.611769
0.612006
0.611763
0.611999
0.611757
0.611993
0.611751
0.611986
0.611745
0.611980
0.611739
0.611973
0.611733
0.611966
0.611727
0.611960
0.611721
0.611953
0.611715
0.611946
0.611709
0.611940
0.611703
0.611933
0.611697
0.611926
0.611691
0.611919
0.611685
0.611913
0.611679
0.611906
0.611673
0.611899
0.611666
0.611892
0.611660
0.611885
0.611654
0.611878
0.611648
0.611871
0.611642
0.611864
0.611636
0.611857
0.611630
0.611850
0.611624
0.611843
0.611618
0.611836
0.611612
0.611829
0.611606
0.611822
0.611600
0.611815
0.611594
0.611808
0.611588
0.611801
0.611582
0.611793
0.611576
0.611786
0.611570
0.611779
0.611564
0.611772
0.611558
0.611764
0.611552
0.611757
0.611546
0.611750
0.611540
0.611742
0.611534
0.611735
0.611528
0.611728
0.611522
0.611720
0.611516
0.611713
0.611510
0.611705
0.611505
0.611697
0.611499
0.611690
0.611493
0.611682
0.611487
0.611675
0.611481
0.611667
0.611475
0.611659
0.611470
0.611652
0.611464
0.611644
0.611458
0.611636
0.611452
0.611628
0.611447
0.611621
0.611441
0.611613
0.611436
0.611605
0.611430
0.611597
0.611425
0.611589
0.611419
0.611581
0.611414
0.611573
0.611408
0.611565
0.611403
0.611557
0.611398
0.611549
0.611393
0.611541
0.611387
0.611533
0.611533
0.611382
0.611525
0.611378
0.611517
0.611373
0.611509
0.611368
0.611501
0.611364
0.611493
0.611359
0.611485
0.611355
0.611477
0.611351
0.611469
0.611347
0.611461
0.611343
0.611454
0.611340
0.611446
0.611337
0.611439
0.611334
0.611431
0.611332
0.611424
0.611330
0.611417
0.611328
0.611411
0.611327
0.611405
0.611327
0.611399
0.611327
0.611394
0.611329
0.611390
0.611331
0.611387
0.611334
0.611384
0.611338
0.611383
0.611343
0.611383
0.611350
0.611385
0.611357
0.611388
0.611367
0.611393
0.611377
0.611399
0.611389
0.611408
0.611403
0.611419
0.611418
0.611433
0.611435
0.611448
0.611453
0.611466
0.611473
0.611486
0.611495
0.611508
0.611519
0.611532
0.611545
0.611558
0.611572
0.611587
0.611602
0.611617
0.611633
0.611650
0.611667
0.611684
0.611702
0.611721
0.611740
0.611759
0.611779
0.611799
0.611820
0.611841
0.611862
0.611884
0.611906
0.611928
0.611951
0.611974
0.611997
0.612021
0.612045
0.612069
0.612093
0.612117
0.612142
0.612166
0.612191
0.612216
0.612240
0.612265
0.612290
0.612314
0.612338
0.612362
0.612386
0.612410
0.612434
0.612457
0.612480
0.612502
0.612524
0.612546
0.612567
0.612588
0.612608
0.612627
0.612646
0.612665
0.612683
0.612700
0.612717
0.612733
0.612748
0.612763
0.612777
0.612791
0.612803
0.612816
0.612827
0.612838
0.612848
0.612857
0.612866
0.612874
0.612882
0.612889
0.612895
0.612901
0.612906
0.612911
0.612915
0.612918
0.612921
0.612924
0.612926
0.612927
0.612929
0.612929
0.612930
0.612930
0.612929
0.612929
0.612927
0.612926
0.612924
0.612923
0.612920
0.612918
0.612915
0.612913
0.612910
0.612906
0.612903
0.612900
0.612896
0.612892
0.612889
0.612885
0.612881
0.612877
0.612873
0.612868
0.612864
0.612860
0.612856
0.612852
0.612847
0.612843
0.612839
0.612834
0.612830
0.612826
0.612822
0.612818
0.612814
0.612810
0.612806
0.612802
0.612798
0.612794
0.612790
0.612786
0.612782
0.612778
0.612775
0.612771
0.612767
0.612764
0.612760
0.612757
0.612753
0.612750
0.612747
0.612743
0.612740
0.612737
0.612733
0.612730
0.612727
0.612724
0.612721
0.612718
0.612714
0.612711
0.612708
0.612705
0.612702
0.612699
0.612696
0.612693
0.612690
0.612687
0.612684
0.612681
0.612678
0.612675
0.612672
0.612668
0.612665
0.612662
0.612659
0.612656
0.612653
0.612650
0.612647
0.612643
0.612640
0.612637
0.612634
0.612631
0.612627
0.612624
0.612621
0.612617
0.612614
0.612611
0.612608
0.612604
0.612601
0.612598
0.612594
0.612591
0.612587
0.612584
0.612581
0.612577
0.612574
0.612570
0.612567
0.612563
0.612560
0.612557
0.612553
0.612550
0.612546
0.612543
0.612539
0.612536
0.612532
0.612529
0.612525
0.612522
0.612519
0.612515
0.612512
0.612508
0.612505
0.612502
0.612498
0.612495
0.612491
0.612488
0.612485
0.612481
0.612478
0.612475
0.612472
0.612468
0.612465
0.612462
0.612459
0.612455
0.612452
0.612449
0.612446
0.612443
0.612439
0.612436
0.612433
0.612430
0.612427
0.612424
0.612421
0.612418
0.612415
0.612412
0.612409
0.612406
0.612403
0.612400
0.612397
0.612394
0.612391
0.612388
0.612386
0.612383
0.612380
0.612377
0.612374
0.612371
0.612369
0.612366
0.612363
0.612360
0.612357
0.612355
0.612352
0.612349
0.612346
0.612344
0.612341
0.612338
0.612335
0.612333
0.612330
0.612327
0.612325
0.612322
0.612319
0.612317
0.612314
0.612311
0.612308
0.612306
0.612303
0.612300
0.612298
0.612295
0.612292
0.612290
0.612287
0.612284
0.612281
0.612279
0.612276
0.612273
0.612271
0.612268
0.612265
0.612262
0.612260
0.612257
0.612254
0.612251
0.612248
0.612246
0.612243
0.612240
0.612237
0.612234
0.612232
0.612229
0.612226
0.612223
0.612220
0.612217
0.612214
0.612212
0.612209
0.612206
0.612203
0.612200
0.612197
0.612194
0.612191
0.612188
0.612185
0.612182
0.612179
0.612176
0.612173
0.612170
0.612167
0.612164
0.612161
0.612158
0.612154
0.612151
0.612148
0.612145
0.612142
0.612139
0.612135
0.612132
0.612129
0.612126
0.612122
0.612119
0.612116
0.612113
0.612109
0.612106
0.612103
0.612099
0.612096
0.612093
0.612089
0.612086
0.612082
0.612079
0.612075
0.612072
0.612069
0.612065
0.612062
0.612058
0.612054
0.612051
0.612047
0.612044
0.612040
0.612037
0.612033
0.612029
0.612026
0.612022
0.612018
0.612015
0.612011
0.612007
0.612003
0.612000
0.611996
0.611992
0.611988
0.611984
0.611980
0.611977
0.611973
0.611969
0.611965
0.611961
0.611957
0.611953
0.611949
0.611945
0.611941
0.611937
0.611933
0.611929
0.611925
0.611921
0.611917
0.611913
0.611909
0.611904
0.611900
0.611896
0.611892
0.611888
0.611883
0.611879
0.611875
0.611871
0.611866
0.611862
0.611858
0.611853
0.611849
0.611845
0.611840
0.611836
0.611831
0.611827
0.611823
0.611818
0.611814
0.611809
0.611805
0.611800
0.611796
0.611796
0.611791
0.611787
0.611782
0.611777
0.611773
0.611768
0.611763
0.611759
0.611754
0.611749
0.611745
0.611740
0.611735
0.611731
0.611726
0.611721
0.611716
0.611711
0.611707
0.611702
0.611697
0.611692
0.611687
0.611682
0.611677
0.611672
0.611667
0.611663
0.611658
0.611653
0.611648
0.611643
0.611638
0.611633
0.611627
0.611622
0.611617
0.611612
0.611607
0.611602
0.611597
0.611592
0.611587
0.611581
0.611576
0.611571
0.611566
0.611561
0.611555
0.611550
0.611545
0.611540
0.611534
0.611529
0.611524
0.611518
0.611513
0.611508
0.611502
0.611497
0.611491
0.611486
0.611481
0.611475
0.611470
0.611464
0.611459
0.611453
0.611448
0.611442
0.611437
0.611431
0.611426
0.611420
0.611415
0.611409
0.611404
0.611398
0.611392
0.611387
0.611381
0.611375
0.611370
0.611364
0.611358
0.611353
0.611347
0.611341
0.611336
0.611330
0.611324
0.611318
0.611313
0.611307
0.611301
0.611295
0.611289
0.611284
0.611278
0.611272
0.611266
0.611260
0.611254
0.611248
0.611243
0.611237
0.611231
0.611225
0.611219
0.611213
0.611207
0.611201
0.611195
0.611189
0.611183
0.611177
0.611171
0.611165
0.611159
0.611153
0.611147
0.611141
0.611135
0.611129
0.611123
0.611117
0.611111
0.611104
0.611098
0.611092
0.611086
0.611080
0.611074
0.611068
0.611061
0.611055
0.611049
0.611043
0.611037
0.611031
0.611024
0.611018
0.611012
0.611006
0.610999
0.610993
0.610987
0.610981
0.610974
0.610968
0.610962
0.610955
0.610949
0.610943
0.610936
0.610930
0.610924
0.610917
0.610911
0.610905
0.610898
0.610892
0.610886
0.610879
0.610873
0.610866
0.610860
0.610854
0.610847
0.610841
0.610834
0.610828
0.610821
0.610815
0.610809
0.610802
0.610796
0.610789
0.610783
0.610776
0.610770
0.610763
0.610757
0.610750
0.610744
0.610737
0.610731
0.610724
0.610718
0.610711
0.610704
0.610698
0.610691
0.610685
0.610678
0.610672
0.610665
0.610658
0.610652
0.610645
0.610639
0.610632
0.610625
0.610619
0.610612
0.610606
0.610599
0.610592
0.610586
0.610579
0.610572
0.610566
0.610559
0.610552
0.610546
0.610539
0.610532
0.610526
0.610519
0.610512
0.610505
0.610499
0.610492
0.610485
0.610479
0.610472
0.610465
0.610458
0.610452
0.610445
0.610438
0.610432
0.610425
0.610418
0.610411
0.610405
0.610398
0.610391
0.610384
0.610377
0.610371
0.610364
0.610357
0.610350
0.610344
0.610337
0.610330
0.610323
0.610316
0.610310
0.610303
0.610296
0.610289
0.610282
0.610276
0.610269
0.610262
0.610255
0.610248
0.610241
0.610235
0.610228
0.610221
0.610214
0.610207
0.610200
0.610193
0.610187
0.610180
0.610173
0.610166
0.610159
0.610152
0.610145
0.610139
0.610132
0.610125
0.610118
0.610111
0.610104
0.610097
0.610090
0.610084
0.610077
0.610070
0.610063
0.610056
0.610049
0.610042
0.610035
0.610028
0.610022
0.610015
0.610008
0.610001
0.609994
0.609987
0.609980
0.609973
0.609966
0.609959
0.609952
0.609946
0.609939
0.609932
0.609925
0.609918
0.609911
0.609904
0.609897
0.609890
0.609883
0.609876
0.609869
0.609862
0.609855
0.609849
0.609842
0.609835
0.609828
0.609821
0.609814
0.609807
0.609800
0.609793
0.609786
0.609779
0.609772
0.609765
0.609758
0.609751
0.609744
0.609737
0.609731
0.609724
0.609717
0.609710
0.609703
0.609696
0.609689
0.609682
0.609675
0.609668
0.609661
0.609654
0.609647
0.609640
0.609633
0.609626
0.609619
0.609612
0.609605
0.609599
0.609592
0.609585
0.609578
0.609571
0.609564
0.609557
0.609550
0.609543
0.609536
0.609529
0.609522
0.609515
0.609508
0.609501
0.609494
0.609487
0.609480
0.609473
0.609466
0.609459
0.609452
0.609445
0.609439
0.609432
0.609425
0.609418
0.609411
0.609404
0.609397
0.609390
0.609383
0.609376
0.609369
0.609362
0.609355
0.609348
0.609341
0.609334
0.609327
0.609320
0.609313
0.609306
0.609299
0.609292
0.609285
0.609278
0.609272
0.609265
0.609258
0.609251
0.609244
0.609237
0.609230
0.609223
0.609216
0.609209
0.609203
0.609196
0.609189
0.609182
0.609175
0.609168
0.609162
0.609155
0.609148
0.609141
0.609135
0.609128
0.609121
0.609114
0.609108
0.609101
0.609094
0.609088
0.609081
0.609074
0.609067
0.609061
0.609054
0.609047
0.609041
0.609034
0.609027
0.609020
0.609013
0.609006
0.608999
0.608992
0.608985
0.608978
0.608971
0.608964
0.608956
0.608949
0.608941
0.608934
0.608926
0.608918
0.608909
0.608901
0.608893
0.608884
0.608875
0.608866
0.608856
0.608847
0.608837
0.608827
0.608817
0.608806
0.608795
0.608784
0.608773
0.608761
0.608749
0.608737
0.608724
0.608712
0.608699
0.608685
0.608672
0.608658
0.608645
0.608631
0.608617
0.608603
0.608589
0.608575
0.608562
0.608549
0.608536
0.608524
0.608513
0.608503
0.608494
0.608486
0.608481
0.608478
0.608478
0.608483
0.608492
0.608507
0.608530
0.608562
0.608606
0.608665
0.608665
0.608741
0.608836
0.608951
0.609086
0.609236
0.609395
0.609555
0.609709
0.609849
0.609969
0.610065
0.610133
0.610175
0.610190
0.610183
0.610158
0.610120
0.610073
0.610022
0.609968
0.609914
0.609861
0.609811
0.609763
0.609717
0.609670
0.609622
0.609570
0.609513
0.609450
0.609381
0.609307
0.609230
0.609151
0.609074
0.608998
0.608927
0.608860
0.608799
0.608742
0.608691
0.608644
0.608600
0.608559
0.608519
0.608481
0.608443
0.608405
0.608367
0.608328
0.608288
0.608247
0.608206
0.608163
0.608119
0.608075
0.608030
0.607985
0.607939
0.607893
0.607847
0.607801
0.607754
0.607708
0.607662
0.607616
0.607570
0.607524
0.607479
0.607434
0.607389
0.607345
0.607301
0.607258
0.607215
0.607172
0.607130
0.607089
0.607047
0.607006
0.606966
0.606926
0.606886
0.606847
0.606808
0.606769
0.606731
0.606693
0.606655
0.606617
0.606580
0.606542
0.606505
0.606468
0.606431
0.606394
0.606358
0.606321
0.606284
0.606248
0.606211
0.606175
0.606138
0.606101
0.606065
0.606028
0.605992
0.605955
0.605919
0.605882
0.605846
0.605809
0.605772
0.605736
0.605699
0.605662
0.605626
0.605589
0.605553
0.605516
0.605479
0.605443
0.605407
0.605370
0.605334
0.605298
0.605262
0.605226
0.605190
0.605154
0.605118
0.605083
0.605047
0.605012
0.604977
0.604942
0.604908
0.604873
0.604839
0.604804
0.604770
0.604737
0.604703
0.604670
0.604637
0.604604
0.604571
0.604538
0.604506
0.604474
0.604442
0.604411
0.604379
0.604348
0.604318
0.604287
0.604257
0.604227
0.604197
0.604167
0.604138
0.604109
0.604080
0.604052
0.604024
0.603996
0.603968
0.603940
0.603913
0.603886
0.603859
0.603833
0.603807
0.603781
0.603755
0.603730
0.603704
0.603679
0.603655
0.603630
0.603606
0.603582
0.603558
0.603535
0.603512
0.603489
0.603466
0.603443
0.603421
0.603399
0.603377
0.603355
0.603334
0.603313
0.603292
0.603271
0.603250
0.603230
0.603210
0.603190
0.603170
0.603150
0.603131
0.603112
0.603093
0.603074
0.603056
0.603037
0.603019
0.603001
0.602983
0.602965
0.602948
0.602931
0.602913
0.602896
0.602880
0.602863
0.602846
0.602830
0.602814
0.602798
0.602782
0.602766
0.602751
0.602735
0.602720
0.602705
0.602690
0.602675
0.602660
0.602646
0.602631
0.602617
0.602602
0.602588
0.602574
0.602560
0.602547
0.602533
0.602520
0.602506
0.602493
0.602480
0.602467
0.602454
0.602441
0.602428
0.602415
0.602403
0.602390
0.602378
0.602366
0.602353
0.602341
0.602329
0.602317
0.602305
0.602294
0.602282
0.602270
0.602259
0.602247
0.602236
0.602225
0.602213
0.602202
0.602191
0.602180
0.602169
0.602158
0.602147
0.602137
0.602126
0.602115
0.602105
0.602094
0.602084
0.602073
0.602063
0.602053
0.602042
0.602032
0.602022
0.602012
0.602002
0.601992
0.601982
0.601972
0.601962
0.601952
0.601943
0.601933
0.601923
0.601914
0.601904
0.601894
0.601885
0.601875
0.601866
0.601856
0.601847
0.601838
0.601828
0.601819
0.601810
0.601801
0.601791
0.601782
0.601773
0.601764
0.601755
0.601746
0.601737
0.601728
0.601719
0.601710
0.601701
0.601692
0.601684
0.601675
0.601666
0.601657
0.601648
0.601640
0.601631
0.601622
0.601614
0.601605
0.601596
0.601588
0.601579
0.601571
0.601562
0.601554
0.601545
0.601537
0.601528
0.601520
0.601512
0.601503
0.601495
0.601487
0.601478
0.601470
0.601462
0.601453
0.601445
0.601437
0.601429
0.601421
0.601413
0.601404
0.601396
0.601388
0.601380
0.601372
0.601364
0.601356
0.601348
0.601340
0.601332
0.601324
0.601316
0.601308
0.601301
0.601293
0.601285
0.601277
0.601269
0.601261
0.601254
0.601246
0.601238
0.601231
0.601223
0.601215
0.601208
0.601200
0.601192
0.601185
0.601177
0.601170
0.601162
0.601155
0.601147
0.601140
0.601132
0.601125
0.601118
0.601110
0.601103
0.601096
0.601088
0.601081
0.601074
0.601067
0.601059
0.601052
0.601045
0.601038
0.601031
0.601024
0.601017
0.601010
0.601003
0.600996
0.600989
0.600982
0.600975
0.600968
0.600961
0.600954
0.600947
0.600940
0.600934
0.600927
0.600920
0.600913
0.600907
0.600900
0.600894
0.600887
0.600880
0.600874
0.600867
0.600861
0.600854
0.600848
0.600841
0.600835
0.600829
0.600822
0.600816
0.600810
0.600804
0.600797
0.600791
0.600785
0.600779
0.600773
0.600767
0.600760
0.600754
0.600748
0.600742
0.600737
0.600731
0.600725
0.600719
0.600713
0.600707
0.600701
0.600696
0.600690
0.600684
0.600678
0.600673
0.600667
0.600662
0.600656
0.600650
0.600645
0.600639
0.600634
0.600629
0.600623
0.600618
0.600612
0.600607
0.600602
0.600597
0.600591
0.600586
0.600581
0.600576
0.600571
0.600566
0.600561
0.600555
0.600550
0.600545
0.600541
0.600536
0.600531
0.600526
0.600521
0.600516
0.600511
0.600507
0.600502
0.600497
0.600492
0.600488
0.600483
0.600478
0.600474
0.600469
0.600465
0.600465
