0.053752
0.434079
0.449678
0.453144
0.454997
0.456001
0.456569
0.456920
0.457131
0.457225
0.457213
0.457108
0.456925
0.456680
0.456389
0.456067
0.455726
0.455380
0.455037
0.454707
0.454395
0.454107
0.453848
0.453619
0.453422
0.453258
0.453126
0.453027
0.452958
0.452918
0.452906
0.452919
0.452956
0.453014
0.453091
0.453187
0.453298
0.453424
0.453563
0.453713
0.453874
0.454043
0.454221
0.454405
0.454596
0.454792
0.454993
0.455197
0.455406
0.455617
0.455831
0.456047
0.456264
0.456483
0.456702
0.456922
0.457142
0.457362
0.457581
0.457800
0.458017
0.458232
0.458445
0.458656
0.458864
0.459069
0.459270
0.459468
0.459661
0.459850
0.460034
0.460212
0.460386
0.460553
0.460715
0.460871
0.461021
0.461165
0.461302
0.461434
0.461560
0.461680
0.461794
0.461903
0.462007
0.462106
0.462201
0.462291
0.462376
0.462458
0.462536
0.462611
0.462683
0.462752
0.462818
0.462882
0.462944
0.463003
0.463061
0.463116
0.463170
0.463222
0.463272
0.463321
0.463368
0.463414
0.463458
0.463501
0.463542
0.463583
0.463621
0.463659
0.463695
0.463729
0.463763
0.463795
0.463825
0.463855
0.463883
0.463910
0.463936
0.463960
0.463984
0.464006
0.464027
0.464047
0.464066
0.464084
0.464101
0.464117
0.464131
0.464145
0.464158
0.464171
0.464182
0.464192
0.464202
0.464211
0.464219
0.464227
0.464234
0.464240
0.464245
0.464251
0.464255
0.464259
0.464263
0.464266
0.464268
0.464270
0.464272
0.464274
0.464275
0.464276
0.464276
0.464277
0.464276
0.464276
0.464276
0.464275
0.464274
0.464273
0.464272
0.464271
0.464269
0.464267
0.464266
0.464264
0.464262
0.464260
0.464258
0.464255
0.464253
0.464251
0.464249
0.464246
0.464244
0.464241
0.464239
0.464236
0.464234
0.464231
0.464229
0.464226
0.464223
0.464221
0.464218
0.464216
0.464213
0.464210
0.464208
0.464205
0.464203
0.464200
0.464198
0.464195
0.464192
0.464190
0.464187
0.464185
0.464182
0.464180
0.464177
0.464175
0.464172
0.464170
0.464168
0.464165
0.464163
0.464160
0.464158
0.464156
0.464153
0.464151
0.464148
0.464146
0.464144
0.464141
0.464139
0.464137
0.464134
0.464132
0.464130
0.464128
0.464125
0.464123
0.464121
0.464118
0.464116
0.464114
0.464111
0.464109
0.464107
0.464105
0.464102
0.464100
0.464098
0.464095
0.464093
0.464091
0.464088
0.464086
0.464084
0.464081
0.464079
0.464077
0.464074
0.464072
0.464070
0.464067
0.464065
0.464062
0.464060
0.464057
0.464055
0.464052
0.464050
0.464047
0.464045
0.464042
0.464040
0.464037
0.464034
0.464032
0.464029
0.464026
0.464023
0.464021
0.464018
0.464015
0.464012
0.464009
0.464006
0.464003
0.464000
0.463997
0.463994
0.463991
0.463988
0.463985
0.463981
0.463978
0.463975
0.463971
0.463968
0.463964
0.463961
0.463957
0.463954
0.463950
0.463946
0.463942
0.463938
0.463934
0.463930
0.463926
0.463922
0.463918
0.463914
0.463909
0.463905
0.463900
0.463896
0.463891
0.463886
0.463882
0.463877
0.463872
0.463867
0.463862
0.463856
0.463851
0.463846
0.463840
0.463835
0.463829
0.463823
0.463817
0.463812
0.463806
0.463799
0.463793
0.463787
0.463781
0.463774
0.463768
0.463761
0.463754
0.463747
0.463740
0.463733
0.463726
0.463719
0.463711
0.463704
0.463696
0.463688
0.463681
0.463673
0.463665
0.463656
0.463648
0.463640
0.463631
0.463623
0.463614
0.463605
0.463596
0.463587
0.463577
0.463568
0.463559
0.463549
0.463539
0.463530
0.463520
0.463510
0.463500
0.463490
0.463480
0.463470
0.463461
0.463451
0.463442
0.463433
0.463424
0.463415
0.463406
0.463398
0.463389
0.463381
0.463372
0.463364
0.463355
0.463346
0.463338
0.463329
0.463320
0.463312
0.463303
0.463295
0.463286
0.463278
0.463269
0.463261
0.463252
0.463244
0.463236
0.463228
0.463219
0.463211
0.463203
0.463195
0.463187
0.463179
0.463171
0.463163
0.463155
0.463146
0.463138
0.463130
0.463122
0.463114
0.463106
0.463098
0.463090
0.463082
0.463073
0.463065
0.463057
0.463049
0.463040
0.463032
0.463024
0.463015
0.463007
0.462998
0.462990
0.462981
0.462972
0.462964
0.462955
0.462946
0.462937
0.462929
0.462920
0.462911
0.462902
0.462893
0.462883
0.462874
0.462865
0.462856
0.462846
0.462837
0.462827
0.462818
0.462808
0.462799
0.462789
0.462779
0.462769
0.462760
0.462750
0.462740
0.462730
0.462720
0.462709
0.462699
0.462689
0.462678
0.462668
0.462658
0.462647
0.462636
0.462626
0.462615
0.462604
0.462593
0.462583
0.462572
0.462561
0.462550
0.462538
0.462527
0.462516
0.462505
0.462493
0.462482
0.462470
0.462459
0.462447
0.462435
0.462424
0.462412
0.462400
0.462388
0.462376
0.462364
0.462352
0.462340
0.462327
0.462315
0.462303
0.462290
0.462278
0.462266
0.462253
0.462240
0.462228
0.462215
0.462203
0.462190
0.462177
0.462164
0.462151
0.462138
0.462126
0.462113
0.462100
0.462100
0.462087
0.462074
0.462061
0.462047
0.462034
0.462021
0.462008
0.461995
0.461982
0.461969
0.461956
0.461943
0.461929
0.461916
0.461903
0.461890
0.461877
0.461864
0.461851
0.461838
0.461825
0.461812
0.461799
0.461787
0.461774
0.461761
0.461749
0.461736
0.461724
0.461711
0.461699
0.461687
0.461675
0.461663
0.461651
0.461640
0.461628
0.461617
0.461605
0.461594
0.461583
0.461573
0.461562
0.461552
0.461541
0.461531
0.461521
0.461512
0.461502
0.461493
0.461484
0.461476
0.461467
0.461459
0.461451
0.461444
0.461436
0.461429
0.461422
0.461416
0.461410
0.461404
0.461399
0.461393
0.461389
0.461384
0.461380
0.461376
0.461373
0.461370
0.461368
0.461366
0.461364
0.461362
0.461362
0.461361
0.461361
0.461361
0.461362
0.461363
0.461365
0.461367
0.461370
0.461373
0.461376
0.461380
0.461385
0.461390
0.461395
0.461401
0.461407
0.461414
0.461422
0.461429
0.461438
0.461447
0.461456
0.461466
0.461476
0.461487
0.461498
0.461510
0.461522
0.461535
0.461548
0.461562
0.461576
0.461590
0.461606
0.461621
0.461637
0.461654
0.461671
0.461689
0.461707
0.461725
0.461744
0.461763
0.461783
0.461804
0.461824
0.461845
0.461867
0.461889
0.461912
0.461934
0.461958
0.461982
0.462006
0.462030
0.462055
0.462081
0.462106
0.462132
0.462159
0.462186
0.462213
0.462241
0.462269
0.462297
0.462326
0.462355
0.462384
0.462414
0.462444
0.462474
0.462505
0.462536
0.462567
0.462599
0.462631
0.462663
0.462696
0.462728
0.462762
0.462795
0.462828
0.462862
0.462896
0.462931
0.462965
0.463000
0.463035
0.463071
0.463106
0.463142
0.463178
0.463214
0.463251
0.463287
0.463324
0.463361
0.463398
0.463436
0.463473
0.463511
0.463549
0.463587
0.463625
0.463664
0.463702
0.463741
0.463780
0.463819
0.463858
0.463897
0.463937
0.463976
0.464016
0.464056
0.464095
0.464135
0.464176
0.464216
0.464256
0.464297
0.464337
0.464378
0.464418
0.464459
0.464500
0.464541
0.464582
0.464623
0.464664
0.464705
0.464746
0.464788
0.464829
0.464870
0.464912
0.464953
0.464995
0.465036
0.465078
0.465119
0.465161
0.465203
0.465244
0.465286
0.465328
0.465369
0.465411
0.465453
0.465495
0.465536
0.465578
0.465620
0.465661
0.465703
0.465745
0.465786
0.465828
0.465870
0.465911
0.465953
0.465994
0.466036
0.466077
0.466119
0.466160
0.466202
0.466243
0.466284
0.466325
0.466367
0.466408
0.466449
0.466490
0.466531
0.466572
0.466612
0.466653
0.466694
0.466734
0.466775
0.466815
0.466856
0.466896
0.466936
0.466976
0.467017
0.467056
0.467096
0.467136
0.467176
0.467216
0.467255
0.467295
0.467334
0.467373
0.467412
0.467451
0.467490
0.467529
0.467568
0.467607
0.467645
0.467683
0.467722
0.467760
0.467798
0.467836
0.467874
0.467912
0.467949
0.467987
0.468024
0.468062
0.468099
0.468136
0.468173
0.468210
0.468246
0.468283
0.468320
0.468356
0.468392
0.468428
0.468464
0.468500
0.468536
0.468571
0.468607
0.468642
0.468678
0.468713
0.468748
0.468783
0.468817
0.468852
0.468887
0.468921
0.468955
0.468989
0.469023
0.469057
0.469091
0.469125
0.469158
0.469191
0.469225
0.469258
0.469291
0.469324
0.469357
0.469389
0.469422
0.469454
0.469486
0.469519
0.469551
0.469582
0.469614
0.469646
0.469678
0.469709
0.469740
0.469771
0.469803
0.469834
0.469864
0.469895
0.469926
0.469956
0.469987
0.470017
0.470047
0.470077
0.470107
0.470137
0.470167
0.470196
0.470226
0.470255
0.470284
0.470314
0.470343
0.470372
0.470400
0.470429
0.470458
0.470486
0.470515
0.470543
0.470571
0.470599
0.470627
0.470655
0.470683
0.470711
0.470738
0.470766
0.470793
0.470821
0.470848
0.470875
0.470902
0.470929
0.470956
0.470983
0.471009
0.471036
0.471063
0.471089
0.471115
0.471142
0.471168
0.471194
0.471220
0.471246
0.471271
0.471297
0.471323
0.471348
0.471374
0.471399
0.471425
0.471450
0.471475
0.471500
0.471525
0.471550
0.471575
0.471600
0.471625
0.471649
0.471674
0.471698
0.471723
0.471747
0.471771
0.471796
0.471820
0.471844
0.471868
0.471892
0.471916
0.471940
0.471963
0.471987
0.472011
0.472034
0.472058
0.472081
0.472105
0.472128
0.472151
0.472175
0.472198
0.472221
0.472244
0.472267
0.472290
0.472313
0.472336
0.472358
0.472381
0.472404
0.472426
0.472449
0.472472
0.472494
0.472517
0.472539
0.472561
0.472584
0.472606
0.472628
0.472650
0.472672
0.472694
0.472716
0.472738
0.472760
0.472782
0.472804
0.472826
0.472848
0.472870
0.472891
0.472913
0.472935
0.472956
0.472978
0.472999
0.473021
0.473042
0.473063
0.473085
0.473106
0.473127
0.473148
0.473169
0.473189
0.473208
0.473220
0.473214
0.473191
0.473183
0.473155
0.472991
0.473078
0.473167
0.473167
0.473135
0.473091
0.473052
0.473025
0.473012
0.473010
0.473016
0.473029
0.473046
0.473065
0.473087
0.473109
0.473133
0.473157
0.473157
0.473181
0.473206
0.473231
0.473256
0.473281
0.473305
0.473329
0.473352
0.473375
0.473397
0.473419
0.473440
0.473461
0.473481
0.473501
0.473520
0.473539
0.473557
0.473575
0.473592
0.473609
0.473625
0.473641
0.473657
0.473672
0.473687
0.473701
0.473715
0.473729
0.473742
0.473756
0.473768
0.473781
0.473793
0.473805
0.473817
0.473829
0.473840
0.473852
0.473863
0.473874
0.473885
0.473895
0.473906
0.473916
0.473926
0.473936
0.473946
0.473956
0.473966
0.473976
0.473986
0.473995
0.474005
0.474014
0.474024
0.474033
0.474042
0.474052
0.474061
0.474070
0.474079
0.474088
0.474097
0.474107
0.474116
0.474125
0.474134
0.474143
0.474152
0.474161
0.474170
0.474179
0.474188
0.474196
0.474205
0.474214
0.474223
0.474232
0.474241
0.474250
0.474259
0.474268
0.474277
0.474286
0.474295
0.474304
0.474313
0.474322
0.474331
0.474340
0.474349
0.474358
0.474367
0.474376
0.474385
0.474394
0.474404
0.474413
0.474422
0.474431
0.474440
0.474450
0.474459
0.474468
0.474477
0.474487
0.474496
0.474505
0.474515
0.474524
0.474534
0.474543
0.474552
0.474562
0.474571
0.474581
0.474591
0.474600
0.474610
0.474620
0.474629
0.474639
0.474649
0.474659
0.474668
0.474678
0.474688
0.474698
0.474708
0.474718
0.474728
0.474738
0.474748
0.474759
0.474769
0.474779
0.474789
0.474800
0.474810
0.474821
0.474831
0.474842
0.474852
0.474863
0.474873
0.474884
0.474895
0.474906
0.474917
0.474928
0.474939
0.474950
0.474961
0.474972
0.474984
0.474995
0.475007
0.475018
0.475030
0.475042
0.475053
0.475065
0.475077
0.475089
0.475101
0.475113
0.475126
0.475138
0.475150
0.475163
0.475176
0.475188
0.475201
0.475214
0.475227
0.475240
0.475253
0.475267
0.475280
0.475293
0.475307
0.475320
0.475335
0.475345
0.475373
0.475305
0.475317
0.475105
0.474773
0.474916
0.474947
0.475070
0.475199
0.475316
0.475397
0.475448
0.475470
0.475477
0.475473
0.475460
0.475452
0.475419
0.475404
0.475342
0.475261
0.475265
0.475185
0.475233
0.475212
0.475269
0.475272
0.475319
0.475318
0.475349
0.475341
0.475360
0.475346
0.475359
0.475339
0.475352
0.475326
0.475345
0.475319
0.475346
0.475324
0.475357
0.475341
0.475375
0.475363
0.475395
0.475383
0.475413
0.475400
0.475428
0.475413
0.475441
0.475425
0.475454
0.475437
0.475468
0.475451
0.475484
0.475468
0.475502
0.475487
0.475521
0.475506
0.475539
0.475524
0.475557
0.475541
0.475574
0.475557
0.475591
0.475574
0.475608
0.475591
0.475626
0.475608
0.475644
0.475626
0.475662
0.475644
0.475680
0.475661
0.475697
0.475679
0.475715
0.475696
0.475733
0.475713
0.475750
0.475730
0.475768
0.475748
0.475785
0.475765
0.475803
0.475782
0.475821
0.475800
0.475838
0.475817
0.475856
0.475834
0.475874
0.475851
0.475891
0.475869
0.475909
0.475886
0.475926
0.475903
0.475944
0.475920
0.475962
0.475938
0.475979
0.475955
0.475997
0.475972
0.476015
0.475990
0.476032
0.476007
0.476050
0.476024
0.476068
0.476042
0.476086
0.476059
0.476103
0.476076
0.476121
0.476094
0.476139
0.476111
0.476157
0.476129
0.476175
0.476147
0.476193
0.476164
0.476211
0.476182
0.476229
0.476199
0.476247
0.476217
0.476265
0.476235
0.476283
0.476253
0.476302
0.476270
0.476320
0.476288
0.476338
0.476306
0.476356
0.476324
0.476375
0.476342
0.476393
0.476360
0.476412
0.476378
0.476430
0.476396
0.476449
0.476414
0.476467
0.476433
0.476486
0.476451
0.476504
0.476469
0.476523
0.476487
0.476542
0.476506
0.476561
0.476524
0.476580
0.476543
0.476599
0.476561
0.476617
0.476580
0.476637
0.476598
0.476656
0.476617
0.476675
0.476636
0.476694
0.476655
0.476713
0.476673
0.476732
0.476692
0.476752
0.476711
0.476771
0.476730
0.476790
0.476749
0.476810
0.476768
0.476829
0.476787
0.476849
0.476807
0.476869
0.476826
0.476888
0.476845
0.476908
0.476865
0.476928
0.476884
0.476948
0.476904
0.476968
0.476923
0.476988
0.476943
0.477008
0.476963
0.477028
0.476983
0.477048
0.477002
0.477069
0.477022
0.477089
0.477042
0.477109
0.477062
0.477130
0.477083
0.477150
0.477103
0.477171
0.477123
0.477192
0.477144
0.477212
0.477164
0.477233
0.477184
0.477254
0.477205
0.477275
0.477226
0.477296
0.477246
0.477317
0.477267
0.477338
0.477288
0.477359
0.477309
0.477380
0.477330
0.477401
0.477351
0.477423
0.477372
0.477444
0.477394
0.477466
0.477415
0.477487
0.477436
0.477509
0.477458
0.477531
0.477480
0.477552
0.477501
0.477574
0.477523
0.477596
0.477545
0.477618
0.477567
0.477640
0.477589
0.477662
0.477611
0.477684
0.477633
0.477706
0.477655
0.477728
0.477677
0.477750
0.477699
0.477773
0.477722
0.477795
0.477744
0.477818
0.477767
0.477840
0.477790
0.477863
0.477812
0.477885
0.477835
0.477908
0.477858
0.477930
0.477881
0.477953
0.477904
0.477976
0.477976
0.477927
0.477999
0.477950
0.478021
0.477973
0.478044
0.477996
0.478067
0.478019
0.478090
0.478043
0.478113
0.478066
0.478136
0.478090
0.478159
0.478113
0.478182
0.478137
0.478205
0.478160
0.478229
0.478184
0.478252
0.478208
0.478275
0.478232
0.478298
0.478255
0.478321
0.478279
0.478345
0.478303
0.478368
0.478327
0.478391
0.478351
0.478414
0.478375
0.478438
0.478399
0.478461
0.478424
0.478484
0.478448
0.478508
0.478472
0.478531
0.478496
0.478554
0.478521
0.478578
0.478545
0.478601
0.478569
0.478624
0.478594
0.478647
0.478618
0.478670
0.478643
0.478694
0.478667
0.478717
0.478692
0.478740
0.478716
0.478763
0.478741
0.478786
0.478765
0.478808
0.478789
0.478831
0.478814
0.478853
0.478838
0.478876
0.478862
0.478897
0.478886
0.478919
0.478910
0.478940
0.478933
0.478960
0.478956
0.478979
0.478977
0.478997
0.478997
0.479013
0.479015
0.479028
0.479031
0.479041
0.479044
0.479051
0.479055
0.479060
0.479064
0.479067
0.479070
0.479073
0.479075
0.479077
0.479079
0.479082
0.479084
0.479086
0.479089
0.479092
0.479096
0.479100
0.479105
0.479110
0.479115
0.479121
0.479127
0.479134
0.479141
0.479149
0.479157
0.479165
0.479173
0.479182
0.479191
0.479201
0.479210
0.479220
0.479230
0.479241
0.479251
0.479261
0.479272
0.479283
0.479294
0.479305
0.479316
0.479327
0.479338
0.479350
0.479361
0.479372
0.479384
0.479395
0.479406
0.479418
0.479429
0.479440
0.479452
0.479463
0.479474
0.479486
0.479497
0.479508
0.479519
0.479531
0.479542
0.479553
0.479564
0.479575
0.479586
0.479597
0.479608
0.479619
0.479630
0.479641
0.479652
0.479663
0.479674
0.479685
0.479696
0.479707
0.479717
0.479728
0.479739
0.479749
0.479760
0.479771
0.479781
0.479792
0.479802
0.479813
0.479823
0.479834
0.479844
0.479855
0.479865
0.479876
0.479886
0.479896
0.479907
0.479917
0.479927
0.479937
0.479948
0.479958
0.479968
0.479978
0.479988
0.479998
0.480009
0.480019
0.480029
0.480039
0.480049
0.480059
0.480068
0.480078
0.480088
0.480098
0.480108
0.480118
0.480128
0.480137
0.480147
0.480157
0.480167
0.480176
0.480186
0.480196
0.480205
0.480215
0.480224
0.480234
0.480243
0.480253
0.480262
0.480272
0.480281
0.480291
0.480300
0.480310
0.480319
0.480328
0.480337
0.480347
0.480356
0.480365
0.480374
0.480384
0.480393
0.480402
0.480411
0.480420
0.480429
0.480438
0.480447
0.480456
0.480465
0.480474
0.480483
0.480492
0.480501
0.480510
0.480518
0.480527
0.480536
0.480545
0.480554
0.480562
0.480571
0.480580
0.480588
0.480597
0.480606
0.480614
0.480623
0.480631
0.480640
0.480648
0.480657
0.480665
0.480674
0.480682
0.480690
0.480699
0.480707
0.480715
0.480724
0.480732
0.480740
0.480748
0.480757
0.480765
0.480773
0.480781
0.480789
0.480797
0.480805
0.480813
0.480821
0.480829
0.480837
0.480845
0.480853
0.480861
0.480869
0.480877
0.480885
0.480893
0.480901
0.480908
0.480916
0.480924
0.480932
0.480939
0.480947
0.480955
0.480962
0.480970
0.480978
0.480985
0.480993
0.481000
0.481008
0.481015
0.481023
0.481030
0.481038
0.481045
0.481053
0.481060
0.481067
0.481075
0.481082
0.481089
0.481097
0.481104
0.481111
0.481119
0.481126
0.481133
0.481140
0.481147
0.481155
0.481162
0.481169
0.481176
0.481183
0.481190
0.481197
0.481204
0.481211
0.481218
0.481225
0.481232
0.481239
0.481246
0.481253
0.481260
0.481267
0.481273
0.481280
0.481287
0.481294
0.481301
0.481307
0.481314
0.481321
0.481328
0.481334
0.481341
0.481348
0.481354
0.481361
0.481368
0.481374
0.481381
0.481387
0.481394
0.481400
0.481407
0.481414
0.481420
0.481427
0.481433
0.481439
0.481446
0.481452
0.481459
0.481465
0.481471
0.481478
0.481484
0.481491
0.481497
0.481503
0.481509
0.481516
0.481522
0.481528
0.481535
0.481541
0.481547
0.481553
0.481559
0.481566
0.481572
0.481578
0.481584
0.481590
0.481596
0.481602
0.481608
0.481615
0.481621
0.481627
0.481633
0.481639
0.481645
0.481651
0.481657
0.481663
0.481669
0.481675
0.481681
0.481687
0.481692
0.481698
0.481704
0.481710
0.481716
0.481722
0.481728
0.481734
0.481739
0.481745
0.481751
0.481757
0.481763
0.481769
0.481774
0.481780
0.481786
0.481792
0.481797
0.481803
0.481809
0.481814
0.481820
0.481826
0.481832
0.481837
0.481843
0.481849
0.481854
0.481860
0.481865
0.481871
0.481877
0.481882
0.481888
0.481894
0.481899
0.481905
0.481910
0.481916
0.481921
0.481927
0.481932
0.481938
0.481944
0.481949
0.481955
0.481960
0.481966
0.481971
0.481977
0.481982
0.481988
0.481993
0.481998
0.482004
0.482009
0.482015
0.482020
0.482026
0.482031
0.482037
0.482042
0.482047
0.482053
0.482058
0.482064
0.482069
0.482074
0.482080
0.482085
0.482091
0.482096
0.482101
0.482107
0.482112
0.482117
0.482123
0.482128
0.482133
0.482133
0.482139
0.482144
0.482149
0.482155
0.482160
0.482165
0.482171
0.482176
0.482181
0.482187
0.482192
0.482197
0.482202
0.482208
0.482213
0.482218
0.482224
0.482229
0.482234
0.482239
0.482245
0.482250
0.482255
0.482261
0.482266
0.482271
0.482276
0.482282
0.482287
0.482292
0.482297
0.482303
0.482308
0.482313
0.482318
0.482324
0.482329
0.482334
0.482340
0.482345
0.482350
0.482355
0.482361
0.482366
0.482371
0.482376
0.482382
0.482387
0.482392
0.482397
0.482403
0.482408
0.482413
0.482418
0.482424
0.482429
0.482434
0.482439
0.482445
0.482450
0.482455
0.482460
0.482466
0.482471
0.482476
0.482481
0.482487
0.482492
0.482497
0.482503
0.482508
0.482513
0.482518
0.482524
0.482529
0.482534
0.482540
0.482545
0.482550
0.482555
0.482561
0.482566
0.482571
0.482577
0.482582
0.482587
0.482593
0.482598
0.482603
0.482609
0.482614
0.482619
0.482625
0.482630
0.482635
0.482641
0.482646
0.482651
0.482657
0.482662
0.482667
0.482673
0.482678
0.482684
0.482689
0.482694
0.482700
0.482705
0.482711
0.482716
0.482721
0.482727
0.482732
0.482738
0.482743
0.482748
0.482754
0.482759
0.482765
0.482770
0.482776
0.482781
0.482787
0.482792
0.482798
0.482803
0.482809
0.482814
0.482820
0.482825
0.482831
0.482836
0.482842
0.482847
0.482853
0.482858
0.482864
0.482869
0.482875
0.482881
0.482886
0.482892
0.482897
0.482903
0.482908
0.482914
0.482920
0.482925
0.482931
0.482937
0.482942
0.482948
0.482954
0.482959
0.482965
0.482971
0.482976
0.482982
0.482988
0.482993
0.482999
0.483005
0.483011
0.483016
0.483022
0.483028
0.483033
0.483039
0.483045
0.483051
0.483057
0.483062
0.483068
0.483074
0.483080
0.483086
0.483092
0.483097
0.483103
0.483109
0.483115
0.483121
0.483127
0.483133
0.483138
0.483144
0.483150
0.483156
0.483162
0.483168
0.483174
0.483180
0.483186
0.483192
0.483198
0.483204
0.483210
0.483216
0.483222
0.483228
0.483234
0.483240
0.483246
0.483252
0.483258
0.483264
0.483271
0.483277
0.483283
0.483289
0.483295
0.483301
0.483307
0.483314
0.483320
0.483326
0.483332
0.483338
0.483345
0.483351
0.483357
0.483363
0.483369
0.483376
0.483382
0.483388
0.483395
0.483401
0.483407
0.483413
0.483420
0.483426
0.483433
0.483439
0.483445
0.483452
0.483458
0.483464
0.483471
0.483477
0.483484
0.483490
0.483497
0.483503
0.483510
0.483516
0.483522
0.483529
0.483536
0.483542
0.483549
0.483555
0.483562
0.483568
0.483575
0.483581
0.483588
0.483595
0.483601
0.483608
0.483615
0.483621
0.483628
0.483635
0.483641
0.483648
0.483655
0.483661
0.483668
0.483675
0.483682
0.483688
0.483695
0.483702
0.483709
0.483715
0.483722
0.483729
0.483736
0.483743
0.483750
0.483757
0.483763
0.483770
0.483777
0.483784
0.483791
0.483798
0.483805
0.483812
0.483819
0.483826
0.483833
0.483840
0.483847
0.483854
0.483861
0.483868
0.483875
0.483882
0.483889
0.483896
0.483904
0.483911
0.483918
0.483925
0.483932
0.483939
0.483946
0.483954
0.483961
0.483968
0.483975
0.483982
0.483990
0.483997
0.484004
0.484012
0.484019
0.484026
0.484033
0.484041
0.484048
0.484056
0.484063
0.484070
0.484078
0.484085
0.484092
0.484100
0.484107
0.484115
0.484122
0.484130
0.484137
0.484145
0.484152
0.484160
0.484167
0.484175
0.484182
0.484190
0.484197
0.484205
0.484213
0.484220
0.484228
0.484236
0.484243
0.484251
0.484259
0.484266
0.484274
0.484282
0.484289
0.484297
0.484305
0.484313
0.484320
0.484328
0.484336
0.484344
0.484352
0.484359
0.484367
0.484375
0.484383
0.484391
0.484399
0.484407
0.484414
0.484422
0.484430
0.484438
0.484446
0.484454
0.484462
0.484470
0.484478
0.484486
0.484494
0.484502
0.484510
0.484518
0.484526
0.484534
0.484543
0.484551
0.484559
0.484567
0.484575
0.484583
0.484591
0.484600
0.484608
0.484616
0.484624
0.484632
0.484641
0.484649
0.484657
0.484665
0.484674
0.484682
0.484690
0.484699
0.484707
0.484715
0.484724
0.484732
0.484740
0.484749
0.484757
0.484766
0.484774
0.484782
0.484791
0.484799
0.484808
0.484816
0.484825
0.484833
0.484842
0.484850
0.484859
0.484867
0.484876
0.484885
0.484893
0.484902
0.484910
0.484919
0.484928
0.484936
0.484945
0.484954
0.484962
0.484971
0.484980
0.484988
0.484997
0.485006
0.485015
0.485023
0.485032
0.485041
0.485050
0.485059
0.485067
0.485076
0.485085
0.485094
0.485103
0.485112
0.485121
0.485129
0.485138
0.485147
0.485156
0.485165
0.485174
0.485183
0.485192
0.485201
0.485210
0.485219
0.485228
0.485237
0.485246
0.485255
0.485264
0.485273
0.485282
0.485291
0.485301
0.485310
0.485319
0.485328
0.485337
0.485346
0.485355
0.485365
0.485374
0.485383
0.485392
0.485401
0.485411
0.485420
0.485429
0.485438
0.485448
0.485457
0.485466
0.485476
0.485485
0.485494
0.485504
0.485513
0.485522
0.485522
0.485532
0.485541
0.485551
0.485560
0.485569
0.485579
0.485588
0.485598
0.485607
0.485617
0.485626
0.485636
0.485645
0.485655
0.485664
0.485674
0.485683
0.485693
0.485702
0.485712
0.485722
0.485731
0.485741
0.485750
0.485760
0.485770
0.485779
0.485789
0.485799
0.485808
0.485818
0.485828
0.485837
0.485847
0.485857
0.485867
0.485876
0.485886
0.485896
0.485906
0.485915
0.485925
0.485935
0.485945
0.485955
0.485965
0.485974
0.485984
0.485994
0.486004
0.486014
0.486024
0.486034
0.486044
0.486054
0.486063
0.486073
0.486083
0.486093
0.486103
0.486113
0.486123
0.486133
0.486143
0.486153
0.486163
0.486173
0.486184
0.486194
0.486204
0.486214
0.486224
0.486234
0.486244
0.486254
0.486264
0.486274
0.486285
0.486295
0.486305
0.486315
0.486325
0.486335
0.486346
0.486356
0.486366
0.486376
0.486387
0.486397
0.486407
0.486417
0.486428
0.486438
0.486448
0.486459
0.486469
0.486479
0.486490
0.486500
0.486510
0.486521
0.486531
0.486541
0.486552
0.486562
0.486572
0.486583
0.486593
0.486604
0.486614
0.486625
0.486635
0.486646
0.486656
0.486666
0.486677
0.486687
0.486698
0.486708
0.486719
0.486730
0.486740
0.486751
0.486761
0.486772
0.486782
0.486793
0.486804
0.486814
0.486825
0.486835
0.486846
0.486857
0.486867
0.486878
0.486889
0.486899
0.486910
0.486921
0.486931
0.486942
0.486953
0.486963
0.486974
0.486985
0.486996
0.487006
0.487017
0.487028
0.487039
0.487049
0.487060
0.487071
0.487082
0.487092
0.487103
0.487114
0.487125
0.487136
0.487147
0.487157
0.487168
0.487179
0.487190
0.487201
0.487212
0.487223
0.487234
0.487245
0.487255
0.487266
0.487277
0.487288
0.487299
0.487310
0.487321
0.487332
0.487343
0.487354
0.487365
0.487376
0.487387
0.487398
0.487409
0.487420
0.487431
0.487442
0.487453
0.487464
0.487475
0.487486
0.487498
0.487509
0.487520
0.487531
0.487542
0.487553
0.487564
0.487575
0.487586
0.487597
0.487609
0.487620
0.487631
0.487642
0.487653
0.487664
0.487676
0.487687
0.487698
0.487709
0.487720
0.487732
0.487743
0.487754
0.487765
0.487777
0.487788
0.487799
0.487810
0.487822
0.487833
0.487844
0.487855
0.487867
0.487878
0.487889
0.487901
0.487912
0.487923
0.487935
0.487946
0.487957
0.487969
0.487980
0.487991
0.488003
0.488014
0.488025
0.488037
0.488048
0.488059
0.488071
0.488082
0.488094
0.488105
0.488117
0.488128
0.488139
0.488151
0.488162
0.488174
0.488185
0.488197
0.488208
0.488219
0.488231
0.488242
0.488254
0.488265
0.488277
0.488288
0.488300
0.488311
0.488323
0.488334
0.488346
0.488357
0.488369
0.488381
0.488392
0.488404
0.488415
0.488427
0.488438
0.488450
0.488461
0.488473
0.488485
0.488496
0.488508
0.488519
0.488531
0.488543
0.488554
0.488566
0.488577
0.488589
0.488601
0.488612
0.488624
0.488636
0.488647
0.488659
0.488670
0.488682
0.488694
0.488705
0.488717
0.488729
0.488740
0.488752
0.488764
0.488776
0.488787
0.488799
0.488811
0.488822
0.488834
0.488846
0.488858
0.488869
0.488881
0.488893
0.488904
0.488916
0.488928
0.488940
0.488951
0.488963
0.488975
0.488987
0.488998
0.489010
0.489022
0.489034
0.489046
0.489057
0.489069
0.489081
0.489093
0.489104
0.489116
0.489128
0.489140
0.489152
0.489163
0.489175
0.489187
0.489199
0.489211
0.489223
0.489234
0.489246
0.489258
0.489270
0.489282
0.489294
0.489305
0.489317
0.489329
0.489341
0.489353
0.489365
0.489377
0.489388
0.489400
0.489412
0.489424
0.489436
0.489448
0.489460
0.489472
0.489484
0.489495
0.489507
0.489519
0.489531
0.489543
0.489555
0.489567
0.489579
0.489591
0.489603
0.489614
0.489626
0.489638
0.489650
0.489662
0.489674
0.489686
0.489698
0.489710
0.489722
0.489734
0.489746
0.489758
0.489770
0.489782
0.489793
0.489805
0.489817
0.489829
0.489841
0.489853
0.489865
0.489877
0.489889
0.489901
0.489913
0.489925
0.489937
0.489949
0.489961
0.489973
0.489985
0.489997
0.490009
0.490021
0.490033
0.490045
0.490057
0.490069
0.490081
0.490093
0.490105
0.490117
0.490129
0.490141
0.490153
0.490165
0.490177
0.490189
0.490201
0.490213
0.490225
0.490237
0.490249
0.490261
0.490273
0.490285
0.490297
0.490309
0.490321
0.490333
0.490345
0.490357
0.490369
0.490381
0.490393
0.490405
0.490417
0.490429
0.490441
0.490453
0.490465
0.490477
0.490489
0.490501
0.490513
0.490525
0.490537
0.490549
0.490561
0.490573
0.490585
0.490597
0.490609
0.490621
0.490633
0.490645
0.490657
0.490669
0.490681
0.490693
0.490705
0.490717
0.490729
0.490741
0.490753
0.490765
0.490777
0.490789
0.490801
0.490813
0.490825
0.490837
0.490849
0.490861
0.490873
0.490885
0.490897
0.490909
0.490921
0.490933
0.490945
0.490957
0.490969
0.490981
0.490993
0.491005
0.491017
0.491029
0.491041
0.491053
0.491065
0.491077
0.491089
0.491101
0.491101
0.491113
0.491125
0.491137
0.491149
0.491161
0.491173
0.491185
0.491197
0.491209
0.491221
0.491233
0.491245
0.491257
0.491269
0.491281
0.491293
0.491305
0.491317
0.491328
0.491340
0.491352
0.491364
0.491376
0.491388
0.491400
0.491412
0.491424
0.491436
0.491448
0.491460
0.491472
0.491484
0.491496
0.491508
0.491520
0.491532
0.491543
0.491555
0.491567
0.491579
0.491591
0.491603
0.491615
0.491627
0.491639
0.491651
0.491663
0.491675
0.491686
0.491698
0.491710
0.491722
0.491734
0.491746
0.491758
0.491770
0.491782
0.491793
0.491805
0.491817
0.491829
0.491841
0.491853
0.491865
0.491877
0.491888
0.491900
0.491912
0.491924
0.491936
0.491948
0.491959
0.491971
0.491983
0.491995
0.492007
0.492019
0.492030
0.492042
0.492054
0.492066
0.492078
0.492089
0.492101
0.492113
0.492125
0.492137
0.492148
0.492160
0.492172
0.492184
0.492196
0.492207
0.492219
0.492231
0.492243
0.492254
0.492266
0.492278
0.492290
0.492301
0.492313
0.492325
0.492337
0.492348
0.492360
0.492372
0.492383
0.492395
0.492407
0.492418
0.492430
0.492442
0.492454
0.492465
0.492477
0.492489
0.492500
0.492512
0.492524
0.492535
0.492547
0.492558
0.492570
0.492582
0.492593
0.492605
0.492617
0.492628
0.492640
0.492651
0.492663
0.492675
0.492686
0.492698
0.492709
0.492721
0.492733
0.492744
0.492756
0.492767
0.492779
0.492790
0.492802
0.492813
0.492825
0.492837
0.492848
0.492860
0.492871
0.492883
0.492894
0.492906
0.492917
0.492929
0.492940
0.492952
0.492963
0.492974
0.492986
0.492997
0.493009
0.493020
0.493032
0.493043
0.493055
0.493066
0.493077
0.493089
0.493100
0.493112
0.493123
0.493135
0.493147
0.493158
0.493170
0.493183
0.493196
0.493210
0.493226
0.493245
0.493270
0.493299
0.493318
0.493272
0.493222
0.493166
0.493016
0.492812
0.492631
0.492511
0.492454
0.492447
0.492472
0.492514
0.492565
0.492620
0.492674
0.492727
0.492777
0.492823
0.492865
0.492902
0.492935
0.492963
0.492988
0.493008
0.493026
0.493040
0.493052
0.493062
0.493069
0.493075
0.493079
0.493082
0.493084
0.493084
0.493083
0.493081
0.493079
0.493075
0.493071
0.493066
0.493061
0.493055
0.493049
0.493043
0.493036
0.493030
0.493024
0.493017
0.493011
0.493005
0.493000
0.492994
0.492989
0.492984
0.492980
0.492976
0.492972
0.492969
0.492966
0.492963
0.492961
0.492959
0.492958
0.492957
0.492956
0.492956
0.492956
0.492956
0.492957
0.492957
0.492959
0.492960
0.492962
0.492964
0.492966
0.492968
0.492971
0.492974
0.492977
0.492980
0.492984
0.492987
0.492991
0.492995
0.492999
0.493003
0.493008
0.493012
0.493016
0.493021
0.493026
0.493031
0.493036
0.493041
0.493046
0.493051
0.493056
0.493061
0.493067
0.493072
0.493078
0.493083
0.493089
0.493095
0.493100
0.493106
0.493112
0.493118
0.493123
0.493129
0.493135
0.493141
0.493147
0.493153
0.493159
0.493165
0.493171
0.493178
0.493184
0.493190
0.493196
0.493202
0.493209
0.493215
0.493221
0.493228
0.493234
0.493240
0.493247
0.493253
0.493259
0.493266
0.493272
0.493279
0.493285
0.493292
0.493298
0.493305
0.493311
0.493318
0.493324
0.493331
0.493337
0.493344
0.493350
0.493357
0.493364
0.493370
0.493377
0.493383
0.493390
0.493397
0.493403
0.493410
0.493417
0.493423
0.493430
0.493437
0.493444
0.493450
0.493457
0.493464
0.493471
0.493477
0.493484
0.493491
0.493498
0.493505
0.493511
0.493518
0.493525
0.493532
0.493539
0.493546
0.493552
0.493559
0.493566
0.493573
0.493580
0.493587
0.493594
0.493601
0.493608
0.493614
0.493621
0.493628
0.493635
0.493642
0.493649
0.493656
0.493663
0.493670
0.493677
0.493684
0.493691
0.493698
0.493705
0.493712
0.493719
0.493726
0.493733
0.493739
0.493746
0.493753
0.493760
0.493767
0.493774
0.493781
0.493788
0.493795
0.493802
0.493809
0.493816
0.493823
0.493830
0.493837
0.493844
0.493851
0.493858
0.493865
0.493872
0.493879
0.493886
0.493893
0.493900
0.493907
0.493914
0.493921
0.493927
0.493934
0.493941
0.493948
0.493955
0.493962
0.493969
0.493976
0.493983
0.493990
0.493997
0.494004
0.494010
0.494017
0.494024
0.494031
0.494038
0.494045
0.494052
0.494058
0.494065
0.494072
0.494079
0.494086
0.494093
0.494099
0.494106
0.494113
0.494120
0.494127
0.494133
0.494140
0.494147
0.494154
0.494160
0.494167
0.494174
0.494181
0.494187
0.494194
0.494201
0.494207
0.494214
0.494221
0.494227
0.494234
0.494241
0.494247
0.494254
0.494261
0.494267
0.494274
0.494280
0.494287
0.494294
0.494300
0.494307
0.494313
0.494320
0.494326
0.494333
0.494339
0.494346
0.494352
0.494359
0.494365
0.494372
0.494378
0.494385
0.494391
0.494397
0.494404
0.494410
0.494417
0.494423
0.494429
0.494436
0.494442
0.494448
0.494455
0.494461
0.494467
0.494473
0.494480
0.494486
0.494492
0.494498
0.494505
0.494505
0.494511
0.494517
0.494523
0.494529
0.494536
0.494542
0.494548
0.494554
0.494560
0.494566
0.494572
0.494578
0.494584
0.494591
0.494597
0.494603
0.494609
0.494615
0.494621
0.494627
0.494633
0.494639
0.494644
0.494650
0.494656
0.494662
0.494668
0.494674
0.494680
0.494686
0.494692
0.494697
0.494703
0.494709
0.494715
0.494721
0.494726
0.494732
0.494738
0.494743
0.494749
0.494755
0.494761
0.494766
0.494772
0.494777
0.494783
0.494789
0.494794
0.494800
0.494805
0.494811
0.494817
0.494822
0.494828
0.494833
0.494839
0.494844
0.494850
0.494855
0.494860
0.494866
0.494871
0.494877
0.494882
0.494887
0.494893
0.494898
0.494903
0.494909
0.494914
0.494919
0.494924
0.494930
0.494935
0.494940
0.494945
0.494951
0.494956
0.494961
0.494966
0.494971
0.494976
0.494981
0.494986
0.494991
0.494997
0.495002
0.495007
0.495012
0.495017
0.495022
0.495027
0.495031
0.495036
0.495041
0.495046
0.495051
0.495056
0.495061
0.495066
0.495071
0.495075
0.495080
0.495085
0.495090
0.495094
0.495099
0.495104
0.495109
0.495113
0.495118
0.495123
0.495127
0.495132
0.495137
0.495141
0.495146
0.495150
0.495155
0.495160
0.495164
0.495169
0.495173
0.495178
0.495182
0.495186
0.495191
0.495195
0.495200
0.495204
0.495208
0.495213
0.495217
0.495222
0.495226
0.495230
0.495234
0.495239
0.495243
0.495247
0.495251
0.495256
0.495260
0.495264
0.495268
0.495272
0.495276
0.495280
0.495285
0.495289
0.495293
0.495297
0.495301
0.495305
0.495309
0.495313
0.495317
0.495321
0.495325
0.495329
0.495333
0.495336
0.495340
0.495344
0.495348
0.495352
0.495356
0.495359
0.495363
0.495367
0.495371
0.495374
0.495378
0.495382
0.495386
0.495389
0.495393
0.495397
0.495400
0.495404
0.495407
0.495411
0.495415
0.495418
0.495422
0.495425
0.495429
0.495432
0.495436
0.495439
0.495442
0.495446
0.495449
0.495453
0.495456
0.495459
0.495463
0.495466
0.495469
0.495473
0.495476
0.495479
0.495482
0.495486
0.495489
0.495492
0.495495
0.495498
0.495502
0.495505
0.495508
0.495511
0.495514
0.495517
0.495520
0.495523
0.495526
0.495529
0.495532
0.495535
0.495538
0.495541
0.495544
0.495547
0.495550
0.495553
0.495555
0.495558
0.495561
0.495564
0.495567
0.495569
0.495572
0.495575
0.495578
0.495580
0.495583
0.495586
0.495588
0.495591
0.495594
0.495596
0.495599
0.495602
0.495604
0.495607
0.495609
0.495612
0.495614
0.495617
0.495619
0.495622
0.495624
0.495627
0.495629
0.495631
0.495634
0.495636
0.495638
0.495641
0.495643
0.495645
0.495648
0.495650
0.495652
0.495654
0.495657
0.495659
0.495661
0.495663
0.495665
0.495667
0.495670
0.495672
0.495674
0.495676
0.495678
0.495680
0.495682
0.495684
0.495686
0.495688
0.495690
0.495692
0.495694
0.495696
0.495698
0.495699
0.495701
0.495703
0.495705
0.495707
0.495709
0.495710
0.495712
0.495714
0.495716
0.495717
0.495719
0.495721
0.495722
0.495724
0.495726
0.495727
0.495729
0.495731
0.495732
0.495734
0.495735
0.495737
0.495738
0.495740
0.495741
0.495743
0.495744
0.495746
0.495747
0.495748
0.495750
0.495751
0.495753
0.495754
0.495755
0.495757
0.495758
0.495759
0.495760
0.495762
0.495763
0.495764
0.495765
0.495766
0.495768
0.495769
0.495770
0.495771
0.495772
0.495773
0.495774
0.495775
0.495776
0.495777
0.495778
0.495779
0.495780
0.495781
0.495782
0.495783
0.495784
0.495785
0.495786
0.495787
0.495787
0.495788
0.495789
0.495790
0.495791
0.495791
0.495792
0.495793
0.495794
0.495794
0.495795
0.495796
0.495796
0.495797
0.495798
0.495798
0.495799
0.495799
0.495800
0.495801
0.495801
0.495802
0.495802
0.495803
0.495803
0.495803
0.495804
0.495804
0.495805
0.495805
0.495806
0.495806
0.495806
0.495807
0.495807
0.495807
0.495807
0.495808
0.495808
0.495808
0.495808
0.495809
0.495809
0.495809
0.495809
0.495809
0.495809
0.495810
0.495810
0.495810
0.495810
0.495810
0.495810
0.495810
0.495810
0.495810
0.495810
0.495810
0.495810
0.495810
0.495810
0.495809
0.495809
0.495809
0.495809
0.495809
0.495809
0.495809
0.495808
0.495808
0.495808
0.495808
0.495807
0.495807
0.495807
0.495806
0.495806
0.495806
0.495805
0.495805
0.495805
0.495804
0.495804
0.495803
0.495803
0.495802
0.495802
0.495801
0.495801
0.495800
0.495800
0.495799
0.495799
0.495798
0.495797
0.495797
0.495796
0.495796
0.495795
0.495794
0.495794
0.495793
0.495792
0.495791
0.495791
0.495790
0.495789
0.495788
0.495787
0.495787
0.495786
0.495785
0.495784
0.495783
0.495782
0.495781
0.495780
0.495779
0.495778
0.495777
0.495776
0.495775
0.495774
0.495773
0.495772
0.495771
0.495770
0.495769
0.495768
0.495767
0.495766
0.495765
0.495763
0.495762
0.495761
0.495760
0.495759
0.495757
0.495756
0.495755
0.495754
0.495752
0.495751
0.495750
0.495748
0.495747
0.495747
0.495745
0.495744
0.495743
0.495741
0.495740
0.495738
0.495737
0.495735
0.495734
0.495732
0.495731
0.495729
0.495728
0.495726
0.495725
0.495723
0.495721
0.495720
0.495718
0.495717
0.495715
0.495713
0.495712
0.495710
0.495708
0.495706
0.495705
0.495703
0.495701
0.495699
0.495697
0.495696
0.495694
0.495692
0.495690
0.495688
0.495686
0.495684
0.495683
0.495681
0.495679
0.495677
0.495675
0.495673
0.495671
0.495669
0.495667
0.495665
0.495663
0.495660
0.495658
0.495656
0.495654
0.495652
0.495650
0.495648
0.495646
0.495643
0.495641
0.495639
0.495637
0.495635
0.495632
0.495630
0.495628
0.495625
0.495623
0.495621
0.495618
0.495616
0.495614
0.495611
0.495609
0.495607
0.495604
0.495602
0.495599
0.495597
0.495594
0.495592
0.495589
0.495587
0.495584
0.495582
0.495579
0.495577
0.495574
0.495571
0.495569
0.495566
0.495564
0.495561
0.495558
0.495556
0.495553
0.495550
0.495547
0.495545
0.495542
0.495539
0.495536
0.495534
0.495531
0.495528
0.495525
0.495522
0.495520
0.495517
0.495514
0.495511
0.495508
0.495505
0.495502
0.495499
0.495496
0.495493
0.495490
0.495487
0.495484
0.495481
0.495478
0.495475
0.495472
0.495469
0.495466
0.495463
0.495460
0.495457
0.495454
0.495450
0.495447
0.495444
0.495441
0.495438
0.495434
0.495431
0.495428
0.495425
0.495421
0.495418
0.495415
0.495412
0.495408
0.495405
0.495402
0.495398
0.495395
0.495391
0.495388
0.495385
0.495381
0.495378
0.495374
0.495371
0.495367
0.495364
0.495360
0.495357
0.495353
0.495350
0.495346
0.495343
0.495339
0.495336
0.495332
0.495328
0.495325
0.495321
0.495318
0.495314
0.495310
0.495307
0.495303
0.495299
0.495295
0.495292
0.495288
0.495284
0.495280
0.495277
0.495273
0.495269
0.495265
0.495261
0.495258
0.495254
0.495250
0.495246
0.495242
0.495238
0.495234
0.495230
0.495226
0.495222
0.495218
0.495214
0.495210
0.495206
0.495202
0.495198
0.495194
0.495190
0.495186
0.495182
0.495178
0.495174
0.495170
0.495166
0.495162
0.495158
0.495153
0.495149
0.495145
0.495141
0.495137
0.495132
0.495128
0.495124
0.495120
0.495115
0.495111
0.495107
0.495103
0.495098
0.495094
0.495090
0.495085
0.495081
0.495077
0.495072
0.495068
0.495063
0.495059
0.495055
0.495050
0.495046
0.495041
0.495037
0.495032
0.495028
0.495023
0.495019
0.495014
0.495010
0.495005
0.495001
0.494996
0.494992
0.494987
0.494982
0.494978
0.494973
0.494969
0.494964
0.494959
0.494955
0.494950
0.494945
0.494940
0.494936
0.494931
0.494926
0.494922
0.494917
0.494912
0.494907
0.494902
0.494898
0.494893
0.494888
0.494883
0.494878
0.494874
0.494869
0.494864
0.494859
0.494854
0.494849
0.494844
0.494839
0.494834
0.494829
0.494824
0.494819
0.494814
0.494809
0.494804
0.494799
0.494794
0.494789
0.494784
0.494779
0.494774
0.494769
0.494764
0.494759
0.494754
0.494749
0.494744
0.494738
0.494733
0.494728
0.494723
0.494718
0.494713
0.494707
0.494702
0.494697
0.494692
0.494686
0.494681
0.494676
0.494671
0.494665
0.494660
0.494655
0.494649
0.494644
0.494639
0.494633
0.494628
0.494623
0.494617
0.494612
0.494607
0.494601
0.494596
0.494590
0.494585
0.494579
0.494574
0.494569
0.494563
0.494558
0.494552
0.494547
0.494541
0.494536
0.494530
0.494524
0.494519
0.494513
0.494508
0.494502
0.494497
0.494491
0.494485
0.494480
0.494474
0.494468
0.494463
0.494457
0.494451
0.494446
0.494440
0.494434
0.494429
0.494423
0.494417
0.494412
0.494406
0.494400
0.494394
0.494388
0.494383
0.494377
0.494371
0.494365
0.494359
0.494354
0.494348
0.494342
0.494336
0.494330
0.494324
0.494318
0.494313
0.494307
0.494301
0.494295
0.494289
0.494283
0.494277
0.494271
0.494265
0.494259
0.494253
0.494247
0.494241
0.494235
0.494229
0.494223
0.494217
0.494211
0.494205
0.494199
0.494193
0.494187
0.494181
0.494175
0.494168
0.494162
0.494156
0.494150
0.494144
0.494138
0.494132
0.494125
0.494119
0.494113
0.494107
0.494101
0.494094
0.494088
0.494082
0.494076
0.494069
0.494063
0.494057
0.494051
0.494044
0.494038
0.494032
0.494025
0.494019
0.494013
0.494007
0.494000
0.493994
0.493987
0.493981
0.493975
0.493968
0.493962
0.493956
0.493949
0.493943
0.493936
0.493930
0.493923
0.493917
0.493911
0.493904
0.493898
0.493891
0.493885
0.493878
0.493872
0.493865
0.493859
0.493852
0.493846
0.493839
0.493832
0.493826
0.493819
0.493813
0.493806
0.493800
0.493793
0.493786
0.493780
0.493773
0.493766
0.493760
0.493753
0.493747
0.493740
0.493733
0.493726
0.493720
0.493713
0.493706
0.493700
0.493693
0.493686
0.493680
0.493673
0.493666
0.493659
0.493653
0.493646
0.493639
0.493632
0.493625
0.493619
0.493612
0.493605
0.493598
0.493591
0.493585
0.493578
0.493571
0.493564
0.493557
0.493550
0.493543
0.493536
0.493530
0.493530
0.493523
0.493516
0.493509
0.493502
0.493495
0.493488
0.493481
0.493474
0.493467
0.493460
0.493453
0.493446
0.493439
0.493432
0.493425
0.493418
0.493411
0.493404
0.493397
0.493390
0.493383
0.493376
0.493369
0.493362
0.493355
0.493348
0.493341
0.493334
0.493327
0.493319
0.493312
0.493305
0.493298
0.493291
0.493284
0.493277
0.493270
0.493262
0.493255
0.493248
0.493241
0.493234
0.493227
0.493219
0.493212
0.493205
0.493198
0.493191
0.493183
0.493176
0.493169
0.493162
0.493154
0.493147
0.493140
0.493133
0.493125
0.493118
0.493111
0.493103
0.493096
0.493089
0.493081
0.493074
0.493067
0.493059
0.493052
0.493045
0.493037
0.493030
0.493023
0.493015
0.493008
0.493001
0.492993
0.492986
0.492978
0.492971
0.492964
0.492956
0.492949
0.492941
0.492934
0.492926
0.492919
0.492911
0.492904
0.492897
0.492889
0.492882
0.492874
0.492867
0.492859
0.492852
0.492844
0.492837
0.492829
0.492822
0.492814
0.492806
0.492799
0.492791
0.492784
0.492776
0.492769
0.492761
0.492754
0.492746
0.492738
0.492731
0.492723
0.492716
0.492708
0.492700
0.492693
0.492685
0.492678
0.492670
0.492662
0.492655
0.492647
0.492639
0.492632
0.492624
0.492616
0.492609
0.492601
0.492593
0.492586
0.492578
0.492570
0.492562
0.492555
0.492547
0.492539
0.492532
0.492524
0.492516
0.492508
0.492501
0.492493
0.492485
0.492477
0.492469
0.492462
0.492454
0.492446
0.492438
0.492431
0.492423
0.492415
0.492407
0.492399
0.492392
0.492384
0.492376
0.492368
0.492360
0.492352
0.492344
0.492337
0.492329
0.492321
0.492313
0.492305
0.492297
0.492289
0.492282
0.492274
0.492266
0.492258
0.492250
0.492242
0.492234
0.492226
0.492218
0.492210
0.492202
0.492194
0.492187
0.492179
0.492171
0.492163
0.492155
0.492147
0.492139
0.492131
0.492123
0.492115
0.492107
0.492099
0.492091
0.492083
0.492075
0.492067
0.492059
0.492051
0.492043
0.492035
0.492027
0.492019
0.492011
0.492003
0.491995
0.491987
0.491978
0.491970
0.491962
0.491954
0.491946
0.491938
0.491930
0.491922
0.491914
0.491906
0.491898
0.491890
0.491881
0.491873
0.491865
0.491857
0.491849
0.491841
0.491833
0.491825
0.491816
0.491808
0.491800
0.491792
0.491784
0.491776
0.491768
0.491759
0.491751
0.491743
0.491735
0.491727
0.491719
0.491710
0.491702
0.491694
0.491686
0.491678
0.491669
0.491661
0.491653
0.491645
0.491637
0.491628
0.491620
0.491612
0.491604
0.491595
0.491587
0.491579
0.491571
0.491562
0.491554
0.491546
0.491538
0.491529
0.491521
0.491513
0.491505
0.491496
0.491488
0.491480
0.491471
0.491463
0.491455
0.491447
0.491438
0.491430
0.491422
0.491413
0.491405
0.491397
0.491388
0.491380
0.491372
0.491363
0.491355
0.491347
0.491338
0.491330
0.491322
0.491313
0.491305
0.491297
0.491288
0.491280
0.491272
0.491263
0.491255
0.491246
0.491238
0.491230
0.491221
0.491213
0.491205
0.491196
0.491188
0.491179
0.491171
0.491163
0.491154
0.491146
0.491137
0.491129
0.491121
0.491112
0.491104
0.491095
0.491087
0.491078
0.491070
0.491062
0.491053
0.491045
0.491036
0.491028
0.491019
0.491011
0.491002
0.490994
0.490986
0.490977
0.490969
0.490960
0.490952
0.490943
0.490935
0.490926
0.490918
0.490909
0.490901
0.490892
0.490884
0.490875
0.490867
0.490858
0.490850
0.490841
0.490833
0.490824
0.490816
0.490807
0.490799
0.490790
0.490782
0.490773
0.490765
0.490756
0.490748
0.490739
0.490731
0.490722
0.490713
0.490705
0.490696
0.490688
0.490679
0.490671
0.490662
0.490654
0.490645
0.490637
0.490628
0.490619
0.490611
0.490602
0.490594
0.490585
0.490577
0.490568
0.490559
0.490551
0.490542
0.490534
0.490525
0.490516
0.490508
0.490499
0.490491
0.490482
0.490473
0.490465
0.490456
0.490448
0.490439
0.490430
0.490422
0.490413
0.490405
0.490396
0.490387
0.490379
0.490370
0.490362
0.490353
0.490344
0.490336
0.490327
0.490318
0.490310
0.490301
0.490293
0.490284
0.490275
0.490267
0.490258
0.490249
0.490241
0.490232
0.490223
0.490215
0.490206
0.490197
0.490189
0.490180
0.490171
0.490163
0.490154
0.490145
0.490137
0.490128
0.490119
0.490111
0.490102
0.490093
0.490085
0.490076
0.490067
0.490059
0.490050
0.490041
0.490033
0.490024
0.490015
0.490007
0.489998
0.489989
0.489981
0.489972
0.489963
0.489954
0.489946
0.489937
0.489928
0.489920
0.489911
0.489902
0.489894
0.489885
0.489876
0.489867
0.489859
0.489850
0.489841
0.489833
0.489824
0.489815
0.489806
0.489798
0.489789
0.489780
0.489771
0.489763
0.489754
0.489745
0.489737
0.489728
0.489719
0.489710
0.489702
0.489693
0.489684
0.489675
0.489667
0.489658
0.489649
0.489641
0.489632
0.489623
0.489614
0.489606
0.489597
0.489588
0.489579
0.489571
0.489562
0.489553
0.489544
0.489536
0.489527
0.489518
0.489509
0.489501
0.489492
0.489492
0.489483
0.489474
0.489466
0.489457
0.489448
0.489439
0.489430
0.489422
0.489413
0.489404
0.489395
0.489387
0.489378
0.489369
0.489360
0.489352
0.489343
0.489334
0.489325
0.489317
0.489308
0.489299
0.489290
0.489281
0.489273
0.489264
0.489255
0.489246
0.489238
0.489229
0.489220
0.489211
0.489202
0.489194
0.489185
0.489176
0.489167
0.489159
0.489150
0.489141
0.489132
0.489123
0.489115
0.489106
0.489097
0.489088
0.489080
0.489071
0.489062
0.489053
0.489044
0.489036
0.489027
0.489018
0.489009
0.489000
0.488992
0.488983
0.488974
0.488965
0.488956
0.488948
0.488939
0.488930
0.488921
0.488913
0.488904
0.488895
0.488886
0.488877
0.488869
0.488860
0.488851
0.488842
0.488833
0.488825
0.488816
0.488807
0.488798
0.488789
0.488781
0.488772
0.488763
0.488754
0.488745
0.488737
0.488728
0.488719
0.488710
0.488701
0.488693
0.488684
0.488675
0.488666
0.488657
0.488649
0.488640
0.488631
0.488622
0.488613
0.488605
0.488596
0.488587
0.488578
0.488569
0.488561
0.488552
0.488543
0.488534
0.488525
0.488517
0.488508
0.488499
0.488490
0.488481
0.488473
0.488464
0.488455
0.488446
0.488437
0.488429
0.488420
0.488411
0.488402
0.488393
0.488385
0.488376
0.488367
0.488358
0.488350
0.488341
0.488332
0.488323
0.488314
0.488306
0.488297
0.488288
0.488279
0.488270
0.488262
0.488253
0.488244
0.488235
0.488226
0.488218
0.488209
0.488200
0.488191
0.488182
0.488174
0.488165
0.488156
0.488147
0.488138
0.488130
0.488121
0.488112
0.488103
0.488095
0.488086
0.488077
0.488068
0.488059
0.488051
0.488042
0.488033
0.488024
0.488015
0.488007
0.487998
0.487989
0.487980
0.487972
0.487963
0.487954
0.487945
0.487936
0.487928
0.487919
0.487910
0.487901
0.487893
0.487884
0.487875
0.487866
0.487857
0.487849
0.487840
0.487831
0.487822
0.487814
0.487805
0.487796
0.487787
0.487778
0.487770
0.487761
0.487752
0.487743
0.487735
0.487726
0.487717
0.487708
0.487700
0.487691
0.487682
0.487673
0.487665
0.487656
0.487647
0.487638
0.487629
0.487621
0.487612
0.487603
0.487594
0.487586
0.487577
0.487568
0.487559
0.487551
0.487542
0.487533
0.487524
0.487516
0.487507
0.487498
0.487489
0.487481
0.487472
0.487463
0.487454
0.487446
0.487437
0.487428
0.487420
0.487411
0.487402
0.487393
0.487385
0.487376
0.487367
0.487358
0.487350
0.487341
0.487332
0.487323
0.487315
0.487306
0.487297
0.487289
0.487280
0.487271
0.487262
0.487254
0.487245
0.487236
0.487228
0.487219
0.487210
0.487201
0.487193
0.487184
0.487175
0.487166
0.487158
0.487149
0.487140
0.487132
0.487123
0.487114
0.487106
0.487097
0.487088
0.487079
0.487071
0.487062
0.487053
0.487045
0.487036
0.487027
0.487019
0.487010
0.487001
0.486992
0.486984
0.486975
0.486966
0.486958
0.486949
0.486940
0.486932
0.486923
0.486914
0.486906
0.486897
0.486888
0.486880
0.486871
0.486862
0.486854
0.486845
0.486836
0.486828
0.486819
0.486810
0.486802
0.486793
0.486784
0.486776
0.486767
0.486758
0.486750
0.486741
0.486732
0.486724
0.486715
0.486706
0.486698
0.486689
0.486680
0.486672
0.486663
0.486655
0.486646
0.486637
0.486629
0.486620
0.486611
0.486603
0.486594
0.486585
0.486577
0.486568
0.486560
0.486551
0.486542
0.486534
0.486525
0.486516
0.486508
0.486499
0.486491
0.486482
0.486473
0.486465
0.486456
0.486448
0.486439
0.486430
0.486422
0.486413
0.486405
0.486396
0.486387
0.486379
0.486370
0.486362
0.486353
0.486344
0.486336
0.486327
0.486319
0.486310
0.486301
0.486293
0.486284
0.486276
0.486267
0.486259
0.486250
0.486241
0.486233
0.486224
0.486216
0.486207
0.486199
0.486190
0.486181
0.486173
0.486164
0.486156
0.486147
0.486139
0.486130
0.486122
0.486113
0.486104
0.486096
0.486087
0.486079
0.486070
0.486062
0.486053
0.486045
0.486036
0.486028
0.486019
0.486011
0.486002
0.485994
0.485985
0.485977
0.485968
0.485959
0.485951
0.485942
0.485934
0.485925
0.485917
0.485908
0.485900
0.485891
0.485883
0.485874
0.485866
0.485857
0.485849
0.485840
0.485832
0.485823
0.485815
0.485806
0.485798
0.485790
0.485781
0.485773
0.485764
0.485756
0.485747
0.485739
0.485730
0.485722
0.485713
0.485705
0.485696
0.485688
0.485679
0.485671
0.485663
0.485654
0.485646
0.485637
0.485629
0.485620
0.485612
0.485603
0.485595
0.485587
0.485578
0.485570
0.485561
0.485553
0.485544
0.485536
0.485528
0.485519
0.485511
0.485502
0.485494
0.485485
0.485477
0.485469
0.485460
0.485452
0.485443
0.485435
0.485427
0.485418
0.485410
0.485401
0.485393
0.485385
0.485376
0.485368
0.485359
0.485351
0.485343
0.485334
0.485326
0.485318
0.485309
0.485301
0.485293
0.485284
0.485276
0.485267
0.485259
0.485251
0.485242
0.485234
0.485226
0.485217
0.485209
0.485201
0.485192
0.485184
0.485176
0.485167
0.485167
0.485159
0.485151
0.485142
0.485134
0.485126
0.485117
0.485109
0.485101
0.485092
0.485084
0.485076
0.485067
0.485059
0.485051
0.485043
0.485034
0.485026
0.485018
0.485009
0.485001
0.484993
0.484985
0.484976
0.484968
0.484960
0.484951
0.484943
0.484935
0.484927
0.484918
0.484910
0.484902
0.484894
0.484885
0.484877
0.484869
0.484861
0.484852
0.484844
0.484836
0.484828
0.484819
0.484811
0.484803
0.484795
0.484786
0.484778
0.484770
0.484762
0.484753
0.484745
0.484737
0.484729
0.484721
0.484712
0.484704
0.484696
0.484688
0.484680
0.484671
0.484663
0.484655
0.484647
0.484639
0.484631
0.484622
0.484614
0.484606
0.484598
0.484590
0.484581
0.484573
0.484565
0.484557
0.484549
0.484541
0.484533
0.484524
0.484516
0.484508
0.484500
0.484492
0.484484
0.484476
0.484467
0.484459
0.484451
0.484443
0.484435
0.484427
0.484419
0.484411
0.484403
0.484394
0.484386
0.484378
0.484370
0.484362
0.484354
0.484346
0.484338
0.484330
0.484322
0.484314
0.484305
0.484297
0.484289
0.484281
0.484273
0.484265
0.484257
0.484249
0.484241
0.484233
0.484225
0.484217
0.484209
0.484201
0.484193
0.484185
0.484177
0.484169
0.484161
0.484153
0.484145
0.484137
0.484129
0.484121
0.484113
0.484105
0.484097
0.484089
0.484081
0.484073
0.484065
0.484057
0.484049
0.484041
0.484033
0.484025
0.484017
0.484009
0.484001
0.483993
0.483985
0.483977
0.483969
0.483961
0.483953
0.483945
0.483937
0.483929
0.483921
0.483913
0.483905
0.483898
0.483890
0.483882
0.483874
0.483866
0.483858
0.483850
0.483842
0.483834
0.483826
0.483819
0.483811
0.483803
0.483795
0.483787
0.483779
0.483771
0.483763
0.483756
0.483748
0.483740
0.483732
0.483724
0.483716
0.483708
0.483701
0.483693
0.483685
0.483677
0.483669
0.483661
0.483654
0.483646
0.483638
0.483630
0.483622
0.483615
0.483607
0.483599
0.483591
0.483584
0.483576
0.483568
0.483560
0.483552
0.483545
0.483537
0.483529
0.483521
0.483514
0.483506
0.483498
0.483490
0.483483
0.483475
0.483467
0.483460
0.483452
0.483444
0.483436
0.483429
0.483421
0.483413
0.483406
0.483398
0.483390
0.483383
0.483375
0.483367
0.483360
0.483352
0.483344
0.483337
0.483329
0.483321
0.483314
0.483306
0.483298
0.483291
0.483283
0.483276
0.483268
0.483260
0.483253
0.483245
0.483238
0.483230
0.483222
0.483215
0.483207
0.483200
0.483192
0.483185
0.483177
0.483169
0.483162
0.483154
0.483147
0.483139
0.483132
0.483124
0.483117
0.483109
0.483102
0.483094
0.483087
0.483079
0.483072
0.483064
0.483057
0.483049
0.483042
0.483034
0.483027
0.483019
0.483012
0.483005
0.482997
0.482990
0.482982
0.482975
0.482967
0.482960
0.482953
0.482945
0.482938
0.482930
0.482923
0.482916
0.482908
0.482901
0.482894
0.482886
0.482879
0.482872
0.482864
0.482857
0.482850
0.482842
0.482835
0.482828
0.482820
0.482813
0.482806
0.482798
0.482791
0.482784
0.482777
0.482769
0.482762
0.482755
0.482748
0.482740
0.482733
0.482726
0.482719
0.482712
0.482704
0.482697
0.482690
0.482683
0.482676
0.482669
0.482661
0.482654
0.482647
0.482640
0.482633
0.482626
0.482619
0.482611
0.482604
0.482597
0.482590
0.482583
0.482576
0.482569
0.482562
0.482555
0.482548
0.482541
0.482534
0.482527
0.482520
0.482513
0.482506
0.482499
0.482492
0.482485
0.482478
0.482471
0.482464
0.482457
0.482450
0.482443
0.482436
0.482429
0.482423
0.482416
0.482409
0.482402
0.482395
0.482388
0.482381
0.482375
0.482368
0.482361
0.482354
0.482347
0.482341
0.482334
0.482327
0.482320
0.482313
0.482307
0.482300
0.482293
0.482287
0.482280
0.482273
0.482267
0.482260
0.482253
0.482247
0.482240
0.482233
0.482227
0.482220
0.482213
0.482207
0.482200
0.482194
0.482187
0.482181
0.482174
0.482168
0.482161
0.482155
0.482148
0.482142
0.482135
0.482129
0.482122
0.482116
0.482109
0.482103
0.482097
0.482090
0.482084
0.482077
0.482071
0.482065
0.482058
0.482052
0.482046
0.482039
0.482033
0.482027
0.482021
0.482014
0.482008
0.482002
0.481996
0.481990
0.481983
0.481977
0.481971
0.481965
0.481959
0.481953
0.481947
0.481941
0.481934
0.481928
0.481922
0.481916
0.481910
0.481904
0.481898
0.481892
0.481886
0.481880
0.481874
0.481869
0.481863
0.481857
0.481851
0.481845
0.481839
0.481833
0.481827
0.481822
0.481816
0.481810
0.481804
0.481799
0.481793
0.481787
0.481781
0.481776
0.481770
0.481764
0.481759
0.481753
0.481748
0.481742
0.481736
0.481731
0.481725
0.481720
0.481714
0.481709
0.481703
0.481698
0.481692
0.481687
0.481681
0.481676
0.481671
0.481665
0.481660
0.481655
0.481649
0.481644
0.481639
0.481633
0.481628
0.481623
0.481618
0.481612
0.481608
0.481601
0.481599
0.481588
0.481593
0.481566
0.481596
0.481490
0.481552
0.481275
0.481155
0.481094
0.480988
0.481025
0.481025
0.481046
0.481118
0.481157
0.481212
0.481236
0.481265
0.481273
0.481281
0.481279
0.481272
0.481263
0.481248
0.481234
0.481214
0.481198
0.481176
0.481159
0.481137
0.481121
0.481099
0.481083
0.481063
0.481049
0.481031
0.481019
0.481003
0.480992
0.480978
0.480968
0.480956
0.480947
0.480936
0.480929
0.480918
0.480911
0.480902
0.480896
0.480886
0.480880
0.480871
0.480866
0.480857
0.480852
0.480843
0.480838
0.480829
0.480824
0.480815
0.480810
0.480801
0.480796
0.480787
0.480782
0.480772
0.480768
0.480758
0.480753
0.480744
0.480739
0.480729
0.480725
0.480715
0.480710
0.480700
0.480695
0.480686
0.480681
0.480671
0.480666
0.480656
0.480651
0.480641
0.480636
0.480626
0.480621
0.480611
0.480606
0.480596
0.480591
0.480581
0.480576
0.480566
0.480561
0.480551
0.480545
0.480536
0.480530
0.480520
0.480515
0.480505
0.480500
0.480490
0.480485
0.480475
0.480470
0.480460
0.480454
0.480444
0.480439
0.480429
0.480424
0.480414
0.480409
0.480399
0.480393
0.480384
0.480378
0.480368
0.480363
0.480353
0.480348
0.480338
0.480333
0.480323
0.480318
0.480308
0.480302
0.480293
0.480287
0.480278
0.480272
0.480262
0.480257
0.480247
0.480242
0.480232
0.480227
0.480217
0.480212
0.480202
0.480197
0.480187
0.480182
0.480172
0.480167
0.480157
0.480152
0.480142
0.480137
0.480127
0.480122
0.480112
0.480107
0.480097
0.480092
0.480082
0.480077
0.480067
0.480062
0.480052
0.480047
0.480037
0.480032
0.480023
0.480017
0.480008
0.480002
0.479993
0.479988
0.479978
0.479973
0.479963
0.479958
0.479948
0.479943
0.479934
0.479928
0.479919
0.479914
0.479904
0.479899
0.479890
0.479884
0.479875
0.479869
0.479860
0.479855
0.479845
0.479840
0.479831
0.479825
0.479816
0.479811
0.479802
0.479796
0.479787
0.479782
0.479772
0.479767
0.479758
0.479753
0.479743
0.479738
0.479729
0.479724
0.479714
0.479709
0.479700
0.479695
0.479686
0.479680
0.479671
0.479666
0.479657
0.479651
0.479642
0.479637
0.479628
0.479623
0.479614
0.479608
0.479599
0.479594
0.479585
0.479580
0.479571
0.479565
0.479557
0.479551
0.479542
0.479537
0.479528
0.479523
0.479514
0.479509
0.479500
0.479495
0.479486
0.479480
0.479472
0.479466
0.479458
0.479452
0.479444
0.479438
0.479429
0.479424
0.479415
0.479410
0.479401
0.479396
0.479387
0.479382
0.479374
0.479368
0.479360
0.479354
0.479346
0.479340
0.479332
0.479326
0.479318
0.479312
0.479304
0.479299
0.479290
0.479285
0.479276
0.479271
0.479263
0.479257
0.479249
0.479244
0.479235
0.479230
0.479221
0.479216
0.479208
0.479202
0.479194
0.479189
0.479181
0.479175
0.479167
0.479161
0.479153
0.479148
0.479140
0.479134
0.479126
0.479121
0.479113
0.479107
0.479099
0.479094
0.479086
0.479080
0.479072
0.479067
0.479059
0.479053
0.479045
0.479040
0.479032
0.479027
0.479019
0.479013
0.479005
0.479000
0.478992
0.478987
0.478979
0.478973
0.478966
0.478960
0.478952
0.478947
0.478939
0.478934
0.478926
0.478921
0.478913
0.478907
0.478900
0.478894
0.478887
0.478881
0.478873
0.478868
0.478860
0.478855
0.478847
0.478842
0.478834
0.478829
0.478821
0.478816
0.478808
0.478803
0.478795
0.478790
0.478782
0.478777
0.478770
0.478764
0.478757
0.478751
0.478744
0.478738
0.478731
0.478726
0.478718
0.478713
0.478705
0.478700
0.478693
0.478687
0.478680
0.478674
0.478667
0.478662
0.478654
0.478649
0.478642
0.478636
0.478629
0.478624
0.478617
0.478611
0.478604
0.478599
0.478591
0.478586
0.478579
0.478573
0.478566
0.478561
0.478554
0.478548
0.478541
0.478536
0.478529
0.478523
0.478516
0.478511
0.478504
0.478499
0.478492
0.478486
0.478479
0.478474
0.478467
0.478461
0.478455
0.478449
0.478442
0.478437
0.478430
0.478425
0.478418
0.478412
0.478406
0.478400
0.478393
0.478388
0.478381
0.478376
0.478369
0.478364
0.478357
0.478351
0.478345
0.478339
0.478333
0.478327
0.478321
0.478315
0.478309
0.478303
0.478297
0.478291
0.478285
0.478279
0.478273
0.478267
0.478261
0.478255
0.478249
0.478243
0.478237
0.478231
0.478225
0.478220
0.478213
0.478208
0.478201
0.478196
0.478189
0.478184
0.478178
0.478172
0.478166
0.478160
0.478154
0.478149
0.478142
0.478137
0.478131
0.478125
0.478119
0.478114
0.478107
0.478102
0.478096
0.478090
0.478084
0.478079
0.478073
0.478067
0.478061
0.478056
0.478049
0.478044
0.478038
0.478033
0.478026
0.478021
0.478015
0.478010
0.478004
0.477998
0.477992
0.477987
0.477981
0.477975
0.477969
0.477964
0.477958
0.477953
0.477947
0.477941
0.477935
0.477930
0.477924
0.477919
0.477913
0.477907
0.477901
0.477896
0.477890
0.477885
0.477879
0.477874
0.477868
0.477862
0.477857
0.477851
0.477845
0.477840
0.477834
0.477829
0.477823
0.477818
0.477812
0.477807
0.477801
0.477796
0.477790
0.477785
0.477785
0.477779
0.477774
0.477768
0.477763
0.477757
0.477752
0.477746
0.477741
0.477735
0.477730
0.477724
0.477719
0.477713
0.477708
0.477702
0.477697
0.477692
0.477686
0.477681
0.477675
0.477670
0.477665
0.477659
0.477654
0.477648
0.477643
0.477638
0.477632
0.477627
0.477621
0.477616
0.477611
0.477605
0.477600
0.477595
0.477589
0.477584
0.477579
0.477573
0.477568
0.477563
0.477558
0.477552
0.477547
0.477542
0.477536
0.477531
0.477526
0.477521
0.477515
0.477510
0.477505
0.477500
0.477494
0.477489
0.477484
0.477479
0.477473
0.477468
0.477463
0.477458
0.477453
0.477447
0.477442
0.477437
0.477432
0.477427
0.477422
0.477416
0.477411
0.477406
0.477401
0.477396
0.477391
0.477386
0.477380
0.477375
0.477370
0.477365
0.477360
0.477355
0.477350
0.477345
0.477340
0.477335
0.477329
0.477324
0.477319
0.477314
0.477309
0.477304
0.477299
0.477294
0.477289
0.477284
0.477279
0.477274
0.477269
0.477264
0.477259
0.477254
0.477249
0.477244
0.477239
0.477234
0.477229
0.477224
0.477219
0.477214
0.477209
0.477204
0.477199
0.477195
0.477190
0.477185
0.477180
0.477175
0.477170
0.477165
0.477160
0.477155
0.477150
0.477146
0.477141
0.477136
0.477131
0.477126
0.477121
0.477117
0.477112
0.477107
0.477102
0.477097
0.477092
0.477088
0.477083
0.477078
0.477073
0.477068
0.477064
0.477059
0.477054
0.477049
0.477045
0.477040
0.477035
0.477030
0.477026
0.477021
0.477016
0.477012
0.477007
0.477002
0.476998
0.476993
0.476988
0.476983
0.476979
0.476974
0.476969
0.476965
0.476960
0.476956
0.476951
0.476946
0.476942
0.476937
0.476932
0.476928
0.476923
0.476919
0.476914
0.476910
0.476905
0.476900
0.476896
0.476891
0.476887
0.476882
0.476878
0.476873
0.476869
0.476864
0.476860
0.476855
0.476851
0.476846
0.476842
0.476837
0.476833
0.476828
0.476824
0.476819
0.476815
0.476811
0.476806
0.476802
0.476797
0.476793
0.476789
0.476784
0.476780
0.476775
0.476771
0.476767
0.476762
0.476758
0.476754
0.476749
0.476745
0.476741
0.476736
0.476732
0.476728
0.476723
0.476719
0.476715
0.476711
0.476706
0.476702
0.476698
0.476694
0.476689
0.476685
0.476681
0.476677
0.476673
0.476668
0.476664
0.476660
0.476656
0.476652
0.476647
0.476643
0.476639
0.476635
0.476631
0.476627
0.476623
0.476619
0.476614
0.476610
0.476606
0.476602
0.476598
0.476594
0.476590
0.476586
0.476582
0.476578
0.476574
0.476570
0.476566
0.476562
0.476558
0.476554
0.476550
0.476546
0.476542
0.476538
0.476534
0.476530
0.476526
0.476523
0.476519
0.476515
0.476511
0.476507
0.476503
0.476499
0.476496
0.476492
0.476488
0.476484
0.476480
0.476476
0.476473
0.476469
0.476465
0.476461
0.476458
0.476454
0.476450
0.476446
0.476443
0.476439
0.476435
0.476432
0.476428
0.476424
0.476421
0.476417
0.476413
0.476410
0.476406
0.476403
0.476399
0.476395
0.476392
0.476388
0.476385
0.476381
0.476378
0.476374
0.476371
0.476367
0.476364
0.476360
0.476357
0.476353
0.476350
0.476347
0.476343
0.476340
0.476336
0.476333
0.476330
0.476326
0.476323
0.476320
0.476316
0.476313
0.476310
0.476306
0.476303
0.476300
0.476297
0.476293
0.476290
0.476287
0.476284
0.476281
0.476277
0.476274
0.476271
0.476268
0.476265
0.476262
0.476259
0.476256
0.476253
0.476249
0.476246
0.476243
0.476240
0.476237
0.476234
0.476231
0.476228
0.476226
0.476223
0.476220
0.476217
0.476214
0.476211
0.476208
0.476205
0.476203
0.476200
0.476197
0.476194
0.476191
0.476189
0.476186
0.476183
0.476181
0.476178
0.476175
0.476173
0.476170
0.476167
0.476165
0.476162
0.476160
0.476157
0.476154
0.476152
0.476149
0.476147
0.476144
0.476142
0.476140
0.476137
0.476135
0.476132
0.476130
0.476128
0.476125
0.476123
0.476121
0.476118
0.476116
0.476114
0.476112
0.476110
0.476107
0.476105
0.476103
0.476101
0.476099
0.476097
0.476095
0.476093
0.476091
0.476089
0.476087
0.476085
0.476083
0.476081
0.476079
0.476077
0.476075
0.476073
0.476072
0.476070
0.476068
0.476066
0.476064
0.476063
0.476061
0.476059
0.476058
0.476056
0.476055
0.476053
0.476051
0.476050
0.476048
0.476047
0.476045
0.476044
0.476043
0.476041
0.476040
0.476039
0.476037
0.476036
0.476035
0.476033
0.476032
0.476031
0.476030
0.476029
0.476028
0.476027
0.476026
0.476024
0.476023
0.476022
0.476022
0.476021
0.476020
0.476019
0.476018
0.476017
0.476016
0.476016
0.476015
0.476014
0.476014
0.476013
0.476012
0.476011
0.476011
0.476010
0.476011
0.476008
0.476011
0.476004
0.476014
0.475994
0.476018
0.475960
0.475999
0.475853
0.475831
0.475712
0.475609
0.475600
0.475561
0.475611
0.475627
0.475687
0.475710
0.475754
0.475768
0.475794
0.475800
0.475811
0.475810
0.475812
0.475806
0.475802
0.475794
0.475787
0.475778
0.475769
0.475760
0.475750
0.475750
0.475742
0.475732
0.475726
0.475716
0.475710
0.475701
0.475697
0.475688
0.475684
0.475676
0.475674
0.475665
0.475664
0.475656
0.475655
0.475648
0.475647
0.475640
0.475640
0.475633
0.475633
0.475626
0.475626
0.475621
0.475620
0.475616
0.475615
0.475612
0.475611
0.475608
0.475608
0.475606
0.475605
0.475603
0.475602
0.475601
0.475600
0.475598
0.475597
0.475595
0.475594
0.475592
0.475591
0.475589
0.475587
0.475585
0.475584
0.475581
0.475579
0.475576
0.475575
0.475572
0.475570
0.475567
0.475566
0.475562
0.475561
0.475557
0.475556
0.475552
0.475551
0.475547
0.475546
0.475542
0.475541
0.475536
0.475536
0.475531
0.475531
0.475526
0.475525
0.475521
0.475520
0.475515
0.475515
0.475510
0.475510
0.475505
0.475504
0.475500
0.475499
0.475495
0.475494
0.475490
0.475489
0.475485
0.475484
0.475481
0.475480
0.475476
0.475475
0.475472
0.475471
0.475467
0.475466
0.475463
0.475462
0.475459
0.475458
0.475454
0.475453
0.475450
0.475449
0.475445
0.475444
0.475441
0.475440
0.475436
0.475435
0.475431
0.475430
0.475426
0.475426
0.475422
0.475421
0.475417
0.475416
0.475412
0.475411
0.475407
0.475406
0.475402
0.475402
0.475398
0.475397
0.475393
0.475392
0.475388
0.475387
0.475383
0.475382
0.475379
0.475378
0.475374
0.475373
0.475370
0.475369
0.475365
0.475364
0.475361
0.475360
0.475356
0.475355
0.475352
0.475351
0.475348
0.475347
0.475343
0.475342
0.475339
0.475338
0.475335
0.475334
0.475330
0.475329
0.475326
0.475325
0.475322
0.475321
0.475317
0.475316
0.475313
0.475312
0.475308
0.475308
0.475304
0.475303
0.475300
0.475299
0.475295
0.475294
0.475291
0.475290
0.475287
0.475286
0.475282
0.475281
0.475278
0.475277
0.475274
0.475273
0.475270
0.475269
0.475265
0.475264
0.475261
0.475260
0.475257
0.475256
0.475253
0.475252
0.475249
0.475248
0.475245
0.475244
0.475241
0.475240
0.475237
0.475236
0.475233
0.475232
0.475229
0.475228
0.475225
0.475224
0.475221
0.475220
0.475217
0.475216
0.475213
0.475212
0.475209
0.475208
0.475205
0.475204
0.475201
0.475200
0.475197
0.475196
0.475193
0.475192
0.475189
0.475188
0.475185
0.475184
0.475181
0.475180
0.475178
0.475176
0.475174
0.475173
0.475170
0.475169
0.475166
0.475165
0.475162
0.475161
0.475159
0.475158
0.475155
0.475154
0.475151
0.475150
0.475148
0.475146
0.475144
0.475143
0.475140
0.475139
0.475137
0.475135
0.475133
0.475132
0.475129
0.475128
0.475126
0.475125
0.475122
0.475121
0.475119
0.475117
0.475115
0.475114
0.475111
0.475110
0.475108
0.475107
0.475104
0.475103
0.475101
0.475100
0.475098
0.475096
0.475094
0.475093
0.475091
0.475089
0.475087
0.475086
0.475084
0.475083
0.475080
0.475079
0.475077
0.475076
0.475074
0.475072
0.475070
0.475069
0.475067
0.475066
0.475064
0.475062
0.475061
0.475059
0.475057
0.475056
0.475054
0.475053
0.475051
0.475049
0.475048
0.475046
0.475044
0.475043
0.475041
0.475040
0.475038
0.475037
0.475035
0.475033
0.475032
0.475030
0.475029
0.475027
0.475026
0.475024
0.475023
0.475021
0.475019
0.475018
0.475016
0.475015
0.475013
0.475012
0.475010
0.475009
0.475007
0.475006
0.475004
0.475003
0.475001
0.475000
0.474999
0.474997
0.474996
0.474994
0.474993
0.474991
0.474990
0.474988
0.474987
0.474985
0.474984
0.474982
0.474981
0.474980
0.474978
0.474977
0.474976
0.474974
0.474973
0.474971
0.474970
0.474968
0.474967
0.474966
0.474965
0.474963
0.474962
0.474960
0.474959
0.474957
0.474956
0.474955
0.474954
0.474952
0.474951
0.474949
0.474949
0.474947
0.474946
0.474944
0.474943
0.474941
0.474941
0.474939
0.474938
0.474936
0.474936
0.474934
0.474933
0.474931
0.474931
0.474929
0.474928
0.474926
0.474926
0.474924
0.474923
0.474921
0.474921
0.474919
0.474918
0.474916
0.474916
0.474914
0.474913
0.474911
0.474911
0.474909
0.474909
0.474907
0.474906
0.474904
0.474904
0.474902
0.474902
0.474900
0.474899
0.474897
0.474897
0.474895
0.474895
0.474893
0.474893
0.474890
0.474890
0.474888
0.474888
0.474886
0.474886
0.474884
0.474884
0.474881
0.474882
0.474879
0.474880
0.474877
0.474877
0.474875
0.474875
0.474873
0.474873
0.474871
0.474871
0.474869
0.474869
0.474867
0.474867
0.474865
0.474865
0.474862
0.474863
0.474860
0.474861
0.474858
0.474859
0.474856
0.474857
0.474854
0.474855
0.474852
0.474853
0.474851
0.474851
0.474849
0.474849
0.474847
0.474848
0.474845
0.474846
0.474843
0.474844
0.474841
0.474842
0.474839
0.474840
0.474837
0.474838
0.474836
0.474837
0.474834
0.474835
0.474832
0.474833
0.474830
0.474831
0.474829
0.474830
0.474827
0.474828
0.474825
0.474826
0.474823
0.474825
0.474822
0.474823
0.474820
0.474821
0.474818
0.474820
0.474817
0.474818
0.474815
0.474817
0.474814
0.474815
0.474812
0.474812
0.474814
0.474810
0.474812
0.474809
0.474811
0.474807
0.474809
0.474806
0.474808
0.474804
0.474806
0.474803
0.474805
0.474801
0.474803
0.474800
0.474802
0.474799
0.474801
0.474797
0.474799
0.474796
0.474798
0.474794
0.474797
0.474793
0.474795
0.474792
0.474794
0.474790
0.474793
0.474789
0.474791
0.474788
0.474790
0.474786
0.474789
0.474785
0.474788
0.474784
0.474787
0.474783
0.474785
0.474782
0.474784
0.474780
0.474783
0.474779
0.474782
0.474778
0.474781
0.474777
0.474780
0.474776
0.474779
0.474775
0.474778
0.474774
0.474777
0.474773
0.474776
0.474771
0.474775
0.474770
0.474774
0.474769
0.474773
0.474768
0.474772
0.474767
0.474771
0.474766
0.474770
0.474765
0.474769
0.474765
0.474768
0.474764
0.474767
0.474763
0.474766
0.474762
0.474765
0.474761
0.474765
0.474760
0.474764
0.474759
0.474763
0.474758
0.474762
0.474758
0.474762
0.474757
0.474761
0.474756
0.474760
0.474755
0.474759
0.474755
0.474759
0.474754
0.474758
0.474753
0.474757
0.474753
0.474757
0.474752
0.474756
0.474751
0.474756
0.474751
0.474755
0.474750
0.474754
0.474749
0.474754
0.474749
0.474753
0.474748
0.474753
0.474748
0.474752
0.474747
0.474752
0.474747
0.474751
0.474746
0.474751
0.474746
0.474751
0.474745
0.474750
0.474745
0.474750
0.474744
0.474749
0.474744
0.474749
0.474744
0.474749
0.474743
0.474748
0.474743
0.474748
0.474743
0.474748
0.474742
0.474748
0.474742
0.474747
0.474742
0.474747
0.474741
0.474747
0.474741
0.474747
0.474741
0.474747
0.474741
0.474746
0.474740
0.474746
0.474740
0.474746
0.474740
0.474746
0.474740
0.474746
0.474740
0.474746
0.474740
0.474746
0.474740
0.474746
0.474740
0.474746
0.474739
0.474746
0.474739
0.474746
0.474739
0.474746
0.474739
0.474746
0.474739
0.474746
0.474739
0.474746
0.474739
0.474746
0.474740
0.474746
0.474740
0.474746
0.474740
0.474747
0.474740
0.474747
0.474740
0.474747
0.474740
0.474747
0.474740
0.474747
0.474740
0.474748
0.474741
0.474748
0.474741
0.474748
0.474741
0.474749
0.474741
0.474749
0.474742
0.474749
0.474742
0.474750
0.474742
0.474750
0.474743
0.474750
0.474743
0.474751
0.474743
0.474751
0.474744
0.474752
0.474744
0.474752
0.474745
0.474753
0.474745
0.474753
0.474745
0.474754
0.474746
0.474754
0.474746
0.474755
0.474747
0.474755
0.474747
0.474756
0.474748
0.474756
0.474748
0.474757
0.474749
0.474758
0.474750
0.474758
0.474750
0.474759
0.474751
0.474760
0.474752
0.474760
0.474752
0.474761
0.474753
0.474762
0.474754
0.474763
0.474754
0.474764
0.474755
0.474764
0.474756
0.474765
0.474757
0.474766
0.474757
0.474767
0.474758
0.474768
0.474759
0.474769
0.474760
0.474770
0.474761
0.474771
0.474762
0.474772
0.474763
0.474772
0.474764
0.474773
0.474764
0.474774
0.474765
0.474776
0.474766
0.474777
0.474767
0.474778
0.474768
0.474779
0.474769
0.474780
0.474770
0.474781
0.474772
0.474782
0.474773
0.474783
0.474774
0.474784
0.474775
0.474786
0.474776
0.474787
0.474777
0.474788
0.474778
0.474789
0.474780
0.474791
0.474781
0.474792
0.474782
0.474793
0.474783
0.474795
0.474785
0.474796
0.474786
0.474797
0.474787
0.474799
0.474789
0.474800
0.474790
0.474802
0.474791
0.474803
0.474793
0.474804
0.474794
0.474806
0.474795
0.474807
0.474797
0.474809
0.474798
0.474810
0.474800
0.474812
0.474801
0.474814
0.474803
0.474815
0.474804
0.474817
0.474806
0.474818
0.474808
0.474820
0.474809
0.474822
0.474811
0.474823
0.474812
0.474825
0.474814
0.474827
0.474816
0.474829
0.474817
0.474830
0.474819
0.474832
0.474821
0.474834
0.474823
0.474836
0.474824
0.474838
0.474826
0.474840
0.474828
0.474842
0.474830
0.474843
0.474832
0.474845
0.474834
0.474847
0.474836
0.474849
0.474837
0.474851
0.474839
0.474853
0.474841
0.474855
0.474843
0.474857
0.474845
0.474859
0.474847
0.474862
0.474849
0.474864
0.474851
0.474866
0.474853
0.474868
0.474856
0.474870
0.474858
0.474872
0.474860
0.474874
0.474862
0.474877
0.474864
0.474879
0.474866
0.474881
0.474868
0.474884
0.474871
0.474886
0.474873
0.474888
0.474875
0.474890
0.474878
0.474893
0.474880
0.474895
0.474882
0.474898
0.474885
0.474900
0.474887
0.474903
0.474889
0.474905
0.474892
0.474908
0.474894
0.474910
0.474897
0.474913
0.474899
0.474915
0.474902
0.474918
0.474904
0.474920
0.474907
0.474923
0.474909
0.474926
0.474912
0.474928
0.474914
0.474931
0.474917
0.474934
0.474920
0.474936
0.474922
0.474939
0.474925
0.474942
0.474928
0.474945
0.474930
0.474947
0.474933
0.474950
0.474936
0.474953
0.474939
0.474956
0.474942
0.474959
0.474944
0.474962
0.474947
0.474965
0.474950
0.474968
0.474953
0.474971
0.474956
0.474974
0.474959
0.474977
0.474962
0.474980
0.474965
0.474983
0.474968
0.474986
0.474986
0.474971
0.474989
0.474974
0.474992
0.474977
0.474995
0.474980
0.474998
0.474983
0.475002
0.474986
0.475005
0.474989
0.475008
0.474993
0.475011
0.474996
0.475015
0.474999
0.475018
0.475002
0.475021
0.475006
0.475025
0.475009
0.475028
0.475012
0.475031
0.475015
0.475035
0.475019
0.475038
0.475022
0.475042
0.475026
0.475045
0.475029
0.475049
0.475032
0.475052
0.475036
0.475056
0.475039
0.475059
0.475043
0.475063
0.475046
0.475066
0.475050
0.475070
0.475054
0.475074
0.475057
0.475077
0.475061
0.475081
0.475064
0.475085
0.475068
0.475089
0.475072
0.475092
0.475076
0.475096
0.475079
0.475100
0.475083
0.475104
0.475087
0.475108
0.475091
0.475112
0.475095
0.475116
0.475098
0.475119
0.475102
0.475123
0.475106
0.475127
0.475110
0.475131
0.475114
0.475135
0.475118
0.475139
0.475122
0.475144
0.475126
0.475148
0.475130
0.475152
0.475134
0.475156
0.475138
0.475160
0.475142
0.475164
0.475146
0.475169
0.475151
0.475173
0.475155
0.475177
0.475159
0.475181
0.475163
0.475186
0.475168
0.475190
0.475172
0.475194
0.475176
0.475199
0.475181
0.475203
0.475185
0.475208
0.475189
0.475212
0.475194
0.475216
0.475198
0.475221
0.475203
0.475226
0.475207
0.475230
0.475212
0.475235
0.475216
0.475239
0.475221
0.475244
0.475225
0.475249
0.475230
0.475253
0.475234
0.475258
0.475239
0.475263
0.475244
0.475267
0.475248
0.475272
0.475253
0.475277
0.475258
0.475282
0.475263
0.475287
0.475268
0.475292
0.475272
0.475296
0.475277
0.475301
0.475282
0.475306
0.475287
0.475311
0.475292
0.475316
0.475297
0.475321
0.475302
0.475326
0.475307
0.475332
0.475312
0.475337
0.475317
0.475342
0.475322
0.475347
0.475327
0.475352
0.475332
0.475357
0.475338
0.475363
0.475343
0.475368
0.475348
0.475373
0.475353
0.475378
0.475359
0.475384
0.475364
0.475389
0.475369
0.475395
0.475375
0.475400
0.475380
0.475405
0.475385
0.475411
0.475391
0.475416
0.475396
0.475422
0.475402
0.475427
0.475407
0.475433
0.475413
0.475439
0.475418
0.475444
0.475424
0.475450
0.475430
0.475456
0.475435
0.475461
0.475441
0.475467
0.475447
0.475473
0.475453
0.475479
0.475458
0.475485
0.475464
0.475490
0.475470
0.475496
0.475476
0.475502
0.475482
0.475508
0.475488
0.475514
0.475494
0.475520
0.475500
0.475526
0.475506
0.475532
0.475512
0.475538
0.475518
0.475544
0.475524
0.475550
0.475530
0.475557
0.475536
0.475563
0.475542
0.475569
0.475548
0.475575
0.475555
0.475582
0.475561
0.475588
0.475567
0.475594
0.475573
0.475601
0.475580
0.475607
0.475586
0.475613
0.475593
0.475620
0.475599
0.475626
0.475605
0.475633
0.475612
0.475639
0.475619
0.475646
0.475625
0.475653
0.475632
0.475659
0.475638
0.475666
0.475645
0.475673
0.475652
0.475679
0.475658
0.475686
0.475665
0.475693
0.475672
0.475700
0.475679
0.475706
0.475685
0.475713
0.475692
0.475720
0.475699
0.475727
0.475706
0.475734
0.475713
0.475741
0.475720
0.475748
0.475727
0.475755
0.475734
0.475762
0.475741
0.475769
0.475748
0.475776
0.475756
0.475784
0.475763
0.475791
0.475770
0.475798
0.475777
0.475805
0.475784
0.475812
0.475792
0.475820
0.475799
0.475827
0.475806
0.475835
0.475814
0.475842
0.475821
0.475849
0.475829
0.475857
0.475836
0.475864
0.475844
0.475872
0.475851
0.475879
0.475859
0.475887
0.475867
0.475895
0.475874
0.475902
0.475882
0.475910
0.475890
0.475918
0.475897
0.475926
0.475905
0.475933
0.475913
0.475941
0.475921
0.475949
0.475929
0.475957
0.475937
0.475965
0.475945
0.475973
0.475953
0.475981
0.475961
0.475989
0.475969
0.475997
0.475977
0.476005
0.475985
0.476013
0.475993
0.476021
0.476002
0.476029
0.476010
0.476038
0.476018
0.476046
0.476026
0.476054
0.476035
0.476063
0.476043
0.476071
0.476052
0.476079
0.476060
0.476088
0.476069
0.476096
0.476077
0.476105
0.476086
0.476113
0.476094
0.476122
0.476103
0.476130
0.476112
0.476139
0.476120
0.476148
0.476129
0.476156
0.476138
0.476165
0.476147
0.476174
0.476155
0.476182
0.476164
0.476191
0.476173
0.476200
0.476182
0.476209
0.476191
0.476218
0.476200
0.476227
0.476209
0.476236
0.476218
0.476245
0.476228
0.476254
0.476237
0.476263
0.476246
0.476272
0.476255
0.476281
0.476265
0.476291
0.476274
0.476300
0.476283
0.476309
0.476293
0.476318
0.476302
0.476328
0.476312
0.476337
0.476321
0.476346
0.476331
0.476356
0.476340
0.476365
0.476350
0.476375
0.476360
0.476384
0.476369
0.476394
0.476379
0.476404
0.476389
0.476413
0.476399
0.476423
0.476409
0.476433
0.476418
0.476442
0.476428
0.476452
0.476438
0.476462
0.476448
0.476472
0.476458
0.476482
0.476469
0.476491
0.476479
0.476501
0.476489
0.476511
0.476499
0.476521
0.476509
0.476531
0.476520
0.476541
0.476530
0.476551
0.476540
0.476561
0.476551
0.476551
0.476571
0.476561
0.476582
0.476571
0.476592
0.476582
0.476602
0.476592
0.476612
0.476603
0.476622
0.476613
0.476632
0.476624
0.476642
0.476634
0.476653
0.476645
0.476663
0.476655
0.476673
0.476666
0.476683
0.476677
0.476693
0.476687
0.476703
0.476698
0.476713
0.476708
0.476723
0.476718
0.476733
0.476729
0.476742
0.476739
0.476752
0.476749
0.476761
0.476759
0.476770
0.476768
0.476779
0.476778
0.476788
0.476787
0.476796
0.476796
0.476804
0.476804
0.476812
0.476813
0.476820
0.476820
0.476827
0.476828
0.476833
0.476835
0.476840
0.476841
0.476846
0.476848
0.476851
0.476853
0.476856
0.476858
0.476861
0.476863
0.476866
0.476868
0.476870
0.476871
0.476873
0.476875
0.476876
0.476878
0.476879
0.476880
0.476881
0.476882
0.476883
0.476884
0.476884
0.476885
0.476885
0.476885
0.476885
0.476885
0.476885
0.476885
0.476884
0.476884
0.476883
0.476882
0.476881
0.476880
0.476879
0.476878
0.476877
0.476875
0.476874
0.476872
0.476870
0.476869
0.476867
0.476865
0.476863
0.476861
0.476859
0.476856
0.476854
0.476852
0.476850
0.476848
0.476845
0.476843
0.476841
0.476838
0.476836
0.476834
0.476832
0.476829
0.476827
0.476825
0.476823
0.476821
0.476819
0.476817
0.476815
0.476814
0.476812
0.476810
0.476809
0.476808
0.476806
0.476805
0.476804
0.476803
0.476802
0.476802
0.476801
0.476800
0.476800
0.476800
0.476800
0.476800
0.476800
0.476800
0.476800
0.476800
0.476801
0.476802
0.476802
0.476803
0.476804
0.476805
0.476806
0.476808
0.476809
0.476810
0.476812
0.476814
0.476815
0.476817
0.476819
0.476821
0.476823
0.476825
0.476827
0.476830
0.476832
0.476834
0.476837
0.476839
0.476842
0.476845
0.476847
0.476850
0.476853
0.476856
0.476859
0.476862
0.476865
0.476868
0.476871
0.476874
0.476877
0.476881
0.476884
0.476887
0.476891
0.476894
0.476898
0.476901
0.476905
0.476908
0.476912
0.476915
0.476919
0.476923
0.476927
0.476930
0.476934
0.476938
0.476942
0.476946
0.476950
0.476954
0.476958
0.476962
0.476966
0.476970
0.476974
0.476978
0.476982
0.476986
0.476990
0.476995
0.476999
0.477003
0.477007
0.477012
0.477016
0.477020
0.477025
0.477029
0.477034
0.477038
0.477042
0.477047
0.477051
0.477056
0.477060
0.477065
0.477069
0.477074
0.477079
0.477083
0.477088
0.477092
0.477097
0.477102
0.477106
0.477111
0.477116
0.477120
0.477125
0.477130
0.477135
0.477139
0.477144
0.477149
0.477154
0.477159
0.477163
0.477168
0.477173
0.477178
0.477183
0.477188
0.477192
0.477197
0.477202
0.477207
0.477212
0.477217
0.477222
0.477227
0.477232
0.477236
0.477241
0.477246
0.477251
0.477256
0.477261
0.477266
0.477271
0.477276
0.477281
0.477286
0.477291
0.477296
0.477301
0.477306
0.477311
0.477316
0.477321
0.477326
0.477330
0.477335
0.477340
0.477345
0.477350
0.477355
0.477360
0.477365
0.477370
0.477375
0.477380
0.477385
0.477390
0.477395
0.477400
0.477405
0.477410
0.477415
0.477420
0.477425
0.477429
0.477434
0.477439
0.477444
0.477449
0.477454
0.477459
0.477464
0.477469
0.477474
0.477479
0.477484
0.477488
0.477493
0.477498
0.477503
0.477508
0.477513
0.477518
0.477523
0.477528
0.477532
0.477537
0.477542
0.477547
0.477552
0.477557
0.477561
0.477566
0.477571
0.477576
0.477581
0.477586
0.477590
0.477595
0.477600
0.477605
0.477609
0.477614
0.477619
0.477624
0.477629
0.477633
0.477638
0.477643
0.477648
0.477652
0.477657
0.477662
0.477666
0.477671
0.477676
0.477681
0.477685
0.477690
0.477695
0.477699
0.477704
0.477709
0.477713
0.477718
0.477723
0.477727
0.477732
0.477737
0.477741
0.477746
0.477750
0.477755
0.477760
0.477764
0.477769
0.477773
0.477778
0.477783
0.477787
0.477792
0.477796
0.477801
0.477805
0.477810
0.477814
0.477819
0.477823
0.477828
0.477832
0.477837
0.477841
0.477846
0.477850
0.477855
0.477859
0.477864
0.477868
0.477873
0.477877
0.477882
0.477886
0.477890
0.477895
0.477899
0.477904
0.477908
0.477912
0.477917
0.477921
0.477926
0.477930
0.477934
0.477939
0.477943
0.477947
0.477952
0.477956
0.477960
0.477964
0.477969
0.477973
0.477977
0.477982
0.477986
0.477990
0.477994
0.477999
0.478003
0.478007
0.478011
0.478016
0.478020
0.478024
0.478028
0.478032
0.478037
0.478041
0.478045
0.478049
0.478053
0.478057
0.478062
0.478066
0.478070
0.478074
0.478078
0.478082
0.478086
0.478090
0.478094
0.478098
0.478103
0.478107
0.478111
0.478115
0.478119
0.478123
0.478127
0.478131
0.478135
0.478139
0.478143
0.478147
0.478151
0.478155
0.478159
0.478163
0.478167
0.478171
0.478175
0.478179
0.478183
0.478187
0.478190
0.478194
0.478198
0.478202
0.478206
0.478210
0.478214
0.478218
0.478222
0.478226
0.478229
0.478233
0.478237
0.478241
0.478245
0.478249
0.478252
0.478256
0.478260
0.478264
0.478268
0.478268
0.478271
0.478275
0.478279
0.478283
0.478286
0.478290
0.478294
0.478298
0.478301
0.478305
0.478309
0.478313
0.478316
0.478320
0.478324
0.478327
0.478331
0.478335
0.478338
0.478342
0.478346
0.478349
0.478353
0.478357
0.478360
0.478364
0.478368
0.478371
0.478375
0.478378
0.478382
0.478386
0.478389
0.478393
0.478396
0.478400
0.478403
0.478407
0.478411
0.478414
0.478418
0.478421
0.478425
0.478428
0.478432
0.478435
0.478439
0.478442
0.478446
0.478449
0.478453
0.478456
0.478460
0.478463
0.478467
0.478470
0.478473
0.478477
0.478480
0.478484
0.478487
0.478491
0.478494
0.478497
0.478501
0.478504
0.478507
0.478511
0.478514
0.478518
0.478521
0.478524
0.478528
0.478531
0.478534
0.478538
0.478541
0.478544
0.478548
0.478551
0.478554
0.478558
0.478561
0.478564
0.478567
0.478571
0.478574
0.478577
0.478581
0.478584
0.478587
0.478590
0.478594
0.478597
0.478600
0.478603
0.478606
0.478610
0.478613
0.478616
0.478619
0.478622
0.478626
0.478629
0.478632
0.478635
0.478638
0.478642
0.478645
0.478648
0.478651
0.478654
0.478657
0.478660
0.478664
0.478667
0.478670
0.478673
0.478676
0.478679
0.478682
0.478685
0.478688
0.478691
0.478695
0.478698
0.478701
0.478704
0.478707
0.478710
0.478713
0.478716
0.478719
0.478722
0.478725
0.478728
0.478731
0.478734
0.478737
0.478740
0.478743
0.478746
0.478749
0.478752
0.478755
0.478758
0.478761
0.478764
0.478767
0.478770
0.478773
0.478776
0.478779
0.478782
0.478785
0.478788
0.478791
0.478794
0.478796
0.478799
0.478802
0.478805
0.478808
0.478811
0.478814
0.478817
0.478820
0.478823
0.478825
0.478828
0.478831
0.478834
0.478837
0.478840
0.478843
0.478846
0.478848
0.478851
0.478854
0.478857
0.478860
0.478863
0.478865
0.478868
0.478871
0.478874
0.478877
0.478879
0.478882
0.478885
0.478888
0.478891
0.478893
0.478896
0.478899
0.478902
0.478904
0.478907
0.478910
0.478913
0.478916
0.478918
0.478921
0.478924
0.478927
0.478929
0.478932
0.478935
0.478937
0.478940
0.478943
0.478946
0.478948
0.478951
0.478954
0.478956
0.478959
0.478962
0.478964
0.478967
0.478970
0.478973
0.478975
0.478978
0.478981
0.478983
0.478986
0.478989
0.478991
0.478994
0.478997
0.478999
0.479002
0.479004
0.479007
0.479010
0.479012
0.479015
0.479018
0.479020
0.479023
0.479025
0.479028
0.479031
0.479033
0.479036
0.479038
0.479041
0.479044
0.479046
0.479049
0.479051
0.479054
0.479057
0.479059
0.479062
0.479064
0.479067
0.479069
0.479072
0.479074
0.479077
0.479080
0.479082
0.479085
0.479087
0.479090
0.479092
0.479095
0.479097
0.479100
0.479102
0.479105
0.479107
0.479110
0.479112
0.479115
0.479117
0.479120
0.479122
0.479125
0.479127
0.479130
0.479132
0.479135
0.479137
0.479140
0.479142
0.479145
0.479147
0.479150
0.479152
0.479155
0.479157
0.479160
0.479162
0.479164
0.479167
0.479169
0.479172
0.479174
0.479177
0.479179
0.479182
0.479184
0.479186
0.479189
0.479191
0.479194
0.479196
0.479199
0.479201
0.479203
0.479206
0.479208
0.479211
0.479213
0.479215
0.479218
0.479220
0.479223
0.479225
0.479227
0.479230
0.479232
0.479235
0.479237
0.479239
0.479242
0.479244
0.479246
0.479249
0.479251
0.479254
0.479256
0.479258
0.479261
0.479263
0.479265
0.479268
0.479270
0.479272
0.479275
0.479277
0.479279
0.479282
0.479284
0.479286
0.479289
0.479291
0.479293
0.479296
0.479298
0.479300
0.479303
0.479305
0.479307
0.479310
0.479312
0.479314
0.479317
0.479319
0.479321
0.479324
0.479326
0.479328
0.479330
0.479333
0.479335
0.479337
0.479340
0.479342
0.479344
0.479346
0.479349
0.479351
0.479353
0.479356
0.479358
0.479360
0.479362
0.479365
0.479367
0.479369
0.479371
0.479374
0.479376
0.479378
0.479381
0.479383
0.479385
0.479387
0.479390
0.479392
0.479394
0.479396
0.479399
0.479401
0.479403
0.479405
0.479408
0.479410
0.479412
0.479414
0.479417
0.479419
0.479421
0.479423
0.479425
0.479428
0.479430
0.479432
0.479434
0.479437
0.479439
0.479441
0.479443
0.479445
0.479448
0.479450
0.479452
0.479454
0.479457
0.479459
0.479461
0.479463
0.479465
0.479468
0.479470
0.479472
0.479474
0.479476
0.479478
0.479481
0.479483
0.479485
0.479487
0.479489
0.479491
0.479494
0.479496
0.479498
0.479500
0.479502
0.479504
0.479506
0.479509
0.479511
0.479513
0.479515
0.479517
0.479519
0.479521
0.479523
0.479525
0.479527
0.479530
0.479532
0.479534
0.479536
0.479538
0.479540
0.479542
0.479544
0.479546
0.479548
0.479551
0.479553
0.479555
0.479557
0.479559
0.479561
0.479564
0.479566
0.479568
0.479570
0.479573
0.479575
0.479577
0.479580
0.479582
0.479585
0.479587
0.479590
0.479593
0.479595
0.479598
0.479601
0.479604
0.479606
0.479609
0.479612
0.479614
0.479616
0.479618
0.479619
0.479619
0.479619
0.479616
0.479616
0.479613
0.479608
0.479602
0.479597
0.479593
0.479594
0.479601
0.479614
0.479633
0.479656
0.479678
0.479698
0.479711
0.479714
0.479705
0.479683
0.479646
0.479596
0.479535
0.479465
0.479391
0.479316
0.479245
0.479181
0.479126
0.479082
0.479047
0.479022
0.479006
0.478997
0.478993
0.478995
0.478999
0.479007
0.479016
0.479025
0.479036
0.479046
0.479056
0.479066
0.479074
0.479082
0.479089
0.479095
0.479099
0.479103
0.479105
0.479107
0.479107
0.479106
0.479105
0.479102
0.479099
0.479095
0.479090
0.479085
0.479079
0.479072
0.479066
0.479059
0.479051
0.479044
0.479036
0.479029
0.479021
0.479013
0.479006
0.478998
0.478991
0.478984
0.478977
0.478970
0.478963
0.478957
0.478951
0.478946
0.478941
0.478936
0.478931
0.478927
0.478923
0.478919
0.478916
0.478913
0.478910
0.478907
0.478905
0.478904
0.478902
0.478901
0.478900
0.478899
0.478898
0.478898
0.478898
0.478898
0.478898
0.478899
0.478900
0.478900
0.478901
0.478903
0.478904
0.478905
0.478907
0.478908
0.478910
0.478912
0.478914
0.478915
0.478917
0.478920
0.478922
0.478924
0.478926
0.478928
0.478930
0.478933
0.478935
0.478937
0.478940
0.478942
0.478944
0.478947
0.478949
0.478952
0.478954
0.478956
0.478959
0.478961
0.478963
0.478965
0.478968
0.478970
0.478972
0.478974
0.478976
0.478978
0.478981
0.478983
0.478985
0.478986
0.478988
0.478990
0.478992
0.478994
0.478996
0.478997
0.478999
0.479000
0.479002
0.479003
0.479005
0.479006
0.479008
0.479009
0.479010
0.479011
0.479012
0.479013
0.479014
0.479015
0.479016
0.479017
0.479017
0.479018
0.479018
0.479019
0.479019
0.479020
0.479020
0.479020
0.479021
0.479021
0.479021
0.479021
0.479021
0.479020
0.479020
0.479020
0.479020
0.479019
0.479019
0.479018
0.479017
0.479017
0.479016
0.479015
0.479014
0.479013
0.479012
0.479011
0.479010
0.479009
0.479007
0.479006
0.479004
0.479003
0.479001
0.479000
0.478998
0.478996
0.478994
0.478992
0.478990
0.478988
0.478986
0.478984
0.478982
0.478979
0.478977
0.478975
0.478972
0.478969
0.478967
0.478964
0.478961
0.478959
0.478956
0.478953
0.478950
0.478947
0.478944
0.478940
0.478937
0.478934
0.478930
0.478927
0.478923
0.478920
0.478916
0.478913
0.478909
0.478905
0.478901
0.478897
0.478894
0.478890
0.478886
0.478881
0.478877
0.478873
0.478869
0.478864
0.478860
0.478856
0.478851
0.478847
0.478842
0.478838
0.478833
0.478828
0.478823
0.478819
0.478814
0.478809
0.478804
0.478799
0.478794
0.478789
0.478784
0.478779
0.478773
0.478768
0.478763
0.478757
0.478752
0.478747
0.478741
0.478736
0.478730
0.478725
0.478719
0.478713
0.478708
0.478702
0.478696
0.478690
0.478684
0.478678
0.478673
0.478667
0.478661
0.478655
0.478649
0.478642
0.478636
0.478630
0.478624
0.478618
0.478611
0.478605
0.478599
0.478593
0.478586
0.478580
0.478573
0.478567
0.478560
0.478554
0.478547
0.478541
0.478534
0.478528
0.478521
0.478514
0.478508
0.478501
0.478494
0.478487
0.478480
0.478474
0.478467
0.478460
0.478453
0.478446
0.478439
0.478432
0.478425
0.478418
0.478411
0.478404
0.478397
0.478390
0.478383
0.478376
0.478369
0.478362
0.478354
0.478347
0.478340
0.478333
0.478326
0.478318
0.478311
0.478304
0.478296
0.478289
0.478282
0.478274
0.478267
0.478260
0.478252
0.478245
0.478237
0.478230
0.478222
0.478215
0.478208
0.478200
0.478193
0.478185
0.478178
0.478170
0.478162
0.478155
0.478147
0.478140
0.478132
0.478125
0.478117
0.478109
0.478102
0.478094
0.478086
0.478079
0.478071
0.478063
0.478056
0.478048
0.478040
0.478033
0.478025
0.478017
0.478009
0.478002
0.477994
0.477986
0.477978
0.477971
0.477963
0.477955
0.477947
0.477939
0.477932
0.477924
0.477916
0.477908
0.477900
0.477892
0.477885
0.477877
0.477869
0.477861
0.477853
0.477845
0.477837
0.477830
0.477822
0.477814
0.477806
0.477798
0.477790
0.477782
0.477774
0.477766
0.477759
0.477751
0.477743
0.477735
0.477727
0.477719
0.477711
0.477703
0.477695
0.477687
0.477679
0.477671
0.477663
0.477655
0.477647
0.477640
0.477632
0.477624
0.477616
0.477608
0.477600
0.477592
0.477584
0.477576
0.477568
0.477560
0.477552
0.477544
0.477536
0.477528
0.477520
0.477512
0.477504
0.477496
0.477488
0.477480
0.477473
0.477465
0.477457
0.477449
0.477441
0.477433
0.477425
0.477417
0.477409
0.477401
0.477393
0.477385
0.477377
0.477369
0.477361
0.477353
0.477345
0.477338
0.477330
0.477322
0.477314
0.477306
0.477298
0.477290
0.477282
0.477274
0.477266
0.477258
0.477251
0.477243
0.477235
0.477227
0.477219
0.477211
0.477203
0.477195
0.477188
0.477180
0.477172
0.477164
0.477156
0.477148
0.477140
0.477133
0.477125
0.477117
0.477109
0.477101
0.477094
0.477086
0.477078
0.477070
0.477062
0.477055
0.477047
0.477039
0.477031
0.477031
