-0.020197
0.415681
0.417243
0.417222
0.417854
0.418598
0.419189
0.419510
0.419533
0.419274
0.418767
0.418056
0.417185
0.416193
0.415113
0.413974
0.412796
0.411599
0.410397
0.409202
0.408027
0.406880
0.405770
0.404704
0.403687
0.402725
0.401821
0.400977
0.400194
0.399471
0.398808
0.398202
0.397651
0.397153
0.396703
0.396298
0.395934
0.395608
0.395316
0.395054
0.394820
0.394608
0.394418
0.394245
0.394087
0.393942
0.393807
0.393680
0.393560
0.393444
0.393332
0.393221
0.393110
0.392999
0.392885
0.392769
0.392649
0.392525
0.392395
0.392259
0.392117
0.391969
0.391813
0.391649
0.391478
0.391299
0.391111
0.390916
0.390712
0.390500
0.390280
0.390053
0.389818
0.389576
0.389327
0.389073
0.388812
0.388547
0.388278
0.388005
0.387730
0.387453
0.387176
0.386899
0.386623
0.386350
0.386081
0.385816
0.385557
0.385304
0.385059
0.384823
0.384597
0.384381
0.384176
0.383983
0.383803
0.383636
0.383482
0.383343
0.383217
0.383107
0.383011
0.382930
0.382864
0.382813
0.382776
0.382755
0.382748
0.382755
0.382777
0.382812
0.382862
0.382924
0.382999
0.383087
0.383188
0.383300
0.383423
0.383558
0.383703
0.383859
0.384025
0.384200
0.384384
0.384577
0.384778
0.384988
0.385205
0.385429
0.385660
0.385898
0.386141
0.386391
0.386647
0.386908
0.387173
0.387444
0.387720
0.387999
0.388283
0.388571
0.388862
0.389157
0.389455
0.389757
0.390061
0.390369
0.390679
0.390992
0.391307
0.391624
0.391944
0.392266
0.392590
0.392915
0.393243
0.393572
0.393903
0.394236
0.394570
0.394905
0.395241
0.395579
0.395918
0.396258
0.396599
0.396941
0.397284
0.397628
0.397972
0.398317
0.398663
0.399009
0.399356
0.399703
0.400050
0.400398
0.400746
0.401095
0.401443
0.401792
0.402141
0.402489
0.402838
0.403187
0.403536
0.403884
0.404233
0.404581
0.404929
0.405276
0.405624
0.405971
0.406317
0.406664
0.407009
0.407354
0.407699
0.408043
0.408387
0.408730
0.409072
0.409414
0.409755
0.410095
0.410435
0.410774
0.411112
0.411449
0.411785
0.412121
0.412455
0.412789
0.413122
0.413454
0.413785
0.414115
0.414445
0.414773
0.415100
0.415426
0.415751
0.416075
0.416398
0.416720
0.417041
0.417361
0.417680
0.417998
0.418314
0.418630
0.418944
0.419257
0.419569
0.419880
0.420190
0.420498
0.420806
0.421112
0.421417
0.421721
0.422024
0.422326
0.422626
0.422925
0.423223
0.423520
0.423816
0.424110
0.424404
0.424696
0.424987
0.425276
0.425565
0.425852
0.426139
0.426424
0.426707
0.426990
0.427272
0.427552
0.427831
0.428109
0.428386
0.428662
0.428937
0.429210
0.429483
0.429754
0.430024
0.430293
0.430561
0.430828
0.431094
0.431359
0.431622
0.431885
0.432147
0.432407
0.432667
0.432925
0.433182
0.433439
0.433694
0.433949
0.434202
0.434454
0.434706
0.434956
0.435206
0.435454
0.435702
0.435949
0.436194
0.436439
0.436683
0.436926
0.437169
0.437410
0.437650
0.437890
0.438128
0.438366
0.438603
0.438839
0.439075
0.439309
0.439543
0.439775
0.440007
0.440239
0.440469
0.440698
0.440927
0.441155
0.441382
0.441609
0.441834
0.442059
0.442283
0.442506
0.442728
0.442950
0.443170
0.443390
0.443610
0.443828
0.444045
0.444262
0.444478
0.444693
0.444907
0.445120
0.445333
0.445545
0.445755
0.445965
0.446174
0.446383
0.446590
0.446796
0.447001
0.447206
0.447409
0.447611
0.447813
0.448013
0.448211
0.448409
0.448605
0.448800
0.448993
0.449184
0.449373
0.449560
0.449745
0.449926
0.450104
0.450279
0.450449
0.450615
0.450774
0.450928
0.451073
0.451211
0.451341
0.451462
0.451576
0.451684
0.451788
0.451888
0.451987
0.452087
0.452188
0.452292
0.452400
0.452512
0.452628
0.452749
0.452873
0.453002
0.453135
0.453270
0.453409
0.453551
0.453695
0.453841
0.453988
0.454138
0.454288
0.454440
0.454592
0.454746
0.454899
0.455054
0.455208
0.455363
0.455518
0.455672
0.455827
0.455981
0.456136
0.456289
0.456443
0.456596
0.456749
0.456902
0.457054
0.457205
0.457357
0.457507
0.457658
0.457807
0.457957
0.458106
0.458254
0.458402
0.458549
0.458696
0.458843
0.458989
0.459134
0.459279
0.459424
0.459568
0.459711
0.459854
0.459997
0.460139
0.460280
0.460421
0.460562
0.460702
0.460841
0.460980
0.461119
0.461257
0.461395
0.461532
0.461668
0.461804
0.461940
0.462075
0.462209
0.462343
0.462477
0.462610
0.462742
0.462875
0.463006
0.463137
0.463268
0.463398
0.463528
0.463657
0.463785
0.463914
0.464042
0.464169
0.464296
0.464422
0.464548
0.464674
0.464799
0.464923
0.465048
0.465171
0.465295
0.465418
0.465540
0.465663
0.465784
0.465906
0.466027
0.466148
0.466268
0.466388
0.466507
0.466627
0.466745
0.466864
0.466982
0.467100
0.467218
0.467335
0.467452
0.467569
0.467685
0.467801
0.467917
0.468032
0.468148
0.468263
0.468377
0.468492
0.468606
0.468720
0.468834
0.468948
0.468948
0.469061
0.469174
0.469287
0.469400
0.469513
0.469625
0.469738
0.469850
0.469962
0.470074
0.470185
0.470297
0.470408
0.470519
0.470630
0.470741
0.470852
0.470963
0.471073
0.471184
0.471294
0.471405
0.471515
0.471625
0.471735
0.471844
0.471954
0.472064
0.472173
0.472283
0.472392
0.472501
0.472610
0.472719
0.472828
0.472937
0.473046
0.473154
0.473263
0.473371
0.473480
0.473588
0.473696
0.473804
0.473911
0.474019
0.474126
0.474234
0.474341
0.474448
0.474555
0.474662
0.474768
0.474874
0.474981
0.475087
0.475192
0.475298
0.475403
0.475509
0.475614
0.475718
0.475823
0.475927
0.476031
0.476135
0.476239
0.476342
0.476445
0.476548
0.476650
0.476752
0.476854
0.476956
0.477057
0.477158
0.477259
0.477359
0.477459
0.477559
0.477658
0.477757
0.477856
0.477954
0.478052
0.478150
0.478247
0.478344
0.478441
0.478537
0.478633
0.478729
0.478824
0.478918
0.479013
0.479107
0.479200
0.479294
0.479386
0.479479
0.479571
0.479662
0.479754
0.479845
0.479935
0.480025
0.480115
0.480204
0.480293
0.480381
0.480469
0.480556
0.480643
0.480730
0.480816
0.480902
0.480988
0.481073
0.481157
0.481242
0.481325
0.481409
0.481491
0.481574
0.481656
0.481737
0.481819
0.481899
0.481980
0.482059
0.482139
0.482218
0.482296
0.482374
0.482452
0.482529
0.482606
0.482683
0.482759
0.482834
0.482909
0.482984
0.483058
0.483132
0.483205
0.483278
0.483351
0.483423
0.483494
0.483566
0.483637
0.483707
0.483777
0.483847
0.483916
0.483985
0.484053
0.484121
0.484188
0.484256
0.484322
0.484389
0.484455
0.484520
0.484586
0.484651
0.484715
0.484779
0.484843
0.484906
0.484969
0.485032
0.485094
0.485156
0.485218
0.485279
0.485340
0.485401
0.485461
0.485522
0.485581
0.485641
0.485700
0.485759
0.485817
0.485875
0.485933
0.485991
0.486049
0.486106
0.486163
0.486219
0.486276
0.486332
0.486388
0.486444
0.486499
0.486555
0.486610
0.486665
0.486719
0.486774
0.486828
0.486882
0.486936
0.486990
0.487044
0.487097
0.487150
0.487204
0.487257
0.487310
0.487362
0.487415
0.487467
0.487520
0.487572
0.487624
0.487676
0.487728
0.487780
0.487832
0.487884
0.487935
0.487987
0.488038
0.488090
0.488141
0.488193
0.488244
0.488295
0.488346
0.488398
0.488449
0.488500
0.488551
0.488602
0.488653
0.488704
0.488755
0.488806
0.488857
0.488909
0.488960
0.489011
0.489062
0.489113
0.489164
0.489215
0.489266
0.489318
0.489369
0.489420
0.489472
0.489523
0.489574
0.489626
0.489677
0.489729
0.489781
0.489832
0.489884
0.489936
0.489988
0.490040
0.490092
0.490144
0.490196
0.490248
0.490300
0.490353
0.490405
0.490458
0.490510
0.490563
0.490616
0.490669
0.490722
0.490775
0.490828
0.490881
0.490935
0.490988
0.491042
0.491096
0.491149
0.491203
0.491257
0.491311
0.491366
0.491420
0.491474
0.491529
0.491584
0.491639
0.491694
0.491749
0.491804
0.491859
0.491915
0.491970
0.492026
0.492082
0.492138
0.492194
0.492250
0.492306
0.492363
0.492420
0.492476
0.492533
0.492590
0.492648
0.492705
0.492763
0.492820
0.492878
0.492936
0.492994
0.493052
0.493111
0.493170
0.493228
0.493287
0.493346
0.493406
0.493465
0.493525
0.493585
0.493645
0.493705
0.493765
0.493826
0.493886
0.493947
0.494008
0.494069
0.494131
0.494192
0.494254
0.494316
0.494378
0.494441
0.494503
0.494566
0.494629
0.494692
0.494756
0.494819
0.494883
0.494947
0.495012
0.495076
0.495141
0.495206
0.495271
0.495336
0.495401
0.495467
0.495533
0.495599
0.495666
0.495733
0.495800
0.495867
0.495934
0.496002
0.496070
0.496138
0.496206
0.496275
0.496343
0.496413
0.496482
0.496551
0.496621
0.496691
0.496762
0.496832
0.496903
0.496974
0.497046
0.497117
0.497189
0.497262
0.497334
0.497407
0.497480
0.497553
0.497627
0.497700
0.497775
0.497849
0.497924
0.497999
0.498074
0.498149
0.498225
0.498301
0.498378
0.498454
0.498531
0.498608
0.498686
0.498764
0.498842
0.498920
0.498999
0.499078
0.499157
0.499237
0.499317
0.499397
0.499477
0.499558
0.499639
0.499721
0.499802
0.499884
0.499967
0.500049
0.500132
0.500215
0.500299
0.500383
0.500467
0.500551
0.500636
0.500721
0.500807
0.500892
0.500978
0.501065
0.501151
0.501238
0.501326
0.501413
0.501501
0.501589
0.501678
0.501766
0.501855
0.501945
0.502035
0.502125
0.502215
0.502305
0.502396
0.502488
0.502579
0.502671
0.502763
0.502856
0.502948
0.503041
0.503135
0.503228
0.503322
0.503417
0.503511
0.503606
0.503701
0.503796
0.503892
0.503988
0.504084
0.504181
0.504278
0.504375
0.504472
0.504569
0.504667
0.504764
0.504859
0.504950
0.505024
0.505059
0.505048
0.505130
0.505451
0.506127
0.504516
0.504011
0.504061
0.504164
0.504259
0.504310
0.504321
0.504304
0.504276
0.504246
0.504221
0.504205
0.504196
0.504193
0.504195
0.504200
0.504208
0.504218
0.504218
0.504229
0.504243
0.504258
0.504275
0.504294
0.504314
0.504337
0.504361
0.504387
0.504414
0.504443
0.504473
0.504505
0.504538
0.504572
0.504608
0.504644
0.504682
0.504721
0.504761
0.504802
0.504844
0.504887
0.504930
0.504975
0.505020
0.505066
0.505112
0.505160
0.505208
0.505257
0.505306
0.505356
0.505406
0.505458
0.505509
0.505562
0.505615
0.505668
0.505722
0.505777
0.505832
0.505887
0.505943
0.505999
0.506056
0.506114
0.506171
0.506229
0.506288
0.506347
0.506407
0.506466
0.506527
0.506587
0.506648
0.506709
0.506771
0.506833
0.506895
0.506958
0.507021
0.507084
0.507148
0.507211
0.507275
0.507340
0.507405
0.507470
0.507535
0.507600
0.507666
0.507732
0.507798
0.507864
0.507931
0.507998
0.508065
0.508132
0.508199
0.508267
0.508335
0.508403
0.508471
0.508539
0.508608
0.508676
0.508745
0.508814
0.508883
0.508953
0.509022
0.509092
0.509161
0.509231
0.509301
0.509371
0.509441
0.509511
0.509582
0.509652
0.509723
0.509794
0.509864
0.509935
0.510006
0.510077
0.510149
0.510220
0.510291
0.510363
0.510434
0.510506
0.510577
0.510649
0.510721
0.510793
0.510865
0.510937
0.511009
0.511081
0.511153
0.511225
0.511298
0.511370
0.511442
0.511515
0.511587
0.511660
0.511733
0.511805
0.511878
0.511951
0.512024
0.512097
0.512169
0.512242
0.512315
0.512389
0.512462
0.512535
0.512608
0.512681
0.512755
0.512828
0.512902
0.512975
0.513049
0.513122
0.513196
0.513270
0.513343
0.513417
0.513491
0.513565
0.513639
0.513713
0.513787
0.513862
0.513936
0.514010
0.514085
0.514159
0.514234
0.514308
0.514383
0.514458
0.514533
0.514607
0.514682
0.514758
0.514833
0.514908
0.514983
0.515059
0.515134
0.515210
0.515285
0.515361
0.515437
0.515513
0.515588
0.515667
0.515731
0.515851
0.515734
0.516365
0.514248
0.516086
0.514882
0.515464
0.515488
0.515658
0.515720
0.515975
0.516118
0.516417
0.516522
0.516816
0.516810
0.517159
0.516931
0.517511
0.516780
0.517766
0.516658
0.517794
0.516933
0.517794
0.517186
0.517894
0.517417
0.518075
0.517648
0.518289
0.517848
0.518502
0.517999
0.518698
0.518113
0.518868
0.518222
0.519008
0.518355
0.519133
0.518509
0.519261
0.518673
0.519402
0.518837
0.519555
0.518992
0.519715
0.519137
0.519874
0.519274
0.520027
0.519408
0.520174
0.519545
0.520316
0.519687
0.520457
0.519832
0.520601
0.519977
0.520748
0.520121
0.520897
0.520263
0.521045
0.520403
0.521193
0.520543
0.521339
0.520683
0.521484
0.520824
0.521629
0.520966
0.521775
0.521107
0.521921
0.521248
0.522068
0.521389
0.522214
0.521530
0.522360
0.521670
0.522505
0.521811
0.522651
0.521951
0.522796
0.522092
0.522942
0.522233
0.523087
0.522373
0.523233
0.522514
0.523378
0.522654
0.523524
0.522794
0.523669
0.522935
0.523814
0.523075
0.523960
0.523216
0.524105
0.523356
0.524250
0.523496
0.524395
0.523637
0.524540
0.523777
0.524685
0.523917
0.524830
0.524057
0.524975
0.524197
0.525119
0.524338
0.525264
0.524478
0.525409
0.524618
0.525553
0.524758
0.525698
0.524898
0.525842
0.525038
0.525987
0.525178
0.526131
0.525318
0.526275
0.525458
0.526420
0.525598
0.526564
0.525738
0.526708
0.525877
0.526852
0.526017
0.526996
0.526157
0.527140
0.526297
0.527283
0.526437
0.527427
0.526576
0.527571
0.526716
0.527714
0.526856
0.527858
0.526996
0.528001
0.527135
0.528145
0.527275
0.528288
0.527415
0.528431
0.527554
0.528574
0.527694
0.528717
0.527833
0.528860
0.527973
0.529003
0.528113
0.529146
0.528252
0.529289
0.528392
0.529432
0.528531
0.529574
0.528671
0.529717
0.528811
0.529859
0.528950
0.530001
0.529090
0.530144
0.529230
0.530286
0.529369
0.530428
0.529509
0.530570
0.529648
0.530712
0.529788
0.530854
0.529928
0.530996
0.530068
0.531137
0.530207
0.531279
0.530347
0.531420
0.530487
0.531562
0.530627
0.531703
0.530766
0.531844
0.530906
0.531985
0.531046
0.532126
0.531186
0.532267
0.531326
0.532408
0.531466
0.532549
0.531606
0.532689
0.531746
0.532830
0.531887
0.532970
0.532027
0.533110
0.532167
0.533251
0.532307
0.533391
0.532448
0.533531
0.532588
0.533671
0.532729
0.533810
0.532869
0.533950
0.533010
0.534090
0.533151
0.534229
0.533292
0.534368
0.533433
0.534508
0.533574
0.534647
0.533715
0.534786
0.533856
0.534924
0.533997
0.535063
0.534138
0.535202
0.534280
0.535340
0.534421
0.535479
0.534563
0.535617
0.534704
0.535755
0.534846
0.535893
0.534988
0.536031
0.535130
0.536169
0.535272
0.536307
0.535414
0.536444
0.535556
0.536582
0.535699
0.536719
0.535841
0.536857
0.535984
0.536994
0.536126
0.537131
0.536269
0.537267
0.536412
0.537404
0.536555
0.537541
0.536698
0.537677
0.536842
0.537814
0.536985
0.537950
0.537128
0.538086
0.537272
0.538222
0.537416
0.538358
0.537559
0.538494
0.537703
0.538629
0.538629
0.537847
0.538765
0.537992
0.538900
0.538136
0.539035
0.538280
0.539170
0.538425
0.539305
0.538569
0.539440
0.538714
0.539575
0.538859
0.539709
0.539004
0.539844
0.539149
0.539978
0.539294
0.540112
0.539439
0.540246
0.539585
0.540380
0.539730
0.540514
0.539876
0.540647
0.540022
0.540780
0.540167
0.540914
0.540313
0.541047
0.540460
0.541179
0.540606
0.541312
0.540752
0.541444
0.540899
0.541576
0.541046
0.541708
0.541192
0.541840
0.541339
0.541972
0.541487
0.542103
0.541634
0.542234
0.541782
0.542365
0.541929
0.542495
0.542077
0.542625
0.542226
0.542755
0.542374
0.542884
0.542523
0.543013
0.542672
0.543141
0.542821
0.543269
0.542971
0.543396
0.543121
0.543522
0.543272
0.543647
0.543423
0.543772
0.543575
0.543895
0.543726
0.544017
0.543879
0.544138
0.544031
0.544258
0.544182
0.544376
0.544332
0.544493
0.544480
0.544610
0.544623
0.544727
0.544761
0.544845
0.544892
0.544963
0.545017
0.545080
0.545137
0.545195
0.545252
0.545308
0.545363
0.545417
0.545471
0.545524
0.545576
0.545628
0.545679
0.545730
0.545780
0.545830
0.545880
0.545929
0.545979
0.546028
0.546078
0.546127
0.546176
0.546225
0.546275
0.546324
0.546373
0.546423
0.546472
0.546522
0.546571
0.546621
0.546671
0.546720
0.546770
0.546820
0.546871
0.546921
0.546971
0.547021
0.547072
0.547122
0.547173
0.547223
0.547274
0.547325
0.547376
0.547427
0.547478
0.547529
0.547580
0.547631
0.547682
0.547733
0.547784
0.547836
0.547887
0.547938
0.547990
0.548041
0.548093
0.548144
0.548196
0.548247
0.548299
0.548350
0.548402
0.548454
0.548505
0.548557
0.548609
0.548660
0.548712
0.548764
0.548815
0.548867
0.548919
0.548971
0.549022
0.549074
0.549126
0.549178
0.549230
0.549281
0.549333
0.549385
0.549437
0.549489
0.549541
0.549592
0.549644
0.549696
0.549748
0.549800
0.549852
0.549904
0.549955
0.550007
0.550059
0.550111
0.550163
0.550215
0.550267
0.550318
0.550370
0.550422
0.550474
0.550526
0.550578
0.550629
0.550681
0.550733
0.550785
0.550837
0.550889
0.550940
0.550992
0.551044
0.551096
0.551148
0.551199
0.551251
0.551303
0.551355
0.551407
0.551458
0.551510
0.551562
0.551613
0.551665
0.551717
0.551769
0.551820
0.551872
0.551924
0.551975
0.552027
0.552079
0.552130
0.552182
0.552233
0.552285
0.552337
0.552388
0.552440
0.552491
0.552543
0.552594
0.552646
0.552697
0.552749
0.552800
0.552852
0.552903
0.552954
0.553006
0.553057
0.553109
0.553160
0.553211
0.553263
0.553314
0.553365
0.553417
0.553468
0.553519
0.553570
0.553621
0.553673
0.553724
0.553775
0.553826
0.553877
0.553928
0.553979
0.554030
0.554081
0.554132
0.554183
0.554234
0.554285
0.554336
0.554387
0.554438
0.554489
0.554540
0.554591
0.554642
0.554692
0.554743
0.554794
0.554845
0.554895
0.554946
0.554997
0.555047
0.555098
0.555148
0.555199
0.555250
0.555300
0.555351
0.555401
0.555451
0.555502
0.555552
0.555603
0.555653
0.555703
0.555754
0.555804
0.555854
0.555904
0.555954
0.556005
0.556055
0.556105
0.556155
0.556205
0.556255
0.556305
0.556355
0.556405
0.556455
0.556505
0.556555
0.556604
0.556654
0.556704
0.556754
0.556804
0.556853
0.556903
0.556953
0.557002
0.557052
0.557101
0.557151
0.557200
0.557250
0.557299
0.557349
0.557398
0.557447
0.557497
0.557546
0.557595
0.557644
0.557693
0.557743
0.557792
0.557841
0.557890
0.557939
0.557988
0.558037
0.558086
0.558135
0.558183
0.558232
0.558281
0.558330
0.558378
0.558427
0.558476
0.558524
0.558573
0.558622
0.558670
0.558719
0.558767
0.558815
0.558864
0.558912
0.558961
0.559009
0.559057
0.559105
0.559153
0.559202
0.559250
0.559298
0.559346
0.559394
0.559442
0.559490
0.559538
0.559585
0.559633
0.559681
0.559729
0.559776
0.559824
0.559872
0.559919
0.559967
0.560014
0.560062
0.560109
0.560157
0.560204
0.560252
0.560299
0.560346
0.560393
0.560441
0.560488
0.560535
0.560582
0.560629
0.560676
0.560723
0.560770
0.560817
0.560864
0.560910
0.560957
0.561004
0.561051
0.561097
0.561144
0.561191
0.561237
0.561284
0.561330
0.561376
0.561423
0.561469
0.561515
0.561562
0.561608
0.561654
0.561700
0.561746
0.561793
0.561839
0.561885
0.561931
0.561976
0.562022
0.562068
0.562114
0.562160
0.562205
0.562251
0.562297
0.562342
0.562388
0.562433
0.562479
0.562524
0.562570
0.562615
0.562660
0.562706
0.562751
0.562796
0.562841
0.562886
0.562931
0.562976
0.563021
0.563066
0.563111
0.563156
0.563201
0.563246
0.563290
0.563335
0.563380
0.563424
0.563469
0.563514
0.563558
0.563602
0.563647
0.563691
0.563736
0.563780
0.563824
0.563868
0.563912
0.563957
0.564001
0.564045
0.564089
0.564133
0.564177
0.564220
0.564264
0.564308
0.564352
0.564396
0.564439
0.564483
0.564526
0.564570
0.564613
0.564657
0.564700
0.564744
0.564744
0.564787
0.564830
0.564874
0.564917
0.564960
0.565003
0.565046
0.565089
0.565132
0.565175
0.565218
0.565261
0.565304
0.565346
0.565389
0.565432
0.565475
0.565517
0.565560
0.565602
0.565645
0.565687
0.565730
0.565772
0.565814
0.565857
0.565899
0.565941
0.565983
0.566025
0.566067
0.566109
0.566151
0.566193
0.566235
0.566277
0.566319
0.566361
0.566402
0.566444
0.566486
0.566527
0.566569
0.566610
0.566652
0.566693
0.566735
0.566776
0.566817
0.566859
0.566900
0.566941
0.566982
0.567023
0.567065
0.567106
0.567147
0.567187
0.567228
0.567269
0.567310
0.567351
0.567392
0.567432
0.567473
0.567513
0.567554
0.567595
0.567635
0.567676
0.567716
0.567756
0.567797
0.567837
0.567877
0.567917
0.567957
0.567998
0.568038
0.568078
0.568118
0.568158
0.568197
0.568237
0.568277
0.568317
0.568357
0.568396
0.568436
0.568476
0.568515
0.568555
0.568594
0.568634
0.568673
0.568713
0.568752
0.568791
0.568830
0.568870
0.568909
0.568948
0.568987
0.569026
0.569065
0.569104
0.569143
0.569182
0.569221
0.569260
0.569298
0.569337
0.569376
0.569414
0.569453
0.569492
0.569530
0.569569
0.569607
0.569645
0.569684
0.569722
0.569760
0.569799
0.569837
0.569875
0.569913
0.569951
0.569989
0.570027
0.570065
0.570103
0.570141
0.570179
0.570217
0.570255
0.570292
0.570330
0.570368
0.570405
0.570443
0.570480
0.570518
0.570555
0.570593
0.570630
0.570667
0.570705
0.570742
0.570779
0.570816
0.570854
0.570891
0.570928
0.570965
0.571002
0.571039
0.571076
0.571113
0.571149
0.571186
0.571223
0.571260
0.571296
0.571333
0.571370
0.571406
0.571443
0.571479
0.571516
0.571552
0.571589
0.571625
0.571661
0.571698
0.571734
0.571770
0.571806
0.571842
0.571878
0.571915
0.571951
0.571987
0.572022
0.572058
0.572094
0.572130
0.572166
0.572202
0.572237
0.572273
0.572309
0.572344
0.572380
0.572415
0.572451
0.572486
0.572522
0.572557
0.572593
0.572628
0.572663
0.572699
0.572734
0.572769
0.572804
0.572839
0.572874
0.572909
0.572944
0.572979
0.573014
0.573049
0.573084
0.573119
0.573154
0.573188
0.573223
0.573258
0.573292
0.573327
0.573362
0.573396
0.573431
0.573465
0.573500
0.573534
0.573569
0.573603
0.573637
0.573671
0.573706
0.573740
0.573774
0.573808
0.573842
0.573876
0.573910
0.573944
0.573978
0.574012
0.574046
0.574080
0.574114
0.574148
0.574182
0.574215
0.574249
0.574283
0.574316
0.574350
0.574383
0.574417
0.574451
0.574484
0.574517
0.574551
0.574584
0.574618
0.574651
0.574684
0.574717
0.574751
0.574784
0.574817
0.574850
0.574883
0.574916
0.574949
0.574982
0.575015
0.575048
0.575081
0.575114
0.575147
0.575180
0.575212
0.575245
0.575278
0.575310
0.575343
0.575376
0.575408
0.575441
0.575473
0.575506
0.575538
0.575571
0.575603
0.575636
0.575668
0.575700
0.575732
0.575765
0.575797
0.575829
0.575861
0.575893
0.575925
0.575958
0.575990
0.576022
0.576054
0.576085
0.576117
0.576149
0.576181
0.576213
0.576245
0.576277
0.576308
0.576340
0.576372
0.576403
0.576435
0.576467
0.576498
0.576530
0.576561
0.576593
0.576624
0.576656
0.576687
0.576718
0.576750
0.576781
0.576812
0.576843
0.576875
0.576906
0.576937
0.576968
0.576999
0.577030
0.577061
0.577092
0.577123
0.577154
0.577185
0.577216
0.577247
0.577278
0.577309
0.577340
0.577371
0.577401
0.577432
0.577463
0.577493
0.577524
0.577555
0.577585
0.577616
0.577646
0.577677
0.577707
0.577738
0.577768
0.577799
0.577829
0.577859
0.577890
0.577920
0.577950
0.577981
0.578011
0.578041
0.578071
0.578101
0.578131
0.578162
0.578192
0.578222
0.578252
0.578282
0.578312
0.578342
0.578372
0.578401
0.578431
0.578461
0.578491
0.578521
0.578551
0.578580
0.578610
0.578640
0.578669
0.578699
0.578729
0.578758
0.578788
0.578817
0.578847
0.578876
0.578906
0.578935
0.578965
0.578994
0.579024
0.579053
0.579082
0.579112
0.579141
0.579170
0.579199
0.579229
0.579258
0.579287
0.579316
0.579345
0.579374
0.579403
0.579433
0.579462
0.579491
0.579520
0.579549
0.579577
0.579606
0.579635
0.579664
0.579693
0.579722
0.579751
0.579779
0.579808
0.579837
0.579866
0.579894
0.579923
0.579952
0.579980
0.580009
0.580038
0.580066
0.580095
0.580123
0.580152
0.580180
0.580209
0.580237
0.580265
0.580294
0.580322
0.580351
0.580379
0.580407
0.580435
0.580464
0.580492
0.580520
0.580548
0.580577
0.580605
0.580633
0.580661
0.580689
0.580717
0.580745
0.580773
0.580801
0.580829
0.580857
0.580885
0.580913
0.580941
0.580969
0.580997
0.581025
0.581053
0.581080
0.581108
0.581136
0.581164
0.581192
0.581219
0.581247
0.581275
0.581302
0.581330
0.581358
0.581385
0.581413
0.581440
0.581468
0.581495
0.581523
0.581550
0.581578
0.581605
0.581633
0.581660
0.581688
0.581715
0.581742
0.581770
0.581797
0.581824
0.581824
0.581852
0.581879
0.581906
0.581933
0.581961
0.581988
0.582015
0.582042
0.582069
0.582096
0.582123
0.582151
0.582178
0.582205
0.582232
0.582259
0.582286
0.582313
0.582340
0.582367
0.582394
0.582420
0.582447
0.582474
0.582501
0.582528
0.582555
0.582582
0.582608
0.582635
0.582662
0.582689
0.582715
0.582742
0.582769
0.582795
0.582822
0.582849
0.582875
0.582902
0.582929
0.582955
0.582982
0.583008
0.583035
0.583061
0.583088
0.583114
0.583141
0.583167
0.583194
0.583220
0.583246
0.583273
0.583299
0.583326
0.583352
0.583378
0.583404
0.583431
0.583457
0.583483
0.583510
0.583536
0.583562
0.583588
0.583614
0.583641
0.583667
0.583693
0.583719
0.583745
0.583771
0.583797
0.583823
0.583849
0.583875
0.583901
0.583927
0.583953
0.583979
0.584005
0.584031
0.584057
0.584083
0.584109
0.584135
0.584161
0.584187
0.584212
0.584238
0.584264
0.584290
0.584316
0.584341
0.584367
0.584393
0.584419
0.584444
0.584470
0.584496
0.584521
0.584547
0.584573
0.584598
0.584624
0.584650
0.584675
0.584701
0.584726
0.584752
0.584777
0.584803
0.584828
0.584854
0.584879
0.584905
0.584930
0.584956
0.584981
0.585007
0.585032
0.585057
0.585083
0.585108
0.585133
0.585159
0.585184
0.585209
0.585235
0.585260
0.585285
0.585311
0.585336
0.585361
0.585386
0.585411
0.585437
0.585462
0.585487
0.585512
0.585537
0.585562
0.585588
0.585613
0.585638
0.585663
0.585688
0.585713
0.585738
0.585763
0.585788
0.585813
0.585838
0.585863
0.585888
0.585913
0.585938
0.585963
0.585988
0.586013
0.586038
0.586063
0.586088
0.586112
0.586137
0.586162
0.586187
0.586212
0.586237
0.586261
0.586286
0.586311
0.586336
0.586361
0.586385
0.586410
0.586435
0.586459
0.586484
0.586509
0.586534
0.586558
0.586583
0.586607
0.586632
0.586657
0.586681
0.586706
0.586731
0.586755
0.586780
0.586804
0.586829
0.586853
0.586878
0.586902
0.586927
0.586951
0.586976
0.587000
0.587025
0.587049
0.587074
0.587098
0.587123
0.587147
0.587171
0.587196
0.587220
0.587244
0.587269
0.587293
0.587318
0.587342
0.587366
0.587390
0.587415
0.587439
0.587463
0.587488
0.587512
0.587536
0.587560
0.587585
0.587609
0.587633
0.587657
0.587681
0.587706
0.587730
0.587754
0.587778
0.587802
0.587826
0.587850
0.587875
0.587899
0.587923
0.587947
0.587971
0.587995
0.588019
0.588043
0.588067
0.588091
0.588115
0.588139
0.588163
0.588187
0.588211
0.588235
0.588259
0.588283
0.588307
0.588331
0.588355
0.588379
0.588403
0.588426
0.588450
0.588474
0.588498
0.588522
0.588546
0.588570
0.588593
0.588617
0.588641
0.588665
0.588689
0.588713
0.588736
0.588760
0.588784
0.588808
0.588831
0.588855
0.588879
0.588902
0.588926
0.588950
0.588974
0.588997
0.589021
0.589045
0.589068
0.589092
0.589116
0.589139
0.589163
0.589186
0.589210
0.589234
0.589257
0.589281
0.589304
0.589328
0.589351
0.589375
0.589399
0.589422
0.589446
0.589469
0.589493
0.589516
0.589540
0.589563
0.589587
0.589610
0.589633
0.589657
0.589680
0.589704
0.589727
0.589751
0.589774
0.589797
0.589821
0.589844
0.589868
0.589891
0.589914
0.589938
0.589961
0.589984
0.590008
0.590031
0.590054
0.590078
0.590101
0.590124
0.590147
0.590171
0.590194
0.590217
0.590241
0.590264
0.590287
0.590310
0.590333
0.590357
0.590380
0.590403
0.590426
0.590449
0.590473
0.590496
0.590519
0.590542
0.590565
0.590588
0.590611
0.590635
0.590658
0.590681
0.590704
0.590727
0.590750
0.590773
0.590796
0.590819
0.590842
0.590865
0.590888
0.590911
0.590935
0.590958
0.590981
0.591004
0.591027
0.591050
0.591073
0.591095
0.591118
0.591141
0.591164
0.591187
0.591210
0.591233
0.591256
0.591279
0.591302
0.591325
0.591348
0.591371
0.591394
0.591416
0.591439
0.591462
0.591485
0.591508
0.591531
0.591553
0.591576
0.591599
0.591622
0.591645
0.591668
0.591690
0.591713
0.591736
0.591759
0.591781
0.591804
0.591827
0.591850
0.591872
0.591895
0.591918
0.591941
0.591963
0.591986
0.592009
0.592031
0.592054
0.592077
0.592099
0.592122
0.592145
0.592167
0.592190
0.592213
0.592235
0.592258
0.592281
0.592303
0.592326
0.592348
0.592371
0.592394
0.592416
0.592439
0.592461
0.592484
0.592506
0.592529
0.592551
0.592574
0.592596
0.592619
0.592641
0.592664
0.592686
0.592709
0.592731
0.592754
0.592776
0.592799
0.592821
0.592844
0.592866
0.592889
0.592911
0.592934
0.592956
0.592978
0.593001
0.593023
0.593046
0.593068
0.593090
0.593113
0.593135
0.593157
0.593180
0.593202
0.593225
0.593247
0.593269
0.593292
0.593314
0.593336
0.593358
0.593381
0.593403
0.593425
0.593448
0.593470
0.593492
0.593514
0.593537
0.593559
0.593581
0.593603
0.593626
0.593648
0.593670
0.593692
0.593715
0.593737
0.593759
0.593781
0.593803
0.593826
0.593848
0.593870
0.593892
0.593914
0.593914
0.593936
0.593959
0.593981
0.594003
0.594025
0.594047
0.594069
0.594091
0.594113
0.594136
0.594158
0.594180
0.594202
0.594224
0.594246
0.594268
0.594290
0.594312
0.594334
0.594356
0.594378
0.594400
0.594422
0.594444
0.594466
0.594488
0.594510
0.594532
0.594554
0.594576
0.594598
0.594620
0.594642
0.594664
0.594686
0.594708
0.594730
0.594752
0.594774
0.594796
0.594818
0.594840
0.594862
0.594884
0.594905
0.594927
0.594949
0.594971
0.594993
0.595015
0.595037
0.595059
0.595080
0.595102
0.595124
0.595146
0.595168
0.595190
0.595211
0.595233
0.595255
0.595277
0.595299
0.595321
0.595342
0.595364
0.595386
0.595408
0.595429
0.595451
0.595473
0.595495
0.595516
0.595538
0.595560
0.595582
0.595603
0.595625
0.595647
0.595669
0.595690
0.595712
0.595734
0.595755
0.595777
0.595799
0.595820
0.595842
0.595864
0.595886
0.595907
0.595929
0.595950
0.595972
0.595994
0.596015
0.596037
0.596059
0.596080
0.596102
0.596124
0.596145
0.596167
0.596188
0.596210
0.596232
0.596253
0.596275
0.596296
0.596318
0.596339
0.596361
0.596382
0.596404
0.596426
0.596447
0.596469
0.596490
0.596512
0.596533
0.596555
0.596576
0.596598
0.596619
0.596641
0.596662
0.596684
0.596705
0.596727
0.596748
0.596770
0.596791
0.596813
0.596834
0.596856
0.596877
0.596898
0.596920
0.596941
0.596963
0.596984
0.597006
0.597027
0.597048
0.597070
0.597091
0.597113
0.597134
0.597155
0.597177
0.597198
0.597220
0.597241
0.597262
0.597284
0.597305
0.597326
0.597348
0.597369
0.597391
0.597412
0.597433
0.597455
0.597476
0.597497
0.597519
0.597540
0.597561
0.597583
0.597604
0.597625
0.597647
0.597668
0.597690
0.597711
0.597734
0.597756
0.597780
0.597805
0.597834
0.597870
0.597923
0.598019
0.598201
0.598218
0.597823
0.597456
0.597231
0.597099
0.597009
0.596937
0.596878
0.596833
0.596805
0.596793
0.596796
0.596809
0.596830
0.596857
0.596887
0.596919
0.596952
0.596986
0.597021
0.597056
0.597092
0.597128
0.597166
0.597203
0.597241
0.597280
0.597319
0.597359
0.597398
0.597438
0.597477
0.597517
0.597556
0.597594
0.597632
0.597670
0.597707
0.597744
0.597780
0.597816
0.597851
0.597885
0.597919
0.597953
0.597986
0.598018
0.598050
0.598082
0.598113
0.598144
0.598175
0.598205
0.598234
0.598264
0.598293
0.598322
0.598350
0.598378
0.598406
0.598433
0.598461
0.598488
0.598514
0.598540
0.598567
0.598592
0.598618
0.598643
0.598668
0.598693
0.598718
0.598742
0.598766
0.598790
0.598814
0.598837
0.598860
0.598884
0.598906
0.598929
0.598952
0.598974
0.598996
0.599018
0.599040
0.599061
0.599083
0.599104
0.599125
0.599146
0.599167
0.599188
0.599208
0.599229
0.599249
0.599269
0.599289
0.599309
0.599329
0.599349
0.599369
0.599388
0.599408
0.599427
0.599446
0.599466
0.599485
0.599504
0.599523
0.599542
0.599561
0.599580
0.599598
0.599617
0.599636
0.599654
0.599673
0.599691
0.599710
0.599728
0.599746
0.599765
0.599783
0.599801
0.599819
0.599837
0.599855
0.599873
0.599891
0.599909
0.599927
0.599945
0.599963
0.599980
0.599998
0.600016
0.600034
0.600051
0.600069
0.600086
0.600104
0.600121
0.600139
0.600156
0.600174
0.600191
0.600208
0.600226
0.600243
0.600260
0.600277
0.600294
0.600311
0.600329
0.600346
0.600363
0.600380
0.600397
0.600414
0.600430
0.600447
0.600464
0.600481
0.600498
0.600514
0.600531
0.600548
0.600564
0.600581
0.600598
0.600614
0.600631
0.600647
0.600664
0.600680
0.600696
0.600713
0.600729
0.600745
0.600762
0.600778
0.600794
0.600810
0.600826
0.600843
0.600859
0.600875
0.600891
0.600907
0.600923
0.600939
0.600955
0.600970
0.600986
0.601002
0.601018
0.601034
0.601049
0.601065
0.601081
0.601096
0.601112
0.601128
0.601143
0.601159
0.601174
0.601190
0.601205
0.601221
0.601236
0.601251
0.601267
0.601282
0.601297
0.601313
0.601328
0.601343
0.601358
0.601374
0.601389
0.601404
0.601419
0.601434
0.601449
0.601464
0.601479
0.601494
0.601509
0.601524
0.601539
0.601554
0.601569
0.601584
0.601598
0.601613
0.601628
0.601643
0.601657
0.601672
0.601687
0.601701
0.601716
0.601731
0.601745
0.601760
0.601774
0.601789
0.601803
0.601818
0.601832
0.601847
0.601861
0.601875
0.601890
0.601904
0.601919
0.601933
0.601947
0.601961
0.601976
0.601990
0.602004
0.602018
0.602032
0.602046
0.602061
0.602075
0.602089
0.602103
0.602117
0.602131
0.602145
0.602159
0.602173
0.602187
0.602201
0.602214
0.602228
0.602242
0.602256
0.602270
0.602284
0.602297
0.602311
0.602325
0.602338
0.602352
0.602366
0.602380
0.602393
0.602407
0.602420
0.602434
0.602448
0.602461
0.602475
0.602488
0.602502
0.602515
0.602528
0.602542
0.602555
0.602569
0.602582
0.602595
0.602609
0.602622
0.602635
0.602649
0.602662
0.602675
0.602688
0.602702
0.602715
0.602715
0.602728
0.602741
0.602754
0.602768
0.602781
0.602794
0.602807
0.602820
0.602833
0.602846
0.602859
0.602872
0.602885
0.602898
0.602911
0.602924
0.602937
0.602950
0.602963
0.602975
0.602988
0.603001
0.603014
0.603027
0.603040
0.603052
0.603065
0.603078
0.603091
0.603103
0.603116
0.603129
0.603141
0.603154
0.603167
0.603179
0.603192
0.603204
0.603217
0.603230
0.603242
0.603255
0.603267
0.603280
0.603292
0.603305
0.603317
0.603329
0.603342
0.603354
0.603367
0.603379
0.603391
0.603404
0.603416
0.603429
0.603441
0.603453
0.603465
0.603478
0.603490
0.603502
0.603514
0.603527
0.603539
0.603551
0.603563
0.603575
0.603588
0.603600
0.603612
0.603624
0.603636
0.603648
0.603660
0.603672
0.603684
0.603696
0.603708
0.603720
0.603732
0.603744
0.603756
0.603768
0.603780
0.603792
0.603804
0.603816
0.603828
0.603840
0.603852
0.603864
0.603876
0.603887
0.603899
0.603911
0.603923
0.603935
0.603946
0.603958
0.603970
0.603982
0.603993
0.604005
0.604017
0.604029
0.604040
0.604052
0.604064
0.604075
0.604087
0.604099
0.604110
0.604122
0.604133
0.604145
0.604157
0.604168
0.604180
0.604191
0.604203
0.604214
0.604226
0.604237
0.604249
0.604260
0.604272
0.604283
0.604295
0.604306
0.604318
0.604329
0.604341
0.604352
0.604363
0.604375
0.604386
0.604398
0.604409
0.604420
0.604432
0.604443
0.604454
0.604466
0.604477
0.604488
0.604500
0.604511
0.604522
0.604533
0.604545
0.604556
0.604567
0.604578
0.604590
0.604601
0.604612
0.604623
0.604634
0.604646
0.604657
0.604668
0.604679
0.604690
0.604701
0.604712
0.604724
0.604735
0.604746
0.604757
0.604768
0.604779
0.604790
0.604801
0.604812
0.604823
0.604834
0.604845
0.604856
0.604867
0.604878
0.604889
0.604900
0.604911
0.604922
0.604933
0.604944
0.604955
0.604966
0.604977
0.604988
0.604999
0.605010
0.605021
0.605032
0.605043
0.605054
0.605064
0.605075
0.605086
0.605097
0.605108
0.605119
0.605130
0.605140
0.605151
0.605162
0.605173
0.605184
0.605194
0.605205
0.605216
0.605227
0.605238
0.605248
0.605259
0.605270
0.605281
0.605291
0.605302
0.605313
0.605324
0.605334
0.605345
0.605356
0.605366
0.605377
0.605388
0.605399
0.605409
0.605420
0.605431
0.605441
0.605452
0.605463
0.605473
0.605484
0.605495
0.605505
0.605516
0.605526
0.605537
0.605548
0.605558
0.605569
0.605579
0.605590
0.605601
0.605611
0.605622
0.605632
0.605643
0.605653
0.605664
0.605675
0.605685
0.605696
0.605706
0.605717
0.605727
0.605738
0.605748
0.605759
0.605769
0.605780
0.605790
0.605801
0.605811
0.605822
0.605832
0.605843
0.605853
0.605864
0.605874
0.605885
0.605895
0.605906
0.605916
0.605926
0.605937
0.605947
0.605958
0.605968
0.605979
0.605989
0.605999
0.606010
0.606020
0.606031
0.606041
0.606051
0.606062
0.606072
0.606083
0.606093
0.606103
0.606114
0.606124
0.606134
0.606145
0.606155
0.606166
0.606176
0.606186
0.606197
0.606207
0.606217
0.606228
0.606238
0.606248
0.606259
0.606269
0.606279
0.606289
0.606300
0.606310
0.606320
0.606331
0.606341
0.606351
0.606362
0.606372
0.606382
0.606392
0.606403
0.606413
0.606423
0.606433
0.606444
0.606454
0.606464
0.606475
0.606485
0.606495
0.606505
0.606516
0.606526
0.606536
0.606546
0.606556
0.606567
0.606577
0.606587
0.606597
0.606608
0.606618
0.606628
0.606638
0.606648
0.606659
0.606669
0.606679
0.606689
0.606699
0.606710
0.606720
0.606730
0.606740
0.606750
0.606761
0.606771
0.606781
0.606791
0.606801
0.606811
0.606822
0.606832
0.606842
0.606852
0.606862
0.606872
0.606882
0.606893
0.606903
0.606913
0.606923
0.606933
0.606943
0.606953
0.606964
0.606974
0.606984
0.606994
0.607004
0.607014
0.607024
0.607034
0.607044
0.607055
0.607065
0.607075
0.607085
0.607095
0.607105
0.607115
0.607125
0.607135
0.607145
0.607156
0.607166
0.607176
0.607186
0.607196
0.607206
0.607216
0.607226
0.607236
0.607246
0.607256
0.607266
0.607276
0.607287
0.607297
0.607307
0.607317
0.607327
0.607337
0.607347
0.607357
0.607367
0.607377
0.607387
0.607397
0.607407
0.607417
0.607427
0.607437
0.607447
0.607457
0.607467
0.607477
0.607487
0.607497
0.607507
0.607517
0.607527
0.607537
0.607547
0.607557
0.607568
0.607578
0.607588
0.607598
0.607608
0.607618
0.607628
0.607638
0.607648
0.607658
0.607668
0.607678
0.607687
0.607697
0.607707
0.607717
0.607727
0.607737
0.607747
0.607757
0.607767
0.607777
0.607787
0.607797
0.607807
0.607817
0.607827
0.607837
0.607847
0.607857
0.607867
0.607877
0.607887
0.607897
0.607907
0.607917
0.607927
0.607937
0.607947
0.607957
0.607967
0.607977
0.607986
0.607996
0.608006
0.608016
0.608026
0.608036
0.608046
0.608056
0.608066
0.608076
0.608086
0.608096
0.608106
0.608116
0.608126
0.608135
0.608145
0.608155
0.608155
0.608165
0.608175
0.608185
0.608195
0.608205
0.608215
0.608225
0.608235
0.608244
0.608254
0.608264
0.608274
0.608284
0.608294
0.608304
0.608314
0.608324
0.608334
0.608343
0.608353
0.608363
0.608373
0.608383
0.608393
0.608403
0.608413
0.608423
0.608432
0.608442
0.608452
0.608462
0.608472
0.608482
0.608492
0.608502
0.608511
0.608521
0.608531
0.608541
0.608551
0.608561
0.608571
0.608580
0.608590
0.608600
0.608610
0.608620
0.608630
0.608640
0.608649
0.608659
0.608669
0.608679
0.608689
0.608699
0.608708
0.608718
0.608728
0.608738
0.608748
0.608758
0.608768
0.608777
0.608787
0.608797
0.608807
0.608817
0.608827
0.608836
0.608846
0.608856
0.608866
0.608876
0.608885
0.608895
0.608905
0.608915
0.608925
0.608935
0.608944
0.608954
0.608964
0.608974
0.608984
0.608993
0.609003
0.609013
0.609023
0.609033
0.609042
0.609052
0.609062
0.609072
0.609082
0.609091
0.609101
0.609111
0.609121
0.609131
0.609140
0.609150
0.609160
0.609170
0.609180
0.609189
0.609199
0.609209
0.609219
0.609228
0.609238
0.609248
0.609258
0.609268
0.609277
0.609287
0.609297
0.609307
0.609316
0.609326
0.609336
0.609346
0.609356
0.609365
0.609375
0.609385
0.609395
0.609404
0.609414
0.609424
0.609434
0.609443
0.609453
0.609463
0.609473
0.609482
0.609492
0.609502
0.609512
0.609521
0.609531
0.609541
0.609551
0.609560
0.609570
0.609580
0.609590
0.609599
0.609609
0.609619
0.609629
0.609638
0.609648
0.609658
0.609668
0.609677
0.609687
0.609697
0.609706
0.609716
0.609726
0.609736
0.609745
0.609755
0.609765
0.609775
0.609784
0.609794
0.609804
0.609813
0.609823
0.609833
0.609843
0.609852
0.609862
0.609872
0.609881
0.609891
0.609901
0.609911
0.609920
0.609930
0.609940
0.609949
0.609959
0.609969
0.609979
0.609988
0.609998
0.610008
0.610017
0.610027
0.610037
0.610046
0.610056
0.610066
0.610076
0.610085
0.610095
0.610105
0.610114
0.610124
0.610134
0.610143
0.610153
0.610163
0.610172
0.610182
0.610192
0.610202
0.610211
0.610221
0.610231
0.610240
0.610250
0.610260
0.610269
0.610279
0.610289
0.610298
0.610308
0.610318
0.610327
0.610337
0.610347
0.610356
0.610366
0.610376
0.610385
0.610395
0.610405
0.610415
0.610424
0.610434
0.610444
0.610453
0.610463
0.610473
0.610482
0.610492
0.610502
0.610511
0.610521
0.610531
0.610540
0.610550
0.610560
0.610569
0.610579
0.610589
0.610598
0.610608
0.610617
0.610627
0.610637
0.610646
0.610656
0.610666
0.610675
0.610685
0.610695
0.610704
0.610714
0.610724
0.610733
0.610743
0.610753
0.610762
0.610772
0.610782
0.610791
0.610801
0.610811
0.610820
0.610830
0.610840
0.610849
0.610859
0.610868
0.610878
0.610888
0.610897
0.610907
0.610917
0.610926
0.610936
0.610946
0.610955
0.610965
0.610975
0.610984
0.610994
0.611003
0.611013
0.611023
0.611032
0.611042
0.611052
0.611061
0.611071
0.611081
0.611090
0.611100
0.611109
0.611119
0.611129
0.611138
0.611148
0.611158
0.611167
0.611177
0.611187
0.611196
0.611206
0.611215
0.611225
0.611235
0.611244
0.611254
0.611264
0.611273
0.611283
0.611293
0.611302
0.611312
0.611321
0.611331
0.611341
0.611350
0.611360
0.611370
0.611379
0.611389
0.611398
0.611408
0.611418
0.611427
0.611437
0.611447
0.611456
0.611466
0.611475
0.611485
0.611495
0.611504
0.611514
0.611524
0.611533
0.611543
0.611553
0.611562
0.611572
0.611581
0.611591
0.611601
0.611610
0.611620
0.611630
0.611639
0.611649
0.611658
0.611668
0.611678
0.611687
0.611697
0.611707
0.611716
0.611726
0.611735
0.611745
0.611755
0.611764
0.611774
0.611784
0.611793
0.611803
0.611812
0.611822
0.611832
0.611841
0.611851
0.611861
0.611870
0.611880
0.611889
0.611899
0.611909
0.611918
0.611928
0.611938
0.611947
0.611957
0.611966
0.611976
0.611986
0.611995
0.612005
0.612015
0.612024
0.612034
0.612043
0.612053
0.612063
0.612072
0.612082
0.612092
0.612101
0.612111
0.612120
0.612130
0.612140
0.612149
0.612159
0.612169
0.612178
0.612188
0.612197
0.612207
0.612217
0.612226
0.612236
0.612246
0.612255
0.612265
0.612274
0.612284
0.612294
0.612303
0.612313
0.612323
0.612332
0.612342
0.612351
0.612361
0.612371
0.612380
0.612390
0.612400
0.612409
0.612419
0.612429
0.612438
0.612448
0.612457
0.612467
0.612477
0.612486
0.612496
0.612506
0.612515
0.612525
0.612535
0.612544
0.612554
0.612563
0.612573
0.612583
0.612592
0.612602
0.612612
0.612621
0.612631
0.612641
0.612650
0.612660
0.612669
0.612679
0.612689
0.612698
0.612708
0.612718
0.612727
0.612737
0.612747
0.612756
0.612766
0.612775
0.612785
0.612795
0.612804
0.612814
0.612824
0.612833
0.612843
0.612853
0.612862
0.612872
0.612882
0.612891
0.612901
0.612911
0.612920
0.612930
0.612939
0.612949
0.612959
0.612968
0.612978
0.612988
0.612997
0.612997
0.613007
0.613017
0.613026
0.613036
0.613046
0.613055
0.613065
0.613075
0.613084
0.613094
0.613104
0.613113
0.613123
0.613133
0.613142
0.613152
0.613162
0.613171
0.613181
0.613190
0.613200
0.613210
0.613219
0.613229
0.613239
0.613248
0.613258
0.613268
0.613277
0.613287
0.613297
0.613306
0.613316
0.613326
0.613335
0.613345
0.613355
0.613364
0.613374
0.613384
0.613393
0.613403
0.613413
0.613422
0.613432
0.613442
0.613452
0.613461
0.613471
0.613481
0.613490
0.613500
0.613510
0.613519
0.613529
0.613539
0.613548
0.613558
0.613568
0.613577
0.613587
0.613597
0.613606
0.613616
0.613626
0.613635
0.613645
0.613655
0.613664
0.613674
0.613684
0.613694
0.613703
0.613713
0.613723
0.613732
0.613742
0.613752
0.613761
0.613771
0.613781
0.613790
0.613800
0.613810
0.613820
0.613829
0.613839
0.613849
0.613858
0.613868
0.613878
0.613887
0.613897
0.613907
0.613917
0.613926
0.613936
0.613946
0.613955
0.613965
0.613975
0.613984
0.613994
0.614004
0.614014
0.614023
0.614033
0.614043
0.614052
0.614062
0.614072
0.614082
0.614091
0.614101
0.614111
0.614120
0.614130
0.614140
0.614150
0.614159
0.614169
0.614179
0.614188
0.614198
0.614208
0.614218
0.614227
0.614237
0.614247
0.614257
0.614266
0.614276
0.614286
0.614295
0.614305
0.614315
0.614325
0.614334
0.614344
0.614354
0.614364
0.614373
0.614383
0.614393
0.614402
0.614412
0.614422
0.614432
0.614441
0.614451
0.614461
0.614471
0.614480
0.614490
0.614500
0.614510
0.614519
0.614529
0.614539
0.614549
0.614558
0.614568
0.614578
0.614588
0.614597
0.614607
0.614617
0.614627
0.614636
0.614646
0.614656
0.614666
0.614675
0.614685
0.614695
0.614705
0.614714
0.614724
0.614734
0.614744
0.614753
0.614763
0.614773
0.614783
0.614792
0.614802
0.614812
0.614822
0.614831
0.614841
0.614851
0.614861
0.614871
0.614880
0.614890
0.614900
0.614910
0.614919
0.614929
0.614939
0.614949
0.614958
0.614968
0.614978
0.614988
0.614998
0.615007
0.615017
0.615027
0.615037
0.615046
0.615056
0.615066
0.615076
0.615086
0.615095
0.615105
0.615115
0.615125
0.615135
0.615144
0.615154
0.615164
0.615174
0.615183
0.615193
0.615203
0.615213
0.615223
0.615232
0.615242
0.615252
0.615262
0.615272
0.615281
0.615291
0.615301
0.615311
0.615321
0.615330
0.615340
0.615350
0.615360
0.615370
0.615379
0.615389
0.615399
0.615409
0.615419
0.615428
0.615438
0.615448
0.615458
0.615468
0.615478
0.615487
0.615497
0.615507
0.615517
0.615527
0.615536
0.615546
0.615556
0.615566
0.615576
0.615585
0.615595
0.615605
0.615615
0.615625
0.615635
0.615644
0.615654
0.615664
0.615674
0.615684
0.615694
0.615703
0.615713
0.615723
0.615733
0.615743
0.615753
0.615762
0.615772
0.615782
0.615792
0.615802
0.615812
0.615821
0.615831
0.615841
0.615851
0.615861
0.615871
0.615880
0.615890
0.615900
0.615910
0.615920
0.615930
0.615939
0.615949
0.615959
0.615969
0.615979
0.615989
0.615999
0.616008
0.616018
0.616028
0.616038
0.616048
0.616058
0.616068
0.616077
0.616087
0.616097
0.616107
0.616117
0.616127
0.616137
0.616146
0.616156
0.616166
0.616176
0.616186
0.616196
0.616206
0.616215
0.616225
0.616235
0.616245
0.616255
0.616265
0.616275
0.616284
0.616294
0.616304
0.616314
0.616324
0.616334
0.616344
0.616354
0.616363
0.616373
0.616383
0.616393
0.616403
0.616413
0.616423
0.616433
0.616442
0.616452
0.616462
0.616472
0.616482
0.616492
0.616502
0.616512
0.616522
0.616531
0.616541
0.616551
0.616561
0.616571
0.616581
0.616591
0.616601
0.616611
0.616620
0.616630
0.616640
0.616650
0.616660
0.616670
0.616680
0.616690
0.616700
0.616709
0.616719
0.616729
0.616739
0.616749
0.616759
0.616769
0.616779
0.616789
0.616799
0.616808
0.616818
0.616828
0.616838
0.616848
0.616858
0.616868
0.616878
0.616888
0.616898
0.616908
0.616917
0.616927
0.616937
0.616947
0.616957
0.616967
0.616977
0.616987
0.616997
0.617007
0.617017
0.617026
0.617036
0.617046
0.617056
0.617066
0.617076
0.617086
0.617096
0.617106
0.617116
0.617126
0.617136
0.617146
0.617155
0.617165
0.617175
0.617185
0.617195
0.617205
0.617215
0.617225
0.617235
0.617245
0.617255
0.617265
0.617275
0.617285
0.617294
0.617304
0.617314
0.617324
0.617334
0.617344
0.617354
0.617364
0.617374
0.617384
0.617394
0.617404
0.617414
0.617424
0.617434
0.617444
0.617453
0.617463
0.617473
0.617483
0.617493
0.617503
0.617513
0.617523
0.617533
0.617543
0.617553
0.617563
0.617573
0.617583
0.617593
0.617603
0.617613
0.617623
0.617632
0.617642
0.617652
0.617662
0.617672
0.617682
0.617692
0.617702
0.617712
0.617722
0.617732
0.617742
0.617752
0.617762
0.617772
0.617782
0.617792
0.617802
0.617812
0.617822
0.617832
0.617842
0.617852
0.617862
0.617871
0.617881
0.617891
0.617891
0.617901
0.617911
0.617921
0.617931
0.617941
0.617951
0.617961
0.617971
0.617981
0.617991
0.618001
0.618011
0.618021
0.618031
0.618041
0.618051
0.618061
0.618071
0.618081
0.618091
0.618101
0.618111
0.618121
0.618131
0.618141
0.618151
0.618161
0.618171
0.618181
0.618191
0.618201
0.618211
0.618221
0.618231
0.618240
0.618250
0.618260
0.618270
0.618280
0.618290
0.618300
0.618310
0.618320
0.618330
0.618340
0.618350
0.618360
0.618370
0.618380
0.618390
0.618400
0.618410
0.618420
0.618430
0.618440
0.618450
0.618460
0.618470
0.618480
0.618490
0.618500
0.618510
0.618520
0.618530
0.618540
0.618550
0.618560
0.618570
0.618580
0.618590
0.618600
0.618610
0.618620
0.618630
0.618640
0.618650
0.618660
0.618670
0.618680
0.618690
0.618700
0.618710
0.618720
0.618730
0.618740
0.618750
0.618760
0.618770
0.618780
0.618790
0.618800
0.618810
0.618820
0.618830
0.618840
0.618850
0.618860
0.618870
0.618880
0.618890
0.618900
0.618910
0.618920
0.618930
0.618940
0.618950
0.618960
0.618970
0.618980
0.618990
0.619000
0.619010
0.619020
0.619030
0.619040
0.619050
0.619060
0.619070
0.619080
0.619090
0.619100
0.619111
0.619121
0.619131
0.619141
0.619151
0.619161
0.619171
0.619181
0.619191
0.619201
0.619211
0.619221
0.619231
0.619241
0.619251
0.619261
0.619271
0.619281
0.619291
0.619301
0.619311
0.619321
0.619331
0.619341
0.619351
0.619361
0.619371
0.619381
0.619391
0.619401
0.619411
0.619421
0.619431
0.619441
0.619451
0.619461
0.619471
0.619481
0.619491
0.619501
0.619511
0.619521
0.619531
0.619541
0.619552
0.619562
0.619572
0.619582
0.619592
0.619602
0.619612
0.619622
0.619632
0.619642
0.619652
0.619662
0.619672
0.619682
0.619692
0.619702
0.619712
0.619722
0.619732
0.619742
0.619752
0.619762
0.619772
0.619782
0.619792
0.619802
0.619812
0.619822
0.619832
0.619842
0.619853
0.619863
0.619873
0.619883
0.619893
0.619903
0.619913
0.619923
0.619933
0.619943
0.619953
0.619963
0.619973
0.619983
0.619993
0.620003
0.620013
0.620023
0.620033
0.620043
0.620053
0.620063
0.620073
0.620083
0.620093
0.620104
0.620114
0.620124
0.620134
0.620144
0.620154
0.620164
0.620174
0.620184
0.620194
0.620204
0.620214
0.620224
0.620234
0.620244
0.620254
0.620264
0.620274
0.620284
0.620294
0.620304
0.620314
0.620324
0.620335
0.620345
0.620355
0.620365
0.620375
0.620385
0.620395
0.620405
0.620415
0.620425
0.620435
0.620445
0.620455
0.620465
0.620475
0.620485
0.620495
0.620505
0.620515
0.620525
0.620535
0.620546
0.620556
0.620566
0.620576
0.620586
0.620596
0.620606
0.620616
0.620626
0.620636
0.620646
0.620656
0.620666
0.620676
0.620686
0.620696
0.620706
0.620716
0.620726
0.620736
0.620746
0.620757
0.620767
0.620777
0.620787
0.620797
0.620807
0.620817
0.620827
0.620837
0.620847
0.620857
0.620867
0.620877
0.620887
0.620897
0.620907
0.620917
0.620927
0.620937
0.620948
0.620958
0.620968
0.620978
0.620988
0.620998
0.621008
0.621018
0.621028
0.621038
0.621048
0.621058
0.621068
0.621078
0.621088
0.621098
0.621108
0.621118
0.621128
0.621138
0.621149
0.621159
0.621169
0.621179
0.621189
0.621199
0.621209
0.621219
0.621229
0.621239
0.621249
0.621259
0.621269
0.621279
0.621289
0.621299
0.621309
0.621319
0.621329
0.621340
0.621350
0.621360
0.621370
0.621380
0.621390
0.621400
0.621410
0.621420
0.621430
0.621440
0.621450
0.621460
0.621470
0.621480
0.621490
0.621500
0.621510
0.621520
0.621530
0.621541
0.621551
0.621561
0.621571
0.621581
0.621591
0.621601
0.621611
0.621621
0.621631
0.621641
0.621651
0.621661
0.621671
0.621681
0.621691
0.621701
0.621711
0.621721
0.621731
0.621742
0.621752
0.621762
0.621772
0.621782
0.621792
0.621802
0.621812
0.621822
0.621832
0.621842
0.621852
0.621862
0.621872
0.621882
0.621892
0.621902
0.621912
0.621922
0.621932
0.621942
0.621953
0.621963
0.621973
0.621983
0.621993
0.622003
0.622013
0.622023
0.622033
0.622043
0.622053
0.622063
0.622073
0.622083
0.622093
0.622103
0.622113
0.622123
0.622133
0.622143
0.622153
0.622163
0.622173
0.622183
0.622194
0.622204
0.622214
0.622224
0.622234
0.622244
0.622254
0.622264
0.622274
0.622284
0.622294
0.622304
0.622314
0.622324
0.622334
0.622344
0.622354
0.622364
0.622374
0.622384
0.622394
0.622404
0.622414
0.622424
0.622434
0.622444
0.622455
0.622465
0.622475
0.622485
0.622495
0.622505
0.622515
0.622525
0.622535
0.622545
0.622555
0.622565
0.622575
0.622585
0.622595
0.622605
0.622615
0.622625
0.622635
0.622645
0.622655
0.622665
0.622675
0.622685
0.622695
0.622705
0.622715
0.622725
0.622735
0.622745
0.622755
0.622765
0.622775
0.622785
0.622796
0.622806
0.622816
0.622826
0.622836
0.622846
0.622856
0.622866
0.622876
0.622886
0.622896
0.622896
0.622906
0.622916
0.622926
0.622936
0.622946
0.622956
0.622966
0.622976
0.622986
0.622996
0.623006
0.623016
0.623026
0.623036
0.623046
0.623056
0.623066
0.623076
0.623086
0.623096
0.623106
0.623116
0.623126
0.623136
0.623146
0.623156
0.623166
0.623176
0.623186
0.623196
0.623206
0.623216
0.623226
0.623236
0.623246
0.623256
0.623266
0.623276
0.623286
0.623296
0.623306
0.623316
0.623326
0.623336
0.623346
0.623356
0.623366
0.623376
0.623386
0.623396
0.623406
0.623416
0.623426
0.623436
0.623446
0.623456
0.623466
0.623476
0.623486
0.623496
0.623506
0.623516
0.623526
0.623536
0.623546
0.623556
0.623566
0.623576
0.623586
0.623596
0.623606
0.623616
0.623626
0.623636
0.623646
0.623656
0.623666
0.623676
0.623686
0.623696
0.623706
0.623715
0.623725
0.623735
0.623745
0.623755
0.623765
0.623775
0.623785
0.623795
0.623805
0.623815
0.623825
0.623835
0.623845
0.623855
0.623865
0.623875
0.623885
0.623895
0.623905
0.623915
0.623925
0.623935
0.623945
0.623955
0.623965
0.623974
0.623984
0.623994
0.624004
0.624014
0.624024
0.624034
0.624044
0.624054
0.624064
0.624074
0.624084
0.624094
0.624104
0.624114
0.624124
0.624133
0.624143
0.624153
0.624163
0.624173
0.624183
0.624193
0.624203
0.624213
0.624223
0.624233
0.624243
0.624253
0.624263
0.624272
0.624282
0.624292
0.624302
0.624312
0.624322
0.624332
0.624342
0.624352
0.624362
0.624372
0.624381
0.624391
0.624401
0.624411
0.624421
0.624431
0.624441
0.624451
0.624461
0.624471
0.624480
0.624490
0.624500
0.624510
0.624520
0.624530
0.624540
0.624550
0.624559
0.624569
0.624579
0.624589
0.624599
0.624609
0.624619
0.624629
0.624638
0.624648
0.624658
0.624668
0.624678
0.624688
0.624698
0.624707
0.624717
0.624727
0.624737
0.624747
0.624757
0.624767
0.624776
0.624786
0.624796
0.624806
0.624816
0.624826
0.624835
0.624845
0.624855
0.624865
0.624875
0.624885
0.624894
0.624904
0.624914
0.624924
0.624934
0.624943
0.624953
0.624963
0.624973
0.624983
0.624992
0.625002
0.625012
0.625022
0.625032
0.625041
0.625051
0.625061
0.625071
0.625081
0.625090
0.625100
0.625110
0.625120
0.625129
0.625139
0.625149
0.625159
0.625168
0.625178
0.625188
0.625198
0.625207
0.625217
0.625227
0.625237
0.625246
0.625256
0.625266
0.625276
0.625285
0.625295
0.625305
0.625315
0.625324
0.625334
0.625344
0.625353
0.625363
0.625373
0.625383
0.625392
0.625402
0.625412
0.625421
0.625431
0.625441
0.625450
0.625460
0.625470
0.625479
0.625489
0.625499
0.625508
0.625518
0.625528
0.625537
0.625547
0.625557
0.625566
0.625576
0.625586
0.625595
0.625605
0.625614
0.625624
0.625634
0.625643
0.625653
0.625663
0.625672
0.625682
0.625691
0.625701
0.625711
0.625720
0.625730
0.625739
0.625749
0.625758
0.625768
0.625778
0.625787
0.625797
0.625806
0.625816
0.625825
0.625835
0.625844
0.625854
0.625863
0.625873
0.625882
0.625892
0.625901
0.625911
0.625920
0.625930
0.625939
0.625949
0.625958
0.625968
0.625977
0.625987
0.625996
0.626006
0.626015
0.626025
0.626034
0.626044
0.626053
0.626062
0.626072
0.626081
0.626091
0.626100
0.626109
0.626119
0.626128
0.626138
0.626147
0.626156
0.626166
0.626175
0.626184
0.626194
0.626203
0.626213
0.626222
0.626231
0.626240
0.626250
0.626259
0.626268
0.626278
0.626287
0.626296
0.626306
0.626315
0.626324
0.626333
0.626343
0.626352
0.626361
0.626370
0.626380
0.626389
0.626398
0.626407
0.626416
0.626426
0.626435
0.626444
0.626453
0.626462
0.626471
0.626481
0.626490
0.626499
0.626508
0.626517
0.626526
0.626535
0.626544
0.626554
0.626563
0.626572
0.626581
0.626590
0.626599
0.626608
0.626617
0.626626
0.626635
0.626644
0.626653
0.626662
0.626671
0.626680
0.626689
0.626698
0.626707
0.626716
0.626725
0.626734
0.626743
0.626751
0.626760
0.626769
0.626778
0.626787
0.626796
0.626805
0.626814
0.626822
0.626831
0.626840
0.626849
0.626858
0.626866
0.626875
0.626884
0.626893
0.626901
0.626910
0.626919
0.626928
0.626936
0.626945
0.626954
0.626962
0.626971
0.626980
0.626988
0.626997
0.627005
0.627014
0.627023
0.627031
0.627040
0.627048
0.627057
0.627065
0.627074
0.627082
0.627091
0.627099
0.627108
0.627116
0.627125
0.627133
0.627142
0.627150
0.627159
0.627167
0.627175
0.627184
0.627192
0.627200
0.627209
0.627217
0.627225
0.627234
0.627242
0.627250
0.627258
0.627267
0.627275
0.627283
0.627291
0.627299
0.627307
0.627316
0.627324
0.627332
0.627340
0.627348
0.627356
0.627364
0.627372
0.627380
0.627388
0.627396
0.627404
0.627412
0.627420
0.627428
0.627436
0.627444
0.627452
0.627460
0.627467
0.627476
0.627482
0.627493
0.627495
0.627515
0.627499
0.627552
0.627471
0.627649
0.627313
0.627922
0.626817
0.628033
0.626728
0.627881
0.627047
0.627885
0.627885
0.627250
0.627923
0.627419
0.627984
0.627567
0.628055
0.627686
0.628127
0.627778
0.628194
0.627849
0.628255
0.627906
0.628309
0.627954
0.628357
0.627996
0.628399
0.628035
0.628435
0.628071
0.628468
0.628107
0.628497
0.628143
0.628523
0.628177
0.628548
0.628212
0.628572
0.628246
0.628595
0.628280
0.628618
0.628312
0.628641
0.628344
0.628663
0.628375
0.628685
0.628405
0.628708
0.628434
0.628730
0.628462
0.628752
0.628489
0.628773
0.628516
0.628795
0.628541
0.628817
0.628566
0.628838
0.628590
0.628860
0.628613
0.628881
0.628636
0.628902
0.628659
0.628923
0.628682
0.628944
0.628704
0.628965
0.628726
0.628986
0.628748
0.629007
0.628770
0.629027
0.628792
0.629048
0.628814
0.629068
0.628835
0.629089
0.628857
0.629109
0.628879
0.629129
0.628901
0.629150
0.628923
0.629170
0.628945
0.629190
0.628967
0.629210
0.628988
0.629230
0.629010
0.629250
0.629032
0.629270
0.629054
0.629291
0.629076
0.629311
0.629097
0.629331
0.629119
0.629351
0.629140
0.629371
0.629162
0.629391
0.629183
0.629411
0.629205
0.629430
0.629226
0.629450
0.629247
0.629470
0.629268
0.629490
0.629290
0.629510
0.629311
0.629530
0.629332
0.629550
0.629353
0.629570
0.629374
0.629590
0.629395
0.629610
0.629416
0.629630
0.629437
0.629650
0.629457
0.629670
0.629478
0.629690
0.629499
0.629710
0.629520
0.629730
0.629541
0.629750
0.629562
0.629770
0.629583
0.629789
0.629604
0.629809
0.629625
0.629829
0.629646
0.629849
0.629666
0.629869
0.629687
0.629889
0.629708
0.629908
0.629729
0.629928
0.629750
0.629948
0.629771
0.629968
0.629792
0.629987
0.629812
0.630007
0.629833
0.630027
0.629854
0.630046
0.629875
0.630066
0.629896
0.630086
0.629916
0.630105
0.629937
0.630125
0.629958
0.630144
0.629978
0.630164
0.629999
0.630184
0.630020
0.630203
0.630040
0.630223
0.630061
0.630242
0.630081
0.630262
0.630102
0.630281
0.630122
0.630301
0.630143
0.630320
0.630163
0.630339
0.630184
0.630359
0.630204
0.630378
0.630225
0.630398
0.630245
0.630417
0.630265
0.630436
0.630286
0.630456
0.630306
0.630475
0.630326
0.630494
0.630346
0.630513
0.630367
0.630533
0.630387
0.630552
0.630407
0.630571
0.630427
0.630590
0.630447
0.630609
0.630468
0.630629
0.630488
0.630648
0.630508
0.630667
0.630528
0.630686
0.630548
0.630705
0.630568
0.630724
0.630588
0.630743
0.630608
0.630762
0.630628
0.630781
0.630648
0.630800
0.630668
0.630819
0.630688
0.630838
0.630708
0.630857
0.630728
0.630876
0.630748
0.630894
0.630767
0.630913
0.630787
0.630932
0.630807
0.630951
0.630827
0.630970
0.630847
0.630988
0.630866
0.631007
0.630886
0.631026
0.630906
0.631045
0.630925
0.631063
0.630945
0.631082
0.630965
0.631100
0.630984
0.631119
0.631004
0.631138
0.631024
0.631156
0.631043
0.631175
0.631063
0.631193
0.631082
0.631212
0.631102
0.631230
0.631121
0.631249
0.631140
0.631267
0.631160
0.631285
0.631179
0.631304
0.631199
0.631322
0.631218
0.631340
0.631237
0.631359
0.631257
0.631377
0.631276
0.631395
0.631295
0.631413
0.631314
0.631432
0.631334
0.631450
0.631353
0.631468
0.631372
0.631486
0.631391
0.631504
0.631410
0.631522
0.631429
0.631541
0.631448
0.631559
0.631467
0.631577
0.631486
0.631595
0.631505
0.631613
0.631524
0.631631
0.631543
0.631649
0.631562
0.631667
0.631581
0.631684
0.631600
0.631702
0.631619
0.631720
0.631638
0.631738
0.631656
0.631756
0.631675
0.631774
0.631694
0.631791
0.631713
0.631809
0.631731
0.631827
0.631750
0.631845
0.631769
0.631862
0.631787
0.631880
0.631806
0.631898
0.631825
0.631915
0.631843
0.631933
0.631862
0.631950
0.631880
0.631968
0.631899
0.631986
0.631917
0.632003
0.631936
0.632021
0.631954
0.632038
0.631973
0.632055
0.631991
0.632073
0.632010
0.632090
0.632028
0.632108
0.632046
0.632125
0.632065
0.632142
0.632083
0.632160
0.632101
0.632177
0.632119
0.632194
0.632138
0.632211
0.632156
0.632229
0.632174
0.632246
0.632192
0.632263
0.632210
0.632280
0.632228
0.632297
0.632247
0.632315
0.632265
0.632332
0.632283
0.632349
0.632301
0.632366
0.632319
0.632383
0.632337
0.632400
0.632355
0.632417
0.632373
0.632434
0.632391
0.632451
0.632408
0.632468
0.632426
0.632485
0.632444
0.632502
0.632462
0.632518
0.632480
0.632535
0.632498
0.632552
0.632515
0.632569
0.632533
0.632586
0.632551
0.632603
0.632569
0.632619
0.632586
0.632636
0.632604
0.632653
0.632621
0.632670
0.632639
0.632686
0.632657
0.632703
0.632674
0.632720
0.632692
0.632736
0.632709
0.632753
0.632727
0.632769
0.632744
0.632786
0.632762
0.632803
0.632779
0.632819
0.632796
0.632836
0.632814
0.632852
0.632831
0.632869
0.632848
0.632885
0.632866
0.632902
0.632883
0.632918
0.632900
0.632935
0.632918
0.632951
0.632935
0.632967
0.632952
0.632952
0.632984
0.632969
0.633000
0.632986
0.633016
0.633003
0.633033
0.633020
0.633049
0.633037
0.633066
0.633054
0.633082
0.633071
0.633098
0.633088
0.633114
0.633105
0.633131
0.633122
0.633147
0.633139
0.633163
0.633156
0.633179
0.633173
0.633196
0.633190
0.633212
0.633207
0.633228
0.633223
0.633244
0.633240
0.633260
0.633257
0.633277
0.633273
0.633293
0.633290
0.633309
0.633307
0.633325
0.633323
0.633341
0.633340
0.633357
0.633357
0.633373
0.633373
0.633389
0.633390
0.633405
0.633406
0.633422
0.633423
0.633438
0.633439
0.633454
0.633455
0.633470
0.633472
0.633486
0.633488
0.633502
0.633504
0.633518
0.633521
0.633534
0.633537
0.633550
0.633553
0.633566
0.633569
0.633581
0.633586
0.633597
0.633602
0.633613
0.633618
0.633629
0.633634
0.633645
0.633650
0.633661
0.633666
0.633677
0.633682
0.633693
0.633698
0.633708
0.633714
0.633724
0.633730
0.633740
0.633746
0.633756
0.633762
0.633772
0.633778
0.633787
0.633794
0.633803
0.633810
0.633819
0.633825
0.633834
0.633841
0.633850
0.633857
0.633866
0.633873
0.633881
0.633888
0.633897
0.633904
0.633913
0.633920
0.633928
0.633935
0.633944
0.633951
0.633959
0.633967
0.633975
0.633982
0.633990
0.633998
0.634006
0.634013
0.634021
0.634029
0.634037
0.634044
0.634052
0.634060
0.634067
0.634075
0.634083
0.634090
0.634098
0.634106
0.634113
0.634121
0.634129
0.634136
0.634144
0.634152
0.634159
0.634167
0.634174
0.634182
0.634190
0.634197
0.634205
0.634212
0.634220
0.634227
0.634235
0.634243
0.634250
0.634258
0.634265
0.634273
0.634280
0.634288
0.634295
0.634303
0.634310
0.634318
0.634325
0.634333
0.634340
0.634348
0.634355
0.634362
0.634370
0.634377
0.634385
0.634392
0.634400
0.634407
0.634414
0.634422
0.634429
0.634437
0.634444
0.634451
0.634459
0.634466
0.634473
0.634481
0.634488
0.634495
0.634502
0.634510
0.634517
0.634524
0.634532
0.634539
0.634546
0.634553
0.634561
0.634568
0.634575
0.634582
0.634589
0.634597
0.634604
0.634611
0.634618
0.634625
0.634633
0.634640
0.634647
0.634654
0.634661
0.634668
0.634675
0.634682
0.634689
0.634697
0.634704
0.634711
0.634718
0.634725
0.634732
0.634739
0.634746
0.634753
0.634760
0.634767
0.634774
0.634781
0.634788
0.634795
0.634802
0.634809
0.634816
0.634822
0.634829
0.634836
0.634843
0.634850
0.634857
0.634864
0.634871
0.634877
0.634884
0.634891
0.634898
0.634905
0.634911
0.634918
0.634925
0.634932
0.634938
0.634945
0.634952
0.634959
0.634965
0.634972
0.634979
0.634985
0.634992
0.634999
0.635005
0.635012
0.635018
0.635025
0.635032
0.635038
0.635045
0.635051
0.635058
0.635064
0.635071
0.635077
0.635084
0.635090
0.635097
0.635103
0.635110
0.635116
0.635123
0.635129
0.635136
0.635142
0.635148
0.635155
0.635161
0.635167
0.635174
0.635180
0.635186
0.635193
0.635199
0.635205
0.635211
0.635218
0.635224
0.635230
0.635236
0.635242
0.635248
0.635255
0.635261
0.635267
0.635273
0.635279
0.635285
0.635291
0.635297
0.635303
0.635309
0.635315
0.635321
0.635327
0.635333
0.635339
0.635345
0.635351
0.635357
0.635363
0.635369
0.635375
0.635380
0.635386
0.635392
0.635398
0.635404
0.635409
0.635415
0.635421
0.635427
0.635432
0.635438
0.635444
0.635449
0.635455
0.635461
0.635466
0.635472
0.635477
0.635483
0.635488
0.635494
0.635499
0.635505
0.635510
0.635516
0.635521
0.635527
0.635532
0.635537
0.635543
0.635548
0.635553
0.635559
0.635564
0.635569
0.635574
0.635580
0.635585
0.635590
0.635595
0.635600
0.635605
0.635610
0.635616
0.635621
0.635626
0.635631
0.635636
0.635641
0.635646
0.635651
0.635655
0.635660
0.635665
0.635670
0.635675
0.635680
0.635685
0.635689
0.635694
0.635699
0.635703
0.635708
0.635713
0.635717
0.635722
0.635727
0.635731
0.635736
0.635740
0.635745
0.635749
0.635754
0.635758
0.635763
0.635767
0.635771
0.635776
0.635780
0.635784
0.635789
0.635793
0.635797
0.635801
0.635805
0.635810
0.635814
0.635818
0.635822
0.635826
0.635830
0.635834
0.635838
0.635842
0.635846
0.635850
0.635853
0.635857
0.635861
0.635865
0.635869
0.635872
0.635876
0.635880
0.635883
0.635887
0.635891
0.635894
0.635898
0.635901
0.635905
0.635908
0.635912
0.635915
0.635919
0.635922
0.635925
0.635929
0.635932
0.635935
0.635938
0.635941
0.635945
0.635948
0.635951
0.635954
0.635957
0.635960
0.635963
0.635966
0.635969
0.635971
0.635975
0.635977
0.635981
0.635981
0.635988
0.635985
0.635997
0.635985
0.636011
0.635976
0.636039
0.635941
0.636104
0.635837
0.636252
0.635579
0.636409
0.635349
0.636363
0.635471
0.636295
0.635671
0.636281
0.635825
0.636294
0.635953
0.636324
0.636056
0.636361
0.636138
0.636398
0.636201
0.636432
0.636250
0.636463
0.636290
0.636490
0.636321
0.636514
0.636346
0.636536
0.636536
0.636365
0.636555
0.636380
0.636573
0.636391
0.636590
0.636398
0.636607
0.636403
0.636623
0.636407
0.636639
0.636408
0.636655
0.636410
0.636670
0.636411
0.636686
0.636414
0.636701
0.636419
0.636714
0.636426
0.636727
0.636436
0.636739
0.636449
0.636751
0.636464
0.636761
0.636481
0.636771
0.636500
0.636781
0.636519
0.636791
0.636538
0.636801
0.636557
0.636811
0.636575
0.636821
0.636592
0.636832
0.636607
0.636842
0.636622
0.636852
0.636635
0.636862
0.636648
0.636873
0.636659
0.636883
0.636669
0.636894
0.636678
0.636904
0.636686
0.636915
0.636694
0.636926
0.636701
0.636937
0.636707
0.636948
0.636713
0.636960
0.636719
0.636971
0.636725
0.636982
0.636732
0.636994
0.636739
0.637005
0.636746
0.637016
0.636754
0.637027
0.636763
0.637037
0.636772
0.637048
0.636782
0.637058
0.636793
0.637068
0.636804
0.637078
0.636816
0.637088
0.636827
0.637098
0.636839
0.637108
0.636850
0.637119
0.636861
0.637129
0.636872
0.637139
0.636883
0.637149
0.636893
0.637159
0.636903
0.637170
0.636913
0.637180
0.636922
0.637190
0.636931
0.637201
0.636939
0.637211
0.636948
0.637222
0.636956
0.637232
0.636964
0.637243
0.636972
0.637254
0.636981
0.637264
0.636989
0.637274
0.636998
0.637285
0.637006
0.637295
0.637015
0.637305
0.637025
0.637315
0.637034
0.637326
0.637043
0.637336
0.637053
0.637346
0.637063
0.637356
0.637072
0.637366
0.637082
0.637376
0.637092
0.637386
0.637101
0.637396
0.637111
0.637406
0.637120
0.637416
0.637129
0.637426
0.637138
0.637437
0.637147
0.637447
0.637156
0.637457
0.637165
0.637467
0.637174
0.637477
0.637182
0.637487
0.637191
0.637497
0.637200
0.637507
0.637208
0.637517
0.637217
0.637527
0.637226
0.637537
0.637235
0.637547
0.637244
0.637557
0.637252
0.637567
0.637261
0.637577
0.637270
0.637586
0.637279
0.637596
0.637288
0.637606
0.637297
0.637616
0.637306
0.637626
0.637315
0.637635
0.637323
0.637645
0.637332
0.637655
0.637341
0.637665
0.637349
0.637674
0.637358
0.637684
0.637367
0.637694
0.637375
0.637703
0.637384
0.637713
0.637392
0.637723
0.637401
0.637732
0.637409
0.637742
0.637418
0.637752
0.637426
0.637761
0.637435
0.637771
0.637443
0.637780
0.637452
0.637790
0.637460
0.637799
0.637469
0.637809
0.637477
0.637818
0.637486
0.637828
0.637494
0.637837
0.637502
0.637846
0.637511
0.637856
0.637519
0.637865
0.637527
0.637875
0.637535
0.637884
0.637544
0.637893
0.637552
0.637903
0.637560
0.637912
0.637568
0.637921
0.637576
0.637930
0.637585
0.637940
0.637593
0.637949
0.637601
0.637958
0.637609
0.637967
0.637617
0.637976
0.637625
0.637985
0.637633
0.637995
0.637641
0.638004
0.637649
0.638013
0.637657
0.638022
0.637665
0.638031
0.637673
0.638040
0.637681
0.638049
0.637689
0.638058
0.637697
0.638067
0.637705
0.638076
0.637713
0.638085
0.637721
0.638094
0.637728
0.638103
0.637736
0.638111
0.637744
0.638120
0.637752
0.638129
0.637759
0.638138
0.637767
0.638147
0.637775
0.638156
0.637783
0.638164
0.637790
0.638173
0.637798
0.638182
0.637806
0.638191
0.637813
0.638199
0.637821
0.638208
0.637828
0.638217
0.637836
0.638225
0.637843
0.638234
0.637851
0.638242
0.637858
0.638251
0.637866
0.638260
0.637873
0.638268
0.637881
0.638277
0.637888
0.638285
0.637896
0.638294
0.637903
0.638302
0.637910
0.638311
0.637918
0.638319
0.637925
0.638327
0.637932
0.638336
0.637940
0.638344
0.637947
0.638353
0.637954
0.638361
0.637961
0.638369
0.637968
0.638378
0.637976
0.638386
0.637983
0.638394
0.637990
0.638402
0.637997
0.638411
0.638004
0.638419
0.638011
0.638427
0.638018
0.638435
0.638025
0.638443
0.638032
0.638451
0.638039
0.638460
0.638046
0.638468
0.638053
0.638476
0.638060
0.638484
0.638067
0.638492
0.638074
0.638500
0.638081
0.638508
0.638088
0.638516
0.638095
0.638524
0.638102
0.638532
0.638108
0.638540
0.638115
0.638548
0.638122
0.638556
0.638129
0.638563
0.638136
0.638571
0.638142
0.638579
0.638149
0.638587
0.638156
0.638595
0.638162
0.638602
0.638169
0.638610
0.638176
0.638618
0.638182
0.638626
0.638189
0.638633
0.638195
0.638641
0.638202
0.638649
0.638208
0.638656
0.638215
0.638664
0.638221
0.638672
0.638228
0.638679
0.638234
0.638687
0.638241
0.638694
0.638247
0.638702
0.638253
0.638709
0.638260
0.638717
0.638266
0.638724
0.638272
0.638732
0.638279
0.638739
0.638285
0.638747
0.638291
0.638754
0.638297
0.638761
0.638304
0.638769
0.638310
0.638776
0.638316
0.638783
0.638322
0.638791
0.638328
0.638798
0.638335
0.638805
0.638341
0.638813
0.638347
0.638820
0.638353
0.638827
0.638359
0.638834
0.638365
0.638841
0.638371
0.638848
0.638377
0.638856
0.638383
0.638863
0.638389
0.638870
0.638395
0.638877
0.638401
0.638884
0.638407
0.638891
0.638412
0.638412
0.638898
0.638418
0.638905
0.638424
0.638912
0.638430
0.638919
0.638436
0.638926
0.638441
0.638933
0.638447
0.638940
0.638453
0.638947
0.638459
0.638953
0.638464
0.638960
0.638470
0.638967
0.638476
0.638974
0.638481
0.638981
0.638487
0.638988
0.638493
0.638994
0.638498
0.639001
0.638504
0.639008
0.638509
0.639014
0.638515
0.639021
0.638520
0.639028
0.638526
0.639034
0.638531
0.639041
0.638537
0.639048
0.638542
0.639054
0.638547
0.639061
0.638553
0.639067
0.638558
0.639074
0.638564
0.639080
0.638569
0.639087
0.638574
0.639093
0.638579
0.639100
0.638585
0.639106
0.638590
0.639113
0.638595
0.639119
0.638600
0.639125
0.638606
0.639132
0.638611
0.639138
0.638616
0.639144
0.638621
0.639151
0.638626
0.639157
0.638631
0.639163
0.638636
0.639169
0.638641
0.639176
0.638646
0.639182
0.638651
0.639188
0.638656
0.639194
0.638661
0.639200
0.638666
0.639206
0.638671
0.639212
0.638676
0.639219
0.638681
0.639225
0.638686
0.639231
0.638691
0.639237
0.638696
0.639243
0.638700
0.639249
0.638705
0.639255
0.638710
0.639261
0.638715
0.639266
0.638719
0.639272
0.638724
0.639278
0.638729
0.639284
0.638734
0.639290
0.638738
0.639296
0.638743
0.639302
0.638747
0.639307
0.638752
0.639313
0.638757
0.639319
0.638761
0.639325
0.638766
0.639330
0.638770
0.639336
0.638775
0.639342
0.638779
0.639347
0.638784
0.639353
0.638788
0.639359
0.638793
0.639364
0.638797
0.639370
0.638801
0.639375
0.638806
0.639381
0.638810
0.639386
0.638814
0.639392
0.638819
0.639397
0.638823
0.639403
0.638827
0.639408
0.638831
0.639414
0.638836
0.639419
0.638840
0.639424
0.638844
0.639430
0.638848
0.639435
0.638852
0.639440
0.638856
0.639446
0.638861
0.639451
0.638865
0.639456
0.638869
0.639461
0.638873
0.639467
0.638877
0.639472
0.638881
0.639477
0.638885
0.639482
0.638889
0.639487
0.638893
0.639492
0.638897
0.639498
0.638900
0.639503
0.638904
0.639508
0.638908
0.639513
0.638912
0.639518
0.638916
0.639523
0.638920
0.639528
0.638923
0.639533
0.638927
0.639538
0.638931
0.639543
0.638935
0.639547
0.638938
0.639552
0.638942
0.639557
0.638946
0.639562
0.638949
0.639567
0.638953
0.639572
0.638957
0.639576
0.638960
0.639581
0.638964
0.639586
0.638967
0.639590
0.638971
0.639595
0.638974
0.639600
0.638978
0.639604
0.638981
0.639609
0.638985
0.639614
0.638988
0.639618
0.638992
0.639623
0.638995
0.639627
0.638998
0.639632
0.639002
0.639636
0.639005
0.639641
0.639008
0.639645
0.639012
0.639650
0.639015
0.639654
0.639018
0.639659
0.639021
0.639663
0.639025
0.639667
0.639028
0.639672
0.639031
0.639676
0.639034
0.639680
0.639037
0.639684
0.639040
0.639689
0.639043
0.639693
0.639046
0.639697
0.639049
0.639701
0.639052
0.639706
0.639055
0.639710
0.639058
0.639714
0.639061
0.639718
0.639064
0.639722
0.639067
0.639726
0.639070
0.639730
0.639073
0.639734
0.639076
0.639738
0.639079
0.639742
0.639082
0.639746
0.639084
0.639750
0.639087
0.639754
0.639090
0.639758
0.639093
0.639761
0.639095
0.639765
0.639098
0.639769
0.639101
0.639773
0.639103
0.639777
0.639106
0.639780
0.639109
0.639784
0.639111
0.639788
0.639114
0.639791
0.639116
0.639795
0.639119
0.639799
0.639121
0.639802
0.639124
0.639806
0.639126
0.639810
0.639129
0.639813
0.639131
0.639817
0.639134
0.639820
0.639136
0.639824
0.639138
0.639827
0.639141
0.639830
0.639143
0.639834
0.639145
0.639837
0.639148
0.639841
0.639150
0.639844
0.639152
0.639847
0.639154
0.639850
0.639156
0.639854
0.639159
0.639857
0.639161
0.639860
0.639163
0.639863
0.639165
0.639867
0.639167
0.639870
0.639169
0.639873
0.639171
0.639876
0.639173
0.639879
0.639175
0.639882
0.639177
0.639885
0.639179
0.639888
0.639181
0.639891
0.639183
0.639894
0.639185
0.639897
0.639187
0.639900
0.639189
0.639903
0.639191
0.639906
0.639192
0.639908
0.639194
0.639911
0.639196
0.639914
0.639198
0.639917
0.639199
0.639919
0.639201
0.639922
0.639203
0.639925
0.639204
0.639928
0.639206
0.639930
0.639208
0.639933
0.639209
0.639935
0.639211
0.639938
0.639212
0.639940
0.639214
0.639943
0.639216
0.639945
0.639217
0.639948
0.639218
0.639950
0.639220
0.639953
0.639221
0.639955
0.639223
0.639957
0.639224
0.639960
0.639225
0.639962
0.639227
0.639964
0.639228
0.639967
0.639229
0.639969
0.639231
0.639971
0.639232
0.639973
0.639233
0.639975
0.639234
0.639977
0.639236
0.639980
0.639237
0.639982
0.639238
0.639984
0.639239
0.639986
0.639240
0.639988
0.639241
0.639990
0.639242
0.639992
0.639243
0.639993
0.639244
0.639995
0.639245
0.639997
0.639246
0.639999
0.639247
0.640001
0.639248
0.640003
0.639249
0.640004
0.639250
0.640006
0.639251
0.640008
0.639251
0.640009
0.639252
0.640011
0.639253
0.640013
0.640013
0.639254
0.640014
0.639254
0.640016
0.639255
0.640017
0.639256
0.640019
0.639256
0.640020
0.639257
0.640021
0.639258
0.640023
0.639258
0.640024
0.639259
0.640026
0.639259
0.640027
0.639260
0.640028
0.639260
0.640029
0.639261
0.640031
0.639261
0.640032
0.639262
0.640033
0.639262
0.640034
0.639262
0.640035
0.639263
0.640036
0.639263
0.640037
0.639263
0.640038
0.639264
0.640039
0.639264
0.640040
0.639264
0.640041
0.639264
0.640042
0.639265
0.640043
0.639265
0.640044
0.639265
0.640044
0.639265
0.640045
0.639265
0.640046
0.639265
0.640047
0.639265
0.640047
0.639265
0.640048
0.639265
0.640049
0.639265
0.640049
0.639265
0.640050
0.639265
0.640050
0.639265
0.640051
0.639265
0.640051
0.639265
0.640051
0.639264
0.640052
0.639264
0.640052
0.639264
0.640052
0.639264
0.640053
0.639263
0.640053
0.639263
0.640053
0.639263
0.640053
0.639262
0.640053
0.639262
0.640054
0.639262
0.640054
0.639261
0.640054
0.639261
0.640054
0.639260
0.640054
0.639260
0.640054
0.639259
0.640053
0.639259
0.640053
0.639258
0.640053
0.639258
0.640053
0.639257
0.640053
0.639256
0.640052
0.639256
0.640052
0.639255
0.640052
0.639254
0.640051
0.639253
0.640051
0.639253
0.640050
0.639252
0.640050
0.639251
0.640049
0.639250
0.640049
0.639249
0.640048
0.639248
0.640048
0.639247
0.640047
0.639246
0.640046
0.639245
0.640045
0.639244
0.640045
0.639243
0.640044
0.639242
0.640043
0.639241
0.640042
0.639240
0.640041
0.639239
0.640040
0.639238
0.640039
0.639236
0.640038
0.639235
0.640037
0.639234
0.640036
0.639233
0.640034
0.639231
0.640033
0.639230
0.640032
0.639229
0.640031
0.639227
0.640029
0.639226
0.640028
0.639224
0.640026
0.639223
0.640025
0.639221
0.640023
0.639220
0.640022
0.639218
0.640020
0.639217
0.640019
0.639215
0.640017
0.639213
0.640015
0.639212
0.640013
0.639210
0.640011
0.639208
0.640010
0.639207
0.640008
0.639205
0.640006
0.639203
0.640004
0.639201
0.640002
0.639199
0.640000
0.639197
0.639998
0.639195
0.639995
0.639193
0.639993
0.639191
0.639991
0.639189
0.639989
0.639187
0.639986
0.639185
0.639984
0.639183
0.639981
0.639181
0.639979
0.639179
0.639976
0.639177
0.639974
0.639175
0.639971
0.639172
0.639968
0.639170
0.639966
0.639168
0.639963
0.639166
0.639960
0.639163
0.639957
0.639161
0.639954
0.639158
0.639951
0.639156
0.639948
0.639154
0.639945
0.639151
0.639942
0.639149
0.639939
0.639146
0.639936
0.639143
0.639933
0.639141
0.639929
0.639138
0.639926
0.639136
0.639922
0.639133
0.639919
0.639130
0.639915
0.639127
0.639912
0.639125
0.639908
0.639122
0.639905
0.639119
0.639901
0.639116
0.639897
0.639113
0.639893
0.639110
0.639889
0.639107
0.639885
0.639104
0.639881
0.639101
0.639877
0.639098
0.639873
0.639095
0.639869
0.639092
0.639865
0.639089
0.639861
0.639086
0.639856
0.639083
0.639852
0.639080
0.639847
0.639076
0.639843
0.639073
0.639838
0.639070
0.639834
0.639066
0.639829
0.639063
0.639824
0.639060
0.639820
0.639056
0.639815
0.639053
0.639810
0.639049
0.639805
0.639046
0.639800
0.639042
0.639795
0.639039
0.639790
0.639035
0.639784
0.639032
0.639779
0.639028
0.639774
0.639024
0.639768
0.639021
0.639763
0.639017
0.639757
0.639013
0.639752
0.639010
0.639746
0.639006
0.639740
0.639002
0.639735
0.638998
0.639729
0.638994
0.639723
0.638990
0.639717
0.638986
0.639711
0.638982
0.639705
0.638978
0.639699
0.638974
0.639692
0.638970
0.639686
0.638966
0.639680
0.638962
0.639673
0.638958
0.639667
0.638954
0.639660
0.638950
0.639653
0.638945
0.639647
0.638941
0.639640
0.638937
0.639633
0.638933
0.639626
0.638928
0.639619
0.638924
0.639612
0.638920
0.639605
0.638915
0.639597
0.638911
0.639590
0.638907
0.639583
0.638902
0.639575
0.638898
0.639568
0.638893
0.639560
0.638889
0.639552
0.638884
0.639544
0.638880
0.639537
0.638875
0.639529
0.638870
0.639521
0.638866
0.639512
0.638861
0.639504
0.638857
0.639496
0.638852
0.639488
0.638847
0.639479
0.638842
0.639470
0.638838
0.639462
0.638833
0.639453
0.638828
0.639444
0.638824
0.639435
0.638819
0.639426
0.638814
0.639417
0.638809
0.639408
0.638804
0.639399
0.638800
0.639389
0.638795
0.639380
0.638790
0.639370
0.638785
0.639361
0.638780
0.639351
0.638775
0.639341
0.638770
0.639331
0.638766
0.639321
0.638761
0.639311
0.638756
0.639300
0.638751
0.639290
0.638746
0.639279
0.638741
0.639269
0.638736
0.639258
0.638732
0.639247
0.638727
0.639236
0.638722
0.639225
0.638717
0.639214
0.638712
0.639202
0.638708
0.639191
0.638703
0.639179
0.638698
0.639167
0.638694
0.639155
0.638689
0.639143
0.638684
0.639131
0.638680
0.639118
0.638675
0.639106
0.638671
0.639093
0.638666
0.639080
0.638662
0.639067
0.638658
0.639053
0.638653
0.638653
0.639040
0.638649
0.639026
0.638645
0.639012
0.638641
0.638998
0.638637
0.638984
0.638633
0.638969
0.638630
0.638954
0.638626
0.638939
0.638623
0.638924
0.638619
0.638908
0.638616
0.638892
0.638613
0.638876
0.638610
0.638859
0.638607
0.638842
0.638604
0.638825
0.638602
0.638807
0.638599
0.638789
0.638597
0.638771
0.638594
0.638753
0.638591
0.638734
0.638589
0.638715
0.638586
0.638696
0.638582
0.638676
0.638578
0.638657
0.638574
0.638638
0.638569
0.638619
0.638563
0.638601
0.638555
0.638583
0.638547
0.638566
0.638538
0.638550
0.638528
0.638534
0.638517
0.638518
0.638505
0.638503
0.638492
0.638488
0.638479
0.638474
0.638465
0.638459
0.638451
0.638445
0.638437
0.638430
0.638423
0.638415
0.638408
0.638401
0.638393
0.638386
0.638378
0.638371
0.638363
0.638356
0.638348
0.638340
0.638332
0.638325
0.638317
0.638309
0.638301
0.638293
0.638285
0.638277
0.638269
0.638260
0.638252
0.638244
0.638235
0.638227
0.638218
0.638210
0.638201
0.638193
0.638184
0.638175
0.638167
0.638158
0.638149
0.638140
0.638132
0.638123
0.638114
0.638105
0.638096
0.638087
0.638079
0.638070
0.638061
0.638052
0.638044
0.638035
0.638027
0.638018
0.638010
0.638002
0.637994
0.637986
0.637978
0.637971
0.637963
0.637956
0.637949
0.637942
0.637935
0.637928
0.637922
0.637916
0.637910
0.637905
0.637899
0.637894
0.637889
0.637885
0.637881
0.637877
0.637873
0.637870
0.637866
0.637864
0.637861
0.637859
0.637857
0.637855
0.637854
0.637853
0.637852
0.637852
0.637852
0.637852
0.637853
0.637853
0.637854
0.637856
0.637857
0.637859
0.637861
0.637864
0.637866
0.637869
0.637872
0.637875
0.637879
0.637883
0.637887
0.637891
0.637895
0.637900
0.637904
0.637909
0.637914
0.637919
0.637925
0.637930
0.637936
0.637942
0.637947
0.637953
0.637959
0.637965
0.637972
0.637978
0.637984
0.637991
0.637997
0.638004
0.638010
0.638017
0.638023
0.638030
0.638037
0.638043
0.638050
0.638057
0.638063
0.638070
0.638076
0.638083
0.638090
0.638096
0.638103
0.638109
0.638116
0.638122
0.638129
0.638135
0.638141
0.638148
0.638154
0.638160
0.638166
0.638172
0.638178
0.638184
0.638190
0.638196
0.638202
0.638208
0.638213
0.638219
0.638224
0.638230
0.638235
0.638241
0.638246
0.638251
0.638257
0.638262
0.638267
0.638272
0.638277
0.638282
0.638287
0.638292
0.638297
0.638301
0.638306
0.638311
0.638316
0.638320
0.638325
0.638329
0.638334
0.638338
0.638343
0.638347
0.638351
0.638356
0.638360
0.638364
0.638368
0.638373
0.638377
0.638381
0.638385
0.638389
0.638393
0.638397
0.638401
0.638405
0.638409
0.638414
0.638418
0.638421
0.638425
0.638429
0.638433
0.638437
0.638441
0.638445
0.638449
0.638453
0.638457
0.638461
0.638465
0.638469
0.638473
0.638476
0.638480
0.638484
0.638488
0.638492
0.638496
0.638500
0.638504
0.638508
0.638511
0.638515
0.638519
0.638523
0.638527
0.638531
0.638535
0.638539
0.638543
0.638546
0.638550
0.638554
0.638558
0.638562
0.638566
0.638570
0.638574
0.638578
0.638582
0.638586
0.638589
0.638593
0.638597
0.638601
0.638605
0.638609
0.638613
0.638617
0.638621
0.638625
0.638629
0.638633
0.638637
0.638641
0.638645
0.638648
0.638652
0.638656
0.638660
0.638664
0.638668
0.638672
0.638676
0.638680
0.638684
0.638688
0.638692
0.638696
0.638700
0.638704
0.638708
0.638712
0.638716
0.638720
0.638724
0.638728
0.638732
0.638736
0.638740
0.638743
0.638747
0.638751
0.638755
0.638759
0.638763
0.638767
0.638771
0.638775
0.638779
0.638783
0.638787
0.638791
0.638795
0.638799
0.638803
0.638807
0.638811
0.638815
0.638819
0.638823
0.638827
0.638831
0.638835
0.638839
0.638843
0.638847
0.638851
0.638855
0.638859
0.638863
0.638867
0.638871
0.638875
0.638879
0.638883
0.638887
0.638891
0.638895
0.638899
0.638903
0.638907
0.638911
0.638915
0.638919
0.638923
0.638927
0.638931
0.638935
0.638939
0.638943
0.638947
0.638951
0.638955
0.638959
0.638963
0.638967
0.638971
0.638975
0.638979
0.638983
0.638987
0.638992
0.638996
0.639000
0.639004
0.639008
0.639012
0.639016
0.639020
0.639024
0.639028
0.639032
0.639036
0.639040
0.639045
0.639049
0.639053
0.639057
0.639061
0.639065
0.639069
0.639073
0.639077
0.639081
0.639086
0.639090
0.639094
0.639098
0.639102
0.639106
0.639110
0.639114
0.639119
0.639123
0.639127
0.639131
0.639135
0.639139
0.639143
0.639148
0.639152
0.639156
0.639160
0.639164
0.639168
0.639173
0.639177
0.639181
0.639185
0.639189
0.639193
0.639198
0.639202
0.639206
0.639210
0.639214
0.639219
0.639223
0.639227
0.639231
0.639235
0.639240
0.639244
0.639248
0.639252
0.639257
0.639261
0.639265
0.639269
0.639273
0.639278
0.639282
0.639286
0.639290
0.639295
0.639299
0.639303
0.639307
0.639312
0.639316
0.639320
0.639324
0.639324
0.639329
0.639333
0.639337
0.639342
0.639346
0.639350
0.639354
0.639359
0.639363
0.639367
0.639372
0.639376
0.639380
0.639385
0.639389
0.639393
0.639398
0.639402
0.639406
0.639410
0.639415
0.639419
0.639423
0.639428
0.639432
0.639437
0.639441
0.639445
0.639450
0.639454
0.639458
0.639463
0.639467
0.639471
0.639476
0.639480
0.639484
0.639489
0.639493
0.639498
0.639502
0.639506
0.639511
0.639515
0.639520
0.639524
0.639528
0.639533
0.639537
0.639542
0.639546
0.639551
0.639555
0.639559
0.639564
0.639568
0.639573
0.639577
0.639582
0.639586
0.639590
0.639595
0.639599
0.639604
0.639608
0.639613
0.639617
0.639622
0.639626
0.639631
0.639635
0.639640
0.639644
0.639649
0.639653
0.639658
0.639662
0.639667
0.639671
0.639676
0.639680
0.639685
0.639689
0.639694
0.639698
0.639703
0.639707
0.639712
0.639716
0.639721
0.639725
0.639730
0.639734
0.639739
0.639744
0.639748
0.639753
0.639757
0.639762
0.639766
0.639771
0.639775
0.639780
0.639785
0.639789
0.639794
0.639798
0.639803
0.639808
0.639812
0.639817
0.639821
0.639826
0.639831
0.639835
0.639840
0.639844
0.639849
0.639854
0.639858
0.639863
0.639868
0.639872
0.639877
0.639881
0.639886
0.639891
0.639895
0.639900
0.639905
0.639909
0.639914
0.639919
0.639923
0.639928
0.639933
0.639937
0.639942
0.639947
0.639951
0.639956
0.639961
0.639965
0.639970
0.639975
0.639980
0.639984
0.639989
0.639994
0.639998
0.640003
0.640008
0.640013
0.640017
0.640022
0.640027
0.640031
0.640036
0.640041
0.640046
0.640050
0.640055
0.640060
0.640065
0.640069
0.640074
0.640079
0.640084
0.640088
0.640093
0.640098
0.640103
0.640108
0.640112
0.640117
0.640122
0.640127
0.640132
0.640136
0.640141
0.640146
0.640151
0.640156
0.640160
0.640165
0.640170
0.640175
0.640180
0.640184
0.640189
0.640194
0.640199
0.640204
0.640209
0.640213
0.640218
0.640223
0.640228
0.640233
0.640238
0.640242
0.640247
0.640252
0.640257
0.640262
0.640267
0.640272
0.640277
0.640281
0.640286
0.640291
0.640296
0.640301
0.640306
0.640311
0.640316
0.640321
0.640325
0.640330
0.640335
0.640340
0.640345
0.640350
0.640355
0.640360
0.640365
0.640370
0.640375
0.640379
0.640384
0.640389
0.640394
0.640399
0.640404
0.640409
0.640414
0.640419
0.640424
0.640429
0.640434
0.640439
0.640444
0.640449
0.640454
0.640459
0.640464
0.640469
0.640474
0.640479
0.640484
0.640489
0.640494
0.640498
0.640503
0.640508
0.640513
0.640518
0.640523
0.640528
0.640533
0.640538
0.640543
0.640548
0.640554
0.640559
0.640564
0.640569
0.640574
0.640579
0.640584
0.640589
0.640594
0.640599
0.640604
0.640609
0.640614
0.640619
0.640624
0.640629
0.640634
0.640639
0.640644
0.640649
0.640654
0.640659
0.640664
0.640669
0.640675
0.640680
0.640685
0.640690
0.640695
0.640700
0.640705
0.640710
0.640715
0.640720
0.640725
0.640730
0.640736
0.640741
0.640746
0.640751
0.640756
0.640761
0.640766
0.640771
0.640776
0.640782
0.640787
0.640792
0.640797
0.640802
0.640807
0.640812
0.640817
0.640822
0.640828
0.640833
0.640838
0.640843
0.640848
0.640853
0.640858
0.640864
0.640869
0.640874
0.640879
0.640884
0.640889
0.640895
0.640900
0.640905
0.640910
0.640915
0.640920
0.640926
0.640931
0.640936
0.640941
0.640946
0.640951
0.640957
0.640962
0.640967
0.640972
0.640977
0.640983
0.640988
0.640993
0.640998
0.641003
0.641009
0.641014
0.641019
0.641024
0.641029
0.641035
0.641040
0.641045
0.641050
0.641055
0.641061
0.641066
0.641071
0.641076
0.641082
0.641087
0.641092
0.641097
0.641103
0.641108
0.641113
0.641118
0.641123
0.641129
0.641134
0.641139
0.641144
0.641150
0.641155
0.641160
0.641165
0.641171
0.641176
0.641181
0.641186
0.641192
0.641197
0.641202
0.641207
0.641213
0.641218
0.641223
0.641229
0.641234
0.641239
0.641244
0.641250
0.641255
0.641260
0.641266
0.641271
0.641276
0.641281
0.641287
0.641292
0.641297
0.641303
0.641308
0.641314
0.641319
0.641324
0.641330
0.641335
0.641340
0.641346
0.641351
0.641357
0.641362
0.641367
0.641373
0.641378
0.641383
0.641389
0.641394
0.641400
0.641405
0.641410
0.641416
0.641421
0.641427
0.641432
0.641437
0.641443
0.641448
0.641453
0.641458
0.641464
0.641469
0.641474
0.641479
0.641484
0.641489
0.641494
0.641499
0.641504
0.641509
0.641514
0.641518
0.641523
0.641527
0.641532
0.641536
0.641540
0.641544
0.641549
0.641553
0.641556
0.641560
0.641564
0.641567
0.641571
0.641574
0.641577
0.641581
0.641584
0.641587
0.641590
0.641593
0.641595
0.641598
0.641601
0.641604
0.641607
0.641610
0.641613
0.641616
0.641619
0.641622
0.641626
0.641630
0.641635
0.641640
0.641645
0.641652
0.641659
0.641666
0.641675
0.641685
0.641697
0.641710
0.641725
0.641742
0.641761
0.641783
0.641808
0.641837
0.641871
0.641871
0.641910
0.641956
0.642010
0.642072
0.642143
0.642220
0.642299
0.642376
0.642447
0.642507
0.642552
0.642579
0.642585
0.642570
0.642533
0.642473
0.642394
0.642299
0.642193
0.642079
0.641963
0.641847
0.641735
0.641626
0.641523
0.641426
0.641334
0.641249
0.641169
0.641096
0.641028
0.640966
0.640909
0.640857
0.640811
0.640769
0.640733
0.640701
0.640673
0.640650
0.640631
0.640616
0.640605
0.640597
0.640593
0.640592
0.640594
0.640599
0.640607
0.640617
0.640629
0.640644
0.640661
0.640681
0.640702
0.640725
0.640749
0.640776
0.640803
0.640832
0.640863
0.640895
0.640928
0.640962
0.640997
0.641033
0.641069
0.641107
0.641145
0.641185
0.641224
0.641265
0.641305
0.641347
0.641389
0.641431
0.641473
0.641516
0.641559
0.641603
0.641646
0.641690
0.641734
0.641778
0.641822
0.641866
0.641910
0.641955
0.641999
0.642043
0.642087
0.642132
0.642176
0.642220
0.642264
0.642307
0.642351
0.642395
0.642438
0.642482
0.642525
0.642568
0.642611
0.642653
0.642696
0.642738
0.642780
0.642822
0.642864
0.642905
0.642947
0.642988
0.643029
0.643069
0.643110
0.643150
0.643190
0.643230
0.643270
0.643309
0.643348
0.643387
0.643426
0.643465
0.643503
0.643542
0.643580
0.643617
0.643655
0.643692
0.643730
0.643767
0.643803
0.643840
0.643877
0.643913
0.643949
0.643985
0.644021
0.644056
0.644091
0.644127
0.644162
0.644197
0.644231
0.644266
0.644300
0.644334
0.644369
0.644402
0.644436
0.644470
0.644503
0.644537
0.644570
0.644603
0.644636
0.644669
0.644701
0.644734
0.644766
0.644798
0.644831
0.644863
0.644894
0.644926
0.644958
0.644989
0.645021
0.645052
0.645084
0.645115
0.645146
0.645177
0.645207
0.645238
0.645269
0.645299
0.645330
0.645360
0.645390
0.645421
0.645451
0.645481
0.645511
0.645541
0.645570
0.645600
0.645630
0.645659
0.645689
0.645718
0.645748
0.645777
0.645806
0.645835
0.645864
0.645894
0.645922
0.645951
0.645980
0.646009
0.646038
0.646067
0.646095
0.646124
0.646152
0.646181
0.646210
0.646238
0.646266
0.646295
0.646323
0.646351
0.646380
0.646408
0.646436
0.646464
0.646492
0.646520
0.646548
0.646576
0.646604
0.646632
0.646660
0.646688
0.646716
0.646744
0.646772
0.646799
0.646827
0.646855
0.646883
0.646910
0.646938
0.646966
0.646993
0.647021
0.647049
0.647076
0.647104
0.647132
0.647159
0.647187
0.647214
0.647242
0.647270
0.647297
0.647325
0.647352
0.647380
0.647407
0.647435
0.647463
0.647490
0.647518
0.647545
0.647573
0.647600
0.647628
0.647655
0.647683
0.647711
0.647738
0.647766
0.647793
0.647821
0.647848
0.647876
0.647904
0.647931
0.647959
0.647986
0.648014
0.648042
0.648069
0.648097
0.648125
0.648152
0.648180
0.648208
0.648236
0.648263
0.648291
0.648319
0.648347
0.648374
0.648402
0.648430
0.648458
0.648486
0.648514
0.648542
0.648569
0.648597
0.648625
0.648653
0.648681
0.648709
0.648737
0.648765
0.648793
0.648821
0.648849
0.648877
0.648906
0.648934
0.648962
0.648990
0.649018
0.649046
0.649075
0.649103
0.649131
0.649159
0.649188
0.649216
0.649244
0.649273
0.649301
0.649329
0.649358
0.649386
0.649415
0.649443
0.649471
0.649500
0.649528
0.649557
0.649586
0.649614
0.649643
0.649671
0.649700
0.649728
0.649757
0.649786
0.649814
0.649843
0.649872
0.649901
0.649929
0.649958
0.649987
0.650016
0.650044
0.650073
0.650102
0.650131
0.650160
0.650189
0.650218
0.650246
0.650275
0.650304
0.650333
0.650362
0.650391
0.650420
0.650449
0.650478
0.650507
0.650536
0.650565
0.650594
0.650624
0.650653
0.650682
0.650711
0.650740
0.650769
0.650798
0.650827
0.650857
0.650886
0.650915
0.650944
0.650973
0.651003
0.651032
0.651061
0.651090
0.651119
0.651149
0.651178
0.651207
0.651237
0.651266
0.651295
0.651324
0.651354
0.651383
0.651412
0.651442
0.651471
0.651500
0.651530
0.651559
0.651588
0.651618
0.651647
0.651676
0.651706
0.651735
0.651765
0.651794
0.651823
0.651853
0.651882
0.651911
0.651941
0.651970
0.652000
0.652029
0.652058
0.652088
0.652117
0.652147
0.652176
0.652205
0.652235
0.652264
0.652294
0.652323
0.652352
0.652382
0.652411
0.652441
0.652470
0.652499
0.652529
0.652558
0.652587
0.652617
0.652646
0.652676
0.652705
0.652734
0.652764
0.652793
0.652822
0.652852
0.652881
0.652910
0.652940
0.652969
0.652998
0.653028
0.653057
0.653086
0.653116
0.653145
0.653174
0.653203
0.653233
0.653262
0.653291
0.653320
0.653350
0.653379
0.653408
0.653437
0.653466
0.653496
0.653525
0.653554
0.653583
0.653612
0.653641
0.653671
0.653700
0.653729
0.653758
0.653787
0.653816
0.653845
0.653874
0.653903
0.653932
0.653961
0.653990
0.654019
0.654048
0.654077
0.654106
0.654135
0.654164
0.654193
0.654222
0.654251
0.654279
0.654308
0.654337
0.654366
0.654395
0.654423
0.654452
0.654481
0.654510
0.654510
