-0.230762
0.422028
0.346514
0.354613
0.364361
0.371416
0.375766
0.378130
0.379234
0.379632
0.379674
0.379564
0.379417
0.379293
0.379225
0.379227
0.379305
0.379458
0.379686
0.379986
0.380355
0.380791
0.381291
0.381855
0.382480
0.383165
0.383908
0.384709
0.385565
0.386472
0.387428
0.388427
0.389466
0.390537
0.391636
0.392757
0.393892
0.395038
0.396187
0.397336
0.398480
0.399615
0.400737
0.401845
0.402935
0.404006
0.405057
0.406086
0.407092
0.408076
0.409037
0.409975
0.410889
0.411781
0.412650
0.413497
0.414322
0.415125
0.415908
0.416670
0.417412
0.418135
0.418839
0.419525
0.420193
0.420844
0.421478
0.422096
0.422697
0.423282
0.423851
0.424404
0.424942
0.425463
0.425968
0.426456
0.426927
0.427380
0.427816
0.428233
0.428631
0.429010
0.429369
0.429707
0.430024
0.430320
0.430594
0.430845
0.431075
0.431282
0.431466
0.431628
0.431767
0.431884
0.431979
0.432053
0.432106
0.432138
0.432151
0.432145
0.432121
0.432080
0.432024
0.431952
0.431868
0.431770
0.431662
0.431544
0.431417
0.431282
0.431141
0.430995
0.430844
0.430690
0.430534
0.430377
0.430220
0.430064
0.429909
0.429756
0.429606
0.429461
0.429320
0.429183
0.429053
0.428929
0.428811
0.428700
0.428598
0.428502
0.428416
0.428337
0.428268
0.428207
0.428156
0.428114
0.428081
0.428058
0.428044
0.428040
0.428045
0.428060
0.428084
0.428118
0.428161
0.428214
0.428275
0.428346
0.428425
0.428513
0.428609
0.428714
0.428827
0.428947
0.429075
0.429211
0.429354
0.429504
0.429661
0.429824
0.429994
0.430170
0.430352
0.430539
0.430732
0.430930
0.431134
0.431342
0.431555
0.431772
0.431994
0.432220
0.432450
0.432683
0.432921
0.433161
0.433405
0.433653
0.433903
0.434156
0.434412
0.434670
0.434931
0.435195
0.435460
0.435728
0.435998
0.436270
0.436544
0.436820
0.437097
0.437376
0.437657
0.437939
0.438223
0.438508
0.438795
0.439082
0.439371
0.439661
0.439952
0.440245
0.440538
0.440832
0.441127
0.441423
0.441720
0.442018
0.442316
0.442615
0.442915
0.443216
0.443517
0.443819
0.444121
0.444424
0.444727
0.445031
0.445335
0.445640
0.445945
0.446251
0.446556
0.446862
0.447169
0.447475
0.447782
0.448089
0.448397
0.448704
0.449011
0.449319
0.449627
0.449934
0.450242
0.450550
0.450857
0.451165
0.451472
0.451780
0.452087
0.452394
0.452701
0.453008
0.453314
0.453620
0.453926
0.454231
0.454536
0.454841
0.455145
0.455449
0.455752
0.456055
0.456358
0.456659
0.456960
0.457261
0.457561
0.457860
0.458158
0.458456
0.458753
0.459049
0.459344
0.459639
0.459932
0.460225
0.460517
0.460807
0.461097
0.461385
0.461673
0.461959
0.462244
0.462528
0.462811
0.463093
0.463373
0.463652
0.463929
0.464205
0.464480
0.464754
0.465025
0.465296
0.465564
0.465831
0.466097
0.466361
0.466623
0.466883
0.467142
0.467399
0.467654
0.467907
0.468158
0.468408
0.468655
0.468901
0.469144
0.469385
0.469625
0.469862
0.470097
0.470329
0.470560
0.470788
0.471014
0.471238
0.471459
0.471678
0.471894
0.472108
0.472320
0.472529
0.472736
0.472940
0.473141
0.473340
0.473536
0.473730
0.473921
0.474109
0.474294
0.474477
0.474657
0.474834
0.475008
0.475180
0.475349
0.475514
0.475677
0.475837
0.475995
0.476149
0.476300
0.476448
0.476594
0.476736
0.476876
0.477012
0.477146
0.477276
0.477404
0.477529
0.477650
0.477769
0.477885
0.477997
0.478107
0.478214
0.478318
0.478418
0.478516
0.478611
0.478702
0.478791
0.478876
0.478957
0.479034
0.479107
0.479175
0.479238
0.479295
0.479346
0.479392
0.479433
0.479470
0.479504
0.479536
0.479568
0.479601
0.479634
0.479667
0.479699
0.479730
0.479758
0.479781
0.479799
0.479810
0.479814
0.479810
0.479799
0.479780
0.479754
0.479721
0.479682
0.479638
0.479588
0.479535
0.479477
0.479417
0.479353
0.479287
0.479218
0.479148
0.479075
0.479000
0.478923
0.478845
0.478764
0.478682
0.478598
0.478511
0.478423
0.478333
0.478240
0.478146
0.478049
0.477950
0.477849
0.477746
0.477641
0.477533
0.477423
0.477310
0.477195
0.477078
0.476958
0.476836
0.476712
0.476585
0.476455
0.476323
0.476189
0.476052
0.475913
0.475771
0.475627
0.475480
0.475331
0.475179
0.475025
0.474868
0.474709
0.474547
0.474383
0.474216
0.474047
0.473876
0.473702
0.473526
0.473347
0.473166
0.472982
0.472796
0.472608
0.472417
0.472223
0.472028
0.471829
0.471629
0.471426
0.471220
0.471013
0.470802
0.470590
0.470375
0.470157
0.469937
0.469715
0.469491
0.469264
0.469034
0.468802
0.468568
0.468332
0.468093
0.467851
0.467607
0.467361
0.467113
0.466862
0.466608
0.466352
0.466094
0.465834
0.465571
0.465305
0.465038
0.464767
0.464495
0.464220
0.463942
0.463662
0.463380
0.463096
0.462809
0.462519
0.462227
0.461933
0.461636
0.461337
0.461036
0.460732
0.460425
0.460117
0.459806
0.459492
0.459492
0.459176
0.458858
0.458537
0.458214
0.457889
0.457561
0.457231
0.456899
0.456564
0.456227
0.455888
0.455546
0.455202
0.454856
0.454507
0.454157
0.453804
0.453449
0.453092
0.452732
0.452371
0.452007
0.451641
0.451274
0.450904
0.450532
0.450159
0.449783
0.449406
0.449027
0.448646
0.448263
0.447879
0.447492
0.447105
0.446716
0.446325
0.445933
0.445539
0.445145
0.444748
0.444351
0.443953
0.443553
0.443153
0.442751
0.442349
0.441946
0.441542
0.441137
0.440732
0.440327
0.439921
0.439514
0.439108
0.438701
0.438294
0.437887
0.437480
0.437073
0.436666
0.436259
0.435853
0.435447
0.435042
0.434638
0.434233
0.433830
0.433428
0.433026
0.432625
0.432225
0.431826
0.431429
0.431032
0.430637
0.430243
0.429850
0.429459
0.429070
0.428681
0.428295
0.427910
0.427526
0.427144
0.426764
0.426386
0.426010
0.425635
0.425262
0.424891
0.424523
0.424155
0.423790
0.423427
0.423066
0.422707
0.422350
0.421995
0.421642
0.421291
0.420942
0.420595
0.420251
0.419908
0.419567
0.419229
0.418892
0.418558
0.418226
0.417895
0.417567
0.417241
0.416917
0.416594
0.416274
0.415956
0.415640
0.415325
0.415013
0.414702
0.414394
0.414087
0.413782
0.413480
0.413178
0.412879
0.412582
0.412286
0.411992
0.411700
0.411409
0.411120
0.410833
0.410548
0.410264
0.409981
0.409701
0.409421
0.409143
0.408867
0.408592
0.408319
0.408047
0.407776
0.407506
0.407238
0.406971
0.406706
0.406441
0.406178
0.405916
0.405655
0.405395
0.405136
0.404878
0.404621
0.404365
0.404110
0.403856
0.403603
0.403350
0.403098
0.402847
0.402597
0.402348
0.402099
0.401850
0.401603
0.401355
0.401109
0.400863
0.400617
0.400372
0.400127
0.399882
0.399638
0.399395
0.399151
0.398908
0.398665
0.398422
0.398180
0.397937
0.397695
0.397453
0.397211
0.396969
0.396727
0.396485
0.396244
0.396002
0.395760
0.395518
0.395276
0.395034
0.394792
0.394550
0.394308
0.394066
0.393823
0.393581
0.393338
0.393095
0.392852
0.392609
0.392366
0.392122
0.391878
0.391635
0.391391
0.391146
0.390902
0.390658
0.390413
0.390168
0.389923
0.389678
0.389433
0.389187
0.388942
0.388696
0.388450
0.388204
0.387958
0.387712
0.387465
0.387219
0.386973
0.386726
0.386480
0.386233
0.385987
0.385740
0.385494
0.385247
0.385001
0.384754
0.384508
0.384262
0.384016
0.383770
0.383524
0.383279
0.383033
0.382788
0.382543
0.382298
0.382053
0.381809
0.381565
0.381322
0.381078
0.380835
0.380592
0.380350
0.380108
0.379867
0.379626
0.379385
0.379145
0.378906
0.378666
0.378428
0.378190
0.377952
0.377715
0.377479
0.377243
0.377008
0.376774
0.376540
0.376306
0.376074
0.375842
0.375611
0.375381
0.375151
0.374922
0.374694
0.374467
0.374240
0.374014
0.373789
0.373565
0.373342
0.373119
0.372898
0.372677
0.372457
0.372238
0.372020
0.371803
0.371587
0.371371
0.371157
0.370943
0.370731
0.370519
0.370308
0.370099
0.369890
0.369682
0.369475
0.369269
0.369064
0.368861
0.368658
0.368456
0.368255
0.368055
0.367856
0.367658
0.367461
0.367265
0.367070
0.366876
0.366683
0.366491
0.366300
0.366111
0.365922
0.365734
0.365547
0.365361
0.365176
0.364992
0.364809
0.364627
0.364447
0.364267
0.364088
0.363910
0.363733
0.363557
0.363382
0.363208
0.363035
0.362863
0.362692
0.362522
0.362353
0.362185
0.362018
0.361852
0.361686
0.361522
0.361359
0.361196
0.361035
0.360874
0.360714
0.360556
0.360398
0.360241
0.360085
0.359930
0.359775
0.359622
0.359470
0.359318
0.359167
0.359018
0.358869
0.358721
0.358573
0.358427
0.358282
0.358137
0.357993
0.357850
0.357708
0.357566
0.357426
0.357286
0.357147
0.357009
0.356872
0.356735
0.356599
0.356464
0.356330
0.356197
0.356064
0.355932
0.355801
0.355670
0.355541
0.355412
0.355283
0.355156
0.355029
0.354903
0.354778
0.354653
0.354529
0.354406
0.354283
0.354161
0.354040
0.353920
0.353800
0.353681
0.353562
0.353444
0.353327
0.353211
0.353095
0.352979
0.352865
0.352751
0.352637
0.352525
0.352413
0.352301
0.352190
0.352080
0.351970
0.351861
0.351752
0.351644
0.351537
0.351430
0.351324
0.351218
0.351113
0.351009
0.350905
0.350801
0.350699
0.350596
0.350494
0.350393
0.350292
0.350192
0.350093
0.349994
0.349895
0.349797
0.349699
0.349602
0.349506
0.349410
0.349314
0.349219
0.349124
0.349030
0.348937
0.348843
0.348751
0.348659
0.348567
0.348476
0.348385
0.348294
0.348204
0.348115
0.348026
0.347937
0.347849
0.347762
0.347674
0.347588
0.347501
0.347415
0.347330
0.347245
0.347160
0.347076
0.346992
0.346908
0.346825
0.346743
0.346660
0.346579
0.346497
0.346417
0.346340
0.346267
0.346158
0.345941
0.345724
0.345381
0.345217
0.345513
0.345716
0.345677
0.345425
0.345073
0.344734
0.344478
0.344331
0.344282
0.344303
0.344360
0.344422
0.344468
0.344485
0.344468
0.344468
0.344418
0.344339
0.344235
0.344114
0.343981
0.343842
0.343699
0.343558
0.343420
0.343288
0.343163
0.343046
0.342937
0.342836
0.342743
0.342658
0.342579
0.342506
0.342438
0.342375
0.342316
0.342260
0.342207
0.342156
0.342106
0.342058
0.342012
0.341966
0.341920
0.341875
0.341831
0.341786
0.341742
0.341698
0.341653
0.341609
0.341564
0.341519
0.341474
0.341429
0.341383
0.341337
0.341291
0.341244
0.341197
0.341150
0.341102
0.341054
0.341006
0.340957
0.340908
0.340858
0.340808
0.340758
0.340707
0.340656
0.340605
0.340553
0.340501
0.340449
0.340396
0.340344
0.340291
0.340237
0.340184
0.340130
0.340076
0.340022
0.339967
0.339913
0.339858
0.339803
0.339748
0.339692
0.339637
0.339582
0.339526
0.339470
0.339414
0.339358
0.339302
0.339246
0.339190
0.339134
0.339078
0.339021
0.338965
0.338909
0.338853
0.338796
0.338740
0.338684
0.338627
0.338571
0.338515
0.338459
0.338403
0.338347
0.338291
0.338235
0.338179
0.338123
0.338068
0.338012
0.337957
0.337901
0.337846
0.337791
0.337736
0.337681
0.337627
0.337572
0.337518
0.337464
0.337410
0.337356
0.337302
0.337248
0.337195
0.337142
0.337089
0.337036
0.336984
0.336931
0.336879
0.336827
0.336776
0.336724
0.336673
0.336622
0.336571
0.336521
0.336470
0.336420
0.336371
0.336321
0.336272
0.336223
0.336175
0.336126
0.336078
0.336030
0.335983
0.335936
0.335889
0.335842
0.335796
0.335750
0.335705
0.335659
0.335615
0.335570
0.335526
0.335482
0.335438
0.335395
0.335352
0.335310
0.335268
0.335226
0.335185
0.335144
0.335103
0.335063
0.335023
0.334984
0.334945
0.334906
0.334868
0.334830
0.334793
0.334756
0.334720
0.334683
0.334648
0.334612
0.334578
0.334543
0.334509
0.334476
0.334442
0.334410
0.334377
0.334346
0.334312
0.334293
0.334213
0.334408
0.333785
0.335017
0.333351
0.333005
0.332755
0.333012
0.333498
0.334126
0.334524
0.334718
0.334535
0.334251
0.333726
0.333372
0.332817
0.332745
0.332186
0.332600
0.331906
0.332456
0.331934
0.332458
0.332266
0.332859
0.332804
0.333324
0.333162
0.333498
0.333159
0.333364
0.332904
0.333091
0.332581
0.332821
0.332313
0.332616
0.332145
0.332489
0.332073
0.332434
0.332059
0.332414
0.332047
0.332380
0.331993
0.332304
0.331888
0.332189
0.331748
0.332053
0.331603
0.331920
0.331473
0.331804
0.331367
0.331707
0.331280
0.331624
0.331200
0.331545
0.331118
0.331462
0.331027
0.331372
0.330931
0.331279
0.330833
0.331187
0.330741
0.331100
0.330655
0.331019
0.330574
0.330943
0.330498
0.330869
0.330422
0.330797
0.330346
0.330724
0.330270
0.330651
0.330196
0.330581
0.330123
0.330512
0.330053
0.330445
0.329984
0.330380
0.329918
0.330316
0.329852
0.330254
0.329787
0.330192
0.329723
0.330131
0.329660
0.330072
0.329599
0.330013
0.329538
0.329956
0.329479
0.329900
0.329421
0.329844
0.329363
0.329790
0.329307
0.329736
0.329251
0.329683
0.329196
0.329631
0.329142
0.329580
0.329089
0.329529
0.329037
0.329479
0.328985
0.329430
0.328934
0.329382
0.328884
0.329334
0.328834
0.329287
0.328786
0.329241
0.328738
0.329195
0.328690
0.329150
0.328643
0.329106
0.328597
0.329062
0.328552
0.329019
0.328507
0.328976
0.328463
0.328934
0.328419
0.328892
0.328376
0.328851
0.328333
0.328811
0.328291
0.328770
0.328250
0.328731
0.328209
0.328692
0.328168
0.328653
0.328128
0.328615
0.328089
0.328577
0.328050
0.328540
0.328011
0.328503
0.327973
0.328467
0.327936
0.328431
0.327899
0.328395
0.327862
0.328360
0.327826
0.328325
0.327790
0.328291
0.327755
0.328257
0.327720
0.328223
0.327685
0.328190
0.327651
0.328156
0.327618
0.328124
0.327584
0.328091
0.327551
0.328059
0.327519
0.328027
0.327486
0.327996
0.327455
0.327965
0.327423
0.327934
0.327392
0.327903
0.327361
0.327873
0.327331
0.327843
0.327300
0.327813
0.327271
0.327783
0.327241
0.327754
0.327212
0.327725
0.327183
0.327696
0.327154
0.327667
0.327126
0.327639
0.327098
0.327610
0.327070
0.327582
0.327043
0.327554
0.327015
0.327527
0.326988
0.327499
0.326962
0.327472
0.326935
0.327444
0.326909
0.327417
0.326883
0.327390
0.326857
0.327364
0.326832
0.327337
0.326807
0.327311
0.326782
0.327284
0.326757
0.327258
0.326732
0.327232
0.326708
0.327206
0.326684
0.327180
0.326660
0.327154
0.326636
0.327128
0.326613
0.327103
0.326589
0.327077
0.326566
0.327052
0.326543
0.327026
0.326520
0.327001
0.326498
0.326976
0.326475
0.326950
0.326453
0.326925
0.326431
0.326900
0.326408
0.326875
0.326387
0.326850
0.326365
0.326825
0.326343
0.326800
0.326322
0.326775
0.326301
0.326750
0.326279
0.326725
0.326258
0.326701
0.326237
0.326676
0.326216
0.326651
0.326196
0.326626
0.326175
0.326601
0.326155
0.326576
0.326134
0.326552
0.326114
0.326527
0.326094
0.326502
0.326074
0.326074
0.326477
0.326054
0.326452
0.326034
0.326427
0.326014
0.326402
0.325994
0.326377
0.325974
0.326352
0.325954
0.326327
0.325935
0.326302
0.325915
0.326277
0.325896
0.326252
0.325876
0.326227
0.325857
0.326202
0.325838
0.326176
0.325819
0.326151
0.325799
0.326126
0.325780
0.326100
0.325761
0.326075
0.325742
0.326049
0.325723
0.326024
0.325704
0.325998
0.325685
0.325972
0.325667
0.325946
0.325648
0.325920
0.325629
0.325894
0.325610
0.325868
0.325592
0.325842
0.325573
0.325815
0.325555
0.325789
0.325536
0.325762
0.325518
0.325736
0.325500
0.325709
0.325481
0.325682
0.325463
0.325655
0.325445
0.325627
0.325427
0.325600
0.325410
0.325572
0.325392
0.325544
0.325374
0.325515
0.325357
0.325486
0.325340
0.325457
0.325322
0.325427
0.325305
0.325397
0.325288
0.325365
0.325271
0.325333
0.325253
0.325301
0.325234
0.325267
0.325214
0.325233
0.325192
0.325198
0.325167
0.325162
0.325138
0.325126
0.325106
0.325090
0.325070
0.325052
0.325032
0.325012
0.324992
0.324971
0.324949
0.324927
0.324905
0.324882
0.324859
0.324836
0.324812
0.324789
0.324765
0.324741
0.324718
0.324694
0.324671
0.324649
0.324626
0.324605
0.324584
0.324564
0.324545
0.324527
0.324509
0.324493
0.324476
0.324461
0.324446
0.324431
0.324417
0.324403
0.324389
0.324375
0.324362
0.324349
0.324335
0.324322
0.324309
0.324296
0.324283
0.324271
0.324258
0.324246
0.324233
0.324221
0.324209
0.324197
0.324186
0.324174
0.324163
0.324151
0.324140
0.324130
0.324119
0.324108
0.324098
0.324087
0.324077
0.324067
0.324057
0.324047
0.324037
0.324027
0.324018
0.324008
0.323998
0.323989
0.323979
0.323970
0.323960
0.323951
0.323941
0.323932
0.323922
0.323913
0.323903
0.323894
0.323884
0.323875
0.323865
0.323856
0.323846
0.323836
0.323827
0.323817
0.323807
0.323797
0.323787
0.323778
0.323768
0.323758
0.323748
0.323738
0.323727
0.323717
0.323707
0.323697
0.323686
0.323676
0.323666
0.323655
0.323645
0.323634
0.323623
0.323613
0.323602
0.323591
0.323580
0.323570
0.323559
0.323548
0.323537
0.323526
0.323514
0.323503
0.323492
0.323481
0.323470
0.323458
0.323447
0.323435
0.323424
0.323412
0.323401
0.323389
0.323377
0.323366
0.323354
0.323342
0.323330
0.323319
0.323307
0.323295
0.323283
0.323271
0.323259
0.323247
0.323234
0.323222
0.323210
0.323198
0.323186
0.323173
0.323161
0.323149
0.323136
0.323124
0.323111
0.323099
0.323086
0.323074
0.323061
0.323049
0.323036
0.323023
0.323011
0.322998
0.322985
0.322972
0.322960
0.322947
0.322934
0.322921
0.322908
0.322895
0.322882
0.322869
0.322857
0.322844
0.322831
0.322818
0.322805
0.322792
0.322778
0.322765
0.322752
0.322739
0.322726
0.322713
0.322700
0.322687
0.322674
0.322660
0.322647
0.322634
0.322621
0.322608
0.322594
0.322581
0.322568
0.322555
0.322541
0.322528
0.322515
0.322501
0.322488
0.322475
0.322462
0.322448
0.322435
0.322422
0.322408
0.322395
0.322382
0.322368
0.322355
0.322342
0.322329
0.322315
0.322302
0.322289
0.322275
0.322262
0.322249
0.322235
0.322222
0.322209
0.322196
0.322182
0.322169
0.322156
0.322142
0.322129
0.322116
0.322103
0.322089
0.322076
0.322063
0.322050
0.322037
0.322023
0.322010
0.321997
0.321984
0.321971
0.321958
0.321944
0.321931
0.321918
0.321905
0.321892
0.321879
0.321866
0.321853
0.321840
0.321827
0.321814
0.321801
0.321788
0.321775
0.321762
0.321749
0.321736
0.321724
0.321711
0.321698
0.321685
0.321672
0.321659
0.321647
0.321634
0.321621
0.321609
0.321596
0.321583
0.321571
0.321558
0.321545
0.321533
0.321520
0.321508
0.321495
0.321483
0.321470
0.321458
0.321445
0.321433
0.321421
0.321408
0.321396
0.321384
0.321372
0.321359
0.321347
0.321335
0.321323
0.321311
0.321299
0.321287
0.321274
0.321262
0.321250
0.321239
0.321227
0.321215
0.321203
0.321191
0.321179
0.321167
0.321156
0.321144
0.321132
0.321121
0.321109
0.321097
0.321086
0.321074
0.321063
0.321051
0.321040
0.321028
0.321017
0.321006
0.320994
0.320983
0.320972
0.320961
0.320949
0.320938
0.320927
0.320916
0.320905
0.320894
0.320883
0.320872
0.320861
0.320850
0.320839
0.320828
0.320818
0.320807
0.320796
0.320785
0.320775
0.320764
0.320754
0.320743
0.320733
0.320722
0.320712
0.320701
0.320691
0.320681
0.320670
0.320660
0.320650
0.320640
0.320630
0.320619
0.320609
0.320599
0.320589
0.320579
0.320569
0.320560
0.320550
0.320540
0.320530
0.320520
0.320511
0.320501
0.320491
0.320482
0.320472
0.320463
0.320453
0.320444
0.320434
0.320425
0.320416
0.320407
0.320397
0.320388
0.320379
0.320370
0.320361
0.320352
0.320343
0.320334
0.320325
0.320316
0.320307
0.320298
0.320289
0.320281
0.320272
0.320263
0.320255
0.320246
0.320238
0.320229
0.320221
0.320212
0.320204
0.320195
0.320195
0.320187
0.320179
0.320171
0.320162
0.320154
0.320146
0.320138
0.320130
0.320122
0.320114
0.320106
0.320098
0.320091
0.320083
0.320075
0.320067
0.320060
0.320052
0.320044
0.320037
0.320029
0.320022
0.320014
0.320007
0.320000
0.319992
0.319985
0.319978
0.319970
0.319963
0.319956
0.319949
0.319942
0.319935
0.319928
0.319921
0.319914
0.319907
0.319900
0.319894
0.319887
0.319880
0.319874
0.319867
0.319860
0.319854
0.319847
0.319841
0.319834
0.319828
0.319822
0.319815
0.319809
0.319803
0.319796
0.319790
0.319784
0.319778
0.319772
0.319766
0.319760
0.319754
0.319748
0.319742
0.319736
0.319731
0.319725
0.319719
0.319713
0.319708
0.319702
0.319697
0.319691
0.319686
0.319680
0.319675
0.319669
0.319664
0.319659
0.319653
0.319648
0.319643
0.319638
0.319632
0.319627
0.319622
0.319617
0.319612
0.319607
0.319602
0.319597
0.319593
0.319588
0.319583
0.319578
0.319574
0.319569
0.319564
0.319560
0.319555
0.319550
0.319546
0.319541
0.319537
0.319533
0.319528
0.319524
0.319520
0.319515
0.319511
0.319507
0.319503
0.319498
0.319494
0.319490
0.319486
0.319482
0.319478
0.319474
0.319470
0.319466
0.319463
0.319459
0.319455
0.319451
0.319447
0.319444
0.319440
0.319436
0.319433
0.319429
0.319426
0.319422
0.319419
0.319415
0.319412
0.319408
0.319405
0.319402
0.319398
0.319395
0.319392
0.319389
0.319385
0.319382
0.319379
0.319376
0.319373
0.319370
0.319367
0.319364
0.319361
0.319358
0.319355
0.319352
0.319349
0.319347
0.319344
0.319341
0.319338
0.319335
0.319333
0.319330
0.319327
0.319325
0.319322
0.319320
0.319317
0.319315
0.319312
0.319310
0.319307
0.319305
0.319303
0.319300
0.319298
0.319296
0.319293
0.319291
0.319289
0.319287
0.319284
0.319282
0.319280
0.319278
0.319276
0.319274
0.319272
0.319270
0.319268
0.319266
0.319264
0.319262
0.319260
0.319258
0.319256
0.319254
0.319252
0.319251
0.319249
0.319247
0.319245
0.319244
0.319242
0.319240
0.319239
0.319237
0.319235
0.319234
0.319232
0.319231
0.319229
0.319227
0.319226
0.319224
0.319223
0.319222
0.319220
0.319219
0.319217
0.319216
0.319215
0.319213
0.319212
0.319211
0.319209
0.319208
0.319207
0.319205
0.319204
0.319203
0.319202
0.319201
0.319200
0.319198
0.319197
0.319196
0.319195
0.319194
0.319193
0.319192
0.319191
0.319190
0.319189
0.319188
0.319187
0.319186
0.319185
0.319184
0.319183
0.319182
0.319181
0.319180
0.319179
0.319178
0.319178
0.319177
0.319176
0.319175
0.319174
0.319174
0.319173
0.319172
0.319171
0.319170
0.319170
0.319169
0.319168
0.319168
0.319167
0.319166
0.319166
0.319165
0.319164
0.319164
0.319163
0.319162
0.319162
0.319161
0.319160
0.319160
0.319159
0.319159
0.319158
0.319158
0.319157
0.319156
0.319156
0.319155
0.319155
0.319154
0.319154
0.319153
0.319153
0.319152
0.319152
0.319151
0.319151
0.319150
0.319150
0.319150
0.319149
0.319149
0.319148
0.319148
0.319147
0.319147
0.319147
0.319146
0.319146
0.319145
0.319145
0.319144
0.319144
0.319144
0.319143
0.319143
0.319143
0.319142
0.319142
0.319141
0.319141
0.319141
0.319140
0.319140
0.319140
0.319139
0.319139
0.319139
0.319138
0.319138
0.319137
0.319137
0.319137
0.319136
0.319136
0.319136
0.319135
0.319135
0.319135
0.319134
0.319134
0.319134
0.319133
0.319133
0.319132
0.319132
0.319132
0.319131
0.319131
0.319131
0.319130
0.319130
0.319130
0.319129
0.319129
0.319128
0.319128
0.319128
0.319127
0.319127
0.319127
0.319126
0.319126
0.319125
0.319125
0.319125
0.319124
0.319124
0.319123
0.319123
0.319122
0.319122
0.319122
0.319121
0.319121
0.319120
0.319120
0.319119
0.319119
0.319118
0.319118
0.319117
0.319117
0.319116
0.319116
0.319115
0.319115
0.319114
0.319114
0.319113
0.319113
0.319112
0.319112
0.319111
0.319111
0.319110
0.319109
0.319109
0.319108
0.319108
0.319107
0.319106
0.319106
0.319105
0.319104
0.319104
0.319103
0.319102
0.319102
0.319101
0.319100
0.319100
0.319099
0.319098
0.319097
0.319097
0.319096
0.319095
0.319094
0.319093
0.319093
0.319092
0.319091
0.319090
0.319089
0.319088
0.319088
0.319087
0.319086
0.319085
0.319084
0.319083
0.319082
0.319081
0.319080
0.319079
0.319078
0.319077
0.319076
0.319075
0.319074
0.319073
0.319072
0.319071
0.319070
0.319069
0.319068
0.319067
0.319065
0.319064
0.319063
0.319062
0.319061
0.319060
0.319058
0.319057
0.319056
0.319055
0.319053
0.319052
0.319051
0.319049
0.319048
0.319047
0.319045
0.319044
0.319043
0.319041
0.319040
0.319038
0.319037
0.319035
0.319034
0.319032
0.319031
0.319029
0.319028
0.319026
0.319025
0.319023
0.319021
0.319020
0.319018
0.319016
0.319015
0.319013
0.319011
0.319010
0.319008
0.319006
0.319004
0.319002
0.319001
0.318999
0.318997
0.318995
0.318993
0.318991
0.318991
0.318989
0.318987
0.318985
0.318984
0.318982
0.318980
0.318977
0.318975
0.318973
0.318971
0.318969
0.318967
0.318965
0.318963
0.318961
0.318958
0.318956
0.318954
0.318952
0.318949
0.318947
0.318945
0.318942
0.318940
0.318938
0.318935
0.318933
0.318930
0.318928
0.318926
0.318923
0.318921
0.318918
0.318915
0.318913
0.318910
0.318908
0.318905
0.318902
0.318900
0.318897
0.318894
0.318892
0.318889
0.318886
0.318883
0.318880
0.318878
0.318875
0.318872
0.318869
0.318866
0.318863
0.318860
0.318857
0.318854
0.318851
0.318848
0.318845
0.318842
0.318839
0.318836
0.318832
0.318829
0.318826
0.318823
0.318820
0.318816
0.318813
0.318810
0.318806
0.318803
0.318800
0.318796
0.318793
0.318789
0.318786
0.318782
0.318779
0.318775
0.318772
0.318768
0.318764
0.318761
0.318757
0.318753
0.318750
0.318746
0.318742
0.318738
0.318735
0.318731
0.318727
0.318723
0.318719
0.318715
0.318711
0.318707
0.318703
0.318699
0.318695
0.318691
0.318687
0.318683
0.318679
0.318675
0.318671
0.318666
0.318662
0.318658
0.318654
0.318649
0.318645
0.318641
0.318636
0.318632
0.318628
0.318623
0.318619
0.318614
0.318610
0.318605
0.318600
0.318596
0.318591
0.318587
0.318582
0.318577
0.318573
0.318568
0.318563
0.318558
0.318553
0.318549
0.318544
0.318539
0.318534
0.318529
0.318524
0.318519
0.318514
0.318509
0.318504
0.318499
0.318494
0.318489
0.318483
0.318478
0.318473
0.318468
0.318462
0.318457
0.318452
0.318446
0.318441
0.318436
0.318430
0.318425
0.318419
0.318414
0.318408
0.318403
0.318397
0.318392
0.318386
0.318380
0.318375
0.318369
0.318363
0.318357
0.318352
0.318346
0.318340
0.318334
0.318328
0.318322
0.318316
0.318310
0.318304
0.318298
0.318292
0.318286
0.318280
0.318274
0.318268
0.318262
0.318255
0.318249
0.318243
0.318237
0.318230
0.318224
0.318218
0.318211
0.318205
0.318198
0.318192
0.318185
0.318179
0.318172
0.318166
0.318159
0.318153
0.318146
0.318139
0.318133
0.318126
0.318119
0.318112
0.318105
0.318099
0.318092
0.318085
0.318078
0.318071
0.318064
0.318057
0.318050
0.318043
0.318036
0.318029
0.318022
0.318014
0.318007
0.318000
0.317993
0.317986
0.317978
0.317971
0.317964
0.317956
0.317949
0.317941
0.317934
0.317926
0.317919
0.317911
0.317904
0.317896
0.317889
0.317881
0.317873
0.317866
0.317858
0.317850
0.317842
0.317835
0.317827
0.317819
0.317811
0.317803
0.317795
0.317787
0.317779
0.317771
0.317763
0.317755
0.317747
0.317739
0.317731
0.317723
0.317714
0.317706
0.317698
0.317690
0.317681
0.317673
0.317665
0.317656
0.317648
0.317639
0.317631
0.317622
0.317614
0.317605
0.317597
0.317588
0.317579
0.317571
0.317562
0.317553
0.317545
0.317536
0.317527
0.317518
0.317509
0.317500
0.317492
0.317483
0.317474
0.317465
0.317456
0.317447
0.317438
0.317428
0.317419
0.317410
0.317401
0.317392
0.317383
0.317373
0.317364
0.317355
0.317345
0.317336
0.317327
0.317317
0.317308
0.317298
0.317289
0.317279
0.317270
0.317260
0.317251
0.317241
0.317231
0.317222
0.317212
0.317202
0.317193
0.317183
0.317173
0.317163
0.317153
0.317143
0.317134
0.317124
0.317114
0.317104
0.317094
0.317084
0.317074
0.317063
0.317053
0.317043
0.317033
0.317023
0.317013
0.317002
0.316992
0.316982
0.316971
0.316961
0.316951
0.316940
0.316930
0.316919
0.316909
0.316898
0.316888
0.316877
0.316867
0.316856
0.316845
0.316835
0.316824
0.316813
0.316803
0.316792
0.316781
0.316770
0.316759
0.316748
0.316737
0.316727
0.316716
0.316705
0.316694
0.316683
0.316672
0.316660
0.316649
0.316638
0.316627
0.316616
0.316605
0.316593
0.316582
0.316571
0.316560
0.316548
0.316537
0.316525
0.316514
0.316503
0.316491
0.316480
0.316468
0.316457
0.316445
0.316433
0.316422
0.316410
0.316399
0.316387
0.316375
0.316363
0.316352
0.316340
0.316328
0.316316
0.316304
0.316292
0.316280
0.316269
0.316257
0.316245
0.316233
0.316221
0.316208
0.316196
0.316184
0.316172
0.316160
0.316148
0.316136
0.316123
0.316111
0.316099
0.316086
0.316074
0.316062
0.316049
0.316037
0.316024
0.316012
0.316000
0.315987
0.315975
0.315962
0.315949
0.315937
0.315924
0.315911
0.315899
0.315886
0.315873
0.315861
0.315848
0.315835
0.315822
0.315809
0.315797
0.315784
0.315771
0.315758
0.315745
0.315732
0.315719
0.315706
0.315693
0.315680
0.315667
0.315653
0.315640
0.315627
0.315614
0.315601
0.315587
0.315574
0.315561
0.315547
0.315534
0.315521
0.315507
0.315494
0.315481
0.315467
0.315454
0.315440
0.315427
0.315413
0.315399
0.315386
0.315372
0.315359
0.315345
0.315331
0.315317
0.315304
0.315290
0.315276
0.315262
0.315249
0.315235
0.315221
0.315207
0.315193
0.315179
0.315165
0.315151
0.315137
0.315123
0.315109
0.315095
0.315081
0.315067
0.315053
0.315038
0.315038
0.315024
0.315010
0.314996
0.314982
0.314967
0.314953
0.314939
0.314924
0.314910
0.314896
0.314881
0.314867
0.314852
0.314838
0.314823
0.314809
0.314794
0.314780
0.314765
0.314750
0.314736
0.314721
0.314707
0.314692
0.314677
0.314662
0.314648
0.314633
0.314618
0.314603
0.314588
0.314574
0.314559
0.314544
0.314529
0.314514
0.314499
0.314484
0.314469
0.314454
0.314439
0.314424
0.314409
0.314394
0.314378
0.314363
0.314348
0.314333
0.314318
0.314302
0.314287
0.314272
0.314257
0.314241
0.314226
0.314210
0.314195
0.314180
0.314164
0.314149
0.314133
0.314118
0.314102
0.314087
0.314071
0.314056
0.314040
0.314025
0.314009
0.313993
0.313978
0.313962
0.313946
0.313930
0.313915
0.313899
0.313883
0.313867
0.313851
0.313836
0.313820
0.313804
0.313788
0.313772
0.313756
0.313740
0.313724
0.313708
0.313692
0.313676
0.313660
0.313644
0.313628
0.313612
0.313596
0.313579
0.313563
0.313547
0.313531
0.313515
0.313498
0.313482
0.313466
0.313449
0.313433
0.313417
0.313400
0.313384
0.313368
0.313351
0.313335
0.313318
0.313302
0.313285
0.313269
0.313252
0.313236
0.313219
0.313202
0.313186
0.313169
0.313152
0.313136
0.313119
0.313102
0.313086
0.313069
0.313052
0.313035
0.313019
0.313002
0.312985
0.312968
0.312951
0.312934
0.312917
0.312901
0.312884
0.312867
0.312850
0.312833
0.312816
0.312799
0.312782
0.312765
0.312747
0.312730
0.312713
0.312696
0.312679
0.312662
0.312645
0.312627
0.312610
0.312593
0.312576
0.312558
0.312541
0.312524
0.312506
0.312489
0.312472
0.312454
0.312437
0.312420
0.312402
0.312385
0.312367
0.312350
0.312332
0.312315
0.312297
0.312280
0.312262
0.312245
0.312227
0.312209
0.312192
0.312174
0.312157
0.312139
0.312121
0.312102
0.312084
0.312077
0.312085
0.312086
0.312244
0.312293
0.312028
0.311546
0.311076
0.310800
0.310780
0.310985
0.311327
0.311712
0.312061
0.312325
0.312481
0.312528
0.312480
0.312357
0.312181
0.311974
0.311753
0.311535
0.311331
0.311149
0.310996
0.310872
0.310778
0.310712
0.310671
0.310652
0.310651
0.310665
0.310689
0.310720
0.310757
0.310797
0.310838
0.310879
0.310920
0.310959
0.310997
0.311032
0.311065
0.311096
0.311124
0.311149
0.311171
0.311191
0.311208
0.311221
0.311232
0.311240
0.311244
0.311245
0.311244
0.311239
0.311232
0.311221
0.311208
0.311193
0.311174
0.311154
0.311132
0.311107
0.311081
0.311053
0.311023
0.310992
0.310960
0.310926
0.310892
0.310857
0.310821
0.310784
0.310747
0.310709
0.310671
0.310633
0.310595
0.310556
0.310518
0.310479
0.310441
0.310402
0.310364
0.310326
0.310288
0.310251
0.310214
0.310177
0.310140
0.310104
0.310069
0.310033
0.309998
0.309964
0.309930
0.309896
0.309863
0.309830
0.309797
0.309765
0.309734
0.309703
0.309672
0.309642
0.309612
0.309582
0.309553
0.309525
0.309497
0.309469
0.309441
0.309414
0.309387
0.309361
0.309335
0.309309
0.309284
0.309259
0.309234
0.309210
0.309186
0.309162
0.309138
0.309115
0.309092
0.309070
0.309047
0.309025
0.309003
0.308981
0.308960
0.308939
0.308918
0.308897
0.308876
0.308856
0.308836
0.308816
0.308796
0.308776
0.308757
0.308737
0.308718
0.308699
0.308680
0.308661
0.308643
0.308624
0.308606
0.308588
0.308570
0.308552
0.308534
0.308516
0.308498
0.308481
0.308463
0.308446
0.308428
0.308411
0.308394
0.308377
0.308360
0.308343
0.308326
0.308310
0.308293
0.308276
0.308260
0.308243
0.308227
0.308210
0.308194
0.308178
0.308162
0.308145
0.308129
0.308113
0.308097
0.308081
0.308065
0.308049
0.308033
0.308018
0.308002
0.307986
0.307970
0.307955
0.307939
0.307923
0.307908
0.307892
0.307876
0.307861
0.307845
0.307830
0.307814
0.307799
0.307783
0.307768
0.307753
0.307737
0.307722
0.307706
0.307691
0.307676
0.307660
0.307645
0.307630
0.307615
0.307599
0.307584
0.307569
0.307554
0.307538
0.307523
0.307508
0.307493
0.307477
0.307462
0.307447
0.307432
0.307416
0.307401
0.307386
0.307371
0.307356
0.307340
0.307325
0.307310
0.307295
0.307279
0.307264
0.307249
0.307234
0.307218
0.307203
0.307188
0.307173
0.307157
0.307142
0.307127
0.307111
0.307096
0.307081
0.307065
0.307050
0.307034
0.307019
0.307004
0.306988
0.306973
0.306957
0.306942
0.306926
0.306911
0.306895
0.306880
0.306864
0.306849
0.306833
0.306817
0.306802
0.306786
0.306770
0.306755
0.306739
0.306723
0.306708
0.306692
0.306676
0.306660
0.306644
0.306628
0.306613
0.306597
0.306581
0.306565
0.306549
0.306533
0.306517
0.306501
0.306485
0.306469
0.306453
0.306436
0.306420
0.306404
0.306388
0.306372
0.306355
0.306339
0.306323
0.306306
0.306290
0.306274
0.306257
0.306241
0.306224
0.306208
0.306191
0.306175
0.306158
0.306142
0.306125
0.306109
0.306092
0.306075
0.306058
0.306042
0.306025
0.306008
0.306008
0.305991
0.305975
0.305958
0.305941
0.305924
0.305907
0.305890
0.305873
0.305856
0.305839
0.305822
0.305805
0.305788
0.305770
0.305753
0.305736
0.305719
0.305702
0.305684
0.305667
0.305650
0.305632
0.305615
0.305598
0.305580
0.305563
0.305545
0.305528
0.305510
0.305493
0.305475
0.305457
0.305440
0.305422
0.305405
0.305387
0.305369
0.305351
0.305334
0.305316
0.305298
0.305280
0.305262
0.305244
0.305226
0.305209
0.305191
0.305173
0.305155
0.305137
0.305118
0.305100
0.305082
0.305064
0.305046
0.305028
0.305010
0.304991
0.304973
0.304955
0.304937
0.304918
0.304900
0.304882
0.304863
0.304845
0.304827
0.304808
0.304790
0.304771
0.304753
0.304734
0.304716
0.304697
0.304679
0.304660
0.304642
0.304623
0.304604
0.304586
0.304567
0.304548
0.304530
0.304511
0.304492
0.304473
0.304454
0.304436
0.304417
0.304398
0.304379
0.304360
0.304341
0.304322
0.304304
0.304285
0.304266
0.304247
0.304228
0.304209
0.304190
0.304171
0.304152
0.304133
0.304113
0.304094
0.304075
0.304056
0.304037
0.304018
0.303999
0.303979
0.303960
0.303941
0.303922
0.303903
0.303883
0.303864
0.303845
0.303826
0.303806
0.303787
0.303768
0.303748
0.303729
0.303710
0.303690
0.303671
0.303651
0.303632
0.303613
0.303593
0.303574
0.303554
0.303535
0.303515
0.303496
0.303476
0.303457
0.303437
0.303418
0.303398
0.303379
0.303359
0.303340
0.303320
0.303301
0.303281
0.303261
0.303242
0.303222
0.303203
0.303183
0.303163
0.303144
0.303124
0.303104
0.303085
0.303065
0.303045
0.303026
0.303006
0.302986
0.302967
0.302947
0.302927
0.302908
0.302888
0.302868
0.302848
0.302829
0.302809
0.302789
0.302769
0.302750
0.302730
0.302710
0.302690
0.302671
0.302651
0.302631
0.302611
0.302592
0.302572
0.302552
0.302532
0.302513
0.302493
0.302473
0.302453
0.302433
0.302414
0.302394
0.302374
0.302354
0.302334
0.302315
0.302295
0.302275
0.302255
0.302235
0.302216
0.302196
0.302176
0.302156
0.302136
0.302117
0.302097
0.302077
0.302057
0.302037
0.302018
0.301998
0.301978
0.301958
0.301938
0.301919
0.301899
0.301879
0.301859
0.301840
0.301820
0.301800
0.301780
0.301760
0.301741
0.301721
0.301701
0.301681
0.301662
0.301642
0.301622
0.301602
0.301583
0.301563
0.301543
0.301523
0.301504
0.301484
0.301464
0.301445
0.301425
0.301405
0.301386
0.301366
0.301346
0.301326
0.301307
0.301287
0.301267
0.301248
0.301228
0.301208
0.301189
0.301169
0.301150
0.301130
0.301110
0.301091
0.301071
0.301052
0.301032
0.301012
0.300993
0.300973
0.300954
0.300934
0.300915
0.300895
0.300875
0.300856
0.300836
0.300817
0.300797
0.300778
0.300758
0.300739
0.300719
0.300700
0.300681
0.300661
0.300642
0.300622
0.300603
0.300583
0.300564
0.300545
0.300525
0.300506
0.300486
0.300467
0.300448
0.300428
0.300409
0.300390
0.300370
0.300351
0.300332
0.300313
0.300293
0.300274
0.300255
0.300236
0.300216
0.300197
0.300178
0.300159
0.300140
0.300120
0.300101
0.300082
0.300063
0.300044
0.300025
0.300006
0.299987
0.299967
0.299948
0.299929
0.299910
0.299891
0.299872
0.299853
0.299834
0.299815
0.299796
0.299777
0.299758
0.299739
0.299720
0.299701
0.299683
0.299664
0.299645
0.299626
0.299607
0.299588
0.299569
0.299551
0.299532
0.299513
0.299494
0.299475
0.299457
0.299438
0.299419
0.299400
0.299382
0.299363
0.299344
0.299326
0.299307
0.299288
0.299270
0.299251
0.299233
0.299214
0.299195
0.299177
0.299158
0.299140
0.299121
0.299103
0.299084
0.299066
0.299047
0.299029
0.299010
0.298992
0.298974
0.298955
0.298937
0.298919
0.298900
0.298882
0.298864
0.298845
0.298827
0.298809
0.298790
0.298772
0.298754
0.298736
0.298717
0.298699
0.298681
0.298663
0.298645
0.298627
0.298609
0.298590
0.298572
0.298554
0.298536
0.298518
0.298500
0.298482
0.298464
0.298446
0.298428
0.298410
0.298392
0.298374
0.298356
0.298339
0.298321
0.298303
0.298285
0.298267
0.298249
0.298232
0.298214
0.298196
0.298178
0.298161
0.298143
0.298125
0.298107
0.298090
0.298072
0.298054
0.298037
0.298019
0.298002
0.297984
0.297966
0.297949
0.297931
0.297914
0.297896
0.297879
0.297861
0.297844
0.297826
0.297809
0.297792
0.297774
0.297757
0.297739
0.297722
0.297705
0.297687
0.297670
0.297653
0.297636
0.297618
0.297601
0.297584
0.297567
0.297549
0.297532
0.297515
0.297498
0.297481
0.297464
0.297447
0.297429
0.297412
0.297395
0.297378
0.297361
0.297344
0.297327
0.297310
0.297293
0.297276
0.297260
0.297243
0.297226
0.297209
0.297192
0.297175
0.297158
0.297142
0.297125
0.297108
0.297091
0.297074
0.297058
0.297041
0.297024
0.297008
0.296991
0.296974
0.296958
0.296941
0.296924
0.296908
0.296891
0.296875
0.296858
0.296842
0.296825
0.296809
0.296792
0.296776
0.296759
0.296743
0.296726
0.296726
0.296710
0.296694
0.296677
0.296661
0.296645
0.296628
0.296612
0.296596
0.296579
0.296563
0.296547
0.296531
0.296514
0.296498
0.296482
0.296466
0.296450
0.296434
0.296417
0.296401
0.296385
0.296369
0.296353
0.296337
0.296321
0.296305
0.296289
0.296273
0.296257
0.296241
0.296225
0.296209
0.296193
0.296178
0.296162
0.296146
0.296130
0.296114
0.296098
0.296083
0.296067
0.296051
0.296035
0.296020
0.296004
0.295988
0.295972
0.295957
0.295941
0.295926
0.295910
0.295894
0.295879
0.295863
0.295848
0.295832
0.295816
0.295801
0.295785
0.295770
0.295755
0.295739
0.295724
0.295708
0.295693
0.295677
0.295662
0.295647
0.295631
0.295616
0.295601
0.295585
0.295570
0.295555
0.295540
0.295524
0.295509
0.295494
0.295479
0.295463
0.295448
0.295433
0.295418
0.295403
0.295388
0.295373
0.295358
0.295343
0.295327
0.295312
0.295297
0.295282
0.295267
0.295252
0.295237
0.295222
0.295208
0.295193
0.295178
0.295163
0.295148
0.295133
0.295118
0.295103
0.295089
0.295074
0.295059
0.295044
0.295029
0.295015
0.295000
0.294985
0.294971
0.294956
0.294941
0.294927
0.294912
0.294897
0.294883
0.294868
0.294853
0.294839
0.294824
0.294810
0.294795
0.294781
0.294766
0.294752
0.294737
0.294723
0.294708
0.294694
0.294679
0.294665
0.294651
0.294636
0.294622
0.294607
0.294593
0.294579
0.294564
0.294550
0.294536
0.294522
0.294507
0.294493
0.294479
0.294465
0.294450
0.294436
0.294422
0.294408
0.294394
0.294380
0.294365
0.294351
0.294337
0.294323
0.294309
0.294295
0.294281
0.294267
0.294253
0.294239
0.294225
0.294211
0.294197
0.294183
0.294169
0.294155
0.294141
0.294127
0.294113
0.294100
0.294086
0.294072
0.294058
0.294044
0.294030
0.294017
0.294003
0.293989
0.293975
0.293962
0.293948
0.293934
0.293920
0.293907
0.293893
0.293879
0.293866
0.293852
0.293838
0.293825
0.293811
0.293798
0.293784
0.293770
0.293757
0.293743
0.293730
0.293716
0.293703
0.293689
0.293676
0.293662
0.293649
0.293635
0.293622
0.293609
0.293595
0.293582
0.293568
0.293555
0.293542
0.293528
0.293515
0.293502
0.293488
0.293475
0.293462
0.293449
0.293435
0.293422
0.293409
0.293396
0.293382
0.293369
0.293356
0.293343
0.293330
0.293317
0.293303
0.293290
0.293277
0.293264
0.293251
0.293238
0.293225
0.293212
0.293199
0.293186
0.293173
0.293160
0.293147
0.293134
0.293121
0.293108
0.293095
0.293082
0.293069
0.293056
0.293043
0.293030
0.293017
0.293005
0.292992
0.292979
0.292966
0.292953
0.292940
0.292928
0.292915
0.292902
0.292889
0.292877
0.292864
0.292851
0.292838
0.292826
0.292813
0.292800
0.292788
0.292775
0.292762
0.292750
0.292737
0.292724
0.292712
0.292699
0.292687
0.292674
0.292661
0.292649
0.292636
0.292624
0.292611
0.292599
0.292586
0.292574
0.292561
0.292549
0.292537
0.292524
0.292512
0.292499
0.292487
0.292474
0.292462
0.292450
0.292437
0.292425
0.292413
0.292400
0.292388
0.292376
0.292363
0.292351
0.292339
0.292327
0.292314
0.292302
0.292290
0.292278
0.292266
0.292253
0.292241
0.292229
0.292217
0.292205
0.292193
0.292180
0.292168
0.292156
0.292144
0.292132
0.292120
0.292108
0.292096
0.292084
0.292072
0.292060
0.292048
0.292036
0.292024
0.292012
0.292000
0.291988
0.291976
0.291964
0.291952
0.291940
0.291928
0.291916
0.291904
0.291893
0.291881
0.291869
0.291857
0.291845
0.291833
0.291822
0.291810
0.291798
0.291786
0.291774
0.291763
0.291751
0.291739
0.291727
0.291716
0.291704
0.291692
0.291681
0.291669
0.291657
0.291646
0.291634
0.291622
0.291611
0.291599
0.291588
0.291576
0.291564
0.291553
0.291541
0.291530
0.291518
0.291507
0.291495
0.291484
0.291472
0.291461
0.291449
0.291438
0.291426
0.291415
0.291403
0.291392
0.291381
0.291369
0.291358
0.291346
0.291335
0.291324
0.291312
0.291301
0.291290
0.291278
0.291267
0.291256
0.291244
0.291233
0.291222
0.291211
0.291199
0.291188
0.291177
0.291166
0.291154
0.291143
0.291132
0.291121
0.291110
0.291098
0.291087
0.291076
0.291065
0.291054
0.291043
0.291032
0.291021
0.291010
0.290998
0.290987
0.290976
0.290965
0.290954
0.290943
0.290932
0.290921
0.290910
0.290899
0.290888
0.290877
0.290866
0.290855
0.290845
0.290834
0.290823
0.290812
0.290801
0.290790
0.290779
0.290768
0.290757
0.290747
0.290736
0.290725
0.290714
0.290703
0.290693
0.290682
0.290671
0.290660
0.290649
0.290639
0.290628
0.290617
0.290607
0.290596
0.290585
0.290574
0.290564
0.290553
0.290542
0.290532
0.290521
0.290511
0.290500
0.290489
0.290479
0.290468
0.290458
0.290447
0.290436
0.290426
0.290415
0.290405
0.290394
0.290384
0.290373
0.290363
0.290352
0.290342
0.290331
0.290321
0.290311
0.290300
0.290290
0.290279
0.290269
0.290258
0.290248
0.290238
0.290227
0.290217
0.290207
0.290196
0.290196
0.290186
0.290176
0.290165
0.290155
0.290145
0.290135
0.290124
0.290114
0.290104
0.290094
0.290083
0.290073
0.290063
0.290053
0.290043
0.290032
0.290022
0.290012
0.290002
0.289992
0.289982
0.289971
0.289961
0.289951
0.289941
0.289931
0.289921
0.289911
0.289901
0.289891
0.289881
0.289871
0.289861
0.289851
0.289841
0.289831
0.289821
0.289811
0.289801
0.289791
0.289781
0.289771
0.289761
0.289751
0.289741
0.289732
0.289722
0.289712
0.289702
0.289692
0.289682
0.289672
0.289663
0.289653
0.289643
0.289633
0.289623
0.289614
0.289604
0.289594
0.289584
0.289575
0.289565
0.289555
0.289546
0.289536
0.289526
0.289516
0.289507
0.289497
0.289488
0.289478
0.289468
0.289459
0.289449
0.289439
0.289430
0.289420
0.289411
0.289401
0.289392
0.289382
0.289373
0.289363
0.289353
0.289344
0.289334
0.289325
0.289316
0.289306
0.289297
0.289287
0.289278
0.289268
0.289259
0.289249
0.289240
0.289231
0.289221
0.289212
0.289203
0.289193
0.289184
0.289175
0.289165
0.289156
0.289147
0.289137
0.289128
0.289119
0.289110
0.289100
0.289091
0.289082
0.289073
0.289063
0.289054
0.289045
0.289036
0.289027
0.289017
0.289008
0.288999
0.288990
0.288981
0.288972
0.288963
0.288954
0.288944
0.288935
0.288926
0.288917
0.288908
0.288899
0.288890
0.288881
0.288872
0.288863
0.288854
0.288845
0.288836
0.288827
0.288818
0.288809
0.288800
0.288791
0.288783
0.288774
0.288765
0.288756
0.288747
0.288738
0.288729
0.288720
0.288712
0.288703
0.288694
0.288685
0.288676
0.288667
0.288659
0.288650
0.288641
0.288632
0.288624
0.288615
0.288606
0.288597
0.288589
0.288580
0.288571
0.288563
0.288554
0.288545
0.288537
0.288528
0.288519
0.288511
0.288502
0.288494
0.288485
0.288476
0.288468
0.288459
0.288451
0.288442
0.288434
0.288425
0.288417
0.288408
0.288400
0.288391
0.288383
0.288374
0.288366
0.288357
0.288349
0.288340
0.288332
0.288323
0.288315
0.288307
0.288298
0.288290
0.288282
0.288273
0.288265
0.288256
0.288248
0.288240
0.288232
0.288223
0.288215
0.288207
0.288198
0.288190
0.288182
0.288174
0.288165
0.288157
0.288149
0.288141
0.288133
0.288124
0.288116
0.288108
0.288100
0.288092
0.288084
0.288075
0.288067
0.288059
0.288051
0.288043
0.288035
0.288027
0.288019
0.288011
0.288003
0.287995
0.287987
0.287979
0.287971
0.287963
0.287955
0.287947
0.287939
0.287931
0.287923
0.287915
0.287907
0.287899
0.287891
0.287883
0.287875
0.287867
0.287859
0.287852
0.287844
0.287836
0.287828
0.287820
0.287812
0.287805
0.287797
0.287789
0.287781
0.287773
0.287766
0.287758
0.287750
0.287742
0.287735
0.287727
0.287719
0.287711
0.287704
0.287696
0.287688
0.287681
0.287673
0.287665
0.287658
0.287650
0.287643
0.287635
0.287627
0.287620
0.287612
0.287605
0.287597
0.287590
0.287582
0.287574
0.287567
0.287559
0.287552
0.287544
0.287537
0.287529
0.287522
0.287514
0.287507
0.287500
0.287492
0.287485
0.287477
0.287470
0.287463
0.287455
0.287448
0.287440
0.287433
0.287426
0.287418
0.287411
0.287404
0.287396
0.287389
0.287382
0.287374
0.287367
0.287360
0.287353
0.287345
0.287338
0.287331
0.287324
0.287317
0.287309
0.287302
0.287295
0.287288
0.287281
0.287273
0.287266
0.287259
0.287252
0.287245
0.287238
0.287231
0.287224
0.287217
0.287209
0.287202
0.287195
0.287188
0.287181
0.287174
0.287167
0.287160
0.287153
0.287146
0.287139
0.287132
0.287125
0.287118
0.287111
0.287104
0.287097
0.287091
0.287084
0.287077
0.287070
0.287063
0.287056
0.287049
0.287042
0.287036
0.287029
0.287022
0.287015
0.287008
0.287001
0.286995
0.286988
0.286981
0.286974
0.286968
0.286961
0.286954
0.286947
0.286941
0.286934
0.286927
0.286920
0.286914
0.286907
0.286900
0.286894
0.286887
0.286880
0.286874
0.286867
0.286861
0.286854
0.286847
0.286841
0.286834
0.286828
0.286821
0.286815
0.286808
0.286801
0.286795
0.286788
0.286782
0.286775
0.286769
0.286762
0.286756
0.286749
0.286743
0.286737
0.286730
0.286724
0.286717
0.286711
0.286704
0.286698
0.286692
0.286685
0.286679
0.286673
0.286666
0.286660
0.286654
0.286647
0.286641
0.286635
0.286628
0.286622
0.286616
0.286609
0.286603
0.286597
0.286591
0.286584
0.286578
0.286572
0.286566
0.286560
0.286553
0.286547
0.286541
0.286535
0.286529
0.286523
0.286516
0.286510
0.286504
0.286498
0.286492
0.286486
0.286480
0.286474
0.286468
0.286462
0.286456
0.286449
0.286443
0.286437
0.286431
0.286425
0.286419
0.286413
0.286407
0.286401
0.286395
0.286389
0.286384
0.286378
0.286372
0.286366
0.286360
0.286354
0.286348
0.286342
0.286336
0.286330
0.286324
0.286319
0.286313
0.286307
0.286301
0.286295
0.286289
0.286284
0.286278
0.286272
0.286266
0.286261
0.286255
0.286249
0.286243
0.286238
0.286232
0.286226
0.286220
0.286220
0.286215
0.286209
0.286203
0.286198
0.286192
0.286186
0.286181
0.286175
0.286169
0.286164
0.286158
0.286152
0.286147
0.286141
0.286136
0.286130
0.286125
0.286119
0.286113
0.286108
0.286102
0.286097
0.286091
0.286086
0.286080
0.286075
0.286069
0.286064
0.286058
0.286053
0.286047
0.286042
0.286037
0.286031
0.286026
0.286020
0.286015
0.286009
0.286004
0.285999
0.285993
0.285988
0.285983
0.285977
0.285972
0.285967
0.285961
0.285956
0.285951
0.285945
0.285940
0.285935
0.285929
0.285924
0.285919
0.285914
0.285908
0.285903
0.285898
0.285893
0.285888
0.285882
0.285877
0.285872
0.285867
0.285862
0.285857
0.285851
0.285846
0.285841
0.285836
0.285831
0.285826
0.285821
0.285816
0.285810
0.285805
0.285800
0.285795
0.285790
0.285785
0.285780
0.285775
0.285770
0.285765
0.285760
0.285755
0.285750
0.285745
0.285740
0.285735
0.285730
0.285725
0.285720
0.285715
0.285710
0.285705
0.285700
0.285696
0.285691
0.285686
0.285681
0.285676
0.285671
0.285666
0.285661
0.285657
0.285652
0.285647
0.285642
0.285637
0.285632
0.285628
0.285623
0.285618
0.285613
0.285609
0.285604
0.285599
0.285594
0.285590
0.285585
0.285580
0.285575
0.285571
0.285566
0.285561
0.285557
0.285552
0.285547
0.285543
0.285538
0.285533
0.285529
0.285524
0.285520
0.285515
0.285510
0.285506
0.285501
0.285497
0.285492
0.285487
0.285483
0.285478
0.285474
0.285469
0.285465
0.285460
0.285456
0.285451
0.285447
0.285442
0.285438
0.285433
0.285429
0.285424
0.285420
0.285415
0.285411
0.285406
0.285402
0.285398
0.285393
0.285389
0.285384
0.285380
0.285376
0.285371
0.285367
0.285363
0.285358
0.285354
0.285350
0.285345
0.285341
0.285337
0.285332
0.285328
0.285324
0.285319
0.285315
0.285311
0.285307
0.285302
0.285298
0.285294
0.285290
0.285285
0.285281
0.285277
0.285273
0.285269
0.285264
0.285260
0.285256
0.285252
0.285248
0.285244
0.285239
0.285235
0.285231
0.285227
0.285223
0.285219
0.285215
0.285211
0.285206
0.285202
0.285198
0.285194
0.285190
0.285186
0.285182
0.285178
0.285174
0.285170
0.285166
0.285162
0.285158
0.285154
0.285150
0.285146
0.285142
0.285138
0.285134
0.285130
0.285126
0.285122
0.285118
0.285114
0.285111
0.285107
0.285103
0.285099
0.285095
0.285091
0.285087
0.285083
0.285079
0.285076
0.285072
0.285068
0.285064
0.285060
0.285056
0.285053
0.285049
0.285045
0.285041
0.285037
0.285034
0.285030
0.285026
0.285022
0.285019
0.285015
0.285011
0.285007
0.285004
0.285000
0.284996
0.284992
0.284989
0.284985
0.284981
0.284978
0.284974
0.284970
0.284967
0.284963
0.284959
0.284956
0.284952
0.284949
0.284945
0.284941
0.284938
0.284934
0.284931
0.284927
0.284923
0.284920
0.284916
0.284913
0.284909
0.284906
0.284902
0.284899
0.284895
0.284891
0.284888
0.284884
0.284881
0.284877
0.284874
0.284871
0.284867
0.284864
0.284860
0.284857
0.284853
0.284850
0.284846
0.284843
0.284839
0.284836
0.284833
0.284829
0.284826
0.284822
0.284819
0.284816
0.284812
0.284809
0.284806
0.284802
0.284799
0.284796
0.284792
0.284789
0.284786
0.284782
0.284779
0.284776
0.284772
0.284769
0.284766
0.284763
0.284759
0.284756
0.284753
0.284750
0.284746
0.284743
0.284740
0.284737
0.284733
0.284730
0.284727
0.284724
0.284721
0.284717
0.284714
0.284711
0.284708
0.284705
0.284702
0.284698
0.284695
0.284692
0.284689
0.284686
0.284683
0.284680
0.284677
0.284674
0.284670
0.284667
0.284664
0.284661
0.284658
0.284655
0.284652
0.284649
0.284646
0.284643
0.284640
0.284637
0.284634
0.284631
0.284628
0.284625
0.284622
0.284619
0.284616
0.284613
0.284610
0.284607
0.284604
0.284601
0.284598
0.284595
0.284592
0.284589
0.284586
0.284583
0.284580
0.284578
0.284575
0.284572
0.284569
0.284566
0.284563
0.284560
0.284557
0.284555
0.284552
0.284549
0.284546
0.284543
0.284540
0.284537
0.284535
0.284532
0.284529
0.284526
0.284523
0.284521
0.284518
0.284515
0.284512
0.284510
0.284507
0.284504
0.284501
0.284499
0.284496
0.284493
0.284490
0.284488
0.284485
0.284482
0.284480
0.284477
0.284474
0.284471
0.284469
0.284466
0.284463
0.284461
0.284458
0.284455
0.284453
0.284450
0.284447
0.284445
0.284442
0.284440
0.284437
0.284434
0.284432
0.284429
0.284427
0.284424
0.284421
0.284419
0.284416
0.284414
0.284411
0.284409
0.284406
0.284404
0.284401
0.284398
0.284396
0.284393
0.284391
0.284388
0.284386
0.284383
0.284381
0.284378
0.284376
0.284373
0.284371
0.284369
0.284366
0.284364
0.284361
0.284359
0.284356
0.284354
0.284351
0.284349
0.284347
0.284344
0.284342
0.284339
0.284337
0.284335
0.284332
0.284330
0.284327
0.284325
0.284323
0.284320
0.284318
0.284316
0.284313
0.284311
0.284309
0.284306
0.284304
0.284302
0.284299
0.284297
0.284295
0.284292
0.284292
0.284290
0.284288
0.284286
0.284283
0.284281
0.284279
0.284276
0.284274
0.284272
0.284270
0.284267
0.284265
0.284263
0.284261
0.284259
0.284256
0.284254
0.284252
0.284250
0.284247
0.284245
0.284243
0.284241
0.284239
0.284237
0.284234
0.284232
0.284230
0.284228
0.284226
0.284224
0.284222
0.284219
0.284217
0.284215
0.284213
0.284211
0.284209
0.284207
0.284205
0.284203
0.284200
0.284198
0.284196
0.284194
0.284192
0.284190
0.284188
0.284186
0.284184
0.284182
0.284180
0.284178
0.284176
0.284174
0.284172
0.284170
0.284168
0.284166
0.284164
0.284162
0.284160
0.284158
0.284156
0.284154
0.284152
0.284150
0.284148
0.284146
0.284144
0.284142
0.284140
0.284138
0.284136
0.284134
0.284132
0.284130
0.284129
0.284127
0.284125
0.284123
0.284121
0.284119
0.284117
0.284115
0.284113
0.284112
0.284110
0.284108
0.284106
0.284104
0.284102
0.284100
0.284099
0.284097
0.284095
0.284093
0.284091
0.284089
0.284088
0.284086
0.284084
0.284082
0.284080
0.284079
0.284077
0.284075
0.284073
0.284072
0.284070
0.284068
0.284066
0.284065
0.284063
0.284061
0.284059
0.284058
0.284056
0.284054
0.284052
0.284051
0.284049
0.284047
0.284046
0.284044
0.284042
0.284040
0.284039
0.284037
0.284035
0.284034
0.284032
0.284030
0.284029
0.284027
0.284025
0.284024
0.284022
0.284021
0.284019
0.284017
0.284016
0.284014
0.284012
0.284011
0.284009
0.284008
0.284006
0.284004
0.284003
0.284001
0.284000
0.283998
0.283997
0.283995
0.283993
0.283992
0.283990
0.283989
0.283987
0.283986
0.283984
0.283983
0.283981
0.283980
0.283978
0.283976
0.283975
0.283973
0.283972
0.283970
0.283969
0.283967
0.283966
0.283965
0.283963
0.283962
0.283960
0.283959
0.283957
0.283956
0.283954
0.283953
0.283951
0.283950
0.283949
0.283947
0.283946
0.283944
0.283943
0.283941
0.283940
0.283939
0.283937
0.283936
0.283934
0.283933
0.283932
0.283930
0.283929
0.283928
0.283926
0.283925
0.283923
0.283922
0.283921
0.283919
0.283918
0.283917
0.283915
0.283914
0.283913
0.283911
0.283910
0.283909
0.283907
0.283906
0.283905
0.283904
0.283902
0.283901
0.283900
0.283898
0.283897
0.283896
0.283895
0.283893
0.283892
0.283891
0.283890
0.283888
0.283887
0.283886
0.283885
0.283883
0.283882
0.283881
0.283880
0.283878
0.283877
0.283876
0.283875
0.283874
0.283872
0.283871
0.283870
0.283869
0.283868
0.283867
0.283865
0.283864
0.283863
0.283862
0.283861
0.283860
0.283858
0.283857
0.283856
0.283855
0.283854
0.283853
0.283852
0.283851
0.283849
0.283848
0.283847
0.283846
0.283845
0.283844
0.283843
0.283842
0.283841
0.283840
0.283839
0.283837
0.283836
0.283835
0.283834
0.283833
0.283832
0.283831
0.283830
0.283829
0.283828
0.283827
0.283826
0.283825
0.283824
0.283823
0.283822
0.283821
0.283820
0.283819
0.283818
0.283817
0.283816
0.283815
0.283814
0.283813
0.283812
0.283811
0.283810
0.283809
0.283808
0.283807
0.283806
0.283805
0.283805
0.283804
0.283803
0.283802
0.283801
0.283800
0.283799
0.283798
0.283797
0.283796
0.283795
0.283795
0.283794
0.283793
0.283792
0.283791
0.283790
0.283789
0.283788
0.283788
0.283787
0.283786
0.283785
0.283784
0.283783
0.283783
0.283782
0.283781
0.283780
0.283779
0.283778
0.283778
0.283777
0.283776
0.283775
0.283774
0.283774
0.283773
0.283772
0.283771
0.283771
0.283770
0.283769
0.283768
0.283768
0.283767
0.283766
0.283765
0.283765
0.283764
0.283763
0.283762
0.283762
0.283761
0.283760
0.283759
0.283759
0.283758
0.283757
0.283757
0.283756
0.283755
0.283755
0.283754
0.283753
0.283753
0.283752
0.283751
0.283751
0.283750
0.283749
0.283749
0.283748
0.283747
0.283747
0.283746
0.283746
0.283745
0.283744
0.283744
0.283743
0.283743
0.283742
0.283741
0.283741
0.283740
0.283740
0.283739
0.283739
0.283738
0.283737
0.283737
0.283736
0.283736
0.283735
0.283735
0.283734
0.283734
0.283733
0.283733
0.283732
0.283732
0.283731
0.283731
0.283730
0.283730
0.283729
0.283729
0.283728
0.283728
0.283727
0.283727
0.283726
0.283726
0.283725
0.283725
0.283724
0.283724
0.283724
0.283723
0.283723
0.283722
0.283722
0.283721
0.283721
0.283721
0.283720
0.283720
0.283719
0.283719
0.283719
0.283718
0.283718
0.283717
0.283717
0.283717
0.283716
0.283716
0.283716
0.283715
0.283715
0.283715
0.283714
0.283714
0.283714
0.283713
0.283713
0.283713
0.283712
0.283712
0.283712
0.283711
0.283711
0.283711
0.283710
0.283710
0.283710
0.283710
0.283709
0.283709
0.283709
0.283709
0.283708
0.283708
0.283708
0.283708
0.283707
0.283707
0.283707
0.283707
0.283706
0.283706
0.283706
0.283706
0.283706
0.283705
0.283705
0.283704
0.283706
0.283702
0.283708
0.283697
0.283718
0.283676
0.283760
0.283600
0.283930
0.283386
0.284340
0.283286
0.284012
0.283161
0.283161
0.283658
0.283197
0.283803
0.283588
0.284136
0.283912
0.284276
0.283949
0.284157
0.283765
0.283907
0.283514
0.283670
0.283320
0.283527
0.283232
0.283495
0.283243
0.283547
0.283322
0.283646
0.283430
0.283755
0.283539
0.283854
0.283631
0.283929
0.283699
0.283977
0.283742
0.284001
0.283762
0.284003
0.283763
0.283989
0.283750
0.283963
0.283726
0.283928
0.283695
0.283889
0.283660
0.283848
0.283623
0.283806
0.283587
0.283766
0.283552
0.283728
0.283519
0.283694
0.283488
0.283662
0.283461
0.283634
0.283437
0.283610
0.283415
0.283588
0.283396
0.283569
0.283380
0.283553
0.283366
0.283540
0.283355
0.283528
0.283345
0.283518
0.283337
0.283510
0.283330
0.283503
0.283325
0.283498
0.283321
0.283494
0.283318
0.283490
0.283316
0.283487
0.283315
0.283485
0.283314
0.283484
0.283314
0.283483
0.283315
0.283483
0.283316
0.283483
0.283317
0.283483
0.283318
0.283483
0.283320
0.283484
0.283322
0.283484
0.283324
0.283485
0.283326
0.283486
0.283328
0.283487
0.283330
0.283488
0.283332
0.283489
0.283334
0.283489
0.283335
0.283490
0.283337
0.283491
0.283339
0.283491
0.283340
0.283492
0.283341
0.283492
0.283343
0.283493
0.283344
0.283493
0.283345
0.283493
0.283345
0.283493
0.283346
0.283493
0.283347
0.283493
0.283347
0.283493
0.283348
0.283492
0.283348
0.283492
0.283348
0.283492
0.283348
0.283491
0.283349
0.283490
0.283349
0.283490
0.283349
0.283489
0.283349
0.283488
0.283349
0.283488
0.283349
0.283487
0.283348
0.283486
0.283348
0.283485
0.283348
0.283484
0.283348
0.283483
0.283348
0.283482
0.283347
0.283481
0.283347
0.283479
0.283347
0.283478
0.283346
0.283477
0.283346
0.283476
0.283345
0.283474
0.283344
0.283473
0.283344
0.283471
0.283343
0.283470
0.283342
0.283468
0.283342
0.283467
0.283341
0.283465
0.283340
0.283463
0.283339
0.283462
0.283338
0.283460
0.283337
0.283458
0.283336
0.283457
0.283335
0.283455
0.283334
0.283453
0.283333
0.283451
0.283332
0.283449
0.283331
0.283447
0.283329
0.283445
0.283328
0.283443
0.283327
0.283441
0.283326
0.283439
0.283324
0.283437
0.283323
0.283435
0.283322
0.283433
0.283320
0.283431
0.283319
0.283429
0.283318
0.283427
0.283316
0.283425
0.283315
0.283423
0.283313
0.283421
0.283312
0.283418
0.283310
0.283416
0.283309
0.283414
0.283308
0.283412
0.283306
0.283410
0.283305
0.283408
0.283303
0.283405
0.283302
0.283403
0.283300
0.283401
0.283299
0.283399
0.283297
0.283397
0.283296
0.283394
0.283294
0.283392
0.283293
0.283390
0.283291
0.283388
0.283290
0.283385
0.283288
0.283383
0.283286
0.283381
0.283285
0.283379
0.283283
0.283376
0.283282
0.283374
0.283280
0.283372
0.283279
0.283369
0.283277
0.283367
0.283276
0.283365
0.283274
0.283363
0.283273
0.283360
0.283271
0.283358
0.283269
0.283356
0.283268
0.283353
0.283266
0.283351
0.283265
0.283349
0.283263
0.283347
0.283262
0.283344
0.283260
0.283342
0.283259
0.283340
0.283257
0.283338
0.283256
0.283335
0.283254
0.283333
0.283252
0.283331
0.283251
0.283329
0.283249
0.283326
0.283248
0.283324
0.283246
0.283322
0.283245
0.283320
0.283243
0.283318
0.283242
0.283315
0.283240
0.283313
0.283239
0.283311
0.283237
0.283309
0.283236
0.283307
0.283235
0.283305
0.283233
0.283302
0.283232
0.283300
0.283230
0.283298
0.283229
0.283296
0.283227
0.283294
0.283226
0.283292
0.283225
0.283290
0.283223
0.283288
0.283222
0.283285
0.283220
0.283283
0.283219
0.283281
0.283218
0.283279
0.283216
0.283277
0.283215
0.283275
0.283214
0.283273
0.283212
0.283271
0.283211
0.283269
0.283210
0.283267
0.283208
0.283265
0.283207
0.283263
0.283206
0.283261
0.283204
0.283259
0.283203
0.283257
0.283202
0.283255
0.283201
0.283253
0.283199
0.283251
0.283198
0.283249
0.283197
0.283247
0.283196
0.283246
0.283194
0.283244
0.283193
0.283242
0.283192
0.283240
0.283191
0.283238
0.283190
0.283236
0.283189
0.283234
0.283187
0.283232
0.283186
0.283231
0.283185
0.283229
0.283184
0.283227
0.283183
0.283225
0.283182
0.283223
0.283181
0.283222
0.283180
0.283220
0.283179
0.283218
0.283177
0.283216
0.283176
0.283215
0.283175
0.283213
0.283174
0.283211
0.283173
0.283209
0.283172
0.283208
0.283171
0.283206
0.283170
0.283204
0.283169
0.283203
0.283168
0.283201
0.283167
0.283199
0.283166
0.283198
0.283165
0.283196
0.283164
0.283195
0.283163
0.283193
0.283162
0.283191
0.283162
0.283190
0.283161
0.283188
0.283160
0.283187
0.283159
0.283185
0.283158
0.283184
0.283157
0.283182
0.283156
0.283181
0.283155
0.283179
0.283154
0.283178
0.283154
0.283176
0.283153
0.283175
0.283152
0.283173
0.283151
0.283172
0.283150
0.283170
0.283149
0.283169
0.283148
0.283168
0.283148
0.283166
0.283147
0.283165
0.283146
0.283163
0.283145
0.283162
0.283162
0.283144
0.283161
0.283144
0.283159
0.283143
0.283158
0.283142
0.283157
0.283141
0.283155
0.283141
0.283154
0.283140
0.283153
0.283139
0.283152
0.283138
0.283150
0.283137
0.283149
0.283137
0.283148
0.283136
0.283147
0.283135
0.283146
0.283134
0.283144
0.283134
0.283143
0.283133
0.283142
0.283132
0.283141
0.283132
0.283140
0.283131
0.283139
0.283130
0.283138
0.283129
0.283136
0.283129
0.283135
0.283128
0.283134
0.283127
0.283133
0.283126
0.283132
0.283126
0.283131
0.283125
0.283130
0.283124
0.283129
0.283124
0.283128
0.283123
0.283127
0.283122
0.283126
0.283121
0.283125
0.283121
0.283124
0.283120
0.283123
0.283119
0.283122
0.283119
0.283121
0.283118
0.283121
0.283117
0.283120
0.283116
0.283119
0.283116
0.283118
0.283115
0.283117
0.283114
0.283116
0.283114
0.283115
0.283113
0.283114
0.283112
0.283114
0.283112
0.283113
0.283111
0.283112
0.283110
0.283111
0.283110
0.283110
0.283109
0.283110
0.283108
0.283109
0.283108
0.283108
0.283107
0.283107
0.283106
0.283107
0.283105
0.283106
0.283105
0.283105
0.283104
0.283104
0.283104
0.283104
0.283103
0.283103
0.283102
0.283102
0.283102
0.283102
0.283101
0.283101
0.283100
0.283100
0.283100
0.283100
0.283099
0.283099
0.283098
0.283098
0.283098
0.283098
0.283097
0.283097
0.283096
0.283096
0.283096
0.283096
0.283095
0.283095
0.283095
0.283094
0.283094
0.283094
0.283093
0.283093
0.283093
0.283093
0.283092
0.283092
0.283092
0.283091
0.283091
0.283091
0.283090
0.283090
0.283090
0.283090
0.283089
0.283089
0.283089
0.283088
0.283088
0.283088
0.283088
0.283087
0.283087
0.283087
0.283087
0.283086
0.283086
0.283086
0.283085
0.283085
0.283085
0.283085
0.283084
0.283084
0.283084
0.283084
0.283083
0.283083
0.283083
0.283083
0.283082
0.283082
0.283082
0.283082
0.283081
0.283081
0.283081
0.283081
0.283080
0.283080
0.283080
0.283080
0.283079
0.283079
0.283079
0.283079
0.283078
0.283078
0.283078
0.283078
0.283077
0.283077
0.283077
0.283077
0.283077
0.283076
0.283076
0.283076
0.283076
0.283075
0.283075
0.283075
0.283075
0.283075
0.283074
0.283074
0.283074
0.283074
0.283074
0.283073
0.283073
0.283073
0.283073
0.283073
0.283072
0.283072
0.283072
0.283072
0.283072
0.283071
0.283071
0.283071
0.283071
0.283071
0.283070
0.283070
0.283070
0.283070
0.283070
0.283069
0.283069
0.283069
0.283069
0.283069
0.283069
0.283068
0.283068
0.283068
0.283068
0.283068
0.283068
0.283067
0.283067
0.283067
0.283067
0.283067
0.283067
0.283066
0.283066
0.283066
0.283066
0.283066
0.283066
0.283066
0.283065
0.283065
0.283065
0.283065
0.283065
0.283065
0.283065
0.283064
0.283064
0.283064
0.283064
0.283064
0.283064
0.283064
0.283064
0.283063
0.283063
0.283063
0.283063
0.283063
0.283063
0.283063
0.283063
0.283062
0.283062
0.283062
0.283062
0.283062
0.283062
0.283062
0.283062
0.283062
0.283062
0.283061
0.283061
0.283061
0.283061
0.283061
0.283061
0.283061
0.283061
0.283061
0.283061
0.283061
0.283061
0.283060
0.283060
0.283060
0.283060
0.283060
0.283060
0.283060
0.283060
0.283060
0.283060
0.283060
0.283060
0.283060
0.283060
0.283060
0.283060
0.283060
0.283060
0.283059
0.283059
0.283059
0.283059
0.283059
0.283059
0.283059
0.283059
0.283059
0.283059
0.283059
0.283059
0.283059
0.283059
0.283059
0.283059
0.283059
0.283059
0.283059
0.283059
0.283059
0.283059
0.283059
0.283059
0.283059
0.283059
0.283059
0.283059
0.283059
0.283060
0.283060
0.283060
0.283060
0.283060
0.283060
0.283060
0.283060
0.283060
0.283060
0.283060
0.283060
0.283060
0.283060
0.283060
0.283060
0.283061
0.283061
0.283061
0.283061
0.283061
0.283061
0.283061
0.283061
0.283061
0.283061
0.283062
0.283062
0.283062
0.283062
0.283062
0.283062
0.283062
0.283063
0.283063
0.283063
0.283063
0.283063
0.283063
0.283064
0.283064
0.283064
0.283064
0.283064
0.283064
0.283065
0.283065
0.283065
0.283065
0.283065
0.283066
0.283066
0.283066
0.283066
0.283067
0.283067
0.283067
0.283067
0.283068
0.283068
0.283068
0.283068
0.283069
0.283069
0.283069
0.283069
0.283070
0.283070
0.283070
0.283071
0.283071
0.283071
0.283072
0.283072
0.283072
0.283073
0.283073
0.283073
0.283074
0.283074
0.283074
0.283075
0.283075
0.283076
0.283076
0.283076
0.283077
0.283077
0.283077
0.283078
0.283078
0.283079
0.283079
0.283080
0.283080
0.283081
0.283081
0.283082
0.283082
0.283083
0.283082
0.283085
0.283082
0.283087
0.283080
0.283093
0.283074
0.283106
0.283055
0.283141
0.283005
0.283237
0.282892
0.283447
0.282771
0.283482
0.282717
0.283219
0.282683
0.283132
0.282863
0.283302
0.283143
0.283471
0.283290
0.283475
0.283243
0.283331
0.283084
0.283141
0.282919
0.282990
0.282814
0.282919
0.282789
0.282927
0.282828
0.282828
0.282987
0.282904
0.283071
0.282988
0.283157
0.283065
0.283230
0.283124
0.283286
0.283162
0.283323
0.283182
0.283343
0.283186
0.283349
0.283176
0.283344
0.283156
0.283330
0.283130
0.283310
0.283099
0.283284
0.283067
0.283255
0.283034
0.283223
0.283003
0.283192
0.282974
0.283161
0.282948
0.283131
0.282924
0.283103
0.282904
0.283077
0.282887
0.283055
0.282872
0.283037
0.282861
0.283022
0.282853
0.283011
0.282849
0.283004
0.282847
0.283001
0.282847
0.283000
0.282850
0.283002
0.282853
0.283005
0.282857
0.283010
0.282861
0.283015
0.282864
0.283020
0.282867
0.283025
0.282869
0.283029
0.282870
0.283033
0.282870
0.283036
0.282870
0.283039
0.282868
0.283041
0.282867
0.283042
0.282865
0.283043
0.282863
0.283043
0.282860
0.283043
0.282859
0.283043
0.282857
0.283042
0.282856
0.283041
0.282855
0.283040
0.282855
0.283039
0.282855
0.283038
0.282855
0.283038
0.282856
0.283037
0.282857
0.283038
0.282858
0.283038
0.282859
0.283039
0.282861
0.283041
0.282863
0.283043
0.282865
0.283045
0.282867
0.283047
0.282868
0.283049
0.282870
0.283052
0.282871
0.283054
0.282872
0.283056
0.282872
0.283058
0.282872
0.283060
0.282872
0.283061
0.282872
0.283062
0.282872
0.283063
0.282871
0.283063
0.282870
0.283064
0.282869
0.283063
0.282868
0.283063
0.282867
0.283063
0.282866
0.283062
0.282865
0.283061
0.282864
0.283061
0.282864
0.283060
0.282863
0.283060
0.282862
0.283059
0.282862
0.283059
0.282861
0.283059
0.282861
0.283059
0.282861
0.283060
0.282860
0.283060
0.282860
0.283060
0.282859
0.283061
0.282859
0.283061
0.282858
0.283061
0.282858
0.283062
0.282857
0.283062
0.282856
0.283062
0.282855
0.283062
0.282854
0.283061
0.282853
0.283061
0.282852
0.283060
0.282851
0.283060
0.282850
0.283059
0.282848
0.283058
0.282847
0.283058
0.282846
0.283057
0.282844
0.283056
0.282843
0.283056
0.282842
0.283055
0.282841
0.283054
0.282839
0.283054
0.282838
0.283053
0.282837
0.283053
0.282835
0.283052
0.282834
0.283051
0.282833
0.283051
0.282832
0.283050
0.282830
0.283050
0.282829
0.283049
0.282827
0.283048
0.282826
0.283047
0.282825
0.283047
0.282823
0.283046
0.282822
0.283045
0.282820
0.283044
0.282818
0.283043
0.282817
0.283042
0.282815
0.283041
0.282814
0.283040
0.282812
0.283039
0.282810
0.283038
0.282809
0.283037
0.282807
0.283036
0.282805
0.283035
0.282804
0.283034
0.282802
0.283033
0.282800
0.283032
0.282799
0.283031
0.282797
0.283030
0.282795
0.283029
0.282793
0.283028
0.282792
0.283027
0.282790
0.283026
0.282788
0.283025
0.282786
0.283024
0.282785
0.283022
0.282783
0.283021
0.282781
0.283020
0.282779
0.283019
0.282777
0.283018
0.282775
0.283016
0.282773
0.283015
0.282771
0.283014
0.282770
0.283013
0.282768
0.283011
0.282766
0.283010
0.282764
0.283009
0.282762
0.283008
0.282760
0.283006
0.282758
0.283005
0.282756
0.283004
0.282754
0.283002
0.282752
0.283001
0.282750
0.283000
0.282748
0.282998
0.282746
0.282997
0.282744
0.282996
0.282742
0.282994
0.282740
0.282993
0.282738
0.282991
0.282736
0.282990
0.282734
0.282989
0.282731
0.282987
0.282729
0.282986
0.282727
0.282984
0.282725
0.282983
0.282723
0.282981
0.282721
0.282980
0.282719
0.282978
0.282717
0.282977
0.282714
0.282975
0.282712
0.282974
0.282710
0.282972
0.282708
0.282971
0.282706
0.282969
0.282703
0.282968
0.282701
0.282966
0.282699
0.282965
0.282697
0.282963
0.282694
0.282961
0.282692
0.282960
0.282690
0.282958
0.282688
0.282957
0.282685
0.282955
0.282683
0.282953
0.282681
0.282952
0.282678
0.282950
0.282676
0.282948
0.282674
0.282947
0.282672
0.282945
0.282669
0.282943
0.282667
0.282942
0.282664
0.282940
0.282662
0.282938
0.282660
0.282937
0.282657
0.282935
0.282655
0.282933
0.282653
0.282931
0.282650
0.282930
0.282648
0.282928
0.282645
0.282926
0.282643
0.282924
0.282640
0.282923
0.282638
0.282921
0.282635
0.282919
0.282633
0.282917
0.282631
0.282915
0.282628
0.282914
0.282626
0.282912
0.282623
0.282910
0.282621
0.282908
0.282618
0.282906
0.282615
0.282904
0.282613
0.282902
0.282610
0.282901
0.282608
0.282899
0.282605
0.282897
0.282603
0.282895
0.282600
0.282893
0.282598
0.282891
0.282595
0.282889
0.282592
0.282887
0.282590
0.282885
0.282587
0.282883
0.282584
0.282881
0.282582
0.282879
0.282579
0.282877
0.282577
0.282875
0.282574
0.282873
0.282571
0.282871
0.282569
0.282869
0.282566
0.282867
0.282563
0.282865
0.282560
0.282863
0.282558
0.282861
0.282555
0.282859
0.282552
0.282857
0.282550
0.282855
0.282547
0.282853
0.282544
0.282851
0.282541
0.282849
0.282538
0.282846
0.282536
0.282844
0.282533
0.282842
0.282530
0.282840
0.282527
0.282838
0.282524
0.282836
0.282522
0.282834
0.282519
0.282831
0.282831
0.282516
0.282829
0.282513
0.282827
0.282510
0.282825
0.282507
0.282823
0.282505
0.282820
0.282502
0.282818
0.282499
0.282816
0.282496
0.282814
0.282493
0.282811
0.282490
0.282809
0.282487
0.282807
0.282484
0.282805
0.282481
0.282802
0.282478
0.282800
0.282475
0.282798
0.282472
0.282795
0.282469
0.282793
0.282466
0.282791
0.282463
0.282788
0.282460
0.282786
0.282457
0.282784
0.282454
0.282781
0.282451
0.282779
0.282448
0.282776
0.282445
0.282774
0.282442
0.282772
0.282439
0.282769
0.282436
0.282767
0.282433
0.282764
0.282430
0.282762
0.282427
0.282759
0.282424
0.282757
0.282421
0.282754
0.282417
0.282752
0.282414
0.282750
0.282411
0.282747
0.282408
0.282745
0.282405
0.282742
0.282402
0.282739
0.282398
0.282737
0.282395
0.282734
0.282392
0.282732
0.282389
0.282729
0.282386
0.282727
0.282382
0.282724
0.282379
0.282722
0.282376
0.282719
0.282373
0.282716
0.282369
0.282714
0.282366
0.282711
0.282363
0.282708
0.282360
0.282706
0.282356
0.282703
0.282353
0.282700
0.282350
0.282698
0.282346
0.282695
0.282343
0.282692
0.282340
0.282690
0.282336
0.282687
0.282333
0.282684
0.282330
0.282682
0.282326
0.282679
0.282323
0.282676
0.282320
0.282673
0.282316
0.282671
0.282313
0.282668
0.282309
0.282665
0.282306
0.282662
0.282303
0.282659
0.282299
0.282657
0.282296
0.282654
0.282292
0.282651
0.282289
0.282648
0.282285
0.282645
0.282282
0.282642
0.282278
0.282639
0.282275
0.282637
0.282271
0.282634
0.282268
0.282631
0.282264
0.282628
0.282261
0.282625
0.282257
0.282622
0.282254
0.282619
0.282250
0.282616
0.282246
0.282613
0.282243
0.282610
0.282239
0.282607
0.282236
0.282604
0.282232
0.282601
0.282228
0.282598
0.282225
0.282595
0.282221
0.282592
0.282218
0.282589
0.282214
0.282586
0.282210
0.282583
0.282207
0.282580
0.282203
0.282577
0.282199
0.282574
0.282196
0.282571
0.282192
0.282568
0.282188
0.282565
0.282184
0.282562
0.282181
0.282558
0.282177
0.282555
0.282173
0.282552
0.282170
0.282549
0.282166
0.282546
0.282162
0.282543
0.282158
0.282540
0.282154
0.282536
0.282151
0.282533
0.282147
0.282530
0.282143
0.282527
0.282139
0.282523
0.282135
0.282520
0.282132
0.282517
0.282128
0.282514
0.282124
0.282510
0.282120
0.282507
0.282116
0.282504
0.282112
0.282501
0.282108
0.282497
0.282105
0.282494
0.282101
0.282491
0.282097
0.282487
0.282093
0.282484
0.282089
0.282481
0.282085
0.282477
0.282081
0.282474
0.282077
0.282471
0.282073
0.282467
0.282069
0.282464
0.282065
0.282460
0.282061
0.282457
0.282057
0.282454
0.282053
0.282450
0.282049
0.282447
0.282045
0.282443
0.282041
0.282440
0.282037
0.282436
0.282033
0.282433
0.282029
0.282429
0.282025
0.282426
0.282021
0.282422
0.282017
0.282419
0.282013
0.282415
0.282009
0.282412
0.282005
0.282408
0.282000
0.282404
0.281996
0.282401
0.281992
0.282397
0.281988
0.282394
0.281984
0.282390
0.281980
0.282387
0.281976
0.282383
0.281971
0.282379
0.281967
0.282376
0.281963
0.282372
0.281959
0.282368
0.281955
0.282365
0.281951
0.282361
0.281946
0.282357
0.281942
0.282354
0.281938
0.282350
0.281934
0.282346
0.281929
0.282342
0.281925
0.282339
0.281921
0.282335
0.281917
0.282331
0.281912
0.282327
0.281908
0.282324
0.281904
0.282320
0.281899
0.282316
0.281895
0.282312
0.281891
0.282308
0.281887
0.282305
0.281882
0.282301
0.281878
0.282297
0.281874
0.282293
0.281869
0.282289
0.281865
0.282285
0.281860
0.282281
0.281856
0.282278
0.281852
0.282274
0.281847
0.282270
0.281843
0.282266
0.281838
0.282262
0.281834
0.282258
0.281830
0.282254
0.281825
0.282250
0.281821
0.282246
0.281816
0.282242
0.281812
0.282238
0.281807
0.282234
0.281803
0.282230
0.281798
0.282226
0.281794
0.282222
0.281789
0.282218
0.281785
0.282214
0.281780
0.282210
0.281776
0.282206
0.281771
0.282202
0.281767
0.282198
0.281762
0.282194
0.281758
0.282189
0.281753
0.282185
0.281749
0.282181
0.281744
0.282177
0.281740
0.282173
0.281735
0.282169
0.281730
0.282165
0.281726
0.282160
0.281721
0.282156
0.281717
0.282152
0.281712
0.282148
0.281707
0.282144
0.281703
0.282139
0.281698
0.282135
0.281694
0.282131
0.281689
0.282127
0.281684
0.282122
0.281680
0.282118
0.281675
0.282114
0.281670
0.282110
0.281666
0.282105
0.281661
0.282101
0.281656
0.282097
0.281651
0.282092
0.281647
0.282088
0.281642
0.282084
0.281637
0.282079
0.281633
0.282075
0.281628
0.282070
0.281623
0.282066
0.281618
0.282062
0.281614
0.282057
0.281609
0.282053
0.281604
0.282048
0.281599
0.282044
0.281595
0.282039
0.281590
0.282035
0.281585
0.282031
0.281580
0.282026
0.281575
0.282022
0.281571
0.282017
0.281566
0.282013
0.281561
0.282008
0.281556
0.282004
0.281551
0.281999
0.281546
0.281546
0.281994
0.281542
0.281990
0.281537
0.281985
0.281532
0.281981
0.281527
0.281976
0.281522
0.281972
0.281517
0.281967
0.281512
0.281962
0.281507
0.281958
0.281503
0.281953
0.281498
0.281948
0.281493
0.281944
0.281488
0.281939
0.281483
0.281934
0.281478
0.281930
0.281473
0.281925
0.281468
0.281920
0.281463
0.281916
0.281458
0.281911
0.281453
0.281906
0.281448
0.281901
0.281443
0.281897
0.281438
0.281892
0.281433
0.281887
0.281428
0.281882
0.281423
0.281877
0.281418
0.281873
0.281413
0.281868
0.281408
0.281863
0.281403
0.281858
0.281398
0.281853
0.281393
0.281848
0.281388
0.281844
0.281383
0.281839
0.281378
0.281834
0.281373
0.281829
0.281368
0.281824
0.281363
0.281819
0.281358
0.281814
0.281353
0.281809
0.281348
0.281804
0.281343
0.281799
0.281338
0.281794
0.281333
0.281789
0.281328
0.281784
0.281323
0.281779
0.281318
0.281774
0.281312
0.281769
0.281307
0.281764
0.281302
0.281759
0.281297
0.281754
0.281292
0.281749
0.281287
0.281744
0.281282
0.281739
0.281277
0.281734
0.281272
0.281729
0.281266
0.281724
0.281261
0.281719
0.281256
0.281713
0.281251
0.281708
0.281246
0.281703
0.281241
0.281698
0.281236
0.281693
0.281230
0.281688
0.281225
0.281682
0.281220
0.281677
0.281215
0.281672
0.281210
0.281667
0.281205
0.281662
0.281199
0.281656
0.281194
0.281651
0.281189
0.281646
0.281184
0.281641
0.281179
0.281635
0.281173
0.281630
0.281168
0.281625
0.281163
0.281619
0.281158
0.281614
0.281153
0.281609
0.281147
0.281603
0.281142
0.281598
0.281137
0.281593
0.281132
0.281587
0.281127
0.281582
0.281121
0.281577
0.281116
0.281571
0.281111
0.281566
0.281106
0.281560
0.281101
0.281555
0.281095
0.281549
0.281090
0.281544
0.281085
0.281539
0.281080
0.281533
0.281074
0.281528
0.281069
0.281522
0.281064
0.281517
0.281059
0.281511
0.281053
0.281506
0.281048
0.281500
0.281043
0.281495
0.281038
0.281489
0.281032
0.281483
0.281027
0.281478
0.281022
0.281472
0.281017
0.281467
0.281011
0.281461
0.281006
0.281455
0.281001
0.281450
0.280996
0.281444
0.280990
0.281439
0.280985
0.281433
0.280980
0.281427
0.280975
0.281422
0.280969
0.281416
0.280964
0.281410
0.280959
0.281404
0.280954
0.281399
0.280948
0.281393
0.280943
0.281387
0.280938
0.281382
0.280933
0.281376
0.280927
0.281370
0.280922
0.281364
0.280917
0.281358
0.280912
0.281353
0.280906
0.281347
0.280901
0.281341
0.280896
0.281335
0.280891
0.281329
0.280885
0.281324
0.280880
0.281318
0.280875
0.281312
0.280870
0.281306
0.280864
0.281300
0.280859
0.281294
0.280854
0.281288
0.280849
0.281282
0.280843
0.281276
0.280838
0.281270
0.280833
0.281264
0.280828
0.281258
0.280822
0.281252
0.280817
0.281246
0.280812
0.281240
0.280807
0.281234
0.280802
0.281228
0.280796
0.281222
0.280791
0.281216
0.280786
0.281210
0.280781
0.281204
0.280776
0.281198
0.280770
0.281192
0.280765
0.281186
0.280760
0.281180
0.280755
0.281174
0.280750
0.281168
0.280744
0.281161
0.280739
0.281155
0.280734
0.281149
0.280729
0.281143
0.280724
0.281137
0.280719
0.281131
0.280713
0.281124
0.280708
0.281118
0.280703
0.281112
0.280698
0.281106
0.280693
0.281099
0.280688
0.281093
0.280683
0.281087
0.280678
0.281081
0.280673
0.281074
0.280667
0.281068
0.280662
0.281062
0.280657
0.281055
0.280652
0.281049
0.280647
0.281042
0.280642
0.281036
0.280637
0.281030
0.280632
0.281023
0.280627
0.281017
0.280622
0.281010
0.280617
0.281004
0.280612
0.280998
0.280607
0.280991
0.280602
0.280985
0.280597
0.280978
0.280592
0.280972
0.280587
0.280965
0.280582
0.280959
0.280577
0.280952
0.280572
0.280945
0.280567
0.280939
0.280562
0.280932
0.280558
0.280926
0.280553
0.280919
0.280548
0.280912
0.280543
0.280906
0.280538
0.280899
0.280533
0.280892
0.280528
0.280886
0.280524
0.280879
0.280519
0.280872
0.280514
0.280866
0.280509
0.280859
0.280505
0.280852
0.280500
0.280845
0.280495
0.280838
0.280490
0.280832
0.280486
0.280825
0.280481
0.280818
0.280476
0.280811
0.280472
0.280804
0.280467
0.280797
0.280463
0.280790
0.280458
0.280783
0.280454
0.280776
0.280449
0.280769
0.280444
0.280762
0.280440
0.280755
0.280435
0.280748
0.280431
0.280741
0.280427
0.280734
0.280422
0.280727
0.280418
0.280720
0.280413
0.280713
0.280409
0.280705
0.280405
0.280698
0.280401
0.280691
0.280396
0.280684
0.280392
0.280676
0.280388
0.280669
0.280384
0.280662
0.280380
0.280654
0.280376
0.280647
0.280371
0.280639
0.280367
0.280632
0.280363
0.280624
0.280359
0.280617
0.280356
0.280609
0.280352
0.280602
0.280348
0.280594
0.280344
0.280586
0.280340
0.280579
0.280337
0.280571
0.280333
0.280563
0.280329
0.280555
0.280326
0.280547
0.280322
0.280539
0.280319
0.280531
0.280316
0.280523
0.280523
0.280312
0.280515
0.280309
0.280506
0.280306
0.280498
0.280303
0.280490
0.280300
0.280481
0.280297
0.280473
0.280294
0.280464
0.280291
0.280455
0.280289
0.280446
0.280286
0.280437
0.280284
0.280428
0.280281
0.280419
0.280279
0.280410
0.280277
0.280401
0.280275
0.280391
0.280273
0.280382
0.280271
0.280372
0.280270
0.280362
0.280268
0.280352
0.280267
0.280342
0.280265
0.280332
0.280263
0.280322
0.280262
0.280313
0.280260
0.280303
0.280258
0.280293
0.280256
0.280284
0.280253
0.280275
0.280250
0.280266
0.280247
0.280258
0.280243
0.280250
0.280239
0.280243
0.280234
0.280236
0.280229
0.280229
0.280224
0.280222
0.280218
0.280216
0.280212
0.280209
0.280206
0.280203
0.280199
0.280196
0.280193
0.280190
0.280186
0.280183
0.280180
0.280177
0.280173
0.280170
0.280167
0.280164
0.280160
0.280157
0.280154
0.280151
0.280147
0.280144
0.280141
0.280138
0.280135
0.280131
0.280128
0.280125
0.280122
0.280118
0.280115
0.280112
0.280108
0.280105
0.280101
0.280098
0.280095
0.280091
0.280087
0.280084
0.280080
0.280077
0.280073
0.280069
0.280065
0.280062
0.280058
0.280054
0.280050
0.280046
0.280042
0.280038
0.280034
0.280030
0.280026
0.280021
0.280017
0.280013
0.280009
0.280004
0.280000
0.279996
0.279992
0.279987
0.279983
0.279979
0.279974
0.279970
0.279965
0.279961
0.279957
0.279952
0.279948
0.279944
0.279940
0.279935
0.279931
0.279927
0.279923
0.279919
0.279914
0.279910
0.279906
0.279902
0.279898
0.279895
0.279891
0.279887
0.279883
0.279879
0.279876
0.279872
0.279868
0.279865
0.279861
0.279858
0.279855
0.279851
0.279848
0.279844
0.279841
0.279838
0.279834
0.279831
0.279828
0.279825
0.279821
0.279818
0.279815
0.279812
0.279808
0.279805
0.279802
0.279798
0.279795
0.279792
0.279788
0.279785
0.279781
0.279778
0.279774
0.279770
0.279767
0.279763
0.279759
0.279755
0.279751
0.279747
0.279743
0.279739
0.279735
0.279731
0.279727
0.279723
0.279718
0.279714
0.279710
0.279705
0.279701
0.279696
0.279692
0.279687
0.279683
0.279678
0.279674
0.279669
0.279664
0.279660
0.279655
0.279651
0.279646
0.279641
0.279637
0.279632
0.279628
0.279623
0.279618
0.279614
0.279609
0.279605
0.279601
0.279596
0.279592
0.279588
0.279584
0.279579
0.279575
0.279571
0.279567
0.279563
0.279560
0.279556
0.279552
0.279548
0.279545
0.279541
0.279538
0.279535
0.279532
0.279528
0.279525
0.279523
0.279520
0.279517
0.279514
0.279512
0.279509
0.279507
0.279504
0.279502
0.279500
0.279498
0.279496
0.279494
0.279492
0.279491
0.279489
0.279488
0.279486
0.279485
0.279484
0.279482
0.279481
0.279480
0.279479
0.279478
0.279478
0.279477
0.279476
0.279476
0.279475
0.279475
0.279474
0.279474
0.279474
0.279474
0.279474
0.279473
0.279473
0.279473
0.279474
0.279474
0.279474
0.279474
0.279474
0.279475
0.279475
0.279475
0.279476
0.279476
0.279477
0.279477
0.279478
0.279478
0.279479
0.279479
0.279480
0.279481
0.279481
0.279482
0.279483
0.279483
0.279484
0.279485
0.279486
0.279486
0.279487
0.279488
0.279489
0.279489
0.279490
0.279491
0.279492
0.279493
0.279493
0.279494
0.279495
0.279496
0.279497
0.279497
0.279498
0.279499
0.279500
0.279500
0.279501
0.279502
0.279503
0.279503
0.279504
0.279505
0.279505
0.279506
0.279507
0.279507
0.279508
0.279508
0.279509
0.279510
0.279510
0.279511
0.279511
0.279512
0.279512
0.279513
0.279513
0.279514
0.279514
0.279514
0.279515
0.279515
0.279515
0.279516
0.279516
0.279516
0.279517
0.279517
0.279517
0.279517
0.279517
0.279518
0.279518
0.279518
0.279518
0.279518
0.279518
0.279518
0.279518
0.279518
0.279518
0.279518
0.279518
0.279518
0.279517
0.279517
0.279517
0.279517
0.279517
0.279516
0.279516
0.279516
0.279516
0.279515
0.279515
0.279514
0.279514
0.279514
0.279513
0.279513
0.279512
0.279511
0.279511
0.279510
0.279510
0.279509
0.279508
0.279508
0.279507
0.279506
0.279505
0.279504
0.279504
0.279503
0.279502
0.279501
0.279500
0.279499
0.279498
0.279497
0.279496
0.279495
0.279494
0.279493
0.279491
0.279490
0.279489
0.279488
0.279486
0.279485
0.279484
0.279482
0.279481
0.279480
0.279478
0.279477
0.279475
0.279474
0.279472
0.279470
0.279469
0.279467
0.279466
0.279464
0.279462
0.279460
0.279459
0.279457
0.279455
0.279453
0.279451
0.279449
0.279447
0.279445
0.279443
0.279441
0.279439
0.279437
0.279435
0.279433
0.279430
0.279428
0.279426
0.279424
0.279421
0.279419
0.279417
0.279414
0.279412
0.279409
0.279407
0.279404
0.279402
0.279399
0.279397
0.279394
0.279391
0.279389
0.279386
0.279383
0.279381
0.279378
0.279375
0.279372
0.279369
0.279366
0.279363
0.279360
0.279357
0.279354
0.279351
0.279348
0.279345
0.279342
0.279339
0.279336
0.279332
0.279329
0.279326
0.279323
0.279319
0.279319
0.279316
0.279313
0.279309
0.279306
0.279302
0.279299
0.279295
0.279292
0.279288
0.279285
0.279281
0.279277
0.279274
0.279270
0.279266
0.279263
0.279259
0.279255
0.279251
0.279247
0.279244
0.279240
0.279236
0.279232
0.279228
0.279224
0.279220
0.279216
0.279212
0.279208
0.279203
0.279199
0.279195
0.279191
0.279187
0.279182
0.279178
0.279174
0.279170
0.279165
0.279161
0.279156
0.279152
0.279148
0.279143
0.279139
0.279134
0.279130
0.279125
0.279120
0.279116
0.279111
0.279107
0.279102
0.279097
0.279092
0.279088
0.279083
0.279078
0.279073
0.279069
0.279064
0.279059
0.279054
0.279049
0.279044
0.279039
0.279034
0.279029
0.279024
0.279019
0.279014
0.279009
0.279004
0.278999
0.278993
0.278988
0.278983
0.278978
0.278973
0.278967
0.278962
0.278957
0.278951
0.278946
0.278941
0.278935
0.278930
0.278924
0.278919
0.278914
0.278908
0.278903
0.278897
0.278891
0.278886
0.278880
0.278875
0.278869
0.278863
0.278858
0.278852
0.278846
0.278841
0.278835
0.278829
0.278823
0.278818
0.278812
0.278806
0.278800
0.278794
0.278788
0.278783
0.278777
0.278771
0.278765
0.278759
0.278753
0.278747
0.278741
0.278735
0.278729
0.278723
0.278717
0.278710
0.278704
0.278698
0.278692
0.278686
0.278680
0.278674
0.278667
0.278661
0.278655
0.278649
0.278642
0.278636
0.278630
0.278623
0.278617
0.278611
0.278604
0.278598
0.278591
0.278585
0.278579
0.278572
0.278566
0.278559
0.278553
0.278546
0.278540
0.278533
0.278527
0.278520
0.278514
0.278507
0.278500
0.278494
0.278487
0.278480
0.278474
0.278467
0.278460
0.278454
0.278447
0.278440
0.278434
0.278427
0.278420
0.278413
0.278406
0.278400
0.278393
0.278386
0.278379
0.278372
0.278365
0.278359
0.278352
0.278345
0.278338
0.278331
0.278324
0.278317
0.278310
0.278303
0.278296
0.278289
0.278282
0.278275
0.278268
0.278261
0.278254
0.278247
0.278240
0.278233
0.278226
0.278219
0.278212
0.278204
0.278197
0.278190
0.278183
0.278176
0.278169
0.278162
0.278154
0.278147
0.278140
0.278133
0.278125
0.278118
0.278111
0.278104
0.278096
0.278089
0.278082
0.278075
0.278067
0.278060
0.278053
0.278045
0.278038
0.278031
0.278023
0.278016
0.278009
0.278001
0.277994
0.277986
0.277979
0.277972
0.277964
0.277957
0.277949
0.277942
0.277934
0.277927
0.277919
0.277912
0.277904
0.277897
0.277889
0.277882
0.277874
0.277867
0.277859
0.277852
0.277844
0.277837
0.277829
0.277822
0.277814
0.277806
0.277799
0.277791
0.277784
0.277776
0.277768
0.277761
0.277753
0.277745
0.277738
0.277730
0.277723
0.277715
0.277707
0.277700
0.277692
0.277684
0.277676
0.277669
0.277661
0.277653
0.277646
0.277638
0.277630
0.277623
0.277615
0.277607
0.277599
0.277592
0.277584
0.277576
0.277568
0.277561
0.277553
0.277545
0.277537
0.277529
0.277522
0.277514
0.277506
0.277498
0.277490
0.277483
0.277475
0.277467
0.277459
0.277451
0.277443
0.277436
0.277428
0.277420
0.277412
0.277404
0.277396
0.277388
0.277381
0.277373
0.277365
0.277357
0.277349
0.277341
0.277333
0.277325
0.277318
0.277310
0.277302
0.277294
0.277286
0.277278
0.277270
0.277262
0.277254
0.277246
0.277238
0.277231
0.277223
0.277215
0.277207
0.277199
0.277191
0.277183
0.277175
0.277167
0.277159
0.277151
0.277143
0.277135
0.277127
0.277119
0.277111
0.277103
0.277095
0.277087
0.277079
0.277071
0.277063
0.277055
0.277047
0.277039
0.277032
0.277024
0.277016
0.277008
0.277000
0.276992
0.276984
0.276976
0.276968
0.276960
0.276952
0.276944
0.276936
0.276928
0.276920
0.276912
0.276904
0.276896
0.276888
0.276879
0.276871
0.276863
0.276855
0.276847
0.276839
0.276831
0.276823
0.276815
0.276807
0.276799
0.276791
0.276783
0.276775
0.276767
0.276759
0.276751
0.276743
0.276735
0.276727
0.276719
0.276711
0.276703
0.276695
0.276687
0.276679
0.276671
0.276663
0.276655
0.276647
0.276639
0.276631
0.276623
0.276615
0.276607
0.276599
0.276591
0.276583
0.276575
0.276567
0.276559
0.276551
0.276543
0.276535
0.276527
0.276519
0.276511
0.276502
0.276494
0.276486
0.276478
0.276470
0.276462
0.276454
0.276446
0.276438
0.276430
0.276422
0.276414
0.276406
0.276398
0.276390
0.276382
0.276374
0.276366
0.276358
0.276350
0.276342
0.276334
0.276326
0.276318
0.276310
0.276302
0.276294
0.276286
0.276278
0.276270
0.276262
0.276254
0.276246
0.276237
0.276229
0.276221
0.276213
0.276205
0.276197
0.276188
0.276180
0.276172
0.276164
0.276155
0.276147
0.276139
0.276131
0.276122
0.276114
0.276106
0.276097
0.276089
0.276081
0.276072
0.276064
0.276055
0.276047
0.276039
0.276030
0.276022
0.276014
0.276006
0.275997
0.275989
0.275981
0.275973
0.275966
0.275958
0.275951
0.275943
0.275936
0.275929
0.275923
0.275917
0.275911
0.275906
0.275901
0.275897
0.275894
0.275894
0.275891
0.275889
0.275888
0.275887
0.275887
0.275888
0.275889
0.275893
0.275899
0.275907
0.275915
0.275919
0.275914
0.275897
0.275866
0.275821
0.275765
0.275702
0.275637
0.275578
0.275529
0.275497
0.275487
0.275501
0.275542
0.275606
0.275689
0.275783
0.275878
0.275965
0.276035
0.276080
0.276098
0.276085
0.276044
0.275977
0.275888
0.275783
0.275667
0.275546
0.275424
0.275304
0.275192
0.275088
0.274995
0.274914
0.274844
0.274787
0.274742
0.274709
0.274686
0.274673
0.274669
0.274674
0.274686
0.274705
0.274729
0.274759
0.274793
0.274831
0.274872
0.274915
0.274959
0.275005
0.275052
0.275098
0.275144
0.275189
0.275233
0.275276
0.275316
0.275355
0.275391
0.275425
0.275456
0.275484
0.275510
0.275533
0.275553
0.275571
0.275585
0.275597
0.275606
0.275613
0.275617
0.275619
0.275619
0.275616
0.275612
0.275605
0.275597
0.275587
0.275576
0.275563
0.275549
0.275534
0.275517
0.275500
0.275482
0.275464
0.275444
0.275425
0.275404
0.275384
0.275363
0.275342
0.275321
0.275300
0.275279
0.275258
0.275237
0.275216
0.275195
0.275175
0.275155
0.275135
0.275115
0.275096
0.275077
0.275059
0.275041
0.275023
0.275006
0.274989
0.274973
0.274957
0.274941
0.274926
0.274911
0.274897
0.274883
0.274870
0.274857
0.274844
0.274832
0.274820
0.274809
0.274798
0.274787
0.274777
0.274767
0.274758
0.274749
0.274740
0.274732
0.274724
0.274716
0.274708
0.274701
0.274695
0.274688
0.274682
0.274676
0.274671
0.274665
0.274660
0.274656
0.274651
0.274647
0.274643
0.274639
0.274635
0.274632
0.274629
0.274626
0.274623
0.274620
0.274618
0.274616
0.274614
0.274612
0.274610
0.274608
0.274607
0.274605
0.274604
0.274603
0.274602
0.274601
0.274600
0.274600
0.274599
0.274599
0.274598
0.274598
0.274597
0.274597
0.274597
0.274597
0.274597
0.274597
0.274597
0.274597
0.274597
0.274597
0.274597
0.274597
0.274597
0.274597
0.274597
0.274597
0.274597
0.274598
0.274598
0.274598
0.274598
0.274598
0.274598
0.274598
0.274598
0.274598
0.274598
0.274597
0.274597
0.274597
0.274597
0.274596
0.274596
0.274595
0.274595
0.274594
0.274594
0.274593
0.274592
0.274591
0.274590
0.274589
0.274588
0.274587
0.274586
0.274585
0.274583
0.274582
0.274580
0.274579
0.274577
0.274575
0.274573
0.274571
0.274569
0.274567
0.274565
0.274563
0.274560
0.274558
0.274555
0.274552
0.274550
0.274547
0.274544
0.274541
0.274537
0.274534
0.274531
0.274527
0.274524
0.274520
0.274516
0.274512
0.274508
0.274504
0.274500
0.274496
0.274491
0.274487
0.274482
0.274477
0.274473
0.274468
0.274463
0.274458
0.274452
0.274447
0.274442
0.274436
0.274431
0.274425
0.274419
0.274413
0.274407
0.274401
0.274395
0.274388
0.274382
0.274376
0.274369
0.274362
0.274355
0.274348
0.274341
0.274334
0.274327
0.274320
0.274312
0.274305
0.274297
0.274290
0.274282
0.274274
0.274266
0.274258
0.274250
0.274242
0.274233
0.274225
0.274216
0.274208
0.274199
0.274190
0.274181
0.274173
0.274164
0.274154
0.274145
0.274136
0.274127
0.274117
0.274108
0.274098
0.274088
0.274078
0.274069
0.274059
0.274049
0.274038
0.274028
0.274018
0.274008
0.273997
0.273987
0.273976
0.273966
0.273955
0.273944
0.273933
0.273922
0.273911
0.273900
0.273889
0.273878
0.273867
0.273855
0.273844
0.273833
0.273821
0.273809
0.273798
0.273786
0.273774
0.273762
0.273751
0.273739
0.273727
0.273715
0.273702
0.273690
0.273678
0.273666
0.273653
0.273641
0.273628
0.273616
0.273603
0.273591
0.273578
0.273565
0.273553
0.273540
0.273527
0.273514
0.273501
0.273488
0.273475
0.273462
0.273449
0.273436
0.273423
0.273409
0.273396
0.273383
0.273369
0.273356
0.273343
0.273329
0.273316
0.273302
0.273289
0.273275
0.273261
0.273248
0.273234
0.273220
0.273206
0.273193
0.273179
0.273165
0.273151
0.273137
0.273123
0.273109
0.273095
0.273081
0.273067
0.273053
0.273039
0.273025
0.273011
0.272996
0.272982
0.272968
0.272954
0.272940
0.272925
0.272911
0.272897
0.272882
0.272868
0.272854
0.272839
0.272825
0.272810
0.272796
0.272782
0.272767
0.272753
0.272738
0.272724
0.272709
0.272695
0.272680
0.272665
0.272651
0.272636
0.272622
0.272607
0.272593
0.272578
0.272563
0.272549
0.272534
0.272519
0.272505
0.272490
0.272475
0.272461
0.272446
0.272431
0.272417
0.272402
0.272387
0.272373
0.272358
0.272343
0.272329
0.272314
0.272299
0.272284
0.272270
0.272255
0.272240
0.272226
0.272211
0.272196
0.272181
0.272167
0.272152
0.272137
0.272123
0.272108
0.272093
0.272078
0.272064
0.272049
0.272034
0.272020
0.272005
0.271990
0.271976
0.271961
0.271946
0.271932
0.271917
0.271902
0.271888
0.271873
0.271858
0.271844
0.271829
0.271815
0.271800
0.271785
0.271771
0.271756
0.271742
0.271727
0.271712
0.271698
0.271683
0.271669
0.271669
