0.095742
0.206744
0.199741
0.199245
0.199220
0.199072
0.198639
0.197953
0.197119
0.196228
0.195337
0.194476
0.193663
0.192904
0.192198
0.191545
0.190941
0.190381
0.189862
0.189380
0.188931
0.188512
0.188120
0.187753
0.187408
0.187086
0.186783
0.186499
0.186233
0.185983
0.185750
0.185532
0.185328
0.185137
0.184960
0.184795
0.184642
0.184499
0.184368
0.184246
0.184133
0.184030
0.183935
0.183848
0.183769
0.183696
0.183631
0.183571
0.183518
0.183470
0.183428
0.183391
0.183358
0.183330
0.183306
0.183285
0.183269
0.183256
0.183246
0.183239
0.183235
0.183233
0.183234
0.183237
0.183242
0.183248
0.183256
0.183266
0.183276
0.183288
0.183300
0.183313
0.183326
0.183339
0.183353
0.183366
0.183379
0.183391
0.183403
0.183414
0.183424
0.183433
0.183441
0.183448
0.183454
0.183459
0.183462
0.183465
0.183466
0.183466
0.183464
0.183462
0.183458
0.183453
0.183447
0.183440
0.183432
0.183423
0.183412
0.183401
0.183389
0.183376
0.183362
0.183346
0.183330
0.183313
0.183296
0.183277
0.183258
0.183237
0.183216
0.183194
0.183172
0.183149
0.183125
0.183101
0.183076
0.183050
0.183024
0.182998
0.182971
0.182944
0.182917
0.182889
0.182861
0.182833
0.182805
0.182776
0.182748
0.182719
0.182691
0.182662
0.182634
0.182606
0.182578
0.182550
0.182522
0.182494
0.182467
0.182440
0.182414
0.182387
0.182361
0.182336
0.182311
0.182286
0.182261
0.182237
0.182214
0.182191
0.182168
0.182146
0.182124
0.182103
0.182082
0.182062
0.182042
0.182022
0.182003
0.181985
0.181967
0.181949
0.181932
0.181915
0.181899
0.181883
0.181868
0.181853
0.181838
0.181824
0.181810
0.181797
0.181783
0.181771
0.181758
0.181746
0.181735
0.181723
0.181712
0.181701
0.181691
0.181681
0.181671
0.181661
0.181652
0.181643
0.181634
0.181626
0.181617
0.181609
0.181601
0.181593
0.181586
0.181579
0.181572
0.181565
0.181558
0.181551
0.181545
0.181539
0.181533
0.181527
0.181521
0.181515
0.181510
0.181504
0.181499
0.181494
0.181489
0.181484
0.181479
0.181475
0.181470
0.181466
0.181461
0.181457
0.181453
0.181449
0.181445
0.181441
0.181437
0.181433
0.181429
0.181426
0.181422
0.181419
0.181415
0.181412
0.181409
0.181406
0.181402
0.181399
0.181396
0.181393
0.181390
0.181388
0.181385
0.181382
0.181379
0.181377
0.181374
0.181372
0.181369
0.181367
0.181364
0.181362
0.181360
0.181357
0.181355
0.181353
0.181351
0.181349
0.181347
0.181345
0.181343
0.181341
0.181340
0.181338
0.181336
0.181335
0.181333
0.181331
0.181330
0.181329
0.181327
0.181326
0.181325
0.181323
0.181322
0.181321
0.181320
0.181319
0.181318
0.181317
0.181317
0.181316
0.181315
0.181315
0.181314
0.181313
0.181313
0.181313
0.181312
0.181312
0.181312
0.181312
0.181312
0.181312
0.181312
0.181312
0.181312
0.181313
0.181313
0.181313
0.181314
0.181315
0.181315
0.181316
0.181317
0.181318
0.181319
0.181320
0.181321
0.181322
0.181323
0.181324
0.181326
0.181327
0.181329
0.181330
0.181332
0.181334
0.181335
0.181337
0.181339
0.181341
0.181343
0.181345
0.181348
0.181350
0.181352
0.181355
0.181357
0.181360
0.181362
0.181365
0.181367
0.181370
0.181373
0.181376
0.181379
0.181382
0.181385
0.181388
0.181392
0.181395
0.181398
0.181402
0.181405
0.181408
0.181412
0.181416
0.181419
0.181423
0.181427
0.181431
0.181435
0.181439
0.181443
0.181447
0.181451
0.181455
0.181459
0.181463
0.181468
0.181472
0.181476
0.181480
0.181484
0.181488
0.181491
0.181495
0.181498
0.181501
0.181504
0.181507
0.181509
0.181511
0.181513
0.181515
0.181516
0.181518
0.181519
0.181519
0.181520
0.181521
0.181521
0.181521
0.181521
0.181521
0.181521
0.181521
0.181521
0.181520
0.181520
0.181520
0.181520
0.181519
0.181519
0.181519
0.181518
0.181518
0.181518
0.181518
0.181518
0.181517
0.181517
0.181517
0.181517
0.181517
0.181517
0.181517
0.181516
0.181516
0.181516
0.181516
0.181516
0.181516
0.181516
0.181515
0.181515
0.181515
0.181515
0.181515
0.181514
0.181514
0.181514
0.181513
0.181513
0.181513
0.181512
0.181512
0.181512
0.181511
0.181511
0.181510
0.181510
0.181510
0.181509
0.181508
0.181508
0.181507
0.181507
0.181506
0.181506
0.181505
0.181504
0.181503
0.181503
0.181502
0.181501
0.181500
0.181500
0.181499
0.181498
0.181497
0.181496
0.181495
0.181494
0.181493
0.181492
0.181491
0.181490
0.181489
0.181488
0.181487
0.181486
0.181485
0.181484
0.181483
0.181482
0.181480
0.181479
0.181478
0.181477
0.181476
0.181474
0.181473
0.181472
0.181470
0.181469
0.181468
0.181466
0.181465
0.181464
0.181462
0.181461
0.181459
0.181458
0.181457
0.181455
0.181454
0.181452
0.181451
0.181449
0.181448
0.181446
0.181445
0.181443
0.181442
0.181440
0.181438
0.181437
0.181435
0.181434
0.181432
0.181431
0.181429
0.181427
0.181426
0.181426
0.181424
0.181422
0.181421
0.181419
0.181418
0.181416
0.181414
0.181413
0.181411
0.181409
0.181408
0.181406
0.181405
0.181403
0.181401
0.181400
0.181398
0.181396
0.181395
0.181393
0.181391
0.181390
0.181388
0.181386
0.181385
0.181383
0.181381
0.181380
0.181378
0.181377
0.181375
0.181373
0.181372
0.181370
0.181368
0.181367
0.181365
0.181363
0.181362
0.181360
0.181358
0.181357
0.181355
0.181353
0.181352
0.181350
0.181349
0.181347
0.181345
0.181344
0.181342
0.181341
0.181339
0.181338
0.181336
0.181335
0.181333
0.181332
0.181330
0.181329
0.181328
0.181326
0.181325
0.181324
0.181323
0.181322
0.181321
0.181320
0.181319
0.181318
0.181317
0.181316
0.181315
0.181315
0.181314
0.181314
0.181313
0.181313
0.181313
0.181313
0.181313
0.181313
0.181313
0.181314
0.181314
0.181315
0.181315
0.181316
0.181317
0.181319
0.181320
0.181322
0.181323
0.181325
0.181327
0.181329
0.181332
0.181334
0.181337
0.181340
0.181343
0.181347
0.181350
0.181354
0.181358
0.181363
0.181367
0.181372
0.181377
0.181382
0.181388
0.181393
0.181399
0.181406
0.181412
0.181419
0.181426
0.181433
0.181441
0.181448
0.181457
0.181465
0.181473
0.181482
0.181492
0.181501
0.181511
0.181521
0.181531
0.181542
0.181553
0.181564
0.181575
0.181587
0.181599
0.181612
0.181624
0.181637
0.181650
0.181664
0.181678
0.181692
0.181706
0.181721
0.181736
0.181751
0.181767
0.181782
0.181798
0.181815
0.181832
0.181848
0.181866
0.181883
0.181901
0.181919
0.181937
0.181956
0.181975
0.181994
0.182014
0.182033
0.182053
0.182073
0.182094
0.182115
0.182136
0.182157
0.182179
0.182200
0.182222
0.182245
0.182267
0.182290
0.182313
0.182336
0.182360
0.182384
0.182407
0.182432
0.182456
0.182481
0.182506
0.182531
0.182556
0.182582
0.182607
0.182633
0.182660
0.182686
0.182713
0.182740
0.182767
0.182794
0.182821
0.182849
0.182877
0.182905
0.182933
0.182961
0.182990
0.183019
0.183048
0.183077
0.183106
0.183136
0.183165
0.183195
0.183225
0.183255
0.183285
0.183316
0.183346
0.183377
0.183408
0.183439
0.183470
0.183502
0.183533
0.183565
0.183596
0.183628
0.183660
0.183692
0.183725
0.183757
0.183789
0.183822
0.183855
0.183888
0.183920
0.183953
0.183987
0.184020
0.184053
0.184086
0.184120
0.184153
0.184187
0.184221
0.184254
0.184288
0.184322
0.184356
0.184390
0.184424
0.184458
0.184493
0.184527
0.184561
0.184595
0.184630
0.184664
0.184699
0.184733
0.184768
0.184802
0.184837
0.184871
0.184906
0.184940
0.184975
0.185010
0.185044
0.185079
0.185113
0.185148
0.185183
0.185217
0.185252
0.185286
0.185321
0.185355
0.185390
0.185424
0.185459
0.185493
0.185528
0.185562
0.185596
0.185630
0.185665
0.185699
0.185733
0.185767
0.185801
0.185835
0.185869
0.185903
0.185937
0.185970
0.186004
0.186037
0.186071
0.186104
0.186138
0.186171
0.186204
0.186237
0.186270
0.186303
0.186336
0.186369
0.186402
0.186435
0.186467
0.186500
0.186532
0.186564
0.186596
0.186628
0.186660
0.186692
0.186724
0.186756
0.186787
0.186819
0.186850
0.186881
0.186913
0.186944
0.186975
0.187006
0.187036
0.187067
0.187097
0.187128
0.187158
0.187188
0.187218
0.187248
0.187278
0.187308
0.187338
0.187367
0.187397
0.187426
0.187455
0.187484
0.187513
0.187542
0.187571
0.187599
0.187628
0.187656
0.187684
0.187712
0.187740
0.187768
0.187796
0.187824
0.187851
0.187879
0.187906
0.187933
0.187960
0.187987
0.188014
0.188041
0.188067
0.188094
0.188120
0.188146
0.188172
0.188198
0.188224
0.188250
0.188276
0.188301
0.188327
0.188352
0.188377
0.188402
0.188427
0.188452
0.188477
0.188502
0.188526
0.188551
0.188575
0.188599
0.188623
0.188647
0.188671
0.188695
0.188719
0.188742
0.188765
0.188789
0.188812
0.188835
0.188858
0.188881
0.188904
0.188926
0.188949
0.188971
0.188994
0.189016
0.189038
0.189060
0.189082
0.189104
0.189126
0.189147
0.189169
0.189190
0.189212
0.189233
0.189254
0.189275
0.189296
0.189317
0.189338
0.189358
0.189379
0.189399
0.189420
0.189440
0.189460
0.189480
0.189500
0.189520
0.189540
0.189559
0.189579
0.189599
0.189618
0.189637
0.189657
0.189676
0.189695
0.189714
0.189733
0.189751
0.189770
0.189789
0.189807
0.189826
0.189844
0.189862
0.189881
0.189899
0.189917
0.189935
0.189952
0.189970
0.189988
0.190006
0.190023
0.190041
0.190058
0.190075
0.190092
0.190110
0.190127
0.190144
0.190161
0.190177
0.190194
0.190211
0.190227
0.190244
0.190260
0.190277
0.190293
0.190309
0.190325
0.190342
0.190358
0.190374
0.190390
0.190405
0.190422
0.190438
0.190456
0.190479
0.190517
0.190555
0.190552
0.190583
0.190716
0.190697
0.190780
0.190844
0.190871
0.190871
0.190858
0.190843
0.190835
0.190835
0.190843
0.190858
0.190877
0.190898
0.190921
0.190944
0.190968
0.190992
0.190992
0.191016
0.191040
0.191064
0.191088
0.191111
0.191135
0.191158
0.191181
0.191204
0.191227
0.191249
0.191271
0.191292
0.191313
0.191334
0.191354
0.191374
0.191394
0.191413
0.191431
0.191450
0.191468
0.191485
0.191502
0.191519
0.191535
0.191551
0.191567
0.191582
0.191597
0.191612
0.191627
0.191641
0.191655
0.191668
0.191682
0.191695
0.191709
0.191722
0.191734
0.191747
0.191760
0.191772
0.191784
0.191796
0.191809
0.191821
0.191833
0.191844
0.191856
0.191868
0.191880
0.191891
0.191903
0.191914
0.191926
0.191937
0.191949
0.191960
0.191971
0.191983
0.191994
0.192005
0.192017
0.192028
0.192039
0.192051
0.192062
0.192073
0.192085
0.192096
0.192107
0.192119
0.192130
0.192141
0.192153
0.192164
0.192176
0.192187
0.192198
0.192210
0.192221
0.192233
0.192244
0.192255
0.192267
0.192278
0.192290
0.192301
0.192313
0.192324
0.192336
0.192347
0.192359
0.192370
0.192382
0.192393
0.192405
0.192416
0.192428
0.192439
0.192451
0.192463
0.192474
0.192486
0.192497
0.192509
0.192520
0.192532
0.192543
0.192555
0.192566
0.192578
0.192589
0.192601
0.192612
0.192624
0.192635
0.192647
0.192658
0.192670
0.192681
0.192692
0.192704
0.192715
0.192727
0.192738
0.192749
0.192760
0.192772
0.192783
0.192794
0.192805
0.192816
0.192827
0.192838
0.192849
0.192860
0.192871
0.192882
0.192893
0.192904
0.192914
0.192925
0.192936
0.192946
0.192957
0.192967
0.192978
0.192988
0.192999
0.193009
0.193019
0.193029
0.193039
0.193049
0.193059
0.193069
0.193079
0.193088
0.193098
0.193108
0.193117
0.193126
0.193136
0.193145
0.193154
0.193163
0.193172
0.193181
0.193190
0.193198
0.193207
0.193215
0.193224
0.193232
0.193240
0.193248
0.193256
0.193264
0.193272
0.193280
0.193288
0.193294
0.193307
0.193290
0.193422
0.193261
0.193829
0.193486
0.193470
0.193427
0.193456
0.193505
0.193595
0.193654
0.193719
0.193728
0.193755
0.193720
0.193744
0.193672
0.193751
0.193618
0.193823
0.193622
0.193814
0.193637
0.193772
0.193656
0.193784
0.193702
0.193825
0.193748
0.193860
0.193773
0.193883
0.193781
0.193900
0.193785
0.193917
0.193794
0.193934
0.193810
0.193949
0.193833
0.193968
0.193860
0.193993
0.193889
0.194020
0.193917
0.194049
0.193943
0.194077
0.193967
0.194104
0.193991
0.194131
0.194017
0.194157
0.194043
0.194184
0.194072
0.194212
0.194100
0.194241
0.194129
0.194270
0.194157
0.194299
0.194184
0.194328
0.194211
0.194356
0.194238
0.194384
0.194265
0.194412
0.194293
0.194439
0.194320
0.194467
0.194347
0.194495
0.194373
0.194522
0.194400
0.194549
0.194426
0.194576
0.194452
0.194603
0.194478
0.194629
0.194503
0.194656
0.194529
0.194682
0.194554
0.194708
0.194580
0.194734
0.194605
0.194759
0.194629
0.194785
0.194654
0.194810
0.194679
0.194835
0.194703
0.194860
0.194727
0.194885
0.194751
0.194910
0.194775
0.194934
0.194799
0.194958
0.194823
0.194983
0.194846
0.195007
0.194870
0.195031
0.194893
0.195054
0.194916
0.195078
0.194939
0.195102
0.194962
0.195125
0.194985
0.195148
0.195008
0.195172
0.195030
0.195195
0.195053
0.195217
0.195075
0.195240
0.195098
0.195263
0.195120
0.195285
0.195142
0.195308
0.195164
0.195330
0.195186
0.195352
0.195207
0.195374
0.195229
0.195396
0.195251
0.195418
0.195272
0.195440
0.195293
0.195461
0.195315
0.195483
0.195336
0.195504
0.195357
0.195525
0.195378
0.195546
0.195399
0.195567
0.195419
0.195588
0.195440
0.195609
0.195461
0.195630
0.195481
0.195650
0.195501
0.195671
0.195522
0.195691
0.195542
0.195711
0.195562
0.195731
0.195582
0.195751
0.195602
0.195771
0.195622
0.195791
0.195641
0.195810
0.195661
0.195830
0.195681
0.195849
0.195700
0.195868
0.195719
0.195888
0.195739
0.195907
0.195758
0.195926
0.195777
0.195944
0.195796
0.195963
0.195815
0.195982
0.195833
0.196000
0.195852
0.196019
0.195871
0.196037
0.195889
0.196055
0.195908
0.196073
0.195926
0.196091
0.195944
0.196109
0.195963
0.196126
0.195981
0.196144
0.195999
0.196161
0.196017
0.196179
0.196035
0.196196
0.196052
0.196213
0.196070
0.196230
0.196088
0.196247
0.196105
0.196264
0.196123
0.196280
0.196140
0.196297
0.196157
0.196313
0.196174
0.196329
0.196191
0.196346
0.196208
0.196362
0.196225
0.196378
0.196242
0.196394
0.196259
0.196409
0.196276
0.196425
0.196292
0.196441
0.196309
0.196456
0.196325
0.196471
0.196342
0.196487
0.196358
0.196502
0.196374
0.196517
0.196390
0.196532
0.196406
0.196547
0.196422
0.196561
0.196438
0.196576
0.196454
0.196590
0.196470
0.196605
0.196486
0.196619
0.196501
0.196633
0.196517
0.196647
0.196532
0.196661
0.196548
0.196675
0.196563
0.196689
0.196578
0.196703
0.196593
0.196717
0.196609
0.196730
0.196624
0.196744
0.196639
0.196757
0.196653
0.196770
0.196668
0.196783
0.196783
0.196683
0.196797
0.196698
0.196810
0.196713
0.196823
0.196727
0.196836
0.196742
0.196848
0.196756
0.196861
0.196771
0.196874
0.196785
0.196886
0.196799
0.196899
0.196814
0.196911
0.196828
0.196924
0.196842
0.196936
0.196856
0.196948
0.196870
0.196960
0.196884
0.196972
0.196898
0.196984
0.196912
0.196996
0.196926
0.197008
0.196940
0.197020
0.196953
0.197032
0.196967
0.197044
0.196981
0.197055
0.196995
0.197067
0.197008
0.197078
0.197022
0.197090
0.197035
0.197101
0.197049
0.197113
0.197063
0.197124
0.197076
0.197136
0.197090
0.197147
0.197103
0.197158
0.197117
0.197169
0.197130
0.197180
0.197144
0.197192
0.197157
0.197203
0.197171
0.197214
0.197184
0.197225
0.197198
0.197236
0.197212
0.197247
0.197226
0.197258
0.197240
0.197270
0.197255
0.197281
0.197270
0.197293
0.197285
0.197306
0.197301
0.197319
0.197318
0.197333
0.197336
0.197349
0.197355
0.197366
0.197374
0.197386
0.197396
0.197407
0.197418
0.197430
0.197442
0.197455
0.197468
0.197481
0.197494
0.197507
0.197521
0.197534
0.197547
0.197560
0.197573
0.197585
0.197597
0.197608
0.197620
0.197630
0.197641
0.197651
0.197660
0.197669
0.197678
0.197687
0.197695
0.197703
0.197711
0.197719
0.197726
0.197733
0.197741
0.197748
0.197755
0.197761
0.197768
0.197775
0.197781
0.197788
0.197794
0.197800
0.197807
0.197813
0.197819
0.197825
0.197831
0.197837
0.197843
0.197849
0.197855
0.197860
0.197866
0.197872
0.197877
0.197883
0.197888
0.197894
0.197899
0.197905
0.197910
0.197915
0.197921
0.197926
0.197931
0.197936
0.197941
0.197946
0.197951
0.197956
0.197961
0.197966
0.197971
0.197976
0.197981
0.197986
0.197990
0.197995
0.198000
0.198005
0.198010
0.198014
0.198019
0.198024
0.198028
0.198033
0.198038
0.198042
0.198047
0.198052
0.198056
0.198061
0.198065
0.198070
0.198075
0.198079
0.198084
0.198088
0.198093
0.198097
0.198102
0.198106
0.198111
0.198115
0.198120
0.198125
0.198129
0.198134
0.198138
0.198143
0.198147
0.198152
0.198156
0.198161
0.198165
0.198170
0.198174
0.198179
0.198183
0.198188
0.198192
0.198197
0.198201
0.198206
0.198210
0.198215
0.198219
0.198224
0.198228
0.198233
0.198237
0.198242
0.198246
0.198251
0.198255
0.198260
0.198264
0.198269
0.198273
0.198278
0.198282
0.198287
0.198291
0.198296
0.198300
0.198305
0.198309
0.198314
0.198318
0.198323
0.198327
0.198332
0.198337
0.198341
0.198346
0.198350
0.198355
0.198359
0.198364
0.198368
0.198373
0.198377
0.198382
0.198387
0.198391
0.198396
0.198400
0.198405
0.198409
0.198414
0.198419
0.198423
0.198428
0.198432
0.198437
0.198442
0.198446
0.198451
0.198455
0.198460
0.198465
0.198469
0.198474
0.198478
0.198483
0.198488
0.198492
0.198497
0.198501
0.198506
0.198511
0.198515
0.198520
0.198525
0.198529
0.198534
0.198539
0.198543
0.198548
0.198552
0.198557
0.198562
0.198566
0.198571
0.198576
0.198580
0.198585
0.198590
0.198594
0.198599
0.198604
0.198608
0.198613
0.198618
0.198622
0.198627
0.198632
0.198637
0.198641
0.198646
0.198651
0.198655
0.198660
0.198665
0.198669
0.198674
0.198679
0.198684
0.198688
0.198693
0.198698
0.198702
0.198707
0.198712
0.198717
0.198721
0.198726
0.198731
0.198735
0.198740
0.198745
0.198750
0.198754
0.198759
0.198764
0.198769
0.198773
0.198778
0.198783
0.198788
0.198792
0.198797
0.198802
0.198807
0.198811
0.198816
0.198821
0.198826
0.198830
0.198835
0.198840
0.198845
0.198850
0.198854
0.198859
0.198864
0.198869
0.198873
0.198878
0.198883
0.198888
0.198893
0.198897
0.198902
0.198907
0.198912
0.198917
0.198921
0.198926
0.198931
0.198936
0.198941
0.198945
0.198950
0.198955
0.198960
0.198965
0.198969
0.198974
0.198979
0.198984
0.198989
0.198993
0.198998
0.199003
0.199008
0.199013
0.199018
0.199022
0.199027
0.199032
0.199037
0.199042
0.199046
0.199051
0.199056
0.199061
0.199066
0.199071
0.199075
0.199080
0.199085
0.199090
0.199095
0.199100
0.199104
0.199109
0.199114
0.199119
0.199124
0.199129
0.199134
0.199138
0.199143
0.199148
0.199153
0.199158
0.199163
0.199167
0.199172
0.199177
0.199182
0.199187
0.199192
0.199197
0.199201
0.199206
0.199211
0.199216
0.199221
0.199226
0.199231
0.199235
0.199240
0.199245
0.199250
0.199255
0.199260
0.199265
0.199269
0.199274
0.199279
0.199284
0.199289
0.199294
0.199299
0.199304
0.199308
0.199313
0.199318
0.199323
0.199328
0.199333
0.199338
0.199343
0.199347
0.199352
0.199357
0.199362
0.199367
0.199372
0.199377
0.199382
0.199387
0.199391
0.199396
0.199401
0.199406
0.199411
0.199416
0.199421
0.199426
0.199431
0.199436
0.199440
0.199445
0.199450
0.199455
0.199460
0.199465
0.199470
0.199475
0.199480
0.199485
0.199489
0.199494
0.199499
0.199504
0.199509
0.199514
0.199519
0.199519
0.199524
0.199529
0.199534
0.199539
0.199544
0.199549
0.199553
0.199558
0.199563
0.199568
0.199573
0.199578
0.199583
0.199588
0.199593
0.199598
0.199603
0.199608
0.199613
0.199618
0.199623
0.199627
0.199632
0.199637
0.199642
0.199647
0.199652
0.199657
0.199662
0.199667
0.199672
0.199677
0.199682
0.199687
0.199692
0.199697
0.199702
0.199707
0.199712
0.199717
0.199722
0.199727
0.199732
0.199737
0.199742
0.199747
0.199752
0.199757
0.199762
0.199767
0.199772
0.199777
0.199782
0.199787
0.199792
0.199797
0.199802
0.199807
0.199812
0.199817
0.199822
0.199827
0.199832
0.199837
0.199842
0.199847
0.199852
0.199857
0.199862
0.199867
0.199872
0.199877
0.199882
0.199887
0.199892
0.199897
0.199902
0.199907
0.199912
0.199917
0.199923
0.199928
0.199933
0.199938
0.199943
0.199948
0.199953
0.199958
0.199963
0.199968
0.199973
0.199978
0.199984
0.199989
0.199994
0.199999
0.200004
0.200009
0.200014
0.200019
0.200024
0.200030
0.200035
0.200040
0.200045
0.200050
0.200055
0.200060
0.200065
0.200071
0.200076
0.200081
0.200086
0.200091
0.200096
0.200102
0.200107
0.200112
0.200117
0.200122
0.200127
0.200133
0.200138
0.200143
0.200148
0.200153
0.200159
0.200164
0.200169
0.200174
0.200180
0.200185
0.200190
0.200195
0.200201
0.200206
0.200211
0.200216
0.200222
0.200227
0.200232
0.200237
0.200243
0.200248
0.200253
0.200258
0.200264
0.200269
0.200274
0.200280
0.200285
0.200290
0.200296
0.200301
0.200306
0.200312
0.200317
0.200322
0.200328
0.200333
0.200338
0.200344
0.200349
0.200354
0.200360
0.200365
0.200370
0.200376
0.200381
0.200387
0.200392
0.200397
0.200403
0.200408
0.200414
0.200419
0.200424
0.200430
0.200435
0.200441
0.200446
0.200452
0.200457
0.200463
0.200468
0.200474
0.200479
0.200485
0.200490
0.200496
0.200501
0.200507
0.200512
0.200518
0.200523
0.200529
0.200534
0.200540
0.200545
0.200551
0.200556
0.200562
0.200567
0.200573
0.200579
0.200584
0.200590
0.200595
0.200601
0.200607
0.200612
0.200618
0.200623
0.200629
0.200635
0.200640
0.200646
0.200652
0.200657
0.200663
0.200669
0.200674
0.200680
0.200686
0.200691
0.200697
0.200703
0.200709
0.200714
0.200720
0.200726
0.200732
0.200737
0.200743
0.200749
0.200755
0.200760
0.200766
0.200772
0.200778
0.200784
0.200789
0.200795
0.200801
0.200807
0.200813
0.200818
0.200824
0.200830
0.200836
0.200842
0.200848
0.200854
0.200860
0.200865
0.200871
0.200877
0.200883
0.200889
0.200895
0.200901
0.200907
0.200913
0.200919
0.200925
0.200931
0.200937
0.200943
0.200949
0.200955
0.200961
0.200967
0.200973
0.200979
0.200985
0.200991
0.200997
0.201003
0.201009
0.201015
0.201021
0.201027
0.201034
0.201040
0.201046
0.201052
0.201058
0.201064
0.201070
0.201076
0.201083
0.201089
0.201095
0.201101
0.201107
0.201114
0.201120
0.201126
0.201132
0.201138
0.201145
0.201151
0.201157
0.201163
0.201170
0.201176
0.201182
0.201189
0.201195
0.201201
0.201207
0.201214
0.201220
0.201226
0.201233
0.201239
0.201246
0.201252
0.201258
0.201265
0.201271
0.201277
0.201284
0.201290
0.201297
0.201303
0.201310
0.201316
0.201323
0.201329
0.201336
0.201342
0.201349
0.201355
0.201362
0.201368
0.201375
0.201381
0.201388
0.201394
0.201401
0.201407
0.201414
0.201421
0.201427
0.201434
0.201440
0.201447
0.201454
0.201460
0.201467
0.201474
0.201480
0.201487
0.201494
0.201500
0.201507
0.201514
0.201520
0.201527
0.201534
0.201541
0.201547
0.201554
0.201561
0.201568
0.201575
0.201581
0.201588
0.201595
0.201602
0.201609
0.201615
0.201622
0.201629
0.201636
0.201643
0.201650
0.201657
0.201664
0.201671
0.201677
0.201684
0.201691
0.201698
0.201705
0.201712
0.201719
0.201726
0.201733
0.201740
0.201747
0.201754
0.201761
0.201768
0.201775
0.201782
0.201789
0.201797
0.201804
0.201811
0.201818
0.201825
0.201832
0.201839
0.201846
0.201854
0.201861
0.201868
0.201875
0.201882
0.201889
0.201897
0.201904
0.201911
0.201918
0.201926
0.201933
0.201940
0.201947
0.201955
0.201962
0.201969
0.201976
0.201984
0.201991
0.201998
0.202006
0.202013
0.202020
0.202028
0.202035
0.202043
0.202050
0.202057
0.202065
0.202072
0.202080
0.202087
0.202095
0.202102
0.202110
0.202117
0.202124
0.202132
0.202139
0.202147
0.202155
0.202162
0.202170
0.202177
0.202185
0.202192
0.202200
0.202207
0.202215
0.202223
0.202230
0.202238
0.202246
0.202253
0.202261
0.202269
0.202276
0.202284
0.202292
0.202299
0.202307
0.202315
0.202322
0.202330
0.202338
0.202346
0.202353
0.202361
0.202369
0.202377
0.202385
0.202392
0.202400
0.202408
0.202416
0.202424
0.202432
0.202439
0.202447
0.202455
0.202463
0.202471
0.202479
0.202487
0.202495
0.202503
0.202511
0.202519
0.202527
0.202535
0.202543
0.202551
0.202551
0.202559
0.202567
0.202575
0.202583
0.202591
0.202599
0.202607
0.202615
0.202623
0.202631
0.202639
0.202647
0.202655
0.202663
0.202672
0.202680
0.202688
0.202696
0.202704
0.202712
0.202721
0.202729
0.202737
0.202745
0.202753
0.202762
0.202770
0.202778
0.202786
0.202795
0.202803
0.202811
0.202820
0.202828
0.202836
0.202844
0.202853
0.202861
0.202869
0.202878
0.202886
0.202895
0.202903
0.202911
0.202920
0.202928
0.202937
0.202945
0.202953
0.202962
0.202970
0.202979
0.202987
0.202996
0.203004
0.203013
0.203021
0.203030
0.203038
0.203047
0.203055
0.203064
0.203072
0.203081
0.203090
0.203098
0.203107
0.203115
0.203124
0.203133
0.203141
0.203150
0.203159
0.203167
0.203176
0.203185
0.203193
0.203202
0.203211
0.203219
0.203228
0.203237
0.203245
0.203254
0.203263
0.203272
0.203280
0.203289
0.203298
0.203307
0.203316
0.203324
0.203333
0.203342
0.203351
0.203360
0.203369
0.203377
0.203386
0.203395
0.203404
0.203413
0.203422
0.203431
0.203440
0.203449
0.203457
0.203466
0.203475
0.203484
0.203493
0.203502
0.203511
0.203520
0.203529
0.203538
0.203547
0.203556
0.203565
0.203574
0.203583
0.203592
0.203601
0.203611
0.203620
0.203629
0.203638
0.203647
0.203656
0.203665
0.203674
0.203683
0.203692
0.203702
0.203711
0.203720
0.203729
0.203738
0.203747
0.203757
0.203766
0.203775
0.203784
0.203793
0.203803
0.203812
0.203821
0.203830
0.203840
0.203849
0.203858
0.203867
0.203877
0.203886
0.203895
0.203905
0.203914
0.203923
0.203933
0.203942
0.203951
0.203961
0.203970
0.203979
0.203989
0.203998
0.204008
0.204017
0.204026
0.204036
0.204045
0.204055
0.204064
0.204073
0.204083
0.204092
0.204102
0.204111
0.204121
0.204130
0.204140
0.204149
0.204159
0.204168
0.204178
0.204187
0.204197
0.204206
0.204216
0.204225
0.204235
0.204245
0.204254
0.204264
0.204273
0.204283
0.204292
0.204302
0.204312
0.204321
0.204331
0.204340
0.204350
0.204360
0.204369
0.204379
0.204389
0.204398
0.204408
0.204418
0.204427
0.204437
0.204447
0.204457
0.204466
0.204476
0.204486
0.204495
0.204505
0.204515
0.204525
0.204534
0.204544
0.204554
0.204564
0.204573
0.204583
0.204593
0.204603
0.204613
0.204622
0.204632
0.204642
0.204652
0.204662
0.204672
0.204681
0.204691
0.204701
0.204711
0.204721
0.204731
0.204741
0.204750
0.204760
0.204770
0.204780
0.204790
0.204800
0.204810
0.204820
0.204830
0.204840
0.204850
0.204859
0.204869
0.204879
0.204889
0.204899
0.204909
0.204919
0.204929
0.204939
0.204949
0.204959
0.204969
0.204979
0.204989
0.204999
0.205009
0.205019
0.205029
0.205039
0.205049
0.205059
0.205069
0.205079
0.205090
0.205100
0.205110
0.205120
0.205130
0.205140
0.205150
0.205160
0.205170
0.205180
0.205190
0.205200
0.205211
0.205221
0.205231
0.205241
0.205251
0.205261
0.205271
0.205281
0.205292
0.205302
0.205312
0.205322
0.205332
0.205342
0.205353
0.205363
0.205373
0.205383
0.205393
0.205404
0.205414
0.205424
0.205434
0.205444
0.205455
0.205465
0.205475
0.205485
0.205495
0.205506
0.205516
0.205526
0.205536
0.205547
0.205557
0.205567
0.205577
0.205588
0.205598
0.205608
0.205618
0.205629
0.205639
0.205649
0.205660
0.205670
0.205680
0.205690
0.205701
0.205711
0.205721
0.205732
0.205742
0.205752
0.205763
0.205773
0.205783
0.205794
0.205804
0.205814
0.205825
0.205835
0.205845
0.205856
0.205866
0.205876
0.205887
0.205897
0.205907
0.205918
0.205928
0.205938
0.205949
0.205959
0.205970
0.205980
0.205990
0.206001
0.206011
0.206021
0.206032
0.206042
0.206053
0.206063
0.206073
0.206084
0.206094
0.206105
0.206115
0.206125
0.206136
0.206146
0.206157
0.206167
0.206177
0.206188
0.206198
0.206209
0.206219
0.206230
0.206240
0.206250
0.206261
0.206271
0.206282
0.206292
0.206303
0.206313
0.206323
0.206334
0.206344
0.206355
0.206365
0.206376
0.206386
0.206397
0.206407
0.206418
0.206428
0.206438
0.206449
0.206459
0.206470
0.206480
0.206491
0.206501
0.206512
0.206522
0.206533
0.206543
0.206554
0.206564
0.206574
0.206585
0.206595
0.206606
0.206616
0.206627
0.206637
0.206648
0.206658
0.206669
0.206679
0.206690
0.206700
0.206711
0.206721
0.206732
0.206742
0.206753
0.206763
0.206774
0.206784
0.206794
0.206805
0.206815
0.206826
0.206836
0.206847
0.206857
0.206868
0.206878
0.206889
0.206899
0.206910
0.206920
0.206931
0.206941
0.206952
0.206962
0.206973
0.206983
0.206994
0.207004
0.207015
0.207025
0.207036
0.207046
0.207056
0.207067
0.207077
0.207088
0.207098
0.207109
0.207119
0.207130
0.207140
0.207151
0.207161
0.207172
0.207182
0.207193
0.207203
0.207214
0.207224
0.207234
0.207245
0.207255
0.207266
0.207276
0.207287
0.207297
0.207308
0.207318
0.207329
0.207339
0.207349
0.207360
0.207370
0.207381
0.207381
0.207391
0.207402
0.207412
0.207423
0.207433
0.207443
0.207454
0.207464
0.207475
0.207485
0.207496
0.207506
0.207516
0.207527
0.207537
0.207548
0.207558
0.207569
0.207579
0.207589
0.207600
0.207610
0.207621
0.207631
0.207641
0.207652
0.207662
0.207673
0.207683
0.207693
0.207704
0.207714
0.207724
0.207735
0.207745
0.207756
0.207766
0.207776
0.207787
0.207797
0.207807
0.207818
0.207828
0.207838
0.207849
0.207859
0.207869
0.207880
0.207890
0.207900
0.207911
0.207921
0.207931
0.207942
0.207952
0.207962
0.207973
0.207983
0.207993
0.208004
0.208014
0.208024
0.208034
0.208045
0.208055
0.208065
0.208076
0.208086
0.208096
0.208106
0.208117
0.208127
0.208137
0.208147
0.208158
0.208168
0.208178
0.208188
0.208199
0.208209
0.208219
0.208229
0.208240
0.208250
0.208260
0.208270
0.208280
0.208291
0.208301
0.208311
0.208321
0.208331
0.208341
0.208352
0.208362
0.208372
0.208382
0.208392
0.208402
0.208413
0.208423
0.208433
0.208443
0.208453
0.208463
0.208473
0.208483
0.208494
0.208504
0.208514
0.208524
0.208534
0.208544
0.208554
0.208564
0.208574
0.208584
0.208594
0.208604
0.208614
0.208625
0.208635
0.208645
0.208655
0.208665
0.208675
0.208685
0.208695
0.208705
0.208715
0.208725
0.208735
0.208745
0.208755
0.208765
0.208775
0.208785
0.208794
0.208804
0.208814
0.208824
0.208834
0.208844
0.208854
0.208864
0.208874
0.208884
0.208894
0.208904
0.208913
0.208923
0.208933
0.208943
0.208953
0.208963
0.208973
0.208982
0.208992
0.209002
0.209012
0.209022
0.209032
0.209041
0.209051
0.209061
0.209071
0.209081
0.209090
0.209100
0.209110
0.209120
0.209129
0.209139
0.209148
0.209158
0.209167
0.209176
0.209185
0.209193
0.209199
0.209204
0.209205
0.209204
0.209218
0.209291
0.209358
0.209435
0.209490
0.209476
0.209411
0.209340
0.209301
0.209306
0.209351
0.209421
0.209503
0.209585
0.209659
0.209723
0.209776
0.209820
0.209856
0.209887
0.209914
0.209938
0.209961
0.209983
0.210005
0.210026
0.210048
0.210069
0.210090
0.210110
0.210129
0.210146
0.210162
0.210176
0.210189
0.210200
0.210210
0.210218
0.210225
0.210231
0.210237
0.210242
0.210246
0.210251
0.210255
0.210259
0.210263
0.210268
0.210273
0.210278
0.210284
0.210290
0.210297
0.210304
0.210311
0.210319
0.210328
0.210337
0.210347
0.210357
0.210367
0.210378
0.210390
0.210402
0.210414
0.210427
0.210440
0.210454
0.210467
0.210482
0.210496
0.210510
0.210525
0.210540
0.210556
0.210571
0.210587
0.210602
0.210618
0.210634
0.210650
0.210666
0.210682
0.210699
0.210715
0.210731
0.210747
0.210763
0.210780
0.210796
0.210812
0.210828
0.210844
0.210860
0.210876
0.210892
0.210908
0.210924
0.210940
0.210955
0.210971
0.210987
0.211002
0.211018
0.211033
0.211048
0.211064
0.211079
0.211094
0.211109
0.211124
0.211139
0.211154
0.211169
0.211184
0.211198
0.211213
0.211228
0.211242
0.211257
0.211271
0.211286
0.211300
0.211314
0.211328
0.211343
0.211357
0.211371
0.211385
0.211399
0.211413
0.211427
0.211441
0.211455
0.211468
0.211482
0.211496
0.211510
0.211523
0.211537
0.211550
0.211564
0.211578
0.211591
0.211604
0.211618
0.211631
0.211645
0.211658
0.211671
0.211685
0.211698
0.211711
0.211724
0.211738
0.211751
0.211764
0.211777
0.211790
0.211803
0.211816
0.211830
0.211843
0.211856
0.211869
0.211882
0.211895
0.211908
0.211920
0.211933
0.211946
0.211959
0.211972
0.211985
0.211998
0.212011
0.212023
0.212036
0.212049
0.212062
0.212074
0.212087
0.212100
0.212112
0.212125
0.212138
0.212150
0.212163
0.212176
0.212188
0.212201
0.212214
0.212226
0.212239
0.212251
0.212264
0.212276
0.212289
0.212301
0.212314
0.212326
0.212338
0.212351
0.212363
0.212376
0.212388
0.212400
0.212413
0.212425
0.212437
0.212450
0.212462
0.212474
0.212487
0.212499
0.212511
0.212523
0.212535
0.212548
0.212560
0.212572
0.212584
0.212596
0.212608
0.212620
0.212632
0.212645
0.212657
0.212669
0.212681
0.212693
0.212705
0.212717
0.212729
0.212741
0.212752
0.212764
0.212776
0.212788
0.212800
0.212812
0.212824
0.212836
0.212847
0.212859
0.212871
0.212883
0.212895
0.212906
0.212918
0.212930
0.212941
0.212953
0.212965
0.212977
0.212988
0.213000
0.213011
0.213023
0.213035
0.213046
0.213058
0.213069
0.213081
0.213092
0.213104
0.213115
0.213127
0.213138
0.213150
0.213161
0.213173
0.213184
0.213195
0.213207
0.213218
0.213229
0.213241
0.213252
0.213263
0.213275
0.213286
0.213297
0.213308
0.213320
0.213331
0.213342
0.213353
0.213364
0.213375
0.213387
0.213398
0.213409
0.213420
0.213431
0.213442
0.213453
0.213464
0.213475
0.213486
0.213497
0.213508
0.213519
0.213530
0.213541
0.213552
0.213563
0.213574
0.213585
0.213595
0.213606
0.213617
0.213628
0.213639
0.213650
0.213660
0.213660
0.213671
0.213682
0.213692
0.213703
0.213714
0.213725
0.213735
0.213746
0.213757
0.213767
0.213778
0.213788
0.213799
0.213810
0.213820
0.213831
0.213841
0.213852
0.213862
0.213873
0.213883
0.213894
0.213904
0.213914
0.213925
0.213935
0.213946
0.213956
0.213966
0.213977
0.213987
0.213997
0.214007
0.214018
0.214028
0.214038
0.214048
0.214059
0.214069
0.214079
0.214089
0.214099
0.214110
0.214120
0.214130
0.214140
0.214150
0.214160
0.214170
0.214180
0.214190
0.214200
0.214210
0.214220
0.214230
0.214240
0.214250
0.214260
0.214270
0.214280
0.214290
0.214299
0.214309
0.214319
0.214329
0.214339
0.214348
0.214358
0.214368
0.214378
0.214387
0.214397
0.214407
0.214417
0.214426
0.214436
0.214446
0.214455
0.214465
0.214474
0.214484
0.214494
0.214503
0.214513
0.214522
0.214532
0.214541
0.214551
0.214560
0.214570
0.214579
0.214588
0.214598
0.214607
0.214617
0.214626
0.214635
0.214645
0.214654
0.214663
0.214672
0.214682
0.214691
0.214700
0.214710
0.214719
0.214728
0.214737
0.214746
0.214755
0.214765
0.214774
0.214783
0.214792
0.214801
0.214810
0.214819
0.214828
0.214837
0.214846
0.214855
0.214864
0.214873
0.214882
0.214891
0.214900
0.214909
0.214918
0.214927
0.214936
0.214944
0.214953
0.214962
0.214971
0.214980
0.214989
0.214997
0.215006
0.215015
0.215024
0.215032
0.215041
0.215050
0.215058
0.215067
0.215076
0.215084
0.215093
0.215101
0.215110
0.215119
0.215127
0.215136
0.215144
0.215153
0.215161
0.215170
0.215178
0.215187
0.215195
0.215204
0.215212
0.215220
0.215229
0.215237
0.215246
0.215254
0.215262
0.215271
0.215279
0.215287
0.215296
0.215304
0.215312
0.215320
0.215329
0.215337
0.215345
0.215353
0.215361
0.215369
0.215378
0.215386
0.215394
0.215402
0.215410
0.215418
0.215426
0.215434
0.215442
0.215450
0.215458
0.215466
0.215474
0.215482
0.215490
0.215498
0.215506
0.215514
0.215522
0.215530
0.215538
0.215546
0.215553
0.215561
0.215569
0.215577
0.215585
0.215593
0.215600
0.215608
0.215616
0.215624
0.215631
0.215639
0.215647
0.215654
0.215662
0.215670
0.215677
0.215685
0.215693
0.215700
0.215708
0.215715
0.215723
0.215730
0.215738
0.215746
0.215753
0.215761
0.215768
0.215776
0.215783
0.215790
0.215798
0.215805
0.215813
0.215820
0.215827
0.215835
0.215842
0.215850
0.215857
0.215864
0.215872
0.215879
0.215886
0.215893
0.215901
0.215908
0.215915
0.215922
0.215930
0.215937
0.215944
0.215951
0.215958
0.215965
0.215973
0.215980
0.215987
0.215994
0.216001
0.216008
0.216015
0.216022
0.216029
0.216036
0.216043
0.216050
0.216057
0.216064
0.216071
0.216078
0.216085
0.216092
0.216099
0.216106
0.216113
0.216120
0.216127
0.216133
0.216140
0.216147
0.216154
0.216161
0.216168
0.216174
0.216181
0.216188
0.216195
0.216201
0.216208
0.216215
0.216221
0.216228
0.216235
0.216242
0.216248
0.216255
0.216261
0.216268
0.216275
0.216281
0.216288
0.216295
0.216301
0.216308
0.216314
0.216321
0.216327
0.216334
0.216340
0.216347
0.216353
0.216360
0.216366
0.216373
0.216379
0.216385
0.216392
0.216398
0.216405
0.216411
0.216417
0.216424
0.216430
0.216436
0.216443
0.216449
0.216455
0.216462
0.216468
0.216474
0.216480
0.216487
0.216493
0.216499
0.216505
0.216511
0.216518
0.216524
0.216530
0.216536
0.216542
0.216548
0.216555
0.216561
0.216567
0.216573
0.216579
0.216585
0.216591
0.216597
0.216603
0.216609
0.216615
0.216621
0.216627
0.216633
0.216639
0.216645
0.216651
0.216657
0.216663
0.216669
0.216675
0.216681
0.216687
0.216692
0.216698
0.216704
0.216710
0.216716
0.216722
0.216727
0.216733
0.216739
0.216745
0.216751
0.216756
0.216762
0.216768
0.216774
0.216779
0.216785
0.216791
0.216796
0.216802
0.216808
0.216813
0.216819
0.216825
0.216830
0.216836
0.216842
0.216847
0.216853
0.216858
0.216864
0.216870
0.216875
0.216881
0.216886
0.216892
0.216897
0.216903
0.216908
0.216914
0.216919
0.216925
0.216930
0.216935
0.216941
0.216946
0.216952
0.216957
0.216963
0.216968
0.216973
0.216979
0.216984
0.216989
0.216995
0.217000
0.217005
0.217011
0.217016
0.217021
0.217026
0.217032
0.217037
0.217042
0.217047
0.217053
0.217058
0.217063
0.217068
0.217074
0.217079
0.217084
0.217089
0.217094
0.217099
0.217104
0.217110
0.217115
0.217120
0.217125
0.217130
0.217135
0.217140
0.217145
0.217150
0.217155
0.217160
0.217165
0.217170
0.217175
0.217180
0.217185
0.217190
0.217195
0.217200
0.217205
0.217210
0.217215
0.217220
0.217225
0.217230
0.217235
0.217239
0.217244
0.217249
0.217254
0.217259
0.217264
0.217269
0.217273
0.217278
0.217283
0.217288
0.217293
0.217297
0.217302
0.217307
0.217312
0.217316
0.217321
0.217326
0.217330
0.217335
0.217340
0.217345
0.217349
0.217354
0.217359
0.217363
0.217363
0.217368
0.217372
0.217377
0.217382
0.217386
0.217391
0.217395
0.217400
0.217405
0.217409
0.217414
0.217418
0.217423
0.217427
0.217432
0.217436
0.217441
0.217445
0.217450
0.217454
0.217459
0.217463
0.217468
0.217472
0.217476
0.217481
0.217485
0.217490
0.217494
0.217498
0.217503
0.217507
0.217512
0.217516
0.217520
0.217525
0.217529
0.217533
0.217538
0.217542
0.217546
0.217550
0.217555
0.217559
0.217563
0.217567
0.217572
0.217576
0.217580
0.217584
0.217588
0.217593
0.217597
0.217601
0.217605
0.217609
0.217614
0.217618
0.217622
0.217626
0.217630
0.217634
0.217638
0.217642
0.217646
0.217650
0.217655
0.217659
0.217663
0.217667
0.217671
0.217675
0.217679
0.217683
0.217687
0.217691
0.217695
0.217699
0.217703
0.217707
0.217711
0.217715
0.217718
0.217722
0.217726
0.217730
0.217734
0.217738
0.217742
0.217746
0.217750
0.217754
0.217757
0.217761
0.217765
0.217769
0.217773
0.217776
0.217780
0.217784
0.217788
0.217792
0.217795
0.217799
0.217803
0.217807
0.217810
0.217814
0.217818
0.217822
0.217825
0.217829
0.217833
0.217836
0.217840
0.217844
0.217847
0.217851
0.217855
0.217858
0.217862
0.217865
0.217869
0.217873
0.217876
0.217880
0.217883
0.217887
0.217891
0.217894
0.217898
0.217901
0.217905
0.217908
0.217912
0.217915
0.217919
0.217922
0.217926
0.217929
0.217933
0.217936
0.217940
0.217943
0.217946
0.217950
0.217953
0.217957
0.217960
0.217963
0.217967
0.217970
0.217974
0.217977
0.217980
0.217984
0.217987
0.217990
0.217994
0.217997
0.218000
0.218004
0.218007
0.218010
0.218013
0.218017
0.218020
0.218023
0.218026
0.218030
0.218033
0.218036
0.218039
0.218042
0.218046
0.218049
0.218052
0.218055
0.218058
0.218062
0.218065
0.218068
0.218071
0.218074
0.218077
0.218080
0.218083
0.218087
0.218090
0.218093
0.218096
0.218099
0.218102
0.218105
0.218108
0.218111
0.218114
0.218117
0.218120
0.218123
0.218126
0.218129
0.218132
0.218135
0.218138
0.218141
0.218144
0.218147
0.218150
0.218153
0.218156
0.218159
0.218161
0.218164
0.218167
0.218170
0.218173
0.218176
0.218179
0.218182
0.218184
0.218187
0.218190
0.218193
0.218196
0.218198
0.218201
0.218204
0.218207
0.218210
0.218212
0.218215
0.218218
0.218221
0.218223
0.218226
0.218229
0.218232
0.218234
0.218237
0.218240
0.218242
0.218245
0.218248
0.218250
0.218253
0.218256
0.218258
0.218261
0.218264
0.218266
0.218269
0.218271
0.218274
0.218277
0.218279
0.218282
0.218284
0.218287
0.218289
0.218292
0.218295
0.218297
0.218300
0.218302
0.218305
0.218307
0.218310
0.218312
0.218315
0.218317
0.218319
0.218322
0.218324
0.218327
0.218329
0.218332
0.218334
0.218337
0.218339
0.218341
0.218344
0.218346
0.218348
0.218351
0.218353
0.218356
0.218358
0.218360
0.218363
0.218365
0.218367
0.218370
0.218372
0.218374
0.218376
0.218379
0.218381
0.218383
0.218386
0.218388
0.218390
0.218392
0.218395
0.218397
0.218399
0.218401
0.218403
0.218406
0.218408
0.218410
0.218412
0.218414
0.218416
0.218419
0.218421
0.218423
0.218425
0.218427
0.218429
0.218431
0.218433
0.218436
0.218438
0.218440
0.218442
0.218444
0.218446
0.218448
0.218450
0.218452
0.218454
0.218456
0.218458
0.218460
0.218462
0.218464
0.218466
0.218468
0.218470
0.218472
0.218474
0.218476
0.218478
0.218480
0.218482
0.218484
0.218486
0.218488
0.218490
0.218491
0.218493
0.218495
0.218497
0.218499
0.218501
0.218503
0.218505
0.218506
0.218508
0.218510
0.218512
0.218514
0.218516
0.218517
0.218519
0.218521
0.218523
0.218525
0.218526
0.218528
0.218530
0.218532
0.218533
0.218535
0.218537
0.218538
0.218540
0.218542
0.218544
0.218545
0.218547
0.218549
0.218550
0.218552
0.218554
0.218555
0.218557
0.218559
0.218560
0.218562
0.218564
0.218565
0.218567
0.218568
0.218570
0.218572
0.218573
0.218575
0.218576
0.218578
0.218579
0.218581
0.218582
0.218584
0.218586
0.218587
0.218589
0.218590
0.218592
0.218593
0.218595
0.218596
0.218597
0.218599
0.218600
0.218602
0.218603
0.218605
0.218606
0.218608
0.218609
0.218610
0.218612
0.218613
0.218615
0.218616
0.218617
0.218619
0.218620
0.218622
0.218623
0.218624
0.218626
0.218627
0.218628
0.218630
0.218631
0.218632
0.218634
0.218635
0.218636
0.218637
0.218639
0.218640
0.218641
0.218642
0.218644
0.218645
0.218646
0.218647
0.218649
0.218650
0.218651
0.218652
0.218654
0.218655
0.218656
0.218657
0.218658
0.218659
0.218661
0.218662
0.218663
0.218664
0.218665
0.218666
0.218667
0.218669
0.218670
0.218671
0.218672
0.218673
0.218674
0.218675
0.218676
0.218677
0.218678
0.218679
0.218680
0.218681
0.218682
0.218684
0.218685
0.218686
0.218687
0.218688
0.218689
0.218690
0.218691
0.218692
0.218693
0.218693
0.218694
0.218695
0.218696
0.218697
0.218698
0.218699
0.218699
0.218700
0.218701
0.218702
0.218703
0.218704
0.218705
0.218706
0.218706
0.218707
0.218708
0.218709
0.218710
0.218711
0.218712
0.218712
0.218713
0.218714
0.218715
0.218716
0.218717
0.218717
0.218718
0.218719
0.218720
0.218720
0.218721
0.218722
0.218723
0.218724
0.218724
0.218725
0.218726
0.218726
0.218727
0.218728
0.218729
0.218729
0.218730
0.218731
0.218731
0.218732
0.218733
0.218733
0.218734
0.218735
0.218735
0.218736
0.218737
0.218737
0.218738
0.218739
0.218739
0.218740
0.218740
0.218741
0.218742
0.218742
0.218743
0.218743
0.218744
0.218745
0.218745
0.218746
0.218746
0.218747
0.218747
0.218748
0.218748
0.218749
0.218749
0.218750
0.218750
0.218751
0.218751
0.218752
0.218752
0.218753
0.218753
0.218754
0.218754
0.218755
0.218755
0.218756
0.218756
0.218756
0.218757
0.218757
0.218758
0.218758
0.218758
0.218759
0.218759
0.218760
0.218760
0.218760
0.218761
0.218761
0.218761
0.218762
0.218762
0.218762
0.218763
0.218763
0.218763
0.218764
0.218764
0.218764
0.218765
0.218765
0.218765
0.218766
0.218766
0.218766
0.218766
0.218767
0.218767
0.218767
0.218767
0.218768
0.218768
0.218768
0.218768
0.218769
0.218769
0.218769
0.218769
0.218769
0.218770
0.218770
0.218770
0.218770
0.218770
0.218770
0.218771
0.218771
0.218771
0.218771
0.218771
0.218771
0.218771
0.218772
0.218772
0.218772
0.218772
0.218772
0.218772
0.218772
0.218772
0.218772
0.218772
0.218772
0.218772
0.218773
0.218773
0.218773
0.218773
0.218773
0.218773
0.218773
0.218773
0.218773
0.218773
0.218773
0.218773
0.218773
0.218773
0.218773
0.218773
0.218773
0.218773
0.218773
0.218773
0.218773
0.218773
0.218772
0.218772
0.218772
0.218772
0.218772
0.218772
0.218772
0.218772
0.218772
0.218772
0.218772
0.218771
0.218771
0.218771
0.218771
0.218771
0.218771
0.218771
0.218771
0.218770
0.218770
0.218770
0.218770
0.218770
0.218770
0.218769
0.218769
0.218769
0.218769
0.218769
0.218768
0.218768
0.218768
0.218768
0.218767
0.218767
0.218767
0.218767
0.218767
0.218766
0.218766
0.218766
0.218765
0.218765
0.218765
0.218765
0.218764
0.218764
0.218764
0.218763
0.218763
0.218763
0.218763
0.218762
0.218762
0.218762
0.218761
0.218761
0.218761
0.218760
0.218760
0.218759
0.218759
0.218759
0.218758
0.218758
0.218758
0.218757
0.218757
0.218756
0.218756
0.218756
0.218755
0.218755
0.218754
0.218754
0.218754
0.218753
0.218753
0.218752
0.218752
0.218751
0.218751
0.218750
0.218750
0.218749
0.218749
0.218748
0.218748
0.218747
0.218747
0.218747
0.218746
0.218745
0.218745
0.218744
0.218744
0.218743
0.218743
0.218742
0.218742
0.218741
0.218741
0.218740
0.218740
0.218739
0.218738
0.218738
0.218737
0.218737
0.218736
0.218736
0.218735
0.218734
0.218734
0.218733
0.218733
0.218732
0.218731
0.218731
0.218730
0.218729
0.218729
0.218728
0.218727
0.218727
0.218726
0.218725
0.218725
0.218724
0.218723
0.218723
0.218722
0.218721
0.218721
0.218720
0.218719
0.218719
0.218718
0.218717
0.218717
0.218716
0.218715
0.218714
0.218714
0.218713
0.218712
0.218711
0.218711
0.218710
0.218709
0.218708
0.218708
0.218707
0.218706
0.218705
0.218704
0.218704
0.218703
0.218702
0.218701
0.218700
0.218700
0.218699
0.218698
0.218697
0.218696
0.218696
0.218695
0.218694
0.218693
0.218692
0.218691
0.218690
0.218690
0.218689
0.218688
0.218687
0.218686
0.218685
0.218684
0.218683
0.218683
0.218682
0.218681
0.218680
0.218679
0.218678
0.218677
0.218676
0.218675
0.218674
0.218673
0.218672
0.218672
0.218671
0.218670
0.218669
0.218668
0.218667
0.218666
0.218665
0.218664
0.218663
0.218662
0.218661
0.218660
0.218659
0.218658
0.218657
0.218656
0.218655
0.218654
0.218653
0.218652
0.218651
0.218650
0.218649
0.218648
0.218647
0.218646
0.218645
0.218644
0.218642
0.218641
0.218640
0.218639
0.218638
0.218637
0.218636
0.218635
0.218634
0.218633
0.218632
0.218631
0.218629
0.218628
0.218627
0.218626
0.218625
0.218624
0.218623
0.218622
0.218621
0.218619
0.218618
0.218617
0.218616
0.218615
0.218614
0.218613
0.218611
0.218610
0.218609
0.218608
0.218607
0.218605
0.218604
0.218603
0.218602
0.218601
0.218600
0.218598
0.218597
0.218596
0.218595
0.218593
0.218592
0.218591
0.218590
0.218589
0.218587
0.218586
0.218585
0.218584
0.218582
0.218581
0.218580
0.218579
0.218577
0.218576
0.218575
0.218574
0.218572
0.218571
0.218570
0.218568
0.218567
0.218566
0.218565
0.218563
0.218562
0.218561
0.218559
0.218558
0.218557
0.218555
0.218554
0.218553
0.218551
0.218550
0.218549
0.218547
0.218546
0.218545
0.218543
0.218542
0.218541
0.218539
0.218538
0.218536
0.218535
0.218534
0.218532
0.218531
0.218530
0.218528
0.218527
0.218525
0.218524
0.218523
0.218521
0.218520
0.218518
0.218517
0.218517
0.218516
0.218514
0.218513
0.218511
0.218510
0.218508
0.218507
0.218505
0.218504
0.218503
0.218501
0.218500
0.218498
0.218497
0.218495
0.218494
0.218492
0.218491
0.218489
0.218488
0.218486
0.218485
0.218483
0.218482
0.218480
0.218479
0.218477
0.218476
0.218474
0.218473
0.218471
0.218470
0.218468
0.218467
0.218465
0.218464
0.218462
0.218461
0.218459
0.218458
0.218456
0.218454
0.218453
0.218451
0.218450
0.218448
0.218447
0.218445
0.218444
0.218442
0.218440
0.218439
0.218437
0.218436
0.218434
0.218432
0.218431
0.218429
0.218428
0.218426
0.218424
0.218423
0.218421
0.218420
0.218418
0.218416
0.218415
0.218413
0.218411
0.218410
0.218408
0.218406
0.218405
0.218403
0.218401
0.218400
0.218398
0.218397
0.218395
0.218393
0.218392
0.218390
0.218388
0.218386
0.218385
0.218383
0.218381
0.218380
0.218378
0.218376
0.218375
0.218373
0.218371
0.218370
0.218368
0.218366
0.218364
0.218363
0.218361
0.218359
0.218357
0.218356
0.218354
0.218352
0.218351
0.218349
0.218347
0.218345
0.218344
0.218342
0.218340
0.218338
0.218337
0.218335
0.218333
0.218331
0.218329
0.218328
0.218326
0.218324
0.218322
0.218321
0.218319
0.218317
0.218315
0.218313
0.218312
0.218310
0.218308
0.218306
0.218304
0.218302
0.218301
0.218299
0.218297
0.218295
0.218293
0.218292
0.218290
0.218288
0.218286
0.218284
0.218282
0.218280
0.218279
0.218277
0.218275
0.218273
0.218271
0.218269
0.218267
0.218266
0.218264
0.218262
0.218260
0.218258
0.218256
0.218254
0.218252
0.218251
0.218249
0.218247
0.218245
0.218243
0.218241
0.218239
0.218237
0.218235
0.218233
0.218231
0.218230
0.218228
0.218226
0.218224
0.218222
0.218220
0.218218
0.218216
0.218214
0.218212
0.218210
0.218208
0.218206
0.218204
0.218202
0.218200
0.218198
0.218196
0.218195
0.218193
0.218191
0.218189
0.218187
0.218185
0.218183
0.218181
0.218179
0.218177
0.218175
0.218173
0.218171
0.218169
0.218167
0.218165
0.218163
0.218161
0.218159
0.218157
0.218155
0.218153
0.218151
0.218149
0.218147
0.218145
0.218143
0.218140
0.218138
0.218136
0.218134
0.218132
0.218130
0.218128
0.218126
0.218124
0.218122
0.218120
0.218118
0.218116
0.218114
0.218112
0.218110
0.218108
0.218106
0.218103
0.218101
0.218099
0.218097
0.218095
0.218093
0.218091
0.218089
0.218087
0.218085
0.218083
0.218080
0.218078
0.218076
0.218074
0.218072
0.218070
0.218068
0.218066
0.218064
0.218061
0.218059
0.218057
0.218055
0.218053
0.218051
0.218049
0.218047
0.218044
0.218042
0.218040
0.218038
0.218036
0.218034
0.218031
0.218029
0.218027
0.218025
0.218023
0.218021
0.218019
0.218016
0.218014
0.218012
0.218010
0.218008
0.218005
0.218003
0.218001
0.217999
0.217997
0.217994
0.217992
0.217990
0.217988
0.217986
0.217983
0.217981
0.217979
0.217977
0.217975
0.217972
0.217970
0.217968
0.217966
0.217964
0.217961
0.217959
0.217957
0.217955
0.217952
0.217950
0.217948
0.217946
0.217943
0.217941
0.217939
0.217937
0.217934
0.217932
0.217930
0.217928
0.217925
0.217923
0.217921
0.217919
0.217916
0.217914
0.217912
0.217909
0.217907
0.217905
0.217903
0.217900
0.217898
0.217896
0.217893
0.217891
0.217889
0.217887
0.217884
0.217882
0.217880
0.217877
0.217875
0.217873
0.217870
0.217868
0.217866
0.217864
0.217861
0.217859
0.217857
0.217854
0.217852
0.217850
0.217847
0.217845
0.217843
0.217840
0.217838
0.217836
0.217833
0.217831
0.217828
0.217826
0.217824
0.217821
0.217819
0.217817
0.217814
0.217812
0.217810
0.217807
0.217805
0.217802
0.217800
0.217798
0.217795
0.217793
0.217791
0.217788
0.217786
0.217783
0.217781
0.217779
0.217776
0.217774
0.217771
0.217769
0.217767
0.217764
0.217762
0.217759
0.217757
0.217755
0.217752
0.217750
0.217747
0.217745
0.217742
0.217740
0.217738
0.217735
0.217733
0.217730
0.217728
0.217725
0.217723
0.217721
0.217718
0.217716
0.217713
0.217711
0.217708
0.217706
0.217703
0.217701
0.217698
0.217696
0.217694
0.217691
0.217689
0.217686
0.217684
0.217681
0.217679
0.217676
0.217674
0.217671
0.217669
0.217666
0.217664
0.217661
0.217659
0.217656
0.217654
0.217651
0.217649
0.217646
0.217644
0.217641
0.217639
0.217636
0.217634
0.217631
0.217629
0.217626
0.217624
0.217621
0.217619
0.217616
0.217614
0.217611
0.217608
0.217606
0.217603
0.217601
0.217598
0.217596
0.217593
0.217591
0.217588
0.217586
0.217583
0.217580
0.217578
0.217575
0.217573
0.217570
0.217568
0.217565
0.217563
0.217560
0.217557
0.217555
0.217552
0.217550
0.217547
0.217544
0.217542
0.217539
0.217537
0.217534
0.217532
0.217529
0.217526
0.217524
0.217521
0.217519
0.217516
0.217513
0.217511
0.217508
0.217505
0.217503
0.217500
0.217498
0.217495
0.217492
0.217490
0.217487
0.217484
0.217482
0.217479
0.217477
0.217477
0.217474
0.217471
0.217469
0.217466
0.217463
0.217461
0.217458
0.217455
0.217453
0.217450
0.217447
0.217445
0.217442
0.217439
0.217437
0.217434
0.217431
0.217429
0.217426
0.217423
0.217421
0.217418
0.217415
0.217413
0.217410
0.217407
0.217405
0.217402
0.217399
0.217397
0.217394
0.217391
0.217388
0.217386
0.217383
0.217380
0.217378
0.217375
0.217372
0.217369
0.217367
0.217364
0.217361
0.217359
0.217356
0.217353
0.217350
0.217348
0.217345
0.217342
0.217339
0.217337
0.217334
0.217331
0.217328
0.217326
0.217323
0.217320
0.217317
0.217315
0.217312
0.217309
0.217306
0.217303
0.217301
0.217298
0.217295
0.217292
0.217290
0.217287
0.217284
0.217281
0.217278
0.217276
0.217273
0.217270
0.217267
0.217264
0.217262
0.217259
0.217256
0.217253
0.217250
0.217248
0.217245
0.217242
0.217239
0.217236
0.217233
0.217231
0.217228
0.217225
0.217222
0.217219
0.217216
0.217214
0.217211
0.217208
0.217205
0.217202
0.217199
0.217196
0.217194
0.217191
0.217188
0.217185
0.217182
0.217179
0.217176
0.217173
0.217171
0.217168
0.217165
0.217162
0.217159
0.217156
0.217153
0.217150
0.217147
0.217145
0.217142
0.217139
0.217136
0.217133
0.217130
0.217127
0.217124
0.217121
0.217118
0.217115
0.217112
0.217110
0.217107
0.217104
0.217101
0.217098
0.217095
0.217092
0.217089
0.217086
0.217083
0.217080
0.217077
0.217074
0.217071
0.217068
0.217065
0.217062
0.217059
0.217056
0.217053
0.217050
0.217047
0.217044
0.217041
0.217038
0.217035
0.217032
0.217029
0.217026
0.217023
0.217020
0.217017
0.217014
0.217011
0.217008
0.217005
0.217002
0.216999
0.216996
0.216993
0.216990
0.216987
0.216984
0.216981
0.216978
0.216975
0.216971
0.216968
0.216965
0.216962
0.216959
0.216956
0.216953
0.216950
0.216947
0.216944
0.216941
0.216938
0.216934
0.216931
0.216928
0.216925
0.216922
0.216919
0.216916
0.216913
0.216909
0.216906
0.216903
0.216900
0.216897
0.216894
0.216891
0.216887
0.216884
0.216881
0.216878
0.216875
0.216872
0.216868
0.216865
0.216862
0.216859
0.216856
0.216852
0.216849
0.216846
0.216843
0.216840
0.216836
0.216833
0.216830
0.216827
0.216823
0.216820
0.216817
0.216814
0.216811
0.216807
0.216804
0.216801
0.216797
0.216794
0.216791
0.216788
0.216784
0.216781
0.216778
0.216775
0.216771
0.216768
0.216765
0.216761
0.216758
0.216755
0.216751
0.216748
0.216745
0.216741
0.216738
0.216735
0.216731
0.216728
0.216725
0.216721
0.216718
0.216714
0.216711
0.216708
0.216704
0.216701
0.216698
0.216694
0.216691
0.216687
0.216684
0.216680
0.216677
0.216674
0.216670
0.216667
0.216663
0.216660
0.216656
0.216653
0.216649
0.216646
0.216642
0.216639
0.216635
0.216632
0.216628
0.216625
0.216621
0.216618
0.216614
0.216611
0.216607
0.216604
0.216600
0.216597
0.216593
0.216590
0.216586
0.216582
0.216579
0.216575
0.216572
0.216568
0.216564
0.216561
0.216557
0.216554
0.216550
0.216546
0.216543
0.216539
0.216535
0.216532
0.216528
0.216524
0.216521
0.216517
0.216513
0.216510
0.216506
0.216502
0.216498
0.216495
0.216491
0.216487
0.216483
0.216480
0.216476
0.216472
0.216468
0.216465
0.216461
0.216457
0.216453
0.216449
0.216446
0.216442
0.216438
0.216434
0.216430
0.216426
0.216422
0.216419
0.216415
0.216411
0.216407
0.216403
0.216399
0.216395
0.216391
0.216387
0.216383
0.216379
0.216375
0.216371
0.216367
0.216363
0.216359
0.216355
0.216351
0.216347
0.216343
0.216339
0.216335
0.216331
0.216327
0.216323
0.216319
0.216315
0.216311
0.216306
0.216302
0.216298
0.216294
0.216290
0.216286
0.216282
0.216277
0.216273
0.216269
0.216265
0.216260
0.216256
0.216252
0.216248
0.216243
0.216239
0.216235
0.216231
0.216226
0.216222
0.216218
0.216213
0.216209
0.216204
0.216200
0.216196
0.216191
0.216187
0.216182
0.216178
0.216174
0.216169
0.216165
0.216160
0.216156
0.216151
0.216147
0.216142
0.216138
0.216133
0.216128
0.216124
0.216119
0.216115
0.216110
0.216105
0.216101
0.216096
0.216092
0.216087
0.216082
0.216077
0.216073
0.216068
0.216063
0.216059
0.216054
0.216049
0.216044
0.216039
0.216035
0.216030
0.216025
0.216020
0.216015
0.216010
0.216005
0.216000
0.215995
0.215991
0.215986
0.215981
0.215976
0.215971
0.215966
0.215961
0.215955
0.215950
0.215945
0.215940
0.215935
0.215930
0.215925
0.215920
0.215915
0.215909
0.215904
0.215899
0.215894
0.215889
0.215883
0.215878
0.215873
0.215867
0.215862
0.215857
0.215851
0.215846
0.215841
0.215835
0.215830
0.215824
0.215819
0.215814
0.215808
0.215803
0.215797
0.215792
0.215786
0.215780
0.215775
0.215769
0.215764
0.215758
0.215753
0.215746
0.215742
0.215734
0.215732
0.215720
0.215726
0.215697
0.215739
0.215648
0.215835
0.215565
0.216114
0.215673
0.216051
0.215713
0.215963
0.215963
0.215750
0.215999
0.215863
0.216076
0.215949
0.216107
0.215968
0.216088
0.215942
0.216048
0.215903
0.216009
0.215870
0.215983
0.215848
0.215967
0.215834
0.215957
0.215824
0.215947
0.215814
0.215935
0.215803
0.215922
0.215791
0.215909
0.215781
0.215896
0.215772
0.215884
0.215765
0.215875
0.215760
0.215868
0.215758
0.215863
0.215757
0.215860
0.215758
0.215858
0.215759
0.215857
0.215761
0.215857
0.215763
0.215857
0.215765
0.215858
0.215766
0.215858
0.215768
0.215858
0.215768
0.215857
0.215769
0.215856
0.215768
0.215855
0.215767
0.215853
0.215766
0.215851
0.215764
0.215849
0.215762
0.215846
0.215760
0.215843
0.215757
0.215839
0.215753
0.215836
0.215750
0.215832
0.215746
0.215827
0.215743
0.215823
0.215739
0.215819
0.215735
0.215814
0.215730
0.215809
0.215726
0.215804
0.215722
0.215799
0.215717
0.215794
0.215713
0.215789
0.215708
0.215784
0.215703
0.215779
0.215699
0.215774
0.215694
0.215768
0.215689
0.215763
0.215685
0.215758
0.215680
0.215753
0.215675
0.215747
0.215671
0.215742
0.215666
0.215737
0.215661
0.215732
0.215656
0.215727
0.215652
0.215722
0.215647
0.215717
0.215643
0.215712
0.215638
0.215707
0.215633
0.215702
0.215629
0.215697
0.215624
0.215692
0.215620
0.215687
0.215615
0.215682
0.215610
0.215678
0.215606
0.215673
0.215601
0.215668
0.215597
0.215663
0.215592
0.215658
0.215588
0.215653
0.215583
0.215649
0.215579
0.215644
0.215575
0.215639
0.215570
0.215634
0.215566
0.215629
0.215561
0.215625
0.215557
0.215620
0.215552
0.215615
0.215548
0.215610
0.215543
0.215605
0.215539
0.215600
0.215534
0.215595
0.215530
0.215590
0.215525
0.215585
0.215520
0.215581
0.215516
0.215576
0.215511
0.215571
0.215507
0.215566
0.215502
0.215561
0.215498
0.215556
0.215493
0.215551
0.215489
0.215546
0.215484
0.215541
0.215479
0.215536
0.215475
0.215531
0.215470
0.215526
0.215465
0.215521
0.215461
0.215516
0.215456
0.215511
0.215452
0.215506
0.215447
0.215501
0.215442
0.215496
0.215438
0.215491
0.215433
0.215486
0.215428
0.215481
0.215424
0.215476
0.215419
0.215471
0.215414
0.215466
0.215409
0.215461
0.215405
0.215456
0.215400
0.215451
0.215395
0.215446
0.215391
0.215441
0.215386
0.215436
0.215381
0.215431
0.215376
0.215426
0.215372
0.215421
0.215367
0.215416
0.215362
0.215410
0.215357
0.215405
0.215353
0.215400
0.215348
0.215395
0.215343
0.215390
0.215338
0.215385
0.215333
0.215380
0.215328
0.215374
0.215324
0.215369
0.215319
0.215364
0.215314
0.215359
0.215309
0.215354
0.215304
0.215349
0.215299
0.215343
0.215295
0.215338
0.215290
0.215333
0.215285
0.215328
0.215280
0.215322
0.215275
0.215317
0.215270
0.215312
0.215265
0.215307
0.215260
0.215302
0.215256
0.215296
0.215251
0.215291
0.215246
0.215286
0.215241
0.215281
0.215236
0.215275
0.215231
0.215270
0.215226
0.215265
0.215221
0.215259
0.215216
0.215254
0.215211
0.215249
0.215206
0.215244
0.215201
0.215238
0.215196
0.215233
0.215191
0.215228
0.215186
0.215222
0.215182
0.215217
0.215177
0.215212
0.215172
0.215206
0.215167
0.215201
0.215162
0.215196
0.215157
0.215191
0.215152
0.215185
0.215147
0.215180
0.215142
0.215175
0.215137
0.215169
0.215132
0.215164
0.215127
0.215159
0.215122
0.215153
0.215117
0.215148
0.215112
0.215142
0.215107
0.215137
0.215102
0.215132
0.215097
0.215126
0.215092
0.215121
0.215087
0.215116
0.215082
0.215110
0.215077
0.215105
0.215072
0.215100
0.215067
0.215094
0.215061
0.215089
0.215056
0.215084
0.215051
0.215078
0.215046
0.215073
0.215041
0.215067
0.215036
0.215062
0.215031
0.215057
0.215026
0.215051
0.215021
0.215046
0.215016
0.215041
0.215011
0.215035
0.215006
0.215030
0.215001
0.215024
0.214996
0.215019
0.214991
0.215014
0.214986
0.215008
0.214981
0.215003
0.214976
0.214997
0.214971
0.214992
0.214966
0.214987
0.214961
0.214981
0.214956
0.214976
0.214951
0.214971
0.214946
0.214965
0.214940
0.214960
0.214935
0.214954
0.214930
0.214949
0.214925
0.214944
0.214920
0.214938
0.214915
0.214933
0.214910
0.214927
0.214905
0.214922
0.214900
0.214917
0.214895
0.214911
0.214890
0.214906
0.214885
0.214901
0.214880
0.214895
0.214875
0.214890
0.214870
0.214884
0.214865
0.214879
0.214860
0.214874
0.214855
0.214868
0.214850
0.214863
0.214845
0.214858
0.214839
0.214852
0.214834
0.214847
0.214829
0.214841
0.214824
0.214836
0.214819
0.214831
0.214814
0.214825
0.214809
0.214820
0.214804
0.214815
0.214799
0.214809
0.214794
0.214804
0.214789
0.214799
0.214784
0.214793
0.214779
0.214788
0.214774
0.214783
0.214769
0.214777
0.214764
0.214772
0.214759
0.214767
0.214754
0.214761
0.214749
0.214756
0.214744
0.214751
0.214739
0.214745
0.214734
0.214740
0.214729
0.214735
0.214724
0.214724
0.214729
0.214719
0.214724
0.214714
0.214719
0.214709
0.214714
0.214704
0.214708
0.214699
0.214703
0.214694
0.214698
0.214689
0.214693
0.214684
0.214687
0.214679
0.214682
0.214674
0.214677
0.214669
0.214672
0.214664
0.214666
0.214659
0.214661
0.214654
0.214656
0.214649
0.214651
0.214644
0.214646
0.214639
0.214640
0.214634
0.214635
0.214629
0.214630
0.214624
0.214625
0.214619
0.214620
0.214614
0.214614
0.214609
0.214609
0.214604
0.214604
0.214599
0.214599
0.214594
0.214594
0.214589
0.214589
0.214584
0.214584
0.214579
0.214578
0.214574
0.214573
0.214569
0.214568
0.214564
0.214563
0.214559
0.214558
0.214554
0.214553
0.214549
0.214548
0.214544
0.214543
0.214539
0.214538
0.214534
0.214533
0.214529
0.214527
0.214524
0.214522
0.214519
0.214517
0.214514
0.214512
0.214509
0.214507
0.214504
0.214502
0.214499
0.214497
0.214494
0.214492
0.214489
0.214487
0.214484
0.214482
0.214479
0.214477
0.214474
0.214472
0.214469
0.214467
0.214464
0.214462
0.214459
0.214457
0.214454
0.214452
0.214449
0.214447
0.214444
0.214442
0.214439
0.214437
0.214434
0.214432
0.214430
0.214427
0.214425
0.214422
0.214420
0.214417
0.214415
0.214412
0.214410
0.214407
0.214405
0.214402
0.214400
0.214398
0.214395
0.214393
0.214390
0.214388
0.214385
0.214383
0.214380
0.214378
0.214375
0.214373
0.214370
0.214368
0.214365
0.214363
0.214360
0.214358
0.214356
0.214353
0.214351
0.214348
0.214346
0.214343
0.214341
0.214338
0.214336
0.214333
0.214331
0.214328
0.214326
0.214324
0.214321
0.214319
0.214316
0.214314
0.214311
0.214309
0.214306
0.214304
0.214301
0.214299
0.214296
0.214294
0.214292
0.214289
0.214287
0.214284
0.214282
0.214279
0.214277
0.214274
0.214272
0.214269
0.214267
0.214264
0.214262
0.214260
0.214257
0.214255
0.214252
0.214250
0.214247
0.214245
0.214242
0.214240
0.214237
0.214235
0.214232
0.214230
0.214227
0.214225
0.214223
0.214220
0.214218
0.214215
0.214213
0.214210
0.214208
0.214205
0.214203
0.214200
0.214198
0.214195
0.214193
0.214190
0.214188
0.214185
0.214183
0.214180
0.214178
0.214175
0.214173
0.214170
0.214168
0.214165
0.214163
0.214160
0.214158
0.214155
0.214153
0.214150
0.214148
0.214145
0.214143
0.214140
0.214138
0.214135
0.214133
0.214130
0.214128
0.214125
0.214123
0.214120
0.214118
0.214115
0.214113
0.214110
0.214108
0.214105
0.214103
0.214100
0.214097
0.214095
0.214092
0.214090
0.214087
0.214085
0.214082
0.214080
0.214077
0.214074
0.214072
0.214069
0.214067
0.214064
0.214062
0.214059
0.214056
0.214054
0.214051
0.214049
0.214046
0.214043
0.214041
0.214038
0.214036
0.214033
0.214030
0.214028
0.214025
0.214022
0.214020
0.214017
0.214015
0.214012
0.214009
0.214007
0.214004
0.214001
0.213999
0.213996
0.213993
0.213991
0.213988
0.213985
0.213982
0.213980
0.213977
0.213974
0.213972
0.213969
0.213966
0.213963
0.213961
0.213958
0.213955
0.213952
0.213950
0.213947
0.213944
0.213941
0.213939
0.213936
0.213933
0.213930
0.213927
0.213925
0.213922
0.213919
0.213916
0.213913
0.213910
0.213908
0.213905
0.213902
0.213899
0.213896
0.213893
0.213890
0.213887
0.213885
0.213882
0.213879
0.213876
0.213873
0.213870
0.213867
0.213864
0.213861
0.213858
0.213855
0.213852
0.213849
0.213846
0.213843
0.213840
0.213837
0.213834
0.213831
0.213828
0.213825
0.213822
0.213819
0.213816
0.213812
0.213809
0.213806
0.213803
0.213800
0.213797
0.213794
0.213790
0.213787
0.213784
0.213781
0.213778
0.213774
0.213771
0.213768
0.213765
0.213761
0.213758
0.213755
0.213751
0.213748
0.213745
0.213741
0.213738
0.213735
0.213731
0.213728
0.213725
0.213721
0.213718
0.213714
0.213711
0.213707
0.213704
0.213700
0.213697
0.213693
0.213690
0.213686
0.213683
0.213679
0.213675
0.213672
0.213668
0.213665
0.213661
0.213657
0.213654
0.213650
0.213646
0.213642
0.213639
0.213635
0.213631
0.213627
0.213624
0.213620
0.213616
0.213612
0.213608
0.213604
0.213600
0.213596
0.213592
0.213588
0.213584
0.213580
0.213576
0.213572
0.213568
0.213564
0.213560
0.213556
0.213552
0.213548
0.213544
0.213539
0.213535
0.213531
0.213527
0.213523
0.213518
0.213514
0.213510
0.213505
0.213501
0.213497
0.213492
0.213488
0.213483
0.213479
0.213474
0.213470
0.213465
0.213461
0.213456
0.213451
0.213447
0.213442
0.213438
0.213433
0.213428
0.213423
0.213419
0.213414
0.213409
0.213405
0.213399
0.213395
0.213389
0.213386
0.213377
0.213379
0.213363
0.213376
0.213342
0.213387
0.213305
0.213439
0.213251
0.213584
0.213257
0.213663
0.213322
0.213600
0.213355
0.213572
0.213422
0.213609
0.213504
0.213645
0.213548
0.213644
0.213546
0.213615
0.213520
0.213577
0.213490
0.213545
0.213466
0.213522
0.213449
0.213505
0.213435
0.213492
0.213492
0.213421
0.213478
0.213406
0.213463
0.213389
0.213449
0.213371
0.213435
0.213355
0.213424
0.213341
0.213416
0.213329
0.213411
0.213321
0.213409
0.213315
0.213409
0.213312
0.213411
0.213311
0.213414
0.213312
0.213418
0.213314
0.213421
0.213318
0.213424
0.213322
0.213426
0.213325
0.213426
0.213328
0.213426
0.213331
0.213424
0.213332
0.213422
0.213331
0.213418
0.213330
0.213413
0.213328
0.213408
0.213324
0.213402
0.213319
0.213396
0.213314
0.213389
0.213308
0.213382
0.213302
0.213376
0.213295
0.213369
0.213288
0.213363
0.213281
0.213357
0.213274
0.213352
0.213268
0.213346
0.213261
0.213342
0.213255
0.213337
0.213249
0.213333
0.213243
0.213330
0.213238
0.213326
0.213233
0.213323
0.213228
0.213319
0.213224
0.213316
0.213220
0.213313
0.213216
0.213309
0.213212
0.213305
0.213208
0.213301
0.213205
0.213297
0.213201
0.213293
0.213197
0.213288
0.213192
0.213283
0.213188
0.213278
0.213183
0.213273
0.213178
0.213268
0.213173
0.213262
0.213168
0.213257
0.213163
0.213252
0.213157
0.213247
0.213152
0.213242
0.213146
0.213237
0.213141
0.213232
0.213136
0.213228
0.213130
0.213223
0.213125
0.213219
0.213120
0.213215
0.213115
0.213211
0.213111
0.213207
0.213106
0.213203
0.213101
0.213199
0.213097
0.213195
0.213093
0.213191
0.213088
0.213187
0.213084
0.213182
0.213080
0.213178
0.213075
0.213174
0.213071
0.213170
0.213066
0.213165
0.213062
0.213161
0.213057
0.213156
0.213052
0.213152
0.213048
0.213147
0.213043
0.213143
0.213038
0.213138
0.213033
0.213134
0.213028
0.213130
0.213024
0.213125
0.213019
0.213121
0.213014
0.213117
0.213009
0.213112
0.213004
0.213108
0.213000
0.213104
0.212995
0.213100
0.212991
0.213095
0.212986
0.213091
0.212981
0.213087
0.212977
0.213083
0.212972
0.213078
0.212968
0.213074
0.212963
0.213070
0.212959
0.213066
0.212954
0.213061
0.212950
0.213057
0.212945
0.213053
0.212940
0.213048
0.212936
0.213044
0.212931
0.213040
0.212926
0.213036
0.212922
0.213031
0.212917
0.213027
0.212912
0.213023
0.212908
0.213019
0.212903
0.213014
0.212899
0.213010
0.212894
0.213006
0.212889
0.213002
0.212885
0.212997
0.212880
0.212993
0.212876
0.212989
0.212871
0.212985
0.212866
0.212980
0.212862
0.212976
0.212857
0.212972
0.212853
0.212968
0.212848
0.212963
0.212843
0.212959
0.212839
0.212955
0.212834
0.212951
0.212830
0.212946
0.212825
0.212942
0.212821
0.212938
0.212816
0.212934
0.212811
0.212929
0.212807
0.212925
0.212802
0.212921
0.212798
0.212917
0.212793
0.212912
0.212788
0.212908
0.212784
0.212904
0.212779
0.212900
0.212775
0.212896
0.212770
0.212891
0.212766
0.212887
0.212761
0.212883
0.212757
0.212879
0.212752
0.212875
0.212747
0.212870
0.212743
0.212866
0.212738
0.212862
0.212734
0.212858
0.212729
0.212853
0.212725
0.212849
0.212720
0.212845
0.212716
0.212841
0.212711
0.212837
0.212707
0.212833
0.212702
0.212828
0.212697
0.212824
0.212693
0.212820
0.212688
0.212816
0.212684
0.212812
0.212679
0.212807
0.212675
0.212803
0.212670
0.212799
0.212666
0.212795
0.212661
0.212791
0.212657
0.212787
0.212652
0.212782
0.212648
0.212778
0.212643
0.212774
0.212639
0.212770
0.212634
0.212766
0.212630
0.212762
0.212625
0.212757
0.212621
0.212753
0.212616
0.212749
0.212612
0.212745
0.212607
0.212741
0.212603
0.212737
0.212598
0.212733
0.212594
0.212728
0.212589
0.212724
0.212585
0.212720
0.212580
0.212716
0.212576
0.212712
0.212571
0.212708
0.212567
0.212704
0.212563
0.212700
0.212558
0.212695
0.212554
0.212691
0.212549
0.212687
0.212545
0.212683
0.212540
0.212679
0.212536
0.212675
0.212531
0.212671
0.212527
0.212667
0.212522
0.212663
0.212518
0.212658
0.212514
0.212654
0.212509
0.212650
0.212505
0.212646
0.212500
0.212642
0.212496
0.212638
0.212491
0.212634
0.212487
0.212630
0.212483
0.212626
0.212478
0.212622
0.212474
0.212618
0.212469
0.212614
0.212465
0.212609
0.212461
0.212605
0.212456
0.212601
0.212452
0.212597
0.212447
0.212593
0.212443
0.212589
0.212439
0.212585
0.212434
0.212581
0.212430
0.212577
0.212425
0.212573
0.212421
0.212569
0.212417
0.212565
0.212412
0.212561
0.212408
0.212557
0.212403
0.212553
0.212399
0.212549
0.212395
0.212545
0.212390
0.212541
0.212386
0.212537
0.212382
0.212533
0.212377
0.212528
0.212373
0.212524
0.212369
0.212520
0.212364
0.212516
0.212360
0.212512
0.212355
0.212508
0.212351
0.212504
0.212347
0.212500
0.212342
0.212496
0.212338
0.212492
0.212334
0.212488
0.212329
0.212484
0.212325
0.212480
0.212321
0.212476
0.212316
0.212472
0.212312
0.212468
0.212308
0.212464
0.212303
0.212460
0.212299
0.212456
0.212295
0.212452
0.212290
0.212448
0.212286
0.212444
0.212282
0.212440
0.212277
0.212436
0.212273
0.212273
0.212432
0.212269
0.212428
0.212265
0.212425
0.212260
0.212421
0.212256
0.212417
0.212252
0.212413
0.212247
0.212409
0.212243
0.212405
0.212239
0.212401
0.212234
0.212397
0.212230
0.212393
0.212226
0.212389
0.212222
0.212385
0.212217
0.212381
0.212213
0.212377
0.212209
0.212373
0.212204
0.212369
0.212200
0.212365
0.212196
0.212361
0.212192
0.212357
0.212187
0.212353
0.212183
0.212349
0.212179
0.212345
0.212175
0.212341
0.212170
0.212338
0.212166
0.212334
0.212162
0.212330
0.212158
0.212326
0.212153
0.212322
0.212149
0.212318
0.212145
0.212314
0.212141
0.212310
0.212136
0.212306
0.212132
0.212302
0.212128
0.212298
0.212124
0.212294
0.212119
0.212290
0.212115
0.212287
0.212111
0.212283
0.212107
0.212279
0.212102
0.212275
0.212098
0.212271
0.212094
0.212267
0.212090
0.212263
0.212086
0.212259
0.212081
0.212255
0.212077
0.212251
0.212073
0.212248
0.212069
0.212244
0.212064
0.212240
0.212060
0.212236
0.212056
0.212232
0.212052
0.212228
0.212048
0.212224
0.212043
0.212220
0.212039
0.212216
0.212035
0.212213
0.212031
0.212209
0.212027
0.212205
0.212022
0.212201
0.212018
0.212197
0.212014
0.212193
0.212010
0.212189
0.212006
0.212185
0.212001
0.212181
0.211997
0.212178
0.211993
0.212174
0.211989
0.212170
0.211985
0.212166
0.211981
0.212162
0.211976
0.212158
0.211972
0.212154
0.211968
0.212151
0.211964
0.212147
0.211960
0.212143
0.211956
0.212139
0.211951
0.212135
0.211947
0.212131
0.211943
0.212127
0.211939
0.212123
0.211935
0.212120
0.211931
0.212116
0.211926
0.212112
0.211922
0.212108
0.211918
0.212104
0.211914
0.212100
0.211910
0.212097
0.211906
0.212093
0.211901
0.212089
0.211897
0.212085
0.211893
0.212081
0.211889
0.212077
0.211885
0.212073
0.211881
0.212070
0.211877
0.212066
0.211872
0.212062
0.211868
0.212058
0.211864
0.212054
0.211860
0.212050
0.211856
0.212047
0.211852
0.212043
0.211848
0.212039
0.211843
0.212035
0.211839
0.212031
0.211835
0.212027
0.211831
0.212023
0.211827
0.212020
0.211823
0.212016
0.211819
0.212012
0.211815
0.212008
0.211810
0.212004
0.211806
0.212000
0.211802
0.211997
0.211798
0.211993
0.211794
0.211989
0.211790
0.211985
0.211786
0.211981
0.211782
0.211977
0.211777
0.211974
0.211773
0.211970
0.211769
0.211966
0.211765
0.211962
0.211761
0.211958
0.211757
0.211954
0.211753
0.211951
0.211749
0.211947
0.211745
0.211943
0.211740
0.211939
0.211736
0.211935
0.211732
0.211932
0.211728
0.211928
0.211724
0.211924
0.211720
0.211920
0.211716
0.211916
0.211712
0.211912
0.211708
0.211909
0.211704
0.211905
0.211699
0.211901
0.211695
0.211897
0.211691
0.211893
0.211687
0.211889
0.211683
0.211886
0.211679
0.211882
0.211675
0.211878
0.211671
0.211874
0.211667
0.211870
0.211663
0.211866
0.211659
0.211863
0.211654
0.211859
0.211650
0.211855
0.211646
0.211851
0.211642
0.211847
0.211638
0.211843
0.211634
0.211840
0.211630
0.211836
0.211626
0.211832
0.211622
0.211828
0.211618
0.211824
0.211614
0.211820
0.211610
0.211817
0.211605
0.211813
0.211601
0.211809
0.211597
0.211805
0.211593
0.211801
0.211589
0.211797
0.211585
0.211794
0.211581
0.211790
0.211577
0.211786
0.211573
0.211782
0.211569
0.211778
0.211565
0.211774
0.211561
0.211771
0.211557
0.211767
0.211552
0.211763
0.211548
0.211759
0.211544
0.211755
0.211540
0.211751
0.211536
0.211748
0.211532
0.211744
0.211528
0.211740
0.211524
0.211736
0.211520
0.211732
0.211516
0.211728
0.211512
0.211725
0.211508
0.211721
0.211504
0.211717
0.211500
0.211713
0.211495
0.211709
0.211491
0.211705
0.211487
0.211701
0.211483
0.211698
0.211479
0.211694
0.211475
0.211690
0.211471
0.211686
0.211467
0.211682
0.211463
0.211678
0.211459
0.211674
0.211455
0.211671
0.211451
0.211667
0.211447
0.211663
0.211443
0.211659
0.211439
0.211655
0.211434
0.211651
0.211430
0.211647
0.211426
0.211644
0.211422
0.211640
0.211418
0.211636
0.211414
0.211632
0.211410
0.211628
0.211406
0.211624
0.211402
0.211620
0.211398
0.211616
0.211394
0.211613
0.211390
0.211609
0.211386
0.211605
0.211382
0.211601
0.211378
0.211597
0.211373
0.211593
0.211369
0.211589
0.211365
0.211585
0.211361
0.211581
0.211357
0.211578
0.211353
0.211574
0.211349
0.211570
0.211345
0.211566
0.211341
0.211562
0.211337
0.211558
0.211333
0.211554
0.211329
0.211550
0.211325
0.211546
0.211321
0.211542
0.211316
0.211538
0.211312
0.211535
0.211308
0.211531
0.211304
0.211527
0.211300
0.211523
0.211296
0.211519
0.211292
0.211515
0.211288
0.211511
0.211284
0.211507
0.211280
0.211503
0.211276
0.211499
0.211272
0.211495
0.211268
0.211491
0.211263
0.211487
0.211259
0.211483
0.211255
0.211479
0.211251
0.211475
0.211247
0.211472
0.211243
0.211468
0.211468
0.211239
0.211464
0.211235
0.211460
0.211231
0.211456
0.211227
0.211452
0.211223
0.211448
0.211219
0.211444
0.211215
0.211440
0.211210
0.211436
0.211206
0.211432
0.211202
0.211428
0.211198
0.211424
0.211194
0.211420
0.211190
0.211416
0.211186
0.211412
0.211182
0.211408
0.211178
0.211404
0.211174
0.211400
0.211170
0.211396
0.211165
0.211392
0.211161
0.211388
0.211157
0.211384
0.211153
0.211380
0.211149
0.211376
0.211145
0.211372
0.211141
0.211368
0.211137
0.211364
0.211133
0.211360
0.211129
0.211356
0.211124
0.211352
0.211120
0.211348
0.211116
0.211343
0.211112
0.211339
0.211108
0.211335
0.211104
0.211331
0.211100
0.211327
0.211096
0.211323
0.211092
0.211319
0.211087
0.211315
0.211083
0.211311
0.211079
0.211307
0.211075
0.211303
0.211071
0.211299
0.211067
0.211295
0.211063
0.211290
0.211059
0.211286
0.211055
0.211282
0.211050
0.211278
0.211046
0.211274
0.211042
0.211270
0.211038
0.211266
0.211034
0.211262
0.211030
0.211258
0.211026
0.211253
0.211022
0.211249
0.211017
0.211245
0.211013
0.211241
0.211009
0.211237
0.211005
0.211233
0.211001
0.211229
0.210997
0.211224
0.210993
0.211220
0.210988
0.211216
0.210984
0.211212
0.210980
0.211208
0.210976
0.211203
0.210972
0.211199
0.210968
0.211195
0.210964
0.211191
0.210959
0.211187
0.210955
0.211182
0.210951
0.211178
0.210947
0.211174
0.210943
0.211170
0.210939
0.211166
0.210935
0.211161
0.210930
0.211157
0.210926
0.211153
0.210922
0.211149
0.210918
0.211144
0.210914
0.211140
0.210910
0.211136
0.210905
0.211132
0.210901
0.211127
0.210897
0.211123
0.210893
0.211119
0.210889
0.211114
0.210885
0.211110
0.210880
0.211106
0.210876
0.211101
0.210872
0.211097
0.210868
0.211093
0.210864
0.211089
0.210860
0.211084
0.210855
0.211080
0.210851
0.211076
0.210847
0.211071
0.210843
0.211067
0.210839
0.211062
0.210834
0.211058
0.210830
0.211054
0.210826
0.211049
0.210822
0.211045
0.210818
0.211041
0.210813
0.211036
0.210809
0.211032
0.210805
0.211027
0.210801
0.211023
0.210797
0.211019
0.210792
0.211014
0.210788
0.211010
0.210784
0.211005
0.210780
0.211001
0.210776
0.210996
0.210771
0.210992
0.210767
0.210987
0.210763
0.210983
0.210759
0.210978
0.210755
0.210974
0.210750
0.210969
0.210746
0.210965
0.210742
0.210960
0.210738
0.210956
0.210733
0.210951
0.210729
0.210947
0.210725
0.210942
0.210721
0.210938
0.210716
0.210933
0.210712
0.210929
0.210708
0.210924
0.210704
0.210920
0.210700
0.210915
0.210695
0.210910
0.210691
0.210906
0.210687
0.210901
0.210683
0.210897
0.210678
0.210892
0.210674
0.210887
0.210670
0.210883
0.210666
0.210878
0.210661
0.210873
0.210657
0.210869
0.210653
0.210864
0.210649
0.210859
0.210644
0.210855
0.210640
0.210850
0.210636
0.210845
0.210632
0.210841
0.210627
0.210836
0.210623
0.210831
0.210619
0.210827
0.210614
0.210822
0.210610
0.210817
0.210606
0.210812
0.210602
0.210807
0.210597
0.210803
0.210593
0.210798
0.210589
0.210793
0.210585
0.210788
0.210580
0.210784
0.210576
0.210779
0.210572
0.210774
0.210567
0.210769
0.210563
0.210764
0.210559
0.210759
0.210555
0.210754
0.210550
0.210750
0.210546
0.210745
0.210542
0.210740
0.210537
0.210735
0.210533
0.210730
0.210529
0.210725
0.210525
0.210720
0.210520
0.210715
0.210516
0.210710
0.210512
0.210705
0.210507
0.210700
0.210503
0.210695
0.210499
0.210690
0.210495
0.210685
0.210490
0.210680
0.210486
0.210675
0.210482
0.210670
0.210477
0.210665
0.210473
0.210660
0.210469
0.210655
0.210464
0.210650
0.210460
0.210645
0.210456
0.210640
0.210452
0.210635
0.210447
0.210630
0.210443
0.210624
0.210439
0.210619
0.210434
0.210614
0.210430
0.210609
0.210426
0.210604
0.210422
0.210598
0.210417
0.210593
0.210413
0.210588
0.210409
0.210583
0.210404
0.210578
0.210400
0.210572
0.210396
0.210567
0.210392
0.210562
0.210387
0.210556
0.210383
0.210551
0.210379
0.210546
0.210374
0.210540
0.210370
0.210535
0.210366
0.210530
0.210362
0.210524
0.210357
0.210519
0.210353
0.210513
0.210349
0.210508
0.210345
0.210503
0.210340
0.210497
0.210336
0.210492
0.210332
0.210486
0.210328
0.210481
0.210323
0.210475
0.210319
0.210470
0.210315
0.210464
0.210311
0.210458
0.210306
0.210453
0.210302
0.210447
0.210298
0.210442
0.210294
0.210436
0.210290
0.210430
0.210285
0.210425
0.210281
0.210419
0.210277
0.210413
0.210273
0.210407
0.210269
0.210402
0.210265
0.210396
0.210261
0.210390
0.210256
0.210384
0.210252
0.210378
0.210248
0.210372
0.210244
0.210367
0.210240
0.210361
0.210236
0.210355
0.210232
0.210349
0.210228
0.210343
0.210224
0.210337
0.210220
0.210331
0.210216
0.210325
0.210212
0.210318
0.210208
0.210312
0.210204
0.210306
0.210201
0.210300
0.210197
0.210197
0.210294
0.210193
0.210288
0.210189
0.210281
0.210186
0.210275
0.210182
0.210269
0.210178
0.210262
0.210175
0.210256
0.210171
0.210249
0.210168
0.210243
0.210164
0.210236
0.210161
0.210230
0.210158
0.210223
0.210155
0.210217
0.210152
0.210210
0.210149
0.210203
0.210146
0.210197
0.210143
0.210190
0.210140
0.210184
0.210138
0.210177
0.210135
0.210171
0.210133
0.210165
0.210131
0.210158
0.210129
0.210152
0.210127
0.210147
0.210125
0.210141
0.210123
0.210136
0.210122
0.210132
0.210120
0.210128
0.210118
0.210124
0.210117
0.210121
0.210116
0.210118
0.210114
0.210116
0.210113
0.210114
0.210112
0.210113
0.210112
0.210112
0.210111
0.210111
0.210111
0.210111
0.210111
0.210111
0.210112
0.210112
0.210112
0.210113
0.210113
0.210114
0.210115
0.210115
0.210116
0.210117
0.210118
0.210119
0.210120
0.210121
0.210123
0.210124
0.210125
0.210127
0.210128
0.210130
0.210131
0.210133
0.210135
0.210136
0.210138
0.210140
0.210142
0.210144
0.210146
0.210148
0.210150
0.210152
0.210154
0.210156
0.210158
0.210160
0.210162
0.210164
0.210166
0.210168
0.210171
0.210173
0.210175
0.210177
0.210179
0.210181
0.210183
0.210185
0.210187
0.210189
0.210191
0.210193
0.210194
0.210196
0.210198
0.210199
0.210201
0.210203
0.210204
0.210206
0.210207
0.210208
0.210210
0.210211
0.210212
0.210213
0.210214
0.210215
0.210216
0.210217
0.210218
0.210219
0.210219
0.210220
0.210220
0.210221
0.210221
0.210222
0.210222
0.210222
0.210223
0.210223
0.210223
0.210223
0.210223
0.210223
0.210223
0.210223
0.210223
0.210223
0.210222
0.210222
0.210222
0.210221
0.210221
0.210221
0.210220
0.210220
0.210219
0.210219
0.210219
0.210218
0.210218
0.210217
0.210216
0.210216
0.210215
0.210215
0.210214
0.210214
0.210213
0.210213
0.210212
0.210212
0.210211
0.210211
0.210210
0.210210
0.210210
0.210209
0.210209
0.210208
0.210208
0.210208
0.210207
0.210207
0.210207
0.210207
0.210206
0.210206
0.210206
0.210206
0.210206
0.210206
0.210206
0.210206
0.210206
0.210206
0.210206
0.210206
0.210206
0.210206
0.210206
0.210206
0.210206
0.210207
0.210207
0.210207
0.210207
0.210208
0.210208
0.210208
0.210209
0.210209
0.210209
0.210210
0.210210
0.210210
0.210211
0.210211
0.210212
0.210212
0.210213
0.210213
0.210214
0.210214
0.210215
0.210215
0.210216
0.210216
0.210217
0.210217
0.210218
0.210219
0.210219
0.210220
0.210220
0.210221
0.210221
0.210222
0.210223
0.210223
0.210224
0.210224
0.210225
0.210226
0.210226
0.210227
0.210227
0.210228
0.210228
0.210229
0.210230
0.210230
0.210231
0.210231
0.210232
0.210233
0.210233
0.210234
0.210234
0.210235
0.210235
0.210236
0.210237
0.210237
0.210238
0.210238
0.210239
0.210239
0.210240
0.210240
0.210241
0.210242
0.210242
0.210243
0.210243
0.210244
0.210244
0.210245
0.210246
0.210246
0.210247
0.210247
0.210248
0.210248
0.210249
0.210249
0.210250
0.210251
0.210251
0.210252
0.210252
0.210253
0.210253
0.210254
0.210254
0.210255
0.210256
0.210256
0.210257
0.210257
0.210258
0.210258
0.210259
0.210260
0.210260
0.210261
0.210261
0.210262
0.210262
0.210263
0.210263
0.210264
0.210265
0.210265
0.210266
0.210266
0.210267
0.210267
0.210268
0.210269
0.210269
0.210270
0.210270
0.210271
0.210271
0.210272
0.210272
0.210273
0.210274
0.210274
0.210275
0.210275
0.210276
0.210276
0.210277
0.210277
0.210278
0.210278
0.210279
0.210279
0.210280
0.210281
0.210281
0.210282
0.210282
0.210283
0.210283
0.210284
0.210284
0.210285
0.210285
0.210286
0.210286
0.210287
0.210287
0.210288
0.210288
0.210289
0.210289
0.210290
0.210290
0.210291
0.210291
0.210291
0.210292
0.210292
0.210293
0.210293
0.210294
0.210294
0.210294
0.210295
0.210295
0.210296
0.210296
0.210297
0.210297
0.210297
0.210298
0.210298
0.210298
0.210299
0.210299
0.210300
0.210300
0.210300
0.210301
0.210301
0.210301
0.210302
0.210302
0.210302
0.210303
0.210303
0.210303
0.210304
0.210304
0.210304
0.210304
0.210305
0.210305
0.210305
0.210305
0.210306
0.210306
0.210306
0.210306
0.210307
0.210307
0.210307
0.210307
0.210307
0.210308
0.210308
0.210308
0.210308
0.210308
0.210309
0.210309
0.210309
0.210309
0.210309
0.210309
0.210309
0.210310
0.210310
0.210310
0.210310
0.210310
0.210310
0.210310
0.210310
0.210310
0.210310
0.210311
0.210311
0.210311
0.210311
0.210311
0.210311
0.210311
0.210311
0.210311
0.210311
0.210311
0.210311
0.210311
0.210311
0.210311
0.210311
0.210311
0.210311
0.210311
0.210311
0.210311
0.210310
0.210310
0.210310
0.210310
0.210310
0.210310
0.210310
0.210310
0.210310
0.210310
0.210309
0.210309
0.210309
0.210309
0.210309
0.210309
0.210308
0.210308
0.210308
0.210308
0.210308
0.210307
0.210307
0.210307
0.210307
0.210307
0.210306
0.210306
0.210306
0.210306
0.210306
0.210305
0.210305
0.210305
0.210305
0.210304
0.210304
0.210304
0.210303
0.210303
0.210303
0.210302
0.210302
0.210302
0.210301
0.210301
0.210301
0.210300
0.210300
0.210299
0.210299
0.210299
0.210298
0.210298
0.210297
0.210297
0.210297
0.210296
0.210296
0.210295
0.210295
0.210294
0.210294
0.210293
0.210293
0.210293
0.210292
0.210292
0.210291
0.210291
0.210290
0.210289
0.210289
0.210288
0.210288
0.210287
0.210287
0.210286
0.210286
0.210285
0.210284
0.210284
0.210283
0.210283
0.210282
0.210282
0.210281
0.210280
0.210280
0.210279
0.210278
0.210278
0.210277
0.210276
0.210276
0.210275
0.210274
0.210274
0.210273
0.210272
0.210272
0.210271
0.210270
0.210269
0.210269
0.210268
0.210267
0.210267
0.210266
0.210265
0.210264
0.210263
0.210263
0.210262
0.210261
0.210260
0.210260
0.210259
0.210258
0.210257
0.210256
0.210255
0.210255
0.210254
0.210253
0.210252
0.210251
0.210250
0.210249
0.210249
0.210248
0.210247
0.210246
0.210245
0.210244
0.210243
0.210242
0.210241
0.210240
0.210239
0.210239
0.210238
0.210237
0.210236
0.210235
0.210234
0.210233
0.210232
0.210231
0.210230
0.210229
0.210228
0.210227
0.210226
0.210225
0.210224
0.210223
0.210222
0.210221
0.210220
0.210218
0.210217
0.210216
0.210215
0.210214
0.210213
0.210212
0.210211
0.210210
0.210209
0.210208
0.210206
0.210205
0.210204
0.210203
0.210202
0.210201
0.210200
0.210198
0.210197
0.210196
0.210195
0.210194
0.210193
0.210191
0.210190
0.210189
0.210188
0.210187
0.210185
0.210184
0.210183
0.210182
0.210180
0.210179
0.210178
0.210177
0.210175
0.210174
0.210173
0.210172
0.210170
0.210169
0.210168
0.210167
0.210165
0.210164
0.210163
0.210161
0.210160
0.210159
0.210157
0.210156
0.210155
0.210153
0.210152
0.210151
0.210149
0.210148
0.210147
0.210145
0.210144
0.210142
0.210141
0.210140
0.210138
0.210137
0.210135
0.210134
0.210133
0.210131
0.210130
0.210128
0.210127
0.210125
0.210124
0.210122
0.210121
0.210120
0.210118
0.210117
0.210115
0.210114
0.210112
0.210111
0.210109
0.210108
0.210106
0.210105
0.210103
0.210102
0.210100
0.210098
0.210097
0.210095
0.210094
0.210092
0.210091
0.210089
0.210088
0.210086
0.210084
0.210083
0.210081
0.210080
0.210078
0.210077
0.210075
0.210073
0.210072
0.210070
0.210068
0.210067
0.210065
0.210064
0.210062
0.210060
0.210059
0.210057
0.210055
0.210054
0.210052
0.210050
0.210049
0.210047
0.210045
0.210044
0.210042
0.210040
0.210038
0.210037
0.210035
0.210033
0.210032
0.210030
0.210028
0.210026
0.210025
0.210023
0.210021
0.210019
0.210018
0.210016
0.210014
0.210012
0.210011
0.210009
0.210007
0.210005
0.210003
0.210002
0.210000
0.209998
0.209996
0.209994
0.209993
0.209991
0.209989
0.209987
0.209985
0.209983
0.209982
0.209980
0.209978
0.209976
0.209974
0.209972
0.209971
0.209969
0.209967
0.209965
0.209963
0.209961
0.209959
0.209957
0.209955
0.209954
0.209952
0.209950
0.209948
0.209946
0.209944
0.209942
0.209940
0.209938
0.209936
0.209934
0.209932
0.209930
0.209928
0.209926
0.209924
0.209923
0.209921
0.209919
0.209917
0.209915
0.209913
0.209911
0.209909
0.209907
0.209905
0.209903
0.209901
0.209899
0.209897
0.209895
0.209893
0.209890
0.209888
0.209886
0.209884
0.209882
0.209880
0.209878
0.209876
0.209874
0.209872
0.209870
0.209868
0.209866
0.209864
0.209862
0.209860
0.209857
0.209855
0.209853
0.209851
0.209849
0.209847
0.209845
0.209843
0.209841
0.209838
0.209836
0.209834
0.209832
0.209830
0.209828
0.209826
0.209823
0.209821
0.209819
0.209817
0.209815
0.209813
0.209810
0.209808
0.209806
0.209804
0.209802
0.209800
0.209797
0.209795
0.209793
0.209791
0.209789
0.209786
0.209784
0.209782
0.209780
0.209777
0.209775
0.209773
0.209771
0.209769
0.209766
0.209764
0.209762
0.209760
0.209757
0.209755
0.209753
0.209751
0.209748
0.209746
0.209744
0.209741
0.209739
0.209737
0.209735
0.209732
0.209730
0.209728
0.209725
0.209723
0.209721
0.209719
0.209716
0.209714
0.209712
0.209709
0.209707
0.209705
0.209702
0.209700
0.209698
0.209695
0.209693
0.209691
0.209688
0.209686
0.209684
0.209681
0.209679
0.209676
0.209674
0.209672
0.209669
0.209667
0.209664
0.209662
0.209659
0.209657
0.209654
0.209652
0.209649
0.209646
0.209644
0.209641
0.209639
0.209636
0.209633
0.209630
0.209628
0.209625
0.209622
0.209619
0.209616
0.209614
0.209611
0.209608
0.209605
0.209602
0.209599
0.209596
0.209593
0.209590
0.209587
0.209584
0.209581
0.209578
0.209575
0.209572
0.209569
0.209566
0.209563
0.209560
0.209557
0.209555
0.209552
0.209549
0.209547
0.209545
0.209543
0.209541
0.209540
0.209539
0.209539
0.209539
0.209540
0.209541
0.209544
0.209548
0.209553
0.209561
0.209570
0.209570
0.209582
0.209597
0.209614
0.209633
0.209653
0.209674
0.209695
0.209713
0.209729
0.209740
0.209746
0.209744
0.209734
0.209716
0.209690
0.209658
0.209621
0.209581
0.209541
0.209502
0.209467
0.209436
0.209413
0.209397
0.209389
0.209388
0.209395
0.209406
0.209420
0.209437
0.209455
0.209472
0.209489
0.209506
0.209523
0.209539
0.209555
0.209572
0.209589
0.209606
0.209623
0.209640
0.209657
0.209673
0.209687
0.209701
0.209712
0.209722
0.209730
0.209735
0.209739
0.209741
0.209741
0.209739
0.209735
0.209730
0.209723
0.209716
0.209707
0.209697
0.209686
0.209675
0.209663
0.209651
0.209639
0.209626
0.209614
0.209601
0.209589
0.209577
0.209564
0.209553
0.209541
0.209530
0.209520
0.209509
0.209500
0.209490
0.209481
0.209473
0.209465
0.209458
0.209451
0.209444
0.209438
0.209433
0.209428
0.209423
0.209419
0.209415
0.209411
0.209407
0.209404
0.209402
0.209399
0.209397
0.209395
0.209393
0.209391
0.209389
0.209388
0.209386
0.209385
0.209384
0.209383
0.209382
0.209380
0.209379
0.209378
0.209377
0.209377
0.209376
0.209375
0.209374
0.209372
0.209371
0.209370
0.209369
0.209368
0.209367
0.209366
0.209364
0.209363
0.209362
0.209360
0.209359
0.209357
0.209356
0.209354
0.209352
0.209351
0.209349
0.209347
0.209345
0.209343
0.209341
0.209340
0.209338
0.209336
0.209334
0.209331
0.209329
0.209327
0.209325
0.209323
0.209321
0.209318
0.209316
0.209314
0.209312
0.209309
0.209307
0.209305
0.209302
0.209300
0.209297
0.209295
0.209293
0.209290
0.209288
0.209285
0.209283
0.209280
0.209278
0.209275
0.209272
0.209270
0.209267
0.209265
0.209262
0.209260
0.209257
0.209254
0.209252
0.209249
0.209246
0.209244
0.209241
0.209238
0.209236
0.209233
0.209230
0.209228
0.209225
0.209222
0.209220
0.209217
0.209214
0.209211
0.209209
0.209206
0.209203
0.209200
0.209198
0.209195
0.209192
0.209189
0.209186
0.209184
0.209181
0.209178
0.209175
0.209172
0.209170
0.209167
0.209164
0.209161
0.209158
0.209155
0.209152
0.209149
0.209146
0.209144
0.209141
0.209138
0.209135
0.209132
0.209129
0.209126
0.209123
0.209120
0.209117
0.209114
0.209111
0.209108
0.209105
0.209102
0.209098
0.209095
0.209092
0.209089
0.209086
0.209083
0.209080
0.209077
0.209073
0.209070
0.209067
0.209064
0.209061
0.209057
0.209054
0.209051
0.209047
0.209044
0.209041
0.209038
0.209034
0.209031
0.209027
0.209024
0.209021
0.209017
0.209014
0.209010
0.209007
0.209003
0.209000
0.208996
0.208993
0.208989
0.208986
0.208982
0.208978
0.208975
0.208971
0.208968
0.208964
0.208960
0.208956
0.208953
0.208949
0.208945
0.208941
0.208938
0.208934
0.208930
0.208926
0.208922
0.208918
0.208914
0.208911
0.208907
0.208903
0.208899
0.208895
0.208891
0.208887
0.208883
0.208878
0.208874
0.208870
0.208866
0.208862
0.208858
0.208854
0.208849
0.208845
0.208841
0.208837
0.208832
0.208828
0.208824
0.208819
0.208815
0.208811
0.208806
0.208802
0.208798
0.208793
0.208789
0.208784
0.208780
0.208775
0.208771
0.208766
0.208761
0.208757
0.208752
0.208748
0.208743
0.208738
0.208734
0.208729
0.208724
0.208720
0.208715
0.208710
0.208705
0.208700
0.208696
0.208691
0.208686
0.208681
0.208676
0.208671
0.208666
0.208661
0.208656
0.208651
0.208646
0.208641
0.208636
0.208631
0.208626
0.208621
0.208616
0.208611
0.208606
0.208601
0.208596
0.208590
0.208585
0.208580
0.208575
0.208570
0.208564
0.208559
0.208554
0.208549
0.208543
0.208538
0.208533
0.208527
0.208522
0.208516
0.208511
0.208506
0.208500
0.208495
0.208489
0.208484
0.208478
0.208473
0.208467
0.208462
0.208456
0.208451
0.208445
0.208440
0.208434
0.208428
0.208423
0.208417
0.208412
0.208406
0.208400
0.208395
0.208389
0.208383
0.208377
0.208372
0.208366
0.208360
0.208354
0.208349
0.208343
0.208337
0.208331
0.208325
0.208319
0.208314
0.208308
0.208302
0.208296
0.208290
0.208284
0.208278
0.208272
0.208266
0.208260
0.208254
0.208248
0.208242
0.208236
0.208230
0.208224
0.208218
0.208212
0.208206
0.208200
0.208194
0.208188
0.208182
0.208176
0.208170
0.208164
0.208157
0.208151
0.208145
0.208139
0.208133
0.208127
0.208120
0.208114
0.208108
0.208102
0.208096
0.208089
0.208083
0.208077
0.208071
0.208064
0.208058
0.208052
0.208045
0.208039
0.208033
0.208027
0.208020
0.208014
0.208007
0.208001
0.207995
0.207988
0.207982
0.207976
0.207969
0.207963
0.207956
0.207950
0.207944
0.207937
0.207931
0.207924
0.207918
0.207911
0.207905
0.207898
0.207892
0.207885
0.207879
0.207872
0.207866
0.207859
0.207853
0.207846
0.207840
0.207833
0.207827
0.207820
0.207813
0.207807
0.207800
0.207794
0.207787
0.207780
0.207774
0.207767
0.207760
0.207754
0.207747
0.207741
0.207734
0.207727
0.207720
0.207714
0.207707
0.207700
0.207700
