0.168139
0.202144
0.135396
0.150420
0.164547
0.174069
0.179565
0.182224
0.183105
0.182972
0.182301
0.181373
0.180351
0.179330
0.178365
0.177490
0.176725
0.176085
0.175580
0.175217
0.175002
0.174940
0.175032
0.175282
0.175688
0.176249
0.176963
0.177825
0.178828
0.179964
0.181223
0.182597
0.184073
0.185640
0.187287
0.189005
0.190781
0.192609
0.194479
0.196384
0.198319
0.200279
0.202259
0.204257
0.206270
0.208296
0.210334
0.212382
0.214440
0.216507
0.218582
0.220664
0.222752
0.224846
0.226943
0.229044
0.231145
0.233245
0.235343
0.237436
0.239521
0.241596
0.243659
0.245705
0.247733
0.249740
0.251721
0.253673
0.255594
0.257480
0.259327
0.261133
0.262894
0.264608
0.266271
0.267881
0.269435
0.270931
0.272367
0.273742
0.275054
0.276302
0.277484
0.278601
0.279651
0.280635
0.281554
0.282406
0.283194
0.283917
0.284577
0.285175
0.285713
0.286191
0.286612
0.286977
0.287289
0.287549
0.287759
0.287921
0.288038
0.288113
0.288146
0.288142
0.288101
0.288027
0.287921
0.287786
0.287625
0.287438
0.287230
0.287000
0.286753
0.286489
0.286210
0.285919
0.285616
0.285304
0.284984
0.284658
0.284327
0.283992
0.283654
0.283316
0.282977
0.282639
0.282304
0.281971
0.281642
0.281318
0.280999
0.280685
0.280379
0.280080
0.279788
0.279505
0.279231
0.278965
0.278709
0.278462
0.278226
0.277999
0.277783
0.277577
0.277382
0.277198
0.277024
0.276861
0.276708
0.276567
0.276436
0.276315
0.276205
0.276106
0.276017
0.275938
0.275869
0.275809
0.275760
0.275720
0.275689
0.275668
0.275656
0.275652
0.275657
0.275670
0.275692
0.275721
0.275759
0.275804
0.275856
0.275915
0.275982
0.276055
0.276135
0.276221
0.276313
0.276412
0.276516
0.276626
0.276741
0.276862
0.276988
0.277119
0.277254
0.277395
0.277540
0.277689
0.277842
0.278000
0.278162
0.278327
0.278496
0.278669
0.278845
0.279024
0.279206
0.279392
0.279581
0.279772
0.279966
0.280163
0.280362
0.280564
0.280768
0.280974
0.281182
0.281393
0.281605
0.281819
0.282035
0.282252
0.282471
0.282692
0.282914
0.283137
0.283361
0.283586
0.283813
0.284040
0.284269
0.284498
0.284728
0.284958
0.285189
0.285421
0.285653
0.285885
0.286118
0.286350
0.286583
0.286816
0.287049
0.287282
0.287514
0.287746
0.287978
0.288210
0.288441
0.288671
0.288901
0.289130
0.289359
0.289587
0.289813
0.290039
0.290264
0.290488
0.290711
0.290932
0.291153
0.291372
0.291589
0.291805
0.292020
0.292233
0.292445
0.292655
0.292863
0.293070
0.293274
0.293477
0.293678
0.293877
0.294074
0.294269
0.294461
0.294652
0.294840
0.295026
0.295210
0.295391
0.295570
0.295747
0.295921
0.296092
0.296261
0.296427
0.296591
0.296752
0.296910
0.297065
0.297218
0.297367
0.297514
0.297658
0.297799
0.297937
0.298072
0.298204
0.298333
0.298458
0.298581
0.298700
0.298816
0.298929
0.299039
0.299145
0.299249
0.299348
0.299445
0.299538
0.299628
0.299714
0.299797
0.299876
0.299953
0.300025
0.300094
0.300160
0.300222
0.300281
0.300336
0.300387
0.300435
0.300480
0.300521
0.300558
0.300592
0.300622
0.300649
0.300672
0.300691
0.300708
0.300720
0.300729
0.300734
0.300736
0.300735
0.300730
0.300721
0.300709
0.300694
0.300675
0.300652
0.300627
0.300598
0.300565
0.300529
0.300490
0.300448
0.300402
0.300354
0.300302
0.300246
0.300188
0.300127
0.300063
0.299995
0.299925
0.299851
0.299775
0.299696
0.299614
0.299529
0.299441
0.299350
0.299256
0.299158
0.299057
0.298952
0.298843
0.298730
0.298612
0.298488
0.298360
0.298228
0.298091
0.297952
0.297811
0.297671
0.297530
0.297391
0.297251
0.297112
0.296971
0.296827
0.296679
0.296525
0.296364
0.296196
0.296021
0.295838
0.295647
0.295449
0.295245
0.295036
0.294821
0.294603
0.294382
0.294158
0.293933
0.293705
0.293477
0.293248
0.293019
0.292789
0.292559
0.292329
0.292098
0.291867
0.291635
0.291403
0.291171
0.290938
0.290704
0.290470
0.290235
0.289999
0.289762
0.289524
0.289285
0.289045
0.288804
0.288561
0.288318
0.288073
0.287827
0.287579
0.287331
0.287080
0.286829
0.286576
0.286321
0.286065
0.285808
0.285549
0.285288
0.285026
0.284763
0.284498
0.284231
0.283963
0.283693
0.283422
0.283149
0.282875
0.282599
0.282321
0.282042
0.281762
0.281480
0.281196
0.280911
0.280624
0.280335
0.280045
0.279753
0.279460
0.279165
0.278869
0.278571
0.278271
0.277969
0.277666
0.277362
0.277055
0.276747
0.276438
0.276126
0.275813
0.275498
0.275182
0.274864
0.274544
0.274222
0.273899
0.273573
0.273246
0.272918
0.272587
0.272255
0.271921
0.271585
0.271247
0.270907
0.270566
0.270222
0.269877
0.269530
0.269181
0.268830
0.268477
0.268122
0.267765
0.267406
0.267046
0.266683
0.266318
0.265951
0.265582
0.265211
0.264839
0.264464
0.264087
0.263708
0.263326
0.262943
0.262558
0.262170
0.262170
0.261781
0.261389
0.260995
0.260599
0.260201
0.259801
0.259399
0.258995
0.258588
0.258179
0.257769
0.257356
0.256941
0.256524
0.256105
0.255684
0.255261
0.254835
0.254408
0.253979
0.253548
0.253114
0.252679
0.252242
0.251803
0.251362
0.250920
0.250475
0.250029
0.249581
0.249132
0.248681
0.248228
0.247774
0.247318
0.246861
0.246402
0.245942
0.245481
0.245019
0.244555
0.244091
0.243625
0.243158
0.242691
0.242223
0.241754
0.241284
0.240814
0.240343
0.239872
0.239401
0.238929
0.238457
0.237985
0.237513
0.237041
0.236569
0.236098
0.235627
0.235156
0.234686
0.234216
0.233747
0.233279
0.232811
0.232344
0.231879
0.231414
0.230951
0.230489
0.230028
0.229569
0.229110
0.228654
0.228199
0.227746
0.227294
0.226844
0.226396
0.225950
0.225506
0.225063
0.224623
0.224185
0.223749
0.223315
0.222884
0.222454
0.222027
0.221602
0.221180
0.220760
0.220342
0.219926
0.219513
0.219103
0.218695
0.218289
0.217886
0.217486
0.217088
0.216692
0.216299
0.215908
0.215520
0.215135
0.214752
0.214371
0.213993
0.213617
0.213244
0.212874
0.212506
0.212140
0.211776
0.211416
0.211057
0.210701
0.210347
0.209996
0.209647
0.209300
0.208955
0.208613
0.208273
0.207935
0.207599
0.207266
0.206935
0.206605
0.206278
0.205953
0.205630
0.205309
0.204990
0.204672
0.204357
0.204044
0.203732
0.203422
0.203114
0.202808
0.202503
0.202200
0.201899
0.201599
0.201301
0.201004
0.200709
0.200415
0.200123
0.199832
0.199543
0.199255
0.198968
0.198682
0.198397
0.198114
0.197832
0.197551
0.197271
0.196991
0.196713
0.196436
0.196160
0.195885
0.195610
0.195336
0.195063
0.194791
0.194520
0.194249
0.193978
0.193709
0.193440
0.193171
0.192903
0.192635
0.192368
0.192102
0.191835
0.191569
0.191304
0.191038
0.190773
0.190508
0.190244
0.189979
0.189715
0.189451
0.189187
0.188924
0.188660
0.188396
0.188133
0.187870
0.187606
0.187343
0.187079
0.186816
0.186553
0.186289
0.186026
0.185763
0.185499
0.185236
0.184972
0.184708
0.184445
0.184181
0.183917
0.183653
0.183389
0.183125
0.182861
0.182597
0.182333
0.182069
0.181804
0.181540
0.181276
0.181011
0.180747
0.180482
0.180218
0.179954
0.179689
0.179425
0.179160
0.178896
0.178632
0.178368
0.178104
0.177840
0.177576
0.177312
0.177048
0.176785
0.176522
0.176259
0.175996
0.175733
0.175471
0.175209
0.174947
0.174685
0.174424
0.174163
0.173902
0.173642
0.173382
0.173123
0.172864
0.172605
0.172347
0.172089
0.171832
0.171575
0.171319
0.171064
0.170809
0.170554
0.170300
0.170047
0.169794
0.169542
0.169291
0.169040
0.168790
0.168540
0.168292
0.168044
0.167797
0.167550
0.167305
0.167060
0.166816
0.166573
0.166330
0.166089
0.165848
0.165608
0.165369
0.165131
0.164894
0.164657
0.164422
0.164187
0.163954
0.163721
0.163489
0.163259
0.163029
0.162800
0.162572
0.162346
0.162120
0.161895
0.161671
0.161448
0.161227
0.161006
0.160786
0.160567
0.160350
0.160133
0.159917
0.159703
0.159489
0.159277
0.159065
0.158855
0.158646
0.158438
0.158230
0.158024
0.157819
0.157615
0.157412
0.157210
0.157009
0.156810
0.156611
0.156413
0.156216
0.156021
0.155826
0.155633
0.155440
0.155249
0.155059
0.154869
0.154681
0.154494
0.154308
0.154123
0.153938
0.153755
0.153573
0.153392
0.153212
0.153033
0.152855
0.152678
0.152502
0.152327
0.152152
0.151979
0.151807
0.151636
0.151466
0.151297
0.151128
0.150961
0.150795
0.150629
0.150465
0.150301
0.150139
0.149977
0.149816
0.149656
0.149497
0.149339
0.149182
0.149026
0.148871
0.148716
0.148562
0.148410
0.148258
0.148107
0.147957
0.147807
0.147659
0.147511
0.147365
0.147219
0.147073
0.146929
0.146786
0.146643
0.146501
0.146360
0.146220
0.146080
0.145941
0.145803
0.145666
0.145530
0.145394
0.145259
0.145125
0.144992
0.144859
0.144727
0.144596
0.144465
0.144336
0.144207
0.144078
0.143951
0.143824
0.143697
0.143572
0.143447
0.143323
0.143199
0.143077
0.142954
0.142833
0.142712
0.142592
0.142472
0.142353
0.142235
0.142117
0.142000
0.141884
0.141768
0.141653
0.141538
0.141425
0.141311
0.141198
0.141086
0.140975
0.140864
0.140753
0.140644
0.140534
0.140426
0.140318
0.140210
0.140103
0.139997
0.139891
0.139786
0.139681
0.139577
0.139473
0.139370
0.139267
0.139165
0.139063
0.138962
0.138862
0.138762
0.138662
0.138563
0.138465
0.138367
0.138269
0.138172
0.138075
0.137979
0.137884
0.137789
0.137694
0.137600
0.137506
0.137413
0.137320
0.137228
0.137136
0.137044
0.136953
0.136863
0.136772
0.136683
0.136593
0.136505
0.136416
0.136328
0.136241
0.136154
0.136071
0.135990
0.135873
0.135650
0.135428
0.135082
0.134920
0.135211
0.135403
0.135351
0.135086
0.134724
0.134379
0.134119
0.133969
0.133919
0.133938
0.133992
0.134052
0.134094
0.134107
0.134086
0.134086
0.134030
0.133946
0.133837
0.133710
0.133572
0.133426
0.133279
0.133132
0.132989
0.132852
0.132722
0.132600
0.132486
0.132380
0.132282
0.132192
0.132108
0.132030
0.131958
0.131890
0.131825
0.131764
0.131706
0.131650
0.131595
0.131542
0.131490
0.131439
0.131388
0.131338
0.131288
0.131238
0.131188
0.131138
0.131089
0.131039
0.130988
0.130938
0.130887
0.130837
0.130785
0.130734
0.130682
0.130630
0.130578
0.130525
0.130472
0.130418
0.130364
0.130310
0.130255
0.130201
0.130145
0.130090
0.130034
0.129978
0.129921
0.129864
0.129807
0.129750
0.129692
0.129635
0.129577
0.129518
0.129460
0.129401
0.129342
0.129283
0.129224
0.129165
0.129105
0.129046
0.128986
0.128926
0.128866
0.128806
0.128746
0.128686
0.128626
0.128565
0.128505
0.128445
0.128384
0.128324
0.128264
0.128203
0.128143
0.128083
0.128022
0.127962
0.127902
0.127842
0.127781
0.127721
0.127661
0.127601
0.127542
0.127482
0.127422
0.127363
0.127303
0.127244
0.127185
0.127126
0.127067
0.127008
0.126949
0.126891
0.126832
0.126774
0.126716
0.126659
0.126601
0.126543
0.126486
0.126429
0.126372
0.126316
0.126259
0.126203
0.126147
0.126091
0.126036
0.125980
0.125925
0.125870
0.125816
0.125762
0.125708
0.125654
0.125600
0.125547
0.125494
0.125441
0.125389
0.125337
0.125285
0.125233
0.125182
0.125131
0.125081
0.125030
0.124980
0.124931
0.124881
0.124832
0.124784
0.124735
0.124687
0.124640
0.124592
0.124545
0.124499
0.124453
0.124407
0.124362
0.124316
0.124272
0.124228
0.124184
0.124140
0.124097
0.124054
0.124012
0.123970
0.123929
0.123888
0.123847
0.123807
0.123767
0.123728
0.123689
0.123650
0.123612
0.123575
0.123537
0.123501
0.123464
0.123429
0.123393
0.123358
0.123324
0.123289
0.123257
0.123220
0.123199
0.123119
0.123304
0.122693
0.123884
0.122224
0.121885
0.121652
0.121923
0.122418
0.123045
0.123435
0.123614
0.123418
0.123118
0.122584
0.122220
0.121665
0.121587
0.121038
0.121441
0.120761
0.121304
0.120797
0.121320
0.121141
0.121731
0.121682
0.122194
0.122034
0.122358
0.122019
0.122212
0.121753
0.121928
0.121423
0.121653
0.121151
0.121446
0.120983
0.121319
0.120912
0.121265
0.120898
0.121245
0.120885
0.121209
0.120829
0.121131
0.120720
0.121012
0.120578
0.120875
0.120432
0.120741
0.120302
0.120624
0.120196
0.120528
0.120109
0.120445
0.120029
0.120366
0.119946
0.120282
0.119856
0.120192
0.119759
0.120098
0.119662
0.120006
0.119569
0.119920
0.119483
0.119839
0.119403
0.119763
0.119327
0.119690
0.119251
0.119617
0.119176
0.119545
0.119100
0.119472
0.119026
0.119402
0.118954
0.119333
0.118884
0.119267
0.118816
0.119202
0.118749
0.119139
0.118684
0.119076
0.118619
0.119015
0.118556
0.118955
0.118493
0.118895
0.118432
0.118837
0.118372
0.118780
0.118314
0.118724
0.118256
0.118669
0.118199
0.118615
0.118143
0.118562
0.118088
0.118510
0.118034
0.118458
0.117980
0.118408
0.117928
0.118358
0.117876
0.118309
0.117825
0.118261
0.117775
0.118213
0.117726
0.118166
0.117678
0.118120
0.117630
0.118075
0.117583
0.118030
0.117536
0.117986
0.117491
0.117943
0.117446
0.117900
0.117402
0.117858
0.117358
0.117816
0.117315
0.117776
0.117272
0.117735
0.117231
0.117695
0.117190
0.117656
0.117149
0.117618
0.117109
0.117580
0.117070
0.117542
0.117031
0.117505
0.116992
0.117468
0.116955
0.117432
0.116918
0.117397
0.116881
0.117362
0.116845
0.117327
0.116809
0.117293
0.116774
0.117259
0.116739
0.117226
0.116705
0.117193
0.116672
0.117161
0.116638
0.117129
0.116606
0.117098
0.116573
0.117066
0.116542
0.117036
0.116510
0.117005
0.116479
0.116975
0.116449
0.116946
0.116419
0.116916
0.116389
0.116887
0.116360
0.116859
0.116331
0.116830
0.116302
0.116802
0.116274
0.116775
0.116246
0.116748
0.116219
0.116721
0.116192
0.116694
0.116166
0.116667
0.116139
0.116641
0.116113
0.116615
0.116088
0.116590
0.116063
0.116564
0.116038
0.116539
0.116013
0.116514
0.115989
0.116490
0.115965
0.116465
0.115942
0.116441
0.115918
0.116417
0.115895
0.116394
0.115873
0.116370
0.115850
0.116347
0.115828
0.116324
0.115807
0.116301
0.115785
0.116278
0.115764
0.116255
0.115743
0.116233
0.115722
0.116211
0.115702
0.116189
0.115682
0.116167
0.115662
0.116145
0.115642
0.116124
0.115623
0.116102
0.115603
0.116081
0.115584
0.116060
0.115566
0.116039
0.115547
0.116018
0.115529
0.115997
0.115511
0.115976
0.115493
0.115956
0.115475
0.115935
0.115458
0.115915
0.115441
0.115895
0.115424
0.115875
0.115407
0.115854
0.115390
0.115834
0.115374
0.115814
0.115358
0.115795
0.115341
0.115775
0.115325
0.115755
0.115310
0.115735
0.115294
0.115716
0.115279
0.115696
0.115263
0.115677
0.115248
0.115657
0.115233
0.115638
0.115218
0.115619
0.115204
0.115204
0.115599
0.115189
0.115580
0.115175
0.115561
0.115160
0.115542
0.115146
0.115523
0.115132
0.115503
0.115118
0.115484
0.115104
0.115465
0.115091
0.115446
0.115077
0.115427
0.115064
0.115408
0.115050
0.115389
0.115037
0.115370
0.115024
0.115351
0.115011
0.115332
0.114998
0.115313
0.114985
0.115293
0.114972
0.115274
0.114960
0.115255
0.114947
0.115236
0.114935
0.115217
0.114922
0.115198
0.114910
0.115179
0.114898
0.115159
0.114886
0.115140
0.114874
0.115121
0.114862
0.115101
0.114851
0.115082
0.114839
0.115062
0.114827
0.115043
0.114816
0.115023
0.114805
0.115003
0.114794
0.114983
0.114783
0.114963
0.114772
0.114943
0.114761
0.114923
0.114751
0.114902
0.114741
0.114881
0.114730
0.114860
0.114720
0.114838
0.114711
0.114816
0.114701
0.114793
0.114691
0.114770
0.114681
0.114746
0.114671
0.114721
0.114660
0.114695
0.114647
0.114668
0.114632
0.114641
0.114614
0.114614
0.114593
0.114585
0.114568
0.114556
0.114540
0.114526
0.114510
0.114494
0.114477
0.114459
0.114442
0.114423
0.114404
0.114385
0.114366
0.114346
0.114327
0.114307
0.114287
0.114267
0.114247
0.114228
0.114209
0.114190
0.114173
0.114155
0.114139
0.114124
0.114109
0.114095
0.114082
0.114070
0.114058
0.114047
0.114037
0.114027
0.114017
0.114008
0.113999
0.113990
0.113981
0.113972
0.113964
0.113955
0.113947
0.113939
0.113930
0.113922
0.113915
0.113907
0.113899
0.113892
0.113885
0.113878
0.113871
0.113864
0.113857
0.113851
0.113845
0.113839
0.113833
0.113827
0.113821
0.113816
0.113811
0.113805
0.113800
0.113795
0.113790
0.113785
0.113780
0.113775
0.113771
0.113766
0.113761
0.113757
0.113752
0.113747
0.113743
0.113738
0.113734
0.113729
0.113724
0.113720
0.113715
0.113711
0.113706
0.113701
0.113697
0.113692
0.113687
0.113683
0.113678
0.113673
0.113668
0.113663
0.113659
0.113654
0.113649
0.113644
0.113639
0.113634
0.113628
0.113623
0.113618
0.113613
0.113608
0.113603
0.113597
0.113592
0.113586
0.113581
0.113576
0.113570
0.113565
0.113559
0.113553
0.113548
0.113542
0.113536
0.113531
0.113525
0.113519
0.113513
0.113507
0.113502
0.113496
0.113490
0.113484
0.113478
0.113472
0.113466
0.113459
0.113453
0.113447
0.113441
0.113435
0.113429
0.113422
0.113416
0.113410
0.113403
0.113397
0.113391
0.113384
0.113378
0.113371
0.113365
0.113358
0.113352
0.113345
0.113339
0.113332
0.113326
0.113319
0.113313
0.113306
0.113299
0.113293
0.113286
0.113279
0.113273
0.113266
0.113259
0.113253
0.113246
0.113239
0.113232
0.113225
0.113219
0.113212
0.113205
0.113198
0.113192
0.113185
0.113178
0.113171
0.113164
0.113157
0.113150
0.113144
0.113137
0.113130
0.113123
0.113116
0.113109
0.113102
0.113096
0.113089
0.113082
0.113075
0.113068
0.113061
0.113054
0.113047
0.113041
0.113034
0.113027
0.113020
0.113013
0.113006
0.112999
0.112993
0.112986
0.112979
0.112972
0.112965
0.112958
0.112952
0.112945
0.112938
0.112931
0.112925
0.112918
0.112911
0.112904
0.112897
0.112891
0.112884
0.112877
0.112871
0.112864
0.112857
0.112851
0.112844
0.112837
0.112831
0.112824
0.112817
0.112811
0.112804
0.112798
0.112791
0.112785
0.112778
0.112772
0.112765
0.112759
0.112752
0.112746
0.112740
0.112733
0.112727
0.112720
0.112714
0.112708
0.112701
0.112695
0.112689
0.112683
0.112676
0.112670
0.112664
0.112658
0.112652
0.112646
0.112640
0.112633
0.112627
0.112621
0.112615
0.112609
0.112603
0.112597
0.112592
0.112586
0.112580
0.112574
0.112568
0.112562
0.112556
0.112551
0.112545
0.112539
0.112534
0.112528
0.112522
0.112517
0.112511
0.112506
0.112500
0.112495
0.112489
0.112484
0.112478
0.112473
0.112467
0.112462
0.112457
0.112451
0.112446
0.112441
0.112436
0.112431
0.112425
0.112420
0.112415
0.112410
0.112405
0.112400
0.112395
0.112390
0.112385
0.112380
0.112375
0.112371
0.112366
0.112361
0.112356
0.112351
0.112347
0.112342
0.112338
0.112333
0.112328
0.112324
0.112319
0.112315
0.112310
0.112306
0.112302
0.112297
0.112293
0.112289
0.112284
0.112280
0.112276
0.112272
0.112267
0.112263
0.112259
0.112255
0.112251
0.112247
0.112243
0.112239
0.112235
0.112232
0.112228
0.112224
0.112220
0.112216
0.112213
0.112209
0.112205
0.112202
0.112198
0.112195
0.112191
0.112188
0.112184
0.112181
0.112177
0.112174
0.112171
0.112167
0.112164
0.112161
0.112157
0.112154
0.112151
0.112148
0.112145
0.112142
0.112139
0.112136
0.112133
0.112130
0.112127
0.112124
0.112121
0.112119
0.112116
0.112113
0.112110
0.112108
0.112105
0.112102
0.112100
0.112097
0.112095
0.112092
0.112090
0.112087
0.112085
0.112083
0.112080
0.112078
0.112076
0.112073
0.112071
0.112069
0.112067
0.112065
0.112063
0.112061
0.112059
0.112057
0.112055
0.112053
0.112051
0.112049
0.112049
0.112047
0.112045
0.112043
0.112042
0.112040
0.112038
0.112037
0.112035
0.112033
0.112032
0.112030
0.112029
0.112027
0.112026
0.112024
0.112023
0.112021
0.112020
0.112019
0.112017
0.112016
0.112015
0.112014
0.112013
0.112011
0.112010
0.112009
0.112008
0.112007
0.112006
0.112005
0.112004
0.112003
0.112002
0.112001
0.112000
0.112000
0.111999
0.111998
0.111997
0.111997
0.111996
0.111995
0.111995
0.111994
0.111993
0.111993
0.111992
0.111992
0.111991
0.111991
0.111990
0.111990
0.111990
0.111989
0.111989
0.111989
0.111988
0.111988
0.111988
0.111988
0.111987
0.111987
0.111987
0.111987
0.111987
0.111987
0.111987
0.111987
0.111987
0.111987
0.111987
0.111987
0.111987
0.111987
0.111987
0.111987
0.111987
0.111988
0.111988
0.111988
0.111988
0.111989
0.111989
0.111989
0.111990
0.111990
0.111990
0.111991
0.111991
0.111992
0.111992
0.111993
0.111993
0.111994
0.111994
0.111995
0.111995
0.111996
0.111997
0.111997
0.111998
0.111999
0.111999
0.112000
0.112001
0.112002
0.112002
0.112003
0.112004
0.112005
0.112006
0.112007
0.112007
0.112008
0.112009
0.112010
0.112011
0.112012
0.112013
0.112014
0.112015
0.112016
0.112017
0.112018
0.112019
0.112020
0.112021
0.112023
0.112024
0.112025
0.112026
0.112027
0.112028
0.112030
0.112031
0.112032
0.112033
0.112035
0.112036
0.112037
0.112039
0.112040
0.112041
0.112042
0.112044
0.112045
0.112047
0.112048
0.112049
0.112051
0.112052
0.112054
0.112055
0.112057
0.112058
0.112060
0.112061
0.112063
0.112064
0.112066
0.112067
0.112069
0.112070
0.112072
0.112073
0.112075
0.112077
0.112078
0.112080
0.112081
0.112083
0.112085
0.112086
0.112088
0.112090
0.112091
0.112093
0.112095
0.112096
0.112098
0.112100
0.112101
0.112103
0.112105
0.112107
0.112108
0.112110
0.112112
0.112114
0.112115
0.112117
0.112119
0.112121
0.112122
0.112124
0.112126
0.112128
0.112130
0.112131
0.112133
0.112135
0.112137
0.112139
0.112140
0.112142
0.112144
0.112146
0.112148
0.112150
0.112151
0.112153
0.112155
0.112157
0.112159
0.112161
0.112163
0.112164
0.112166
0.112168
0.112170
0.112172
0.112174
0.112176
0.112177
0.112179
0.112181
0.112183
0.112185
0.112187
0.112189
0.112191
0.112192
0.112194
0.112196
0.112198
0.112200
0.112202
0.112204
0.112205
0.112207
0.112209
0.112211
0.112213
0.112215
0.112217
0.112218
0.112220
0.112222
0.112224
0.112226
0.112228
0.112229
0.112231
0.112233
0.112235
0.112237
0.112238
0.112240
0.112242
0.112244
0.112246
0.112247
0.112249
0.112251
0.112253
0.112255
0.112256
0.112258
0.112260
0.112262
0.112263
0.112265
0.112267
0.112268
0.112270
0.112272
0.112274
0.112275
0.112277
0.112279
0.112280
0.112282
0.112284
0.112285
0.112287
0.112289
0.112290
0.112292
0.112293
0.112295
0.112297
0.112298
0.112300
0.112301
0.112303
0.112304
0.112306
0.112308
0.112309
0.112311
0.112312
0.112314
0.112315
0.112317
0.112318
0.112319
0.112321
0.112322
0.112324
0.112325
0.112327
0.112328
0.112329
0.112331
0.112332
0.112333
0.112335
0.112336
0.112337
0.112339
0.112340
0.112341
0.112343
0.112344
0.112345
0.112346
0.112347
0.112349
0.112350
0.112351
0.112352
0.112353
0.112354
0.112356
0.112357
0.112358
0.112359
0.112360
0.112361
0.112362
0.112363
0.112364
0.112365
0.112366
0.112367
0.112368
0.112369
0.112370
0.112371
0.112372
0.112373
0.112373
0.112374
0.112375
0.112376
0.112377
0.112378
0.112378
0.112379
0.112380
0.112380
0.112381
0.112382
0.112383
0.112383
0.112384
0.112384
0.112385
0.112386
0.112386
0.112387
0.112387
0.112388
0.112388
0.112389
0.112389
0.112390
0.112390
0.112391
0.112391
0.112391
0.112392
0.112392
0.112392
0.112393
0.112393
0.112393
0.112394
0.112394
0.112394
0.112394
0.112394
0.112395
0.112395
0.112395
0.112395
0.112395
0.112395
0.112395
0.112395
0.112395
0.112395
0.112395
0.112395
0.112395
0.112395
0.112395
0.112395
0.112394
0.112394
0.112394
0.112394
0.112394
0.112393
0.112393
0.112393
0.112393
0.112392
0.112392
0.112391
0.112391
0.112391
0.112390
0.112390
0.112389
0.112389
0.112388
0.112388
0.112387
0.112386
0.112386
0.112385
0.112385
0.112384
0.112383
0.112382
0.112382
0.112381
0.112380
0.112379
0.112378
0.112378
0.112377
0.112376
0.112375
0.112374
0.112373
0.112372
0.112371
0.112370
0.112369
0.112368
0.112367
0.112365
0.112364
0.112363
0.112362
0.112361
0.112359
0.112358
0.112357
0.112356
0.112354
0.112353
0.112351
0.112350
0.112349
0.112347
0.112346
0.112344
0.112343
0.112341
0.112339
0.112338
0.112336
0.112335
0.112333
0.112331
0.112329
0.112328
0.112326
0.112324
0.112322
0.112320
0.112319
0.112317
0.112315
0.112313
0.112311
0.112309
0.112307
0.112305
0.112303
0.112300
0.112298
0.112296
0.112294
0.112292
0.112292
0.112290
0.112287
0.112285
0.112283
0.112280
0.112278
0.112276
0.112273
0.112271
0.112268
0.112266
0.112263
0.112261
0.112258
0.112256
0.112253
0.112250
0.112248
0.112245
0.112242
0.112240
0.112237
0.112234
0.112231
0.112228
0.112225
0.112222
0.112220
0.112217
0.112214
0.112211
0.112208
0.112204
0.112201
0.112198
0.112195
0.112192
0.112189
0.112186
0.112182
0.112179
0.112176
0.112172
0.112169
0.112166
0.112162
0.112159
0.112155
0.112152
0.112148
0.112145
0.112141
0.112138
0.112134
0.112130
0.112127
0.112123
0.112119
0.112115
0.112112
0.112108
0.112104
0.112100
0.112096
0.112092
0.112088
0.112084
0.112080
0.112076
0.112072
0.112068
0.112064
0.112060
0.112056
0.112051
0.112047
0.112043
0.112039
0.112034
0.112030
0.112026
0.112021
0.112017
0.112012
0.112008
0.112003
0.111999
0.111994
0.111990
0.111985
0.111980
0.111976
0.111971
0.111966
0.111962
0.111957
0.111952
0.111947
0.111942
0.111937
0.111932
0.111928
0.111923
0.111918
0.111913
0.111907
0.111902
0.111897
0.111892
0.111887
0.111882
0.111876
0.111871
0.111866
0.111861
0.111855
0.111850
0.111845
0.111839
0.111834
0.111828
0.111823
0.111817
0.111812
0.111806
0.111800
0.111795
0.111789
0.111783
0.111778
0.111772
0.111766
0.111760
0.111754
0.111748
0.111743
0.111737
0.111731
0.111725
0.111719
0.111713
0.111707
0.111700
0.111694
0.111688
0.111682
0.111676
0.111669
0.111663
0.111657
0.111651
0.111644
0.111638
0.111631
0.111625
0.111619
0.111612
0.111606
0.111599
0.111592
0.111586
0.111579
0.111572
0.111566
0.111559
0.111552
0.111546
0.111539
0.111532
0.111525
0.111518
0.111511
0.111504
0.111497
0.111490
0.111483
0.111476
0.111469
0.111462
0.111455
0.111448
0.111441
0.111433
0.111426
0.111419
0.111411
0.111404
0.111397
0.111389
0.111382
0.111374
0.111367
0.111359
0.111352
0.111344
0.111337
0.111329
0.111322
0.111314
0.111306
0.111298
0.111291
0.111283
0.111275
0.111267
0.111259
0.111251
0.111244
0.111236
0.111228
0.111220
0.111212
0.111204
0.111195
0.111187
0.111179
0.111171
0.111163
0.111155
0.111146
0.111138
0.111130
0.111121
0.111113
0.111105
0.111096
0.111088
0.111079
0.111071
0.111062
0.111054
0.111045
0.111037
0.111028
0.111019
0.111011
0.111002
0.110993
0.110984
0.110975
0.110967
0.110958
0.110949
0.110940
0.110931
0.110922
0.110913
0.110904
0.110895
0.110886
0.110877
0.110868
0.110859
0.110849
0.110840
0.110831
0.110822
0.110812
0.110803
0.110794
0.110784
0.110775
0.110765
0.110756
0.110747
0.110737
0.110727
0.110718
0.110708
0.110699
0.110689
0.110679
0.110670
0.110660
0.110650
0.110640
0.110631
0.110621
0.110611
0.110601
0.110591
0.110581
0.110571
0.110561
0.110551
0.110541
0.110531
0.110521
0.110511
0.110501
0.110491
0.110480
0.110470
0.110460
0.110450
0.110439
0.110429
0.110419
0.110408
0.110398
0.110387
0.110377
0.110367
0.110356
0.110346
0.110335
0.110324
0.110314
0.110303
0.110292
0.110282
0.110271
0.110260
0.110250
0.110239
0.110228
0.110217
0.110206
0.110195
0.110184
0.110173
0.110162
0.110151
0.110140
0.110129
0.110118
0.110107
0.110096
0.110085
0.110074
0.110063
0.110051
0.110040
0.110029
0.110017
0.110006
0.109995
0.109983
0.109972
0.109961
0.109949
0.109938
0.109926
0.109915
0.109903
0.109891
0.109880
0.109868
0.109857
0.109845
0.109833
0.109822
0.109810
0.109798
0.109786
0.109774
0.109763
0.109751
0.109739
0.109727
0.109715
0.109703
0.109691
0.109679
0.109667
0.109655
0.109643
0.109631
0.109618
0.109606
0.109594
0.109582
0.109570
0.109557
0.109545
0.109533
0.109520
0.109508
0.109496
0.109483
0.109471
0.109458
0.109446
0.109434
0.109421
0.109408
0.109396
0.109383
0.109371
0.109358
0.109345
0.109333
0.109320
0.109307
0.109294
0.109282
0.109269
0.109256
0.109243
0.109230
0.109217
0.109205
0.109192
0.109179
0.109166
0.109153
0.109140
0.109127
0.109114
0.109100
0.109087
0.109074
0.109061
0.109048
0.109035
0.109021
0.109008
0.108995
0.108982
0.108968
0.108955
0.108941
0.108928
0.108915
0.108901
0.108888
0.108874
0.108861
0.108847
0.108834
0.108820
0.108807
0.108793
0.108779
0.108766
0.108752
0.108738
0.108725
0.108711
0.108697
0.108683
0.108669
0.108656
0.108642
0.108628
0.108614
0.108600
0.108586
0.108572
0.108558
0.108544
0.108530
0.108516
0.108502
0.108488
0.108474
0.108460
0.108446
0.108431
0.108417
0.108403
0.108389
0.108375
0.108360
0.108346
0.108332
0.108317
0.108303
0.108289
0.108274
0.108260
0.108245
0.108231
0.108216
0.108202
0.108187
0.108173
0.108158
0.108144
0.108129
0.108115
0.108100
0.108085
0.108071
0.108056
0.108041
0.108026
0.108012
0.107997
0.107982
0.107967
0.107952
0.107937
0.107923
0.107908
0.107893
0.107878
0.107863
0.107848
0.107848
0.107833
0.107818
0.107803
0.107788
0.107773
0.107758
0.107743
0.107727
0.107712
0.107697
0.107682
0.107667
0.107651
0.107636
0.107621
0.107606
0.107590
0.107575
0.107560
0.107544
0.107529
0.107514
0.107498
0.107483
0.107467
0.107452
0.107436
0.107421
0.107405
0.107390
0.107374
0.107359
0.107343
0.107327
0.107312
0.107296
0.107280
0.107265
0.107249
0.107233
0.107218
0.107202
0.107186
0.107170
0.107154
0.107139
0.107123
0.107107
0.107091
0.107075
0.107059
0.107043
0.107027
0.107011
0.106995
0.106979
0.106963
0.106947
0.106931
0.106915
0.106899
0.106883
0.106867
0.106851
0.106834
0.106818
0.106802
0.106786
0.106770
0.106753
0.106737
0.106721
0.106705
0.106688
0.106672
0.106656
0.106639
0.106623
0.106606
0.106590
0.106574
0.106557
0.106541
0.106524
0.106508
0.106491
0.106475
0.106458
0.106442
0.106425
0.106408
0.106392
0.106375
0.106359
0.106342
0.106325
0.106309
0.106292
0.106275
0.106258
0.106242
0.106225
0.106208
0.106191
0.106175
0.106158
0.106141
0.106124
0.106107
0.106090
0.106073
0.106056
0.106040
0.106023
0.106006
0.105989
0.105972
0.105955
0.105938
0.105921
0.105904
0.105886
0.105869
0.105852
0.105835
0.105818
0.105801
0.105784
0.105767
0.105749
0.105732
0.105715
0.105698
0.105681
0.105663
0.105646
0.105629
0.105611
0.105594
0.105577
0.105560
0.105542
0.105525
0.105507
0.105490
0.105473
0.105455
0.105438
0.105420
0.105403
0.105385
0.105368
0.105350
0.105333
0.105315
0.105298
0.105280
0.105263
0.105245
0.105228
0.105210
0.105192
0.105175
0.105157
0.105139
0.105122
0.105104
0.105086
0.105069
0.105051
0.105033
0.105015
0.104998
0.104980
0.104962
0.104944
0.104927
0.104909
0.104891
0.104873
0.104856
0.104838
0.104820
0.104803
0.104796
0.104801
0.104796
0.104936
0.104963
0.104682
0.104203
0.103754
0.103510
0.103524
0.103754
0.104109
0.104492
0.104827
0.105068
0.105196
0.105215
0.105141
0.104996
0.104803
0.104584
0.104358
0.104139
0.103940
0.103767
0.103624
0.103513
0.103433
0.103381
0.103353
0.103347
0.103357
0.103380
0.103411
0.103450
0.103491
0.103535
0.103578
0.103621
0.103662
0.103701
0.103737
0.103770
0.103801
0.103829
0.103854
0.103875
0.103894
0.103910
0.103923
0.103932
0.103939
0.103943
0.103943
0.103940
0.103935
0.103927
0.103916
0.103902
0.103886
0.103867
0.103846
0.103823
0.103798
0.103772
0.103744
0.103714
0.103683
0.103651
0.103618
0.103584
0.103549
0.103514
0.103478
0.103441
0.103404
0.103367
0.103330
0.103293
0.103256
0.103218
0.103181
0.103144
0.103107
0.103071
0.103034
0.102998
0.102962
0.102927
0.102892
0.102857
0.102823
0.102789
0.102756
0.102723
0.102690
0.102658
0.102626
0.102595
0.102564
0.102534
0.102504
0.102475
0.102446
0.102417
0.102389
0.102361
0.102334
0.102307
0.102280
0.102254
0.102228
0.102203
0.102177
0.102153
0.102128
0.102104
0.102080
0.102057
0.102034
0.102011
0.101988
0.101966
0.101944
0.101922
0.101901
0.101880
0.101859
0.101838
0.101817
0.101797
0.101777
0.101757
0.101737
0.101718
0.101699
0.101680
0.101661
0.101642
0.101623
0.101605
0.101586
0.101568
0.101550
0.101532
0.101515
0.101497
0.101480
0.101462
0.101445
0.101428
0.101411
0.101394
0.101377
0.101360
0.101343
0.101327
0.101310
0.101294
0.101277
0.101261
0.101245
0.101229
0.101212
0.101196
0.101180
0.101164
0.101149
0.101133
0.101117
0.101101
0.101086
0.101070
0.101054
0.101039
0.101023
0.101008
0.100992
0.100977
0.100962
0.100946
0.100931
0.100916
0.100900
0.100885
0.100870
0.100855
0.100840
0.100825
0.100810
0.100794
0.100779
0.100764
0.100749
0.100734
0.100719
0.100704
0.100689
0.100675
0.100660
0.100645
0.100630
0.100615
0.100600
0.100585
0.100570
0.100555
0.100541
0.100526
0.100511
0.100496
0.100481
0.100467
0.100452
0.100437
0.100422
0.100407
0.100393
0.100378
0.100363
0.100348
0.100333
0.100319
0.100304
0.100289
0.100274
0.100259
0.100245
0.100230
0.100215
0.100200
0.100185
0.100171
0.100156
0.100141
0.100126
0.100111
0.100096
0.100082
0.100067
0.100052
0.100037
0.100022
0.100007
0.099992
0.099977
0.099962
0.099947
0.099932
0.099917
0.099902
0.099887
0.099872
0.099857
0.099842
0.099827
0.099812
0.099797
0.099782
0.099767
0.099752
0.099737
0.099721
0.099706
0.099691
0.099676
0.099661
0.099645
0.099630
0.099615
0.099600
0.099584
0.099569
0.099554
0.099538
0.099523
0.099507
0.099492
0.099477
0.099461
0.099446
0.099430
0.099415
0.099399
0.099384
0.099368
0.099352
0.099337
0.099321
0.099306
0.099290
0.099274
0.099259
0.099243
0.099227
0.099211
0.099196
0.099180
0.099164
0.099148
0.099132
0.099116
0.099100
0.099085
0.099069
0.099053
0.099037
0.099021
0.099005
0.098989
0.098973
0.098957
0.098940
0.098924
0.098908
0.098908
0.098892
0.098876
0.098860
0.098843
0.098827
0.098811
0.098795
0.098778
0.098762
0.098746
0.098729
0.098713
0.098697
0.098680
0.098664
0.098647
0.098631
0.098615
0.098598
0.098582
0.098565
0.098548
0.098532
0.098515
0.098499
0.098482
0.098465
0.098449
0.098432
0.098415
0.098399
0.098382
0.098365
0.098348
0.098332
0.098315
0.098298
0.098281
0.098264
0.098248
0.098231
0.098214
0.098197
0.098180
0.098163
0.098146
0.098129
0.098112
0.098095
0.098078
0.098061
0.098044
0.098027
0.098010
0.097993
0.097976
0.097959
0.097942
0.097925
0.097907
0.097890
0.097873
0.097856
0.097839
0.097821
0.097804
0.097787
0.097770
0.097752
0.097735
0.097718
0.097701
0.097683
0.097666
0.097649
0.097631
0.097614
0.097597
0.097579
0.097562
0.097544
0.097527
0.097510
0.097492
0.097475
0.097457
0.097440
0.097422
0.097405
0.097388
0.097370
0.097353
0.097335
0.097318
0.097300
0.097282
0.097265
0.097247
0.097230
0.097212
0.097195
0.097177
0.097160
0.097142
0.097124
0.097107
0.097089
0.097072
0.097054
0.097036
0.097019
0.097001
0.096984
0.096966
0.096948
0.096931
0.096913
0.096895
0.096878
0.096860
0.096842
0.096825
0.096807
0.096789
0.096772
0.096754
0.096736
0.096719
0.096701
0.096683
0.096666
0.096648
0.096630
0.096612
0.096595
0.096577
0.096559
0.096542
0.096524
0.096506
0.096489
0.096471
0.096453
0.096435
0.096418
0.096400
0.096382
0.096365
0.096347
0.096329
0.096312
0.096294
0.096276
0.096259
0.096241
0.096223
0.096205
0.096188
0.096170
0.096152
0.096135
0.096117
0.096099
0.096082
0.096064
0.096046
0.096029
0.096011
0.095993
0.095976
0.095958
0.095940
0.095923
0.095905
0.095888
0.095870
0.095852
0.095835
0.095817
0.095799
0.095782
0.095764
0.095747
0.095729
0.095712
0.095694
0.095676
0.095659
0.095641
0.095624
0.095606
0.095589
0.095571
0.095554
0.095536
0.095519
0.095501
0.095484
0.095466
0.095449
0.095431
0.095414
0.095396
0.095379
0.095362
0.095344
0.095327
0.095309
0.095292
0.095275
0.095257
0.095240
0.095222
0.095205
0.095188
0.095170
0.095153
0.095136
0.095119
0.095101
0.095084
0.095067
0.095049
0.095032
0.095015
0.094998
0.094981
0.094963
0.094946
0.094929
0.094912
0.094895
0.094878
0.094860
0.094843
0.094826
0.094809
0.094792
0.094775
0.094758
0.094741
0.094724
0.094707
0.094690
0.094673
0.094656
0.094639
0.094622
0.094605
0.094588
0.094571
0.094554
0.094537
0.094520
0.094504
0.094487
0.094470
0.094453
0.094436
0.094419
0.094403
0.094386
0.094369
0.094352
0.094336
0.094319
0.094302
0.094286
0.094269
0.094252
0.094236
0.094219
0.094203
0.094186
0.094169
0.094153
0.094136
0.094120
0.094103
0.094087
0.094070
0.094054
0.094037
0.094021
0.094005
0.093988
0.093972
0.093956
0.093939
0.093923
0.093907
0.093890
0.093874
0.093858
0.093842
0.093825
0.093809
0.093793
0.093777
0.093761
0.093744
0.093728
0.093712
0.093696
0.093680
0.093664
0.093648
0.093632
0.093616
0.093600
0.093584
0.093568
0.093552
0.093536
0.093520
0.093505
0.093489
0.093473
0.093457
0.093441
0.093426
0.093410
0.093394
0.093378
0.093363
0.093347
0.093331
0.093316
0.093300
0.093284
0.093269
0.093253
0.093238
0.093222
0.093207
0.093191
0.093176
0.093160
0.093145
0.093129
0.093114
0.093099
0.093083
0.093068
0.093053
0.093037
0.093022
0.093007
0.092991
0.092976
0.092961
0.092946
0.092931
0.092916
0.092900
0.092885
0.092870
0.092855
0.092840
0.092825
0.092810
0.092795
0.092780
0.092765
0.092750
0.092735
0.092721
0.092706
0.092691
0.092676
0.092661
0.092646
0.092632
0.092617
0.092602
0.092588
0.092573
0.092558
0.092544
0.092529
0.092514
0.092500
0.092485
0.092471
0.092456
0.092442
0.092427
0.092413
0.092398
0.092384
0.092370
0.092355
0.092341
0.092327
0.092312
0.092298
0.092284
0.092269
0.092255
0.092241
0.092227
0.092213
0.092199
0.092184
0.092170
0.092156
0.092142
0.092128
0.092114
0.092100
0.092086
0.092072
0.092058
0.092044
0.092031
0.092017
0.092003
0.091989
0.091975
0.091961
0.091948
0.091934
0.091920
0.091907
0.091893
0.091879
0.091866
0.091852
0.091838
0.091825
0.091811
0.091798
0.091784
0.091771
0.091757
0.091744
0.091730
0.091717
0.091704
0.091690
0.091677
0.091664
0.091650
0.091637
0.091624
0.091611
0.091597
0.091584
0.091571
0.091558
0.091545
0.091532
0.091519
0.091505
0.091492
0.091479
0.091466
0.091453
0.091440
0.091428
0.091415
0.091402
0.091389
0.091376
0.091363
0.091350
0.091338
0.091325
0.091312
0.091299
0.091287
0.091274
0.091261
0.091249
0.091236
0.091223
0.091211
0.091198
0.091186
0.091173
0.091161
0.091148
0.091136
0.091123
0.091111
0.091099
0.091086
0.091074
0.091061
0.091049
0.091037
0.091025
0.091012
0.091000
0.090988
0.090976
0.090964
0.090951
0.090939
0.090939
0.090927
0.090915
0.090903
0.090891
0.090879
0.090867
0.090855
0.090843
0.090831
0.090819
0.090807
0.090795
0.090784
0.090772
0.090760
0.090748
0.090736
0.090725
0.090713
0.090701
0.090690
0.090678
0.090666
0.090655
0.090643
0.090631
0.090620
0.090608
0.090597
0.090585
0.090574
0.090562
0.090551
0.090539
0.090528
0.090517
0.090505
0.090494
0.090482
0.090471
0.090460
0.090449
0.090437
0.090426
0.090415
0.090404
0.090393
0.090381
0.090370
0.090359
0.090348
0.090337
0.090326
0.090315
0.090304
0.090293
0.090282
0.090271
0.090260
0.090249
0.090238
0.090227
0.090216
0.090206
0.090195
0.090184
0.090173
0.090162
0.090152
0.090141
0.090130
0.090120
0.090109
0.090098
0.090088
0.090077
0.090067
0.090056
0.090045
0.090035
0.090024
0.090014
0.090003
0.089993
0.089982
0.089972
0.089962
0.089951
0.089941
0.089931
0.089920
0.089910
0.089900
0.089889
0.089879
0.089869
0.089859
0.089849
0.089838
0.089828
0.089818
0.089808
0.089798
0.089788
0.089778
0.089768
0.089758
0.089748
0.089738
0.089728
0.089718
0.089708
0.089698
0.089688
0.089678
0.089668
0.089658
0.089649
0.089639
0.089629
0.089619
0.089609
0.089600
0.089590
0.089580
0.089571
0.089561
0.089551
0.089542
0.089532
0.089522
0.089513
0.089503
0.089494
0.089484
0.089475
0.089465
0.089456
0.089446
0.089437
0.089428
0.089418
0.089409
0.089399
0.089390
0.089381
0.089371
0.089362
0.089353
0.089344
0.089334
0.089325
0.089316
0.089307
0.089298
0.089288
0.089279
0.089270
0.089261
0.089252
0.089243
0.089234
0.089225
0.089216
0.089207
0.089198
0.089189
0.089180
0.089171
0.089162
0.089153
0.089144
0.089135
0.089127
0.089118
0.089109
0.089100
0.089091
0.089083
0.089074
0.089065
0.089056
0.089048
0.089039
0.089030
0.089022
0.089013
0.089004
0.088996
0.088987
0.088979
0.088970
0.088962
0.088953
0.088945
0.088936
0.088928
0.088919
0.088911
0.088902
0.088894
0.088886
0.088877
0.088869
0.088861
0.088852
0.088844
0.088836
0.088827
0.088819
0.088811
0.088803
0.088794
0.088786
0.088778
0.088770
0.088762
0.088754
0.088745
0.088737
0.088729
0.088721
0.088713
0.088705
0.088697
0.088689
0.088681
0.088673
0.088665
0.088657
0.088649
0.088641
0.088633
0.088626
0.088618
0.088610
0.088602
0.088594
0.088586
0.088579
0.088571
0.088563
0.088555
0.088548
0.088540
0.088532
0.088525
0.088517
0.088509
0.088502
0.088494
0.088486
0.088479
0.088471
0.088464
0.088456
0.088449
0.088441
0.088434
0.088426
0.088419
0.088411
0.088404
0.088396
0.088389
0.088381
0.088374
0.088367
0.088359
0.088352
0.088345
0.088337
0.088330
0.088323
0.088316
0.088308
0.088301
0.088294
0.088287
0.088279
0.088272
0.088265
0.088258
0.088251
0.088244
0.088237
0.088229
0.088222
0.088215
0.088208
0.088201
0.088194
0.088187
0.088180
0.088173
0.088166
0.088159
0.088152
0.088146
0.088139
0.088132
0.088125
0.088118
0.088111
0.088104
0.088097
0.088091
0.088084
0.088077
0.088070
0.088064
0.088057
0.088050
0.088043
0.088037
0.088030
0.088023
0.088017
0.088010
0.088004
0.087997
0.087990
0.087984
0.087977
0.087971
0.087964
0.087958
0.087951
0.087945
0.087938
0.087932
0.087925
0.087919
0.087912
0.087906
0.087899
0.087893
0.087887
0.087880
0.087874
0.087868
0.087861
0.087855
0.087849
0.087842
0.087836
0.087830
0.087824
0.087817
0.087811
0.087805
0.087799
0.087793
0.087787
0.087780
0.087774
0.087768
0.087762
0.087756
0.087750
0.087744
0.087738
0.087732
0.087726
0.087720
0.087714
0.087708
0.087702
0.087696
0.087690
0.087684
0.087678
0.087672
0.087666
0.087660
0.087654
0.087649
0.087643
0.087637
0.087631
0.087625
0.087620
0.087614
0.087608
0.087602
0.087596
0.087591
0.087585
0.087579
0.087574
0.087568
0.087562
0.087557
0.087551
0.087545
0.087540
0.087534
0.087529
0.087523
0.087518
0.087512
0.087506
0.087501
0.087495
0.087490
0.087484
0.087479
0.087474
0.087468
0.087463
0.087457
0.087452
0.087446
0.087441
0.087436
0.087430
0.087425
0.087420
0.087414
0.087409
0.087404
0.087399
0.087393
0.087388
0.087383
0.087378
0.087372
0.087367
0.087362
0.087357
0.087352
0.087346
0.087341
0.087336
0.087331
0.087326
0.087321
0.087316
0.087311
0.087306
0.087301
0.087296
0.087291
0.087286
0.087281
0.087276
0.087271
0.087266
0.087261
0.087256
0.087251
0.087246
0.087241
0.087236
0.087231
0.087226
0.087222
0.087217
0.087212
0.087207
0.087202
0.087198
0.087193
0.087188
0.087183
0.087179
0.087174
0.087169
0.087164
0.087160
0.087155
0.087150
0.087146
0.087141
0.087136
0.087132
0.087127
0.087123
0.087118
0.087114
0.087109
0.087104
0.087100
0.087095
0.087091
0.087086
0.087082
0.087077
0.087073
0.087068
0.087064
0.087060
0.087055
0.087051
0.087046
0.087042
0.087038
0.087033
0.087029
0.087029
0.087025
0.087020
0.087016
0.087012
0.087007
0.087003
0.086999
0.086995
0.086990
0.086986
0.086982
0.086978
0.086974
0.086969
0.086965
0.086961
0.086957
0.086953
0.086949
0.086944
0.086940
0.086936
0.086932
0.086928
0.086924
0.086920
0.086916
0.086912
0.086908
0.086904
0.086900
0.086896
0.086892
0.086888
0.086884
0.086880
0.086876
0.086872
0.086869
0.086865
0.086861
0.086857
0.086853
0.086849
0.086845
0.086842
0.086838
0.086834
0.086830
0.086826
0.086823
0.086819
0.086815
0.086811
0.086808
0.086804
0.086800
0.086797
0.086793
0.086789
0.086786
0.086782
0.086778
0.086775
0.086771
0.086768
0.086764
0.086760
0.086757
0.086753
0.086750
0.086746
0.086743
0.086739
0.086736
0.086732
0.086729
0.086725
0.086722
0.086718
0.086715
0.086712
0.086708
0.086705
0.086701
0.086698
0.086695
0.086691
0.086688
0.086685
0.086681
0.086678
0.086675
0.086671
0.086668
0.086665
0.086662
0.086658
0.086655
0.086652
0.086649
0.086645
0.086642
0.086639
0.086636
0.086633
0.086630
0.086627
0.086623
0.086620
0.086617
0.086614
0.086611
0.086608
0.086605
0.086602
0.086599
0.086596
0.086593
0.086590
0.086587
0.086584
0.086581
0.086578
0.086575
0.086572
0.086569
0.086566
0.086563
0.086560
0.086557
0.086554
0.086551
0.086549
0.086546
0.086543
0.086540
0.086537
0.086534
0.086532
0.086529
0.086526
0.086523
0.086521
0.086518
0.086515
0.086512
0.086510
0.086507
0.086504
0.086501
0.086499
0.086496
0.086493
0.086491
0.086488
0.086486
0.086483
0.086480
0.086478
0.086475
0.086473
0.086470
0.086467
0.086465
0.086462
0.086460
0.086457
0.086455
0.086452
0.086450
0.086447
0.086445
0.086442
0.086440
0.086437
0.086435
0.086433
0.086430
0.086428
0.086425
0.086423
0.086421
0.086418
0.086416
0.086414
0.086411
0.086409
0.086407
0.086404
0.086402
0.086400
0.086397
0.086395
0.086393
0.086391
0.086388
0.086386
0.086384
0.086382
0.086380
0.086377
0.086375
0.086373
0.086371
0.086369
0.086367
0.086365
0.086362
0.086360
0.086358
0.086356
0.086354
0.086352
0.086350
0.086348
0.086346
0.086344
0.086342
0.086340
0.086338
0.086336
0.086334
0.086332
0.086330
0.086328
0.086326
0.086324
0.086322
0.086320
0.086318
0.086316
0.086314
0.086313
0.086311
0.086309
0.086307
0.086305
0.086303
0.086301
0.086300
0.086298
0.086296
0.086294
0.086292
0.086291
0.086289
0.086287
0.086285
0.086284
0.086282
0.086280
0.086278
0.086277
0.086275
0.086273
0.086272
0.086270
0.086268
0.086267
0.086265
0.086264
0.086262
0.086260
0.086259
0.086257
0.086256
0.086254
0.086252
0.086251
0.086249
0.086248
0.086246
0.086245
0.086243
0.086242
0.086240
0.086239
0.086237
0.086236
0.086234
0.086233
0.086231
0.086230
0.086229
0.086227
0.086226
0.086224
0.086223
0.086222
0.086220
0.086219
0.086217
0.086216
0.086215
0.086213
0.086212
0.086211
0.086209
0.086208
0.086207
0.086206
0.086204
0.086203
0.086202
0.086201
0.086199
0.086198
0.086197
0.086196
0.086194
0.086193
0.086192
0.086191
0.086190
0.086189
0.086187
0.086186
0.086185
0.086184
0.086183
0.086182
0.086181
0.086180
0.086178
0.086177
0.086176
0.086175
0.086174
0.086173
0.086172
0.086171
0.086170
0.086169
0.086168
0.086167
0.086166
0.086165
0.086164
0.086163
0.086162
0.086161
0.086160
0.086159
0.086158
0.086158
0.086157
0.086156
0.086155
0.086154
0.086153
0.086152
0.086151
0.086150
0.086150
0.086149
0.086148
0.086147
0.086146
0.086145
0.086145
0.086144
0.086143
0.086142
0.086142
0.086141
0.086140
0.086139
0.086139
0.086138
0.086137
0.086136
0.086136
0.086135
0.086134
0.086134
0.086133
0.086132
0.086132
0.086131
0.086130
0.086130
0.086129
0.086128
0.086128
0.086127
0.086127
0.086126
0.086125
0.086125
0.086124
0.086124
0.086123
0.086123
0.086122
0.086121
0.086121
0.086120
0.086120
0.086119
0.086119
0.086118
0.086118
0.086117
0.086117
0.086117
0.086116
0.086116
0.086115
0.086115
0.086114
0.086114
0.086113
0.086113
0.086113
0.086112
0.086112
0.086112
0.086111
0.086111
0.086110
0.086110
0.086110
0.086109
0.086109
0.086109
0.086108
0.086108
0.086108
0.086108
0.086107
0.086107
0.086107
0.086106
0.086106
0.086106
0.086106
0.086105
0.086105
0.086105
0.086105
0.086105
0.086104
0.086104
0.086104
0.086104
0.086104
0.086103
0.086103
0.086103
0.086103
0.086103
0.086103
0.086102
0.086102
0.086102
0.086102
0.086102
0.086102
0.086102
0.086102
0.086102
0.086102
0.086102
0.086101
0.086101
0.086101
0.086101
0.086101
0.086101
0.086101
0.086101
0.086101
0.086101
0.086101
0.086101
0.086101
0.086101
0.086101
0.086101
0.086101
0.086101
0.086101
0.086102
0.086102
0.086102
0.086102
0.086102
0.086102
0.086102
0.086102
0.086102
0.086102
0.086102
0.086103
0.086103
0.086103
0.086103
0.086103
0.086103
0.086103
0.086103
0.086104
0.086104
0.086104
0.086104
0.086104
0.086105
0.086105
0.086105
0.086105
0.086105
0.086106
0.086106
0.086106
0.086106
0.086107
0.086107
0.086107
0.086107
0.086108
0.086108
0.086108
0.086109
0.086109
0.086109
0.086109
0.086110
0.086110
0.086110
0.086111
0.086111
0.086111
0.086112
0.086112
0.086112
0.086113
0.086113
0.086114
0.086114
0.086114
0.086115
0.086115
0.086116
0.086116
0.086116
0.086117
0.086117
0.086118
0.086118
0.086119
0.086119
0.086119
0.086120
0.086120
0.086121
0.086121
0.086122
0.086122
0.086123
0.086123
0.086124
0.086124
0.086125
0.086125
0.086126
0.086126
0.086127
0.086127
0.086128
0.086129
0.086129
0.086130
0.086130
0.086131
0.086131
0.086132
0.086132
0.086133
0.086134
0.086134
0.086135
0.086135
0.086136
0.086137
0.086137
0.086138
0.086139
0.086139
0.086140
0.086141
0.086141
0.086142
0.086142
0.086143
0.086144
0.086144
0.086145
0.086146
0.086147
0.086147
0.086148
0.086149
0.086149
0.086150
0.086151
0.086152
0.086152
0.086153
0.086154
0.086154
0.086155
0.086156
0.086157
0.086157
0.086158
0.086159
0.086160
0.086161
0.086161
0.086162
0.086163
0.086164
0.086165
0.086165
0.086166
0.086167
0.086168
0.086169
0.086169
0.086170
0.086171
0.086172
0.086173
0.086174
0.086175
0.086175
0.086176
0.086177
0.086178
0.086179
0.086180
0.086181
0.086182
0.086182
0.086183
0.086184
0.086185
0.086186
0.086187
0.086188
0.086189
0.086190
0.086191
0.086192
0.086193
0.086193
0.086194
0.086195
0.086196
0.086197
0.086198
0.086199
0.086200
0.086201
0.086202
0.086203
0.086204
0.086205
0.086206
0.086207
0.086208
0.086209
0.086210
0.086211
0.086212
0.086213
0.086214
0.086215
0.086216
0.086217
0.086218
0.086219
0.086220
0.086221
0.086223
0.086224
0.086225
0.086226
0.086227
0.086228
0.086229
0.086230
0.086231
0.086232
0.086233
0.086234
0.086236
0.086237
0.086238
0.086239
0.086240
0.086241
0.086242
0.086243
0.086244
0.086246
0.086247
0.086248
0.086249
0.086250
0.086251
0.086252
0.086254
0.086255
0.086256
0.086257
0.086258
0.086259
0.086261
0.086262
0.086263
0.086264
0.086265
0.086267
0.086268
0.086269
0.086270
0.086271
0.086273
0.086274
0.086275
0.086276
0.086278
0.086279
0.086280
0.086281
0.086282
0.086284
0.086285
0.086286
0.086287
0.086289
0.086290
0.086291
0.086292
0.086294
0.086295
0.086296
0.086298
0.086299
0.086300
0.086301
0.086303
0.086304
0.086305
0.086307
0.086308
0.086309
0.086310
0.086312
0.086313
0.086314
0.086316
0.086317
0.086318
0.086320
0.086321
0.086322
0.086324
0.086325
0.086326
0.086328
0.086329
0.086330
0.086332
0.086333
0.086334
0.086336
0.086337
0.086339
0.086340
0.086341
0.086343
0.086344
0.086345
0.086347
0.086348
0.086350
0.086351
0.086352
0.086354
0.086355
0.086356
0.086358
0.086359
0.086361
0.086362
0.086363
0.086365
0.086366
0.086368
0.086369
0.086371
0.086372
0.086373
0.086375
0.086376
0.086378
0.086379
0.086381
0.086382
0.086384
0.086385
0.086386
0.086388
0.086389
0.086391
0.086392
0.086394
0.086395
0.086397
0.086398
0.086400
0.086401
0.086402
0.086404
0.086405
0.086407
0.086408
0.086410
0.086411
0.086413
0.086414
0.086416
0.086417
0.086419
0.086420
0.086422
0.086423
0.086425
0.086426
0.086428
0.086429
0.086431
0.086432
0.086434
0.086435
0.086437
0.086439
0.086440
0.086442
0.086443
0.086445
0.086446
0.086448
0.086449
0.086451
0.086452
0.086454
0.086455
0.086457
0.086459
0.086460
0.086462
0.086463
0.086465
0.086466
0.086468
0.086469
0.086471
0.086473
0.086474
0.086476
0.086477
0.086479
0.086480
0.086482
0.086484
0.086485
0.086487
0.086488
0.086490
0.086492
0.086493
0.086495
0.086496
0.086498
0.086500
0.086501
0.086503
0.086504
0.086506
0.086508
0.086509
0.086511
0.086512
0.086514
0.086516
0.086517
0.086519
0.086520
0.086522
0.086524
0.086525
0.086527
0.086529
0.086530
0.086532
0.086533
0.086535
0.086537
0.086538
0.086540
0.086542
0.086543
0.086545
0.086546
0.086548
0.086550
0.086551
0.086553
0.086555
0.086556
0.086558
0.086560
0.086561
0.086563
0.086565
0.086566
0.086568
0.086570
0.086571
0.086573
0.086575
0.086576
0.086578
0.086580
0.086581
0.086583
0.086585
0.086586
0.086588
0.086590
0.086591
0.086593
0.086595
0.086596
0.086598
0.086600
0.086601
0.086603
0.086605
0.086606
0.086608
0.086610
0.086611
0.086613
0.086615
0.086617
0.086618
0.086620
0.086622
0.086623
0.086625
0.086627
0.086628
0.086630
0.086632
0.086634
0.086635
0.086637
0.086639
0.086640
0.086642
0.086644
0.086645
0.086647
0.086649
0.086651
0.086652
0.086654
0.086656
0.086657
0.086659
0.086661
0.086663
0.086664
0.086666
0.086668
0.086669
0.086671
0.086673
0.086675
0.086676
0.086678
0.086680
0.086681
0.086683
0.086683
0.086685
0.086687
0.086688
0.086690
0.086692
0.086694
0.086695
0.086697
0.086699
0.086701
0.086702
0.086704
0.086706
0.086707
0.086709
0.086711
0.086713
0.086714
0.086716
0.086718
0.086720
0.086721
0.086723
0.086725
0.086727
0.086728
0.086730
0.086732
0.086734
0.086735
0.086737
0.086739
0.086741
0.086742
0.086744
0.086746
0.086748
0.086749
0.086751
0.086753
0.086755
0.086756
0.086758
0.086760
0.086762
0.086763
0.086765
0.086767
0.086769
0.086770
0.086772
0.086774
0.086776
0.086777
0.086779
0.086781
0.086783
0.086784
0.086786
0.086788
0.086790
0.086791
0.086793
0.086795
0.086797
0.086798
0.086800
0.086802
0.086804
0.086805
0.086807
0.086809
0.086811
0.086812
0.086814
0.086816
0.086818
0.086820
0.086821
0.086823
0.086825
0.086827
0.086828
0.086830
0.086832
0.086834
0.086835
0.086837
0.086839
0.086841
0.086842
0.086844
0.086846
0.086848
0.086850
0.086851
0.086853
0.086855
0.086857
0.086858
0.086860
0.086862
0.086864
0.086865
0.086867
0.086869
0.086871
0.086873
0.086874
0.086876
0.086878
0.086880
0.086881
0.086883
0.086885
0.086887
0.086888
0.086890
0.086892
0.086894
0.086895
0.086897
0.086899
0.086901
0.086903
0.086904
0.086906
0.086908
0.086910
0.086911
0.086913
0.086915
0.086917
0.086918
0.086920
0.086922
0.086924
0.086926
0.086927
0.086929
0.086931
0.086933
0.086934
0.086936
0.086938
0.086940
0.086941
0.086943
0.086945
0.086947
0.086949
0.086950
0.086952
0.086954
0.086956
0.086957
0.086959
0.086961
0.086963
0.086964
0.086966
0.086968
0.086970
0.086971
0.086973
0.086975
0.086977
0.086979
0.086980
0.086982
0.086984
0.086986
0.086987
0.086989
0.086991
0.086993
0.086994
0.086996
0.086998
0.087000
0.087001
0.087003
0.087005
0.087007
0.087009
0.087010
0.087012
0.087014
0.087016
0.087017
0.087019
0.087021
0.087023
0.087024
0.087026
0.087028
0.087030
0.087031
0.087033
0.087035
0.087037
0.087038
0.087040
0.087042
0.087044
0.087045
0.087047
0.087049
0.087051
0.087053
0.087054
0.087056
0.087058
0.087060
0.087061
0.087063
0.087065
0.087067
0.087068
0.087070
0.087072
0.087074
0.087075
0.087077
0.087079
0.087081
0.087082
0.087084
0.087086
0.087088
0.087089
0.087091
0.087093
0.087095
0.087096
0.087098
0.087100
0.087102
0.087103
0.087105
0.087107
0.087109
0.087110
0.087112
0.087114
0.087116
0.087117
0.087119
0.087121
0.087123
0.087124
0.087126
0.087128
0.087130
0.087131
0.087133
0.087135
0.087137
0.087138
0.087140
0.087142
0.087144
0.087145
0.087147
0.087149
0.087151
0.087152
0.087154
0.087156
0.087157
0.087159
0.087161
0.087163
0.087164
0.087166
0.087168
0.087170
0.087171
0.087173
0.087175
0.087177
0.087178
0.087180
0.087182
0.087184
0.087185
0.087187
0.087189
0.087191
0.087192
0.087194
0.087196
0.087198
0.087199
0.087201
0.087203
0.087204
0.087206
0.087208
0.087210
0.087211
0.087213
0.087215
0.087217
0.087218
0.087220
0.087222
0.087224
0.087225
0.087227
0.087229
0.087231
0.087232
0.087234
0.087236
0.087237
0.087239
0.087241
0.087243
0.087244
0.087246
0.087248
0.087250
0.087251
0.087253
0.087255
0.087257
0.087258
0.087260
0.087262
0.087263
0.087265
0.087267
0.087269
0.087270
0.087272
0.087274
0.087276
0.087277
0.087279
0.087281
0.087283
0.087284
0.087286
0.087288
0.087289
0.087291
0.087293
0.087295
0.087296
0.087298
0.087300
0.087302
0.087303
0.087305
0.087307
0.087309
0.087310
0.087312
0.087314
0.087316
0.087317
0.087319
0.087321
0.087322
0.087324
0.087326
0.087328
0.087329
0.087331
0.087333
0.087335
0.087336
0.087338
0.087340
0.087342
0.087343
0.087345
0.087347
0.087349
0.087350
0.087352
0.087354
0.087355
0.087357
0.087359
0.087361
0.087362
0.087364
0.087366
0.087368
0.087369
0.087371
0.087373
0.087375
0.087376
0.087378
0.087380
0.087382
0.087383
0.087385
0.087387
0.087389
0.087390
0.087392
0.087394
0.087396
0.087397
0.087399
0.087401
0.087403
0.087404
0.087406
0.087408
0.087410
0.087411
0.087413
0.087415
0.087417
0.087418
0.087420
0.087422
0.087424
0.087425
0.087427
0.087429
0.087431
0.087432
0.087434
0.087436
0.087438
0.087439
0.087441
0.087443
0.087445
0.087446
0.087448
0.087450
0.087452
0.087453
0.087455
0.087457
0.087459
0.087460
0.087462
0.087464
0.087466
0.087467
0.087469
0.087471
0.087473
0.087474
0.087476
0.087478
0.087480
0.087481
0.087483
0.087485
0.087487
0.087488
0.087490
0.087492
0.087494
0.087495
0.087497
0.087499
0.087501
0.087502
0.087504
0.087506
0.087508
0.087509
0.087511
0.087513
0.087515
0.087516
0.087518
0.087520
0.087522
0.087523
0.087525
0.087527
0.087529
0.087531
0.087532
0.087535
0.087534
0.087541
0.087532
0.087554
0.087518
0.087595
0.087453
0.087750
0.087256
0.088115
0.087127
0.087800
0.087023
0.087023
0.087508
0.087108
0.087684
0.087485
0.087975
0.087739
0.088042
0.087710
0.087877
0.087501
0.087629
0.087274
0.087433
0.087132
0.087347
0.087101
0.087368
0.087158
0.087456
0.087263
0.087570
0.087377
0.087679
0.087478
0.087764
0.087553
0.087820
0.087600
0.087847
0.087621
0.087852
0.087623
0.087838
0.087610
0.087812
0.087586
0.087778
0.087556
0.087740
0.087523
0.087701
0.087489
0.087662
0.087456
0.087626
0.087426
0.087593
0.087398
0.087564
0.087374
0.087539
0.087354
0.087518
0.087337
0.087501
0.087323
0.087486
0.087312
0.087475
0.087303
0.087467
0.087297
0.087461
0.087293
0.087457
0.087291
0.087454
0.087290
0.087454
0.087291
0.087454
0.087293
0.087456
0.087296
0.087458
0.087299
0.087462
0.087304
0.087465
0.087309
0.087470
0.087314
0.087474
0.087320
0.087479
0.087326
0.087484
0.087332
0.087490
0.087339
0.087495
0.087345
0.087500
0.087351
0.087506
0.087358
0.087511
0.087364
0.087516
0.087370
0.087521
0.087376
0.087526
0.087382
0.087531
0.087388
0.087535
0.087394
0.087540
0.087399
0.087544
0.087404
0.087548
0.087409
0.087552
0.087413
0.087556
0.087418
0.087559
0.087422
0.087563
0.087426
0.087566
0.087430
0.087569
0.087433
0.087571
0.087437
0.087574
0.087440
0.087577
0.087443
0.087579
0.087446
0.087581
0.087449
0.087583
0.087451
0.087585
0.087454
0.087587
0.087456
0.087589
0.087459
0.087591
0.087461
0.087592
0.087463
0.087594
0.087465
0.087595
0.087468
0.087597
0.087470
0.087598
0.087471
0.087599
0.087473
0.087600
0.087475
0.087601
0.087477
0.087602
0.087479
0.087603
0.087480
0.087604
0.087482
0.087605
0.087483
0.087606
0.087485
0.087606
0.087486
0.087607
0.087487
0.087607
0.087489
0.087608
0.087490
0.087608
0.087491
0.087609
0.087492
0.087609
0.087493
0.087610
0.087494
0.087610
0.087495
0.087610
0.087496
0.087610
0.087497
0.087610
0.087498
0.087611
0.087499
0.087611
0.087500
0.087611
0.087500
0.087611
0.087501
0.087611
0.087502
0.087611
0.087502
0.087611
0.087503
0.087611
0.087504
0.087611
0.087504
0.087611
0.087505
0.087610
0.087505
0.087610
0.087506
0.087610
0.087506
0.087610
0.087507
0.087610
0.087507
0.087610
0.087508
0.087609
0.087508
0.087609
0.087508
0.087609
0.087509
0.087609
0.087509
0.087608
0.087510
0.087608
0.087510
0.087608
0.087510
0.087607
0.087511
0.087607
0.087511
0.087607
0.087511
0.087606
0.087512
0.087606
0.087512
0.087606
0.087512
0.087605
0.087512
0.087605
0.087513
0.087605
0.087513
0.087604
0.087513
0.087604
0.087513
0.087603
0.087514
0.087603
0.087514
0.087602
0.087514
0.087602
0.087514
0.087602
0.087515
0.087601
0.087515
0.087601
0.087515
0.087600
0.087515
0.087600
0.087515
0.087599
0.087516
0.087599
0.087516
0.087598
0.087516
0.087598
0.087516
0.087597
0.087516
0.087597
0.087516
0.087596
0.087516
0.087596
0.087517
0.087595
0.087517
0.087594
0.087517
0.087594
0.087517
0.087593
0.087517
0.087593
0.087517
0.087592
0.087517
0.087592
0.087517
0.087591
0.087517
0.087591
0.087517
0.087590
0.087518
0.087589
0.087518
0.087589
0.087518
0.087588
0.087518
0.087588
0.087518
0.087587
0.087518
0.087586
0.087518
0.087586
0.087518
0.087585
0.087518
0.087585
0.087518
0.087584
0.087518
0.087583
0.087518
0.087583
0.087518
0.087582
0.087518
0.087582
0.087518
0.087581
0.087518
0.087580
0.087518
0.087580
0.087518
0.087579
0.087518
0.087578
0.087518
0.087578
0.087518
0.087577
0.087518
0.087576
0.087518
0.087576
0.087518
0.087575
0.087518
0.087574
0.087518
0.087574
0.087518
0.087573
0.087518
0.087572
0.087518
0.087572
0.087518
0.087571
0.087518
0.087570
0.087518
0.087570
0.087518
0.087569
0.087518
0.087568
0.087518
0.087568
0.087518
0.087567
0.087518
0.087566
0.087518
0.087565
0.087518
0.087565
0.087517
0.087564
0.087517
0.087563
0.087517
0.087563
0.087517
0.087562
0.087517
0.087561
0.087517
0.087560
0.087517
0.087560
0.087517
0.087559
0.087517
0.087558
0.087517
0.087557
0.087516
0.087557
0.087516
0.087556
0.087516
0.087555
0.087516
0.087554
0.087516
0.087553
0.087516
0.087553
0.087516
0.087552
0.087515
0.087551
0.087515
0.087550
0.087515
0.087549
0.087515
0.087549
0.087515
0.087548
0.087514
0.087547
0.087514
0.087546
0.087514
0.087545
0.087514
0.087545
0.087514
0.087544
0.087513
0.087543
0.087513
0.087542
0.087513
0.087541
0.087513
0.087540
0.087512
0.087540
0.087512
0.087539
0.087512
0.087538
0.087512
0.087537
0.087511
0.087536
0.087511
0.087535
0.087511
0.087534
0.087511
0.087533
0.087510
0.087533
0.087510
0.087532
0.087510
0.087531
0.087509
0.087530
0.087509
0.087529
0.087509
0.087528
0.087508
0.087527
0.087508
0.087526
0.087507
0.087525
0.087507
0.087524
0.087507
0.087523
0.087506
0.087523
0.087506
0.087522
0.087522
0.087505
0.087521
0.087505
0.087520
0.087505
0.087519
0.087504
0.087518
0.087504
0.087517
0.087503
0.087516
0.087503
0.087515
0.087502
0.087514
0.087502
0.087513
0.087501
0.087512
0.087501
0.087511
0.087500
0.087510
0.087500
0.087509
0.087499
0.087508
0.087498
0.087507
0.087498
0.087506
0.087497
0.087505
0.087497
0.087504
0.087496
0.087503
0.087495
0.087502
0.087495
0.087501
0.087494
0.087500
0.087493
0.087499
0.087493
0.087498
0.087492
0.087497
0.087491
0.087496
0.087491
0.087495
0.087490
0.087494
0.087489
0.087493
0.087488
0.087492
0.087488
0.087491
0.087487
0.087490
0.087486
0.087489
0.087485
0.087488
0.087484
0.087487
0.087483
0.087486
0.087483
0.087485
0.087482
0.087484
0.087481
0.087483
0.087480
0.087482
0.087479
0.087481
0.087478
0.087480
0.087477
0.087479
0.087476
0.087478
0.087475
0.087476
0.087474
0.087475
0.087473
0.087474
0.087472
0.087473
0.087471
0.087472
0.087470
0.087471
0.087469
0.087470
0.087468
0.087469
0.087467
0.087468
0.087466
0.087466
0.087465
0.087465
0.087464
0.087464
0.087463
0.087463
0.087462
0.087462
0.087461
0.087461
0.087460
0.087459
0.087459
0.087458
0.087457
0.087457
0.087456
0.087456
0.087455
0.087455
0.087454
0.087454
0.087453
0.087452
0.087452
0.087451
0.087450
0.087450
0.087449
0.087449
0.087448
0.087447
0.087447
0.087446
0.087445
0.087445
0.087444
0.087444
0.087443
0.087442
0.087442
0.087441
0.087440
0.087440
0.087439
0.087438
0.087438
0.087437
0.087436
0.087436
0.087435
0.087435
0.087434
0.087433
0.087433
0.087432
0.087431
0.087431
0.087430
0.087429
0.087429
0.087428
0.087427
0.087426
0.087426
0.087425
0.087424
0.087424
0.087423
0.087422
0.087422
0.087421
0.087420
0.087420
0.087419
0.087418
0.087417
0.087417
0.087416
0.087415
0.087415
0.087414
0.087413
0.087412
0.087412
0.087411
0.087410
0.087409
0.087409
0.087408
0.087407
0.087407
0.087406
0.087405
0.087404
0.087404
0.087403
0.087402
0.087401
0.087401
0.087400
0.087399
0.087398
0.087398
0.087397
0.087396
0.087395
0.087395
0.087394
0.087393
0.087392
0.087391
0.087391
0.087390
0.087389
0.087388
0.087388
0.087387
0.087386
0.087385
0.087384
0.087384
0.087383
0.087382
0.087381
0.087380
0.087380
0.087379
0.087378
0.087377
0.087376
0.087376
0.087375
0.087374
0.087373
0.087372
0.087371
0.087371
0.087370
0.087369
0.087368
0.087367
0.087367
0.087366
0.087365
0.087364
0.087363
0.087362
0.087362
0.087361
0.087360
0.087359
0.087358
0.087357
0.087357
0.087356
0.087355
0.087354
0.087353
0.087352
0.087351
0.087351
0.087350
0.087349
0.087348
0.087347
0.087346
0.087345
0.087345
0.087344
0.087343
0.087342
0.087341
0.087340
0.087339
0.087338
0.087338
0.087337
0.087336
0.087335
0.087334
0.087333
0.087332
0.087331
0.087331
0.087330
0.087329
0.087328
0.087327
0.087326
0.087325
0.087324
0.087323
0.087323
0.087322
0.087321
0.087320
0.087319
0.087318
0.087317
0.087316
0.087315
0.087315
0.087314
0.087313
0.087312
0.087311
0.087310
0.087309
0.087308
0.087307
0.087306
0.087306
0.087305
0.087304
0.087303
0.087302
0.087301
0.087300
0.087299
0.087298
0.087297
0.087296
0.087296
0.087295
0.087294
0.087293
0.087292
0.087291
0.087290
0.087289
0.087288
0.087287
0.087286
0.087286
0.087285
0.087284
0.087283
0.087282
0.087281
0.087280
0.087279
0.087278
0.087277
0.087277
0.087276
0.087275
0.087274
0.087273
0.087272
0.087271
0.087270
0.087269
0.087268
0.087267
0.087267
0.087266
0.087265
0.087264
0.087263
0.087262
0.087261
0.087260
0.087259
0.087258
0.087258
0.087257
0.087256
0.087255
0.087254
0.087253
0.087252
0.087251
0.087250
0.087250
0.087249
0.087248
0.087247
0.087246
0.087245
0.087244
0.087243
0.087243
0.087242
0.087241
0.087240
0.087239
0.087238
0.087237
0.087236
0.087236
0.087235
0.087234
0.087233
0.087232
0.087231
0.087230
0.087230
0.087229
0.087228
0.087227
0.087226
0.087225
0.087225
0.087224
0.087223
0.087222
0.087221
0.087220
0.087220
0.087219
0.087218
0.087217
0.087216
0.087215
0.087215
0.087214
0.087213
0.087212
0.087211
0.087211
0.087210
0.087209
0.087208
0.087208
0.087207
0.087206
0.087205
0.087204
0.087204
0.087203
0.087202
0.087201
0.087201
0.087200
0.087199
0.087198
0.087198
0.087197
0.087196
0.087195
0.087195
0.087194
0.087193
0.087192
0.087192
0.087191
0.087190
0.087190
0.087189
0.087188
0.087188
0.087186
0.087187
0.087185
0.087186
0.087182
0.087186
0.087178
0.087189
0.087170
0.087199
0.087151
0.087228
0.087103
0.087312
0.086994
0.087497
0.086864
0.087515
0.086799
0.087271
0.086782
0.087213
0.086968
0.087373
0.087213
0.087498
0.087305
0.087455
0.087221
0.087291
0.087056
0.087111
0.086913
0.086991
0.086843
0.086956
0.086850
0.086991
0.086910
0.086910
0.087065
0.086992
0.087149
0.087072
0.087225
0.087134
0.087281
0.087175
0.087317
0.087194
0.087334
0.087195
0.087335
0.087181
0.087325
0.087158
0.087307
0.087127
0.087282
0.087091
0.087253
0.087054
0.087222
0.087018
0.087189
0.086983
0.087157
0.086951
0.087125
0.086923
0.087096
0.086899
0.087068
0.086878
0.087044
0.086860
0.087022
0.086847
0.087004
0.086836
0.086990
0.086829
0.086979
0.086825
0.086972
0.086823
0.086969
0.086824
0.086968
0.086826
0.086969
0.086829
0.086971
0.086833
0.086975
0.086837
0.086979
0.086840
0.086983
0.086842
0.086986
0.086844
0.086989
0.086844
0.086991
0.086843
0.086993
0.086841
0.086994
0.086838
0.086994
0.086835
0.086994
0.086831
0.086993
0.086826
0.086991
0.086822
0.086989
0.086818
0.086987
0.086814
0.086984
0.086811
0.086981
0.086807
0.086978
0.086804
0.086975
0.086802
0.086972
0.086800
0.086969
0.086798
0.086966
0.086796
0.086964
0.086795
0.086962
0.086794
0.086960
0.086793
0.086958
0.086792
0.086957
0.086791
0.086956
0.086790
0.086955
0.086789
0.086955
0.086787
0.086954
0.086785
0.086953
0.086783
0.086952
0.086781
0.086950
0.086778
0.086949
0.086774
0.086947
0.086771
0.086944
0.086767
0.086942
0.086763
0.086939
0.086759
0.086936
0.086754
0.086932
0.086750
0.086928
0.086746
0.086925
0.086741
0.086921
0.086737
0.086917
0.086733
0.086913
0.086729
0.086909
0.086725
0.086905
0.086721
0.086902
0.086717
0.086898
0.086713
0.086895
0.086709
0.086891
0.086705
0.086888
0.086702
0.086885
0.086698
0.086882
0.086694
0.086879
0.086690
0.086875
0.086686
0.086872
0.086682
0.086869
0.086678
0.086865
0.086674
0.086862
0.086669
0.086858
0.086665
0.086855
0.086660
0.086851
0.086656
0.086847
0.086651
0.086843
0.086646
0.086839
0.086642
0.086835
0.086637
0.086830
0.086632
0.086826
0.086627
0.086822
0.086623
0.086818
0.086618
0.086814
0.086613
0.086810
0.086609
0.086805
0.086604
0.086801
0.086599
0.086797
0.086595
0.086793
0.086590
0.086789
0.086585
0.086785
0.086581
0.086781
0.086576
0.086777
0.086571
0.086773
0.086566
0.086769
0.086561
0.086765
0.086556
0.086760
0.086552
0.086756
0.086547
0.086752
0.086542
0.086747
0.086537
0.086743
0.086532
0.086739
0.086527
0.086734
0.086522
0.086730
0.086517
0.086725
0.086512
0.086721
0.086507
0.086716
0.086501
0.086712
0.086496
0.086708
0.086491
0.086703
0.086486
0.086699
0.086481
0.086694
0.086476
0.086690
0.086471
0.086685
0.086466
0.086681
0.086461
0.086676
0.086456
0.086672
0.086450
0.086667
0.086445
0.086663
0.086440
0.086658
0.086435
0.086653
0.086429
0.086649
0.086424
0.086644
0.086419
0.086639
0.086414
0.086635
0.086408
0.086630
0.086403
0.086625
0.086398
0.086621
0.086392
0.086616
0.086387
0.086611
0.086382
0.086607
0.086376
0.086602
0.086371
0.086597
0.086366
0.086592
0.086360
0.086587
0.086355
0.086583
0.086349
0.086578
0.086344
0.086573
0.086339
0.086568
0.086333
0.086563
0.086328
0.086559
0.086322
0.086554
0.086317
0.086549
0.086311
0.086544
0.086306
0.086539
0.086300
0.086534
0.086295
0.086529
0.086289
0.086524
0.086283
0.086519
0.086278
0.086514
0.086272
0.086509
0.086267
0.086504
0.086261
0.086499
0.086255
0.086494
0.086250
0.086489
0.086244
0.086484
0.086239
0.086479
0.086233
0.086474
0.086227
0.086469
0.086221
0.086464
0.086216
0.086459
0.086210
0.086454
0.086204
0.086449
0.086199
0.086444
0.086193
0.086439
0.086187
0.086434
0.086181
0.086428
0.086176
0.086423
0.086170
0.086418
0.086164
0.086413
0.086158
0.086408
0.086152
0.086402
0.086146
0.086397
0.086141
0.086392
0.086135
0.086387
0.086129
0.086382
0.086123
0.086376
0.086117
0.086371
0.086111
0.086366
0.086105
0.086360
0.086099
0.086355
0.086093
0.086350
0.086087
0.086344
0.086082
0.086339
0.086076
0.086334
0.086070
0.086328
0.086064
0.086323
0.086058
0.086318
0.086052
0.086312
0.086045
0.086307
0.086039
0.086301
0.086033
0.086296
0.086027
0.086290
0.086021
0.086285
0.086015
0.086280
0.086009
0.086274
0.086003
0.086269
0.085997
0.086263
0.085991
0.086258
0.085985
0.086252
0.085978
0.086246
0.085972
0.086241
0.085966
0.086235
0.085960
0.086230
0.085954
0.086224
0.085947
0.086219
0.085941
0.086213
0.085935
0.086207
0.085929
0.086202
0.085923
0.086196
0.085916
0.086190
0.085910
0.086185
0.085904
0.086179
0.085897
0.086173
0.085891
0.086168
0.085885
0.086162
0.085878
0.086156
0.085872
0.086151
0.085866
0.086145
0.085859
0.086139
0.085853
0.086133
0.085847
0.086128
0.085840
0.086122
0.085834
0.086116
0.085827
0.086110
0.085821
0.086104
0.085814
0.086099
0.085808
0.086093
0.085802
0.086087
0.085795
0.086081
0.085789
0.086075
0.085782
0.086069
0.085776
0.086063
0.085769
0.086057
0.085763
0.086051
0.086051
0.085756
0.086046
0.085749
0.086040
0.085743
0.086034
0.085736
0.086028
0.085730
0.086022
0.085723
0.086016
0.085716
0.086010
0.085710
0.086004
0.085703
0.085998
0.085697
0.085992
0.085690
0.085986
0.085683
0.085980
0.085677
0.085974
0.085670
0.085967
0.085663
0.085961
0.085657
0.085955
0.085650
0.085949
0.085643
0.085943
0.085636
0.085937
0.085630
0.085931
0.085623
0.085925
0.085616
0.085918
0.085609
0.085912
0.085603
0.085906
0.085596
0.085900
0.085589
0.085894
0.085582
0.085887
0.085575
0.085881
0.085568
0.085875
0.085562
0.085869
0.085555
0.085862
0.085548
0.085856
0.085541
0.085850
0.085534
0.085844
0.085527
0.085837
0.085520
0.085831
0.085513
0.085825
0.085506
0.085818
0.085499
0.085812
0.085492
0.085806
0.085485
0.085799
0.085478
0.085793
0.085471
0.085787
0.085464
0.085780
0.085457
0.085774
0.085450
0.085767
0.085443
0.085761
0.085436
0.085754
0.085429
0.085748
0.085422
0.085741
0.085415
0.085735
0.085408
0.085729
0.085401
0.085722
0.085394
0.085716
0.085387
0.085709
0.085380
0.085702
0.085373
0.085696
0.085365
0.085689
0.085358
0.085683
0.085351
0.085676
0.085344
0.085670
0.085337
0.085663
0.085330
0.085656
0.085322
0.085650
0.085315
0.085643
0.085308
0.085637
0.085301
0.085630
0.085293
0.085623
0.085286
0.085617
0.085279
0.085610
0.085272
0.085603
0.085264
0.085597
0.085257
0.085590
0.085250
0.085583
0.085242
0.085576
0.085235
0.085570
0.085228
0.085563
0.085220
0.085556
0.085213
0.085549
0.085206
0.085543
0.085198
0.085536
0.085191
0.085529
0.085184
0.085522
0.085176
0.085515
0.085169
0.085509
0.085161
0.085502
0.085154
0.085495
0.085146
0.085488
0.085139
0.085481
0.085132
0.085474
0.085124
0.085467
0.085117
0.085460
0.085109
0.085453
0.085102
0.085447
0.085094
0.085440
0.085087
0.085433
0.085079
0.085426
0.085072
0.085419
0.085064
0.085412
0.085056
0.085405
0.085049
0.085398
0.085041
0.085391
0.085034
0.085384
0.085026
0.085377
0.085019
0.085370
0.085011
0.085363
0.085003
0.085356
0.084996
0.085348
0.084988
0.085341
0.084980
0.085334
0.084973
0.085327
0.084965
0.085320
0.084957
0.085313
0.084950
0.085306
0.084942
0.085299
0.084934
0.085292
0.084927
0.085284
0.084919
0.085277
0.084911
0.085270
0.084903
0.085263
0.084896
0.085256
0.084888
0.085248
0.084880
0.085241
0.084872
0.085234
0.084865
0.085227
0.084857
0.085219
0.084849
0.085212
0.084841
0.085205
0.084833
0.085198
0.084826
0.085190
0.084818
0.085183
0.084810
0.085176
0.084802
0.085168
0.084794
0.085161
0.084786
0.085154
0.084778
0.085146
0.084771
0.085139
0.084763
0.085132
0.084755
0.085124
0.084747
0.085117
0.084739
0.085110
0.084731
0.085102
0.084723
0.085095
0.084715
0.085087
0.084707
0.085080
0.084699
0.085072
0.084691
0.085065
0.084683
0.085057
0.084675
0.085050
0.084667
0.085043
0.084659
0.085035
0.084651
0.085028
0.084643
0.085020
0.084635
0.085012
0.084627
0.085005
0.084619
0.084997
0.084611
0.084990
0.084603
0.084982
0.084595
0.084975
0.084587
0.084967
0.084579
0.084960
0.084571
0.084952
0.084563
0.084944
0.084554
0.084937
0.084546
0.084929
0.084538
0.084921
0.084530
0.084914
0.084522
0.084906
0.084514
0.084898
0.084506
0.084891
0.084497
0.084883
0.084489
0.084875
0.084481
0.084868
0.084473
0.084860
0.084465
0.084852
0.084456
0.084844
0.084448
0.084837
0.084440
0.084829
0.084432
0.084821
0.084424
0.084813
0.084415
0.084806
0.084407
0.084798
0.084399
0.084790
0.084391
0.084782
0.084382
0.084774
0.084374
0.084767
0.084366
0.084759
0.084357
0.084751
0.084349
0.084743
0.084341
0.084735
0.084333
0.084727
0.084324
0.084719
0.084316
0.084712
0.084308
0.084704
0.084299
0.084696
0.084291
0.084688
0.084282
0.084680
0.084274
0.084672
0.084266
0.084664
0.084257
0.084656
0.084249
0.084648
0.084241
0.084640
0.084232
0.084632
0.084224
0.084624
0.084215
0.084616
0.084207
0.084608
0.084199
0.084600
0.084190
0.084592
0.084182
0.084584
0.084173
0.084576
0.084165
0.084568
0.084156
0.084560
0.084148
0.084552
0.084139
0.084544
0.084131
0.084536
0.084122
0.084527
0.084114
0.084519
0.084105
0.084511
0.084097
0.084503
0.084088
0.084495
0.084080
0.084487
0.084071
0.084479
0.084063
0.084470
0.084054
0.084462
0.084046
0.084454
0.084037
0.084446
0.084029
0.084438
0.084020
0.084429
0.084011
0.084421
0.084003
0.084413
0.083994
0.084405
0.083986
0.084397
0.083977
0.084388
0.083969
0.084380
0.083960
0.084372
0.083951
0.084363
0.083943
0.084355
0.083934
0.084347
0.083925
0.084339
0.083917
0.084330
0.083908
0.084322
0.083900
0.084314
0.083891
0.084305
0.083882
0.084297
0.083874
0.084288
0.083865
0.084280
0.083856
0.084272
0.083848
0.084263
0.083839
0.084255
0.083830
0.083830
0.084247
0.083822
0.084238
0.083813
0.084230
0.083804
0.084221
0.083795
0.084213
0.083787
0.084204
0.083778
0.084196
0.083769
0.084187
0.083761
0.084179
0.083752
0.084170
0.083743
0.084162
0.083734
0.084153
0.083726
0.084145
0.083717
0.084136
0.083708
0.084128
0.083699
0.084119
0.083691
0.084111
0.083682
0.084102
0.083673
0.084094
0.083664
0.084085
0.083655
0.084077
0.083647
0.084068
0.083638
0.084059
0.083629
0.084051
0.083620
0.084042
0.083611
0.084033
0.083603
0.084025
0.083594
0.084016
0.083585
0.084008
0.083576
0.083999
0.083567
0.083990
0.083559
0.083982
0.083550
0.083973
0.083541
0.083964
0.083532
0.083955
0.083523
0.083947
0.083514
0.083938
0.083505
0.083929
0.083497
0.083921
0.083488
0.083912
0.083479
0.083903
0.083470
0.083894
0.083461
0.083886
0.083452
0.083877
0.083443
0.083868
0.083435
0.083859
0.083426
0.083850
0.083417
0.083842
0.083408
0.083833
0.083399
0.083824
0.083390
0.083815
0.083381
0.083806
0.083372
0.083797
0.083363
0.083789
0.083354
0.083780
0.083346
0.083771
0.083337
0.083762
0.083328
0.083753
0.083319
0.083744
0.083310
0.083735
0.083301
0.083726
0.083292
0.083717
0.083283
0.083708
0.083274
0.083699
0.083265
0.083691
0.083256
0.083682
0.083247
0.083673
0.083238
0.083664
0.083229
0.083655
0.083221
0.083646
0.083212
0.083637
0.083203
0.083628
0.083194
0.083619
0.083185
0.083610
0.083176
0.083601
0.083167
0.083591
0.083158
0.083582
0.083149
0.083573
0.083140
0.083564
0.083131
0.083555
0.083122
0.083546
0.083113
0.083537
0.083104
0.083528
0.083095
0.083519
0.083086
0.083510
0.083077
0.083501
0.083068
0.083491
0.083059
0.083482
0.083050
0.083473
0.083041
0.083464
0.083032
0.083455
0.083023
0.083446
0.083014
0.083436
0.083006
0.083427
0.082997
0.083418
0.082988
0.083409
0.082979
0.083400
0.082970
0.083390
0.082961
0.083381
0.082952
0.083372
0.082943
0.083363
0.082934
0.083353
0.082925
0.083344
0.082916
0.083335
0.082907
0.083326
0.082898
0.083316
0.082889
0.083307
0.082880
0.083298
0.082871
0.083288
0.082862
0.083279
0.082853
0.083270
0.082844
0.083260
0.082835
0.083251
0.082826
0.083242
0.082817
0.083232
0.082808
0.083223
0.082799
0.083214
0.082790
0.083204
0.082781
0.083195
0.082772
0.083185
0.082763
0.083176
0.082755
0.083167
0.082746
0.083157
0.082737
0.083148
0.082728
0.083138
0.082719
0.083129
0.082710
0.083119
0.082701
0.083110
0.082692
0.083100
0.082683
0.083091
0.082674
0.083081
0.082665
0.083072
0.082656
0.083062
0.082647
0.083053
0.082638
0.083043
0.082629
0.083034
0.082621
0.083024
0.082612
0.083015
0.082603
0.083005
0.082594
0.082996
0.082585
0.082986
0.082576
0.082976
0.082567
0.082967
0.082558
0.082957
0.082549
0.082948
0.082541
0.082938
0.082532
0.082928
0.082523
0.082919
0.082514
0.082909
0.082505
0.082899
0.082496
0.082890
0.082487
0.082880
0.082479
0.082870
0.082470
0.082861
0.082461
0.082851
0.082452
0.082841
0.082443
0.082831
0.082434
0.082822
0.082426
0.082812
0.082417
0.082802
0.082408
0.082792
0.082399
0.082783
0.082391
0.082773
0.082382
0.082763
0.082373
0.082753
0.082364
0.082744
0.082355
0.082734
0.082347
0.082724
0.082338
0.082714
0.082329
0.082704
0.082321
0.082694
0.082312
0.082685
0.082303
0.082675
0.082294
0.082665
0.082286
0.082655
0.082277
0.082645
0.082268
0.082635
0.082260
0.082625
0.082251
0.082615
0.082242
0.082605
0.082234
0.082595
0.082225
0.082585
0.082217
0.082575
0.082208
0.082565
0.082199
0.082555
0.082191
0.082545
0.082182
0.082535
0.082174
0.082525
0.082165
0.082515
0.082157
0.082505
0.082148
0.082495
0.082140
0.082485
0.082131
0.082475
0.082123
0.082465
0.082114
0.082455
0.082106
0.082445
0.082097
0.082435
0.082089
0.082425
0.082080
0.082414
0.082072
0.082404
0.082063
0.082394
0.082055
0.082384
0.082047
0.082374
0.082038
0.082364
0.082030
0.082353
0.082022
0.082343
0.082013
0.082333
0.082005
0.082323
0.081997
0.082312
0.081989
0.082302
0.081980
0.082292
0.081972
0.082281
0.081964
0.082271
0.081956
0.082261
0.081948
0.082250
0.081939
0.082240
0.081931
0.082229
0.081923
0.082219
0.081915
0.082208
0.081907
0.082198
0.081899
0.082188
0.081891
0.082177
0.081883
0.082167
0.081875
0.082156
0.081867
0.082145
0.081859
0.082135
0.081851
0.082124
0.081844
0.082114
0.081836
0.082103
0.081828
0.082092
0.081820
0.082082
0.081812
0.082071
0.081805
0.082060
0.081797
0.082049
0.081789
0.082038
0.081782
0.082028
0.081774
0.082017
0.081767
0.082006
0.081759
0.081995
0.081752
0.081984
0.081744
0.081973
0.081737
0.081962
0.081730
0.081951
0.081722
0.081940
0.081715
0.081928
0.081708
0.081917
0.081701
0.081906
0.081694
0.081895
0.081687
0.081883
0.081680
0.081872
0.081872
0.081673
0.081860
0.081666
0.081849
0.081659
0.081837
0.081652
0.081826
0.081646
0.081814
0.081639
0.081802
0.081633
0.081790
0.081626
0.081778
0.081620
0.081766
0.081614
0.081754
0.081608
0.081741
0.081602
0.081729
0.081596
0.081717
0.081590
0.081704
0.081584
0.081691
0.081579
0.081678
0.081573
0.081666
0.081568
0.081653
0.081563
0.081639
0.081557
0.081626
0.081552
0.081613
0.081547
0.081600
0.081541
0.081587
0.081536
0.081574
0.081530
0.081561
0.081524
0.081548
0.081517
0.081536
0.081511
0.081524
0.081504
0.081512
0.081496
0.081501
0.081488
0.081490
0.081479
0.081479
0.081471
0.081469
0.081461
0.081458
0.081452
0.081448
0.081442
0.081438
0.081432
0.081427
0.081422
0.081417
0.081412
0.081407
0.081402
0.081397
0.081391
0.081386
0.081381
0.081376
0.081371
0.081366
0.081361
0.081355
0.081350
0.081345
0.081340
0.081335
0.081330
0.081325
0.081319
0.081314
0.081309
0.081304
0.081299
0.081293
0.081288
0.081283
0.081277
0.081272
0.081267
0.081261
0.081256
0.081250
0.081245
0.081239
0.081234
0.081228
0.081223
0.081217
0.081211
0.081206
0.081200
0.081194
0.081189
0.081183
0.081177
0.081171
0.081165
0.081159
0.081154
0.081148
0.081142
0.081136
0.081130
0.081124
0.081118
0.081112
0.081106
0.081101
0.081095
0.081089
0.081083
0.081077
0.081072
0.081066
0.081060
0.081055
0.081049
0.081043
0.081038
0.081032
0.081027
0.081021
0.081016
0.081011
0.081006
0.081000
0.080995
0.080990
0.080985
0.080980
0.080975
0.080970
0.080966
0.080961
0.080956
0.080952
0.080947
0.080942
0.080938
0.080933
0.080929
0.080925
0.080920
0.080916
0.080912
0.080907
0.080903
0.080899
0.080894
0.080890
0.080886
0.080882
0.080877
0.080873
0.080869
0.080864
0.080860
0.080856
0.080851
0.080847
0.080842
0.080838
0.080833
0.080829
0.080824
0.080820
0.080815
0.080810
0.080805
0.080801
0.080796
0.080791
0.080786
0.080781
0.080776
0.080771
0.080766
0.080761
0.080755
0.080750
0.080745
0.080740
0.080735
0.080729
0.080724
0.080719
0.080713
0.080708
0.080703
0.080697
0.080692
0.080687
0.080681
0.080676
0.080671
0.080665
0.080660
0.080655
0.080650
0.080644
0.080639
0.080634
0.080629
0.080624
0.080619
0.080614
0.080609
0.080604
0.080600
0.080595
0.080590
0.080585
0.080581
0.080576
0.080572
0.080568
0.080563
0.080559
0.080555
0.080551
0.080547
0.080543
0.080539
0.080535
0.080531
0.080527
0.080524
0.080520
0.080517
0.080513
0.080510
0.080507
0.080504
0.080500
0.080497
0.080494
0.080491
0.080489
0.080486
0.080483
0.080480
0.080478
0.080475
0.080473
0.080470
0.080468
0.080465
0.080463
0.080461
0.080459
0.080456
0.080454
0.080452
0.080450
0.080448
0.080446
0.080444
0.080442
0.080440
0.080439
0.080437
0.080435
0.080433
0.080431
0.080430
0.080428
0.080426
0.080425
0.080423
0.080421
0.080420
0.080418
0.080416
0.080415
0.080413
0.080411
0.080410
0.080408
0.080407
0.080405
0.080403
0.080402
0.080400
0.080399
0.080397
0.080395
0.080394
0.080392
0.080390
0.080389
0.080387
0.080385
0.080383
0.080382
0.080380
0.080378
0.080376
0.080375
0.080373
0.080371
0.080369
0.080367
0.080365
0.080363
0.080361
0.080359
0.080358
0.080356
0.080354
0.080351
0.080349
0.080347
0.080345
0.080343
0.080341
0.080339
0.080337
0.080334
0.080332
0.080330
0.080328
0.080325
0.080323
0.080321
0.080318
0.080316
0.080314
0.080311
0.080309
0.080306
0.080304
0.080301
0.080299
0.080296
0.080294
0.080291
0.080288
0.080286
0.080283
0.080280
0.080278
0.080275
0.080272
0.080269
0.080267
0.080264
0.080261
0.080258
0.080255
0.080252
0.080249
0.080246
0.080243
0.080240
0.080237
0.080234
0.080231
0.080228
0.080225
0.080222
0.080219
0.080216
0.080212
0.080209
0.080206
0.080203
0.080199
0.080196
0.080193
0.080189
0.080186
0.080183
0.080179
0.080176
0.080172
0.080169
0.080166
0.080162
0.080158
0.080155
0.080151
0.080148
0.080144
0.080141
0.080137
0.080133
0.080130
0.080126
0.080122
0.080118
0.080115
0.080111
0.080107
0.080103
0.080099
0.080095
0.080091
0.080088
0.080084
0.080080
0.080076
0.080072
0.080068
0.080064
0.080060
0.080055
0.080051
0.080047
0.080043
0.080039
0.080035
0.080030
0.080026
0.080022
0.080018
0.080013
0.080009
0.080005
0.080000
0.079996
0.079992
0.079987
0.079983
0.079978
0.079974
0.079969
0.079965
0.079960
0.079956
0.079951
0.079947
0.079942
0.079937
0.079933
0.079928
0.079923
0.079919
0.079914
0.079909
0.079905
0.079900
0.079895
0.079890
0.079885
0.079880
0.079876
0.079871
0.079866
0.079861
0.079856
0.079851
0.079846
0.079841
0.079836
0.079831
0.079826
0.079821
0.079816
0.079811
0.079805
0.079800
0.079795
0.079790
0.079785
0.079780
0.079774
0.079769
0.079764
0.079759
0.079753
0.079748
0.079743
0.079737
0.079737
0.079732
0.079727
0.079721
0.079716
0.079710
0.079705
0.079699
0.079694
0.079688
0.079683
0.079677
0.079672
0.079666
0.079661
0.079655
0.079649
0.079644
0.079638
0.079633
0.079627
0.079621
0.079616
0.079610
0.079604
0.079598
0.079593
0.079587
0.079581
0.079575
0.079569
0.079564
0.079558
0.079552
0.079546
0.079540
0.079534
0.079528
0.079522
0.079516
0.079510
0.079504
0.079498
0.079492
0.079486
0.079480
0.079474
0.079468
0.079462
0.079456
0.079450
0.079444
0.079438
0.079432
0.079425
0.079419
0.079413
0.079407
0.079401
0.079394
0.079388
0.079382
0.079376
0.079369
0.079363
0.079357
0.079351
0.079344
0.079338
0.079332
0.079325
0.079319
0.079313
0.079306
0.079300
0.079293
0.079287
0.079280
0.079274
0.079268
0.079261
0.079255
0.079248
0.079242
0.079235
0.079229
0.079222
0.079215
0.079209
0.079202
0.079196
0.079189
0.079183
0.079176
0.079169
0.079163
0.079156
0.079149
0.079143
0.079136
0.079129
0.079123
0.079116
0.079109
0.079103
0.079096
0.079089
0.079082
0.079076
0.079069
0.079062
0.079055
0.079048
0.079042
0.079035
0.079028
0.079021
0.079014
0.079007
0.079001
0.078994
0.078987
0.078980
0.078973
0.078966
0.078959
0.078952
0.078945
0.078938
0.078932
0.078925
0.078918
0.078911
0.078904
0.078897
0.078890
0.078883
0.078876
0.078869
0.078862
0.078855
0.078848
0.078841
0.078833
0.078826
0.078819
0.078812
0.078805
0.078798
0.078791
0.078784
0.078777
0.078770
0.078763
0.078755
0.078748
0.078741
0.078734
0.078727
0.078720
0.078712
0.078705
0.078698
0.078691
0.078684
0.078677
0.078669
0.078662
0.078655
0.078648
0.078640
0.078633
0.078626
0.078619
0.078611
0.078604
0.078597
0.078590
0.078582
0.078575
0.078568
0.078561
0.078553
0.078546
0.078539
0.078531
0.078524
0.078517
0.078509
0.078502
0.078495
0.078487
0.078480
0.078473
0.078465
0.078458
0.078451
0.078443
0.078436
0.078429
0.078421
0.078414
0.078406
0.078399
0.078392
0.078384
0.078377
0.078369
0.078362
0.078355
0.078347
0.078340
0.078332
0.078325
0.078317
0.078310
0.078303
0.078295
0.078288
0.078280
0.078273
0.078265
0.078258
0.078250
0.078243
0.078235
0.078228
0.078220
0.078213
0.078205
0.078198
0.078190
0.078183
0.078176
0.078168
0.078161
0.078153
0.078146
0.078138
0.078130
0.078123
0.078115
0.078108
0.078100
0.078093
0.078085
0.078078
0.078070
0.078063
0.078055
0.078048
0.078040
0.078033
0.078025
0.078018
0.078010
0.078002
0.077995
0.077987
0.077980
0.077972
0.077965
0.077957
0.077950
0.077942
0.077934
0.077927
0.077919
0.077912
0.077904
0.077897
0.077889
0.077882
0.077874
0.077866
0.077859
0.077851
0.077844
0.077836
0.077828
0.077821
0.077813
0.077806
0.077798
0.077791
0.077783
0.077775
0.077768
0.077760
0.077753
0.077745
0.077737
0.077730
0.077722
0.077715
0.077707
0.077700
0.077692
0.077684
0.077677
0.077669
0.077662
0.077654
0.077646
0.077639
0.077631
0.077624
0.077616
0.077608
0.077601
0.077593
0.077586
0.077578
0.077570
0.077563
0.077555
0.077548
0.077540
0.077533
0.077525
0.077517
0.077510
0.077502
0.077495
0.077487
0.077479
0.077472
0.077464
0.077457
0.077449
0.077441
0.077434
0.077426
0.077419
0.077411
0.077404
0.077396
0.077388
0.077381
0.077373
0.077366
0.077358
0.077350
0.077343
0.077335
0.077328
0.077320
0.077313
0.077305
0.077297
0.077290
0.077282
0.077275
0.077267
0.077260
0.077252
0.077245
0.077237
0.077229
0.077222
0.077214
0.077207
0.077199
0.077192
0.077184
0.077177
0.077169
0.077161
0.077154
0.077146
0.077139
0.077131
0.077124
0.077116
0.077109
0.077101
0.077094
0.077086
0.077079
0.077071
0.077063
0.077056
0.077048
0.077041
0.077033
0.077026
0.077018
0.077011
0.077003
0.076996
0.076988
0.076981
0.076973
0.076966
0.076958
0.076951
0.076943
0.076936
0.076928
0.076921
0.076913
0.076906
0.076898
0.076891
0.076883
0.076876
0.076869
0.076861
0.076854
0.076846
0.076839
0.076831
0.076824
0.076816
0.076809
0.076801
0.076794
0.076787
0.076779
0.076772
0.076764
0.076757
0.076749
0.076742
0.076735
0.076727
0.076720
0.076712
0.076705
0.076698
0.076690
0.076683
0.076675
0.076668
0.076661
0.076653
0.076646
0.076638
0.076631
0.076624
0.076616
0.076609
0.076601
0.076594
0.076587
0.076579
0.076572
0.076564
0.076557
0.076549
0.076542
0.076535
0.076527
0.076520
0.076512
0.076505
0.076497
0.076490
0.076482
0.076475
0.076467
0.076460
0.076452
0.076445
0.076437
0.076429
0.076422
0.076414
0.076407
0.076399
0.076391
0.076384
0.076376
0.076369
0.076361
0.076353
0.076346
0.076338
0.076331
0.076323
0.076316
0.076308
0.076301
0.076293
0.076286
0.076279
0.076272
0.076265
0.076258
0.076251
0.076245
0.076239
0.076233
0.076227
0.076221
0.076216
0.076212
0.076207
0.076204
0.076201
0.076201
0.076198
0.076196
0.076195
0.076194
0.076193
0.076192
0.076193
0.076195
0.076200
0.076206
0.076210
0.076211
0.076203
0.076183
0.076151
0.076108
0.076056
0.076001
0.075947
0.075901
0.075866
0.075848
0.075851
0.075875
0.075921
0.075986
0.076062
0.076143
0.076220
0.076283
0.076326
0.076344
0.076334
0.076297
0.076235
0.076151
0.076052
0.075941
0.075826
0.075710
0.075598
0.075493
0.075398
0.075314
0.075243
0.075184
0.075138
0.075104
0.075082
0.075070
0.075068
0.075074
0.075088
0.075109
0.075136
0.075169
0.075205
0.075245
0.075287
0.075332
0.075378
0.075425
0.075472
0.075519
0.075565
0.075610
0.075654
0.075696
0.075736
0.075773
0.075808
0.075840
0.075870
0.075897
0.075920
0.075941
0.075959
0.075974
0.075986
0.075996
0.076003
0.076007
0.076009
0.076008
0.076005
0.076000
0.075993
0.075985
0.075974
0.075962
0.075949
0.075935
0.075919
0.075902
0.075885
0.075866
0.075847
0.075828
0.075808
0.075788
0.075767
0.075747
0.075726
0.075705
0.075684
0.075664
0.075643
0.075623
0.075603
0.075584
0.075564
0.075545
0.075527
0.075508
0.075491
0.075473
0.075457
0.075440
0.075424
0.075409
0.075394
0.075380
0.075366
0.075352
0.075339
0.075327
0.075314
0.075303
0.075292
0.075281
0.075271
0.075261
0.075252
0.075243
0.075234
0.075226
0.075218
0.075210
0.075203
0.075196
0.075190
0.075184
0.075178
0.075172
0.075167
0.075162
0.075157
0.075153
0.075149
0.075145
0.075141
0.075138
0.075134
0.075131
0.075128
0.075126
0.075123
0.075121
0.075118
0.075116
0.075114
0.075113
0.075111
0.075109
0.075108
0.075107
0.075105
0.075104
0.075103
0.075102
0.075101
0.075100
0.075100
0.075099
0.075098
0.075098
0.075097
0.075096
0.075096
0.075095
0.075095
0.075094
0.075094
0.075093
0.075093
0.075093
0.075092
0.075092
0.075091
0.075090
0.075090
0.075089
0.075089
0.075088
0.075087
0.075087
0.075086
0.075085
0.075084
0.075083
0.075082
0.075081
0.075080
0.075079
0.075078
0.075076
0.075075
0.075074
0.075072
0.075071
0.075069
0.075067
0.075066
0.075064
0.075062
0.075060
0.075058
0.075055
0.075053
0.075051
0.075048
0.075046
0.075043
0.075041
0.075038
0.075035
0.075032
0.075029
0.075026
0.075023
0.075019
0.075016
0.075013
0.075009
0.075005
0.075002
0.074998
0.074994
0.074990
0.074986
0.074982
0.074977
0.074973
0.074968
0.074964
0.074959
0.074955
0.074950
0.074945
0.074940
0.074935
0.074930
0.074924
0.074919
0.074914
0.074908
0.074902
0.074897
0.074891
0.074885
0.074879
0.074873
0.074867
0.074861
0.074855
0.074848
0.074842
0.074835
0.074829
0.074822
0.074815
0.074809
0.074802
0.074795
0.074788
0.074781
0.074773
0.074766
0.074759
0.074751
0.074744
0.074736
0.074729
0.074721
0.074713
0.074705
0.074698
0.074690
0.074682
0.074674
0.074665
0.074657
0.074649
0.074641
0.074632
0.074624
0.074615
0.074607
0.074598
0.074589
0.074581
0.074572
0.074563
0.074554
0.074545
0.074536
0.074527
0.074518
0.074509
0.074499
0.074490
0.074481
0.074471
0.074462
0.074452
0.074443
0.074433
0.074424
0.074414
0.074404
0.074395
0.074385
0.074375
0.074365
0.074355
0.074345
0.074335
0.074325
0.074315
0.074305
0.074295
0.074285
0.074274
0.074264
0.074254
0.074243
0.074233
0.074223
0.074212
0.074202
0.074191
0.074181
0.074170
0.074160
0.074149
0.074138
0.074128
0.074117
0.074106
0.074096
0.074085
0.074074
0.074063
0.074052
0.074042
0.074031
0.074020
0.074009
0.073998
0.073987
0.073976
0.073965
0.073954
0.073943
0.073932
0.073921
0.073910
0.073898
0.073887
0.073876
0.073865
0.073854
0.073843
0.073831
0.073820
0.073809
0.073798
0.073786
0.073775
0.073764
0.073753
0.073741
0.073730
0.073719
0.073707
0.073696
0.073685
0.073673
0.073662
0.073651
0.073639
0.073628
0.073617
0.073605
0.073594
0.073582
0.073571
0.073560
0.073548
0.073537
0.073525
0.073514
0.073503
0.073491
0.073480
0.073468
0.073457
0.073445
0.073434
0.073423
0.073411
0.073400
0.073388
0.073377
0.073365
0.073354
0.073343
0.073331
0.073320
0.073308
0.073297
0.073286
0.073274
0.073263
0.073251
0.073240
0.073229
0.073217
0.073206
0.073195
0.073183
0.073172
0.073161
0.073149
0.073138
0.073126
0.073115
0.073104
0.073093
0.073081
0.073070
0.073059
0.073047
0.073036
0.073025
0.073014
0.073002
0.072991
0.072980
0.072969
0.072957
0.072946
0.072935
0.072924
0.072913
0.072901
0.072890
0.072879
0.072868
0.072857
0.072846
0.072835
0.072824
0.072812
0.072801
0.072790
0.072779
0.072768
0.072757
0.072746
0.072735
0.072724
0.072713
0.072702
0.072691
0.072680
0.072669
0.072658
0.072648
0.072637
0.072626
0.072615
0.072604
0.072593
0.072582
0.072572
0.072561
0.072550
0.072539
0.072528
0.072518
0.072507
0.072496
0.072485
0.072475
0.072464
0.072453
0.072443
0.072432
0.072432
