0.507458
0.688162
0.824447
0.959983
1.090865
1.215234
1.333011
1.445128
1.552855
1.657388
1.759641
1.860173
1.959204
2.056684
2.152394
2.246038
2.337332
2.426051
2.512051
2.595271
2.595271
2.675725
2.753478
2.828631
2.901305
2.971625
3.039714
3.105682
3.169620
3.231603
3.291684
3.349896
3.406253
3.460751
3.513374
3.564093
3.612872
3.659670
3.704448
3.747165
3.747165
3.787790
3.826295
3.862664
3.896887
3.928969
3.958922
3.986770
4.012545
4.036289
4.058052
4.077889
4.095864
4.112041
4.126491
4.139286
4.150502
4.160212
4.168493
4.175420
4.175420
4.181066
4.185504
4.188806
4.191041
4.192274
4.192572
4.191995
4.190603
4.188452
4.185597
4.182089
4.177977
4.173307
4.168122
4.162465
4.156373
4.149883
4.143030
4.135847
4.135847
4.128362
4.120606
4.112603
4.104378
4.095956
4.087356
4.078598
4.069701
4.060682
4.051555
4.042335
4.033036
4.023668
4.014243
4.004771
3.995260
3.985717
3.976151
3.966568
3.966568
3.956972
3.947370
3.937765
3.928162
3.918562
3.908971
3.899389
3.889819
3.880262
3.870721
3.861196
3.851689
3.842200
3.832730
3.823280
3.813850
3.804441
3.795054
3.785688
3.785688
3.776344
3.767022
3.757724
3.748449
3.739197
3.729970
3.720768
3.711591
3.702440
3.693315
3.684218
3.675150
3.666110
3.657099
3.648120
3.639172
3.630256
3.621373
3.612525
3.612525
3.603712
3.594934
3.586194
3.577492
3.568829
3.560206
3.551624
3.543084
3.534586
3.526132
3.517723
3.509358
3.501040
3.492769
3.484545
3.476370
3.468244
3.460167
3.452141
3.452141
3.444166
3.436242
3.428369
3.420550
3.412783
3.405069
3.397409
3.389802
3.382250
3.374752
3.367309
3.359920
3.352587
3.345308
3.338084
3.330915
3.323802
3.316743
3.309740
3.309740
3.302791
3.295897
3.289058
3.282273
3.275543
3.268867
3.262244
3.255675
3.249160
3.242697
3.236287
3.229929
3.223624
3.217370
3.211167
3.205014
3.198912
3.192860
3.186858
3.186858
3.180904
3.174999
3.169142
3.163332
3.157570
3.151853
3.146183
3.140558
3.134978
3.129443
3.123951
3.118502
3.113096
3.107732
3.102410
3.097129
3.091888
3.086686
3.081525
3.081525
3.076401
3.071316
3.066269
3.061258
3.056284
3.051346
3.046443
3.041575
3.036741
3.031941
3.027173
3.022439
3.017736
3.013065
3.008424
3.003814
2.999234
2.994683
2.990161
2.990161
2.985667
2.981201
2.976763
2.972351
2.967965
2.963605
2.959271
2.954962
2.950677
2.946416
2.942178
2.937964
2.933772
2.929602
2.925455
2.921328
2.917223
2.913138
2.909073
2.909073
2.905028
2.901002
2.896995
2.893007
2.889037
2.885086
2.881151
2.877234
2.873333
2.869449
2.865582
2.861730
2.857894
2.854072
2.850266
2.846475
2.842697
2.838934
2.835185
2.835185
2.831449
2.827726
2.824016
2.820319
2.816634
2.812962
2.809301
2.805653
2.802015
2.798389
2.794774
2.791170
2.787577
2.783994
2.780421
2.776858
2.773305
2.769761
2.766227
2.766227
2.762703
2.759187
2.755681
2.752183
2.748694
2.745213
2.741741
2.738277
2.734821
2.731373
2.727932
2.724500
2.721074
2.717657
2.714246
2.710843
2.707447
2.704058
2.700676
2.700676
2.697300
2.693932
2.690569
2.687214
2.683865
2.680522
2.677186
2.673855
2.670531
2.667213
2.663901
2.660595
2.657295
2.654001
2.650713
2.647430
2.644153
2.640882
2.637616
2.637616
2.634356
2.631102
2.627853
2.624610
2.621372
2.618139
2.614913
2.611691
2.608475
2.605264
2.602059
2.598859
2.595665
2.592476
2.589292
2.586114
2.582941
2.579774
2.576611
2.576611
2.573455
2.570303
2.567157
2.564017
2.560882
2.557752
2.554628
2.551510
2.548397
2.545289
2.542187
2.539091
2.536000
2.532915
2.529835
2.526762
2.523694
2.520631
2.517575
2.517575
2.514524
2.511479
2.508440
2.505407
2.502380
2.499359
2.496344
2.493335
2.490333
2.487336
2.484345
2.481361
2.478383
2.475411
2.472446
2.469487
2.466535
2.463589
2.460649
2.460649
2.457716
2.454790
2.451870
2.448957
2.446051
2.443151
2.440258
2.437372
2.434493
2.431621
2.428756
2.425898
2.423047
2.420203
2.417367
2.414537
2.411715
2.408900
2.406092
2.406092
2.403291
2.400498
2.397713
2.394935
2.392164
2.389401
2.386645
2.383897
2.381157
2.378424
2.375699
2.372982
2.370272
2.367571
2.364877
2.362191
2.359513
2.356843
2.354181
2.354181
2.351527
2.348881
2.346243
2.343613
2.340991
2.338377
2.335771
2.333174
2.330585
2.328003
2.325431
2.322866
2.320310
2.317762
2.315222
2.312691
2.310168
2.307654
2.305147
2.305147
2.302650
2.300160
2.297679
2.295207
2.292743
2.290287
2.287840
2.285402
2.282972
2.280550
2.278137
2.275733
2.273337
2.270950
2.268571
2.266200
2.263839
2.261486
2.259141
2.259141
2.256805
2.254478
2.252159
2.249848
2.247547
2.245253
2.242969
2.240693
2.238425
2.236167
2.233916
2.231675
2.229441
2.227217
2.225001
2.222793
2.220594
2.218403
2.216221
2.216221
2.214048
2.211883
2.209726
2.207578
2.205439
2.203308
2.201185
2.199071
2.196965
2.194867
2.192778
2.190698
2.188625
2.186562
2.184506
2.182459
2.180420
2.178389
2.176367
2.176367
2.174353
2.172347
2.170349
2.168360
2.166378
2.164405
2.162440
2.160484
2.158535
2.156594
2.154662
2.152737
2.150821
2.148912
2.147012
2.145120
2.143235
2.141359
2.139490
2.139490
2.137629
2.135776
2.133931
2.132094
2.130265
2.128443
2.126629
2.124823
2.123024
2.121234
2.119451
2.117675
2.115907
2.114147
2.112394
2.110649
2.108911
2.107181
2.105458
2.105458
2.103743
2.102035
2.100334
2.098641
2.096955
2.095277
2.093606
2.091942
2.090285
2.088635
2.086993
2.085358
2.083730
2.082109
2.080495
2.078888
2.077288
2.075695
2.074109
2.074109
2.072530
2.070958
2.069393
2.067835
2.066283
2.064739
2.063201
2.061670
2.060145
2.058627
2.057116
2.055612
2.054114
2.052623
2.051138
2.049660
2.048189
2.046724
2.045265
2.045265
2.043813
2.042367
2.040928
2.039495
2.038068
2.036648
2.035234
2.033826
2.032424
2.031029
2.029639
2.028256
2.026879
2.025508
2.024143
2.022784
2.021431
2.020084
2.018744
2.018744
2.017409
2.016079
2.014756
2.013439
2.012127
2.010822
2.009522
2.008228
2.006939
2.005656
2.004379
2.003108
2.001842
2.000582
1.999327
1.998078
1.996834
1.995596
1.994364
1.994364
1.993137
1.991915
1.990699
1.989488
1.988282
1.987082
1.985887
1.984697
1.983513
1.982334
1.981160
1.979991
1.978827
1.977669
1.976515
1.975367
1.974224
1.973085
1.971952
1.971952
1.970824
1.969701
1.968583
1.967469
1.966361
1.965257
1.964158
1.963065
1.961976
1.960891
1.959812
1.958737
1.957667
1.956602
1.955541
1.954485
1.953434
1.952387
1.951345
1.951345
1.950307
1.949274
1.948246
1.947222
1.946202
1.945187
1.944177
1.943171
1.942169
1.941172
1.940179
1.939190
1.938206
1.937226
1.936250
1.935278
1.934311
1.933348
1.932389
1.932389
1.931435
1.930484
1.929538
1.928595
1.927657
1.926723
1.925793
1.924867
1.923946
1.923028
1.922114
1.921204
1.920298
1.919396
1.918498
1.917604
1.916713
1.915827
1.914944
1.914944
1.914065
1.913190
1.912319
1.911451
1.910588
1.909728
1.908872
1.908019
1.907170
1.906325
1.905483
1.904645
1.903811
1.902980
1.902153
1.901330
1.900510
1.899693
1.898880
1.898880
1.898071
1.897265
1.896462
1.895663
1.894867
1.894075
1.893286
1.892501
1.891719
1.890940
1.890165
1.889392
1.888624
1.887858
1.887096
1.886337
1.885581
1.884829
1.884080
1.884080
1.883333
1.882591
1.881851
1.881114
1.880381
1.879651
1.878923
1.878199
1.877478
1.876760
1.876045
1.875334
1.874625
1.873919
1.873216
1.872516
1.871820
1.871126
1.870435
1.870435
1.869747
1.869062
1.868379
1.867700
1.867024
1.866350
1.865679
1.865011
1.864346
1.863684
1.863024
1.862368
1.861714
1.861063
1.860414
1.859769
1.859126
1.858485
1.857848
1.857848
1.857213
1.856581
1.855951
1.855324
1.854700
1.854078
1.853459
1.852843
1.852229
1.851618
1.851009
1.850403
1.849799
1.849198
1.848600
1.848004
1.847410
1.846819
1.846230
1.846230
1.845644
1.845061
1.844479
1.843900
1.843324
1.842750
1.842178
1.841609
1.841042
1.840478
1.839916
1.839356
1.838798
1.838243
1.837690
1.837140
1.836592
1.836046
1.835502
1.835502
1.834960
1.834421
1.833884
1.833349
1.832817
1.832287
1.831759
1.831233
1.830709
1.830187
1.829668
1.829151
1.828635
1.828122
1.827612
1.827103
1.826596
1.826092
1.825589
1.825589
1.825089
1.824590
1.824094
1.823600
1.823108
1.822617
1.822129
1.821643
1.821159
1.820677
1.820197
1.819718
1.819242
1.818768
1.818296
1.817825
1.817357
1.816890
1.816426
1.816426
1.815963
1.815502
1.815043
1.814586
1.814131
1.813678
1.813226
1.812777
1.812329
1.811883
1.811439
1.810997
1.810556
1.810118
1.809681
1.809246
1.808812
1.808381
1.807951
1.807951
1.807523
1.807097
1.806672
1.806250
1.805828
1.805409
1.804992
1.804576
1.804161
1.803749
1.803338
1.802929
1.802521
1.802115
1.801711
1.801309
1.800908
1.800508
1.800111
1.800111
1.799715
1.799320
1.798927
1.798536
1.798146
1.797758
1.797372
1.796987
1.796603
1.796222
1.795841
1.795463
1.795085
1.794710
1.794336
1.793963
1.793592
1.793222
1.792854
1.792854
1.792488
1.792122
1.791759
1.791397
1.791036
1.790677
1.790319
1.789962
1.789607
1.789254
1.788902
1.788551
1.788202
1.787854
1.787508
1.787163
1.786819
1.786477
1.786136
1.786136
1.785797
1.785458
1.785122
1.784786
1.784452
1.784120
1.783788
1.783458
1.783129
1.782802
1.782476
1.782151
1.781828
1.781506
1.781185
1.780865
1.780547
1.780230
1.779914
1.779914
1.779600
1.779287
1.778975
1.778664
1.778355
1.778047
1.777740
1.777434
1.777130
1.776826
1.776524
1.776224
1.775924
1.775626
1.775328
1.775032
1.774737
1.774444
1.774151
1.774151
1.773860
1.773570
1.773281
1.772993
1.772707
1.772421
1.772137
1.771853
1.771571
1.771290
1.771011
1.770732
1.770454
1.770178
1.769902
1.769628
1.769355
1.769083
1.768812
1.768812
1.768542
1.768273
1.768005
1.767739
1.767473
1.767208
1.766945
1.766683
1.766421
1.766161
1.765901
1.765643
1.765386
1.765130
1.764874
1.764620
1.764367
1.764115
1.763864
1.763864
1.763614
1.763365
1.763116
1.762869
1.762623
1.762378
1.762134
1.761890
1.761648
1.761407
1.761167
1.760927
1.760689
1.760451
1.760215
1.759979
1.759745
1.759511
1.759278
1.759278
1.759046
1.758815
1.758585
1.758356
1.758128
1.757901
1.757674
1.757449
1.757224
1.757001
1.756778
1.756556
1.756335
1.756115
1.755896
1.755677
1.755460
1.755243
1.755027
1.755027
1.754813
1.754599
1.754385
1.754173
1.753961
1.753751
1.753541
1.753332
1.753124
1.752916
1.752710
1.752504
1.752299
1.752095
1.751892
1.751690
1.751488
1.751287
1.751087
1.751087
1.750888
1.750690
1.750492
1.750295
1.750099
1.749904
1.749709
1.749515
1.749322
1.749130
1.748939
1.748748
1.748558
1.748369
1.748181
1.747993
1.747806
1.747620
1.747435
1.747435
1.747250
1.747066
1.746883
1.746700
1.746518
1.746337
1.746157
1.745977
1.745798
1.745620
1.745443
1.745266
1.745090
1.744915
1.744740
1.744566
1.744393
1.744220
1.744048
1.744048
1.743877
1.743706
1.743537
1.743367
1.743199
1.743031
1.742864
1.742697
1.742531
1.742366
1.742202
1.742038
1.741875
1.741712
1.741550
1.741389
1.741228
1.741068
1.740909
1.740909
1.740750
1.740592
1.740435
1.740278
1.740122
1.739966
1.739811
1.739657
1.739503
1.739350
1.739197
1.739045
1.738894
1.738743
1.738593
1.738444
1.738295
1.738146
1.737999
1.737999
1.737851
1.737705
1.737559
1.737414
1.737269
1.737124
1.736981
1.736838
1.736695
1.736553
1.736412
1.736271
1.736131
1.735991
1.735852
1.735713
1.735575
1.735438
1.735301
1.735301
1.735164
1.735029
1.734893
1.734758
1.734624
1.734490
1.734357
1.734225
1.734093
1.733961
1.733830
1.733699
1.733569
1.733440
1.733311
1.733182
1.733054
1.732927
1.732800
1.732800
1.732674
1.732548
1.732422
1.732297
1.732173
1.732049
1.731926
1.731803
1.731680
1.731558
1.731437
1.731316
1.731195
1.731075
1.730956
1.730837
1.730718
1.730600
1.730482
1.730482
1.730365
1.730248
1.730132
1.730016
1.729901
1.729786
1.729672
1.729558
1.729444
1.729331
1.729219
1.729107
1.728995
1.728884
1.728773
1.728663
1.728553
1.728443
1.728334
1.728334
1.728226
1.728117
1.728010
1.727902
1.727796
1.727689
1.727583
1.727477
1.727372
1.727268
1.727163
1.727059
1.726956
1.726853
1.726750
1.726648
1.726546
1.726445
1.726344
1.726344
1.726243
1.726143
1.726043
1.725944
1.725845
1.725746
1.725648
1.725550
1.725452
1.725355
1.725259
1.725163
1.725067
1.724971
1.724876
1.724781
1.724687
1.724593
1.724499
1.724499
1.724406
1.724313
1.724221
1.724129
1.724037
1.723946
1.723855
1.723764
1.723674
1.723584
1.723494
1.723405
1.723316
1.723228
1.723140
1.723052
1.722965
1.722878
1.722791
1.722791
1.722705
1.722619
1.722533
1.722448
1.722363
1.722278
1.722194
1.722110
1.722026
1.721943
1.721860
1.721778
1.721695
1.721613
1.721532
1.721450
1.721370
1.721289
1.721209
1.721209
1.721129
1.721049
1.720970
1.720891
1.720812
1.720734
1.720656
1.720578
1.720500
1.720423
1.720347
1.720270
1.720194
1.720118
1.720042
1.719967
1.719892
1.719818
1.719743
1.719743
1.719669
1.719596
1.719522
1.719449
1.719376
1.719304
1.719231
1.719159
1.719088
1.719016
1.718945
1.718874
1.718804
1.718734
1.718664
1.718594
1.718525
1.718456
1.718387
1.718387
1.718318
1.718250
1.718182
1.718114
1.718047
1.717980
1.717913
1.717846
1.717780
1.717714
1.717648
1.717582
1.717517
1.717452
1.717387
1.717323
1.717259
1.717195
1.717131
1.717131
1.717068
1.717004
1.716941
1.716879
1.716816
1.716754
1.716692
1.716631
1.716569
1.716508
1.716447
1.716387
1.716326
1.716266
1.716206
1.716146
1.716087
1.716028
1.715969
1.715969
1.715910
1.715852
1.715794
1.715736
1.715678
1.715620
1.715563
1.715506
1.715449
1.715393
1.715336
1.715280
1.715224
1.715169
1.715113
1.715058
1.715003
1.714948
1.714894
1.714894
1.714839
1.714785
1.714732
1.714678
1.714624
1.714571
1.714518
1.714466
1.714413
1.714361
1.714309
1.714257
1.714205
1.714154
1.714102
1.714051
1.714000
1.713950
1.713899
1.713899
1.713849
1.713799
1.713749
1.713700
1.713650
1.713601
1.713552
1.713503
1.713455
1.713406
1.713358
1.713310
1.713262
1.713215
1.713167
1.713120
1.713073
1.713026
1.712980
1.712980
1.712933
1.712887
1.712841
1.712795
1.712750
1.712704
1.712659
1.712614
1.712569
1.712524
1.712480
1.712435
1.712391
1.712347
1.712303
1.712260
1.712216
1.712173
1.712130
1.712130
1.712087
1.712044
1.712002
1.711959
1.711917
1.711875
1.711833
1.711792
1.711750
1.711709
1.711668
1.711627
1.711586
1.711545
1.711505
1.711464
1.711424
1.711384
1.711344
1.711344
1.711305
1.711265
1.711226
1.711187
1.711148
1.711109
1.711070
1.711032
1.710993
1.710955
1.710917
1.710879
1.710842
1.710804
1.710767
1.710730
1.710692
1.710656
1.710619
1.710619
1.710582
1.710546
1.710509
1.710473
1.710437
1.710401
1.710366
1.710330
1.710295
1.710259
1.710224
1.710189
1.710154
1.710120
1.710085
1.710051
1.710017
1.709983
1.709949
1.709949
1.709915
1.709881
1.709848
1.709814
1.709781
1.709748
1.709715
1.709682
1.709649
1.709617
1.709584
1.709552
1.709520
1.709488
1.709456
1.709424
1.709393
1.709361
1.709330
1.709330
1.709299
1.709268
1.709237
1.709206
1.709175
1.709145
1.709114
1.709084
1.709054
1.709024
1.708994
1.708964
1.708934
1.708905
1.708876
1.708846
1.708817
1.708788
1.708759
1.708759
1.708730
1.708702
1.708673
1.708645
1.708616
1.708588
1.708560
1.708532
1.708504
1.708477
1.708449
1.708422
1.708394
1.708367
1.708340
1.708313
1.708286
1.708259
1.708233
1.708233
1.708206
1.708180
1.708153
1.708127
1.708101
1.708075
1.708049
1.708023
1.707998
1.707972
1.707947
1.707921
1.707896
1.707871
1.707846
1.707821
1.707796
1.707772
1.707747
1.707747
1.707723
1.707698
1.707674
1.707650
1.707626
1.707602
1.707578
1.707554
1.707530
1.707507
1.707483
1.707460
1.707437
1.707414
1.707391
1.707368
1.707345
1.707322
1.707300
1.707300
1.707277
1.707255
1.707232
1.707210
1.707188
1.707166
1.707144
1.707122
1.707100
1.707078
1.707057
1.707035
1.707014
1.706993
1.706971
1.706950
1.706929
1.706908
1.706887
1.706887
1.706867
1.706846
1.706825
1.706805
1.706784
1.706764
1.706744
1.706724
1.706704
1.706684
1.706664
1.706644
1.706624
1.706605
1.706585
1.706566
1.706546
1.706527
1.706508
1.706508
1.706489
1.706470
1.706451
1.706432
1.706413
1.706394
1.706376
1.706357
1.706339
1.706320
1.706302
1.706284
1.706266
1.706248
1.706230
1.706212
1.706194
1.706176
1.706158
1.706158
1.706141
1.706123
1.706106
1.706089
1.706071
1.706054
1.706037
1.706020
1.706003
1.705986
1.705969
1.705952
1.705936
1.705919
1.705903
1.705886
1.705870
1.705853
1.705837
1.705837
1.705821
1.705805
1.705789
1.705773
1.705757
1.705741
1.705726
1.705710
1.705694
1.705679
1.705663
1.705648
1.705633
1.705617
1.705602
1.705587
1.705572
1.705557
1.705542
1.705542
1.705527
1.705512
1.705498
1.705483
1.705468
1.705454
1.705439
1.705425
1.705411
1.705396
1.705382
1.705368
1.705354
1.705340
1.705326
1.705312
1.705298
1.705284
1.705271
1.705271
1.705257
1.705243
1.705230
1.705217
1.705203
1.705190
1.705176
1.705163
1.705150
1.705137
1.705124
1.705111
1.705098
1.705085
1.705072
1.705060
1.705047
1.705034
1.705022
1.705022
1.705009
1.704997
1.704984
1.704972
1.704960
1.704947
1.704935
1.704923
1.704911
1.704899
1.704887
1.704875
1.704863
1.704852
1.704840
1.704828
1.704817
1.704805
1.704793
1.704793
1.704782
1.704770
1.704759
1.704748
1.704737
1.704725
1.704714
1.704703
1.704692
1.704681
1.704670
1.704659
1.704648
1.704637
1.704627
1.704616
1.704605
1.704595
1.704584
1.704584
1.704574
1.704563
1.704553
1.704542
1.704532
1.704522
1.704512
1.704501
1.704491
1.704481
1.704471
1.704461
1.704451
1.704441
1.704431
1.704422
1.704412
1.704402
1.704392
1.704392
1.704383
1.704373
1.704364
1.704354
1.704345
1.704335
1.704326
1.704317
1.704307
1.704298
1.704289
1.704280
1.704271
1.704262
1.704253
1.704244
1.704235
1.704226
1.704217
1.704217
1.704208
1.704200
1.704191
1.704182
1.704174
1.704165
1.704156
1.704148
1.704139
1.704131
1.704123
1.704114
1.704106
1.704098
1.704089
1.704081
1.704073
1.704065
1.704057
1.704057
1.704049
1.704041
1.704033
1.704025
1.704017
1.704009
1.704002
1.703994
1.703986
1.703978
1.703971
1.703963
1.703955
1.703948
1.703940
1.703933
1.703926
1.703918
1.703911
1.703911
1.703903
1.703896
1.703889
1.703882
1.703874
1.703867
1.703860
1.703853
1.703846
1.703839
1.703832
1.703825
1.703818
1.703811
1.703804
1.703798
1.703791
1.703784
1.703777
1.703777
1.703771
1.703764
1.703758
1.703751
1.703744
1.703738
1.703731
1.703725
1.703719
1.703712
1.703706
1.703699
1.703693
1.703687
1.703681
1.703674
1.703668
1.703662
1.703656
1.703656
1.703650
1.703644
1.703638
1.703632
1.703626
1.703620
1.703614
1.703608
1.703603
1.703597
1.703591
1.703585
1.703579
1.703574
1.703568
1.703563
1.703557
1.703551
1.703546
1.703546
1.703540
1.703535
1.703529
1.703524
1.703519
1.703513
1.703508
1.703502
1.703497
1.703492
1.703487
1.703481
1.703476
1.703471
1.703466
1.703461
1.703456
1.703451
1.703446
1.703446
1.703441
1.703436
1.703431
1.703426
1.703421
1.703416
1.703411
1.703406
1.703402
1.703397
1.703392
1.703387
1.703383
1.703378
1.703373
1.703369
1.703364
1.703360
1.703355
1.703355
1.703351
1.703346
1.703342
1.703337
1.703333
1.703328
1.703324
1.703320
1.703315
1.703311
1.703307
1.703302
1.703298
1.703294
1.703290
1.703286
1.703281
1.703277
1.703273
1.703273
1.703269
1.703265
1.703261
1.703257
1.703253
1.703249
1.703245
1.703241
1.703237
1.703233
1.703230
1.703226
1.703222
1.703218
1.703214
1.703211
1.703207
1.703203
1.703199
1.703199
1.703196
1.703192
1.703189
1.703185
1.703181
1.703178
1.703174
1.703171
1.703167
1.703164
1.703160
1.703157
1.703153
1.703150
1.703147
1.703143
1.703140
1.703136
1.703133
1.703133
1.703130
1.703127
1.703123
1.703120
1.703117
1.703114
1.703110
1.703107
1.703104
1.703101
1.703098
1.703095
1.703092
1.703089
1.703086
1.703083
1.703080
1.703077
1.703074
1.703074
1.703071
1.703068
1.703065
1.703062
1.703059
1.703056
1.703053
1.703051
1.703048
1.703045
1.703042
1.703040
1.703037
1.703034
1.703031
1.703029
1.703026
1.703023
1.703021
1.703021
1.703018
1.703015
1.703013
1.703010
1.703008
1.703005
1.703003
1.703000
1.702998
1.702995
1.702993
1.702990
1.702988
1.702985
1.702983
1.702981
1.702978
1.702976
1.702974
1.702974
1.702971
1.702969
1.702967
1.702964
1.702962
1.702960
1.702958
1.702955
1.702953
1.702951
1.702949
1.702947
1.702945
1.702942
1.702940
1.702938
1.702936
1.702934
1.702932
1.702932
1.702930
1.702928
1.702926
1.702924
1.702922
1.702920
1.702918
1.702916
1.702914
1.702912
1.702910
1.702908
1.702906
1.702905
1.702903
1.702901
1.702899
1.702897
1.702895
1.702895
1.702894
1.702892
1.702890
1.702888
1.702887
1.702885
1.702883
1.702881
1.702880
1.702878
1.702876
1.702875
1.702873
1.702871
1.702870
1.702868
1.702867
1.702865
1.702863
1.702863
1.702862
1.702860
1.702859
1.702857
1.702856
1.702854
1.702853
1.702851
1.702850
1.702848
1.702847
1.702846
1.702844
1.702843
1.702841
1.702840
1.702839
1.702837
1.702836
1.702836
1.702835
1.702833
1.702832
1.702831
1.702829
1.702828
1.702827
1.702825
1.702824
1.702823
1.702822
1.702820
1.702819
1.702818
1.702817
1.702816
1.702815
1.702813
1.702812
1.702812
1.702811
1.702810
1.702809
1.702808
1.702807
1.702806
1.702804
1.702803
1.702802
1.702801
1.702800
1.702799
1.702798
1.702797
1.702796
1.702795
1.702794
1.702793
1.702792
1.702792
1.702791
1.702790
1.702790
1.702789
1.702788
1.702787
1.702786
1.702785
1.702784
1.702783
1.702782
1.702782
1.702781
1.702780
1.702779
1.702778
1.702777
1.702777
1.702776
1.702776
1.702775
1.702774
1.702774
1.702773
1.702772
1.702771
1.702771
1.702770
1.702769
1.702768
1.702768
1.702767
1.702766
1.702766
1.702765
1.702764
1.702764
1.702763
1.702763
1.702763
1.702762
1.702761
1.702761
1.702760
1.702760
1.702759
1.702758
1.702758
1.702757
1.702757
1.702756
1.702756
1.702755
1.702755
1.702754
1.702754
1.702753
1.702753
1.702752
1.702752
1.702752
1.702751
1.702751
1.702750
1.702750
1.702750
1.702749
1.702749
1.702748
1.702748
1.702747
1.702747
1.702747
1.702746
1.702746
1.702746
1.702745
1.702745
1.702745
1.702745
1.702744
1.702744
1.702744
1.702743
1.702743
1.702743
1.702742
1.702742
1.702742
1.702742
1.702741
1.702741
1.702741
1.702741
1.702740
1.702740
1.702740
1.702740
1.702739
1.702739
1.702739
1.702739
1.702739
1.702739
1.702738
1.702738
1.702738
1.702738
1.702738
1.702738
1.702738
1.702737
1.702737
1.702737
1.702737
1.702737
1.702737
1.702737
1.702737
1.702737
1.702737
1.702736
1.702736
1.702736
1.702736
1.702736
1.702736
1.702736
1.702736
1.702736
1.702736
1.702736
1.702736
1.702736
1.702736
1.702736
1.702736
1.702736
1.702736
1.702736
1.702736
1.702736
1.702736
1.702736
1.702736
1.702736
1.702736
1.702736
1.702736
1.702736
1.702737
1.702737
1.702737
1.702737
1.702737
1.702737
1.702737
1.702737
1.702737
1.702737
1.702738
1.702738
1.702738
1.702738
1.702738
1.702738
1.702738
1.702739
1.702739
1.702739
1.702739
1.702739
1.702739
1.702740
1.702740
1.702740
1.702740
1.702740
1.702741
1.702741
1.702741
1.702741
1.702741
1.702742
1.702742
1.702742
1.702742
1.702743
1.702743
1.702743
1.702743
1.702744
1.702744
1.702744
1.702744
1.702745
1.702745
1.702745
1.702746
1.702746
1.702746
1.702746
1.702747
1.702747
1.702747
1.702747
1.702748
1.702748
1.702749
1.702749
1.702749
1.702750
1.702750
1.702750
1.702751
1.702751
1.702751
1.702752
1.702752
1.702752
1.702753
1.702753
1.702753
1.702754
1.702754
1.702755
1.702755
1.702755
1.702756
1.702756
1.702757
1.702757
1.702758
1.702758
1.702758
1.702759
1.702759
1.702760
1.702760
1.702760
1.702761
1.702761
1.702762
1.702762
1.702763
1.702763
1.702764
1.702764
1.702765
1.702765
1.702766
1.702766
1.702767
1.702767
1.702768
1.702768
1.702769
1.702769
1.702770
1.702770
1.702770
1.702771
1.702771
1.702772
1.702772
1.702773
1.702773
1.702774
1.702775
1.702775
1.702776
1.702776
1.702777
1.702777
1.702778
1.702779
1.702779
1.702780
1.702780
1.702780
1.702781
1.702782
1.702782
1.702783
1.702783
1.702784
1.702785
1.702785
1.702786
1.702787
1.702787
1.702788
1.702788
1.702789
1.702790
1.702790
1.702791
1.702792
1.702792
1.702792
