-0.632978
-0.221093
-0.221027
-0.220964
-0.220903
-0.220846
-0.220790
-0.220738
-0.220687
-0.220639
-0.220592
-0.220548
-0.220505
-0.220464
-0.220425
-0.220387
-0.220350
-0.220315
-0.220281
-0.220248
-0.220217
-0.220186
-0.220157
-0.220129
-0.220101
-0.220075
-0.220050
-0.220025
-0.220001
-0.219978
-0.219956
-0.219934
-0.219913
-0.219893
-0.219873
-0.219854
-0.219836
-0.219818
-0.219801
-0.219784
-0.219768
-0.219752
-0.219736
-0.219722
-0.219707
-0.219693
-0.219680
-0.219666
-0.219654
-0.219641
-0.219629
-0.219617
-0.219606
-0.219595
-0.219584
-0.219574
-0.219564
-0.219554
-0.219544
-0.219535
-0.219526
-0.219517
-0.219509
-0.219501
-0.219493
-0.219485
-0.219477
-0.219470
-0.219463
-0.219456
-0.219449
-0.219443
-0.219437
-0.219430
-0.219424
-0.219419
-0.219413
-0.219408
-0.219402
-0.219397
-0.219392
-0.219388
-0.219383
-0.219378
-0.219374
-0.219370
-0.219366
-0.219362
-0.219358
-0.219354
-0.219351
-0.219347
-0.219344
-0.219341
-0.219338
-0.219335
-0.219332
-0.219329
-0.219326
-0.219324
-0.219321
-0.219319
-0.219316
-0.219314
-0.219312
-0.219310
-0.219308
-0.219306
-0.219304
-0.219303
-0.219301
-0.219300
-0.219298
-0.219297
-0.219295
-0.219294
-0.219293
-0.219292
-0.219291
-0.219290
-0.219289
-0.219288
-0.219287
-0.219287
-0.219286
-0.219285
-0.219285
-0.219284
-0.219284
-0.219284
-0.219283
-0.219283
-0.219283
-0.219283
-0.219283
-0.219282
-0.219282
-0.219282
-0.219283
-0.219283
-0.219283
-0.219283
-0.219283
-0.219284
-0.219284
-0.219284
-0.219285
-0.219285
-0.219286
-0.219286
-0.219287
-0.219287
-0.219288
-0.219289
-0.219289
-0.219290
-0.219291
-0.219292
-0.219293
-0.219293
-0.219294
-0.219295
-0.219296
-0.219297
-0.219298
-0.219299
-0.219300
-0.219302
-0.219303
-0.219304
-0.219305
-0.219306
-0.219308
-0.219309
-0.219310
-0.219311
-0.219313
-0.219314
-0.219316
-0.219317
-0.219318
-0.219320
-0.219321
-0.219323
-0.219324
-0.219326
-0.219327
-0.219329
-0.219331
-0.219332
-0.219334
-0.219336
-0.219337
-0.219339
-0.219341
-0.219342
-0.219344
-0.219346
-0.219348
-0.219349
-0.219349
-0.219351
-0.219353
-0.219355
-0.219357
-0.219359
-0.219361
-0.219362
-0.219364
-0.219366
-0.219368
-0.219370
-0.219372
-0.219374
-0.219376
-0.219378
-0.219380
-0.219382
-0.219384
-0.219386
-0.219388
-0.219391
-0.219393
-0.219395
-0.219397
-0.219399
-0.219401
-0.219403
-0.219405
-0.219408
-0.219410
-0.219412
-0.219414
-0.219416
-0.219419
-0.219421
-0.219423
-0.219425
-0.219428
-0.219430
-0.219432
-0.219435
-0.219437
-0.219439
-0.219441
-0.219444
-0.219446
-0.219448
-0.219451
-0.219453
-0.219455
-0.219458
-0.219460
-0.219463
-0.219465
-0.219467
-0.219470
-0.219472
-0.219475
-0.219477
-0.219479
-0.219482
-0.219484
-0.219487
-0.219489
-0.219492
-0.219494
-0.219497
-0.219499
-0.219502
-0.219504
-0.219507
-0.219509
-0.219512
-0.219514
-0.219517
-0.219519
-0.219522
-0.219524
-0.219527
-0.219529
-0.219532
-0.219534
-0.219537
-0.219539
-0.219542
-0.219544
-0.219547
-0.219550
-0.219552
-0.219555
-0.219557
-0.219560
-0.219563
-0.219565
-0.219568
-0.219570
-0.219573
-0.219575
-0.219578
-0.219581
-0.219583
-0.219586
-0.219589
-0.219591
-0.219594
-0.219596
-0.219599
-0.219602
-0.219604
-0.219607
-0.219610
-0.219612
-0.219615
-0.219618
-0.219620
-0.219623
-0.219626
-0.219628
-0.219631
-0.219633
-0.219636
-0.219639
-0.219641
-0.219644
-0.219647
-0.219649
-0.219652
-0.219655
-0.219658
-0.219660
-0.219663
-0.219666
-0.219668
-0.219671
-0.219674
-0.219676
-0.219679
-0.219682
-0.219684
-0.219687
-0.219690
-0.219692
-0.219695
-0.219698
-0.219701
-0.219703
-0.219706
-0.219709
-0.219711
-0.219714
-0.219717
-0.219720
-0.219722
-0.219725
-0.219728
-0.219730
-0.219733
-0.219736
-0.219739
-0.219741
-0.219744
-0.219747
-0.219749
-0.219752
-0.219755
-0.219758
-0.219760
-0.219763
-0.219766
-0.219768
-0.219771
-0.219774
-0.219777
-0.219779
-0.219782
-0.219785
-0.219787
-0.219790
-0.219793
-0.219796
-0.219798
-0.219801
-0.219804
-0.219807
-0.219809
-0.219812
-0.219815
-0.219817
-0.219820
-0.219823
-0.219826
-0.219828
-0.219831
-0.219834
-0.219836
-0.219839
-0.219842
-0.219845
-0.219847
-0.219847
-0.219850
-0.219853
-0.219856
-0.219858
-0.219861
-0.219864
-0.219866
-0.219869
-0.219872
-0.219875
-0.219877
-0.219880
-0.219883
-0.219885
-0.219888
-0.219891
-0.219894
-0.219896
-0.219899
-0.219902
-0.219904
-0.219907
-0.219910
-0.219913
-0.219915
-0.219918
-0.219921
-0.219924
-0.219926
-0.219929
-0.219932
-0.219934
-0.219937
-0.219940
-0.219942
-0.219945
-0.219948
-0.219951
-0.219953
-0.219956
-0.219959
-0.219961
-0.219964
-0.219967
-0.219970
-0.219972
-0.219975
-0.219978
-0.219980
-0.219983
-0.219986
-0.219988
-0.219991
-0.219994
-0.219997
-0.219999
-0.220002
-0.220005
-0.220007
-0.220010
-0.220013
-0.220015
-0.220018
-0.220021
-0.220023
-0.220026
-0.220029
-0.220031
-0.220034
-0.220037
-0.220040
-0.220042
-0.220045
-0.220048
-0.220050
-0.220053
-0.220056
-0.220058
-0.220061
-0.220064
-0.220066
-0.220069
-0.220072
-0.220074
-0.220077
-0.220080
-0.220082
-0.220085
-0.220088
-0.220090
-0.220093
-0.220096
-0.220098
-0.220101
-0.220104
-0.220106
-0.220109
-0.220111
-0.220114
-0.220117
-0.220119
-0.220122
-0.220125
-0.220127
-0.220130
-0.220133
-0.220135
-0.220138
-0.220141
-0.220143
-0.220146
-0.220149
-0.220151
-0.220154
-0.220156
-0.220159
-0.220162
-0.220164
-0.220167
-0.220170
-0.220172
-0.220175
-0.220177
-0.220180
-0.220183
-0.220185
-0.220188
-0.220191
-0.220193
-0.220196
-0.220198
-0.220201
-0.220204
-0.220206
-0.220209
-0.220211
-0.220214
-0.220217
-0.220219
-0.220222
-0.220224
-0.220227
-0.220230
-0.220232
-0.220235
-0.220237
-0.220240
-0.220243
-0.220245
-0.220248
-0.220250
-0.220253
-0.220256
-0.220258
-0.220261
-0.220263
-0.220266
-0.220269
-0.220271
-0.220274
-0.220276
-0.220279
-0.220281
-0.220284
-0.220287
-0.220289
-0.220292
-0.220294
-0.220297
-0.220299
-0.220302
-0.220304
-0.220307
-0.220310
-0.220312
-0.220315
-0.220317
-0.220320
-0.220322
-0.220325
-0.220328
-0.220330
-0.220333
-0.220335
-0.220338
-0.220340
-0.220343
-0.220345
-0.220348
-0.220350
-0.220353
-0.220355
-0.220358
-0.220361
-0.220363
-0.220366
-0.220368
-0.220371
-0.220373
-0.220373
-0.220376
-0.220378
-0.220381
-0.220383
-0.220386
-0.220388
-0.220391
-0.220393
-0.220396
-0.220398
-0.220401
-0.220403
-0.220406
-0.220408
-0.220411
-0.220413
-0.220416
-0.220418
-0.220421
-0.220423
-0.220426
-0.220428
-0.220431
-0.220433
-0.220436
-0.220438
-0.220441
-0.220443
-0.220446
-0.220448
-0.220451
-0.220453
-0.220456
-0.220458
-0.220461
-0.220463
-0.220466
-0.220468
-0.220471
-0.220473
-0.220476
-0.220478
-0.220481
-0.220483
-0.220485
-0.220488
-0.220490
-0.220493
-0.220495
-0.220498
-0.220500
-0.220503
-0.220505
-0.220508
-0.220510
-0.220513
-0.220515
-0.220517
-0.220520
-0.220522
-0.220525
-0.220527
-0.220530
-0.220532
-0.220535
-0.220537
-0.220539
-0.220542
-0.220544
-0.220547
-0.220549
-0.220552
-0.220554
-0.220556
-0.220559
-0.220561
-0.220564
-0.220566
-0.220569
-0.220571
-0.220573
-0.220576
-0.220578
-0.220581
-0.220583
-0.220585
-0.220588
-0.220590
-0.220593
-0.220595
-0.220597
-0.220600
-0.220602
-0.220605
-0.220607
-0.220609
-0.220612
-0.220614
-0.220617
-0.220619
-0.220621
-0.220624
-0.220626
-0.220629
-0.220631
-0.220633
-0.220636
-0.220638
-0.220641
-0.220643
-0.220645
-0.220648
-0.220650
-0.220652
-0.220655
-0.220657
-0.220660
-0.220662
-0.220664
-0.220667
-0.220669
-0.220671
-0.220674
-0.220676
-0.220678
-0.220681
-0.220683
-0.220686
-0.220688
-0.220690
-0.220693
-0.220695
-0.220697
-0.220700
-0.220702
-0.220704
-0.220707
-0.220709
-0.220711
-0.220714
-0.220716
-0.220718
-0.220721
-0.220723
-0.220725
-0.220728
-0.220730
-0.220732
-0.220735
-0.220737
-0.220739
-0.220742
-0.220744
-0.220746
-0.220749
-0.220751
-0.220753
-0.220756
-0.220758
-0.220760
-0.220763
-0.220765
-0.220767
-0.220770
-0.220772
-0.220774
-0.220776
-0.220779
-0.220781
-0.220783
-0.220786
-0.220788
-0.220790
-0.220793
-0.220795
-0.220797
-0.220799
-0.220802
-0.220804
-0.220806
-0.220809
-0.220811
-0.220813
-0.220815
-0.220818
-0.220820
-0.220822
-0.220825
-0.220827
-0.220829
-0.220831
-0.220834
-0.220836
-0.220838
-0.220840
-0.220843
-0.220845
-0.220847
-0.220850
-0.220850
-0.220852
-0.220854
-0.220856
-0.220859
-0.220861
-0.220863
-0.220865
-0.220868
-0.220870
-0.220872
-0.220874
-0.220877
-0.220879
-0.220881
-0.220883
-0.220886
-0.220888
-0.220890
-0.220892
-0.220895
-0.220897
-0.220899
-0.220901
-0.220904
-0.220906
-0.220908
-0.220910
-0.220913
-0.220915
-0.220917
-0.220919
-0.220921
-0.220924
-0.220926
-0.220928
-0.220930
-0.220933
-0.220935
-0.220937
-0.220939
-0.220941
-0.220944
-0.220946
-0.220948
-0.220950
-0.220953
-0.220955
-0.220957
-0.220959
-0.220961
-0.220964
-0.220966
-0.220968
-0.220970
-0.220972
-0.220975
-0.220977
-0.220979
-0.220981
-0.220983
-0.220986
-0.220988
-0.220990
-0.220992
-0.220994
-0.220996
-0.220999
-0.221001
-0.221003
-0.221005
-0.221007
-0.221010
-0.221012
-0.221014
-0.221016
-0.221018
-0.221020
-0.221023
-0.221025
-0.221027
-0.221029
-0.221031
-0.221034
-0.221036
-0.221038
-0.221040
-0.221042
-0.221044
-0.221046
-0.221049
-0.221051
-0.221053
-0.221055
-0.221057
-0.221059
-0.221062
-0.221064
-0.221066
-0.221068
-0.221070
-0.221072
-0.221074
-0.221077
-0.221079
-0.221081
-0.221083
-0.221085
-0.221087
-0.221089
-0.221092
-0.221094
-0.221096
-0.221098
-0.221100
-0.221102
-0.221104
-0.221107
-0.221109
-0.221111
-0.221113
-0.221115
-0.221117
-0.221119
-0.221121
-0.221124
-0.221126
-0.221128
-0.221130
-0.221132
-0.221134
-0.221136
-0.221138
-0.221140
-0.221143
-0.221145
-0.221147
-0.221149
-0.221151
-0.221153
-0.221155
-0.221157
-0.221159
-0.221162
-0.221164
-0.221166
-0.221168
-0.221170
-0.221172
-0.221174
-0.221176
-0.221178
-0.221180
-0.221183
-0.221185
-0.221187
-0.221189
-0.221191
-0.221193
-0.221195
-0.221197
-0.221199
-0.221201
-0.221203
-0.221205
-0.221208
-0.221210
-0.221212
-0.221214
-0.221216
-0.221218
-0.221220
-0.221222
-0.221224
-0.221226
-0.221228
-0.221230
-0.221232
-0.221234
-0.221237
-0.221239
-0.221241
-0.221243
-0.221245
-0.221247
-0.221249
-0.221251
-0.221253
-0.221255
-0.221257
-0.221259
-0.221261
-0.221263
-0.221265
-0.221267
-0.221269
-0.221271
-0.221274
-0.221276
-0.221278
-0.221278
-0.221280
-0.221282
-0.221284
-0.221286
-0.221288
-0.221290
-0.221292
-0.221294
-0.221296
-0.221298
-0.221300
-0.221302
-0.221304
-0.221306
-0.221308
-0.221310
-0.221312
-0.221314
-0.221316
-0.221318
-0.221320
-0.221322
-0.221324
-0.221326
-0.221328
-0.221330
-0.221332
-0.221334
-0.221336
-0.221338
-0.221341
-0.221343
-0.221345
-0.221347
-0.221349
-0.221351
-0.221353
-0.221355
-0.221357
-0.221359
-0.221361
-0.221363
-0.221365
-0.221367
-0.221369
-0.221371
-0.221373
-0.221375
-0.221377
-0.221379
-0.221381
-0.221383
-0.221385
-0.221387
-0.221389
-0.221391
-0.221393
-0.221395
-0.221397
-0.221398
-0.221400
-0.221402
-0.221404
-0.221406
-0.221408
-0.221410
-0.221412
-0.221414
-0.221416
-0.221418
-0.221420
-0.221422
-0.221424
-0.221426
-0.221428
-0.221430
-0.221432
-0.221434
-0.221436
-0.221438
-0.221440
-0.221442
-0.221444
-0.221446
-0.221448
-0.221450
-0.221452
-0.221454
-0.221456
-0.221458
-0.221460
-0.221462
-0.221464
-0.221465
-0.221467
-0.221469
-0.221471
-0.221473
-0.221475
-0.221477
-0.221479
-0.221481
-0.221483
-0.221485
-0.221487
-0.221489
-0.221491
-0.221493
-0.221495
-0.221497
-0.221499
-0.221500
-0.221502
-0.221504
-0.221506
-0.221508
-0.221510
-0.221512
-0.221514
-0.221516
-0.221518
-0.221520
-0.221522
-0.221524
-0.221526
-0.221528
-0.221529
-0.221531
-0.221533
-0.221535
-0.221537
-0.221539
-0.221541
-0.221543
-0.221545
-0.221547
-0.221549
-0.221551
-0.221553
-0.221554
-0.221556
-0.221558
-0.221560
-0.221562
-0.221564
-0.221566
-0.221568
-0.221570
-0.221572
-0.221574
-0.221575
-0.221577
-0.221579
-0.221581
-0.221583
-0.221585
-0.221587
-0.221589
-0.221591
-0.221593
-0.221594
-0.221596
-0.221598
-0.221600
-0.221602
-0.221604
-0.221606
-0.221608
-0.221610
-0.221611
-0.221613
-0.221615
-0.221617
-0.221619
-0.221621
-0.221623
-0.221625
-0.221627
-0.221628
-0.221630
-0.221632
-0.221634
-0.221636
-0.221638
-0.221640
-0.221642
-0.221643
-0.221645
-0.221647
-0.221649
-0.221651
-0.221653
-0.221655
-0.221657
-0.221658
-0.221660
-0.221662
-0.221664
-0.221666
-0.221666
-0.221668
-0.221670
-0.221671
-0.221673
-0.221675
-0.221677
-0.221679
-0.221681
-0.221683
-0.221684
-0.221686
-0.221688
-0.221690
-0.221692
-0.221694
-0.221696
-0.221697
-0.221699
-0.221701
-0.221703
-0.221705
-0.221707
-0.221709
-0.221710
-0.221712
-0.221714
-0.221716
-0.221718
-0.221720
-0.221721
-0.221723
-0.221725
-0.221727
-0.221729
-0.221731
-0.221732
-0.221734
-0.221736
-0.221738
-0.221740
-0.221742
-0.221744
-0.221745
-0.221747
-0.221749
-0.221751
-0.221753
-0.221754
-0.221756
-0.221758
-0.221760
-0.221762
-0.221764
-0.221765
-0.221767
-0.221769
-0.221771
-0.221773
-0.221775
-0.221776
-0.221778
-0.221780
-0.221782
-0.221784
-0.221785
-0.221787
-0.221789
-0.221791
-0.221793
-0.221794
-0.221796
-0.221798
-0.221800
-0.221802
-0.221804
-0.221805
-0.221807
-0.221809
-0.221811
-0.221813
-0.221814
-0.221816
-0.221818
-0.221820
-0.221822
-0.221823
-0.221825
-0.221827
-0.221829
-0.221831
-0.221832
-0.221834
-0.221836
-0.221838
-0.221840
-0.221841
-0.221843
-0.221845
-0.221847
-0.221848
-0.221850
-0.221852
-0.221854
-0.221856
-0.221857
-0.221859
-0.221861
-0.221863
-0.221865
-0.221866
-0.221868
-0.221870
-0.221872
-0.221873
-0.221875
-0.221877
-0.221879
-0.221881
-0.221882
-0.221884
-0.221886
-0.221888
-0.221889
-0.221891
-0.221893
-0.221895
-0.221897
-0.221898
-0.221900
-0.221902
-0.221904
-0.221905
-0.221907
-0.221909
-0.221911
-0.221912
-0.221914
-0.221916
-0.221918
-0.221919
-0.221921
-0.221923
-0.221925
-0.221926
-0.221928
-0.221930
-0.221932
-0.221934
-0.221935
-0.221937
-0.221939
-0.221941
-0.221942
-0.221944
-0.221946
-0.221948
-0.221949
-0.221951
-0.221953
-0.221955
-0.221956
-0.221958
-0.221960
-0.221961
-0.221963
-0.221965
-0.221967
-0.221968
-0.221970
-0.221972
-0.221974
-0.221975
-0.221977
-0.221979
-0.221981
-0.221982
-0.221984
-0.221986
-0.221988
-0.221989
-0.221991
-0.221993
-0.221994
-0.221996
-0.221998
-0.222000
-0.222001
-0.222003
-0.222005
-0.222007
-0.222008
-0.222010
-0.222012
-0.222014
-0.222015
-0.222017
-0.222019
-0.222020
-0.222022
-0.222022
-0.222024
-0.222026
-0.222027
-0.222029
-0.222031
-0.222032
-0.222034
-0.222036
-0.222038
-0.222039
-0.222041
-0.222043
-0.222044
-0.222046
-0.222048
-0.222050
-0.222051
-0.222053
-0.222055
-0.222056
-0.222058
-0.222060
-0.222062
-0.222063
-0.222065
-0.222067
-0.222068
-0.222070
-0.222072
-0.222073
-0.222075
-0.222077
-0.222079
-0.222080
-0.222082
-0.222084
-0.222085
-0.222087
-0.222089
-0.222090
-0.222092
-0.222094
-0.222095
-0.222097
-0.222099
-0.222101
-0.222102
-0.222104
-0.222106
-0.222107
-0.222109
-0.222111
-0.222112
-0.222114
-0.222116
-0.222117
-0.222119
-0.222121
-0.222123
-0.222124
-0.222126
-0.222128
-0.222129
-0.222131
-0.222133
-0.222134
-0.222136
-0.222138
-0.222139
-0.222141
-0.222143
-0.222144
-0.222146
-0.222148
-0.222149
-0.222151
-0.222153
-0.222154
-0.222156
-0.222158
-0.222159
-0.222161
-0.222163
-0.222164
-0.222166
-0.222168
-0.222169
-0.222171
-0.222173
-0.222174
-0.222176
-0.222178
-0.222179
-0.222181
-0.222183
-0.222184
-0.222186
-0.222188
-0.222189
-0.222191
-0.222193
-0.222194
-0.222196
-0.222198
-0.222199
-0.222201
-0.222203
-0.222204
-0.222206
-0.222208
-0.222209
-0.222211
-0.222213
-0.222214
-0.222216
-0.222217
-0.222219
-0.222221
-0.222222
-0.222224
-0.222226
-0.222227
-0.222229
-0.222231
-0.222232
-0.222234
-0.222236
-0.222237
-0.222239
-0.222241
-0.222242
-0.222244
-0.222245
-0.222247
-0.222249
-0.222250
-0.222252
-0.222254
-0.222255
-0.222257
-0.222259
-0.222260
-0.222262
-0.222263
-0.222265
-0.222267
-0.222268
-0.222270
-0.222272
-0.222273
-0.222275
-0.222276
-0.222278
-0.222280
-0.222281
-0.222283
-0.222285
-0.222286
-0.222288
-0.222289
-0.222291
-0.222293
-0.222294
-0.222296
-0.222298
-0.222299
-0.222301
-0.222302
-0.222304
-0.222306
-0.222307
-0.222309
-0.222311
-0.222312
-0.222314
-0.222315
-0.222317
-0.222319
-0.222320
-0.222322
-0.222323
-0.222325
-0.222327
-0.222328
-0.222330
-0.222332
-0.222333
-0.222335
-0.222336
-0.222338
-0.222340
-0.222341
-0.222343
-0.222344
-0.222346
-0.222348
-0.222349
-0.222351
-0.222352
-0.222352
-0.222354
-0.222356
-0.222357
-0.222359
-0.222360
-0.222362
-0.222364
-0.222365
-0.222367
-0.222368
-0.222370
-0.222372
-0.222373
-0.222375
-0.222376
-0.222378
-0.222380
-0.222381
-0.222383
-0.222384
-0.222386
-0.222388
-0.222389
-0.222391
-0.222392
-0.222394
-0.222395
-0.222397
-0.222399
-0.222400
-0.222402
-0.222403
-0.222405
-0.222407
-0.222408
-0.222410
-0.222411
-0.222413
-0.222415
-0.222416
-0.222418
-0.222419
-0.222421
-0.222422
-0.222424
-0.222426
-0.222427
-0.222429
-0.222430
-0.222432
-0.222433
-0.222435
-0.222437
-0.222438
-0.222440
-0.222441
-0.222443
-0.222444
-0.222446
-0.222448
-0.222449
-0.222451
-0.222452
-0.222454
-0.222455
-0.222457
-0.222459
-0.222460
-0.222462
-0.222463
-0.222465
-0.222466
-0.222468
-0.222470
-0.222471
-0.222473
-0.222474
-0.222476
-0.222477
-0.222479
-0.222481
-0.222482
-0.222484
-0.222485
-0.222487
-0.222488
-0.222490
-0.222491
-0.222493
-0.222495
-0.222496
-0.222498
-0.222499
-0.222501
-0.222502
-0.222504
-0.222505
-0.222507
-0.222509
-0.222510
-0.222512
-0.222513
-0.222515
-0.222516
-0.222518
-0.222519
-0.222521
-0.222523
-0.222524
-0.222526
-0.222527
-0.222529
-0.222530
-0.222532
-0.222533
-0.222535
-0.222536
-0.222538
-0.222540
-0.222541
-0.222543
-0.222544
-0.222546
-0.222547
-0.222549
-0.222550
-0.222552
-0.222553
-0.222555
-0.222556
-0.222558
-0.222560
-0.222561
-0.222563
-0.222564
-0.222566
-0.222567
-0.222569
-0.222570
-0.222572
-0.222573
-0.222575
-0.222576
-0.222578
-0.222579
-0.222581
-0.222583
-0.222584
-0.222586
-0.222587
-0.222589
-0.222590
-0.222592
-0.222593
-0.222595
-0.222596
-0.222598
-0.222599
-0.222601
-0.222602
-0.222604
-0.222605
-0.222607
-0.222608
-0.222610
-0.222611
-0.222613
-0.222615
-0.222616
-0.222618
-0.222619
-0.222621
-0.222622
-0.222624
-0.222625
-0.222627
-0.222628
-0.222630
-0.222631
-0.222633
-0.222634
-0.222636
-0.222637
-0.222639
-0.222640
-0.222642
-0.222643
-0.222645
-0.222646
-0.222648
-0.222649
-0.222651
-0.222652
-0.222654
-0.222655
-0.222657
-0.222658
-0.222660
-0.222661
-0.222661
-0.222663
-0.222664
-0.222666
-0.222667
-0.222669
-0.222670
-0.222672
-0.222673
-0.222675
-0.222676
-0.222678
-0.222679
-0.222681
-0.222682
-0.222684
-0.222685
-0.222687
-0.222688
-0.222690
-0.222691
-0.222693
-0.222694
-0.222696
-0.222697
-0.222699
-0.222700
-0.222702
-0.222703
-0.222705
-0.222706
-0.222708
-0.222709
-0.222711
-0.222712
-0.222714
-0.222715
-0.222717
-0.222718
-0.222720
-0.222721
-0.222723
-0.222724
-0.222726
-0.222727
-0.222729
-0.222730
-0.222732
-0.222733
-0.222735
-0.222736
-0.222738
-0.222739
-0.222741
-0.222742
-0.222744
-0.222745
-0.222747
-0.222748
-0.222750
-0.222751
-0.222752
-0.222754
-0.222755
-0.222757
-0.222758
-0.222760
-0.222761
-0.222763
-0.222764
-0.222766
-0.222767
-0.222769
-0.222770
-0.222772
-0.222773
-0.222775
-0.222776
-0.222778
-0.222779
-0.222781
-0.222782
-0.222783
-0.222785
-0.222786
-0.222788
-0.222789
-0.222791
-0.222792
-0.222794
-0.222795
-0.222797
-0.222798
-0.222800
-0.222801
-0.222803
-0.222804
-0.222805
-0.222807
-0.222808
-0.222810
-0.222811
-0.222813
-0.222814
-0.222816
-0.222817
-0.222819
-0.222820
-0.222822
-0.222823
-0.222824
-0.222826
-0.222827
-0.222829
-0.222830
-0.222832
-0.222833
-0.222835
-0.222836
-0.222838
-0.222839
-0.222841
-0.222842
-0.222843
-0.222845
-0.222846
-0.222848
-0.222849
-0.222851
-0.222852
-0.222854
-0.222855
-0.222856
-0.222858
-0.222859
-0.222861
-0.222862
-0.222864
-0.222865
-0.222867
-0.222868
-0.222870
-0.222871
-0.222872
-0.222874
-0.222875
-0.222877
-0.222878
-0.222880
-0.222881
-0.222883
-0.222884
-0.222885
-0.222887
-0.222888
-0.222890
-0.222891
-0.222893
-0.222894
-0.222896
-0.222897
-0.222898
-0.222900
-0.222901
-0.222903
-0.222904
-0.222906
-0.222907
-0.222908
-0.222910
-0.222911
-0.222913
-0.222914
-0.222916
-0.222917
-0.222919
-0.222920
-0.222921
-0.222923
-0.222924
-0.222926
-0.222927
-0.222929
-0.222930
-0.222931
-0.222933
-0.222934
-0.222936
-0.222937
-0.222939
-0.222940
-0.222941
-0.222943
-0.222944
-0.222946
-0.222947
-0.222949
-0.222950
-0.222951
-0.222953
-0.222953
