0.392866
-0.206356
-0.212026
-0.220960
-0.232049
-0.244756
-0.258357
-0.272447
-0.286874
-0.301596
-0.316599
-0.331864
-0.347350
-0.362997
-0.378725
-0.394436
-0.410023
-0.425370
-0.440360
-0.454876
-0.468802
-0.482030
-0.494457
-0.505997
-0.516578
-0.526151
-0.534695
-0.542214
-0.548752
-0.554390
-0.559257
-0.563529
-0.567421
-0.571172
-0.575012
-0.579145
-0.583728
-0.588871
-0.594633
-0.601030
-0.608040
-0.615608
-0.623653
-0.632078
-0.640778
-0.649644
-0.658568
-0.667445
-0.676196
-0.684784
-0.693204
-0.701417
-0.709347
-0.716894
-0.723960
-0.730453
-0.736282
-0.741347
-0.745541
-0.748751
-0.750871
-0.751834
-0.751626
-0.750313
-0.748079
-0.745248
-0.742205
-0.739295
-0.736750
-0.734684
-0.733123
-0.732038
-0.731373
-0.731066
-0.731054
-0.731282
-0.731702
-0.732273
-0.732962
-0.733739
-0.734583
-0.735474
-0.736396
-0.737337
-0.738287
-0.739238
-0.740183
-0.741118
-0.742038
-0.742941
-0.743824
-0.744687
-0.745528
-0.746349
-0.747152
-0.747939
-0.748717
-0.749492
-0.750276
-0.751079
-0.751913
-0.752781
-0.753656
-0.754480
-0.755223
-0.755919
-0.756625
-0.757366
-0.758138
-0.758933
-0.759747
-0.760586
-0.761455
-0.762360
-0.763311
-0.764319
-0.765408
-0.766622
-0.768072
-0.769594
-0.770421
-0.774034
-0.778292
-0.778523
-0.782097
-0.783318
-0.781553
-0.784660
-0.789303
-0.792473
-0.796130
-0.800615
-0.805568
-0.811030
-0.817068
-0.823643
-0.830690
-0.838122
-0.845825
-0.853667
-0.861517
-0.869258
-0.876798
-0.884071
-0.891039
-0.897686
-0.904008
-0.910011
-0.915708
-0.921113
-0.926242
-0.931112
-0.935741
-0.940144
-0.944339
-0.948343
-0.952172
-0.955841
-0.959367
-0.962765
-0.966051
-0.969241
-0.972348
-0.975382
-0.978353
-0.981271
-0.984146
-0.986989
-0.989807
-0.992610
-0.995404
-0.998198
-1.000999
-1.003812
-1.006640
-1.009488
-1.012357
-1.015252
-1.018173
-1.021123
-1.024102
-1.027110
-1.030150
-1.033221
-1.036327
-1.039468
-1.042644
-1.045854
-1.049096
-1.052368
-1.055670
-1.059003
-1.062369
-1.065772
-1.069214
-1.072700
-1.076229
-1.079803
-1.083421
-1.087080
-1.090777
-1.094503
-1.098246
-1.101991
-1.105724
-1.109442
-1.113149
-1.116859
-1.120590
-1.124365
-1.128206
-1.132134
-1.136149
-1.140192
-1.144178
-1.148067
-1.151895
-1.155703
-1.159503
-1.163279
-1.166989
-1.170570
-1.173996
-1.177310
-1.180594
-1.183906
-1.187268
-1.190687
-1.194164
-1.197695
-1.201278
-1.204910
-1.208587
-1.212308
-1.216071
-1.219875
-1.223718
-1.227600
-1.231519
-1.235476
-1.239468
-1.243496
-1.247561
-1.251670
-1.256250
-1.260170
-1.264059
-1.268350
-1.274158
-1.277618
-1.281315
-1.286285
-1.290920
-1.294833
-1.299548
-1.304038
-1.308441
-1.312912
-1.317442
-1.322033
-1.326659
-1.331322
-1.336005
-1.340713
-1.345432
-1.350163
-1.354891
-1.359618
-1.364325
-1.369016
-1.373670
-1.378293
-1.382865
-1.387387
-1.391844
-1.396233
-1.400543
-1.404769
-1.408906
-1.412959
-1.416942
-1.420879
-1.424802
-1.428739
-1.432705
-1.436700
-1.440715
-1.444731
-1.448726
-1.452675
-1.456555
-1.460341
-1.464011
-1.467544
-1.470922
-1.474129
-1.477155
-1.479991
-1.482630
-1.485059
-1.485059
-1.487253
-1.489174
-1.490759
-1.491925
-1.492564
-1.492555
-1.491775
-1.490115
-1.487518
-1.484042
-1.479944
-1.475682
-1.471750
-1.468456
-1.465835
-1.463747
-1.462006
-1.460463
-1.459021
-1.457627
-1.456254
-1.454892
-1.453544
-1.452226
-1.450970
-1.449821
-1.448838
-1.448075
-1.447598
-1.447438
-1.447653
-1.448232
-1.449231
-1.450584
-1.452368
-1.454446
-1.456955
-1.459659
-1.462799
-1.466009
-1.469719
-1.473362
-1.477699
-1.481725
-1.486435
-1.490333
-1.494577
-1.497318
-1.500259
-1.500713
-1.501865
-1.500285
-1.500435
-1.499490
-1.500820
-1.502071
-1.504862
-1.507578
-1.511249
-1.514821
-1.519046
-1.523262
-1.527872
-1.532692
-1.537548
-1.542958
-1.547932
-1.553837
-1.558862
-1.565083
-1.570167
-1.576512
-1.581695
-1.588000
-1.593328
-1.599484
-1.604976
-1.610946
-1.616543
-1.622343
-1.627941
-1.633606
-1.639160
-1.644746
-1.650265
-1.655823
-1.661326
-1.666898
-1.672413
-1.678039
-1.683592
-1.689301
-1.694921
-1.700718
-1.706443
-1.712306
-1.718174
-1.724067
-1.730095
-1.736013
-1.742185
-1.748155
-1.754431
-1.760483
-1.766813
-1.772966
-1.779314
-1.785564
-1.791919
-1.798241
-1.804608
-1.810973
-1.817355
-1.823741
-1.830132
-1.836523
-1.842912
-1.849296
-1.855671
-1.862034
-1.868384
-1.874716
-1.881029
-1.887321
-1.893588
-1.899829
-1.906041
-1.912222
-1.918370
-1.924483
-1.930559
-1.936595
-1.942591
-1.948545
-1.954455
-1.960320
-1.966141
-1.971916
-1.977646
-1.983331
-1.988972
-1.994570
-2.000126
-2.005642
-2.011119
-2.016559
-2.021964
-2.027335
-2.032674
-2.037982
-2.043261
-2.048511
-2.053733
-2.058927
-2.064095
-2.069236
-2.074350
-2.079437
-2.084496
-2.089528
-2.094531
-2.099505
-2.104450
-2.109364
-2.114247
-2.119099
-2.123919
-2.128706
-2.133460
-2.138180
-2.142866
-2.147517
-2.152134
-2.156715
-2.161261
-2.165772
-2.170247
-2.174686
-2.179090
-2.183458
-2.187791
-2.192089
-2.196352
-2.200580
-2.204773
-2.208932
-2.213057
-2.217149
-2.221207
-2.225232
-2.229225
-2.233185
-2.237113
-2.241010
-2.244876
-2.248711
-2.252515
-2.256289
-2.260034
-2.263749
-2.267436
-2.271094
-2.274725
-2.278327
-2.281903
-2.285452
-2.288976
-2.292473
-2.295945
-2.299393
-2.302816
-2.306216
-2.309593
-2.312947
-2.316279
-2.319589
-2.322879
-2.326147
-2.329396
-2.332624
-2.335834
-2.339025
-2.342198
-2.345354
-2.348492
-2.351613
-2.354718
-2.357807
-2.360881
-2.363940
-2.366985
-2.370015
-2.373032
-2.376035
-2.379025
-2.382003
-2.384968
-2.387921
-2.390863
-2.393793
-2.396713
-2.399623
-2.402523
-2.405413
-2.408295
-2.411169
-2.414036
-2.416897
-2.419752
-2.422602
-2.425449
-2.428291
-2.431128
-2.433955
-2.436754
-2.439526
-2.442553
-2.445710
-2.448392
-2.451144
-2.453965
-2.456812
-2.459677
-2.462563
-2.465468
-2.468389
-2.471322
-2.474267
-2.477224
-2.480193
-2.483172
-2.486162
-2.489161
-2.492170
-2.495187
-2.498211
-2.501242
-2.504278
-2.507319
-2.510362
-2.513407
-2.516452
-2.519496
-2.522536
-2.525571
-2.528599
-2.531619
-2.534629
-2.537627
-2.540611
-2.543580
-2.546532
-2.549465
-2.552377
-2.555269
-2.558138
-2.560984
-2.563806
-2.566605
-2.566605
-2.569379
-2.572129
-2.574855
-2.577558
-2.580238
-2.582895
-2.585531
-2.588146
-2.590740
-2.593316
-2.595872
-2.598411
-2.600933
-2.603439
-2.605930
-2.608405
-2.610867
-2.613314
-2.615750
-2.618172
-2.620584
-2.622983
-2.625373
-2.627751
-2.630121
-2.632480
-2.634831
-2.637173
-2.639507
-2.641833
-2.644151
-2.646462
-2.648766
-2.651064
-2.653355
-2.655641
-2.657920
-2.660194
-2.662463
-2.664727
-2.666986
-2.669241
-2.671492
-2.673738
-2.675981
-2.678221
-2.680457
-2.682690
-2.684920
-2.687147
-2.689372
-2.691594
-2.693815
-2.696033
-2.698249
-2.700464
-2.702677
-2.704889
-2.707099
-2.709308
-2.711516
-2.713722
-2.715927
-2.718132
-2.720335
-2.722537
-2.724739
-2.726939
-2.729138
-2.731337
-2.733534
-2.735730
-2.737925
-2.740118
-2.742311
-2.744502
-2.746691
-2.748880
-2.751066
-2.753251
-2.755435
-2.757616
-2.759796
-2.761974
-2.764151
-2.766325
-2.768497
-2.770666
-2.772834
-2.774999
-2.777162
-2.779323
-2.781481
-2.783637
-2.785790
-2.787940
-2.790088
-2.792233
-2.794375
-2.796514
-2.798650
-2.800783
-2.802913
-2.805040
-2.807164
-2.809285
-2.811402
-2.813516
-2.815626
-2.817733
-2.819836
-2.821936
-2.824032
-2.826124
-2.828212
-2.830297
-2.832377
-2.834453
-2.836526
-2.838594
-2.840658
-2.842717
-2.844772
-2.846823
-2.848870
-2.850911
-2.852949
-2.854981
-2.857009
-2.859033
-2.861051
-2.863065
-2.865074
-2.867078
-2.869078
-2.871072
-2.873062
-2.875047
-2.877027
-2.879002
-2.880972
-2.882937
-2.884898
-2.886853
-2.888804
-2.890750
-2.892691
-2.894627
-2.896558
-2.898485
-2.900407
-2.902324
-2.904236
-2.906143
-2.908046
-2.909945
-2.911838
-2.913727
-2.915612
-2.917492
-2.919367
-2.921238
-2.923105
-2.924967
-2.926825
-2.928679
-2.930528
-2.932373
-2.934214
-2.936051
-2.937884
-2.939712
-2.941536
-2.943357
-2.945173
-2.946986
-2.948794
-2.950599
-2.952400
-2.954197
-2.955990
-2.957779
-2.959565
-2.961347
-2.963125
-2.964900
-2.966671
-2.968439
-2.970203
-2.971963
-2.973721
-2.975474
-2.977225
-2.978971
-2.980715
-2.982455
-2.984192
-2.985926
-2.987656
-2.989384
-2.991108
-2.992829
-2.994546
-2.996261
-2.997973
-2.999681
-3.001387
-3.003089
-3.004789
-3.006485
-3.008179
-3.009869
-3.011557
-3.013242
-3.014924
-3.016603
-3.018279
-3.019953
-3.021624
-3.023292
-3.024957
-3.026620
-3.028280
-3.029937
-3.031591
-3.033243
-3.034893
-3.036540
-3.038184
-3.039825
-3.041465
-3.043101
-3.044735
-3.046366
-3.047994
-3.049620
-3.051242
-3.052861
-3.054476
-3.056088
-3.057696
-3.059303
-3.060908
-3.062512
-3.064116
-3.065719
-3.067322
-3.068923
-3.070524
-3.072123
-3.073721
-3.075318
-3.076914
-3.078508
-3.080101
-3.081693
-3.083284
-3.084873
-3.086461
-3.088048
-3.089633
-3.091218
-3.092802
-3.094384
-3.095966
-3.097547
-3.099127
-3.100707
-3.102287
-3.103866
-3.105445
-3.107024
-3.108603
-3.110182
-3.111761
-3.113340
-3.114920
-3.116500
-3.118080
-3.119661
-3.121242
