0.545444
0.093361
0.033522
-0.002503
-0.029580
-0.054200
-0.078750
-0.104035
-0.130321
-0.157674
-0.186050
-0.215329
-0.245328
-0.275829
-0.306596
-0.337393
-0.367990
-0.398168
-0.427718
-0.456440
-0.484141
-0.510640
-0.535766
-0.559366
-0.581311
-0.601504
-0.619881
-0.636428
-0.651177
-0.664211
-0.675662
-0.685693
-0.694479
-0.702176
-0.708894
-0.714692
-0.719571
-0.723494
-0.726389
-0.728165
-0.728719
-0.727944
-0.725740
-0.722022
-0.716746
-0.709927
-0.701647
-0.692046
-0.681345
-0.669863
-0.657941
-0.645853
-0.633813
-0.622025
-0.610696
-0.600044
-0.590299
-0.581715
-0.574581
-0.569219
-0.565918
-0.564789
-0.565595
-0.567801
-0.570844
-0.574346
-0.578129
-0.582145
-0.586412
-0.590967
-0.595846
-0.601076
-0.606673
-0.612647
-0.618998
-0.625719
-0.632799
-0.640221
-0.647965
-0.656009
-0.664328
-0.672898
-0.681697
-0.690699
-0.699885
-0.709234
-0.718728
-0.728351
-0.738090
-0.747931
-0.757867
-0.767889
-0.777993
-0.788177
-0.798444
-0.808799
-0.819253
-0.829817
-0.840500
-0.851304
-0.862215
-0.873185
-0.884100
-0.894765
-0.905035
-0.914933
-0.924586
-0.934089
-0.943472
-0.952733
-0.961866
-0.970880
-0.979794
-0.988636
-0.997453
-1.006309
-1.015301
-1.024583
-1.034442
-1.044626
-1.053354
-1.066814
-1.081911
-1.087875
-1.099377
-1.104996
-1.103616
-1.111348
-1.121633
-1.127576
-1.133714
-1.140954
-1.148426
-1.156124
-1.164151
-1.172390
-1.180722
-1.189052
-1.197287
-1.205365
-1.213259
-1.220976
-1.228534
-1.235953
-1.243247
-1.250421
-1.257480
-1.264430
-1.271280
-1.278037
-1.284713
-1.291316
-1.297856
-1.304340
-1.310776
-1.317169
-1.323526
-1.329853
-1.336154
-1.342434
-1.348697
-1.354949
-1.361191
-1.367428
-1.373661
-1.379892
-1.386123
-1.392353
-1.398586
-1.404822
-1.411062
-1.417308
-1.423561
-1.429822
-1.436092
-1.442372
-1.448662
-1.454965
-1.461280
-1.467610
-1.473954
-1.480312
-1.486686
-1.493077
-1.499484
-1.505910
-1.512355
-1.518819
-1.525303
-1.531805
-1.538327
-1.544868
-1.551427
-1.558004
-1.564601
-1.571217
-1.577852
-1.584508
-1.591184
-1.597880
-1.604596
-1.611329
-1.618076
-1.624833
-1.631594
-1.638358
-1.645123
-1.651893
-1.658669
-1.665455
-1.672252
-1.679062
-1.685882
-1.692694
-1.699484
-1.706254
-1.713011
-1.719759
-1.726497
-1.733221
-1.739918
-1.746574
-1.753181
-1.759739
-1.766255
-1.772729
-1.779164
-1.785556
-1.791904
-1.798205
-1.804455
-1.810650
-1.816783
-1.822851
-1.828848
-1.834769
-1.840606
-1.846355
-1.852006
-1.857554
-1.862995
-1.868331
-1.873580
-1.878839
-1.886301
-1.887835
-1.894282
-1.899543
-1.912329
-1.920829
-1.920020
-1.922306
-1.921847
-1.924319
-1.928910
-1.934126
-1.939680
-1.945179
-1.950742
-1.956162
-1.961624
-1.966935
-1.972304
-1.977524
-1.982818
-1.987967
-1.993197
-1.998294
-2.003464
-2.008524
-2.013635
-2.018669
-2.023724
-2.028734
-2.033739
-2.038715
-2.043672
-2.048602
-2.053502
-2.058367
-2.063190
-2.067967
-2.072691
-2.077360
-2.081977
-2.086551
-2.091098
-2.095634
-2.100168
-2.104700
-2.109226
-2.113740
-2.118235
-2.122708
-2.127154
-2.131570
-2.135957
-2.140312
-2.144638
-2.148935
-2.148935
-2.153205
-2.157451
-2.161676
-2.165883
-2.170077
-2.174263
-2.178452
-2.182655
-2.186893
-2.191190
-2.195572
-2.200055
-2.204643
-2.209326
-2.214081
-2.218889
-2.223725
-2.228573
-2.233415
-2.238243
-2.243043
-2.247819
-2.252549
-2.257259
-2.261906
-2.266550
-2.271102
-2.275691
-2.280131
-2.284690
-2.288990
-2.293559
-2.297672
-2.302315
-2.306162
-2.310967
-2.314441
-2.319518
-2.322490
-2.327940
-2.330308
-2.336163
-2.337928
-2.344092
-2.345399
-2.351674
-2.352722
-2.358919
-2.359830
-2.365830
-2.366619
-2.372386
-2.373008
-2.378575
-2.378955
-2.384395
-2.384415
-2.389815
-2.389322
-2.394753
-2.393619
-2.399006
-2.397287
-2.402323
-2.400390
-2.404805
-2.403021
-2.406787
-2.405210
-2.408333
-2.406960
-2.409342
-2.408272
-2.409788
-2.409122
-2.409866
-2.409509
-2.409777
-2.409580
-2.409700
-2.409690
-2.409959
-2.410212
-2.410746
-2.411225
-2.412024
-2.412647
-2.413741
-2.414412
-2.415869
-2.416457
-2.418353
-2.418714
-2.421055
-2.421107
-2.423744
-2.423578
-2.426241
-2.426140
-2.428616
-2.428832
-2.431000
-2.431611
-2.433424
-2.434364
-2.435874
-2.437005
-2.438328
-2.439524
-2.440759
-2.441957
-2.443152
-2.444334
-2.445509
-2.446678
-2.447844
-2.449009
-2.450175
-2.451344
-2.452514
-2.453685
-2.454855
-2.456020
-2.457179
-2.458327
-2.459462
-2.460581
-2.461681
-2.462761
-2.463818
-2.464853
-2.465863
-2.466849
-2.467810
-2.468746
-2.469657
-2.470543
-2.471404
-2.472242
-2.473054
-2.473844
-2.474609
-2.475352
-2.476071
-2.476768
-2.477443
-2.478095
-2.478725
-2.479332
-2.479918
-2.480480
-2.481021
-2.481539
-2.482035
-2.482510
-2.482963
-2.483396
-2.483810
-2.484206
-2.484585
-2.484948
-2.485298
-2.485636
-2.485963
-2.486281
-2.486592
-2.486898
-2.487199
-2.487497
-2.487793
-2.488089
-2.488386
-2.488684
-2.488985
-2.489289
-2.489597
-2.489908
-2.490224
-2.490544
-2.490868
-2.491197
-2.491530
-2.491868
-2.492209
-2.492555
-2.492904
-2.493257
-2.493613
-2.493972
-2.494334
-2.494699
-2.495067
-2.495437
-2.495809
-2.496184
-2.496561
-2.496941
-2.497322
-2.497707
-2.498094
-2.498483
-2.498876
-2.499271
-2.499670
-2.500071
-2.500477
-2.500885
-2.501297
-2.501713
-2.502132
-2.502554
-2.502979
-2.503407
-2.503838
-2.504270
-2.504704
-2.505140
-2.505575
-2.506010
-2.506444
-2.506877
-2.507306
-2.507732
-2.508154
-2.508570
-2.508980
-2.509383
-2.509777
-2.510163
-2.510539
-2.510904
-2.511258
-2.511599
-2.511928
-2.512243
-2.512545
-2.512832
-2.513104
-2.513362
-2.513603
-2.513829
-2.514039
-2.514234
-2.514412
-2.514574
-2.514720
-2.514849
-2.514963
-2.515059
-2.515136
-2.515189
-2.515207
-2.515154
-2.514916
-2.514240
-2.514453
-2.516852
-2.517699
-2.517703
-2.517577
-2.517500
-2.517407
-2.517251
-2.517040
-2.516800
-2.516550
-2.516301
-2.516062
-2.515841
-2.515646
-2.515483
-2.515358
-2.515272
-2.515228
-2.515227
-2.515269
-2.515351
-2.515473
-2.515631
-2.515823
-2.516043
-2.516289
-2.516556
-2.516840
-2.517136
-2.517441
-2.517750
-2.518059
-2.518364
-2.518663
-2.518951
-2.519227
-2.519489
-2.519734
-2.519962
-2.520172
-2.520363
-2.520536
-2.520692
-2.520692
-2.520831
-2.520954
-2.521062
-2.521156
-2.521238
-2.521309
-2.521370
-2.521422
-2.521467
-2.521506
-2.521541
-2.521571
-2.521599
-2.521625
-2.521650
-2.521676
-2.521703
-2.521732
-2.521764
-2.521800
-2.521841
-2.521886
-2.521938
-2.521996
-2.522061
-2.522134
-2.522215
-2.522304
-2.522403
-2.522510
-2.522627
-2.522752
-2.522888
-2.523032
-2.523186
-2.523348
-2.523519
-2.523698
-2.523884
-2.524077
-2.524276
-2.524480
-2.524690
-2.524903
-2.525119
-2.525337
-2.525557
-2.525777
-2.525997
-2.526217
-2.526434
-2.526649
-2.526862
-2.527071
-2.527276
-2.527478
-2.527674
-2.527866
-2.528054
-2.528236
-2.528413
-2.528585
-2.528753
-2.528915
-2.529073
-2.529226
-2.529375
-2.529520
-2.529660
-2.529797
-2.529931
-2.530061
-2.530189
-2.530314
-2.530436
-2.530556
-2.530674
-2.530790
-2.530904
-2.531017
-2.531128
-2.531238
-2.531347
-2.531455
-2.531561
-2.531667
-2.531772
-2.531875
-2.531978
-2.532080
-2.532181
-2.532281
-2.532380
-2.532477
-2.532574
-2.532669
-2.532763
-2.532856
-2.532947
-2.533037
-2.533125
-2.533212
-2.533297
-2.533380
-2.533461
-2.533540
-2.533618
-2.533694
-2.533767
-2.533839
-2.533908
-2.533976
-2.534042
-2.534105
-2.534167
-2.534227
-2.534284
-2.534340
-2.534394
-2.534446
-2.534496
-2.534545
-2.534591
-2.534636
-2.534680
-2.534722
-2.534762
-2.534801
-2.534838
-2.534874
-2.534908
-2.534942
-2.534974
-2.535004
-2.535034
-2.535062
-2.535090
-2.535116
-2.535141
-2.535165
-2.535189
-2.535211
-2.535232
-2.535253
-2.535272
-2.535291
-2.535309
-2.535325
-2.535341
-2.535357
-2.535371
-2.535384
-2.535397
-2.535409
-2.535420
-2.535430
-2.535439
-2.535448
-2.535455
-2.535462
-2.535468
-2.535473
-2.535477
-2.535480
-2.535483
-2.535484
-2.535484
-2.535484
-2.535482
-2.535480
-2.535477
-2.535472
-2.535467
-2.535460
-2.535453
-2.535444
-2.535435
-2.535424
-2.535413
-2.535400
-2.535386
-2.535371
-2.535355
-2.535338
-2.535320
-2.535301
-2.535281
-2.535259
-2.535237
-2.535214
-2.535190
-2.535165
-2.535139
-2.535112
-2.535084
-2.535056
-2.535027
-2.534997
-2.534966
-2.534934
-2.534902
-2.534869
-2.534835
-2.534801
-2.534765
-2.534729
-2.534692
-2.534655
-2.534616
-2.534576
-2.534536
-2.534494
-2.534452
-2.534408
-2.534363
-2.534316
-2.534269
-2.534220
-2.534169
-2.534117
-2.534064
-2.534008
-2.533951
-2.533893
-2.533832
-2.533770
-2.533706
-2.533641
-2.533574
-2.533507
-2.533439
-2.533372
-2.533307
-2.533246
-2.533191
-2.533142
-2.533101
-2.533064
-2.533026
-2.532977
-2.532911
-2.532824
-2.532717
-2.532594
-2.532464
-2.532333
-2.532206
-2.532090
-2.531988
-2.531900
-2.531828
-2.531771
-2.531727
-2.531696
-2.531675
-2.531661
-2.531653
-2.531649
-2.531646
-2.531643
-2.531638
-2.531630
-2.531618
-2.531600
-2.531577
-2.531548
-2.531513
-2.531472
-2.531425
-2.531372
-2.531314
-2.531252
-2.531186
-2.531117
-2.531046
-2.530975
-2.530904
-2.530835
-2.530767
-2.530704
-2.530645
