0.229427
-0.891012
-0.891067
-0.891134
-0.891211
-0.891299
-0.891395
-0.891500
-0.891614
-0.891734
-0.891861
-0.891994
-0.892133
-0.892277
-0.892425
-0.892578
-0.892735
-0.892895
-0.893058
-0.893223
-0.893391
-0.893560
-0.893731
-0.893902
-0.894074
-0.894246
-0.894418
-0.894590
-0.894761
-0.894930
-0.895098
-0.895264
-0.895427
-0.895589
-0.895747
-0.895903
-0.896055
-0.896204
-0.896350
-0.896492
-0.896631
-0.896766
-0.896897
-0.897025
-0.897151
-0.897273
-0.897392
-0.897509
-0.897625
-0.897738
-0.897850
-0.897962
-0.898073
-0.898183
-0.898294
-0.898405
-0.898516
-0.898629
-0.898742
-0.898857
-0.898972
-0.899089
-0.899207
-0.899327
-0.899447
-0.899569
-0.899691
-0.899815
-0.899939
-0.900064
-0.900190
-0.900316
-0.900443
-0.900569
-0.900696
-0.900824
-0.900951
-0.901078
-0.901205
-0.901333
-0.901460
-0.901587
-0.901713
-0.901840
-0.901966
-0.902092
-0.902218
-0.902344
-0.902469
-0.902595
-0.902720
-0.902845
-0.902970
-0.903095
-0.903220
-0.903345
-0.903469
-0.903594
-0.903719
-0.903844
-0.903844
-0.903969
-0.904094
-0.904219
-0.904344
-0.904469
-0.904595
-0.904721
-0.904847
-0.904973
-0.905099
-0.905226
-0.905353
-0.905480
-0.905608
-0.905736
-0.905864
-0.905993
-0.906122
-0.906252
-0.906381
-0.906512
-0.906642
-0.906774
-0.906905
-0.907037
-0.907170
-0.907303
-0.907436
-0.907570
-0.907704
-0.907839
-0.907975
-0.908111
-0.908247
-0.908384
-0.908522
-0.908660
-0.908799
-0.908938
-0.909078
-0.909218
-0.909359
-0.909500
-0.909642
-0.909785
-0.909928
-0.910072
-0.910217
-0.910362
-0.910507
-0.910653
-0.910800
-0.910947
-0.911096
-0.911244
-0.911393
-0.911543
-0.911694
-0.911845
-0.911997
-0.912149
-0.912302
-0.912456
-0.912610
-0.912765
-0.912921
-0.913077
-0.913234
-0.913392
-0.913550
-0.913709
-0.913869
-0.914029
-0.914190
-0.914352
-0.914514
-0.914677
-0.914841
-0.915006
-0.915171
-0.915337
-0.915504
-0.915671
-0.915839
-0.916008
-0.916178
-0.916348
-0.916519
-0.916691
-0.916864
-0.917037
-0.917212
-0.917387
-0.917562
-0.917739
-0.917916
-0.918095
-0.918274
-0.918454
-0.918454
-0.918634
-0.918816
-0.918998
-0.919181
-0.919366
-0.919551
-0.919736
-0.919923
-0.920111
-0.920299
-0.920489
-0.920679
-0.920870
-0.921063
-0.921256
-0.921450
-0.921645
-0.921841
-0.922038
-0.922236
-0.922435
-0.922635
-0.922836
-0.923038
-0.923242
-0.923446
-0.923651
-0.923857
-0.924065
-0.924273
-0.924483
-0.924693
-0.924905
-0.925118
-0.925332
-0.925548
-0.925764
-0.925982
-0.926201
-0.926421
-0.926642
-0.926865
-0.927089
-0.927314
-0.927540
-0.927768
-0.927997
-0.928228
-0.928459
-0.928692
-0.928927
-0.929163
-0.929400
-0.929639
-0.929879
-0.930121
-0.930364
-0.930609
-0.930856
-0.931104
-0.931353
-0.931604
-0.931857
-0.932111
-0.932368
-0.932625
-0.932885
-0.933146
-0.933409
-0.933674
-0.933941
-0.934210
-0.934481
-0.934753
-0.935028
-0.935304
-0.935583
-0.935864
-0.936147
-0.936432
-0.936719
-0.937009
-0.937300
-0.937595
-0.937891
-0.938190
-0.938492
-0.938796
-0.939102
-0.939412
-0.939724
-0.940038
-0.940356
-0.940676
-0.941000
-0.941326
-0.941656
-0.941989
-0.942325
-0.942325
-0.942664
-0.943006
-0.943353
-0.943702
-0.944056
-0.944413
-0.944774
-0.945139
-0.945507
-0.945880
-0.946258
-0.946639
-0.947025
-0.947416
-0.947811
-0.948211
-0.948616
-0.949026
-0.949442
-0.949862
-0.950288
-0.950720
-0.951158
-0.951601
-0.952050
-0.952506
-0.952969
-0.953437
-0.953913
-0.954396
-0.954885
-0.955383
-0.955887
-0.956400
-0.956920
-0.957449
-0.957986
-0.958532
-0.959087
-0.959652
-0.960225
-0.960809
-0.961402
-0.962006
-0.962620
-0.963246
-0.963882
-0.964531
-0.965191
