-0.461877
0.380744
0.410267
0.400238
0.385413
0.369442
0.353678
0.338635
0.324410
0.310956
0.298212
0.286128
0.274652
0.263727
0.253291
0.243283
0.233646
0.224330
0.215298
0.206524
0.197993
0.189699
0.181640
0.173817
0.166234
0.158890
0.151788
0.144925
0.138300
0.131911
0.125756
0.119832
0.114139
0.108675
0.103441
0.098435
0.093658
0.089109
0.084789
0.080696
0.076830
0.073188
0.069770
0.066572
0.063592
0.060826
0.058273
0.055929
0.053791
0.051855
0.050119
0.048579
0.047232
0.046075
0.045104
0.044315
0.043705
0.043269
0.043003
0.042900
0.042956
0.043163
0.043513
0.044000
0.044613
0.045344
0.046181
0.047113
0.048129
0.049216
0.050362
0.051552
0.052775
0.054015
0.055259
0.056494
0.057706
0.058882
0.060009
0.061075
0.062067
0.062975
0.063787
0.064493
0.065084
0.065551
0.065886
0.066081
0.066131
0.066029
0.065770
0.065352
0.064770
0.064024
0.063110
0.062030
0.060783
0.059372
0.057796
0.056061
0.054168
0.052123
0.049929
0.047592
0.045118
0.042512
0.039780
0.036930
0.033968
0.030901
0.027737
0.024482
0.021146
0.017735
0.014257
0.010720
0.007133
0.003503
-0.000161
-0.003852
-0.007562
-0.011281
-0.015004
-0.018721
-0.022426
-0.026111
-0.029770
-0.033395
-0.036982
-0.040523
-0.044014
-0.047449
-0.050824
-0.054135
-0.057378
-0.060550
-0.063649
-0.066672
-0.069618
-0.072485
-0.075272
-0.077979
-0.080604
-0.083150
-0.085615
-0.088000
-0.090307
-0.092536
-0.094689
-0.096767
-0.098772
-0.100705
-0.102568
-0.104364
-0.106094
-0.107759
-0.109364
-0.110908
-0.112395
-0.113826
-0.115204
-0.116530
-0.117807
-0.119036
-0.120220
-0.121360
-0.122458
-0.123517
-0.124537
-0.125521
-0.126470
-0.127386
-0.128270
-0.129124
-0.129950
-0.130748
-0.131520
-0.132267
-0.132991
-0.133692
-0.134372
-0.135032
-0.135673
-0.136296
-0.136902
-0.137491
-0.138065
-0.138625
-0.139170
-0.139703
-0.140223
-0.140732
-0.141230
-0.141717
-0.142195
-0.142663
-0.143123
-0.143575
-0.144019
-0.144456
-0.144886
-0.145310
-0.145728
-0.146141
-0.146549
-0.146951
-0.147350
-0.147744
-0.148135
-0.148522
-0.148906
-0.149288
-0.149666
-0.150042
-0.150416
-0.150788
-0.151159
-0.151528
-0.151895
-0.152262
-0.152627
-0.152992
-0.153356
-0.153720
-0.154083
-0.154447
-0.154810
-0.155174
-0.155537
-0.155902
-0.156266
-0.156631
-0.156997
-0.157364
-0.157732
-0.158101
-0.158471
-0.158842
-0.159214
-0.159588
-0.159963
-0.160339
-0.160717
-0.161097
-0.161478
-0.161861
-0.162246
-0.162633
-0.163021
-0.163411
-0.163804
-0.164198
-0.164594
-0.164992
-0.165392
-0.165795
-0.166199
-0.166605
-0.167014
-0.167425
-0.167837
-0.168252
-0.168669
-0.169088
-0.169509
-0.169933
-0.170358
-0.170786
-0.171215
-0.171647
-0.172080
-0.172516
-0.172954
-0.173393
-0.173835
-0.174278
-0.174723
-0.175171
-0.175619
-0.176070
-0.176522
-0.176976
-0.177432
-0.177889
-0.178347
-0.178807
-0.179269
-0.179731
-0.180195
-0.180661
-0.181127
-0.181594
-0.182063
-0.182532
-0.183003
-0.183474
-0.183946
-0.184418
-0.184892
-0.185365
-0.185840
-0.186314
-0.186789
-0.187265
-0.187740
-0.188216
-0.188691
-0.189167
-0.189643
-0.190118
-0.190593
-0.191068
-0.191543
-0.192017
-0.192491
-0.192964
-0.193436
-0.193908
-0.194379
-0.194850
-0.195319
-0.195788
-0.196256
-0.196723
-0.197188
-0.197653
-0.198116
-0.198579
-0.199040
-0.199500
-0.199959
-0.200416
-0.200872
-0.201327
-0.201780
-0.202232
-0.202683
-0.203133
-0.203581
-0.204027
-0.204473
-0.204917
-0.205359
-0.205801
-0.206241
-0.206681
-0.207119
-0.207556
-0.207993
-0.208429
-0.208865
-0.209301
-0.209737
-0.210172
-0.210609
-0.211046
-0.211484
-0.211923
-0.212362
-0.212802
-0.213241
-0.213678
-0.214112
-0.214542
-0.214965
-0.215381
-0.215788
-0.216185
-0.216574
-0.216953
-0.217324
-0.217686
-0.218040
-0.218384
-0.218719
-0.219044
-0.219359
-0.219665
-0.219962
-0.220253
-0.220537
-0.220817
-0.221095
-0.221371
-0.221646
-0.221922
-0.222200
-0.222478
-0.222758
-0.223040
-0.223322
-0.223604
-0.223887
-0.224168
-0.224449
-0.224728
-0.225005
-0.225279
-0.225551
-0.225820
-0.226085
-0.226348
-0.226607
-0.226863
-0.227115
-0.227365
-0.227611
-0.227854
-0.228095
-0.228332
-0.228567
-0.228799
-0.229028
-0.229255
-0.229480
-0.229703
-0.229923
-0.230142
-0.230358
-0.230573
-0.230786
-0.230997
-0.231207
-0.231416
-0.231623
-0.231828
-0.232033
-0.232236
-0.232439
-0.232640
-0.232840
-0.233040
-0.233238
-0.233436
-0.233633
-0.233830
-0.234025
-0.234221
-0.234415
-0.234610
-0.234804
-0.234997
-0.235190
-0.235383
-0.235575
-0.235768
-0.235960
-0.236152
-0.236344
-0.236536
-0.236728
-0.236920
-0.237112
-0.237304
-0.237496
-0.237689
-0.237881
-0.238075
-0.238268
-0.238462
-0.238656
-0.238850
-0.239045
-0.239241
-0.239437
-0.239633
-0.239830
-0.240028
-0.240227
-0.240426
-0.240626
-0.240827
-0.241029
-0.241231
-0.241435
-0.241639
-0.241845
-0.242051
-0.242259
-0.242467
-0.242677
-0.242888
-0.243100
-0.243314
-0.243529
-0.243745
-0.243962
-0.244181
-0.244401
-0.244623
-0.244846
-0.245071
-0.245298
-0.245526
-0.245755
-0.245987
-0.246220
-0.246455
-0.246692
-0.246930
-0.246930
-0.247171
-0.247413
-0.247657
-0.247903
-0.248152
-0.248402
-0.248654
-0.248909
-0.249165
-0.249424
-0.249685
-0.249948
-0.250214
-0.250482
-0.250752
-0.251024
-0.251299
-0.251576
-0.251855
-0.252137
-0.252422
-0.252708
-0.252998
-0.253290
-0.253584
-0.253881
-0.254180
-0.254482
-0.254786
-0.255093
-0.255403
-0.255715
-0.256029
-0.256346
-0.256666
-0.256988
-0.257313
-0.257640
-0.257970
-0.258302
-0.258636
-0.258973
-0.259313
-0.259654
-0.259998
-0.260345
-0.260693
-0.261044
-0.261397
-0.261752
-0.262110
-0.262469
-0.262830
-0.263193
-0.263558
-0.263925
-0.264293
-0.264663
-0.265035
-0.265408
-0.265783
-0.266159
-0.266536
-0.266915
-0.267295
-0.267675
-0.268057
-0.268440
-0.268823
-0.269207
-0.269592
-0.269978
-0.270363
-0.270750
-0.271136
-0.271523
-0.271910
-0.272296
-0.272683
-0.273070
-0.273456
-0.273842
-0.274228
-0.274614
-0.274999
-0.275383
-0.275766
-0.276149
-0.276532
-0.276913
-0.277293
-0.277673
-0.278051
-0.278429
-0.278805
-0.279181
-0.279555
-0.279928
-0.280299
-0.280670
-0.281039
-0.281407
-0.281774
-0.282139
-0.282503
-0.282866
-0.283227
-0.283587
-0.283945
-0.284303
-0.284659
-0.285013
-0.285367
-0.285719
-0.286070
-0.286419
-0.286767
-0.287115
-0.287461
-0.287806
-0.288149
-0.288492
-0.288834
-0.289175
-0.289515
-0.289854
-0.290192
-0.290529
-0.290865
-0.291201
-0.291536
-0.291870
-0.292204
-0.292537
-0.292870
-0.293202
-0.293534
-0.293866
-0.294197
-0.294528
-0.294858
-0.295189
-0.295519
-0.295849
-0.296180
-0.296510
-0.296840
-0.297170
-0.297501
-0.297831
-0.298162
-0.298493
-0.298824
-0.299156
-0.299488
-0.299820
-0.300153
-0.300486
-0.300820
-0.301154
-0.301488
-0.301824
-0.302160
-0.302496
-0.302834
-0.303171
-0.303510
-0.303849
-0.304190
-0.304530
-0.304872
-0.305214
-0.305558
-0.305902
-0.306247
-0.306593
-0.306939
-0.307287
-0.307636
-0.307985
-0.308335
-0.308686
-0.309039
-0.309392
-0.309746
-0.310101
-0.310457
-0.310813
-0.311171
-0.311530
-0.311889
-0.312250
-0.312611
-0.312973
-0.313337
-0.313701
-0.314066
-0.314432
-0.314798
-0.315166
-0.315534
-0.315903
-0.316273
-0.316644
-0.317016
-0.317388
-0.317761
-0.318135
-0.318510
-0.318885
-0.319261
-0.319637
-0.320014
-0.320392
-0.320770
-0.321149
-0.321529
-0.321909
-0.322289
-0.322670
-0.323051
-0.323433
-0.323815
-0.324198
-0.324581
-0.324964
-0.325348
-0.325732
-0.326116
-0.326500
-0.326885
-0.327270
-0.327655
-0.328040
-0.328425
-0.328810
-0.329195
-0.329581
-0.329966
-0.330351
-0.330737
-0.331122
-0.331507
-0.331892
-0.332277
-0.332662
-0.333046
-0.333431
-0.333815
-0.334199
-0.334583
-0.334966
-0.335349
-0.335732
-0.336115
-0.336497
-0.336879
-0.337260
-0.337641
-0.338021
-0.338402
-0.338781
-0.339160
-0.339539
-0.339917
-0.340295
-0.340672
-0.341049
-0.341425
-0.341800
-0.342175
-0.342549
-0.342923
-0.343296
-0.343668
-0.344040
-0.344411
-0.344782
-0.345151
-0.345520
-0.345889
-0.346257
-0.346624
-0.346990
-0.347356
-0.347721
-0.348085
-0.348448
-0.348811
-0.349173
-0.349534
-0.349895
-0.350255
-0.350614
-0.350972
-0.351329
-0.351686
-0.352042
-0.352398
-0.352752
-0.353106
-0.353459
-0.353811
-0.354162
-0.354513
-0.354863
-0.355212
-0.355561
-0.355908
-0.356255
-0.356601
-0.356947
-0.357291
-0.357635
-0.357978
-0.358321
-0.358662
-0.359003
-0.359343
-0.359682
-0.360021
-0.360359
-0.360696
-0.361032
-0.361368
-0.361703
-0.362037
-0.362371
-0.362704
-0.363036
-0.363367
-0.363697
-0.364027
-0.364357
-0.364685
-0.365013
-0.365340
-0.365666
-0.365992
-0.366317
-0.366641
-0.366965
-0.367288
-0.367610
-0.367931
-0.368252
-0.368573
-0.368892
-0.369211
-0.369529
-0.369847
-0.370164
-0.370480
-0.370795
-0.371110
-0.371424
-0.371738
-0.372051
-0.372363
-0.372675
-0.372986
-0.373296
-0.373606
-0.373915
-0.374224
-0.374532
-0.374839
-0.375145
-0.375451
-0.375757
-0.376062
-0.376366
-0.376669
-0.376972
-0.377274
-0.377576
-0.377877
-0.378177
-0.378477
-0.378776
-0.379075
-0.379373
-0.379670
-0.379967
-0.380263
-0.380559
-0.380854
-0.381148
-0.381442
-0.381735
-0.382028
-0.382320
-0.382611
-0.382902
-0.383192
-0.383482
-0.383771
-0.384059
-0.384347
-0.384635
-0.384921
-0.385207
-0.385493
-0.385778
-0.386062
-0.386346
-0.386629
-0.386912
-0.387194
-0.387475
-0.387756
-0.388036
-0.388316
-0.388595
-0.388874
-0.389151
-0.389429
-0.389706
-0.389982
-0.390257
-0.390532
-0.390807
-0.391081
-0.391354
-0.391626
-0.391899
-0.392170
-0.392441
-0.392711
-0.392981
-0.393250
-0.393519
-0.393787
-0.394054
-0.394321
-0.394587
-0.394853
-0.395118
-0.395383
-0.395646
-0.395910
-0.396172
-0.396435
-0.396696
-0.396957
-0.397217
-0.397477
-0.397736
-0.397995
-0.398253
-0.398510
-0.398767
-0.399023
-0.399279
-0.399534
-0.399788
-0.400042
-0.400295
-0.400547
-0.400799
-0.401051
-0.401301
-0.401551
-0.401801
-0.402050
-0.402298
-0.402546
-0.402793
-0.403039
-0.403285
-0.403530
-0.403775
-0.404019
-0.404263
-0.404507
-0.404756
-0.405018
-0.405310
-0.405593
-0.405602
-0.405078
-0.404693
-0.403291
-0.403605
-0.405892
-0.406971
-0.407200
-0.406993
-0.406702
-0.406521
-0.406516
-0.406667
-0.406926
-0.407242
-0.407580
-0.407923
-0.408267
-0.408615
-0.408970
-0.408970
-0.409336
-0.409712
-0.410098
-0.410491
-0.410887
-0.411282
-0.411672
-0.412056
-0.412430
-0.412793
-0.413143
-0.413480
-0.413802
-0.414110
-0.414404
-0.414683
-0.414948
-0.415200
-0.415439
-0.415667
-0.415884
-0.416090
-0.416288
-0.416477
-0.416658
-0.416833
-0.417002
-0.417165
-0.417324
-0.417480
-0.417631
-0.417781
-0.417928
-0.418073
-0.418217
-0.418360
-0.418502
-0.418644
-0.418787
-0.418929
-0.419072
-0.419216
-0.419361
-0.419507
-0.419655
-0.419804
-0.419954
-0.420105
-0.420259
-0.420414
-0.420571
-0.420729
-0.420889
-0.421051
-0.421215
-0.421381
-0.421548
-0.421717
-0.421887
-0.422059
-0.422233
-0.422408
-0.422585
-0.422763
-0.422942
-0.423123
-0.423305
-0.423488
-0.423673
-0.423858
-0.424045
-0.424232
-0.424420
-0.424609
-0.424799
-0.424990
-0.425181
-0.425373
-0.425566
-0.425759
-0.425952
-0.426146
-0.426340
-0.426535
-0.426729
-0.426924
-0.427119
-0.427315
-0.427510
-0.427705
-0.427901
-0.428096
-0.428291
-0.428486
-0.428681
-0.428876
-0.429071
-0.429265
-0.429460
-0.429653
-0.429847
-0.430040
-0.430233
-0.430425
-0.430617
-0.430809
-0.431000
-0.431191
-0.431381
-0.431571
-0.431760
-0.431948
-0.432136
-0.432324
-0.432511
-0.432697
-0.432883
-0.433068
-0.433252
-0.433436
-0.433619
-0.433802
-0.433984
-0.434165
-0.434345
-0.434525
-0.434704
-0.434883
-0.435061
-0.435238
-0.435414
-0.435590
-0.435765
-0.435939
-0.436113
-0.436286
-0.436458
-0.436630
-0.436801
-0.436971
-0.437140
-0.437309
-0.437477
-0.437644
-0.437811
-0.437977
-0.438143
-0.438307
-0.438471
-0.438635
-0.438798
-0.438960
-0.439121
-0.439282
-0.439442
-0.439602
-0.439761
-0.439919
-0.440077
-0.440234
-0.440390
-0.440546
-0.440702
-0.440856
-0.441011
-0.441164
-0.441317
-0.441470
-0.441622
-0.441773
-0.441924
-0.442074
-0.442223
-0.442372
-0.442521
-0.442669
-0.442816
-0.442963
-0.443109
-0.443255
-0.443400
-0.443544
-0.443687
-0.443834
-0.443964
-0.444154
-0.444139
-0.445168
-0.442948
-0.448971
-0.440530
-0.441545
-0.440797
-0.441735
-0.442910
-0.444583
-0.445533
-0.446492
-0.446632
-0.447082
-0.446740
-0.447221
-0.446463
-0.447548
-0.445808
-0.448284
-0.444692
-0.447590
-0.444103
-0.446400
-0.444195
-0.446303
-0.444765
-0.446687
-0.445274
-0.447010
-0.445536
-0.447251
-0.445637
-0.447495
-0.445673
-0.447737
-0.445713
-0.447919
-0.445827
-0.448060
-0.446059
-0.448249
-0.446391
-0.448526
-0.446765
-0.448861
-0.447123
-0.449215
-0.447440
-0.449563
-0.447722
-0.449891
-0.447986
-0.450197
-0.448256
-0.450487
-0.448541
-0.450775
-0.448841
-0.451070
-0.449143
-0.451369
-0.449435
-0.451664
-0.449707
-0.451949
-0.449962
-0.452218
-0.450203
-0.452473
-0.450436
-0.452718
-0.450665
-0.452954
-0.450888
-0.453184
-0.451105
-0.453409
-0.451313
-0.453626
-0.451511
-0.453835
-0.451702
-0.454037
-0.451885
-0.454232
-0.452064
-0.454421
-0.452237
-0.454605
-0.452406
-0.454785
-0.452571
-0.454961
-0.452732
-0.455133
-0.452889
-0.455302
-0.453042
-0.455467
-0.453193
-0.455629
-0.453341
-0.455789
-0.453486
-0.455946
-0.453630
-0.456101
-0.453772
-0.456255
-0.453912
-0.456407
-0.454050
-0.456557
-0.454188
-0.456706
-0.454324
-0.456854
-0.454459
-0.457001
-0.454594
-0.457146
-0.454727
-0.457291
-0.454860
-0.457436
-0.454993
-0.457579
-0.455125
-0.457722
-0.455256
-0.457865
-0.455388
-0.458007
-0.455519
-0.458148
-0.455649
-0.458290
-0.455780
-0.458430
-0.455910
-0.458571
-0.456040
-0.458711
-0.456170
-0.458851
-0.456300
-0.458991
-0.456430
-0.459131
-0.456560
-0.459270
-0.456690
-0.459409
-0.456820
-0.459548
-0.456950
-0.459687
-0.457081
-0.459826
-0.457211
-0.459964
-0.457341
-0.460103
-0.457471
-0.460241
-0.457602
-0.460380
-0.457733
-0.460518
-0.457863
-0.460656
-0.457994
-0.460794
-0.458125
-0.460932
-0.458257
-0.461069
-0.458388
-0.461207
-0.458520
-0.461345
-0.458652
-0.461482
-0.458784
-0.461620
-0.458916
-0.461757
-0.459049
-0.461894
-0.459181
-0.462032
-0.459314
-0.462169
-0.459447
-0.462306
-0.459581
-0.462443
-0.459714
-0.462580
-0.459848
-0.462717
-0.459983
-0.462854
-0.460117
-0.462990
-0.460252
-0.463127
-0.460387
-0.463263
-0.460522
-0.463400
-0.460658
-0.463536
-0.460793
-0.463672
-0.460930
-0.463808
-0.461066
-0.463944
-0.461203
-0.464080
-0.461340
-0.464216
-0.461477
-0.464351
-0.461615
-0.464487
-0.461753
-0.464622
-0.461891
-0.464757
-0.462029
-0.464892
-0.462168
-0.465027
-0.462307
-0.465162
-0.462447
-0.465297
-0.462587
-0.465431
-0.462727
-0.465565
-0.462867
-0.465699
-0.463008
-0.465833
-0.463149
-0.465967
-0.463290
-0.466100
-0.463432
-0.466233
-0.463574
-0.466366
-0.463716
-0.466499
-0.463858
-0.466632
-0.464001
-0.466764
-0.464144
-0.466896
-0.464288
-0.467028
-0.464432
-0.467160
-0.464576
-0.467291
-0.464720
-0.467422
-0.464865
-0.467553
-0.465010
-0.467683
-0.465155
-0.467814
-0.465300
-0.467944
-0.465446
-0.468073
-0.465592
-0.468203
-0.465738
-0.468332
-0.465885
-0.468461
-0.466032
-0.468590
-0.466179
-0.468718
-0.466326
-0.468846
-0.466474
-0.468974
-0.466622
-0.469101
-0.466770
-0.469228
-0.466919
-0.469355
-0.467067
-0.469481
-0.467216
-0.469607
-0.467365
-0.469733
-0.467515
-0.469859
-0.467664
-0.469984
-0.467814
-0.467814
-0.470109
-0.467964
-0.470233
-0.468115
-0.470357
-0.468265
-0.470481
-0.468416
-0.470605
-0.468567
-0.470728
-0.468718
-0.470851
-0.468869
-0.470973
-0.469021
-0.471096
-0.469173
-0.471217
-0.469325
-0.471339
-0.469477
-0.471460
-0.469630
-0.471581
-0.469782
-0.471701
-0.469935
-0.471821
-0.470088
-0.471941
-0.470242
-0.472060
-0.470395
-0.472179
-0.470549
-0.472297
-0.470703
-0.472415
-0.470857
-0.472533
-0.471012
-0.472650
-0.471166
-0.472766
-0.471321
-0.472882
-0.471477
-0.472998
-0.471632
-0.473113
-0.471788
-0.473227
-0.471944
-0.473341
-0.472101
-0.473454
-0.472258
-0.473567
-0.472415
-0.473678
-0.472573
-0.473789
-0.472732
-0.473899
-0.472891
-0.474008
-0.473050
-0.474115
-0.473210
-0.474222
-0.473371
-0.474327
-0.473533
-0.474430
-0.473696
-0.474531
-0.473859
-0.474631
-0.474024
-0.474727
-0.474189
-0.474821
-0.474354
-0.474912
-0.474519
-0.474999
-0.474684
-0.475083
-0.474844
-0.475163
-0.475000
-0.475241
-0.475145
-0.475319
-0.475278
-0.475396
-0.475396
-0.475476
-0.475499
-0.475556
-0.475591
-0.475636
-0.475675
-0.475717
-0.475757
-0.475799
-0.475841
-0.475884
-0.475930
-0.475977
-0.476027
-0.476080
-0.476135
-0.476192
-0.476253
-0.476315
-0.476380
-0.476447
-0.476516
-0.476586
-0.476657
-0.476729
-0.476803
-0.476877
-0.476952
-0.477028
-0.477104
-0.477181
-0.477259
-0.477337
-0.477416
-0.477495
-0.477575
-0.477654
-0.477734
-0.477815
-0.477895
-0.477976
-0.478057
-0.478138
-0.478218
-0.478299
-0.478380
-0.478460
-0.478540
-0.478620
-0.478700
-0.478779
-0.478858
-0.478937
-0.479015
-0.479093
-0.479170
-0.479247
-0.479324
-0.479401
-0.479477
-0.479552
-0.479627
-0.479702
-0.479777
-0.479852
-0.479926
-0.480000
-0.480074
-0.480147
-0.480221
-0.480294
-0.480367
-0.480440
-0.480513
-0.480586
-0.480659
-0.480731
-0.480804
-0.480877
-0.480950
-0.481022
-0.481095
-0.481168
-0.481241
-0.481314
-0.481387
-0.481460
-0.481533
-0.481606
-0.481679
-0.481752
-0.481825
-0.481899
-0.481972
-0.482046
-0.482119
-0.482193
-0.482267
-0.482341
-0.482415
-0.482488
-0.482563
-0.482637
-0.482711
-0.482785
-0.482859
-0.482934
-0.483008
-0.483082
-0.483157
-0.483231
-0.483306
-0.483380
-0.483455
-0.483529
-0.483604
-0.483679
-0.483753
-0.483828
-0.483903
-0.483977
-0.484052
-0.484127
-0.484202
-0.484276
-0.484351
-0.484425
-0.484500
-0.484575
-0.484649
-0.484724
-0.484798
-0.484873
-0.484947
-0.485022
-0.485096
-0.485171
-0.485245
-0.485319
-0.485393
-0.485467
-0.485542
-0.485616
-0.485690
-0.485763
-0.485837
-0.485911
-0.485985
-0.486058
-0.486132
-0.486206
-0.486279
-0.486352
-0.486426
-0.486499
-0.486572
-0.486645
-0.486718
-0.486791
-0.486864
-0.486936
-0.487009
-0.487082
-0.487154
-0.487226
-0.487299
-0.487371
-0.487443
-0.487515
-0.487587
-0.487658
-0.487730
-0.487802
-0.487873
-0.487945
-0.488016
-0.488087
-0.488158
-0.488229
-0.488300
-0.488371
-0.488441
-0.488512
-0.488582
-0.488653
-0.488723
-0.488793
-0.488863
-0.488933
-0.489003
-0.489072
-0.489142
-0.489211
-0.489281
-0.489350
-0.489419
-0.489488
-0.489557
-0.489626
-0.489694
-0.489763
-0.489831
-0.489900
-0.489968
-0.490036
-0.490104
-0.490172
-0.490239
-0.490307
-0.490374
-0.490442
-0.490509
-0.490576
-0.490643
-0.490710
-0.490777
-0.490844
-0.490910
-0.490977
-0.491043
-0.491109
-0.491175
-0.491241
-0.491307
-0.491373
-0.491438
-0.491504
-0.491569
-0.491634
-0.491699
-0.491764
-0.491829
-0.491894
-0.491958
-0.492023
-0.492087
-0.492152
-0.492216
-0.492280
-0.492344
-0.492407
-0.492471
-0.492535
-0.492598
-0.492661
-0.492724
-0.492788
-0.492850
-0.492913
-0.492976
-0.493039
-0.493101
-0.493163
-0.493226
-0.493288
-0.493350
-0.493412
-0.493473
-0.493535
-0.493596
-0.493658
-0.493719
-0.493780
-0.493841
-0.493902
-0.493963
-0.494024
-0.494084
-0.494145
-0.494205
-0.494265
-0.494325
-0.494385
-0.494445
-0.494505
-0.494565
-0.494624
-0.494684
-0.494743
-0.494802
-0.494861
-0.494920
-0.494979
-0.495038
-0.495096
-0.495155
-0.495213
-0.495271
-0.495330
-0.495388
-0.495446
-0.495503
-0.495561
-0.495619
-0.495676
-0.495734
-0.495791
-0.495848
-0.495905
-0.495962
-0.496019
-0.496076
-0.496132
-0.496189
-0.496245
-0.496301
-0.496358
-0.496414
-0.496470
-0.496526
-0.496581
-0.496637
-0.496693
-0.496748
-0.496803
-0.496859
-0.496914
-0.496969
-0.497024
-0.497079
-0.497133
-0.497188
-0.497243
-0.497297
-0.497351
-0.497406
-0.497460
-0.497514
-0.497568
-0.497622
-0.497675
-0.497729
-0.497783
-0.497836
-0.497889
-0.497943
-0.497996
-0.498049
-0.498102
-0.498155
-0.498207
-0.498260
-0.498313
-0.498365
-0.498418
-0.498470
-0.498522
-0.498574
-0.498626
-0.498678
-0.498730
-0.498782
-0.498834
-0.498885
-0.498937
-0.498988
-0.499039
-0.499091
-0.499142
-0.499193
-0.499244
-0.499295
-0.499345
-0.499396
-0.499447
-0.499497
-0.499548
-0.499598
-0.499648
-0.499699
-0.499749
-0.499799
-0.499849
-0.499899
-0.499948
-0.499998
-0.500048
-0.500097
-0.500147
-0.500196
-0.500245
-0.500295
-0.500344
-0.500393
-0.500442
-0.500491
-0.500540
-0.500588
-0.500637
-0.500686
-0.500734
-0.500783
-0.500831
-0.500879
-0.500928
-0.500976
-0.501024
-0.501072
-0.501120
-0.501168
-0.501216
-0.501216
-0.501263
-0.501311
-0.501359
-0.501406
-0.501454
-0.501501
-0.501548
-0.501595
-0.501643
-0.501690
-0.501737
-0.501784
-0.501831
-0.501878
-0.501924
-0.501971
-0.502018
-0.502064
-0.502111
-0.502157
-0.502204
-0.502250
-0.502296
-0.502343
-0.502389
-0.502435
-0.502481
-0.502527
-0.502573
-0.502619
-0.502665
-0.502710
-0.502756
-0.502802
-0.502847
-0.502893
-0.502938
-0.502984
-0.503029
-0.503074
-0.503119
-0.503165
-0.503210
-0.503255
-0.503300
-0.503345
-0.503390
-0.503435
-0.503479
-0.503524
-0.503569
-0.503614
-0.503658
-0.503703
-0.503747
-0.503792
-0.503836
-0.503880
-0.503925
-0.503969
-0.504013
-0.504057
-0.504102
-0.504146
-0.504190
-0.504234
-0.504278
-0.504322
-0.504365
-0.504409
-0.504453
-0.504497
-0.504540
-0.504584
-0.504628
-0.504671
-0.504715
-0.504758
-0.504802
-0.504845
-0.504888
-0.504932
-0.504975
-0.505018
-0.505061
-0.505105
-0.505148
-0.505191
-0.505234
-0.505277
-0.505320
-0.505363
-0.505406
-0.505449
-0.505491
-0.505534
-0.505577
-0.505620
-0.505662
-0.505705
-0.505748
-0.505790
-0.505833
-0.505875
-0.505918
-0.505960
-0.506003
-0.506045
-0.506088
-0.506130
-0.506172
-0.506215
-0.506257
-0.506299
-0.506341
-0.506384
-0.506426
-0.506468
-0.506510
-0.506552
-0.506594
-0.506636
-0.506678
-0.506720
-0.506762
-0.506804
-0.506846
-0.506888
-0.506930
-0.506971
-0.507013
-0.507055
-0.507097
-0.507138
-0.507180
-0.507222
-0.507264
-0.507305
-0.507347
-0.507388
-0.507430
-0.507472
-0.507513
-0.507555
-0.507596
-0.507638
-0.507679
-0.507721
-0.507762
-0.507804
-0.507845
-0.507886
-0.507928
-0.507969
-0.508010
-0.508052
-0.508093
-0.508134
-0.508176
-0.508217
-0.508258
-0.508299
-0.508341
-0.508382
-0.508423
-0.508464
-0.508505
-0.508547
-0.508588
-0.508629
-0.508670
-0.508711
-0.508752
-0.508793
-0.508834
-0.508875
-0.508916
-0.508958
-0.508999
-0.509040
-0.509081
-0.509122
-0.509163
-0.509204
-0.509245
-0.509286
-0.509327
-0.509368
-0.509408
-0.509449
-0.509490
-0.509531
-0.509572
-0.509613
-0.509654
-0.509695
-0.509736
-0.509777
-0.509818
-0.509859
-0.509899
-0.509940
-0.509981
-0.510022
-0.510063
-0.510104
-0.510145
-0.510186
-0.510226
-0.510267
-0.510308
-0.510349
-0.510390
-0.510431
-0.510472
-0.510512
-0.510553
-0.510594
-0.510635
-0.510676
-0.510717
-0.510757
-0.510798
-0.510839
-0.510880
-0.510921
-0.510962
-0.511002
-0.511043
-0.511084
-0.511125
-0.511166
-0.511207
-0.511247
-0.511288
-0.511329
-0.511370
-0.511411
-0.511452
-0.511493
-0.511533
-0.511574
-0.511615
-0.511656
-0.511697
-0.511738
-0.511779
-0.511820
-0.511860
-0.511901
-0.511942
-0.511983
-0.512024
-0.512065
-0.512106
-0.512147
-0.512188
-0.512229
-0.512270
-0.512311
-0.512352
-0.512393
-0.512434
-0.512474
-0.512515
-0.512556
-0.512597
-0.512638
-0.512679
-0.512720
-0.512761
-0.512802
-0.512844
-0.512885
-0.512926
-0.512967
-0.513008
-0.513049
-0.513090
-0.513131
-0.513172
-0.513213
-0.513254
-0.513295
-0.513337
-0.513378
-0.513419
-0.513460
-0.513501
-0.513542
-0.513583
-0.513625
-0.513666
-0.513707
-0.513748
-0.513790
-0.513831
-0.513872
-0.513913
-0.513955
-0.513996
-0.514037
-0.514078
-0.514120
-0.514161
-0.514202
-0.514244
-0.514285
-0.514326
-0.514368
-0.514409
-0.514451
-0.514492
-0.514533
-0.514575
-0.514616
-0.514658
-0.514699
-0.514741
-0.514782
-0.514824
-0.514865
-0.514907
-0.514948
-0.514990
-0.515031
-0.515073
-0.515114
-0.515156
-0.515197
-0.515239
-0.515281
-0.515322
-0.515364
-0.515406
-0.515447
-0.515489
-0.515531
-0.515572
-0.515614
-0.515656
-0.515698
-0.515739
-0.515781
-0.515823
-0.515865
-0.515906
-0.515948
-0.515990
-0.516032
-0.516074
-0.516116
-0.516157
-0.516199
-0.516241
-0.516283
-0.516325
-0.516367
-0.516409
-0.516451
-0.516493
-0.516535
-0.516577
-0.516619
-0.516661
-0.516703
-0.516745
-0.516787
-0.516829
-0.516871
-0.516913
-0.516955
-0.516997
-0.517040
-0.517082
-0.517124
-0.517166
-0.517208
-0.517250
-0.517293
-0.517335
-0.517377
-0.517419
-0.517462
-0.517504
-0.517546
-0.517588
-0.517631
-0.517673
-0.517715
-0.517758
-0.517800
-0.517842
-0.517885
-0.517927
-0.517970
-0.518012
-0.518054
-0.518097
-0.518139
-0.518182
-0.518224
-0.518267
-0.518309
-0.518352
-0.518394
-0.518437
-0.518479
-0.518522
-0.518564
-0.518607
-0.518650
-0.518692
-0.518735
-0.518777
-0.518820
-0.518863
-0.518905
-0.518948
-0.518991
-0.519033
-0.519076
-0.519119
-0.519162
-0.519204
-0.519247
-0.519290
-0.519333
-0.519375
-0.519418
-0.519461
-0.519504
-0.519546
-0.519589
-0.519632
-0.519675
-0.519718
-0.519761
-0.519804
-0.519846
-0.519889
-0.519932
-0.519975
-0.520018
-0.520061
-0.520104
-0.520147
-0.520190
-0.520233
-0.520276
-0.520319
-0.520362
-0.520405
-0.520448
-0.520491
-0.520534
-0.520577
-0.520620
-0.520663
-0.520706
-0.520749
-0.520792
-0.520835
-0.520879
-0.520922
-0.520965
-0.521008
-0.521051
-0.521094
-0.521137
-0.521181
-0.521224
-0.521267
-0.521310
-0.521353
-0.521396
-0.521440
-0.521483
-0.521526
-0.521569
-0.521613
-0.521656
-0.521699
-0.521742
-0.521786
-0.521829
-0.521872
-0.521915
-0.521959
-0.522002
-0.522045
-0.522089
-0.522132
-0.522175
-0.522218
-0.522262
-0.522305
-0.522348
-0.522392
-0.522392
-0.522435
-0.522479
-0.522522
-0.522565
-0.522609
-0.522652
-0.522695
-0.522739
-0.522782
-0.522825
-0.522869
-0.522912
-0.522956
-0.522999
-0.523043
-0.523086
-0.523129
-0.523173
-0.523216
-0.523260
-0.523303
-0.523346
-0.523390
-0.523433
-0.523477
-0.523520
-0.523564
-0.523607
-0.523651
-0.523694
-0.523737
-0.523781
-0.523824
-0.523868
-0.523911
-0.523955
-0.523998
-0.524042
-0.524085
-0.524129
-0.524172
-0.524216
-0.524259
-0.524303
-0.524346
-0.524389
-0.524433
-0.524476
-0.524520
-0.524563
-0.524607
-0.524650
-0.524694
-0.524737
-0.524781
-0.524824
-0.524868
-0.524911
-0.524955
-0.524998
-0.525042
-0.525085
-0.525129
-0.525172
-0.525215
-0.525259
-0.525302
-0.525346
-0.525389
-0.525433
-0.525476
-0.525520
-0.525563
-0.525607
-0.525650
-0.525693
-0.525737
-0.525780
-0.525824
-0.525867
-0.525911
-0.525954
-0.525997
-0.526041
-0.526084
-0.526128
-0.526171
-0.526214
-0.526258
-0.526301
-0.526345
-0.526388
-0.526431
-0.526475
-0.526518
-0.526561
-0.526605
-0.526648
-0.526691
-0.526735
-0.526778
-0.526821
-0.526865
-0.526908
-0.526951
-0.526995
-0.527038
-0.527081
-0.527125
-0.527168
-0.527211
-0.527254
-0.527298
-0.527341
-0.527384
-0.527427
-0.527471
-0.527514
-0.527557
-0.527600
-0.527643
-0.527687
-0.527730
-0.527773
-0.527816
-0.527859
-0.527902
-0.527945
-0.527989
-0.528032
-0.528075
-0.528118
-0.528161
-0.528204
-0.528247
-0.528290
-0.528333
-0.528376
-0.528419
-0.528462
-0.528505
-0.528548
-0.528591
-0.528634
-0.528677
-0.528720
-0.528763
-0.528806
-0.528849
-0.528892
-0.528935
-0.528978
-0.529020
-0.529063
-0.529106
-0.529149
-0.529192
-0.529235
-0.529277
-0.529320
-0.529363
-0.529406
-0.529448
-0.529491
-0.529534
-0.529577
-0.529619
-0.529662
-0.529705
-0.529747
-0.529790
-0.529833
-0.529875
-0.529918
-0.529960
-0.530003
-0.530046
-0.530088
-0.530131
-0.530173
-0.530216
-0.530258
-0.530301
-0.530343
-0.530385
-0.530428
-0.530470
-0.530513
-0.530555
-0.530597
-0.530640
-0.530682
-0.530724
-0.530767
-0.530809
-0.530851
-0.530893
-0.530936
-0.530978
-0.531020
-0.531062
-0.531104
-0.531146
-0.531188
-0.531231
-0.531273
-0.531315
-0.531357
-0.531399
-0.531441
-0.531483
-0.531525
-0.531567
-0.531609
-0.531650
-0.531692
-0.531734
-0.531776
-0.531818
-0.531860
-0.531902
-0.531943
-0.531985
-0.532027
-0.532069
-0.532110
-0.532152
-0.532194
-0.532235
-0.532277
-0.532318
-0.532360
-0.532402
-0.532443
-0.532485
-0.532526
-0.532568
-0.532609
-0.532650
-0.532692
-0.532733
-0.532775
-0.532816
-0.532857
-0.532898
-0.532940
-0.532981
-0.533022
-0.533063
-0.533105
-0.533146
-0.533187
-0.533228
-0.533269
-0.533310
-0.533351
-0.533392
-0.533433
-0.533474
-0.533515
-0.533556
-0.533597
-0.533638
-0.533679
-0.533719
-0.533760
-0.533801
-0.533842
-0.533882
-0.533923
-0.533964
-0.534005
-0.534045
-0.534086
-0.534126
-0.534167
-0.534207
-0.534248
-0.534288
-0.534329
-0.534369
-0.534410
-0.534450
-0.534490
-0.534531
-0.534571
-0.534611
-0.534651
-0.534692
-0.534732
-0.534772
-0.534812
-0.534852
-0.534892
-0.534932
-0.534972
-0.535012
-0.535052
-0.535092
-0.535132
-0.535172
-0.535212
-0.535252
-0.535291
-0.535331
-0.535371
-0.535411
-0.535450
-0.535490
-0.535530
-0.535569
-0.535609
-0.535648
-0.535688
-0.535727
-0.535767
-0.535806
-0.535845
-0.535885
-0.535924
-0.535963
-0.536003
-0.536042
-0.536081
-0.536120
-0.536159
-0.536199
-0.536238
-0.536277
-0.536316
-0.536355
-0.536394
-0.536433
-0.536472
-0.536510
-0.536549
-0.536588
-0.536627
-0.536666
-0.536704
-0.536743
-0.536782
-0.536820
-0.536859
-0.536897
-0.536936
-0.536974
-0.537013
-0.537051
-0.537090
-0.537128
-0.537166
-0.537204
-0.537243
-0.537281
-0.537319
-0.537357
-0.537395
-0.537434
-0.537472
-0.537510
-0.537548
-0.537586
-0.537623
-0.537661
-0.537699
-0.537737
-0.537775
-0.537812
-0.537850
-0.537888
-0.537926
-0.537963
-0.538001
-0.538038
-0.538076
-0.538113
-0.538151
-0.538188
-0.538225
-0.538263
-0.538300
-0.538337
-0.538374
-0.538412
-0.538449
-0.538486
-0.538523
-0.538560
-0.538597
-0.538634
-0.538671
-0.538708
-0.538745
-0.538781
-0.538818
-0.538855
-0.538892
-0.538928
-0.538965
-0.539002
-0.539038
-0.539075
-0.539111
-0.539148
-0.539184
-0.539220
-0.539257
-0.539293
-0.539329
-0.539366
-0.539402
-0.539438
-0.539474
-0.539510
-0.539546
-0.539582
-0.539618
-0.539654
-0.539690
-0.539726
-0.539761
-0.539797
-0.539833
-0.539869
-0.539904
-0.539940
-0.539975
-0.540011
-0.540046
-0.540082
-0.540117
-0.540153
-0.540188
-0.540223
-0.540259
-0.540294
-0.540329
-0.540364
-0.540399
-0.540434
-0.540469
-0.540504
-0.540539
-0.540574
-0.540609
-0.540644
-0.540678
-0.540713
-0.540748
-0.540782
-0.540817
-0.540852
-0.540886
-0.540920
-0.540955
-0.540989
-0.541024
-0.541058
-0.541092
-0.541126
-0.541161
-0.541195
-0.541229
-0.541263
-0.541297
-0.541331
-0.541365
-0.541399
-0.541433
-0.541466
-0.541500
-0.541534
-0.541568
-0.541601
-0.541635
-0.541668
-0.541702
-0.541735
-0.541769
-0.541802
-0.541835
-0.541869
-0.541902
-0.541935
-0.541968
-0.542001
-0.542034
-0.542067
-0.542100
-0.542133
-0.542166
-0.542199
-0.542232
-0.542265
-0.542297
-0.542330
-0.542363
-0.542395
-0.542395
-0.542428
-0.542460
-0.542493
-0.542525
-0.542558
-0.542590
-0.542622
-0.542654
-0.542687
-0.542719
-0.542751
-0.542783
-0.542815
-0.542847
-0.542879
-0.542910
-0.542942
-0.542974
-0.543006
-0.543037
-0.543069
-0.543101
-0.543132
-0.543164
-0.543195
-0.543227
-0.543258
-0.543289
-0.543321
-0.543352
-0.543383
-0.543414
-0.543445
-0.543476
-0.543507
-0.543538
-0.543569
-0.543600
-0.543631
-0.543661
-0.543692
-0.543723
-0.543753
-0.543784
-0.543814
-0.543845
-0.543875
-0.543906
-0.543936
-0.543966
-0.543997
-0.544027
-0.544057
-0.544087
-0.544117
-0.544147
-0.544177
-0.544207
-0.544237
-0.544266
-0.544296
-0.544326
-0.544356
-0.544385
-0.544415
-0.544444
-0.544474
-0.544503
-0.544533
-0.544562
-0.544591
-0.544620
-0.544650
-0.544679
-0.544708
-0.544737
-0.544766
-0.544795
-0.544824
-0.544852
-0.544881
-0.544910
-0.544939
-0.544967
-0.544996
-0.545024
-0.545053
-0.545081
-0.545110
-0.545138
-0.545166
-0.545194
-0.545223
-0.545251
-0.545279
-0.545307
-0.545335
-0.545363
-0.545391
-0.545419
-0.545446
-0.545474
-0.545502
-0.545529
-0.545557
-0.545585
-0.545612
-0.545639
-0.545667
-0.545694
-0.545721
-0.545749
-0.545776
-0.545803
-0.545830
-0.545857
-0.545884
-0.545911
-0.545938
-0.545965
-0.545991
-0.546018
-0.546045
-0.546071
-0.546098
-0.546125
-0.546151
-0.546177
-0.546204
-0.546230
-0.546256
-0.546283
-0.546309
-0.546335
-0.546361
-0.546387
-0.546413
-0.546439
-0.546465
-0.546490
-0.546516
-0.546542
-0.546568
-0.546593
-0.546619
-0.546644
-0.546670
-0.546695
-0.546720
-0.546746
-0.546771
-0.546796
-0.546821
-0.546846
-0.546871
-0.546896
-0.546921
-0.546946
-0.546971
-0.546996
-0.547020
-0.547045
-0.547070
-0.547094
-0.547119
-0.547143
-0.547167
-0.547192
-0.547216
-0.547240
-0.547265
-0.547289
-0.547313
-0.547337
-0.547361
-0.547386
-0.547410
-0.547435
-0.547460
-0.547486
-0.547512
-0.547540
-0.547568
-0.547598
-0.547646
-0.547656
-0.547676
-0.548423
-0.548716
-0.548098
-0.547023
-0.546017
-0.545359
-0.545090
-0.545119
-0.545331
-0.545638
-0.545985
-0.546347
-0.546713
-0.547074
-0.547428
-0.547768
-0.548091
-0.548393
-0.548669
-0.548917
-0.549134
-0.549320
-0.549473
-0.549595
-0.549685
-0.549746
-0.549779
-0.549788
-0.549774
-0.549742
-0.549695
-0.549634
-0.549564
-0.549487
-0.549406
-0.549323
-0.549239
-0.549157
-0.549078
-0.549004
-0.548936
-0.548873
-0.548818
-0.548771
-0.548732
-0.548701
-0.548678
-0.548664
-0.548658
-0.548661
-0.548671
-0.548690
-0.548716
-0.548749
-0.548789
-0.548835
-0.548887
-0.548945
-0.549008
-0.549075
-0.549146
-0.549221
-0.549299
-0.549380
-0.549464
-0.549549
-0.549636
-0.549724
-0.549812
-0.549902
-0.549991
-0.550081
-0.550170
-0.550259
-0.550347
-0.550434
-0.550520
-0.550604
-0.550687
-0.550769
-0.550849
-0.550927
-0.551003
-0.551077
-0.551149
-0.551220
-0.551288
-0.551354
-0.551418
-0.551480
-0.551540
-0.551598
-0.551654
-0.551708
-0.551760
-0.551810
-0.551859
-0.551905
-0.551949
-0.551992
-0.552033
-0.552073
-0.552110
-0.552146
-0.552181
-0.552214
-0.552246
-0.552276
-0.552306
-0.552333
-0.552360
-0.552385
-0.552410
-0.552433
-0.552455
-0.552476
-0.552497
-0.552516
-0.552535
-0.552552
-0.552569
-0.552585
-0.552601
-0.552616
-0.552630
-0.552644
-0.552657
-0.552669
-0.552681
-0.552693
-0.552704
-0.552715
-0.552725
-0.552735
-0.552744
-0.552754
-0.552762
-0.552771
-0.552779
-0.552788
-0.552795
-0.552803
-0.552811
-0.552818
-0.552825
-0.552832
-0.552839
-0.552846
-0.552852
-0.552859
-0.552865
-0.552871
-0.552878
-0.552884
-0.552890
-0.552896
-0.552902
-0.552908
-0.552914
-0.552920
-0.552926
-0.552932
-0.552938
-0.552944
-0.552950
-0.552956
-0.552961
-0.552967
-0.552973
-0.552979
-0.552985
-0.552991
-0.552997
-0.553003
-0.553009
-0.553016
-0.553022
-0.553028
-0.553034
-0.553040
-0.553047
-0.553053
-0.553059
-0.553066
-0.553072
-0.553078
-0.553085
-0.553091
-0.553098
-0.553105
-0.553111
-0.553118
-0.553125
-0.553131
-0.553138
-0.553145
-0.553152
-0.553159
-0.553166
-0.553173
-0.553180
-0.553187
-0.553194
-0.553201
-0.553208
-0.553216
-0.553223
-0.553230
-0.553238
-0.553245
-0.553252
-0.553260
-0.553267
-0.553275
-0.553283
-0.553290
-0.553298
-0.553306
-0.553313
-0.553321
-0.553329
-0.553337
-0.553345
-0.553353
-0.553361
-0.553369
-0.553377
-0.553385
-0.553393
-0.553401
-0.553409
-0.553418
-0.553426
-0.553434
-0.553443
-0.553451
-0.553460
-0.553468
-0.553477
-0.553485
-0.553494
-0.553503
-0.553511
-0.553520
-0.553529
-0.553538
-0.553546
-0.553555
-0.553564
-0.553573
-0.553582
-0.553591
-0.553600
-0.553609
-0.553619
-0.553628
-0.553637
-0.553646
-0.553656
-0.553665
-0.553674
-0.553684
-0.553693
-0.553703
-0.553712
-0.553722
-0.553731
-0.553741
-0.553751
-0.553760
-0.553770
-0.553780
-0.553789
-0.553799
-0.553809
-0.553819
-0.553829
-0.553839
-0.553849
-0.553859
-0.553869
-0.553879
-0.553889
-0.553899
-0.553909
-0.553920
-0.553930
-0.553940
-0.553950
-0.553961
-0.553971
-0.553981
-0.553992
-0.554002
-0.554013
-0.554023
-0.554034
-0.554044
-0.554055
-0.554065
-0.554076
-0.554086
-0.554097
-0.554108
-0.554118
-0.554129
-0.554140
-0.554151
-0.554161
-0.554172
-0.554183
-0.554194
-0.554194
-0.554205
-0.554216
-0.554227
-0.554237
-0.554248
-0.554259
-0.554270
-0.554281
-0.554292
-0.554303
-0.554314
-0.554325
-0.554337
-0.554348
-0.554359
-0.554370
-0.554381
-0.554392
-0.554403
-0.554415
-0.554426
-0.554437
-0.554448
-0.554459
-0.554471
-0.554482
-0.554493
-0.554505
-0.554516
-0.554527
-0.554538
-0.554550
-0.554561
-0.554572
-0.554584
-0.554595
-0.554607
-0.554618
-0.554629
-0.554641
-0.554652
-0.554664
-0.554675
-0.554686
-0.554698
-0.554709
-0.554721
-0.554732
-0.554744
-0.554755
-0.554767
-0.554778
-0.554789
-0.554801
-0.554812
-0.554824
-0.554835
-0.554847
-0.554858
-0.554870
-0.554881
-0.554893
-0.554904
-0.554916
-0.554927
-0.554939
-0.554950
-0.554962
-0.554973
-0.554985
-0.554996
-0.555008
-0.555019
-0.555031
-0.555042
-0.555054
-0.555065
-0.555077
-0.555088
-0.555100
-0.555111
-0.555123
-0.555134
-0.555146
-0.555157
-0.555168
-0.555180
-0.555191
-0.555203
-0.555214
-0.555226
-0.555237
-0.555249
-0.555260
-0.555271
-0.555283
-0.555294
-0.555305
-0.555317
-0.555328
-0.555340
-0.555351
-0.555362
-0.555374
-0.555385
-0.555396
-0.555408
-0.555419
-0.555430
-0.555441
-0.555453
-0.555464
-0.555475
-0.555486
-0.555498
-0.555509
-0.555520
-0.555531
-0.555542
-0.555554
-0.555565
-0.555576
-0.555587
-0.555598
-0.555609
-0.555620
-0.555631
-0.555643
-0.555654
-0.555665
-0.555676
-0.555687
-0.555698
-0.555709
-0.555720
-0.555731
-0.555742
-0.555753
-0.555763
-0.555774
-0.555785
-0.555796
-0.555807
-0.555818
-0.555829
-0.555839
-0.555850
-0.555861
-0.555872
-0.555883
-0.555893
-0.555904
-0.555915
-0.555925
-0.555936
-0.555947
-0.555957
-0.555968
-0.555979
-0.555989
-0.556000
-0.556010
-0.556021
-0.556031
-0.556042
-0.556052
-0.556063
-0.556073
-0.556084
-0.556094
-0.556105
-0.556115
-0.556125
-0.556136
-0.556146
-0.556156
-0.556166
-0.556177
-0.556187
-0.556197
-0.556207
-0.556218
-0.556228
-0.556238
-0.556248
-0.556258
-0.556268
-0.556278
-0.556288
-0.556298
-0.556308
-0.556318
-0.556328
-0.556338
-0.556348
-0.556358
-0.556368
-0.556378
-0.556388
-0.556397
-0.556407
-0.556417
-0.556427
-0.556436
-0.556446
-0.556456
-0.556465
-0.556475
-0.556485
-0.556494
-0.556504
-0.556513
-0.556523
-0.556532
-0.556542
-0.556551
-0.556561
-0.556570
-0.556580
-0.556589
-0.556598
-0.556608
-0.556617
-0.556626
-0.556636
-0.556645
-0.556654
-0.556663
-0.556673
-0.556682
-0.556691
-0.556700
-0.556709
-0.556718
-0.556727
-0.556736
-0.556745
-0.556754
-0.556763
-0.556772
-0.556781
-0.556790
-0.556799
-0.556807
-0.556816
-0.556825
-0.556834
-0.556843
-0.556851
-0.556860
-0.556869
-0.556877
-0.556886
-0.556895
-0.556903
-0.556912
-0.556920
-0.556929
-0.556937
-0.556946
-0.556954
-0.556963
-0.556971
-0.556979
-0.556988
-0.556996
-0.557004
-0.557013
-0.557021
-0.557029
-0.557037
-0.557045
-0.557054
-0.557062
-0.557070
-0.557078
-0.557086
-0.557094
-0.557102
-0.557110
-0.557118
-0.557126
-0.557134
-0.557142
-0.557150
-0.557157
-0.557165
-0.557173
-0.557181
-0.557189
-0.557196
-0.557204
-0.557212
-0.557219
-0.557227
-0.557235
-0.557242
-0.557250
-0.557257
-0.557265
-0.557272
-0.557280
-0.557287
-0.557295
-0.557302
-0.557310
-0.557317
-0.557324
-0.557332
-0.557339
-0.557346
-0.557353
-0.557361
-0.557368
-0.557375
-0.557382
-0.557389
-0.557396
-0.557403
-0.557410
-0.557418
-0.557425
-0.557432
-0.557438
-0.557445
-0.557452
-0.557459
-0.557466
-0.557473
-0.557480
-0.557487
-0.557493
-0.557500
-0.557507
-0.557514
-0.557520
-0.557527
-0.557534
-0.557540
-0.557547
-0.557553
-0.557560
-0.557567
-0.557573
-0.557580
-0.557586
-0.557592
-0.557599
-0.557605
-0.557612
-0.557618
-0.557624
-0.557631
-0.557637
-0.557643
-0.557650
-0.557656
-0.557662
-0.557668
-0.557674
-0.557680
-0.557687
-0.557693
-0.557699
-0.557705
-0.557711
-0.557717
-0.557723
-0.557729
-0.557735
-0.557741
-0.557747
-0.557752
-0.557758
-0.557764
-0.557770
-0.557776
-0.557782
-0.557787
-0.557793
-0.557799
-0.557805
-0.557810
-0.557816
-0.557821
-0.557827
-0.557833
-0.557838
-0.557844
-0.557849
-0.557855
-0.557860
-0.557866
-0.557871
-0.557877
-0.557882
-0.557888
-0.557893
-0.557898
-0.557904
-0.557909
-0.557914
-0.557920
-0.557925
-0.557930
-0.557935
-0.557940
-0.557946
-0.557951
-0.557956
-0.557961
-0.557966
-0.557971
-0.557976
-0.557981
-0.557986
-0.557991
-0.557996
-0.558001
-0.558006
-0.558011
-0.558016
-0.558021
-0.558026
-0.558031
-0.558036
-0.558041
-0.558045
-0.558050
-0.558055
-0.558060
-0.558064
-0.558069
-0.558074
-0.558079
-0.558083
-0.558088
-0.558092
-0.558097
-0.558102
-0.558106
-0.558111
-0.558115
-0.558120
-0.558124
-0.558129
-0.558133
-0.558138
-0.558142
-0.558147
-0.558151
-0.558156
-0.558160
-0.558164
-0.558169
-0.558173
-0.558177
-0.558182
-0.558186
-0.558190
-0.558194
-0.558199
-0.558203
-0.558207
-0.558211
-0.558215
-0.558220
-0.558224
-0.558228
-0.558232
-0.558236
-0.558240
-0.558244
-0.558248
-0.558252
-0.558256
-0.558260
-0.558264
-0.558268
-0.558272
-0.558276
-0.558280
-0.558284
-0.558288
-0.558292
-0.558296
-0.558300
-0.558304
-0.558307
-0.558311
-0.558315
-0.558319
-0.558323
-0.558326
-0.558330
-0.558334
-0.558338
-0.558341
-0.558345
-0.558345
-0.558349
-0.558352
-0.558356
-0.558360
-0.558363
-0.558367
-0.558371
-0.558374
-0.558378
-0.558381
-0.558385
-0.558388
-0.558392
-0.558396
-0.558399
-0.558403
-0.558406
-0.558409
-0.558413
-0.558416
-0.558420
-0.558423
-0.558427
-0.558430
-0.558433
-0.558437
-0.558440
-0.558444
-0.558447
-0.558450
-0.558454
-0.558457
-0.558460
-0.558464
-0.558467
-0.558470
-0.558473
-0.558477
-0.558480
-0.558483
-0.558486
-0.558489
-0.558493
-0.558496
-0.558499
-0.558502
-0.558505
-0.558508
-0.558512
-0.558515
-0.558518
-0.558521
-0.558524
-0.558527
-0.558530
-0.558533
-0.558536
-0.558539
-0.558542
-0.558545
-0.558549
-0.558552
-0.558555
-0.558558
-0.558561
-0.558563
-0.558566
-0.558569
-0.558572
-0.558575
-0.558578
-0.558581
-0.558584
-0.558587
-0.558590
-0.558593
-0.558596
-0.558599
-0.558601
-0.558604
-0.558607
-0.558610
-0.558613
-0.558616
-0.558618
-0.558621
-0.558624
-0.558627
-0.558630
-0.558632
-0.558635
-0.558638
-0.558641
-0.558643
-0.558646
-0.558649
-0.558652
-0.558654
-0.558657
-0.558660
-0.558663
-0.558665
-0.558668
-0.558671
-0.558673
-0.558676
-0.558679
-0.558681
-0.558684
-0.558687
-0.558689
-0.558692
-0.558695
-0.558697
-0.558700
-0.558702
-0.558705
-0.558708
-0.558710
-0.558713
-0.558715
-0.558718
-0.558721
-0.558723
-0.558726
-0.558728
-0.558731
-0.558733
-0.558736
-0.558738
-0.558741
-0.558743
-0.558746
-0.558748
-0.558751
-0.558754
-0.558756
-0.558759
-0.558761
-0.558764
-0.558766
-0.558768
-0.558771
-0.558773
-0.558776
-0.558778
-0.558781
-0.558783
-0.558786
-0.558788
-0.558791
-0.558793
-0.558795
-0.558798
-0.558800
-0.558803
-0.558805
-0.558808
-0.558810
-0.558812
-0.558815
-0.558817
-0.558820
-0.558822
-0.558824
-0.558827
-0.558829
-0.558832
-0.558834
-0.558836
-0.558839
-0.558841
-0.558843
-0.558846
-0.558848
-0.558851
-0.558853
-0.558855
-0.558858
-0.558860
-0.558862
-0.558865
-0.558867
-0.558869
-0.558872
-0.558874
-0.558876
-0.558879
-0.558881
-0.558883
-0.558886
-0.558888
-0.558890
-0.558893
-0.558895
-0.558897
-0.558899
-0.558902
-0.558904
-0.558906
-0.558909
-0.558911
-0.558913
-0.558916
-0.558918
-0.558920
-0.558922
-0.558925
-0.558927
-0.558929
-0.558932
-0.558934
-0.558936
-0.558938
-0.558941
-0.558943
-0.558945
-0.558948
-0.558950
-0.558952
-0.558954
-0.558957
-0.558959
-0.558961
-0.558964
-0.558966
-0.558968
-0.558970
-0.558973
-0.558975
-0.558977
-0.558979
-0.558982
-0.558984
-0.558986
-0.558988
-0.558991
-0.558993
-0.558995
-0.558998
-0.559000
-0.559002
-0.559004
-0.559007
-0.559009
-0.559011
-0.559013
-0.559016
-0.559018
-0.559020
-0.559022
-0.559025
-0.559027
-0.559029
-0.559031
-0.559034
-0.559036
-0.559038
-0.559040
-0.559043
-0.559045
-0.559047
-0.559049
-0.559052
-0.559054
-0.559056
-0.559058
-0.559061
-0.559063
-0.559065
-0.559068
-0.559070
-0.559072
-0.559074
-0.559077
-0.559079
-0.559081
-0.559083
-0.559086
-0.559088
-0.559090
-0.559092
-0.559095
-0.559097
-0.559099
-0.559102
-0.559104
-0.559106
-0.559108
-0.559111
-0.559113
-0.559115
-0.559117
-0.559120
-0.559122
-0.559124
-0.559127
-0.559129
-0.559131
-0.559133
-0.559136
-0.559138
-0.559140
-0.559143
-0.559145
-0.559147
-0.559149
-0.559152
-0.559154
-0.559156
-0.559159
-0.559161
-0.559163
-0.559165
-0.559168
-0.559170
-0.559172
-0.559175
-0.559177
-0.559179
-0.559182
-0.559184
-0.559186
-0.559188
-0.559191
-0.559193
-0.559195
-0.559198
-0.559200
-0.559202
-0.559205
-0.559207
-0.559209
-0.559212
-0.559214
-0.559216
-0.559219
-0.559221
-0.559223
-0.559226
-0.559228
-0.559230
-0.559233
-0.559235
-0.559237
-0.559240
-0.559242
-0.559244
-0.559247
-0.559249
-0.559251
-0.559254
-0.559256
-0.559258
-0.559261
-0.559263
-0.559266
-0.559268
-0.559270
-0.559273
-0.559275
-0.559277
-0.559280
-0.559282
-0.559285
-0.559287
-0.559289
-0.559292
-0.559294
-0.559296
-0.559299
-0.559301
-0.559304
-0.559306
-0.559308
-0.559311
-0.559313
-0.559316
-0.559318
-0.559320
-0.559323
-0.559325
-0.559328
-0.559330
-0.559332
-0.559335
-0.559337
-0.559340
-0.559342
-0.559344
-0.559347
-0.559349
-0.559352
-0.559354
-0.559357
-0.559359
-0.559361
-0.559364
-0.559366
-0.559369
-0.559371
-0.559374
-0.559376
-0.559378
-0.559381
-0.559383
-0.559386
-0.559388
-0.559391
-0.559393
-0.559396
-0.559398
-0.559401
-0.559403
-0.559405
-0.559408
-0.559410
-0.559413
-0.559415
-0.559418
-0.559420
-0.559423
-0.559425
-0.559428
-0.559430
-0.559433
-0.559435
-0.559438
-0.559440
-0.559443
-0.559445
-0.559448
-0.559450
-0.559453
-0.559455
-0.559458
-0.559460
-0.559463
-0.559465
-0.559468
-0.559470
-0.559473
-0.559475
-0.559478
-0.559480
-0.559483
-0.559485
-0.559488
-0.559490
-0.559493
-0.559495
-0.559498
-0.559500
-0.559503
-0.559506
-0.559508
-0.559511
-0.559513
-0.559516
-0.559518
-0.559521
-0.559523
-0.559526
-0.559528
-0.559531
-0.559534
-0.559536
-0.559539
-0.559541
-0.559544
-0.559546
-0.559549
-0.559551
-0.559554
-0.559557
-0.559559
-0.559562
-0.559564
-0.559567
-0.559569
-0.559572
-0.559575
-0.559577
-0.559580
-0.559582
-0.559585
-0.559588
-0.559590
-0.559593
-0.559595
-0.559598
-0.559601
-0.559603
-0.559606
-0.559608
-0.559611
-0.559614
-0.559616
-0.559619
-0.559619
-0.559621
-0.559624
-0.559627
-0.559629
-0.559632
-0.559634
-0.559637
-0.559640
-0.559642
-0.559645
-0.559647
-0.559650
-0.559653
-0.559655
-0.559658
-0.559661
-0.559663
-0.559666
-0.559668
-0.559671
-0.559674
-0.559676
-0.559679
-0.559682
-0.559684
-0.559687
-0.559689
-0.559692
-0.559695
-0.559697
-0.559700
-0.559703
-0.559705
-0.559708
-0.559711
-0.559713
-0.559716
-0.559719
-0.559721
-0.559724
-0.559727
-0.559729
-0.559732
-0.559734
-0.559737
-0.559740
-0.559742
-0.559745
-0.559748
-0.559750
-0.559753
-0.559756
-0.559758
-0.559761
-0.559764
-0.559766
-0.559769
-0.559772
-0.559774
-0.559777
-0.559780
-0.559782
-0.559785
-0.559788
-0.559790
-0.559793
-0.559796
-0.559798
-0.559801
-0.559804
-0.559806
-0.559809
-0.559812
-0.559814
-0.559817
-0.559820
-0.559823
-0.559825
-0.559828
-0.559831
-0.559833
-0.559836
-0.559839
-0.559841
-0.559844
-0.559847
-0.559849
-0.559852
-0.559855
-0.559857
-0.559860
-0.559863
-0.559865
-0.559868
-0.559871
-0.559873
-0.559876
-0.559879
-0.559882
-0.559884
-0.559887
-0.559890
-0.559892
-0.559895
-0.559898
-0.559900
-0.559903
-0.559906
-0.559908
-0.559911
-0.559914
-0.559916
-0.559919
-0.559922
-0.559925
-0.559927
-0.559930
-0.559933
-0.559935
-0.559938
-0.559941
-0.559943
-0.559946
-0.559949
-0.559951
-0.559954
-0.559957
-0.559959
-0.559962
-0.559965
-0.559968
-0.559970
-0.559973
-0.559976
-0.559978
-0.559981
-0.559984
-0.559986
-0.559989
-0.559992
-0.559994
-0.559997
-0.560000
-0.560002
-0.560005
-0.560008
-0.560010
-0.560013
-0.560016
-0.560019
-0.560021
-0.560024
-0.560027
-0.560029
-0.560032
-0.560035
-0.560037
-0.560040
-0.560043
-0.560045
-0.560048
-0.560051
-0.560053
-0.560056
-0.560059
-0.560061
-0.560064
-0.560067
-0.560069
-0.560072
-0.560075
-0.560077
-0.560080
-0.560083
-0.560085
-0.560088
-0.560091
-0.560093
-0.560096
-0.560099
-0.560101
-0.560104
-0.560107
-0.560109
-0.560112
-0.560115
-0.560117
-0.560120
-0.560123
-0.560125
-0.560128
-0.560131
-0.560133
-0.560136
-0.560138
-0.560141
-0.560144
-0.560146
-0.560149
-0.560152
-0.560154
-0.560157
-0.560160
-0.560162
-0.560165
-0.560168
-0.560170
-0.560173
-0.560175
-0.560178
-0.560181
-0.560183
-0.560186
-0.560189
-0.560191
-0.560194
-0.560196
-0.560199
-0.560202
-0.560204
-0.560207
-0.560209
-0.560212
-0.560215
-0.560217
-0.560220
-0.560223
-0.560225
-0.560228
-0.560230
-0.560233
-0.560236
-0.560238
-0.560241
-0.560243
-0.560246
-0.560249
-0.560251
-0.560254
-0.560256
-0.560259
-0.560261
-0.560264
-0.560267
-0.560269
-0.560272
-0.560274
-0.560277
-0.560279
-0.560282
-0.560285
-0.560287
-0.560290
-0.560292
-0.560295
-0.560297
-0.560300
-0.560303
-0.560305
-0.560308
-0.560310
-0.560313
-0.560315
-0.560318
-0.560320
-0.560323
-0.560325
-0.560328
-0.560330
-0.560333
-0.560336
-0.560338
-0.560341
-0.560343
-0.560346
-0.560348
-0.560351
-0.560353
-0.560356
-0.560358
-0.560361
-0.560363
-0.560366
-0.560368
-0.560371
-0.560373
-0.560376
-0.560378
-0.560381
-0.560383
-0.560386
-0.560388
-0.560391
-0.560393
-0.560396
-0.560398
-0.560401
-0.560403
-0.560405
-0.560408
-0.560410
-0.560413
-0.560415
-0.560418
-0.560420
-0.560423
-0.560425
-0.560428
-0.560430
-0.560432
-0.560435
-0.560437
-0.560440
-0.560442
-0.560445
-0.560447
-0.560450
-0.560452
-0.560454
-0.560457
-0.560459
-0.560462
-0.560464
-0.560466
-0.560469
-0.560471
-0.560474
-0.560476
-0.560478
-0.560481
-0.560483
-0.560486
-0.560488
-0.560490
-0.560493
-0.560495
-0.560497
-0.560500
-0.560502
-0.560505
-0.560507
-0.560509
-0.560512
-0.560514
-0.560516
-0.560519
-0.560521
-0.560523
-0.560526
-0.560528
-0.560530
-0.560533
-0.560535
-0.560537
-0.560540
-0.560542
-0.560544
-0.560547
-0.560549
-0.560551
-0.560554
-0.560556
-0.560558
-0.560560
-0.560563
-0.560565
-0.560567
-0.560570
-0.560572
-0.560574
-0.560576
-0.560579
-0.560581
-0.560583
-0.560585
-0.560588
-0.560590
-0.560592
-0.560595
-0.560597
-0.560599
-0.560601
-0.560603
-0.560606
-0.560608
-0.560610
-0.560612
-0.560615
-0.560617
-0.560619
-0.560621
-0.560623
-0.560626
-0.560628
-0.560630
-0.560632
-0.560634
-0.560637
-0.560639
-0.560641
-0.560643
-0.560645
-0.560648
-0.560650
-0.560652
-0.560654
-0.560656
-0.560658
-0.560661
-0.560663
-0.560665
-0.560667
-0.560669
-0.560671
-0.560673
-0.560676
-0.560678
-0.560680
-0.560682
-0.560684
-0.560686
-0.560688
-0.560690
-0.560692
-0.560695
-0.560697
-0.560699
-0.560701
-0.560703
-0.560705
-0.560707
-0.560709
-0.560711
-0.560713
-0.560715
-0.560717
-0.560719
-0.560722
-0.560724
-0.560726
-0.560728
-0.560730
-0.560732
-0.560734
-0.560736
-0.560738
-0.560740
-0.560742
-0.560744
-0.560746
-0.560748
-0.560750
-0.560752
-0.560754
-0.560756
-0.560758
-0.560760
-0.560762
-0.560764
-0.560766
-0.560768
-0.560770
-0.560772
-0.560774
-0.560776
-0.560778
-0.560780
-0.560782
-0.560784
-0.560785
-0.560787
-0.560789
-0.560791
-0.560793
-0.560795
-0.560797
-0.560799
-0.560801
-0.560803
-0.560805
-0.560807
-0.560809
-0.560810
-0.560812
-0.560814
-0.560816
-0.560818
-0.560820
-0.560822
-0.560824
-0.560825
-0.560827
-0.560829
-0.560831
-0.560833
-0.560835
-0.560837
-0.560838
-0.560840
-0.560840
-0.560842
-0.560844
-0.560846
-0.560848
-0.560849
-0.560851
-0.560853
-0.560855
-0.560857
-0.560858
-0.560860
-0.560862
-0.560864
-0.560866
-0.560867
-0.560869
-0.560871
-0.560873
-0.560874
-0.560876
-0.560878
-0.560880
-0.560881
-0.560883
-0.560885
-0.560887
-0.560888
-0.560890
-0.560892
-0.560894
-0.560895
-0.560897
-0.560899
-0.560900
-0.560902
-0.560904
-0.560906
-0.560907
-0.560909
-0.560911
-0.560912
-0.560914
-0.560916
-0.560917
-0.560919
-0.560921
-0.560922
-0.560924
-0.560926
-0.560927
-0.560929
-0.560931
-0.560932
-0.560934
-0.560935
-0.560937
-0.560939
-0.560940
-0.560942
-0.560943
-0.560945
-0.560947
-0.560948
-0.560950
-0.560951
-0.560953
-0.560955
-0.560956
-0.560958
-0.560959
-0.560961
-0.560963
-0.560964
-0.560966
-0.560967
-0.560969
-0.560970
-0.560972
-0.560973
-0.560975
-0.560976
-0.560978
-0.560979
-0.560981
-0.560982
-0.560984
-0.560986
-0.560987
-0.560989
-0.560990
-0.560991
-0.560993
-0.560994
-0.560996
-0.560997
-0.560999
-0.561000
-0.561002
-0.561003
-0.561005
-0.561006
-0.561008
-0.561009
-0.561011
-0.561012
-0.561013
-0.561015
-0.561016
-0.561018
-0.561019
-0.561021
-0.561022
-0.561023
-0.561025
-0.561026
-0.561028
-0.561029
-0.561030
-0.561032
-0.561033
-0.561035
-0.561036
-0.561037
-0.561039
-0.561040
-0.561041
-0.561043
-0.561044
-0.561045
-0.561047
-0.561048
-0.561049
-0.561051
-0.561052
-0.561053
-0.561055
-0.561056
-0.561057
-0.561059
-0.561060
-0.561061
-0.561063
-0.561064
-0.561065
-0.561067
-0.561068
-0.561069
-0.561070
-0.561072
-0.561073
-0.561074
-0.561075
-0.561077
-0.561078
-0.561079
-0.561080
-0.561082
-0.561083
-0.561084
-0.561085
-0.561087
-0.561088
-0.561089
-0.561090
-0.561092
-0.561093
-0.561094
-0.561095
-0.561096
-0.561098
-0.561099
-0.561100
-0.561101
-0.561102
-0.561104
-0.561105
-0.561106
-0.561107
-0.561108
-0.561109
-0.561111
-0.561112
-0.561113
-0.561114
-0.561115
-0.561116
-0.561118
-0.561119
-0.561120
-0.561121
-0.561122
-0.561123
-0.561124
-0.561125
-0.561127
-0.561128
-0.561129
-0.561130
-0.561131
-0.561132
-0.561133
-0.561134
-0.561135
-0.561136
-0.561138
-0.561139
-0.561140
-0.561141
-0.561142
-0.561143
-0.561144
-0.561145
-0.561146
-0.561147
-0.561148
-0.561149
-0.561150
-0.561151
-0.561152
-0.561153
-0.561154
-0.561155
-0.561156
-0.561158
-0.561159
-0.561160
-0.561161
-0.561162
-0.561163
-0.561164
-0.561165
-0.561166
-0.561167
-0.561168
-0.561169
-0.561170
-0.561171
-0.561171
-0.561172
-0.561173
-0.561174
-0.561175
-0.561176
-0.561177
-0.561178
-0.561179
-0.561180
-0.561181
-0.561182
-0.561183
-0.561184
-0.561185
-0.561186
-0.561187
-0.561188
-0.561189
-0.561190
-0.561190
-0.561191
-0.561192
-0.561193
-0.561194
-0.561195
-0.561196
-0.561197
-0.561198
-0.561199
-0.561199
-0.561200
-0.561201
-0.561202
-0.561203
-0.561204
-0.561205
-0.561206
-0.561207
-0.561207
-0.561208
-0.561209
-0.561210
-0.561211
-0.561212
-0.561213
-0.561213
-0.561214
-0.561215
-0.561216
-0.561217
-0.561218
-0.561218
-0.561219
-0.561220
-0.561221
-0.561222
-0.561223
-0.561223
-0.561224
-0.561225
-0.561226
-0.561227
-0.561227
-0.561228
-0.561229
-0.561230
-0.561231
-0.561231
-0.561232
-0.561233
-0.561234
-0.561235
-0.561235
-0.561236
-0.561237
-0.561238
-0.561238
-0.561239
-0.561240
-0.561241
-0.561241
-0.561242
-0.561243
-0.561244
-0.561245
-0.561245
-0.561246
-0.561247
-0.561248
-0.561248
-0.561249
-0.561250
-0.561250
-0.561251
-0.561252
-0.561253
-0.561253
-0.561254
-0.561255
-0.561256
-0.561256
-0.561257
-0.561258
-0.561258
-0.561259
-0.561260
-0.561261
-0.561261
-0.561262
-0.561263
-0.561263
-0.561264
-0.561265
-0.561266
-0.561266
-0.561267
-0.561268
-0.561268
-0.561269
-0.561270
-0.561270
-0.561271
-0.561272
-0.561272
-0.561273
-0.561274
-0.561274
-0.561275
-0.561276
-0.561276
-0.561277
-0.561278
-0.561278
-0.561279
-0.561280
-0.561280
-0.561281
-0.561282
-0.561282
-0.561283
-0.561284
-0.561284
-0.561285
-0.561286
-0.561286
-0.561287
-0.561288
-0.561288
-0.561289
-0.561290
-0.561290
-0.561291
-0.561291
-0.561292
-0.561293
-0.561293
-0.561294
-0.561295
-0.561295
-0.561296
-0.561296
-0.561297
-0.561298
-0.561298
-0.561299
-0.561300
-0.561300
-0.561301
-0.561301
-0.561302
-0.561303
-0.561303
-0.561304
-0.561305
-0.561305
-0.561306
-0.561306
-0.561307
-0.561308
-0.561308
-0.561309
-0.561309
-0.561310
-0.561311
-0.561311
-0.561312
-0.561312
-0.561313
-0.561314
-0.561314
-0.561315
-0.561315
-0.561316
-0.561317
-0.561317
-0.561318
-0.561318
-0.561319
-0.561320
-0.561320
-0.561321
-0.561321
-0.561322
-0.561323
-0.561323
-0.561324
-0.561324
-0.561325
-0.561326
-0.561326
-0.561327
-0.561327
-0.561328
-0.561329
-0.561329
-0.561330
-0.561330
-0.561331
-0.561331
-0.561332
-0.561333
-0.561333
-0.561334
-0.561334
-0.561335
-0.561336
-0.561336
-0.561337
-0.561337
-0.561338
-0.561339
-0.561339
-0.561340
-0.561340
-0.561341
-0.561341
-0.561342
-0.561343
-0.561343
-0.561344
-0.561344
-0.561345
-0.561346
-0.561346
-0.561347
-0.561347
-0.561348
-0.561349
-0.561349
-0.561350
-0.561350
-0.561351
-0.561351
-0.561352
-0.561353
-0.561353
-0.561354
-0.561354
-0.561355
-0.561356
-0.561356
-0.561356
-0.561357
-0.561357
-0.561358
-0.561359
-0.561359
-0.561360
-0.561360
-0.561361
-0.561362
-0.561362
-0.561363
-0.561363
-0.561364
-0.561365
-0.561365
-0.561366
-0.561366
-0.561367
-0.561368
-0.561368
-0.561369
-0.561369
-0.561370
-0.561371
-0.561371
-0.561372
-0.561373
-0.561373
-0.561374
-0.561374
-0.561375
-0.561376
-0.561376
-0.561377
-0.561378
-0.561378
-0.561379
-0.561379
-0.561380
-0.561381
-0.561381
-0.561382
-0.561383
-0.561383
-0.561384
-0.561385
-0.561385
-0.561386
-0.561386
-0.561387
-0.561388
-0.561388
-0.561389
-0.561390
-0.561390
-0.561391
-0.561392
-0.561392
-0.561393
-0.561394
-0.561394
-0.561395
-0.561396
-0.561396
-0.561397
-0.561398
-0.561398
-0.561399
-0.561400
-0.561400
-0.561401
-0.561402
-0.561403
-0.561403
-0.561404
-0.561405
-0.561405
-0.561406
-0.561407
-0.561407
-0.561408
-0.561409
-0.561410
-0.561410
-0.561411
-0.561412
-0.561412
-0.561413
-0.561414
-0.561415
-0.561415
-0.561416
-0.561417
-0.561417
-0.561418
-0.561419
-0.561420
-0.561420
-0.561421
-0.561422
-0.561423
-0.561423
-0.561424
-0.561425
-0.561426
-0.561427
-0.561427
-0.561428
-0.561429
-0.561430
-0.561430
-0.561431
-0.561432
-0.561433
-0.561434
-0.561434
-0.561435
-0.561436
-0.561437
-0.561438
-0.561438
-0.561439
-0.561440
-0.561441
-0.561442
-0.561443
-0.561443
-0.561444
-0.561445
-0.561446
-0.561447
-0.561448
-0.561448
-0.561449
-0.561450
-0.561451
-0.561452
-0.561453
-0.561454
-0.561454
-0.561455
-0.561456
-0.561457
-0.561458
-0.561459
-0.561460
-0.561461
-0.561462
-0.561462
-0.561463
-0.561464
-0.561465
-0.561466
-0.561467
-0.561468
-0.561469
-0.561470
-0.561471
-0.561472
-0.561473
-0.561474
-0.561475
-0.561476
-0.561477
-0.561478
-0.561479
-0.561479
-0.561480
-0.561481
-0.561482
-0.561483
-0.561484
-0.561485
-0.561486
-0.561487
-0.561488
-0.561490
-0.561491
-0.561492
-0.561493
-0.561494
-0.561495
-0.561496
-0.561497
-0.561498
-0.561499
-0.561500
-0.561501
-0.561502
-0.561503
-0.561504
-0.561505
-0.561506
-0.561508
-0.561509
-0.561510
-0.561511
-0.561512
-0.561513
-0.561514
-0.561515
-0.561517
-0.561518
-0.561519
-0.561520
-0.561521
-0.561522
-0.561524
-0.561525
-0.561526
-0.561527
-0.561528
-0.561529
-0.561531
-0.561532
-0.561533
-0.561534
-0.561536
-0.561537
-0.561538
-0.561539
-0.561540
-0.561542
-0.561543
-0.561544
-0.561546
-0.561547
-0.561548
-0.561549
-0.561551
-0.561552
-0.561553
-0.561555
-0.561556
-0.561557
-0.561558
-0.561560
-0.561561
-0.561563
-0.561564
-0.561565
-0.561567
-0.561568
-0.561569
-0.561571
-0.561572
-0.561573
-0.561575
-0.561576
-0.561578
-0.561579
-0.561581
-0.561582
-0.561583
-0.561585
-0.561586
-0.561588
-0.561589
-0.561591
-0.561592
-0.561594
-0.561595
-0.561597
-0.561598
-0.561600
-0.561601
-0.561603
-0.561604
-0.561606
-0.561607
-0.561609
-0.561610
-0.561612
-0.561613
-0.561615
-0.561617
-0.561618
-0.561620
-0.561621
-0.561623
-0.561625
-0.561626
-0.561628
-0.561630
-0.561631
-0.561633
-0.561634
-0.561636
-0.561638
-0.561639
-0.561641
-0.561643
-0.561645
-0.561646
-0.561648
-0.561650
-0.561651
-0.561653
-0.561655
-0.561657
-0.561658
-0.561660
-0.561662
-0.561664
-0.561666
-0.561667
-0.561669
-0.561671
-0.561673
-0.561675
-0.561676
-0.561678
-0.561680
-0.561682
-0.561684
-0.561686
-0.561688
-0.561690
-0.561691
-0.561693
-0.561695
-0.561697
-0.561699
-0.561701
-0.561703
-0.561705
-0.561707
-0.561709
-0.561711
-0.561713
-0.561715
-0.561717
-0.561719
-0.561721
-0.561723
-0.561725
-0.561727
-0.561729
-0.561731
-0.561733
-0.561735
-0.561737
-0.561739
-0.561741
-0.561744
-0.561746
-0.561748
-0.561750
-0.561752
-0.561754
-0.561756
-0.561759
-0.561761
-0.561763
-0.561765
-0.561767
-0.561770
-0.561772
-0.561774
-0.561776
-0.561778
-0.561781
-0.561783
-0.561785
-0.561787
-0.561790
-0.561792
-0.561794
-0.561797
-0.561799
-0.561801
-0.561804
-0.561806
-0.561808
-0.561811
-0.561813
-0.561815
-0.561818
-0.561820
-0.561823
-0.561825
-0.561827
-0.561830
-0.561832
-0.561835
-0.561837
-0.561840
-0.561842
-0.561845
-0.561847
-0.561850
-0.561852
-0.561855
-0.561857
-0.561860
-0.561862
-0.561865
-0.561867
-0.561870
-0.561872
-0.561875
-0.561878
-0.561880
-0.561883
-0.561885
-0.561888
-0.561891
-0.561893
-0.561896
-0.561899
-0.561901
-0.561904
-0.561907
-0.561909
-0.561912
-0.561915
-0.561917
-0.561920
-0.561923
-0.561926
-0.561928
-0.561931
-0.561934
-0.561937
-0.561939
-0.561942
-0.561945
-0.561948
-0.561950
-0.561953
-0.561956
-0.561959
-0.561962
-0.561965
-0.561967
-0.561970
-0.561973
-0.561976
-0.561979
-0.561982
-0.561985
-0.561988
-0.561991
-0.561993
-0.561996
-0.561999
-0.562002
-0.562005
-0.562008
-0.562011
-0.562014
-0.562017
-0.562020
-0.562023
-0.562026
-0.562029
-0.562032
-0.562035
-0.562038
-0.562041
-0.562044
-0.562047
-0.562050
-0.562053
-0.562056
-0.562059
-0.562062
-0.562065
-0.562069
-0.562072
-0.562075
-0.562078
-0.562081
-0.562084
-0.562087
-0.562090
-0.562093
-0.562096
-0.562099
-0.562103
-0.562106
-0.562109
-0.562111
-0.562117
-0.562116
-0.562127
-0.562115
-0.562146
-0.562097
-0.562200
-0.562012
-0.562391
-0.561672
-0.563132
-0.560584
-0.564973
-0.559497
-0.563999
-0.559508
-0.559508
-0.562652
-0.559813
-0.562647
-0.560597
-0.562972
-0.561273
-0.563217
-0.561683
-0.563335
-0.561863
-0.563348
-0.561879
-0.563283
-0.561790
-0.563167
-0.561645
-0.563023
-0.561480
-0.562872
-0.561325
-0.562732
-0.561198
-0.562615
-0.561110
-0.562528
-0.561063
-0.562473
-0.561055
-0.562448
-0.561080
-0.562448
-0.561132
-0.562470
-0.561203
-0.562508
-0.561286
-0.562556
-0.561375
-0.562611
-0.561466
-0.562668
-0.561555
-0.562726
-0.561640
-0.562783
-0.561720
-0.562837
-0.561792
-0.562886
-0.561858
-0.562932
-0.561917
-0.562973
-0.561969
-0.563009
-0.562014
-0.563042
-0.562053
-0.563070
-0.562087
-0.563094
-0.562116
-0.563114
-0.562141
-0.563131
-0.562162
-0.563145
-0.562179
-0.563156
-0.562194
-0.563165
-0.562206
-0.563172
-0.562216
-0.563176
-0.562224
-0.563178
-0.562231
-0.563179
-0.562236
-0.563179
-0.562240
-0.563177
-0.562244
-0.563174
-0.562246
-0.563170
-0.562248
-0.563166
-0.562250
-0.563161
-0.562251
-0.563155
-0.562252
-0.563149
-0.562253
-0.563143
-0.562253
-0.563137
-0.562253
-0.563131
-0.562253
-0.563125
-0.562253
-0.563119
-0.562253
-0.563113
-0.562253
-0.563107
-0.562254
-0.563102
-0.562254
-0.563097
-0.562254
-0.563092
-0.562254
-0.563088
-0.562255
-0.563084
-0.562255
-0.563080
-0.562256
-0.563076
-0.562257
-0.563073
-0.562257
-0.563070
-0.562259
-0.563067
-0.562260
-0.563065
-0.562261
-0.563062
-0.562263
-0.563060
-0.562264
-0.563058
-0.562266
-0.563057
-0.562268
-0.563055
-0.562270
-0.563053
-0.562272
-0.563052
-0.562275
-0.563051
-0.562277
-0.563050
-0.562280
-0.563049
-0.562283
-0.563048
-0.562286
-0.563047
-0.562289
-0.563046
-0.562292
-0.563045
-0.562296
-0.563045
-0.562300
-0.563045
-0.562304
-0.563044
-0.562308
-0.563044
-0.562312
-0.563044
-0.562316
-0.563044
-0.562320
-0.563044
-0.562325
-0.563045
-0.562330
-0.563045
-0.562335
-0.563046
-0.562340
-0.563047
-0.562345
-0.563048
-0.562350
-0.563049
-0.562355
-0.563050
-0.562361
-0.563051
-0.562366
-0.563053
-0.562372
-0.563055
-0.562378
-0.563057
-0.562384
-0.563059
-0.562390
-0.563061
-0.562396
-0.563063
-0.562403
-0.563065
-0.562409
-0.563068
-0.562415
-0.563070
-0.562422
-0.563073
-0.562429
-0.563076
-0.562435
-0.563079
-0.562442
-0.563082
-0.562449
-0.563085
-0.562456
-0.563088
-0.562463
-0.563092
-0.562470
-0.563095
-0.562477
-0.563099
-0.562485
-0.563102
-0.562492
-0.563106
-0.562500
-0.563110
-0.562507
-0.563113
-0.562515
-0.563117
-0.562523
-0.563121
-0.562530
-0.563125
-0.562538
-0.563129
-0.562546
-0.563134
-0.562554
-0.563138
-0.562562
-0.563142
-0.562571
-0.563146
-0.562579
-0.563151
-0.562587
-0.563155
-0.562595
-0.563160
-0.562604
-0.563164
-0.562612
-0.563169
-0.562621
-0.563174
-0.562630
-0.563178
-0.562638
-0.563183
-0.562647
-0.563188
-0.562656
-0.563193
-0.562665
-0.563198
-0.562674
-0.563203
-0.562683
-0.563208
-0.562692
-0.563213
-0.562701
-0.563218
-0.562710
-0.563224
-0.562719
-0.563229
-0.562729
-0.563234
-0.562738
-0.563240
-0.562747
-0.563245
-0.562757
-0.563251
-0.562766
-0.563256
-0.562776
-0.563262
-0.562785
-0.563267
-0.562795
-0.563273
-0.562804
-0.563279
-0.562814
-0.563284
-0.562824
-0.563290
-0.562833
-0.563296
-0.562843
-0.563302
-0.562853
-0.563308
-0.562863
-0.563314
-0.562873
-0.563320
-0.562882
-0.563326
-0.562892
-0.563332
-0.562902
-0.563338
-0.562912
-0.563344
-0.562922
-0.563350
-0.562932
-0.563356
-0.562942
-0.563362
-0.562953
-0.563369
-0.562963
-0.563375
-0.562973
-0.563381
-0.562983
-0.563388
-0.562993
-0.563394
-0.563004
-0.563400
-0.563014
-0.563407
-0.563024
-0.563413
-0.563035
-0.563420
-0.563045
-0.563426
-0.563055
-0.563433
-0.563066
-0.563440
-0.563076
-0.563446
-0.563087
-0.563453
-0.563097
-0.563459
-0.563108
-0.563466
-0.563118
-0.563473
-0.563129
-0.563480
-0.563139
-0.563486
-0.563150
-0.563493
-0.563161
-0.563500
-0.563171
-0.563507
-0.563182
-0.563514
-0.563193
-0.563521
-0.563204
-0.563528
-0.563215
-0.563535
-0.563225
-0.563542
-0.563236
-0.563549
-0.563247
-0.563556
-0.563258
-0.563563
-0.563269
-0.563570
-0.563280
-0.563577
-0.563291
-0.563584
-0.563302
-0.563591
-0.563313
-0.563598
-0.563324
-0.563606
-0.563335
-0.563613
-0.563346
-0.563620
-0.563357
-0.563627
-0.563368
-0.563635
-0.563379
-0.563642
-0.563391
-0.563649
-0.563402
-0.563657
-0.563413
-0.563664
-0.563424
-0.563672
-0.563436
-0.563679
-0.563447
-0.563687
-0.563458
-0.563694
-0.563470
-0.563702
-0.563481
-0.563709
-0.563492
-0.563717
-0.563504
-0.563724
-0.563515
-0.563732
-0.563527
-0.563740
-0.563538
-0.563748
-0.563550
-0.563755
-0.563561
-0.563763
-0.563573
-0.563771
-0.563584
-0.563779
-0.563596
-0.563787
-0.563608
-0.563795
-0.563619
-0.563802
-0.563631
-0.563810
-0.563642
-0.563818
-0.563654
-0.563826
-0.563666
-0.563835
-0.563678
-0.563843
-0.563689
-0.563851
-0.563701
-0.563859
-0.563713
-0.563867
-0.563725
-0.563875
-0.563736
-0.563884
-0.563748
-0.563892
-0.563760
-0.563900
-0.563772
-0.563909
-0.563784
-0.563917
-0.563796
-0.563926
-0.563807
-0.563934
-0.563819
-0.563943
-0.563831
-0.563951
-0.563843
-0.563960
-0.563855
-0.563969
-0.563867
-0.563977
-0.563879
-0.563986
-0.563891
-0.563995
-0.563995
-0.563903
-0.564004
-0.563915
-0.564013
-0.563927
-0.564022
-0.563939
-0.564031
-0.563951
-0.564040
-0.563963
-0.564049
-0.563975
-0.564058
-0.563987
-0.564068
-0.563999
-0.564077
-0.564011
-0.564086
-0.564023
-0.564096
-0.564035
-0.564105
-0.564047
-0.564115
-0.564059
-0.564124
-0.564071
-0.564134
-0.564083
-0.564143
-0.564095
-0.564153
-0.564108
-0.564163
-0.564120
-0.564173
-0.564132
-0.564183
-0.564144
-0.564193
-0.564156
-0.564203
-0.564168
-0.564213
-0.564180
-0.564223
-0.564192
-0.564233
-0.564204
-0.564244
-0.564216
-0.564254
-0.564228
-0.564264
-0.564241
-0.564275
-0.564253
-0.564285
-0.564265
-0.564296
-0.564277
-0.564307
-0.564289
-0.564317
-0.564301
-0.564328
-0.564313
-0.564339
-0.564325
-0.564350
-0.564338
-0.564361
-0.564350
-0.564372
-0.564362
-0.564383
-0.564374
-0.564394
-0.564386
-0.564406
-0.564398
-0.564417
-0.564411
-0.564428
-0.564423
-0.564440
-0.564435
-0.564451
-0.564447
-0.564463
-0.564460
-0.564474
-0.564472
-0.564486
-0.564484
-0.564498
-0.564497
-0.564509
-0.564509
-0.564521
-0.564521
-0.564533
-0.564534
-0.564545
-0.564546
-0.564557
-0.564558
-0.564569
-0.564571
-0.564581
-0.564583
-0.564593
-0.564596
-0.564605
-0.564608
-0.564617
-0.564621
-0.564630
-0.564633
-0.564642
-0.564646
-0.564654
-0.564659
-0.564667
-0.564671
-0.564679
-0.564684
-0.564692
-0.564697
-0.564704
-0.564709
-0.564717
-0.564722
-0.564730
-0.564735
-0.564742
-0.564748
-0.564755
-0.564760
-0.564768
-0.564773
-0.564781
-0.564786
-0.564793
-0.564799
-0.564806
-0.564812
-0.564819
-0.564825
-0.564832
-0.564838
-0.564845
-0.564851
-0.564858
-0.564865
-0.564872
-0.564878
-0.564885
-0.564891
-0.564898
-0.564904
-0.564911
-0.564918
-0.564924
-0.564931
-0.564938
-0.564944
-0.564951
-0.564958
-0.564964
-0.564971
-0.564978
-0.564985
-0.564991
-0.564998
-0.565005
-0.565012
-0.565019
-0.565025
-0.565032
-0.565039
-0.565046
-0.565053
-0.565059
-0.565066
-0.565073
-0.565080
-0.565087
-0.565094
-0.565101
-0.565108
-0.565115
-0.565122
-0.565129
-0.565136
-0.565143
-0.565150
-0.565157
-0.565164
-0.565171
-0.565178
-0.565185
-0.565192
-0.565199
-0.565206
-0.565213
-0.565220
-0.565227
-0.565234
-0.565241
-0.565248
-0.565256
-0.565263
-0.565270
-0.565277
-0.565284
-0.565292
-0.565299
-0.565306
-0.565313
-0.565320
-0.565328
-0.565335
-0.565342
-0.565350
-0.565357
-0.565364
-0.565371
-0.565379
-0.565386
-0.565394
-0.565401
-0.565408
-0.565416
-0.565423
-0.565430
-0.565438
-0.565445
-0.565453
-0.565460
-0.565468
-0.565475
-0.565483
-0.565490
-0.565498
-0.565505
-0.565513
-0.565520
-0.565528
-0.565535
-0.565543
-0.565551
-0.565558
-0.565566
-0.565573
-0.565581
-0.565589
-0.565596
-0.565604
-0.565612
-0.565619
-0.565627
-0.565635
-0.565643
-0.565650
-0.565658
-0.565666
-0.565674
-0.565681
-0.565689
-0.565697
-0.565705
-0.565713
-0.565721
-0.565729
-0.565736
-0.565744
-0.565752
-0.565760
-0.565768
-0.565776
-0.565784
-0.565792
-0.565800
-0.565808
-0.565816
-0.565824
-0.565832
-0.565840
-0.565848
-0.565856
-0.565864
-0.565872
-0.565880
-0.565888
-0.565897
-0.565905
-0.565913
-0.565921
-0.565929
-0.565937
-0.565946
-0.565954
-0.565962
-0.565970
-0.565979
-0.565987
-0.565995
-0.566003
-0.566012
-0.566020
-0.566028
-0.566037
-0.566045
-0.566053
-0.566062
-0.566070
-0.566079
-0.566087
-0.566095
-0.566104
-0.566112
-0.566121
-0.566129
-0.566138
-0.566146
-0.566155
-0.566163
-0.566172
-0.566181
-0.566189
-0.566198
-0.566206
-0.566215
-0.566224
-0.566232
-0.566241
-0.566250
-0.566258
-0.566267
-0.566276
-0.566285
-0.566293
-0.566302
-0.566311
-0.566320
-0.566328
-0.566337
-0.566346
-0.566355
-0.566364
-0.566373
-0.566382
-0.566390
-0.566399
-0.566408
-0.566417
-0.566426
-0.566435
-0.566444
-0.566453
-0.566462
-0.566471
-0.566480
-0.566489
-0.566498
-0.566508
-0.566517
-0.566526
-0.566535
-0.566544
-0.566553
-0.566562
-0.566572
-0.566581
-0.566590
-0.566599
-0.566609
-0.566618
-0.566627
-0.566636
-0.566646
-0.566655
-0.566664
-0.566674
-0.566683
-0.566693
-0.566702
-0.566711
-0.566721
-0.566730
-0.566740
-0.566749
-0.566759
-0.566768
-0.566778
-0.566787
-0.566797
-0.566806
-0.566816
-0.566826
-0.566835
-0.566845
-0.566855
-0.566864
-0.566874
-0.566884
-0.566893
-0.566903
-0.566913
-0.566922
-0.566932
-0.566942
-0.566952
-0.566962
-0.566971
-0.566981
-0.566991
-0.567001
-0.567011
-0.567021
-0.567031
-0.567041
-0.567051
-0.567061
-0.567071
-0.567081
-0.567091
-0.567101
-0.567111
-0.567121
-0.567131
-0.567141
-0.567151
-0.567161
-0.567171
-0.567182
-0.567192
-0.567202
-0.567212
-0.567222
-0.567233
-0.567243
-0.567253
-0.567263
-0.567274
-0.567284
-0.567294
-0.567305
-0.567315
-0.567325
-0.567336
-0.567346
-0.567357
-0.567367
-0.567378
-0.567387
-0.567399
-0.567407
-0.567422
-0.567426
-0.567447
-0.567441
-0.567477
-0.567448
-0.567521
-0.567431
-0.567604
-0.567353
-0.567794
-0.567109
-0.568276
-0.566487
-0.569302
-0.565585
-0.569678
-0.565270
-0.568656
-0.565431
-0.568099
-0.565990
-0.568161
-0.566661
-0.568351
-0.567168
-0.568479
-0.567465
-0.568513
-0.567592
-0.568469
-0.567603
-0.568376
-0.567546
-0.568260
-0.567457
-0.568143
-0.567360
-0.567360
-0.568043
-0.567273
-0.567970
-0.567204
-0.567928
-0.567156
-0.567918
-0.567128
-0.567938
-0.567120
-0.567984
-0.567128
-0.568052
-0.567148
-0.568135
-0.567179
-0.568230
-0.567218
-0.568329
-0.567264
-0.568428
-0.567317
-0.568523
-0.567377
-0.568610
-0.567442
-0.568687
-0.567514
-0.568754
-0.567588
-0.568811
-0.567665
-0.568858
-0.567739
-0.568897
-0.567811
-0.568929
-0.567876
-0.568954
-0.567935
-0.568974
-0.567987
-0.568989
-0.568031
-0.569002
-0.568068
-0.569013
-0.568099
-0.569024
-0.568125
-0.569035
-0.568146
-0.569048
-0.568165
-0.569063
-0.568181
-0.569080
-0.568196
-0.569101
-0.568209
-0.569124
-0.568221
-0.569150
-0.568233
-0.569179
-0.568245
-0.569209
-0.568256
-0.569241
-0.568267
-0.569274
-0.568279
-0.569308
-0.568292
-0.569341
-0.568306
-0.569373
-0.568321
-0.569403
-0.568338
-0.569432
-0.568356
-0.569459
-0.568376
-0.569484
-0.568397
-0.569506
-0.568419
-0.569527
-0.568443
-0.569547
-0.568466
-0.569564
-0.568489
-0.569581
-0.568512
-0.569598
-0.568534
-0.569613
-0.568555
-0.569629
-0.568576
-0.569646
-0.568595
-0.569662
-0.568613
-0.569680
-0.568630
-0.569699
-0.568647
-0.569718
-0.568663
-0.569739
-0.568678
-0.569762
-0.568694
-0.569785
-0.568709
-0.569809
-0.568724
-0.569834
-0.568740
-0.569859
-0.568757
-0.569885
-0.568774
-0.569911
-0.568791
-0.569937
-0.568810
-0.569963
-0.568829
-0.569989
-0.568849
-0.570014
-0.568869
-0.570039
-0.568891
-0.570063
-0.568912
-0.570087
-0.568934
-0.570111
-0.568956
-0.570135
-0.568978
-0.570158
-0.569000
-0.570181
-0.569021
-0.570204
-0.569042
-0.570227
-0.569063
-0.570251
-0.569084
-0.570275
-0.569105
-0.570299
-0.569125
-0.570323
-0.569145
-0.570348
-0.569165
-0.570373
-0.569185
-0.570399
-0.569205
-0.570425
-0.569226
-0.570451
-0.569246
-0.570477
-0.569267
-0.570503
-0.569288
-0.570530
-0.569310
-0.570556
-0.569332
-0.570583
-0.569354
-0.570609
-0.569377
-0.570636
-0.569399
-0.570662
-0.569422
-0.570689
-0.569445
-0.570715
-0.569468
-0.570742
-0.569491
-0.570768
-0.569514
-0.570795
-0.569537
-0.570822
-0.569560
-0.570849
-0.569583
-0.570875
-0.569606
-0.570902
-0.569628
-0.570930
-0.569651
-0.570957
-0.569674
-0.570984
-0.569697
-0.571012
-0.569720
-0.571039
-0.569743
-0.571067
-0.569767
-0.571095
-0.569790
-0.571123
-0.569814
-0.571151
-0.569837
-0.571179
-0.569861
-0.571207
-0.569885
-0.571235
-0.569909
-0.571263
-0.569933
-0.571291
-0.569957
-0.571319
-0.569982
-0.571348
-0.570006
-0.571376
-0.570030
-0.571404
-0.570055
-0.571433
-0.570079
-0.571461
-0.570103
-0.571490
-0.570128
-0.571519
-0.570152
-0.571547
-0.570177
-0.571576
-0.570201
-0.571605
-0.570226
-0.571634
-0.570251
-0.571663
-0.570275
-0.571692
-0.570300
-0.571721
-0.570325
-0.571750
-0.570350
-0.571779
-0.570375
-0.571808
-0.570400
-0.571838
-0.570425
-0.571867
-0.570450
-0.571896
-0.570476
-0.571926
-0.570501
-0.571955
-0.570526
-0.571985
-0.570551
-0.572014
-0.570577
-0.572044
-0.570602
-0.572073
-0.570628
-0.572103
-0.570653
-0.572133
-0.570679
-0.572162
-0.570704
-0.572192
-0.570730
-0.572222
-0.570756
-0.572252
-0.570781
-0.572282
-0.570807
-0.572312
-0.570833
-0.572342
-0.570859
-0.572372
-0.570885
-0.572402
-0.570911
-0.572432
-0.570936
-0.572462
-0.570962
-0.572493
-0.570988
-0.572523
-0.571015
-0.572553
-0.571041
-0.572583
-0.571067
-0.572614
-0.571093
-0.572644
-0.571119
-0.572675
-0.571145
-0.572705
-0.571172
-0.572735
-0.571198
-0.572766
-0.571224
-0.572797
-0.571251
-0.572827
-0.571277
-0.572858
-0.571304
-0.572888
-0.571330
-0.572919
-0.571357
-0.572950
-0.571383
-0.572981
-0.571410
-0.573011
-0.571436
-0.573042
-0.571463
-0.573073
-0.571490
-0.573104
-0.571516
-0.573135
-0.571543
-0.573166
-0.571570
-0.573197
-0.571597
-0.573228
-0.571623
-0.573259
-0.571650
-0.573290
-0.571677
-0.573321
-0.571704
-0.573352
-0.571731
-0.573384
-0.571758
-0.573415
-0.571785
-0.573446
-0.571812
-0.573477
-0.571839
-0.573509
-0.571866
-0.573540
-0.571893
-0.573571
-0.571921
-0.573603
-0.571948
-0.573634
-0.571975
-0.573666
-0.572002
-0.573697
-0.572029
-0.573728
-0.572057
-0.573760
-0.572084
-0.573792
-0.572111
-0.573823
-0.572139
-0.573855
-0.572166
-0.573886
-0.572194
-0.573918
-0.572221
-0.573950
-0.572249
-0.573982
-0.572276
-0.574013
-0.572304
-0.574045
-0.572331
-0.574077
-0.572359
-0.574109
-0.572386
-0.574141
-0.572414
-0.574172
-0.572442
-0.574204
-0.572469
-0.574236
-0.572497
-0.574268
-0.572525
-0.574300
-0.572553
-0.574332
-0.572581
-0.574364
-0.572608
-0.574396
-0.572636
-0.574428
-0.572664
-0.574461
-0.572692
-0.574493
-0.572720
-0.574525
-0.572748
-0.574557
-0.572776
-0.574589
-0.572804
-0.574622
-0.572832
-0.574654
-0.572860
-0.574686
-0.572888
-0.574719
-0.572916
-0.574751
-0.572944
-0.574783
-0.572973
-0.574816
-0.573001
-0.574848
-0.573029
-0.574881
-0.573057
-0.574913
-0.573085
-0.574945
-0.573114
-0.574978
-0.573142
-0.575011
-0.573170
-0.575043
-0.573199
-0.575076
-0.573227
-0.575108
-0.573256
-0.575141
-0.573284
-0.575174
-0.573312
-0.575206
-0.573341
-0.575239
-0.573369
-0.575272
-0.573398
-0.575305
-0.573426
-0.575337
-0.573455
-0.575370
-0.573484
-0.575403
-0.575403
-0.573512
-0.575436
-0.573541
-0.575469
-0.573570
-0.575502
-0.573598
-0.575535
-0.573627
-0.575568
-0.573656
-0.575600
-0.573685
-0.575633
-0.573713
-0.575666
-0.573742
-0.575700
-0.573771
-0.575733
-0.573800
-0.575766
-0.573829
-0.575799
-0.573858
-0.575832
-0.573887
-0.575865
-0.573915
-0.575898
-0.573944
-0.575931
-0.573973
-0.575965
-0.574002
-0.575998
-0.574032
-0.576031
-0.574061
-0.576064
-0.574090
-0.576098
-0.574119
-0.576131
-0.574148
-0.576164
-0.574177
-0.576198
-0.574206
-0.576231
-0.574235
-0.576265
-0.574265
-0.576298
-0.574294
-0.576331
-0.574323
-0.576365
-0.574352
-0.576398
-0.574382
-0.576432
-0.574411
-0.576465
-0.574440
-0.576499
-0.574470
-0.576533
-0.574499
-0.576566
-0.574529
-0.576600
-0.574558
-0.576633
-0.574588
-0.576667
-0.574617
-0.576701
-0.574647
-0.576734
-0.574676
-0.576768
-0.574706
-0.576802
-0.574735
-0.576836
-0.574765
-0.576869
-0.574794
-0.576903
-0.574824
-0.576937
-0.574854
-0.576971
-0.574883
-0.577005
-0.574913
-0.577039
-0.574943
-0.577072
-0.574973
-0.577106
-0.575002
-0.577140
-0.575032
-0.577174
-0.575062
-0.577208
-0.575092
-0.577242
-0.575122
-0.577276
-0.575151
-0.577310
-0.575181
-0.577344
-0.575211
-0.577378
-0.575241
-0.577412
-0.575271
-0.577446
-0.575301
-0.577480
-0.575331
-0.577515
-0.575361
-0.577549
-0.575391
-0.577583
-0.575421
-0.577617
-0.575451
-0.577651
-0.575481
-0.577686
-0.575511
-0.577720
-0.575542
-0.577754
-0.575572
-0.577788
-0.575602
-0.577823
-0.575632
-0.577857
-0.575662
-0.577891
-0.575693
-0.577925
-0.575723
-0.577960
-0.575753
-0.577994
-0.575783
-0.578029
-0.575814
-0.578063
-0.575844
-0.578097
-0.575874
-0.578132
-0.575905
-0.578166
-0.575935
-0.578201
-0.575966
-0.578235
-0.575996
-0.578270
-0.576026
-0.578304
-0.576057
-0.578339
-0.576087
-0.578373
-0.576118
-0.578408
-0.576148
-0.578442
-0.576179
-0.578477
-0.576210
-0.578512
-0.576240
-0.578546
-0.576271
-0.578581
-0.576301
-0.578615
-0.576332
-0.578650
-0.576363
-0.578685
-0.576393
-0.578719
-0.576424
-0.578754
-0.576455
-0.578789
-0.576486
-0.578824
-0.576516
-0.578858
-0.576547
-0.578893
-0.576578
-0.578928
-0.576609
-0.578963
-0.576640
-0.578997
-0.576670
-0.579032
-0.576701
-0.579067
-0.576732
-0.579102
-0.576763
-0.579137
-0.576794
-0.579172
-0.576825
-0.579206
-0.576856
-0.579241
-0.576887
-0.579276
-0.576918
-0.579311
-0.576949
-0.579346
-0.576980
-0.579381
-0.577011
-0.579416
-0.577042
-0.579451
-0.577073
-0.579486
-0.577104
-0.579521
-0.577135
-0.579556
-0.577166
-0.579591
-0.577198
-0.579626
-0.577229
-0.579661
-0.577260
-0.579696
-0.577291
-0.579731
-0.577322
-0.579766
-0.577354
-0.579801
-0.577385
-0.579836
-0.577416
-0.579871
-0.577447
-0.579906
-0.577479
-0.579941
-0.577510
-0.579977
-0.577541
-0.580012
-0.577573
-0.580047
-0.577604
-0.580082
-0.577636
-0.580117
-0.577667
-0.580152
-0.577698
-0.580187
-0.577730
-0.580223
-0.577761
-0.580258
-0.577793
-0.580293
-0.577824
-0.580328
-0.577856
-0.580363
-0.577887
-0.580399
-0.577919
-0.580434
-0.577950
-0.580469
-0.577982
-0.580504
-0.578014
-0.580540
-0.578045
-0.580575
-0.578077
-0.580610
-0.578108
-0.580645
-0.578140
-0.580681
-0.578172
-0.580716
-0.578203
-0.580751
-0.578235
-0.580787
-0.578267
-0.580822
-0.578299
-0.580857
-0.578330
-0.580893
-0.578362
-0.580928
-0.578394
-0.580963
-0.578426
-0.580999
-0.578458
-0.581034
-0.578489
-0.581069
-0.578521
-0.581105
-0.578553
-0.581140
-0.578585
-0.581175
-0.578617
-0.581211
-0.578649
-0.581246
-0.578681
-0.581282
-0.578713
-0.581317
-0.578745
-0.581352
-0.578777
-0.581388
-0.578809
-0.581423
-0.578841
-0.581459
-0.578873
-0.581494
-0.578905
-0.581529
-0.578937
-0.581565
-0.578969
-0.581600
-0.579001
-0.581636
-0.579033
-0.581671
-0.579065
-0.581707
-0.579097
-0.581742
-0.579129
-0.581777
-0.579162
-0.581813
-0.579194
-0.581848
-0.579226
-0.581884
-0.579258
-0.581919
-0.579290
-0.581955
-0.579323
-0.581990
-0.579355
-0.582026
-0.579387
-0.582061
-0.579419
-0.582096
-0.579452
-0.582132
-0.579484
-0.582167
-0.579516
-0.582203
-0.579549
-0.582238
-0.579581
-0.582274
-0.579613
-0.582309
-0.579646
-0.582345
-0.579678
-0.582380
-0.579710
-0.582415
-0.579743
-0.582451
-0.579775
-0.582486
-0.579808
-0.582522
-0.579840
-0.582557
-0.579873
-0.582593
-0.579905
-0.582628
-0.579938
-0.582664
-0.579970
-0.582699
-0.580003
-0.582734
-0.580035
-0.582770
-0.580068
-0.582805
-0.580100
-0.582841
-0.580133
-0.582876
-0.580165
-0.582912
-0.580198
-0.582947
-0.580231
-0.582982
-0.580263
-0.583018
-0.580296
-0.583053
-0.580329
-0.583089
-0.580361
-0.583124
-0.580394
-0.583159
-0.580427
-0.583195
-0.580459
-0.583230
-0.580492
-0.583265
-0.580525
-0.583301
-0.580558
-0.583336
-0.580590
-0.583372
-0.580623
-0.583407
-0.580656
-0.583442
-0.580689
-0.583478
-0.580722
-0.583513
-0.580754
-0.583548
-0.580787
-0.583583
-0.580820
-0.583619
-0.580853
-0.583654
-0.580886
-0.583689
-0.580919
-0.583725
-0.580952
-0.583760
-0.580985
-0.583795
-0.581017
-0.583830
-0.581050
-0.583866
-0.581083
-0.583901
-0.581116
-0.583936
-0.581149
-0.583971
-0.581182
-0.584006
-0.581215
-0.584042
-0.581248
-0.581248
-0.584077
-0.581281
-0.584112
-0.581314
-0.584147
-0.581347
-0.584182
-0.581380
-0.584217
-0.581413
-0.584252
-0.581447
-0.584288
-0.581480
-0.584323
-0.581513
-0.584358
-0.581546
-0.584393
-0.581579
-0.584428
-0.581612
-0.584463
-0.581645
-0.584498
-0.581678
-0.584533
-0.581712
-0.584568
-0.581745
-0.584603
-0.581778
-0.584638
-0.581811
-0.584673
-0.581844
-0.584708
-0.581878
-0.584743
-0.581911
-0.584777
-0.581944
-0.584812
-0.581977
-0.584847
-0.582011
-0.584882
-0.582044
-0.584917
-0.582077
-0.584952
-0.582111
-0.584986
-0.582144
-0.585021
-0.582177
-0.585056
-0.582210
-0.585091
-0.582244
-0.585125
-0.582277
-0.585160
-0.582311
-0.585195
-0.582344
-0.585229
-0.582377
-0.585264
-0.582411
-0.585299
-0.582444
-0.585333
-0.582478
-0.585368
-0.582511
-0.585402
-0.582544
-0.585437
-0.582578
-0.585471
-0.582611
-0.585506
-0.582645
-0.585540
-0.582678
-0.585575
-0.582712
-0.585609
-0.582745
-0.585643
-0.582779
-0.585678
-0.582812
-0.585712
-0.582846
-0.585746
-0.582879
-0.585781
-0.582913
-0.585815
-0.582946
-0.585849
-0.582980
-0.585883
-0.583014
-0.585917
-0.583047
-0.585952
-0.583081
-0.585986
-0.583114
-0.586020
-0.583148
-0.586054
-0.583182
-0.586088
-0.583215
-0.586122
-0.583249
-0.586156
-0.583282
-0.586190
-0.583316
-0.586224
-0.583350
-0.586257
-0.583383
-0.586291
-0.583417
-0.586325
-0.583451
-0.586359
-0.583485
-0.586393
-0.583518
-0.586426
-0.583552
-0.586460
-0.583586
-0.586494
-0.583619
-0.586527
-0.583653
-0.586561
-0.583687
-0.586594
-0.583721
-0.586628
-0.583754
-0.586661
-0.583788
-0.586695
-0.583822
-0.586728
-0.583856
-0.586761
-0.583890
-0.586795
-0.583923
-0.586828
-0.583957
-0.586861
-0.583991
-0.586894
-0.584025
-0.586928
-0.584059
-0.586961
-0.584093
-0.586994
-0.584126
-0.587027
-0.584160
-0.587060
-0.584194
-0.587093
-0.584228
-0.587126
-0.584262
-0.587158
-0.584296
-0.587191
-0.584330
-0.587224
-0.584364
-0.587257
-0.584398
-0.587289
-0.584432
-0.587322
-0.584466
-0.587355
-0.584500
-0.587387
-0.584534
-0.587420
-0.584567
-0.587452
-0.584601
-0.587484
-0.584635
-0.587517
-0.584669
-0.587549
-0.584703
-0.587581
-0.584737
-0.587613
-0.584771
-0.587646
-0.584805
-0.587678
-0.584840
-0.587710
-0.584874
-0.587742
-0.584908
-0.587774
-0.584942
-0.587806
-0.584976
-0.587837
-0.585010
-0.587869
-0.585044
-0.587901
-0.585078
-0.587932
-0.585112
-0.587964
-0.585146
-0.587996
-0.585180
-0.588027
-0.585214
-0.588058
-0.585249
-0.588090
-0.585283
-0.588121
-0.585317
-0.588152
-0.585351
-0.588184
-0.585385
-0.588215
-0.585419
-0.588246
-0.585454
-0.588277
-0.585488
-0.588308
-0.585522
-0.588338
-0.585556
-0.588369
-0.585590
-0.588400
-0.585625
-0.588431
-0.585659
-0.588461
-0.585693
-0.588492
-0.585727
-0.588522
-0.585762
-0.588553
-0.585796
-0.588583
-0.585830
-0.588613
-0.585864
-0.588643
-0.585899
-0.588673
-0.585933
-0.588703
-0.585967
-0.588733
-0.586002
-0.588763
-0.586036
-0.588793
-0.586070
-0.588823
-0.586105
-0.588852
-0.586139
-0.588882
-0.586173
-0.588911
-0.586208
-0.588941
-0.586242
-0.588970
-0.586277
-0.588999
-0.586311
-0.589028
-0.586346
-0.589057
-0.586380
-0.589086
-0.586414
-0.589115
-0.586449
-0.589144
-0.586483
-0.589173
-0.586518
-0.589201
-0.586552
-0.589230
-0.586587
-0.589258
-0.586621
-0.589287
-0.586656
-0.589315
-0.586690
-0.589343
-0.586725
-0.589371
-0.586760
-0.589399
-0.586794
-0.589427
-0.586829
-0.589455
-0.586863
-0.589483
-0.586898
-0.589510
-0.586933
-0.589538
-0.586967
-0.589565
-0.587002
-0.589592
-0.587037
-0.589620
-0.587071
-0.589647
-0.587106
-0.589674
-0.587141
-0.589700
-0.587176
-0.589727
-0.587210
-0.589754
-0.587245
-0.589780
-0.587280
-0.589807
-0.587315
-0.589833
-0.587350
-0.589859
-0.587385
-0.589885
-0.587420
-0.589911
-0.587455
-0.589937
-0.587489
-0.589963
-0.587524
-0.589988
-0.587559
-0.590014
-0.587594
-0.590039
-0.587629
-0.590064
-0.587665
-0.590089
-0.587700
-0.590114
-0.587735
-0.590139
-0.587770
-0.590164
-0.587805
-0.590188
-0.587840
-0.590213
-0.587876
-0.590237
-0.587911
-0.590261
-0.587946
-0.590285
-0.587981
-0.590309
-0.588017
-0.590332
-0.588052
-0.590356
-0.588088
-0.590379
-0.588123
-0.590402
-0.588159
-0.590425
-0.588194
-0.590448
-0.588230
-0.590471
-0.588266
-0.590494
-0.588301
-0.590516
-0.588337
-0.590538
-0.588373
-0.590560
-0.588409
-0.590582
-0.588445
-0.590604
-0.588481
-0.590625
-0.588517
-0.590647
-0.588553
-0.590668
-0.588589
-0.590689
-0.588625
-0.590710
-0.588661
-0.590730
-0.588698
-0.590750
-0.588734
-0.590771
-0.588771
-0.590791
-0.588807
-0.590810
-0.588844
-0.590830
-0.588880
-0.590849
-0.588917
-0.590868
-0.588954
-0.590887
-0.588991
-0.590906
-0.589028
-0.590924
-0.589066
-0.590942
-0.589103
-0.590960
-0.589140
-0.590977
-0.589178
-0.590995
-0.589216
-0.591012
-0.589253
-0.591029
-0.589291
-0.591045
-0.589329
-0.591061
-0.589368
-0.591077
-0.589406
-0.591093
-0.589445
-0.591108
-0.589483
-0.591123
-0.589522
-0.591137
-0.589562
-0.591152
-0.589601
-0.591165
-0.589641
-0.591179
-0.589680
-0.591192
-0.589720
-0.591204
-0.589761
-0.591217
-0.589801
-0.591228
-0.589842
-0.591240
-0.589883
-0.591251
-0.591251
-0.589925
-0.591261
-0.589967
-0.591271
-0.590009
-0.591280
-0.590052
-0.591289
-0.590095
-0.591297
-0.590138
-0.591304
-0.590182
-0.591311
-0.590226
-0.591317
-0.590271
-0.591322
-0.590317
-0.591327
-0.590363
-0.591331
-0.590410
-0.591334
-0.590457
-0.591336
-0.590505
-0.591337
-0.590553
-0.591338
-0.590602
-0.591338
-0.590652
-0.591337
-0.590702
-0.591335
-0.590752
-0.591333
-0.590803
-0.591330
-0.590854
-0.591327
-0.590904
-0.591324
-0.590955
-0.591321
-0.591004
-0.591319
-0.591052
-0.591318
-0.591099
-0.591318
-0.591143
-0.591321
-0.591185
-0.591325
-0.591225
-0.591333
-0.591261
-0.591343
-0.591295
-0.591355
-0.591326
-0.591370
-0.591356
-0.591388
-0.591383
-0.591407
-0.591408
-0.591427
-0.591433
-0.591448
-0.591457
-0.591470
-0.591480
-0.591492
-0.591503
-0.591514
-0.591525
-0.591537
-0.591548
-0.591559
-0.591570
-0.591581
-0.591592
-0.591603
-0.591615
-0.591626
-0.591637
-0.591648
-0.591659
-0.591670
-0.591681
-0.591692
-0.591704
-0.591715
-0.591726
-0.591738
-0.591749
-0.591761
-0.591773
-0.591784
-0.591796
-0.591808
-0.591821
-0.591833
-0.591845
-0.591858
-0.591871
-0.591883
-0.591896
-0.591910
-0.591923
-0.591937
-0.591950
-0.591964
-0.591979
-0.591993
-0.592008
-0.592022
-0.592037
-0.592053
-0.592068
-0.592084
-0.592100
-0.592116
-0.592133
-0.592149
-0.592166
-0.592183
-0.592201
-0.592219
-0.592236
-0.592255
-0.592273
-0.592291
-0.592310
-0.592329
-0.592348
-0.592368
-0.592387
-0.592407
-0.592427
-0.592447
-0.592468
-0.592488
-0.592509
-0.592529
-0.592550
-0.592571
-0.592593
-0.592614
-0.592635
-0.592657
-0.592678
-0.592700
-0.592722
-0.592743
-0.592765
-0.592787
-0.592809
-0.592831
-0.592853
-0.592875
-0.592898
-0.592920
-0.592942
-0.592965
-0.592987
-0.593009
-0.593032
-0.593054
-0.593077
-0.593099
-0.593122
-0.593145
-0.593167
-0.593190
-0.593213
-0.593236
-0.593258
-0.593281
-0.593304
-0.593327
-0.593350
-0.593373
-0.593396
-0.593419
-0.593442
-0.593466
-0.593489
-0.593512
-0.593535
-0.593558
-0.593582
-0.593605
-0.593628
-0.593651
-0.593675
-0.593698
-0.593721
-0.593744
-0.593767
-0.593790
-0.593813
-0.593836
-0.593859
-0.593882
-0.593905
-0.593928
-0.593950
-0.593973
-0.593995
-0.594018
-0.594040
-0.594062
-0.594084
-0.594106
-0.594128
-0.594149
-0.594171
-0.594192
-0.594213
-0.594234
-0.594255
-0.594275
-0.594296
-0.594316
-0.594336
-0.594356
-0.594375
-0.594395
-0.594414
-0.594433
-0.594452
-0.594470
-0.594488
-0.594507
-0.594524
-0.594542
-0.594559
-0.594576
-0.594593
-0.594610
-0.594626
-0.594642
-0.594658
-0.594674
-0.594689
-0.594704
-0.594719
-0.594734
-0.594748
-0.594762
-0.594776
-0.594790
-0.594803
-0.594816
-0.594829
-0.594842
-0.594854
-0.594866
-0.594878
-0.594890
-0.594902
-0.594913
-0.594924
-0.594935
-0.594946
-0.594956
-0.594967
-0.594977
-0.594987
-0.594996
-0.595006
-0.595015
-0.595025
-0.595034
-0.595043
-0.595051
-0.595060
-0.595068
-0.595077
-0.595085
-0.595093
-0.595101
-0.595108
-0.595116
-0.595124
-0.595131
-0.595138
-0.595146
-0.595153
-0.595160
-0.595167
-0.595173
-0.595180
-0.595187
-0.595194
-0.595200
-0.595207
-0.595213
-0.595219
-0.595226
-0.595232
-0.595238
-0.595244
-0.595251
-0.595257
-0.595263
-0.595269
-0.595275
-0.595281
-0.595287
-0.595293
-0.595299
-0.595305
-0.595311
-0.595317
-0.595322
-0.595328
-0.595334
-0.595340
-0.595346
-0.595352
-0.595358
-0.595364
-0.595370
-0.595376
-0.595382
-0.595388
-0.595394
-0.595400
-0.595407
-0.595413
-0.595419
-0.595425
-0.595431
-0.595438
-0.595444
-0.595450
-0.595457
-0.595463
-0.595470
-0.595476
-0.595483
-0.595490
-0.595496
-0.595503
-0.595510
-0.595517
-0.595524
-0.595530
-0.595537
-0.595544
-0.595552
-0.595559
-0.595566
-0.595573
-0.595580
-0.595588
-0.595595
-0.595603
-0.595610
-0.595618
-0.595626
-0.595633
-0.595641
-0.595649
-0.595657
-0.595665
-0.595673
-0.595681
-0.595689
-0.595697
-0.595706
-0.595714
-0.595723
-0.595731
-0.595740
-0.595748
-0.595757
-0.595766
-0.595775
-0.595784
-0.595793
-0.595802
-0.595811
-0.595820
-0.595829
-0.595838
-0.595848
-0.595857
-0.595867
-0.595876
-0.595886
-0.595896
-0.595906
-0.595916
-0.595926
-0.595936
-0.595946
-0.595956
-0.595966
-0.595976
-0.595987
-0.595997
-0.596008
-0.596018
-0.596029
-0.596040
-0.596051
-0.596062
-0.596073
-0.596084
-0.596095
-0.596106
-0.596117
-0.596128
-0.596140
-0.596151
-0.596163
-0.596174
-0.596186
-0.596198
-0.596210
-0.596222
-0.596234
-0.596246
-0.596258
-0.596270
-0.596282
-0.596294
-0.596307
-0.596319
-0.596332
-0.596344
-0.596357
-0.596370
-0.596383
-0.596395
-0.596408
-0.596421
-0.596435
-0.596448
-0.596461
-0.596474
-0.596488
-0.596501
-0.596514
-0.596528
-0.596542
-0.596555
-0.596569
-0.596583
-0.596597
-0.596611
-0.596625
-0.596639
-0.596653
-0.596667
-0.596681
-0.596696
-0.596710
-0.596724
-0.596739
-0.596754
-0.596768
-0.596783
-0.596798
-0.596812
-0.596827
-0.596842
-0.596857
-0.596872
-0.596887
-0.596903
-0.596918
-0.596933
-0.596948
-0.596964
-0.596979
-0.596995
-0.597010
-0.597026
-0.597042
-0.597057
-0.597073
-0.597089
-0.597105
-0.597121
-0.597137
-0.597153
-0.597169
-0.597185
-0.597201
-0.597218
-0.597234
-0.597250
-0.597250
-0.597267
-0.597283
-0.597300
-0.597316
-0.597333
-0.597349
-0.597366
-0.597383
-0.597399
-0.597416
-0.597433
-0.597450
-0.597467
-0.597484
-0.597501
-0.597518
-0.597535
-0.597552
-0.597570
-0.597587
-0.597604
-0.597622
-0.597639
-0.597656
-0.597674
-0.597691
-0.597709
-0.597726
-0.597744
-0.597762
-0.597779
-0.597797
-0.597815
-0.597833
-0.597850
-0.597868
-0.597886
-0.597904
-0.597922
-0.597940
-0.597958
-0.597976
-0.597994
-0.598012
-0.598031
-0.598049
-0.598067
-0.598085
-0.598104
-0.598122
-0.598140
-0.598159
-0.598177
-0.598195
-0.598214
-0.598232
-0.598251
-0.598269
-0.598288
-0.598307
-0.598325
-0.598344
-0.598362
-0.598381
-0.598400
-0.598419
-0.598437
-0.598456
-0.598475
-0.598494
-0.598513
-0.598531
-0.598550
-0.598569
-0.598588
-0.598607
-0.598626
-0.598645
-0.598664
-0.598683
-0.598702
-0.598721
-0.598740
-0.598759
-0.598779
-0.598798
-0.598817
-0.598836
-0.598855
-0.598874
-0.598894
-0.598913
-0.598932
-0.598951
-0.598971
-0.598990
-0.599009
-0.599028
-0.599048
-0.599067
-0.599086
-0.599106
-0.599125
-0.599144
-0.599164
-0.599183
-0.599203
-0.599222
-0.599241
-0.599261
-0.599280
-0.599300
-0.599319
-0.599339
-0.599358
-0.599378
-0.599397
-0.599417
-0.599436
-0.599456
-0.599475
-0.599495
-0.599514
-0.599534
-0.599553
-0.599573
-0.599592
-0.599612
-0.599631
-0.599651
-0.599670
-0.599690
-0.599709
-0.599729
-0.599748
-0.599768
-0.599787
-0.599807
-0.599827
-0.599846
-0.599866
-0.599885
-0.599905
-0.599924
-0.599944
-0.599963
-0.599983
-0.600002
-0.600022
-0.600041
-0.600061
-0.600081
-0.600100
-0.600120
-0.600139
-0.600159
-0.600178
-0.600198
-0.600217
-0.600237
-0.600256
-0.600276
-0.600295
-0.600314
-0.600334
-0.600353
-0.600373
-0.600392
-0.600412
-0.600431
-0.600450
-0.600470
-0.600489
-0.600509
-0.600528
-0.600547
-0.600567
-0.600586
-0.600606
-0.600625
-0.600644
-0.600663
-0.600683
-0.600702
-0.600721
-0.600741
-0.600760
-0.600779
-0.600798
-0.600818
-0.600837
-0.600856
-0.600875
-0.600894
-0.600914
-0.600933
-0.600952
-0.600971
-0.600990
-0.601009
-0.601028
-0.601047
-0.601066
-0.601085
-0.601105
-0.601124
-0.601143
-0.601162
-0.601180
-0.601199
-0.601218
-0.601237
-0.601256
-0.601275
-0.601294
-0.601313
-0.601332
-0.601351
-0.601369
-0.601388
-0.601407
-0.601426
-0.601444
-0.601463
-0.601482
-0.601501
-0.601519
-0.601538
-0.601557
-0.601575
-0.601594
-0.601612
-0.601631
-0.601649
-0.601668
-0.601686
-0.601705
-0.601723
-0.601742
-0.601760
-0.601779
-0.601797
-0.601815
-0.601834
-0.601852
-0.601870
-0.601889
-0.601907
-0.601925
-0.601943
-0.601962
-0.601980
-0.601998
-0.602016
-0.602034
-0.602052
-0.602070
-0.602088
-0.602106
-0.602124
-0.602142
-0.602160
-0.602178
-0.602196
-0.602214
-0.602232
-0.602250
-0.602268
-0.602286
-0.602303
-0.602321
-0.602339
-0.602357
-0.602374
-0.602392
-0.602410
-0.602427
-0.602445
-0.602462
-0.602480
-0.602497
-0.602515
-0.602532
-0.602550
-0.602567
-0.602585
-0.602602
-0.602619
-0.602637
-0.602654
-0.602671
-0.602688
-0.602706
-0.602723
-0.602740
-0.602757
-0.602774
-0.602791
-0.602808
-0.602825
-0.602842
-0.602859
-0.602876
-0.602893
-0.602910
-0.602927
-0.602944
-0.602961
-0.602978
-0.602994
-0.603011
-0.603028
-0.603045
-0.603061
-0.603078
-0.603095
-0.603111
-0.603128
-0.603144
-0.603161
-0.603177
-0.603194
-0.603210
-0.603227
-0.603243
-0.603259
-0.603276
-0.603292
-0.603308
-0.603324
-0.603341
-0.603357
-0.603373
-0.603389
-0.603405
-0.603421
-0.603437
-0.603453
-0.603469
-0.603485
-0.603501
-0.603517
-0.603533
-0.603549
-0.603565
-0.603580
-0.603596
-0.603612
-0.603628
-0.603643
-0.603659
-0.603675
-0.603690
-0.603706
-0.603721
-0.603737
-0.603752
-0.603768
-0.603783
-0.603799
-0.603814
-0.603829
-0.603845
-0.603860
-0.603875
-0.603890
-0.603906
-0.603921
-0.603936
-0.603951
-0.603966
-0.603981
-0.603996
-0.604011
-0.604026
-0.604041
-0.604056
-0.604071
-0.604086
-0.604100
-0.604115
-0.604130
-0.604145
-0.604159
-0.604174
-0.604189
-0.604203
-0.604218
-0.604232
-0.604247
-0.604261
-0.604276
-0.604290
-0.604305
-0.604319
-0.604333
-0.604348
-0.604362
-0.604376
-0.604391
-0.604405
-0.604419
-0.604433
-0.604447
-0.604461
-0.604475
-0.604489
-0.604503
-0.604517
-0.604531
-0.604545
-0.604559
-0.604573
-0.604587
-0.604601
-0.604614
-0.604628
-0.604642
-0.604655
-0.604669
-0.604683
-0.604696
-0.604710
-0.604723
-0.604737
-0.604750
-0.604764
-0.604777
-0.604790
-0.604804
-0.604817
-0.604830
-0.604843
-0.604856
-0.604870
-0.604883
-0.604896
-0.604909
-0.604922
-0.604935
-0.604947
-0.604960
-0.604973
-0.604986
-0.604999
-0.605011
-0.605024
-0.605037
-0.605049
-0.605062
-0.605074
-0.605087
-0.605099
-0.605112
-0.605124
-0.605136
-0.605149
-0.605161
-0.605173
-0.605185
-0.605198
-0.605210
-0.605222
-0.605234
-0.605246
-0.605259
-0.605271
-0.605283
-0.605295
-0.605307
-0.605320
-0.605332
-0.605344
-0.605357
-0.605369
-0.605381
-0.605394
-0.605406
-0.605419
-0.605432
-0.605445
-0.605458
-0.605471
-0.605484
-0.605498
-0.605512
-0.605526
-0.605540
-0.605554
-0.605569
-0.605584
-0.605600
-0.605616
-0.605633
-0.605651
-0.605669
-0.605688
-0.605707
-0.605727
-0.605727
-0.605748
-0.605768
-0.605787
-0.605805
-0.605822
-0.605839
-0.605859
-0.605889
-0.605932
-0.605990
-0.606058
-0.606128
-0.606188
-0.606225
-0.606230
-0.606196
-0.606119
-0.605997
-0.605834
-0.605636
-0.605411
-0.605175
-0.604942
-0.604732
-0.604561
-0.604441
-0.604381
-0.604382
-0.604441
-0.604552
-0.604706
-0.604894
-0.605105
-0.605330
-0.605562
-0.605792
-0.606016
-0.606229
-0.606426
-0.606607
-0.606769
-0.606911
-0.607034
-0.607136
-0.607219
-0.607284
-0.607330
-0.607361
-0.607376
-0.607377
-0.607366
-0.607343
-0.607311
-0.607271
-0.607223
-0.607170
-0.607113
-0.607052
-0.606989
-0.606925
-0.606861
-0.606797
-0.606735
-0.606675
-0.606618
-0.606564
-0.606513
-0.606467
-0.606425
-0.606387
-0.606354
-0.606326
-0.606303
-0.606284
-0.606271
-0.606262
-0.606258
-0.606259
-0.606264
-0.606274
-0.606288
-0.606306
-0.606327
-0.606352
-0.606381
-0.606413
-0.606448
-0.606485
-0.606526
-0.606568
-0.606613
-0.606659
-0.606707
-0.606757
-0.606808
-0.606860
-0.606913
-0.606967
-0.607022
-0.607077
-0.607132
-0.607187
-0.607243
-0.607298
-0.607353
-0.607408
-0.607463
-0.607517
-0.607571
-0.607624
-0.607676
-0.607727
-0.607778
-0.607828
-0.607877
-0.607925
-0.607972
-0.608018
-0.608063
-0.608106
-0.608149
-0.608191
-0.608231
-0.608271
-0.608309
-0.608346
-0.608382
-0.608417
-0.608451
-0.608483
-0.608515
-0.608545
-0.608574
-0.608603
-0.608630
-0.608656
-0.608681
-0.608704
-0.608727
-0.608749
-0.608770
-0.608790
-0.608808
-0.608826
-0.608843
-0.608859
-0.608874
-0.608888
-0.608901
-0.608914
-0.608925
-0.608936
-0.608946
-0.608955
-0.608963
-0.608971
-0.608978
-0.608984
-0.608989
-0.608994
-0.608998
-0.609001
-0.609004
-0.609006
-0.609007
-0.609008
-0.609008
-0.609008
-0.609007
-0.609006
-0.609004
-0.609002
-0.608999
-0.608996
-0.608992
-0.608988
-0.608984
-0.608979
-0.608973
-0.608968
-0.608962
-0.608956
-0.608949
-0.608942
-0.608935
-0.608928
-0.608920
-0.608912
-0.608904
-0.608896
-0.608887
-0.608878
-0.608870
-0.608860
-0.608851
-0.608842
-0.608832
-0.608823
-0.608813
-0.608804
-0.608794
-0.608784
-0.608774
-0.608764
-0.608754
-0.608744
-0.608734
-0.608724
-0.608714
-0.608704
-0.608694
-0.608684
-0.608674
-0.608664
-0.608654
-0.608644
-0.608635
-0.608625
-0.608616
-0.608606
-0.608597
-0.608588
-0.608579
-0.608570
-0.608561
-0.608553
-0.608544
-0.608536
-0.608528
-0.608519
-0.608512
-0.608504
-0.608496
-0.608489
-0.608482
-0.608475
-0.608468
-0.608462
-0.608455
-0.608449
-0.608443
-0.608437
-0.608432
-0.608427
-0.608422
-0.608417
-0.608412
-0.608408
-0.608404
-0.608400
-0.608396
-0.608393
-0.608389
-0.608386
-0.608384
-0.608381
-0.608379
-0.608377
-0.608376
-0.608374
-0.608373
-0.608372
-0.608371
-0.608371
-0.608371
-0.608371
-0.608371
-0.608372
-0.608373
-0.608374
-0.608376
-0.608377
-0.608379
-0.608382
-0.608384
-0.608387
-0.608390
-0.608393
-0.608397
-0.608401
-0.608405
-0.608409
-0.608414
-0.608418
-0.608424
-0.608429
-0.608435
-0.608440
-0.608447
-0.608453
-0.608460
-0.608466
-0.608474
-0.608481
-0.608489
-0.608497
-0.608505
-0.608513
-0.608522
-0.608530
-0.608539
-0.608549
-0.608558
-0.608568
-0.608578
-0.608588
-0.608599
-0.608609
-0.608620
-0.608631
-0.608643
-0.608654
-0.608666
-0.608678
-0.608690
-0.608703
-0.608715
-0.608728
-0.608741
-0.608754
-0.608767
-0.608781
-0.608795
-0.608809
-0.608823
-0.608837
-0.608852
-0.608866
-0.608881
-0.608896
-0.608911
-0.608927
-0.608942
-0.608958
-0.608974
-0.608990
-0.609006
-0.609022
-0.609039
-0.609055
-0.609072
-0.609089
-0.609106
-0.609123
-0.609140
-0.609158
-0.609175
-0.609193
-0.609211
-0.609229
-0.609247
-0.609265
-0.609283
-0.609301
-0.609320
-0.609338
-0.609357
-0.609376
-0.609395
-0.609414
-0.609433
-0.609452
-0.609471
-0.609491
-0.609510
-0.609529
-0.609549
-0.609569
-0.609588
-0.609608
-0.609628
-0.609648
-0.609668
-0.609688
-0.609708
-0.609728
-0.609749
-0.609769
-0.609789
-0.609810
-0.609830
-0.609850
-0.609871
-0.609891
-0.609912
-0.609933
-0.609953
-0.609974
-0.609995
-0.610015
-0.610036
-0.610057
-0.610078
-0.610098
-0.610119
-0.610140
-0.610161
-0.610182
-0.610202
-0.610223
-0.610244
-0.610265
-0.610286
-0.610307
-0.610328
-0.610348
-0.610369
-0.610390
-0.610411
-0.610432
-0.610452
-0.610473
-0.610494
-0.610515
-0.610535
-0.610556
-0.610577
-0.610597
-0.610618
-0.610639
-0.610659
-0.610680
-0.610700
-0.610721
-0.610741
-0.610761
-0.610782
-0.610802
-0.610822
-0.610842
-0.610863
-0.610883
-0.610903
-0.610923
-0.610943
-0.610963
-0.610982
-0.611002
-0.611022
-0.611042
-0.611061
-0.611081
-0.611100
-0.611120
-0.611139
-0.611159
-0.611178
-0.611197
-0.611216
-0.611235
-0.611254
-0.611273
-0.611292
-0.611311
-0.611330
-0.611348
-0.611367
-0.611385
-0.611404
-0.611422
-0.611440
-0.611458
-0.611477
-0.611495
-0.611512
-0.611530
-0.611548
-0.611566
-0.611583
-0.611601
-0.611618
-0.611636
-0.611653
-0.611670
-0.611687
-0.611704
-0.611721
-0.611738
-0.611755
-0.611771
-0.611788
-0.611804
-0.611821
-0.611837
-0.611853
-0.611869
-0.611885
-0.611901
-0.611917
-0.611932
-0.611948
-0.611963
-0.611979
-0.611994
-0.612009
-0.612024
-0.612039
-0.612054
-0.612069
-0.612069
