-0.264694
-0.287494
-0.300815
-0.310028
-0.317245
-0.323493
-0.329242
-0.334716
-0.340036
-0.345280
-0.350508
-0.355764
-0.361084
-0.366497
-0.372024
-0.377678
-0.383470
-0.389408
-0.395496
-0.401737
-0.408134
-0.414689
-0.421402
-0.428271
-0.435293
-0.442460
-0.449765
-0.457198
-0.464752
-0.472423
-0.480214
-0.488132
-0.496192
-0.504411
-0.512808
-0.521403
-0.530218
-0.539270
-0.548578
-0.558158
-0.568022
-0.578184
-0.588650
-0.599428
-0.610519
-0.621910
-0.633568
-0.645444
-0.657485
-0.669624
-0.681775
-0.693849
-0.705778
-0.717517
-0.729034
-0.740315
-0.751358
-0.762171
-0.772775
-0.783200
-0.793474
-0.803604
-0.813560
-0.823279
-0.832708
-0.841829
-0.850649
-0.859186
-0.867459
-0.875491
-0.883302
-0.890914
-0.898347
-0.905617
-0.912741
-0.919730
-0.926594
-0.933340
-0.939973
-0.946499
-0.952919
-0.959237
-0.965454
-0.971572
-0.977593
-0.983518
-0.989350
-0.995090
-1.000743
-1.006311
-1.011799
-1.017214
-1.022560
-1.027847
-1.033079
-1.038264
-1.043402
-1.048490
-1.053512
-1.058433
-1.063199
-1.067748
-1.072049
-1.076129
-1.080042
-1.083816
-1.087437
-1.090887
-1.094167
-1.097293
-1.100294
-1.103200
-1.106043
-1.108853
-1.111666
-1.114511
-1.117417
-1.120388
-1.123358
-1.126448
-1.130233
-1.131616
-1.131260
-1.133463
-1.134218
-1.136242
-1.141114
-1.142998
-1.142434
-1.142885
-1.143691
-1.144188
-1.144577
-1.144924
-1.145178
-1.145352
-1.145479
-1.145583
-1.145686
-1.145807
-1.145958
-1.146139
-1.146342
-1.146553
-1.146761
-1.146954
-1.147126
-1.147275
-1.147399
-1.147500
-1.147578
-1.147633
-1.147667
-1.147681
-1.147676
-1.147653
-1.147612
-1.147556
-1.147484
-1.147397
-1.147296
-1.147181
-1.147054
-1.146915
-1.146764
-1.146601
-1.146427
-1.146242
-1.146047
-1.145842
-1.145628
-1.145404
-1.145172
-1.144931
-1.144683
-1.144427
-1.144163
-1.143894
-1.143618
-1.143336
-1.143050
-1.142758
-1.142463
-1.142164
-1.141861
-1.141556
-1.141248
-1.140938
-1.140626
-1.140313
-1.139999
-1.139684
-1.139368
-1.139052
-1.138735
-1.138418
-1.138101
-1.137783
-1.137465
-1.137147
-1.136829
-1.136510
-1.136191
-1.135871
-1.135551
-1.135231
-1.134909
-1.134585
-1.134260
-1.133933
-1.133603
-1.133271
-1.132937
-1.132599
-1.132260
-1.131917
-1.131571
-1.131221
-1.130868
-1.130510
-1.130149
-1.129784
-1.129415
-1.129042
-1.128664
-1.128280
-1.127892
-1.127499
-1.127100
-1.126697
-1.126289
-1.125877
-1.125460
-1.125039
-1.124617
-1.124193
-1.123770
-1.123351
-1.122938
-1.122535
-1.122144
-1.121769
-1.121412
-1.121051
-1.120899
-1.121095
-1.120221
-1.119848
-1.120933
-1.119725
-1.118926
-1.120574
-1.120900
-1.121339
-1.122181
-1.123028
-1.123981
-1.124866
-1.125848
-1.126754
-1.127771
-1.128695
-1.129743
-1.130678
-1.131752
-1.132699
-1.133792
-1.134757
-1.135863
-1.136864
-1.137980
-1.139034
-1.140171
-1.141296
-1.142481
-1.143696
-1.144970
-1.146304
-1.147713
-1.149206
-1.150793
-1.152478
-1.154256
-1.156108
-1.158005
-1.159914
-1.161810
-1.163685
-1.165537
-1.167367
-1.169177
-1.170969
-1.172743
-1.174501
-1.176243
-1.177971
-1.179684
-1.181383
-1.183069
-1.184741
-1.184741
-1.186399
-1.188044
-1.189675
-1.191291
-1.192892
-1.194477
-1.196047
-1.197603
-1.199146
-1.200679
-1.202207
-1.203729
-1.205243
-1.206742
-1.208221
-1.209682
-1.211119
-1.212540
-1.213936
-1.215321
-1.216672
-1.218026
-1.219325
-1.220656
-1.221889
-1.223219
-1.224357
-1.225727
-1.226715
-1.228201
-1.228942
-1.230679
-1.231011
-1.233214
-1.232891
-1.235878
-1.234571
-1.238741
-1.236092
-1.241827
-1.237593
-1.245021
-1.239276
-1.248066
-1.241258
-1.250773
-1.243486
-1.253215
-1.245855
-1.255601
-1.248309
-1.258126
-1.250833
-1.260955
-1.253431
-1.264230
-1.256110
-1.268078
-1.258882
-1.272492
-1.261795
-1.277027
-1.264872
-1.280706
-1.267923
-1.282985
-1.270732
-1.284249
-1.273366
-1.284946
-1.276026
-1.285220
-1.278821
-1.285151
-1.281660
-1.285582
-1.284707
-1.287486
-1.288169
-1.290400
-1.291509
-1.293409
-1.294504
-1.296346
-1.297285
-1.299269
-1.299821
-1.302209
-1.302004
-1.305232
-1.303776
-1.308406
-1.305243
-1.311650
-1.306720
-1.314506
-1.308501
-1.316367
-1.310533
-1.317208
-1.312608
-1.317459
-1.314564
-1.317541
-1.316209
-1.317728
-1.317383
-1.318049
-1.318092
-1.318366
-1.318462
-1.318569
-1.318617
-1.318643
-1.318646
-1.318638
-1.318627
-1.318621
-1.318624
-1.318641
-1.318673
-1.318719
-1.318780
-1.318854
-1.318939
-1.319033
-1.319136
-1.319245
-1.319359
-1.319479
-1.319602
-1.319729
-1.319860
-1.319995
-1.320134
-1.320277
-1.320426
-1.320580
-1.320741
-1.320910
-1.321087
-1.321273
-1.321470
-1.321678
-1.321899
-1.322133
-1.322382
-1.322646
-1.322926
-1.323224
-1.323539
-1.323873
-1.324223
-1.324591
-1.324976
-1.325374
-1.325785
-1.326206
-1.326633
-1.327064
-1.327493
-1.327919
-1.328336
-1.328741
-1.329131
-1.329503
-1.329854
-1.330181
-1.330483
-1.330757
-1.331002
-1.331218
-1.331403
-1.331558
-1.331681
-1.331774
-1.331837
-1.331870
-1.331875
-1.331852
-1.331802
-1.331728
-1.331630
-1.331510
-1.331369
-1.331209
-1.331031
-1.330838
-1.330630
-1.330410
-1.330178
-1.329937
-1.329687
-1.329430
-1.329168
-1.328902
-1.328633
-1.328362
-1.328091
-1.327821
-1.327553
-1.327287
-1.327025
-1.326767
-1.326515
-1.326269
-1.326029
-1.325796
-1.325572
-1.325355
-1.325146
-1.324946
-1.324755
-1.324573
-1.324399
-1.324234
-1.324078
-1.323929
-1.323789
-1.323655
-1.323528
-1.323407
-1.323290
-1.323178
-1.323068
-1.322960
-1.322852
-1.322742
-1.322631
-1.322515
-1.322394
-1.322266
-1.322130
-1.321984
-1.321827
-1.321659
-1.321478
-1.321282
-1.321073
-1.320848
-1.320608
-1.320352
-1.320080
-1.319793
-1.319489
-1.319169
-1.318832
-1.318478
-1.318105
-1.317709
-1.317286
-1.316825
-1.316307
-1.315703
-1.315168
-1.316244
-1.319242
-1.320181
-1.320186
-1.319845
-1.319432
-1.319022
-1.318619
-1.318227
-1.317852
-1.317500
-1.317177
-1.316888
-1.316636
-1.316424
-1.316254
-1.316125
-1.316039
-1.315993
-1.315985
-1.316012
-1.316069
-1.316153
-1.316258
-1.316379
-1.316513
-1.316655
-1.316802
-1.316951
-1.317099
-1.317248
-1.317395
-1.317543
-1.317690
-1.317838
-1.317988
-1.318140
-1.318293
-1.318447
-1.318601
-1.318755
-1.318908
-1.319059
-1.319209
-1.319209
-1.319355
-1.319497
-1.319635
-1.319769
-1.319898
-1.320022
-1.320140
-1.320253
-1.320361
-1.320462
-1.320558
-1.320649
-1.320734
-1.320814
-1.320890
-1.320961
-1.321027
-1.321090
-1.321150
-1.321208
-1.321263
-1.321316
-1.321369
-1.321421
-1.321474
-1.321527
-1.321582
-1.321639
-1.321698
-1.321761
-1.321827
-1.321896
-1.321971
-1.322049
-1.322133
-1.322222
-1.322316
-1.322415
-1.322520
-1.322630
-1.322746
-1.322867
-1.322994
-1.323125
-1.323262
-1.323404
-1.323550
-1.323700
-1.323855
-1.324014
-1.324176
-1.324342
-1.324512
-1.324684
-1.324859
-1.325036
-1.325215
-1.325397
-1.325580
-1.325765
-1.325951
-1.326138
-1.326326
-1.326514
-1.326704
-1.326893
-1.327083
-1.327274
-1.327464
-1.327655
-1.327846
-1.328036
-1.328227
-1.328418
-1.328609
-1.328799
-1.328990
-1.329181
-1.329372
-1.329562
-1.329754
-1.329945
-1.330137
-1.330328
-1.330521
-1.330713
-1.330907
-1.331100
-1.331295
-1.331489
-1.331685
-1.331881
-1.332078
-1.332275
-1.332474
-1.332673
-1.332872
-1.333073
-1.333274
-1.333476
-1.333679
-1.333882
-1.334086
-1.334291
-1.334497
-1.334703
-1.334910
-1.335117
-1.335325
-1.335534
-1.335743
-1.335952
-1.336163
-1.336373
-1.336584
-1.336796
-1.337008
-1.337220
-1.337433
-1.337646
-1.337860
-1.338074
-1.338288
-1.338503
-1.338719
-1.338935
-1.339151
-1.339368
-1.339585
-1.339803
-1.340021
-1.340240
-1.340460
-1.340680
-1.340901
-1.341123
-1.341346
-1.341569
-1.341793
-1.342018
-1.342244
-1.342471
-1.342699
-1.342928
-1.343158
-1.343389
-1.343621
-1.343855
-1.344090
-1.344326
-1.344564
-1.344803
-1.345043
-1.345285
-1.345529
-1.345773
-1.346020
-1.346268
-1.346518
-1.346769
-1.347022
-1.347277
-1.347533
-1.347791
-1.348051
-1.348312
-1.348575
-1.348840
-1.349106
-1.349374
-1.349643
-1.349913
-1.350185
-1.350458
-1.350733
-1.351008
-1.351285
-1.351562
-1.351841
-1.352120
-1.352399
-1.352679
-1.352960
-1.353241
-1.353522
-1.353804
-1.354085
-1.354367
-1.354649
-1.354931
-1.355213
-1.355495
-1.355778
-1.356061
-1.356344
-1.356627
-1.356911
-1.357195
-1.357480
-1.357766
-1.358053
-1.358341
-1.358631
-1.358922
-1.359214
-1.359509
-1.359805
-1.360104
-1.360406
-1.360710
-1.361017
-1.361327
-1.361641
-1.361959
-1.362282
-1.362609
-1.362941
-1.363280
-1.363624
-1.363976
-1.364336
-1.364704
-1.365083
-1.365473
-1.365875
-1.366292
-1.366725
-1.367177
-1.367649
-1.368144
-1.368666
-1.369215
-1.369794
-1.370401
-1.371035
-1.371685
-1.372339
-1.372976
-1.373574
-1.374109
-1.374569
-1.374951
-1.375261
-1.375513
-1.375724
-1.375907
-1.376076
-1.376238
-1.376400
-1.376562
-1.376727
-1.376892
-1.377056
-1.377216
-1.377369
-1.377512
-1.377641
-1.377754
-1.377849
-1.377924
-1.377977
-1.378007
-1.378016
-1.378002
-1.377966
-1.377909
-1.377832
-1.377737
-1.377624
-1.377494
-1.377348
-1.377187
-1.377013
-1.376825
-1.376626
-1.376415
-1.376193
-1.375961
-1.375720
-1.375471
-1.375214
