-0.722252
-0.722338
-0.725502
-0.727962
-0.729508
-0.730373
-0.730816
-0.731027
-0.731128
-0.731196
-0.731276
-0.731395
-0.731568
-0.731801
-0.732095
-0.732449
-0.732863
-0.733337
-0.733874
-0.734482
-0.735168
-0.735939
-0.736801
-0.737754
-0.738790
-0.739891
-0.741026
-0.742159
-0.743247
-0.744252
-0.745142
-0.745892
-0.746489
-0.746923
-0.747187
-0.747277
-0.747183
-0.746893
-0.746393
-0.745666
-0.744695
-0.743465
-0.741964
-0.740188
-0.738142
-0.735842
-0.733322
-0.730630
-0.727838
-0.725031
-0.722302
-0.719734
-0.717389
-0.715305
-0.713499
-0.711976
-0.710729
-0.709741
-0.708989
-0.708441
-0.708056
-0.707789
-0.707591
-0.707410
-0.707205
-0.706956
-0.706662
-0.706339
-0.706007
-0.705687
-0.705393
-0.705131
-0.704906
-0.704714
-0.704550
-0.704407
-0.704274
-0.704140
-0.703995
-0.703824
-0.703615
-0.703355
-0.703031
-0.702632
-0.702146
-0.701562
-0.700870
-0.700064
-0.699136
-0.698082
-0.696897
-0.695582
-0.694134
-0.692556
-0.690849
-0.689017
-0.687064
-0.684995
-0.682814
-0.680525
-0.678133
-0.675644
-0.673068
-0.670417
-0.667702
-0.664932
-0.662114
-0.659255
-0.656362
-0.653443
-0.650506
-0.647560
-0.644611
-0.641667
-0.638734
-0.635820
-0.632932
-0.630076
-0.627260
-0.624488
-0.621732
-0.619033
-0.616568
-0.613815
-0.611360
-0.608755
-0.605952
-0.603404
-0.601048
-0.598596
-0.596195
-0.593925
-0.591773
-0.589746
-0.587861
-0.586129
-0.584553
-0.583134
-0.581868
-0.580743
-0.579744
-0.578852
-0.578049
-0.577316
-0.576635
-0.575990
-0.575369
-0.574761
-0.574156
-0.573548
-0.572932
-0.572302
-0.571657
-0.570993
-0.570308
-0.569601
-0.568871
-0.568117
-0.567339
-0.566536
-0.565708
-0.564855
-0.563977
-0.563072
-0.562142
-0.561186
-0.560204
-0.559198
-0.558168
-0.557114
-0.556036
-0.554937
-0.553816
-0.552674
-0.551512
-0.550331
-0.549133
-0.547918
-0.546686
-0.545440
-0.544180
-0.542907
-0.541622
-0.540328
-0.539024
-0.537715
-0.536399
-0.535078
-0.533754
-0.532426
-0.531097
-0.529767
-0.528439
-0.527113
-0.525793
-0.524480
-0.523175
-0.521882
-0.520600
-0.519332
-0.518079
-0.516840
-0.515613
-0.514396
-0.513189
-0.511990
-0.510805
-0.509637
-0.508491
-0.507371
-0.506283
-0.505231
-0.504216
-0.503224
-0.502241
-0.501272
-0.500326
-0.499407
-0.498514
-0.497640
-0.496767
-0.495875
-0.494957
-0.494021
-0.493081
-0.492144
-0.491213
-0.490287
-0.489368
-0.488454
-0.487545
-0.486640
-0.485741
-0.484846
-0.483956
-0.483070
-0.482189
-0.481313
-0.480443
-0.479579
-0.478721
-0.477871
-0.477027
-0.476175
-0.475398
-0.474833
-0.473725
-0.472850
-0.472780
-0.472616
-0.470944
-0.469903
-0.468626
-0.467886
-0.467213
-0.466407
-0.465497
-0.464481
-0.463397
-0.462237
-0.461030
-0.459760
-0.458456
-0.457100
-0.455718
-0.454290
-0.452843
-0.451354
-0.449850
-0.448308
-0.446750
-0.445157
-0.443544
-0.441900
-0.440228
-0.438522
-0.436780
-0.434996
-0.433165
-0.431278
-0.429331
-0.427316
-0.425229
-0.423067
-0.420827
-0.418508
-0.416108
-0.413630
-0.411072
-0.408434
-0.405716
-0.402914
-0.400023
-0.397038
-0.393951
-0.390752
-0.387433
-0.383985
-0.380403
-0.376684
-0.376684
-0.372825
-0.368827
-0.364688
-0.360403
-0.355962
-0.351359
-0.346588
-0.341660
-0.336602
-0.331464
-0.326313
-0.321213
-0.316210
-0.311319
-0.306536
-0.301853
-0.297275
-0.292821
-0.288524
-0.284428
-0.280572
-0.277001
-0.273742
-0.270839
-0.268301
-0.266186
-0.264475
-0.263255
-0.262449
-0.262204
-0.262326
-0.263089
-0.264092
-0.265861
-0.267644
-0.270413
-0.272841
-0.276629
-0.279570
-0.284429
-0.287804
-0.293786
-0.297611
-0.304708
-0.309113
-0.317299
-0.322545
-0.331890
-0.338252
-0.348785
-0.356384
-0.368097
-0.376870
-0.389827
-0.399581
-0.413610
-0.423859
-0.438550
-0.448783
-0.463896
-0.473798
-0.489271
-0.498798
-0.514591
-0.524008
-0.540068
-0.549847
-0.566158
-0.576780
-0.593340
-0.605169
-0.621964
-0.635228
-0.652203
-0.666994
-0.684145
-0.700274
-0.717675
-0.734702
-0.752358
-0.769887
-0.787745
-0.805514
-0.823478
-0.841298
-0.859279
-0.877024
-0.894981
-0.912569
-0.930510
-0.947893
-0.965857
-0.983020
-1.001051
-1.018019
-1.036127
-1.052986
-1.071125
-1.088022
-1.106130
-1.123200
-1.141247
-1.158565
-1.176570
-1.194163
-1.212179
-1.230041
-1.248144
-1.266252
-1.284509
-1.302843
-1.321293
-1.339842
-1.358498
-1.377256
-1.396115
-1.415072
-1.434121
-1.453260
-1.472481
-1.491779
-1.511146
-1.530576
-1.550058
-1.569586
-1.589148
-1.608737
-1.628342
-1.647953
-1.667560
-1.687152
-1.706721
-1.726255
-1.745745
-1.765181
-1.784553
-1.803853
-1.823072
-1.842200
-1.861230
-1.880154
-1.898964
-1.917654
-1.936216
-1.954645
-1.972936
-1.991082
-2.009079
-2.026923
-2.044610
-2.062136
-2.079500
-2.096698
-2.113728
-2.130588
-2.147278
-2.163795
-2.180140
-2.196312
-2.212310
-2.228135
-2.243786
-2.259264
-2.274569
-2.289702
-2.304663
-2.319453
-2.334073
-2.348524
-2.362807
-2.376923
-2.390872
-2.404658
-2.418280
-2.431740
-2.445040
-2.458181
-2.471166
-2.483996
-2.496672
-2.509197
-2.521574
-2.533804
-2.545889
-2.557832
-2.569636
-2.581303
-2.592835
-2.604235
-2.615505
-2.626649
-2.637668
-2.648566
-2.659344
-2.670005
-2.680551
-2.690986
-2.701310
-2.711526
-2.721637
-2.731645
-2.741551
-2.751358
-2.761067
-2.770680
-2.780200
-2.789627
-2.798965
-2.808213
-2.817375
-2.826451
-2.835444
-2.844354
-2.853184
-2.861934
-2.870607
-2.879203
-2.887725
-2.896173
-2.904548
-2.912853
-2.921089
-2.929256
-2.937357
-2.945392
-2.953363
-2.961271
-2.969117
-2.976903
-2.984629
-2.992298
-2.999909
-3.007464
-3.014965
-3.022412
-3.029807
-3.037150
-3.044441
-3.051683
-3.058875
-3.066018
-3.073112
-3.080159
-3.087157
-3.094109
-3.101013
-3.107870
-3.114680
-3.121444
-3.128161
-3.134832
-3.141457
-3.148038
-3.154579
-3.161088
-3.167584
-3.173985
-3.180243
-3.186523
-3.192778
-3.198991
-3.205164
-3.211298
-3.217390
-3.223441
-3.229450
-3.235418
-3.241345
-3.247231
-3.253076
-3.258882
-3.264649
-3.270377
-3.276067
-3.281719
-3.287333
-3.292912
-3.298454
-3.303962
-3.309434
-3.314873
-3.320277
-3.325649
-3.330989
-3.336296
-3.341572
-3.346817
-3.352031
-3.357214
-3.362367
-3.367491
-3.372584
-3.377647
-3.382680
-3.387684
-3.392659
-3.397604
-3.402520
-3.407407
-3.407407
-3.412265
-3.417093
-3.421893
-3.426664
-3.431406
-3.436119
-3.440804
-3.445459
-3.450086
-3.454685
-3.459254
-3.463795
-3.468308
-3.472791
-3.477246
-3.481672
-3.486070
-3.490439
-3.494779
-3.499090
-3.503373
-3.507627
-3.511852
-3.516049
-3.520217
-3.524356
-3.528466
-3.532548
-3.536601
-3.540625
-3.544620
-3.548587
-3.552525
-3.556434
-3.560314
-3.564165
-3.567987
-3.571780
-3.575544
-3.579278
-3.582984
-3.586660
-3.590307
-3.593924
-3.597512
-3.601071
-3.604599
-3.608099
-3.611568
-3.615008
-3.618418
-3.621798
-3.625149
-3.628470
-3.631762
-3.635024
-3.638256
-3.641460
-3.644634
-3.647780
-3.650897
-3.653985
-3.657045
-3.660077
-3.663082
-3.666058
-3.669008
-3.671931
-3.674827
-3.677697
-3.680542
-3.683360
-3.686153
-3.688922
-3.691666
-3.694385
-3.697081
-3.699754
-3.702403
-3.705029
-3.707633
-3.710214
-3.712774
-3.715312
-3.717829
-3.720324
-3.722800
-3.725254
-3.727689
-3.730103
-3.732499
-3.734874
-3.737231
-3.739569
-3.741888
-3.744189
-3.746472
-3.748737
-3.750984
-3.753213
-3.755426
-3.757621
-3.759799
-3.761961
-3.764106
-3.766235
-3.768348
-3.770444
-3.772525
-3.774591
-3.776641
-3.778675
-3.780695
-3.782700
-3.784689
-3.786665
-3.788625
-3.790571
-3.792504
-3.794421
-3.796325
-3.798215
-3.800092
-3.801955
-3.803804
-3.805640
-3.807462
-3.809271
-3.811068
-3.812851
-3.814621
-3.816378
-3.818123
-3.819854
-3.821573
-3.823280
-3.824974
-3.826655
-3.828324
-3.829981
-3.831625
-3.833257
-3.834876
-3.836484
-3.838079
-3.839662
-3.841233
-3.842792
-3.844339
-3.845874
-3.847397
-3.848909
-3.850408
-3.851895
-3.853371
-3.854835
-3.856287
-3.857727
-3.859156
-3.860573
-3.861978
-3.863372
-3.864755
-3.866125
-3.867485
-3.868833
-3.870170
-3.871495
-3.872809
-3.874112
-3.875403
-3.876684
-3.877954
-3.879212
-3.880459
-3.881696
-3.882922
-3.884137
-3.885341
-3.886534
-3.887717
-3.888889
-3.890051
-3.891202
-3.892343
-3.893473
-3.894593
-3.895703
-3.896802
-3.897892
-3.898971
-3.900040
-3.901099
-3.902147
-3.903186
-3.904215
-3.905234
-3.906242
-3.907241
-3.908230
-3.909209
-3.910178
-3.911137
-3.912086
-3.913026
-3.913955
-3.914874
-3.915784
-3.916684
-3.917573
-3.918453
-3.919323
-3.920184
-3.921034
-3.921874
-3.922705
-3.923525
-3.924336
-3.925137
-3.925928
-3.926709
-3.927480
-3.928241
-3.928992
-3.929733
-3.930464
-3.931184
-3.931894
-3.932594
-3.933282
-3.933960
-3.934626
-3.935281
-3.935925
-3.936557
-3.937178
-3.937789
-3.938392
-3.938988
-3.939580
-3.940170
-3.940761
-3.941351
-3.941941
-3.942529
-3.943115
-3.943697
-3.944275
-3.944849
-3.945419
-3.945983
-3.946542
-3.947094
-3.947639
-3.948177
-3.948707
-3.949229
-3.949741
-3.950243
-3.950735
-3.951217
-3.951688
-3.952147
-3.952595
-3.953030
-3.953454
-3.953865
-3.954262
-3.954647
-3.955018
-3.955376
-3.955721
-3.956052
-3.956370
-3.956674
-3.956966
-3.957245
-3.957511
-3.957766
-3.958008
-3.958239
