-0.890052
-0.113297
-0.112391
-0.112107
-0.111959
-0.111846
-0.111746
-0.111653
-0.111566
-0.111484
-0.111406
-0.111332
-0.111260
-0.111189
-0.111121
-0.111053
-0.110987
-0.110921
-0.110855
-0.110789
-0.110724
-0.110658
-0.110592
-0.110525
-0.110458
-0.110390
-0.110322
-0.110254
-0.110184
-0.110114
-0.110044
-0.109972
-0.109900
-0.109828
-0.109755
-0.109681
-0.109607
-0.109532
-0.109456
-0.109380
-0.109304
-0.109227
-0.109150
-0.109072
-0.108994
-0.108916
-0.108837
-0.108758
-0.108679
-0.108599
-0.108519
-0.108439
-0.108359
-0.108279
-0.108198
-0.108117
-0.108037
-0.107956
-0.107875
-0.107794
-0.107713
-0.107632
-0.107551
-0.107470
-0.107389
-0.107309
-0.107228
-0.107147
-0.107067
-0.106986
-0.106906
-0.106825
-0.106745
-0.106665
-0.106585
-0.106506
-0.106426
-0.106347
-0.106268
-0.106189
-0.106110
-0.106031
-0.105953
-0.105875
-0.105797
-0.105720
-0.105642
-0.105565
-0.105488
-0.105412
-0.105335
-0.105259
-0.105183
-0.105108
-0.105033
-0.104958
-0.104883
-0.104808
-0.104734
-0.104660
-0.104587
-0.104513
-0.104440
-0.104368
-0.104295
-0.104223
-0.104151
-0.104079
-0.104008
-0.103937
-0.103866
-0.103795
-0.103725
-0.103655
-0.103585
-0.103515
-0.103446
-0.103377
-0.103308
-0.103239
-0.103171
-0.103103
-0.103035
-0.102967
-0.102900
-0.102832
-0.102765
-0.102698
-0.102631
-0.102565
-0.102498
-0.102432
-0.102366
-0.102300
-0.102234
-0.102168
-0.102103
-0.102037
-0.101972
-0.101906
-0.101841
-0.101776
-0.101711
-0.101646
-0.101581
-0.101516
-0.101452
-0.101387
-0.101322
-0.101257
-0.101193
-0.101128
-0.101063
-0.100999
-0.100934
-0.100869
-0.100804
-0.100740
-0.100675
-0.100610
-0.100545
-0.100480
-0.100415
-0.100350
-0.100284
-0.100219
-0.100154
-0.100088
-0.100022
-0.099956
-0.099890
-0.099824
-0.099758
-0.099692
-0.099625
-0.099558
-0.099491
-0.099424
-0.099357
-0.099290
-0.099222
-0.099154
-0.099086
-0.099017
-0.098949
-0.098880
-0.098811
-0.098742
-0.098672
-0.098602
-0.098532
-0.098462
-0.098391
-0.098321
-0.098249
-0.098178
-0.098106
-0.098034
-0.097962
-0.097889
-0.097816
-0.097743
-0.097669
-0.097595
-0.097521
-0.097446
-0.097371
-0.097296
-0.097220
-0.097144
-0.097068
-0.096991
-0.096914
-0.096837
-0.096759
-0.096681
-0.096602
-0.096523
-0.096444
-0.096364
-0.096284
-0.096203
-0.096122
-0.096041
-0.095959
-0.095876
-0.095794
-0.095711
-0.095627
-0.095543
-0.095459
-0.095374
-0.095289
-0.095203
-0.095117
-0.095031
-0.094944
-0.094856
-0.094768
-0.094680
-0.094591
-0.094502
-0.094412
-0.094322
-0.094231
-0.094140
-0.094048
-0.093956
-0.093864
-0.093771
-0.093677
-0.093583
-0.093489
-0.093394
-0.093298
-0.093202
-0.093106
-0.093009
-0.092912
-0.092814
-0.092715
-0.092616
-0.092517
-0.092417
-0.092316
-0.092215
-0.092114
-0.092012
-0.091909
-0.091806
-0.091703
-0.091599
-0.091494
-0.091389
-0.091283
-0.091177
-0.091070
-0.090963
-0.090855
-0.090747
-0.090638
-0.090529
-0.090419
-0.090308
-0.090197
-0.090086
-0.089974
-0.089861
-0.089748
-0.089634
-0.089520
-0.089405
-0.089290
-0.089174
-0.089057
-0.088940
-0.088822
-0.088704
-0.088586
-0.088466
-0.088346
-0.088226
-0.088105
-0.087983
-0.087861
-0.087739
-0.087615
-0.087492
-0.087367
-0.087242
-0.087117
-0.086991
-0.086864
-0.086737
-0.086609
-0.086481
-0.086352
-0.086222
-0.086092
-0.085961
-0.085830
-0.085698
-0.085566
-0.085433
-0.085300
-0.085165
-0.085031
-0.084896
-0.084760
-0.084623
-0.084486
-0.084349
-0.084211
-0.084072
-0.083933
-0.083793
-0.083653
-0.083512
-0.083371
-0.083229
-0.083086
-0.082943
-0.082799
-0.082655
-0.082510
-0.082365
-0.082219
-0.082073
-0.081926
-0.081778
-0.081630
-0.081482
-0.081333
-0.081183
-0.081033
-0.080882
-0.080731
-0.080580
-0.080427
-0.080275
-0.080121
-0.079968
-0.079814
-0.079659
-0.079504
-0.079348
-0.079192
-0.079036
-0.078879
-0.078721
-0.078563
-0.078405
-0.078246
-0.078087
-0.077927
-0.077767
-0.077607
-0.077446
-0.077284
-0.077123
-0.076961
-0.076798
-0.076635
-0.076472
-0.076308
-0.076144
-0.075980
-0.075816
-0.075651
-0.075485
-0.075320
-0.075154
-0.074988
-0.074822
-0.074655
-0.074488
-0.074321
-0.074153
-0.073986
-0.073818
-0.073650
-0.073481
-0.073313
-0.073144
-0.072976
-0.072807
-0.072638
-0.072468
-0.072299
-0.072130
-0.071960
-0.071790
-0.071621
-0.071451
-0.071281
-0.071111
-0.070942
-0.070772
-0.070602
-0.070432
-0.070262
-0.070093
-0.069923
-0.069754
-0.069584
-0.069415
-0.069246
-0.069076
-0.068908
-0.068739
-0.068570
-0.068402
-0.068234
-0.068066
-0.067898
-0.067731
-0.067564
-0.067397
-0.067230
-0.067064
-0.066898
-0.066733
-0.066568
-0.066403
-0.066239
-0.066075
-0.065912
-0.065749
-0.065586
-0.065424
-0.065263
-0.065102
-0.064941
-0.064781
-0.064622
-0.064463
-0.064305
-0.064148
-0.063991
-0.063834
-0.063679
-0.063524
-0.063370
-0.063216
-0.063063
-0.062911
-0.062760
-0.062609
-0.062460
-0.062311
-0.062163
-0.062015
-0.061869
-0.061723
-0.061578
-0.061434
-0.061291
-0.061149
-0.061008
-0.060867
-0.060728
-0.060590
-0.060452
-0.060315
-0.060180
-0.060045
-0.059911
-0.059779
-0.059647
-0.059516
-0.059386
-0.059258
-0.059130
-0.059003
-0.058878
-0.058753
-0.058629
-0.058507
-0.058385
-0.058265
-0.058265
-0.058145
-0.058027
-0.057909
-0.057793
-0.057678
-0.057564
-0.057450
-0.057338
-0.057227
-0.057117
-0.057008
-0.056900
-0.056793
-0.056687
-0.056582
-0.056478
-0.056375
-0.056273
-0.056172
-0.056072
-0.055973
-0.055875
-0.055778
-0.055682
-0.055587
-0.055493
-0.055400
-0.055308
-0.055216
-0.055126
-0.055037
-0.054948
-0.054861
-0.054774
-0.054688
-0.054603
-0.054519
-0.054436
-0.054353
-0.054272
-0.054191
-0.054111
-0.054032
-0.053953
-0.053876
-0.053799
-0.053723
-0.053648
-0.053573
-0.053500
-0.053427
-0.053354
-0.053283
-0.053212
-0.053142
-0.053072
-0.053003
-0.052935
-0.052867
-0.052801
-0.052734
-0.052669
-0.052604
-0.052539
-0.052475
-0.052412
-0.052349
-0.052287
-0.052226
-0.052165
-0.052104
-0.052044
-0.051985
-0.051926
-0.051868
-0.051810
-0.051753
-0.051696
-0.051639
-0.051583
-0.051528
-0.051473
-0.051418
-0.051364
-0.051311
-0.051257
-0.051205
-0.051152
-0.051100
-0.051049
-0.050997
-0.050947
-0.050896
-0.050846
-0.050796
-0.050747
-0.050698
-0.050650
-0.050601
-0.050554
-0.050506
-0.050459
-0.050412
-0.050365
-0.050319
-0.050273
-0.050228
-0.050183
-0.050138
-0.050093
-0.050049
-0.050005
-0.049961
-0.049918
-0.049874
-0.049832
-0.049789
-0.049747
-0.049705
-0.049663
-0.049622
-0.049580
-0.049540
-0.049499
-0.049459
-0.049418
-0.049379
-0.049339
-0.049300
-0.049261
-0.049222
-0.049183
-0.049145
-0.049107
-0.049069
-0.049032
-0.048994
-0.048957
-0.048921
-0.048884
-0.048848
-0.048812
-0.048776
-0.048740
-0.048705
-0.048670
-0.048635
-0.048601
-0.048567
-0.048532
-0.048499
-0.048465
-0.048432
-0.048399
-0.048366
-0.048333
-0.048301
-0.048269
-0.048237
-0.048206
-0.048174
-0.048143
-0.048113
-0.048082
-0.048052
-0.048022
-0.047992
-0.047963
-0.047933
-0.047904
-0.047876
-0.047847
-0.047819
-0.047791
-0.047764
-0.047736
-0.047709
-0.047683
-0.047656
-0.047630
-0.047604
-0.047578
-0.047553
-0.047528
-0.047503
-0.047479
-0.047455
-0.047431
-0.047407
-0.047384
-0.047361
-0.047339
-0.047317
-0.047295
-0.047273
-0.047252
-0.047231
-0.047210
-0.047190
-0.047170
-0.047151
-0.047132
-0.047113
-0.047095
-0.047077
-0.047059
-0.047042
-0.047025
-0.047009
-0.046993
-0.046977
-0.046962
-0.046947
-0.046933
-0.046919
-0.046906
-0.046893
-0.046881
-0.046869
-0.046858
-0.046847
-0.046836
-0.046826
-0.046817
-0.046808
-0.046800
-0.046793
-0.046785
-0.046779
-0.046773
-0.046768
-0.046764
-0.046760
-0.046757
-0.046754
-0.046752
-0.046751
-0.046751
-0.046751
-0.046753
-0.046755
-0.046758
-0.046762
-0.046766
-0.046772
-0.046778
-0.046786
-0.046794
-0.046804
-0.046814
-0.046826
-0.046838
-0.046852
-0.046867
-0.046883
-0.046900
-0.046918
-0.046938
-0.046959
-0.046981
-0.047005
-0.047030
-0.047056
-0.047084
-0.047113
-0.047143
-0.047175
-0.047208
-0.047243
-0.047280
-0.047317
-0.047356
-0.047397
-0.047439
-0.047483
-0.047528
-0.047574
-0.047621
-0.047670
-0.047720
-0.047772
-0.047824
-0.047878
-0.047932
-0.047988
-0.048045
-0.048102
-0.048161
-0.048220
-0.048280
-0.048341
-0.048403
-0.048465
-0.048527
-0.048591
-0.048654
-0.048718
-0.048783
-0.048848
-0.048913
-0.048978
-0.049044
-0.049109
-0.049175
-0.049241
-0.049307
-0.049372
-0.049438
-0.049504
-0.049569
-0.049634
-0.049699
-0.049764
-0.049828
-0.049892
-0.049955
-0.050018
-0.050081
-0.050143
-0.050204
-0.050265
-0.050325
-0.050385
-0.050443
-0.050501
-0.050559
-0.050615
-0.050671
-0.050726
-0.050780
-0.050833
-0.050886
-0.050937
-0.050988
-0.051037
-0.051086
-0.051134
-0.051180
-0.051226
-0.051271
-0.051314
-0.051357
-0.051399
-0.051440
-0.051479
-0.051518
-0.051555
-0.051592
-0.051627
-0.051662
-0.051695
-0.051727
-0.051758
-0.051788
-0.051817
-0.051845
-0.051872
-0.051898
-0.051923
-0.051946
-0.051969
-0.051991
-0.052011
-0.052030
-0.052049
-0.052066
-0.052082
-0.052097
-0.052111
-0.052124
-0.052136
-0.052147
-0.052156
-0.052165
-0.052173
-0.052179
-0.052185
-0.052189
-0.052193
-0.052195
-0.052197
-0.052197
-0.052196
-0.052195
-0.052192
-0.052188
-0.052184
-0.052178
-0.052171
-0.052164
-0.052155
-0.052145
-0.052135
-0.052123
-0.052110
-0.052097
-0.052082
-0.052067
-0.052050
-0.052033
-0.052015
-0.051996
-0.051975
-0.051954
-0.051932
-0.051909
-0.051885
-0.051861
-0.051835
-0.051809
-0.051781
-0.051753
-0.051724
-0.051694
-0.051663
-0.051631
-0.051598
-0.051565
-0.051530
-0.051495
-0.051459
-0.051422
-0.051385
-0.051346
-0.051307
-0.051267
-0.051226
-0.051185
-0.051142
-0.051099
-0.051055
-0.051010
-0.050965
-0.050919
-0.050872
-0.050824
-0.050775
-0.050726
-0.050676
-0.050626
-0.050574
-0.050522
-0.050469
-0.050416
-0.050362
-0.050307
-0.050251
-0.050195
-0.050138
-0.050081
-0.050022
-0.049964
-0.049904
-0.049844
-0.049783
-0.049722
-0.049660
-0.049597
-0.049534
-0.049470
-0.049406
-0.049341
-0.049276
-0.049209
-0.049143
-0.049076
-0.049008
-0.048939
-0.048871
-0.048801
-0.048731
-0.048661
-0.048590
-0.048518
-0.048446
-0.048374
-0.048301
-0.048228
-0.048154
-0.048079
-0.048005
-0.047929
-0.047854
-0.047777
-0.047701
-0.047624
-0.047546
-0.047469
-0.047390
-0.047312
-0.047233
-0.047153
-0.047074
-0.046994
-0.046913
-0.046832
-0.046751
-0.046670
-0.046588
-0.046588
-0.046506
-0.046423
-0.046340
-0.046257
-0.046174
-0.046090
-0.046006
-0.045922
-0.045838
-0.045753
-0.045668
-0.045583
-0.045497
-0.045412
-0.045326
-0.045239
-0.045153
-0.045066
-0.044980
-0.044893
-0.044806
-0.044718
-0.044631
-0.044543
-0.044455
-0.044367
-0.044279
-0.044191
-0.044102
-0.044014
-0.043925
-0.043836
-0.043748
-0.043658
-0.043569
-0.043480
-0.043391
-0.043302
-0.043212
-0.043123
-0.043033
-0.042943
-0.042854
-0.042764
-0.042674
-0.042584
-0.042494
-0.042405
-0.042315
-0.042225
-0.042135
-0.042045
-0.041955
-0.041865
-0.041775
-0.041685
-0.041595
-0.041505
-0.041415
-0.041325
-0.041235
-0.041146
-0.041056
-0.040966
-0.040877
-0.040787
-0.040697
-0.040608
-0.040518
-0.040429
-0.040340
-0.040251
-0.040162
-0.040072
-0.039984
-0.039895
-0.039806
-0.039717
-0.039629
-0.039540
-0.039452
-0.039364
-0.039275
-0.039187
-0.039100
-0.039012
-0.038924
-0.038837
-0.038749
-0.038662
-0.038575
-0.038488
-0.038401
-0.038314
-0.038228
-0.038142
-0.038055
-0.037969
-0.037883
-0.037798
-0.037712
-0.037627
-0.037541
-0.037456
-0.037371
-0.037287
-0.037202
-0.037118
-0.037033
-0.036949
-0.036866
-0.036782
-0.036699
-0.036615
-0.036532
-0.036449
-0.036367
-0.036284
-0.036202
-0.036120
-0.036038
-0.035956
-0.035875
-0.035793
-0.035712
-0.035632
-0.035551
-0.035470
-0.035390
-0.035310
-0.035231
-0.035151
-0.035072
-0.034993
-0.034914
-0.034835
-0.034757
-0.034678
-0.034600
-0.034523
-0.034445
-0.034368
-0.034291
-0.034214
-0.034137
-0.034061
-0.033985
-0.033909
-0.033833
-0.033758
-0.033683
-0.033608
-0.033533
-0.033459
-0.033385
-0.033311
-0.033237
-0.033163
-0.033090
-0.033017
-0.032945
-0.032872
-0.032800
-0.032728
-0.032656
-0.032585
-0.032514
-0.032443
-0.032372
-0.032302
-0.032232
-0.032162
-0.032092
-0.032023
-0.031954
-0.031885
-0.031816
-0.031748
-0.031680
-0.031612
-0.031544
-0.031477
-0.031410
-0.031343
-0.031277
-0.031211
-0.031145
-0.031079
-0.031014
-0.030949
-0.030884
-0.030819
-0.030755
-0.030691
-0.030627
-0.030564
-0.030501
-0.030438
-0.030375
-0.030313
-0.030251
-0.030189
-0.030127
-0.030066
-0.030005
-0.029944
-0.029884
-0.029824
-0.029764
-0.029705
-0.029645
-0.029586
-0.029528
-0.029469
-0.029411
-0.029353
-0.029296
-0.029239
-0.029182
-0.029125
-0.029069
-0.029013
-0.028957
-0.028901
-0.028846
-0.028791
-0.028737
-0.028682
-0.028628
-0.028575
-0.028521
-0.028468
-0.028416
-0.028363
-0.028311
-0.028259
-0.028207
-0.028156
-0.028105
-0.028055
-0.028004
-0.027954
-0.027904
-0.027855
-0.027806
-0.027757
-0.027709
-0.027661
-0.027613
-0.027565
-0.027518
-0.027471
-0.027425
-0.027378
-0.027333
-0.027287
-0.027242
-0.027197
-0.027152
-0.027108
-0.027064
-0.027020
-0.026977
-0.026934
-0.026891
-0.026849
-0.026807
-0.026766
-0.026724
-0.026683
-0.026643
-0.026603
-0.026563
-0.026523
-0.026484
-0.026445
-0.026407
-0.026368
-0.026331
-0.026293
-0.026256
-0.026219
-0.026183
-0.026147
-0.026111
-0.026076
-0.026041
-0.026007
-0.025972
-0.025939
-0.025905
-0.025872
-0.025839
-0.025807
-0.025775
-0.025744
-0.025712
-0.025682
-0.025651
-0.025621
-0.025592
-0.025562
-0.025533
-0.025505
-0.025477
-0.025449
-0.025422
-0.025395
-0.025369
-0.025343
-0.025317
-0.025292
-0.025267
-0.025243
-0.025219
-0.025195
-0.025172
-0.025149
-0.025127
-0.025105
-0.025084
-0.025063
-0.025042
-0.025022
-0.025003
-0.024983
-0.024965
-0.024946
-0.024929
-0.024911
-0.024894
-0.024878
-0.024862
-0.024846
-0.024831
-0.024817
-0.024803
-0.024789
-0.024776
-0.024763
-0.024751
-0.024739
-0.024728
-0.024717
-0.024707
-0.024697
-0.024688
-0.024680
-0.024671
-0.024664
-0.024657
-0.024650
-0.024644
-0.024639
-0.024634
-0.024629
-0.024625
-0.024622
-0.024619
-0.024617
-0.024615
-0.024614
-0.024613
-0.024613
-0.024614
-0.024615
-0.024617
-0.024619
-0.024622
-0.024626
-0.024630
-0.024634
-0.024640
-0.024646
-0.024652
-0.024659
-0.024667
-0.024676
-0.024685
-0.024695
-0.024705
-0.024716
-0.024728
-0.024740
-0.024753
-0.024767
-0.024781
-0.024796
-0.024812
-0.024828
-0.024845
-0.024863
-0.024882
-0.024901
-0.024921
-0.024942
-0.024963
-0.024985
-0.025008
-0.025032
-0.025057
-0.025082
-0.025108
-0.025135
-0.025162
-0.025190
-0.025220
-0.025250
-0.025280
-0.025312
-0.025344
-0.025378
-0.025412
-0.025447
-0.025483
-0.025519
-0.025557
-0.025595
-0.025635
-0.025675
-0.025716
-0.025758
-0.025801
-0.025845
-0.025890
-0.025936
-0.025982
-0.026030
-0.026079
-0.026128
-0.026179
-0.026231
-0.026283
-0.026337
-0.026392
-0.026448
-0.026504
-0.026562
-0.026621
-0.026681
-0.026742
-0.026805
-0.026868
-0.026932
-0.026998
-0.027065
-0.027133
-0.027202
-0.027272
-0.027343
-0.027416
-0.027490
-0.027565
-0.027641
-0.027719
-0.027798
-0.027878
-0.027959
-0.028042
-0.028126
-0.028212
-0.028298
-0.028387
-0.028476
-0.028567
-0.028659
-0.028753
-0.028848
-0.028945
-0.029043
-0.029143
-0.029244
-0.029346
-0.029450
-0.029556
-0.029663
-0.029772
-0.029883
-0.029995
-0.030108
-0.030224
-0.030341
-0.030460
-0.030580
-0.030702
-0.030826
-0.030952
-0.031079
-0.031209
-0.031340
-0.031473
-0.031608
-0.031745
-0.031884
-0.032024
-0.032167
-0.032312
-0.032458
-0.032607
-0.032607
-0.032758
-0.032911
-0.033066
-0.033223
-0.033382
-0.033544
-0.033708
-0.033874
-0.034042
-0.034213
-0.034386
-0.034561
-0.034739
-0.034919
-0.035101
-0.035287
-0.035474
-0.035664
-0.035857
-0.036052
-0.036250
-0.036451
-0.036655
-0.036861
-0.037070
-0.037282
-0.037496
-0.037714
-0.037934
-0.038158
-0.038384
-0.038614
-0.038847
-0.039082
-0.039321
-0.039564
-0.039809
-0.040058
-0.040310
-0.040566
-0.040825
-0.041087
-0.041353
-0.041623
-0.041896
-0.042173
-0.042454
-0.042738
-0.043026
-0.043319
-0.043615
-0.043915
-0.044219
-0.044527
-0.044840
-0.045156
-0.045477
-0.045802
-0.046132
-0.046466
-0.046804
-0.047147
-0.047494
-0.047847
-0.048204
-0.048565
-0.048932
-0.049303
-0.049680
-0.050061
-0.050447
-0.050839
-0.051235
-0.051637
-0.052045
-0.052457
-0.052875
-0.053299
-0.053727
-0.054162
-0.054602
-0.055048
-0.055499
-0.055956
-0.056419
-0.056888
-0.057362
-0.057843
-0.058329
-0.058821
-0.059320
-0.059824
-0.060334
-0.060850
-0.061372
-0.061900
-0.062434
-0.062974
-0.063520
-0.064072
-0.064629
-0.065193
-0.065762
-0.066336
-0.066916
-0.067501
-0.068092
-0.068688
-0.069288
-0.069894
-0.070504
-0.071119
-0.071737
-0.072360
-0.072987
-0.073617
-0.074250
-0.074885
-0.075524
-0.076164
-0.076806
-0.077450
-0.078094
-0.078739
-0.079383
-0.080027
-0.080670
-0.081311
-0.081950
-0.082587
-0.083220
-0.083848
-0.084472
-0.085091
-0.085704
-0.086310
-0.086908
-0.087498
-0.088080
-0.088651
-0.089213
-0.089763
-0.090301
-0.090827
-0.091340
-0.091838
-0.092322
-0.092791
-0.093243
-0.093679
-0.094097
-0.094497
-0.094878
-0.095240
-0.095582
-0.095903
-0.096204
-0.096482
-0.096739
-0.096973
-0.097184
-0.097372
-0.097535
-0.097674
-0.097789
-0.097878
-0.097942
-0.097981
-0.097994
-0.097980
-0.097940
-0.097874
-0.097782
-0.097662
-0.097517
-0.097344
-0.097145
-0.096920
-0.096669
-0.096393
-0.096091
-0.095764
-0.095413
-0.095038
-0.094641
-0.094222
-0.093782
-0.093323
-0.092847
-0.092354
-0.091847
-0.091328
-0.090799
-0.090263
-0.089722
-0.089181
-0.088642
-0.088108
-0.087585
-0.087076
-0.086585
-0.086117
-0.085676
-0.085268
-0.084896
-0.084565
-0.084280
-0.084044
-0.083862
-0.083737
-0.083672
-0.083670
-0.083733
-0.083862
-0.084058
-0.084323
-0.084656
-0.085056
-0.085523
-0.086055
-0.086650
-0.087306
-0.088019
-0.088787
-0.089607
-0.090474
-0.091386
-0.092337
-0.093325
-0.094345
-0.095393
-0.096465
-0.097558
-0.098668
-0.099791
-0.100925
-0.102065
-0.103210
-0.104357
-0.105502
-0.106645
-0.107782
-0.108913
-0.110036
-0.111149
-0.112251
-0.113342
-0.114420
-0.115485
-0.116536
-0.117573
-0.118594
-0.119601
-0.120593
-0.121568
-0.122529
-0.123473
-0.124402
-0.125315
-0.126212
-0.127093
-0.127959
-0.128809
-0.129644
-0.130463
-0.131268
-0.132057
-0.132831
-0.133591
-0.134336
-0.135067
-0.135783
-0.136486
-0.137174
-0.137850
-0.138511
-0.139160
-0.139796
-0.140419
-0.141029
-0.141627
-0.142214
-0.142788
-0.143350
-0.143901
-0.144441
-0.144970
-0.145488
-0.145996
-0.146493
-0.146980
-0.147457
-0.147925
-0.148382
-0.148831
-0.149270
-0.149700
-0.150122
-0.150535
-0.150940
-0.151336
-0.151725
-0.152106
-0.152479
-0.152844
-0.153202
-0.153553
-0.153898
-0.154235
-0.154566
-0.154890
-0.155208
-0.155519
-0.155825
-0.156124
-0.156418
-0.156707
-0.156989
-0.157267
-0.157539
-0.157806
-0.158068
-0.158325
-0.158578
-0.158825
-0.159069
-0.159308
-0.159542
-0.159772
-0.159999
-0.160221
-0.160440
-0.160654
-0.160865
-0.161072
-0.161276
-0.161477
-0.161674
-0.161867
-0.162058
-0.162245
-0.162430
-0.162611
-0.162790
-0.162966
-0.163139
-0.163309
-0.163477
-0.163642
-0.163805
-0.163965
-0.164123
-0.164279
-0.164432
-0.164583
-0.164732
-0.164879
-0.165024
-0.165167
-0.165309
-0.165448
-0.165585
-0.165721
-0.165854
-0.165986
-0.166117
-0.166246
-0.166373
-0.166498
-0.166623
-0.166745
-0.166866
-0.166986
-0.167105
-0.167222
-0.167337
-0.167452
-0.167565
-0.167677
-0.167787
-0.167897
-0.168005
-0.168113
-0.168219
-0.168324
-0.168428
-0.168531
-0.168633
-0.168734
-0.168834
-0.168933
-0.169031
-0.169129
-0.169225
-0.169321
-0.169415
-0.169509
-0.169602
-0.169695
-0.169786
-0.169877
-0.169967
-0.170056
-0.170144
-0.170232
-0.170319
-0.170405
-0.170491
-0.170576
-0.170661
-0.170744
-0.170828
-0.170910
-0.170992
-0.171073
-0.171154
-0.171234
-0.171314
-0.171393
-0.171472
-0.171550
-0.171627
-0.171704
-0.171781
-0.171857
-0.171932
-0.172007
-0.172082
-0.172156
-0.172230
-0.172303
-0.172375
-0.172448
-0.172520
-0.172591
-0.172662
-0.172733
-0.172803
-0.172873
-0.172942
-0.173011
-0.173080
-0.173148
-0.173216
-0.173283
-0.173351
-0.173417
-0.173484
-0.173550
-0.173616
-0.173681
-0.173746
-0.173811
-0.173875
-0.173940
-0.174003
-0.174067
-0.174130
-0.174193
-0.174255
-0.174318
-0.174380
-0.174441
-0.174503
-0.174564
-0.174625
-0.174685
-0.174745
-0.174805
-0.174865
-0.174925
-0.174984
-0.175043
-0.175102
-0.175160
-0.175218
-0.175276
-0.175334
-0.175391
-0.175448
-0.175505
-0.175562
-0.175619
-0.175675
-0.175731
-0.175787
-0.175843
-0.175898
-0.175953
-0.176008
-0.176063
-0.176117
-0.176172
-0.176226
-0.176280
-0.176333
-0.176387
-0.176440
-0.176493
-0.176493
-0.176546
-0.176599
-0.176651
-0.176704
-0.176756
-0.176808
-0.176860
-0.176911
-0.176963
-0.177014
-0.177065
-0.177116
-0.177166
-0.177217
-0.177267
-0.177318
-0.177368
-0.177417
-0.177467
-0.177517
-0.177566
-0.177615
-0.177664
-0.177713
-0.177762
-0.177811
-0.177859
-0.177907
-0.177955
-0.178003
-0.178051
-0.178099
-0.178147
-0.178194
-0.178241
-0.178288
-0.178335
-0.178382
-0.178429
-0.178475
-0.178522
-0.178568
-0.178614
-0.178660
-0.178706
-0.178752
-0.178798
-0.178843
-0.178889
-0.178934
-0.178979
-0.179024
-0.179069
-0.179114
-0.179159
-0.179203
-0.179248
-0.179292
-0.179336
-0.179380
-0.179424
-0.179468
-0.179512
-0.179556
-0.179599
-0.179643
-0.179686
-0.179729
-0.179772
-0.179815
-0.179858
-0.179901
-0.179944
-0.179986
-0.180029
-0.180071
-0.180113
-0.180156
-0.180198
-0.180240
-0.180282
-0.180324
-0.180365
-0.180407
-0.180449
-0.180490
-0.180531
-0.180573
-0.180614
-0.180655
-0.180696
-0.180737
-0.180778
-0.180819
-0.180859
-0.180900
-0.180940
-0.180981
-0.181021
-0.181061
-0.181102
-0.181142
-0.181182
-0.181222
-0.181262
-0.181301
-0.181341
-0.181381
-0.181420
-0.181460
-0.181499
-0.181539
-0.181578
-0.181617
-0.181656
-0.181695
-0.181734
-0.181773
-0.181812
-0.181851
-0.181890
-0.181928
-0.181967
-0.182005
-0.182044
-0.182082
-0.182121
-0.182159
-0.182197
-0.182235
-0.182273
-0.182311
-0.182349
-0.182387
-0.182425
-0.182463
-0.182501
-0.182538
-0.182576
-0.182613
-0.182651
-0.182688
-0.182726
-0.182763
-0.182800
-0.182838
-0.182875
-0.182912
-0.182949
-0.182986
-0.183023
-0.183060
-0.183097
-0.183133
-0.183170
-0.183207
-0.183243
-0.183280
-0.183317
-0.183353
-0.183389
-0.183426
-0.183462
-0.183499
-0.183535
-0.183571
-0.183607
-0.183643
-0.183679
-0.183715
-0.183751
-0.183787
-0.183823
-0.183859
-0.183895
-0.183931
-0.183966
-0.184002
-0.184038
-0.184073
-0.184109
-0.184144
-0.184180
-0.184215
-0.184251
-0.184286
-0.184321
-0.184356
-0.184392
-0.184427
-0.184462
-0.184497
-0.184532
-0.184567
-0.184602
-0.184637
-0.184672
-0.184707
-0.184742
-0.184777
-0.184812
-0.184846
-0.184881
-0.184916
-0.184950
-0.184985
-0.185020
-0.185054
-0.185089
-0.185123
-0.185157
-0.185192
-0.185226
-0.185261
-0.185295
-0.185329
-0.185363
-0.185398
-0.185432
-0.185466
-0.185500
-0.185534
-0.185568
-0.185602
-0.185636
-0.185670
-0.185704
-0.185738
-0.185772
-0.185806
-0.185840
-0.185874
-0.185907
-0.185941
-0.185975
-0.186009
-0.186042
-0.186076
-0.186110
-0.186143
-0.186177
-0.186210
-0.186244
-0.186277
-0.186311
-0.186344
-0.186377
-0.186411
-0.186444
-0.186478
-0.186511
-0.186544
-0.186577
-0.186611
-0.186644
-0.186677
-0.186710
-0.186743
-0.186776
-0.186809
-0.186842
-0.186875
-0.186909
-0.186941
-0.186974
-0.187007
-0.187040
-0.187073
-0.187106
-0.187139
-0.187172
-0.187205
-0.187237
-0.187270
-0.187303
-0.187336
-0.187368
-0.187401
-0.187434
-0.187466
-0.187499
-0.187531
-0.187564
-0.187597
-0.187629
-0.187662
-0.187694
-0.187727
-0.187759
-0.187791
-0.187824
-0.187856
-0.187889
-0.187921
-0.187953
-0.187985
-0.188018
-0.188050
-0.188082
-0.188115
-0.188147
-0.188179
-0.188211
-0.188243
-0.188275
-0.188307
-0.188340
-0.188372
-0.188404
-0.188436
-0.188468
-0.188500
-0.188532
-0.188564
-0.188596
-0.188628
-0.188659
-0.188691
-0.188723
-0.188755
-0.188787
-0.188819
-0.188850
-0.188882
-0.188914
-0.188946
-0.188977
-0.189009
-0.189041
-0.189073
-0.189104
-0.189136
-0.189167
-0.189199
-0.189231
-0.189262
-0.189294
-0.189325
-0.189357
-0.189388
-0.189420
-0.189451
-0.189483
-0.189514
-0.189546
-0.189577
-0.189608
-0.189640
-0.189671
-0.189702
-0.189734
-0.189765
-0.189796
-0.189828
-0.189859
-0.189890
-0.189921
-0.189952
-0.189984
-0.190015
-0.190046
-0.190077
-0.190108
-0.190139
-0.190170
-0.190201
-0.190232
-0.190264
-0.190295
-0.190326
-0.190357
-0.190387
-0.190418
-0.190449
-0.190480
-0.190511
-0.190542
-0.190573
-0.190604
-0.190635
-0.190665
-0.190696
-0.190727
-0.190758
-0.190789
-0.190819
-0.190850
-0.190881
-0.190911
-0.190942
-0.190973
-0.191003
-0.191034
-0.191065
-0.191095
-0.191126
-0.191156
-0.191187
-0.191218
-0.191248
-0.191279
-0.191309
-0.191339
-0.191370
-0.191400
-0.191431
-0.191461
-0.191492
-0.191522
-0.191552
-0.191583
-0.191613
-0.191643
-0.191674
-0.191704
-0.191734
-0.191764
-0.191795
-0.191825
-0.191855
-0.191885
-0.191915
-0.191945
-0.191976
-0.192006
-0.192036
-0.192066
-0.192096
-0.192126
-0.192156
-0.192186
-0.192216
-0.192246
-0.192276
-0.192306
-0.192336
-0.192366
-0.192396
-0.192426
-0.192455
-0.192485
-0.192515
-0.192545
-0.192575
-0.192605
-0.192634
-0.192664
-0.192694
-0.192724
-0.192753
-0.192783
-0.192813
-0.192842
-0.192872
-0.192902
-0.192931
-0.192961
-0.192990
-0.193020
-0.193049
-0.193079
-0.193108
-0.193138
-0.193167
-0.193197
-0.193226
-0.193256
-0.193285
-0.193315
-0.193344
-0.193373
-0.193403
-0.193432
-0.193461
-0.193490
-0.193520
-0.193549
-0.193578
-0.193607
-0.193637
-0.193666
-0.193695
-0.193724
-0.193753
-0.193782
-0.193811
-0.193841
-0.193870
-0.193899
-0.193928
-0.193957
-0.193986
-0.194015
-0.194044
-0.194073
-0.194101
-0.194130
-0.194159
-0.194188
-0.194188
-0.194217
-0.194246
-0.194275
-0.194303
-0.194332
-0.194361
-0.194390
-0.194418
-0.194447
-0.194476
-0.194505
-0.194533
-0.194562
-0.194590
-0.194619
-0.194648
-0.194676
-0.194705
-0.194733
-0.194762
-0.194790
-0.194819
-0.194847
-0.194876
-0.194904
-0.194932
-0.194961
-0.194989
-0.195018
-0.195046
-0.195074
-0.195102
-0.195131
-0.195159
-0.195187
-0.195215
-0.195244
-0.195272
-0.195300
-0.195328
-0.195356
-0.195384
-0.195412
-0.195440
-0.195469
-0.195497
-0.195525
-0.195553
-0.195581
-0.195608
-0.195636
-0.195664
-0.195692
-0.195720
-0.195748
-0.195776
-0.195804
-0.195831
-0.195859
-0.195887
-0.195915
-0.195942
-0.195970
-0.195998
-0.196026
-0.196053
-0.196081
-0.196108
-0.196136
-0.196164
-0.196191
-0.196219
-0.196246
-0.196274
-0.196301
-0.196329
-0.196356
-0.196383
-0.196411
-0.196438
-0.196466
-0.196493
-0.196520
-0.196547
-0.196575
-0.196602
-0.196629
-0.196656
-0.196684
-0.196711
-0.196738
-0.196765
-0.196792
-0.196819
-0.196846
-0.196873
-0.196901
-0.196928
-0.196955
-0.196982
-0.197008
-0.197035
-0.197062
-0.197089
-0.197116
-0.197143
-0.197170
-0.197197
-0.197223
-0.197250
-0.197277
-0.197304
-0.197330
-0.197357
-0.197384
-0.197410
-0.197437
-0.197464
-0.197490
-0.197517
-0.197543
-0.197570
-0.197596
-0.197623
-0.197649
-0.197676
-0.197702
-0.197729
-0.197755
-0.197781
-0.197808
-0.197834
-0.197860
-0.197887
-0.197913
-0.197939
-0.197965
-0.197992
-0.198018
-0.198044
-0.198070
-0.198096
-0.198122
-0.198148
-0.198174
-0.198200
-0.198226
-0.198252
-0.198278
-0.198304
-0.198330
-0.198356
-0.198382
-0.198408
-0.198434
-0.198460
-0.198485
-0.198511
-0.198537
-0.198563
-0.198588
-0.198614
-0.198640
-0.198665
-0.198691
-0.198717
-0.198742
-0.198768
-0.198793
-0.198819
-0.198844
-0.198870
-0.198895
-0.198921
-0.198946
-0.198972
-0.198997
-0.199022
-0.199048
-0.199073
-0.199098
-0.199123
-0.199149
-0.199174
-0.199199
-0.199224
-0.199250
-0.199275
-0.199300
-0.199325
-0.199350
-0.199375
-0.199400
-0.199425
-0.199450
-0.199475
-0.199500
-0.199525
-0.199550
-0.199575
-0.199600
-0.199624
-0.199649
-0.199674
-0.199699
-0.199724
-0.199748
-0.199773
-0.199798
-0.199822
-0.199847
-0.199872
-0.199896
-0.199921
-0.199945
-0.199970
-0.199994
-0.200019
-0.200043
-0.200068
-0.200092
-0.200117
-0.200141
-0.200165
-0.200190
-0.200214
-0.200238
-0.200263
-0.200287
-0.200311
-0.200335
-0.200360
-0.200384
-0.200408
-0.200432
-0.200456
-0.200480
-0.200504
-0.200528
-0.200552
-0.200576
-0.200600
-0.200624
-0.200648
-0.200672
-0.200696
-0.200720
-0.200744
-0.200768
-0.200791
-0.200815
-0.200839
-0.200863
-0.200886
-0.200910
-0.200934
-0.200957
-0.200981
-0.201005
-0.201028
-0.201052
-0.201075
-0.201099
-0.201122
-0.201146
-0.201169
-0.201193
-0.201216
-0.201240
-0.201263
-0.201286
-0.201310
-0.201333
-0.201356
-0.201379
-0.201403
-0.201426
-0.201449
-0.201472
-0.201495
-0.201519
-0.201542
-0.201565
-0.201588
-0.201611
-0.201634
-0.201657
-0.201680
-0.201703
-0.201726
-0.201749
-0.201772
-0.201795
-0.201817
-0.201840
-0.201863
-0.201886
-0.201909
-0.201931
-0.201954
-0.201977
-0.202000
-0.202022
-0.202045
-0.202067
-0.202090
-0.202113
-0.202135
-0.202158
-0.202180
-0.202203
-0.202225
-0.202248
-0.202270
-0.202293
-0.202315
-0.202337
-0.202360
-0.202382
-0.202404
-0.202427
-0.202449
-0.202471
-0.202493
-0.202516
-0.202538
-0.202560
-0.202582
-0.202604
-0.202626
-0.202648
-0.202670
-0.202692
-0.202714
-0.202736
-0.202758
-0.202780
-0.202802
-0.202824
-0.202846
-0.202868
-0.202890
-0.202912
-0.202933
-0.202955
-0.202977
-0.202999
-0.203020
-0.203042
-0.203064
-0.203085
-0.203107
-0.203129
-0.203150
-0.203172
-0.203193
-0.203215
-0.203237
-0.203258
-0.203279
-0.203301
-0.203322
-0.203344
-0.203365
-0.203387
-0.203408
-0.203429
-0.203451
-0.203472
-0.203493
-0.203514
-0.203536
-0.203557
-0.203578
-0.203599
-0.203620
-0.203641
-0.203663
-0.203684
-0.203705
-0.203726
-0.203747
-0.203768
-0.203789
-0.203810
-0.203831
-0.203852
-0.203873
-0.203894
-0.203914
-0.203935
-0.203956
-0.203977
-0.203998
-0.204018
-0.204039
-0.204060
-0.204081
-0.204101
-0.204122
-0.204143
-0.204163
-0.204184
-0.204205
-0.204225
-0.204246
-0.204266
-0.204287
-0.204307
-0.204328
-0.204348
-0.204369
-0.204389
-0.204409
-0.204430
-0.204450
-0.204471
-0.204491
-0.204511
-0.204531
-0.204552
-0.204572
-0.204592
-0.204612
-0.204633
-0.204653
-0.204673
-0.204693
-0.204713
-0.204733
-0.204753
-0.204773
-0.204793
-0.204813
-0.204834
-0.204853
-0.204873
-0.204893
-0.204913
-0.204933
-0.204953
-0.204973
-0.204993
-0.205013
-0.205033
-0.205052
-0.205072
-0.205092
-0.205112
-0.205131
-0.205151
-0.205171
-0.205190
-0.205210
-0.205230
-0.205249
-0.205269
-0.205288
-0.205308
-0.205328
-0.205347
-0.205367
-0.205386
-0.205406
-0.205425
-0.205444
-0.205464
-0.205483
-0.205503
-0.205522
-0.205541
-0.205561
-0.205580
-0.205599
-0.205618
-0.205638
-0.205657
-0.205676
-0.205695
-0.205715
-0.205734
-0.205753
-0.205772
-0.205791
-0.205810
-0.205829
-0.205848
-0.205867
-0.205886
-0.205905
-0.205924
-0.205943
-0.205962
-0.205981
-0.206000
-0.206019
-0.206038
-0.206057
-0.206076
-0.206076
-0.206095
-0.206113
-0.206132
-0.206151
-0.206170
-0.206189
-0.206207
-0.206226
-0.206245
-0.206263
-0.206282
-0.206301
-0.206319
-0.206338
-0.206357
-0.206375
-0.206394
-0.206412
-0.206431
-0.206449
-0.206468
-0.206486
-0.206505
-0.206523
-0.206542
-0.206560
-0.206578
-0.206597
-0.206615
-0.206634
-0.206652
-0.206670
-0.206688
-0.206707
-0.206725
-0.206743
-0.206762
-0.206780
-0.206798
-0.206816
-0.206834
-0.206853
-0.206871
-0.206889
-0.206907
-0.206925
-0.206943
-0.206961
-0.206979
-0.206997
-0.207015
-0.207033
-0.207051
-0.207069
-0.207087
-0.207105
-0.207123
-0.207141
-0.207159
-0.207177
-0.207195
-0.207212
-0.207230
-0.207248
-0.207266
-0.207284
-0.207301
-0.207319
-0.207337
-0.207355
-0.207372
-0.207390
-0.207408
-0.207425
-0.207443
-0.207461
-0.207478
-0.207496
-0.207513
-0.207531
-0.207549
-0.207566
-0.207584
-0.207601
-0.207619
-0.207636
-0.207654
-0.207671
-0.207688
-0.207706
-0.207723
-0.207741
-0.207758
-0.207775
-0.207793
-0.207810
-0.207827
-0.207845
-0.207862
-0.207879
-0.207897
-0.207914
-0.207931
-0.207948
-0.207966
-0.207983
-0.208000
-0.208017
-0.208034
-0.208051
-0.208068
-0.208086
-0.208103
-0.208120
-0.208137
-0.208154
-0.208171
-0.208188
-0.208205
-0.208222
-0.208239
-0.208256
-0.208273
-0.208290
-0.208307
-0.208324
-0.208341
-0.208357
-0.208374
-0.208391
-0.208408
-0.208425
-0.208442
-0.208458
-0.208475
-0.208492
-0.208509
-0.208526
-0.208542
-0.208559
-0.208576
-0.208592
-0.208609
-0.208626
-0.208642
-0.208659
-0.208676
-0.208692
-0.208709
-0.208725
-0.208742
-0.208759
-0.208775
-0.208792
-0.208808
-0.208825
-0.208841
-0.208858
-0.208874
-0.208891
-0.208907
-0.208924
-0.208940
-0.208956
-0.208973
-0.208989
-0.209006
-0.209022
-0.209038
-0.209055
-0.209071
-0.209087
-0.209103
-0.209120
-0.209136
-0.209152
-0.209169
-0.209185
-0.209201
-0.209217
-0.209233
-0.209250
-0.209266
-0.209282
-0.209298
-0.209314
-0.209330
-0.209346
-0.209363
-0.209379
-0.209395
-0.209411
-0.209427
-0.209443
-0.209459
-0.209475
-0.209491
-0.209507
-0.209523
-0.209539
-0.209555
-0.209571
-0.209587
-0.209603
-0.209618
-0.209634
-0.209650
-0.209666
-0.209682
-0.209698
-0.209714
-0.209729
-0.209745
-0.209761
-0.209777
-0.209793
-0.209808
-0.209824
-0.209840
-0.209856
-0.209871
-0.209887
-0.209903
-0.209918
-0.209934
-0.209950
-0.209965
-0.209981
-0.209997
-0.210012
-0.210028
-0.210043
-0.210059
-0.210075
-0.210090
-0.210106
-0.210121
-0.210137
-0.210152
-0.210168
-0.210183
-0.210199
-0.210214
-0.210230
-0.210245
-0.210260
-0.210276
-0.210291
-0.210307
-0.210322
-0.210338
-0.210353
-0.210368
-0.210384
-0.210399
-0.210414
-0.210430
-0.210445
-0.210460
-0.210475
-0.210491
-0.210506
-0.210521
-0.210536
-0.210552
-0.210567
-0.210582
-0.210597
-0.210612
-0.210628
-0.210643
-0.210658
-0.210673
-0.210688
-0.210703
-0.210718
-0.210734
-0.210749
-0.210764
-0.210779
-0.210794
-0.210809
-0.210824
-0.210839
-0.210854
-0.210869
-0.210884
-0.210899
-0.210914
-0.210929
-0.210944
-0.210959
-0.210974
-0.210989
-0.211004
-0.211018
-0.211033
-0.211048
-0.211063
-0.211078
-0.211093
-0.211108
-0.211123
-0.211137
-0.211152
-0.211167
-0.211182
-0.211197
-0.211211
-0.211226
-0.211241
-0.211256
-0.211270
-0.211285
-0.211300
-0.211314
-0.211329
-0.211344
-0.211359
-0.211373
-0.211388
-0.211402
-0.211417
-0.211432
-0.211446
-0.211461
-0.211476
-0.211490
-0.211505
-0.211519
-0.211534
-0.211548
-0.211563
-0.211577
-0.211592
-0.211607
-0.211621
-0.211635
-0.211650
-0.211664
-0.211679
-0.211693
-0.211708
-0.211722
-0.211737
-0.211751
-0.211765
-0.211780
-0.211794
-0.211809
-0.211823
-0.211837
-0.211852
-0.211866
-0.211880
-0.211895
-0.211909
-0.211923
-0.211938
-0.211952
-0.211966
-0.211980
-0.211995
-0.212009
-0.212023
-0.212037
-0.212052
-0.212066
-0.212080
-0.212094
-0.212108
-0.212123
-0.212137
-0.212151
-0.212165
-0.212179
-0.212193
-0.212207
-0.212222
-0.212236
-0.212250
-0.212264
-0.212278
-0.212292
-0.212306
-0.212320
-0.212334
-0.212348
-0.212362
-0.212376
-0.212390
-0.212404
-0.212418
-0.212432
-0.212446
-0.212460
-0.212474
-0.212488
-0.212502
-0.212516
-0.212530
-0.212544
-0.212558
-0.212572
-0.212585
-0.212599
-0.212613
-0.212627
-0.212641
-0.212655
-0.212669
-0.212682
-0.212696
-0.212710
-0.212724
-0.212738
-0.212751
-0.212765
-0.212779
-0.212793
-0.212806
-0.212820
-0.212834
-0.212848
-0.212861
-0.212875
-0.212889
-0.212902
-0.212916
-0.212930
-0.212943
-0.212957
-0.212971
-0.212984
-0.212998
-0.213012
-0.213025
-0.213039
-0.213052
-0.213066
-0.213080
-0.213093
-0.213107
-0.213120
-0.213134
-0.213147
-0.213161
-0.213174
-0.213188
-0.213201
-0.213215
-0.213228
-0.213242
-0.213255
-0.213269
-0.213282
-0.213296
-0.213309
-0.213323
-0.213336
-0.213349
-0.213363
-0.213376
-0.213390
-0.213403
-0.213416
-0.213430
-0.213443
-0.213456
-0.213470
-0.213483
-0.213496
-0.213510
-0.213523
-0.213536
-0.213550
-0.213563
-0.213576
-0.213590
-0.213603
-0.213616
-0.213629
-0.213643
-0.213656
-0.213669
-0.213682
-0.213695
-0.213709
-0.213722
-0.213735
-0.213748
-0.213761
-0.213775
-0.213788
-0.213801
-0.213814
-0.213827
-0.213840
-0.213853
-0.213853
-0.213866
-0.213880
-0.213893
-0.213906
-0.213919
-0.213932
-0.213945
-0.213958
-0.213971
-0.213984
-0.213997
-0.214010
-0.214023
-0.214036
-0.214049
-0.214062
-0.214075
-0.214088
-0.214101
-0.214114
-0.214127
-0.214140
-0.214153
-0.214166
-0.214179
-0.214192
-0.214205
-0.214217
-0.214230
-0.214243
-0.214256
-0.214269
-0.214282
-0.214295
-0.214308
-0.214320
-0.214333
-0.214346
-0.214359
-0.214372
-0.214385
-0.214397
-0.214410
-0.214423
-0.214436
-0.214448
-0.214461
-0.214474
-0.214487
-0.214499
-0.214512
-0.214525
-0.214538
-0.214550
-0.214563
-0.214576
-0.214588
-0.214601
-0.214614
-0.214626
-0.214639
-0.214652
-0.214664
-0.214677
-0.214690
-0.214702
-0.214715
-0.214728
-0.214740
-0.214753
-0.214765
-0.214778
-0.214791
-0.214803
-0.214816
-0.214828
-0.214841
-0.214853
-0.214866
-0.214878
-0.214891
-0.214903
-0.214916
-0.214928
-0.214941
-0.214953
-0.214966
-0.214978
-0.214991
-0.215003
-0.215016
-0.215028
-0.215041
-0.215053
-0.215065
-0.215078
-0.215090
-0.215103
-0.215115
-0.215127
-0.215140
-0.215152
-0.215164
-0.215177
-0.215189
-0.215201
-0.215214
-0.215226
-0.215238
-0.215251
-0.215263
-0.215275
-0.215288
-0.215300
-0.215312
-0.215325
-0.215337
-0.215349
-0.215361
-0.215374
-0.215386
-0.215398
-0.215410
-0.215422
-0.215435
-0.215447
-0.215459
-0.215471
-0.215483
-0.215496
-0.215508
-0.215520
-0.215532
-0.215544
-0.215556
-0.215569
-0.215581
-0.215593
-0.215605
-0.215617
-0.215629
-0.215641
-0.215653
-0.215665
-0.215677
-0.215690
-0.215702
-0.215714
-0.215726
-0.215738
-0.215750
-0.215762
-0.215774
-0.215786
-0.215798
-0.215810
-0.215822
-0.215834
-0.215846
-0.215858
-0.215870
-0.215882
-0.215894
-0.215906
-0.215918
-0.215930
-0.215941
-0.215953
-0.215965
-0.215977
-0.215989
-0.216001
-0.216013
-0.216025
-0.216037
-0.216049
-0.216060
-0.216072
-0.216084
-0.216096
-0.216108
-0.216120
-0.216131
-0.216143
-0.216155
-0.216167
-0.216179
-0.216190
-0.216202
-0.216214
-0.216226
-0.216238
-0.216249
-0.216261
-0.216273
-0.216285
-0.216296
-0.216308
-0.216320
-0.216331
-0.216343
-0.216355
-0.216367
-0.216378
-0.216390
-0.216402
-0.216413
-0.216425
-0.216437
-0.216448
-0.216460
-0.216472
-0.216483
-0.216495
-0.216506
-0.216518
-0.216530
-0.216541
-0.216553
-0.216564
-0.216576
-0.216588
-0.216599
-0.216611
-0.216622
-0.216634
-0.216645
-0.216657
-0.216668
-0.216680
-0.216691
-0.216703
-0.216714
-0.216726
-0.216737
-0.216749
-0.216760
-0.216772
-0.216783
-0.216795
-0.216806
-0.216818
-0.216829
-0.216841
-0.216852
-0.216864
-0.216875
-0.216886
-0.216898
-0.216909
-0.216921
-0.216932
-0.216943
-0.216955
-0.216966
-0.216977
-0.216989
-0.217000
-0.217011
-0.217023
-0.217034
-0.217045
-0.217057
-0.217068
-0.217079
-0.217091
-0.217102
-0.217113
-0.217125
-0.217136
-0.217147
-0.217158
-0.217170
-0.217181
-0.217192
-0.217203
-0.217215
-0.217226
-0.217237
-0.217248
-0.217260
-0.217271
-0.217282
-0.217293
-0.217304
-0.217315
-0.217327
-0.217338
-0.217349
-0.217360
-0.217371
-0.217382
-0.217394
-0.217405
-0.217416
-0.217427
-0.217438
-0.217449
-0.217460
-0.217471
-0.217482
-0.217494
-0.217505
-0.217516
-0.217527
-0.217538
-0.217549
-0.217560
-0.217571
-0.217582
-0.217593
-0.217604
-0.217615
-0.217626
-0.217637
-0.217648
-0.217659
-0.217670
-0.217681
-0.217692
-0.217703
-0.217714
-0.217725
-0.217736
-0.217747
-0.217758
-0.217769
-0.217780
-0.217791
-0.217802
-0.217812
-0.217823
-0.217834
-0.217845
-0.217856
-0.217867
-0.217878
-0.217889
-0.217900
-0.217910
-0.217921
-0.217932
-0.217943
-0.217954
-0.217965
-0.217975
-0.217986
-0.217997
-0.218008
-0.218019
-0.218029
-0.218040
-0.218051
-0.218062
-0.218073
-0.218083
-0.218094
-0.218105
-0.218116
-0.218126
-0.218137
-0.218148
-0.218159
-0.218169
-0.218180
-0.218191
-0.218201
-0.218212
-0.218223
-0.218234
-0.218244
-0.218255
-0.218266
-0.218276
-0.218287
-0.218298
-0.218308
-0.218319
-0.218329
-0.218340
-0.218351
-0.218361
-0.218372
-0.218383
-0.218393
-0.218404
-0.218414
-0.218425
-0.218436
-0.218446
-0.218457
-0.218467
-0.218478
-0.218488
-0.218499
-0.218509
-0.218520
-0.218531
-0.218541
-0.218552
-0.218562
-0.218573
-0.218583
-0.218594
-0.218604
-0.218615
-0.218625
-0.218636
-0.218646
-0.218656
-0.218667
-0.218677
-0.218688
-0.218698
-0.218709
-0.218719
-0.218730
-0.218740
-0.218750
-0.218761
-0.218771
-0.218782
-0.218792
-0.218802
-0.218813
-0.218823
-0.218833
-0.218844
-0.218854
-0.218865
-0.218875
-0.218885
-0.218896
-0.218906
-0.218916
-0.218927
-0.218937
-0.218947
-0.218957
-0.218968
-0.218978
-0.218988
-0.218999
-0.219009
-0.219019
-0.219029
-0.219040
-0.219050
-0.219060
-0.219070
-0.219081
-0.219091
-0.219101
-0.219111
-0.219122
-0.219132
-0.219142
-0.219152
-0.219162
-0.219173
-0.219183
-0.219193
-0.219203
-0.219213
-0.219223
-0.219234
-0.219244
-0.219254
-0.219264
-0.219274
-0.219284
-0.219294
-0.219305
-0.219315
-0.219325
-0.219335
-0.219345
-0.219355
-0.219365
-0.219375
-0.219385
-0.219395
-0.219405
-0.219416
-0.219426
-0.219436
-0.219446
-0.219456
-0.219466
-0.219476
-0.219486
-0.219496
-0.219506
-0.219516
-0.219526
-0.219536
-0.219546
-0.219556
-0.219566
-0.219566
-0.219576
-0.219586
-0.219596
-0.219606
-0.219616
-0.219626
-0.219636
-0.219646
-0.219655
-0.219665
-0.219675
-0.219685
-0.219695
-0.219705
-0.219715
-0.219725
-0.219735
-0.219745
-0.219755
-0.219764
-0.219774
-0.219784
-0.219794
-0.219804
-0.219814
-0.219824
-0.219833
-0.219843
-0.219853
-0.219863
-0.219873
-0.219883
-0.219892
-0.219902
-0.219912
-0.219922
-0.219932
-0.219941
-0.219951
-0.219961
-0.219971
-0.219980
-0.219990
-0.220000
-0.220010
-0.220019
-0.220029
-0.220039
-0.220049
-0.220058
-0.220068
-0.220078
-0.220087
-0.220097
-0.220107
-0.220117
-0.220126
-0.220136
-0.220146
-0.220155
-0.220165
-0.220175
-0.220184
-0.220194
-0.220204
-0.220213
-0.220223
-0.220232
-0.220242
-0.220252
-0.220261
-0.220271
-0.220281
-0.220290
-0.220300
-0.220309
-0.220319
-0.220328
-0.220338
-0.220348
-0.220357
-0.220367
-0.220376
-0.220386
-0.220395
-0.220405
-0.220414
-0.220424
-0.220434
-0.220443
-0.220453
-0.220462
-0.220472
-0.220481
-0.220491
-0.220500
-0.220510
-0.220519
-0.220529
-0.220538
-0.220547
-0.220557
-0.220566
-0.220576
-0.220585
-0.220595
-0.220604
-0.220614
-0.220623
-0.220632
-0.220642
-0.220651
-0.220661
-0.220670
-0.220679
-0.220689
-0.220698
-0.220708
-0.220717
-0.220726
-0.220736
-0.220745
-0.220754
-0.220764
-0.220773
-0.220782
-0.220792
-0.220801
-0.220810
-0.220820
-0.220829
-0.220838
-0.220848
-0.220857
-0.220866
-0.220876
-0.220885
-0.220894
-0.220903
-0.220913
-0.220922
-0.220931
-0.220941
-0.220950
-0.220959
-0.220968
-0.220978
-0.220987
-0.220996
-0.221005
-0.221014
-0.221024
-0.221033
-0.221042
-0.221051
-0.221060
-0.221070
-0.221079
-0.221088
-0.221097
-0.221106
-0.221116
-0.221125
-0.221134
-0.221143
-0.221152
-0.221161
-0.221170
-0.221180
-0.221189
-0.221198
-0.221207
-0.221216
-0.221225
-0.221234
-0.221243
-0.221252
-0.221262
-0.221271
-0.221280
-0.221289
-0.221298
-0.221307
-0.221316
-0.221325
-0.221334
-0.221343
-0.221352
-0.221361
-0.221370
-0.221379
-0.221388
-0.221397
-0.221406
-0.221415
-0.221424
-0.221433
-0.221442
-0.221451
-0.221460
-0.221469
-0.221478
-0.221487
-0.221496
-0.221505
-0.221514
-0.221523
-0.221532
-0.221541
-0.221550
-0.221559
-0.221568
-0.221577
-0.221586
-0.221595
-0.221604
-0.221612
-0.221621
-0.221630
-0.221639
-0.221648
-0.221657
-0.221666
-0.221675
-0.221684
-0.221692
-0.221701
-0.221710
-0.221719
-0.221728
-0.221737
-0.221745
-0.221754
-0.221763
-0.221772
-0.221781
-0.221790
-0.221798
-0.221807
-0.221816
-0.221825
-0.221834
-0.221842
-0.221851
-0.221860
-0.221869
-0.221878
-0.221886
-0.221895
-0.221904
-0.221913
-0.221921
-0.221930
-0.221939
-0.221947
-0.221956
-0.221965
-0.221974
-0.221982
-0.221991
-0.222000
-0.222008
-0.222017
-0.222026
-0.222035
-0.222043
-0.222052
-0.222061
-0.222069
-0.222078
-0.222087
-0.222095
-0.222104
-0.222113
-0.222121
-0.222130
-0.222138
-0.222147
-0.222156
-0.222164
-0.222173
-0.222182
-0.222190
-0.222199
-0.222207
-0.222216
-0.222225
-0.222233
-0.222242
-0.222250
-0.222259
-0.222267
-0.222276
-0.222285
-0.222293
-0.222302
-0.222310
-0.222319
-0.222327
-0.222336
-0.222344
-0.222353
-0.222361
-0.222370
-0.222378
-0.222387
-0.222395
-0.222404
-0.222412
-0.222421
-0.222429
-0.222438
-0.222446
-0.222455
-0.222463
-0.222472
-0.222480
-0.222489
-0.222497
-0.222505
-0.222514
-0.222522
-0.222531
-0.222539
-0.222548
-0.222556
-0.222564
-0.222573
-0.222581
-0.222590
-0.222598
-0.222606
-0.222615
-0.222623
-0.222631
-0.222640
-0.222648
-0.222657
-0.222665
-0.222673
-0.222682
-0.222690
-0.222698
-0.222707
-0.222715
-0.222723
-0.222732
-0.222740
-0.222748
-0.222757
-0.222765
-0.222773
-0.222781
-0.222790
-0.222798
-0.222806
-0.222815
-0.222823
-0.222831
-0.222839
-0.222848
-0.222856
-0.222864
-0.222872
-0.222881
-0.222889
-0.222897
-0.222905
-0.222914
-0.222922
-0.222930
-0.222938
-0.222946
-0.222955
-0.222963
-0.222971
-0.222979
-0.222987
-0.222996
-0.223004
-0.223012
-0.223020
-0.223028
-0.223037
-0.223045
-0.223053
-0.223061
-0.223069
-0.223077
-0.223085
-0.223094
-0.223102
-0.223110
-0.223118
-0.223126
-0.223134
-0.223142
-0.223150
-0.223158
-0.223167
-0.223175
-0.223183
-0.223191
-0.223199
-0.223207
-0.223215
-0.223223
-0.223231
-0.223239
-0.223247
-0.223255
-0.223263
-0.223271
-0.223279
-0.223287
-0.223295
-0.223304
-0.223312
-0.223320
-0.223328
-0.223336
-0.223344
-0.223352
-0.223360
-0.223368
-0.223376
-0.223384
-0.223392
-0.223399
-0.223407
-0.223415
-0.223423
-0.223431
-0.223439
-0.223447
-0.223455
-0.223463
-0.223471
-0.223479
-0.223487
-0.223495
-0.223503
-0.223511
-0.223519
-0.223526
-0.223534
-0.223542
-0.223550
-0.223558
-0.223566
-0.223574
-0.223582
-0.223590
-0.223597
-0.223605
-0.223613
-0.223621
-0.223629
-0.223637
-0.223645
-0.223652
-0.223660
-0.223668
-0.223676
-0.223684
-0.223692
-0.223699
-0.223707
-0.223715
-0.223723
-0.223731
-0.223738
-0.223746
-0.223754
-0.223762
-0.223770
-0.223777
-0.223785
-0.223793
-0.223801
-0.223808
-0.223816
-0.223824
-0.223832
-0.223839
-0.223847
-0.223855
-0.223863
-0.223870
-0.223878
-0.223886
-0.223894
-0.223901
-0.223909
-0.223917
-0.223924
-0.223932
-0.223940
-0.223947
-0.223947
-0.223955
-0.223963
-0.223970
-0.223978
-0.223986
-0.223993
-0.224001
-0.224009
-0.224016
-0.224024
-0.224032
-0.224039
-0.224047
-0.224055
-0.224062
-0.224070
-0.224077
-0.224085
-0.224093
-0.224100
-0.224108
-0.224116
-0.224123
-0.224131
-0.224138
-0.224146
-0.224153
-0.224161
-0.224169
-0.224176
-0.224184
-0.224191
-0.224199
-0.224206
-0.224214
-0.224222
-0.224229
-0.224237
-0.224244
-0.224252
-0.224259
-0.224267
-0.224274
-0.224282
-0.224289
-0.224297
-0.224304
-0.224312
-0.224319
-0.224327
-0.224334
-0.224342
-0.224349
-0.224357
-0.224364
-0.224372
-0.224379
-0.224387
-0.224394
-0.224401
-0.224409
-0.224416
-0.224424
-0.224431
-0.224439
-0.224446
-0.224453
-0.224461
-0.224468
-0.224476
-0.224483
-0.224491
-0.224498
-0.224505
-0.224513
-0.224520
-0.224527
-0.224535
-0.224542
-0.224550
-0.224557
-0.224564
-0.224572
-0.224579
-0.224586
-0.224594
-0.224601
-0.224608
-0.224616
-0.224623
-0.224630
-0.224638
-0.224645
-0.224652
-0.224660
-0.224667
-0.224674
-0.224682
-0.224689
-0.224696
-0.224704
-0.224711
-0.224718
-0.224725
-0.224733
-0.224740
-0.224747
-0.224755
-0.224762
-0.224769
-0.224776
-0.224784
-0.224791
-0.224798
-0.224805
-0.224812
-0.224820
-0.224827
-0.224834
-0.224841
-0.224849
-0.224856
-0.224863
-0.224870
-0.224877
-0.224885
-0.224892
-0.224899
-0.224906
-0.224913
-0.224921
-0.224928
-0.224935
-0.224942
-0.224949
-0.224956
-0.224964
-0.224971
-0.224978
-0.224985
-0.224992
-0.224999
-0.225006
-0.225014
-0.225021
-0.225028
-0.225035
-0.225042
-0.225049
-0.225056
-0.225063
-0.225070
-0.225078
-0.225085
-0.225092
-0.225099
-0.225106
-0.225113
-0.225120
-0.225127
-0.225134
-0.225141
-0.225148
-0.225155
-0.225162
-0.225170
-0.225177
-0.225184
-0.225191
-0.225198
-0.225205
-0.225212
-0.225219
-0.225226
-0.225233
-0.225240
-0.225247
-0.225254
-0.225261
-0.225268
-0.225275
-0.225282
-0.225289
-0.225296
-0.225303
-0.225310
-0.225317
-0.225324
-0.225331
-0.225338
-0.225345
-0.225352
-0.225358
-0.225365
-0.225372
-0.225379
-0.225386
-0.225393
-0.225400
-0.225407
-0.225414
-0.225421
-0.225428
-0.225435
-0.225442
-0.225448
-0.225455
-0.225462
-0.225469
-0.225476
-0.225483
-0.225490
-0.225497
-0.225504
-0.225510
-0.225517
-0.225524
-0.225531
-0.225538
-0.225545
-0.225552
-0.225558
-0.225565
-0.225572
-0.225579
-0.225586
-0.225593
-0.225599
-0.225606
-0.225613
-0.225620
-0.225627
-0.225634
-0.225640
-0.225647
-0.225654
-0.225661
-0.225668
-0.225674
-0.225681
-0.225688
-0.225695
-0.225701
-0.225708
-0.225715
-0.225722
-0.225728
-0.225735
-0.225742
-0.225749
-0.225755
-0.225762
-0.225769
-0.225776
-0.225782
-0.225789
-0.225796
-0.225803
-0.225809
-0.225816
-0.225823
-0.225829
-0.225836
-0.225843
-0.225849
-0.225856
-0.225863
-0.225870
-0.225876
-0.225883
-0.225890
-0.225896
-0.225903
-0.225910
-0.225916
-0.225923
-0.225930
-0.225936
-0.225943
-0.225949
-0.225956
-0.225963
-0.225969
-0.225976
-0.225983
-0.225989
-0.225996
-0.226002
-0.226009
-0.226016
-0.226022
-0.226029
-0.226035
-0.226042
-0.226049
-0.226055
-0.226062
-0.226068
-0.226075
-0.226082
-0.226088
-0.226095
-0.226101
-0.226108
-0.226114
-0.226121
-0.226127
-0.226134
-0.226141
-0.226147
-0.226154
-0.226160
-0.226167
-0.226173
-0.226180
-0.226186
-0.226193
-0.226199
-0.226206
-0.226212
-0.226219
-0.226225
-0.226232
-0.226238
-0.226245
-0.226251
-0.226258
-0.226264
-0.226271
-0.226277
-0.226284
-0.226290
-0.226297
-0.226303
-0.226309
-0.226316
-0.226322
-0.226329
-0.226335
-0.226342
-0.226348
-0.226354
-0.226361
-0.226367
-0.226374
-0.226380
-0.226387
-0.226393
-0.226399
-0.226406
-0.226412
-0.226419
-0.226425
-0.226431
-0.226438
-0.226444
-0.226451
-0.226457
-0.226463
-0.226470
-0.226476
-0.226482
-0.226489
-0.226495
-0.226501
-0.226508
-0.226514
-0.226520
-0.226527
-0.226533
-0.226539
-0.226546
-0.226552
-0.226558
-0.226565
-0.226571
-0.226577
-0.226584
-0.226590
-0.226596
-0.226603
-0.226609
-0.226615
-0.226621
-0.226628
-0.226634
-0.226640
-0.226647
-0.226653
-0.226659
-0.226665
-0.226672
-0.226678
-0.226684
-0.226690
-0.226697
-0.226703
-0.226709
-0.226715
-0.226722
-0.226728
-0.226734
-0.226740
-0.226747
-0.226753
-0.226759
-0.226765
-0.226771
-0.226778
-0.226784
-0.226790
-0.226796
-0.226802
-0.226809
-0.226815
-0.226821
-0.226827
-0.226833
-0.226840
-0.226846
-0.226852
-0.226858
-0.226864
-0.226870
-0.226876
-0.226883
-0.226889
-0.226895
-0.226901
-0.226907
-0.226913
-0.226919
-0.226926
-0.226932
-0.226938
-0.226944
-0.226950
-0.226956
-0.226962
-0.226968
-0.226975
-0.226981
-0.226987
-0.226993
-0.226999
-0.227005
-0.227011
-0.227017
-0.227023
-0.227029
-0.227035
-0.227041
-0.227048
-0.227054
-0.227060
-0.227066
-0.227072
-0.227078
-0.227084
-0.227090
-0.227096
-0.227102
-0.227108
-0.227114
-0.227120
-0.227126
-0.227132
-0.227138
-0.227144
-0.227150
-0.227156
-0.227162
-0.227168
-0.227174
-0.227180
-0.227186
-0.227192
-0.227198
-0.227204
-0.227210
-0.227216
-0.227222
-0.227228
-0.227234
-0.227240
-0.227246
-0.227252
-0.227258
-0.227264
-0.227270
-0.227276
-0.227282
-0.227287
-0.227293
-0.227299
-0.227305
-0.227311
-0.227317
-0.227323
-0.227323
-0.227329
-0.227335
-0.227341
-0.227347
-0.227353
-0.227359
-0.227364
-0.227370
-0.227376
-0.227382
-0.227388
-0.227394
-0.227400
-0.227406
-0.227411
-0.227417
-0.227423
-0.227429
-0.227435
-0.227441
-0.227447
-0.227452
-0.227458
-0.227464
-0.227470
-0.227476
-0.227482
-0.227488
-0.227493
-0.227499
-0.227505
-0.227511
-0.227517
-0.227522
-0.227528
-0.227534
-0.227540
-0.227546
-0.227551
-0.227557
-0.227563
-0.227569
-0.227575
-0.227580
-0.227586
-0.227592
-0.227598
-0.227604
-0.227609
-0.227615
-0.227621
-0.227627
-0.227632
-0.227638
-0.227644
-0.227650
-0.227655
-0.227661
-0.227667
-0.227673
-0.227678
-0.227684
-0.227690
-0.227695
-0.227701
-0.227707
-0.227713
-0.227718
-0.227724
-0.227730
-0.227735
-0.227741
-0.227747
-0.227753
-0.227758
-0.227764
-0.227770
-0.227775
-0.227781
-0.227787
-0.227792
-0.227798
-0.227804
-0.227809
-0.227815
-0.227821
-0.227826
-0.227832
-0.227838
-0.227843
-0.227849
-0.227854
-0.227860
-0.227866
-0.227871
-0.227877
-0.227883
-0.227888
-0.227894
-0.227899
-0.227905
-0.227911
-0.227916
-0.227922
-0.227927
-0.227933
-0.227939
-0.227944
-0.227950
-0.227955
-0.227961
-0.227967
-0.227972
-0.227978
-0.227983
-0.227989
-0.227994
-0.228000
-0.228006
-0.228011
-0.228017
-0.228022
-0.228028
-0.228033
-0.228039
-0.228044
-0.228050
-0.228055
-0.228061
-0.228067
-0.228072
-0.228078
-0.228083
-0.228089
-0.228094
-0.228100
-0.228105
-0.228111
-0.228116
-0.228122
-0.228127
-0.228133
-0.228138
-0.228144
-0.228149
-0.228155
-0.228160
-0.228165
-0.228171
-0.228176
-0.228182
-0.228187
-0.228193
-0.228198
-0.228204
-0.228209
-0.228215
-0.228220
-0.228226
-0.228231
-0.228236
-0.228242
-0.228247
-0.228253
-0.228258
-0.228264
-0.228269
-0.228274
-0.228280
-0.228285
-0.228291
-0.228296
-0.228301
-0.228307
-0.228312
-0.228318
-0.228323
-0.228328
-0.228334
-0.228339
-0.228344
-0.228350
-0.228355
-0.228361
-0.228366
-0.228371
-0.228377
-0.228382
-0.228387
-0.228393
-0.228398
-0.228403
-0.228409
-0.228414
-0.228419
-0.228425
-0.228430
-0.228435
-0.228441
-0.228446
-0.228451
-0.228457
-0.228462
-0.228467
-0.228473
-0.228478
-0.228483
-0.228489
-0.228494
-0.228499
-0.228504
-0.228510
-0.228515
-0.228520
-0.228526
-0.228531
-0.228536
-0.228541
-0.228547
-0.228552
-0.228557
-0.228563
-0.228568
-0.228573
-0.228578
-0.228584
-0.228589
-0.228594
-0.228599
-0.228605
-0.228610
-0.228615
-0.228620
-0.228625
-0.228631
-0.228636
-0.228641
-0.228646
-0.228652
-0.228657
-0.228662
-0.228667
-0.228672
-0.228678
-0.228683
-0.228688
-0.228693
-0.228698
-0.228704
-0.228709
-0.228714
-0.228719
-0.228724
-0.228729
-0.228735
-0.228740
-0.228745
-0.228750
-0.228755
-0.228760
-0.228766
-0.228771
-0.228776
-0.228781
-0.228786
-0.228791
-0.228796
-0.228802
-0.228807
-0.228812
-0.228817
-0.228822
-0.228827
-0.228832
-0.228837
-0.228843
-0.228848
-0.228853
-0.228858
-0.228863
-0.228868
-0.228873
-0.228878
-0.228883
-0.228888
-0.228893
-0.228899
-0.228904
-0.228909
-0.228914
-0.228919
-0.228924
-0.228929
-0.228934
-0.228939
-0.228944
-0.228949
-0.228954
-0.228959
-0.228964
-0.228969
-0.228974
-0.228980
-0.228985
-0.228990
-0.228995
-0.229000
-0.229005
-0.229010
-0.229015
-0.229020
-0.229025
-0.229030
-0.229035
-0.229040
-0.229045
-0.229050
-0.229055
-0.229060
-0.229065
-0.229070
-0.229075
-0.229080
-0.229085
-0.229090
-0.229095
-0.229100
-0.229105
-0.229110
-0.229115
-0.229120
-0.229124
-0.229129
-0.229134
-0.229139
-0.229144
-0.229149
-0.229154
-0.229159
-0.229164
-0.229169
-0.229174
-0.229179
-0.229184
-0.229189
-0.229194
-0.229199
-0.229203
-0.229208
-0.229213
-0.229218
-0.229223
-0.229228
-0.229233
-0.229238
-0.229243
-0.229248
-0.229253
-0.229257
-0.229262
-0.229267
-0.229272
-0.229277
-0.229282
-0.229287
-0.229292
-0.229296
-0.229301
-0.229306
-0.229311
-0.229316
-0.229321
-0.229326
-0.229330
-0.229335
-0.229340
-0.229345
-0.229350
-0.229355
-0.229359
-0.229364
-0.229369
-0.229374
-0.229379
-0.229384
-0.229388
-0.229393
-0.229398
-0.229403
-0.229408
-0.229412
-0.229417
-0.229422
-0.229427
-0.229432
-0.229436
-0.229441
-0.229446
-0.229451
-0.229456
-0.229460
-0.229465
-0.229470
-0.229475
-0.229479
-0.229484
-0.229489
-0.229494
-0.229499
-0.229503
-0.229508
-0.229513
-0.229518
-0.229522
-0.229527
-0.229532
-0.229536
-0.229541
-0.229546
-0.229551
-0.229555
-0.229560
-0.229565
-0.229570
-0.229574
-0.229579
-0.229584
-0.229588
-0.229593
-0.229598
-0.229603
-0.229607
-0.229612
-0.229617
-0.229621
-0.229626
-0.229631
-0.229635
-0.229640
-0.229645
-0.229649
-0.229654
-0.229659
-0.229663
-0.229668
-0.229673
-0.229677
-0.229682
-0.229687
-0.229691
-0.229696
-0.229701
-0.229705
-0.229710
-0.229715
-0.229719
-0.229724
-0.229729
-0.229733
-0.229738
-0.229742
-0.229747
-0.229752
-0.229756
-0.229761
-0.229766
-0.229770
-0.229775
-0.229779
-0.229784
-0.229789
-0.229793
-0.229798
-0.229802
-0.229807
-0.229812
-0.229816
-0.229821
-0.229825
-0.229830
-0.229834
-0.229839
-0.229844
-0.229848
-0.229853
-0.229857
-0.229862
-0.229866
-0.229871
-0.229876
-0.229880
-0.229885
-0.229889
-0.229894
-0.229898
-0.229903
-0.229907
-0.229912
-0.229916
-0.229916
-0.229921
-0.229925
-0.229930
-0.229934
-0.229939
-0.229944
-0.229948
-0.229953
-0.229957
-0.229962
-0.229966
-0.229971
-0.229975
-0.229980
-0.229984
-0.229989
-0.229993
-0.229998
-0.230002
-0.230007
-0.230011
-0.230015
-0.230020
-0.230024
-0.230029
-0.230033
-0.230038
-0.230042
-0.230047
-0.230051
-0.230056
-0.230060
-0.230065
-0.230069
-0.230073
-0.230078
-0.230082
-0.230087
-0.230091
-0.230096
-0.230100
-0.230105
-0.230109
-0.230113
-0.230118
-0.230122
-0.230127
-0.230131
-0.230135
-0.230140
-0.230144
-0.230149
-0.230153
-0.230157
-0.230162
-0.230166
-0.230171
-0.230175
-0.230179
-0.230184
-0.230188
-0.230193
-0.230197
-0.230201
-0.230206
-0.230210
-0.230214
-0.230219
-0.230223
-0.230228
-0.230232
-0.230236
-0.230241
-0.230245
-0.230249
-0.230254
-0.230258
-0.230262
-0.230267
-0.230271
-0.230275
-0.230280
-0.230284
-0.230288
-0.230293
-0.230297
-0.230301
-0.230306
-0.230310
-0.230314
-0.230319
-0.230323
-0.230327
-0.230331
-0.230336
-0.230340
-0.230344
-0.230349
-0.230353
-0.230357
-0.230362
-0.230366
-0.230370
-0.230374
-0.230379
-0.230383
-0.230387
-0.230391
-0.230396
-0.230400
-0.230404
-0.230409
-0.230413
-0.230417
-0.230421
-0.230426
-0.230430
-0.230434
-0.230438
-0.230443
-0.230447
-0.230451
-0.230455
-0.230460
-0.230464
-0.230468
-0.230472
-0.230476
-0.230481
-0.230485
-0.230489
-0.230493
-0.230498
-0.230502
-0.230506
-0.230510
-0.230514
-0.230519
-0.230523
-0.230527
-0.230531
-0.230535
-0.230540
-0.230544
-0.230548
-0.230552
-0.230556
-0.230560
-0.230565
-0.230569
-0.230573
-0.230577
-0.230581
-0.230585
-0.230590
-0.230594
-0.230598
-0.230602
-0.230606
-0.230610
-0.230615
-0.230619
-0.230623
-0.230627
-0.230631
-0.230635
-0.230639
-0.230644
-0.230648
-0.230652
-0.230656
-0.230660
-0.230664
-0.230668
-0.230672
-0.230676
-0.230681
-0.230685
-0.230689
-0.230693
-0.230697
-0.230701
-0.230705
-0.230709
-0.230713
-0.230717
-0.230722
-0.230726
-0.230730
-0.230734
-0.230738
-0.230742
-0.230746
-0.230750
-0.230754
-0.230758
-0.230762
-0.230766
-0.230770
-0.230775
-0.230779
-0.230783
-0.230787
-0.230791
-0.230795
-0.230799
-0.230803
-0.230807
-0.230811
-0.230815
-0.230819
-0.230823
-0.230827
-0.230831
-0.230835
-0.230839
-0.230843
-0.230847
-0.230851
-0.230855
-0.230859
-0.230863
-0.230867
-0.230871
-0.230875
-0.230879
-0.230883
-0.230887
-0.230891
-0.230895
-0.230899
-0.230903
-0.230907
-0.230911
-0.230915
-0.230919
-0.230923
-0.230927
-0.230931
-0.230935
-0.230939
-0.230943
-0.230947
-0.230951
-0.230955
-0.230959
-0.230963
-0.230967
-0.230971
-0.230975
-0.230979
-0.230983
-0.230986
-0.230990
-0.230994
-0.230998
-0.231002
-0.231006
-0.231010
-0.231014
-0.231018
-0.231022
-0.231026
-0.231030
-0.231034
-0.231037
-0.231041
-0.231045
-0.231049
-0.231053
-0.231057
-0.231061
-0.231065
-0.231069
-0.231073
-0.231076
-0.231080
-0.231084
-0.231088
-0.231092
-0.231096
-0.231100
-0.231104
-0.231108
-0.231111
-0.231115
-0.231119
-0.231123
-0.231127
-0.231131
-0.231135
-0.231138
-0.231142
-0.231146
-0.231150
-0.231154
-0.231158
-0.231162
-0.231165
-0.231169
-0.231173
-0.231177
-0.231181
-0.231185
-0.231188
-0.231192
-0.231196
-0.231200
-0.231204
-0.231207
-0.231211
-0.231215
-0.231219
-0.231223
-0.231227
-0.231230
-0.231234
-0.231238
-0.231242
-0.231245
-0.231249
-0.231253
-0.231257
-0.231261
-0.231264
-0.231268
-0.231272
-0.231276
-0.231280
-0.231283
-0.231287
-0.231291
-0.231295
-0.231298
-0.231302
-0.231306
-0.231310
-0.231313
-0.231317
-0.231321
-0.231325
-0.231328
-0.231332
-0.231336
-0.231340
-0.231343
-0.231347
-0.231351
-0.231355
-0.231358
-0.231362
-0.231366
-0.231370
-0.231373
-0.231377
-0.231381
-0.231384
-0.231388
-0.231392
-0.231396
-0.231399
-0.231403
-0.231407
-0.231410
-0.231414
-0.231418
-0.231421
-0.231425
-0.231429
-0.231433
-0.231436
-0.231440
-0.231444
-0.231447
-0.231451
-0.231455
-0.231458
-0.231462
-0.231466
-0.231469
-0.231473
-0.231477
-0.231480
-0.231484
-0.231488
-0.231491
-0.231495
-0.231499
-0.231502
-0.231506
-0.231510
-0.231513
-0.231517
-0.231520
-0.231524
-0.231528
-0.231531
-0.231535
-0.231539
-0.231542
-0.231546
-0.231549
-0.231553
-0.231557
-0.231560
-0.231564
-0.231568
-0.231571
-0.231575
-0.231578
-0.231582
-0.231586
-0.231589
-0.231593
-0.231596
-0.231600
-0.231604
-0.231607
-0.231611
-0.231614
-0.231618
-0.231622
-0.231625
-0.231629
-0.231632
-0.231636
-0.231639
-0.231643
-0.231647
-0.231650
-0.231654
-0.231657
-0.231661
-0.231664
-0.231668
-0.231671
-0.231675
-0.231679
-0.231682
-0.231686
-0.231689
-0.231693
-0.231696
-0.231700
-0.231703
-0.231707
-0.231710
-0.231714
-0.231717
-0.231721
-0.231724
-0.231728
-0.231732
-0.231735
-0.231739
-0.231742
-0.231746
-0.231749
-0.231753
-0.231756
-0.231760
-0.231763
-0.231767
-0.231770
-0.231774
-0.231777
-0.231781
-0.231784
-0.231788
-0.231791
-0.231795
-0.231798
-0.231801
-0.231805
-0.231808
-0.231812
-0.231815
-0.231819
-0.231822
-0.231826
-0.231829
-0.231833
-0.231836
-0.231840
-0.231843
-0.231847
-0.231850
-0.231853
-0.231857
-0.231860
-0.231864
-0.231867
-0.231871
-0.231874
-0.231877
-0.231881
-0.231884
-0.231888
-0.231891
-0.231891
-0.231895
-0.231898
-0.231901
-0.231905
-0.231908
-0.231912
-0.231915
-0.231919
-0.231922
-0.231925
-0.231929
-0.231932
-0.231936
-0.231939
-0.231942
-0.231946
-0.231949
-0.231953
-0.231956
-0.231959
-0.231963
-0.231966
-0.231969
-0.231973
-0.231976
-0.231980
-0.231983
-0.231986
-0.231990
-0.231993
-0.231996
-0.232000
-0.232003
-0.232007
-0.232010
-0.232013
-0.232017
-0.232020
-0.232023
-0.232027
-0.232030
-0.232033
-0.232037
-0.232040
-0.232043
-0.232047
-0.232050
-0.232053
-0.232057
-0.232060
-0.232063
-0.232067
-0.232070
-0.232073
-0.232077
-0.232080
-0.232083
-0.232087
-0.232090
-0.232093
-0.232096
-0.232100
-0.232103
-0.232106
-0.232110
-0.232113
-0.232116
-0.232120
-0.232123
-0.232126
-0.232129
-0.232133
-0.232136
-0.232139
-0.232143
-0.232146
-0.232149
-0.232152
-0.232156
-0.232159
-0.232162
-0.232165
-0.232169
-0.232172
-0.232175
-0.232179
-0.232182
-0.232185
-0.232188
-0.232192
-0.232195
-0.232198
-0.232201
-0.232205
-0.232208
-0.232211
-0.232214
-0.232218
-0.232221
-0.232224
-0.232227
-0.232230
-0.232234
-0.232237
-0.232240
-0.232243
-0.232247
-0.232250
-0.232253
-0.232256
-0.232259
-0.232263
-0.232266
-0.232269
-0.232272
-0.232275
-0.232279
-0.232282
-0.232285
-0.232288
-0.232291
-0.232295
-0.232298
-0.232301
-0.232304
-0.232307
-0.232311
-0.232314
-0.232317
-0.232320
-0.232323
-0.232326
-0.232330
-0.232333
-0.232336
-0.232339
-0.232342
-0.232345
-0.232349
-0.232352
-0.232355
-0.232358
-0.232361
-0.232364
-0.232367
-0.232371
-0.232374
-0.232377
-0.232380
-0.232383
-0.232386
-0.232389
-0.232393
-0.232396
-0.232399
-0.232402
-0.232405
-0.232408
-0.232411
-0.232414
-0.232418
-0.232421
-0.232424
-0.232427
-0.232430
-0.232433
-0.232436
-0.232439
-0.232442
-0.232446
-0.232449
-0.232452
-0.232455
-0.232458
-0.232461
-0.232464
-0.232467
-0.232470
-0.232473
-0.232476
-0.232480
-0.232483
-0.232486
-0.232489
-0.232492
-0.232495
-0.232498
-0.232501
-0.232504
-0.232507
-0.232510
-0.232513
-0.232516
-0.232519
-0.232523
-0.232526
-0.232529
-0.232532
-0.232535
-0.232538
-0.232541
-0.232544
-0.232547
-0.232550
-0.232553
-0.232556
-0.232559
-0.232562
-0.232565
-0.232568
-0.232571
-0.232574
-0.232577
-0.232580
-0.232583
-0.232586
-0.232589
-0.232592
-0.232595
-0.232598
-0.232601
-0.232604
-0.232607
-0.232610
-0.232613
-0.232616
-0.232619
-0.232622
-0.232625
-0.232628
-0.232631
-0.232634
-0.232637
-0.232640
-0.232643
-0.232646
-0.232649
-0.232652
-0.232655
-0.232658
-0.232661
-0.232664
-0.232667
-0.232670
-0.232673
-0.232676
-0.232679
-0.232682
-0.232685
-0.232688
-0.232691
-0.232694
-0.232697
-0.232700
-0.232703
-0.232705
-0.232708
-0.232711
-0.232714
-0.232717
-0.232720
-0.232723
-0.232726
-0.232729
-0.232732
-0.232735
-0.232738
-0.232741
-0.232744
-0.232747
-0.232749
-0.232752
-0.232755
-0.232758
-0.232761
-0.232764
-0.232767
-0.232770
-0.232773
-0.232776
-0.232779
-0.232781
-0.232784
-0.232787
-0.232790
-0.232793
-0.232796
-0.232799
-0.232802
-0.232805
-0.232807
-0.232810
-0.232813
-0.232816
-0.232819
-0.232822
-0.232825
-0.232828
-0.232831
-0.232833
-0.232836
-0.232839
-0.232842
-0.232845
-0.232848
-0.232851
-0.232853
-0.232856
-0.232859
-0.232862
-0.232865
-0.232868
-0.232871
-0.232873
-0.232876
-0.232879
-0.232882
-0.232885
-0.232888
-0.232890
-0.232893
-0.232896
-0.232899
-0.232902
-0.232905
-0.232907
-0.232910
-0.232913
-0.232916
-0.232919
-0.232921
-0.232924
-0.232927
-0.232930
-0.232933
-0.232935
-0.232938
-0.232941
-0.232944
-0.232947
-0.232949
-0.232952
-0.232955
-0.232958
-0.232961
-0.232963
-0.232966
-0.232969
-0.232972
-0.232975
-0.232977
-0.232980
-0.232983
-0.232986
-0.232988
-0.232991
-0.232994
-0.232997
-0.233000
-0.233002
-0.233005
-0.233008
-0.233011
-0.233013
-0.233016
-0.233019
-0.233022
-0.233024
-0.233027
-0.233030
-0.233033
-0.233035
-0.233038
-0.233041
-0.233044
-0.233046
-0.233049
-0.233052
-0.233055
-0.233057
-0.233060
-0.233063
-0.233065
-0.233068
-0.233071
-0.233074
-0.233076
-0.233079
-0.233082
-0.233085
-0.233087
-0.233090
-0.233093
-0.233095
-0.233098
-0.233101
-0.233103
-0.233106
-0.233109
-0.233112
-0.233114
-0.233117
-0.233120
-0.233122
-0.233125
-0.233128
-0.233130
-0.233133
-0.233136
-0.233138
-0.233141
-0.233144
-0.233146
-0.233149
-0.233152
-0.233155
-0.233157
-0.233160
-0.233163
-0.233165
-0.233168
-0.233171
-0.233173
-0.233176
-0.233178
-0.233181
-0.233184
-0.233186
-0.233189
-0.233192
-0.233194
-0.233197
-0.233200
-0.233202
-0.233205
-0.233208
-0.233210
-0.233213
-0.233215
-0.233218
-0.233221
-0.233223
-0.233226
-0.233229
-0.233231
-0.233234
-0.233237
-0.233239
-0.233242
-0.233244
-0.233247
-0.233250
-0.233252
-0.233255
-0.233257
-0.233260
-0.233263
-0.233265
-0.233268
-0.233270
-0.233273
-0.233276
-0.233278
-0.233281
-0.233283
-0.233286
-0.233289
-0.233291
-0.233294
-0.233296
-0.233299
-0.233301
-0.233304
-0.233307
-0.233309
-0.233312
-0.233314
-0.233317
-0.233319
-0.233322
-0.233325
-0.233327
-0.233330
-0.233332
-0.233335
-0.233337
-0.233340
-0.233343
-0.233345
-0.233348
-0.233350
-0.233353
-0.233355
-0.233358
-0.233360
-0.233363
-0.233365
-0.233368
-0.233371
-0.233371
