-0.065864
-0.255794
-0.231367
-0.226673
-0.226265
-0.226490
-0.226656
-0.226651
-0.226479
-0.226163
-0.225726
-0.225192
-0.224578
-0.223902
-0.223175
-0.222410
-0.221617
-0.220803
-0.219975
-0.219138
-0.218297
-0.217456
-0.216617
-0.215782
-0.214955
-0.214136
-0.213326
-0.212527
-0.211739
-0.210963
-0.210199
-0.209448
-0.208709
-0.207983
-0.207270
-0.206569
-0.205881
-0.205206
-0.204544
-0.203893
-0.203255
-0.202628
-0.202014
-0.201411
-0.200819
-0.200238
-0.199668
-0.199110
-0.198561
-0.198023
-0.197495
-0.196977
-0.196468
-0.195969
-0.195480
-0.194999
-0.194528
-0.194065
-0.193611
-0.193165
-0.192727
-0.192298
-0.191877
-0.191463
-0.191057
-0.190659
-0.190268
-0.189884
-0.189507
-0.189137
-0.188775
-0.188419
-0.188069
-0.187726
-0.187390
-0.187059
-0.186735
-0.186417
-0.186105
-0.185799
-0.185499
-0.185205
-0.184916
-0.184633
-0.184356
-0.184083
-0.183817
-0.183555
-0.183299
-0.183048
-0.182802
-0.182561
-0.182326
-0.182095
-0.181869
-0.181648
-0.181432
-0.181221
-0.181015
-0.180813
-0.180616
-0.180424
-0.180236
-0.180053
-0.179875
-0.179701
-0.179532
-0.179367
-0.179207
-0.179052
-0.178901
-0.178754
-0.178612
-0.178475
-0.178342
-0.178213
-0.178089
-0.177970
-0.177854
-0.177744
-0.177638
-0.177536
-0.177439
-0.177347
-0.177259
-0.177175
-0.177096
-0.177022
-0.176952
-0.176887
-0.176826
-0.176770
-0.176719
-0.176672
-0.176630
-0.176592
-0.176560
-0.176532
-0.176508
-0.176490
-0.176476
-0.176467
-0.176462
-0.176463
-0.176468
-0.176479
-0.176494
-0.176514
-0.176539
-0.176569
-0.176603
-0.176643
-0.176688
-0.176738
-0.176792
-0.176852
-0.176917
-0.176987
-0.177062
-0.177142
-0.177228
-0.177318
-0.177414
-0.177515
-0.177621
-0.177732
-0.177849
-0.177971
-0.178098
-0.178230
-0.178368
-0.178511
-0.178659
-0.178813
-0.178972
-0.179136
-0.179306
-0.179481
-0.179662
-0.179848
-0.180039
-0.180236
-0.180438
-0.180646
-0.180859
-0.181078
-0.181303
-0.181532
-0.181768
-0.182009
-0.182255
-0.182507
-0.182765
-0.183028
-0.183296
-0.183571
-0.183850
-0.184136
-0.184427
-0.184724
-0.185026
-0.185334
-0.185647
-0.185966
-0.186291
-0.186621
-0.186957
-0.187299
-0.187646
-0.187999
-0.188358
-0.188722
-0.189092
-0.189468
-0.189850
-0.190237
-0.190629
-0.191028
-0.191432
-0.191842
-0.192257
-0.192679
-0.193106
-0.193538
-0.193977
-0.194421
-0.194871
-0.195326
-0.195788
-0.196255
-0.196728
-0.197206
-0.197691
-0.198181
-0.198677
-0.199178
-0.199686
-0.200199
-0.200718
-0.201243
-0.201774
-0.202310
-0.202853
-0.203401
-0.203955
-0.204514
-0.205080
-0.205652
-0.206229
-0.206812
-0.207402
-0.207997
-0.208598
-0.209205
-0.209818
-0.210436
-0.211061
-0.211692
-0.212329
-0.212971
-0.213620
-0.214275
-0.214936
-0.215603
-0.216276
-0.216955
-0.217640
-0.218331
-0.219029
-0.219733
-0.220443
-0.221159
-0.221881
-0.222610
-0.223345
-0.224086
-0.224833
-0.225587
-0.226347
-0.227114
-0.227887
-0.228667
-0.229453
-0.230245
-0.231045
-0.231850
-0.232663
-0.233482
-0.234307
-0.235140
-0.235979
-0.236825
-0.237678
-0.238537
-0.239404
-0.240277
-0.241158
-0.242045
-0.242940
-0.243842
-0.244751
-0.245667
-0.246590
-0.247521
-0.248459
-0.249404
-0.250357
-0.251317
-0.252285
-0.253260
-0.254243
-0.255234
-0.256233
-0.257239
-0.258254
-0.259276
-0.260306
-0.261344
-0.262391
-0.263446
-0.264509
-0.265580
-0.266659
-0.267748
-0.268844
-0.269949
-0.271063
-0.272186
-0.273317
-0.274458
-0.275607
-0.276766
-0.277933
-0.279110
-0.280296
-0.281491
-0.282696
-0.283910
-0.285134
-0.286368
-0.287611
-0.288864
-0.290127
-0.291401
-0.292684
-0.293978
-0.295281
-0.296596
-0.297920
-0.299256
-0.300602
-0.301958
-0.303326
-0.304705
-0.306094
-0.307495
-0.308907
-0.310330
-0.311765
-0.313211
-0.314669
-0.316138
-0.317620
-0.319113
-0.320618
-0.322136
-0.323665
-0.325207
-0.326761
-0.328327
-0.329907
-0.331498
-0.333103
-0.334720
-0.336350
-0.337994
-0.339650
-0.341319
-0.343002
-0.344698
-0.346407
-0.348130
-0.349867
-0.351617
-0.353380
-0.355158
-0.356949
-0.358754
-0.360573
-0.362406
-0.364253
-0.366114
-0.367990
-0.369879
-0.371783
-0.373700
-0.375632
-0.377579
-0.379539
-0.381514
-0.383503
-0.385506
-0.387524
-0.389556
-0.391602
-0.393663
-0.395737
-0.397826
-0.399929
-0.402046
-0.404177
-0.406322
-0.408480
-0.410653
-0.412839
-0.415039
-0.417252
-0.419479
-0.421719
-0.423972
-0.426238
-0.428517
-0.430809
-0.433113
-0.435430
-0.437758
-0.440099
-0.442452
-0.444816
-0.447192
-0.449579
-0.451977
-0.454386
-0.456805
-0.459234
-0.461674
-0.464123
-0.466581
-0.469049
-0.471526
-0.474011
-0.476504
-0.479006
-0.481515
-0.484032
-0.486555
-0.489086
-0.491622
-0.494165
-0.496714
-0.499267
-0.501826
-0.504390
-0.506957
-0.509529
-0.512104
-0.514683
-0.517264
-0.519848
-0.522434
-0.525022
-0.527611
-0.530201
-0.532792
-0.535384
-0.537975
-0.540566
-0.543156
-0.545745
-0.548333
-0.550919
-0.553503
-0.556085
-0.558664
-0.561239
-0.563812
-0.566381
-0.568945
-0.571506
-0.574062
-0.576613
-0.579159
-0.581699
-0.584234
-0.586763
-0.589286
-0.591802
-0.594312
-0.596815
-0.599310
-0.601799
-0.604279
-0.606752
-0.609217
-0.611674
-0.614122
-0.616562
-0.618993
-0.621416
-0.623829
-0.623829
-0.626233
-0.628628
-0.631013
-0.633389
-0.635755
-0.638111
-0.640457
-0.642793
-0.645119
-0.647434
-0.649739
-0.652034
-0.654318
-0.656591
-0.658854
-0.661106
-0.663346
-0.665576
-0.667795
-0.670003
-0.672200
-0.674385
-0.676559
-0.678722
-0.680874
-0.683014
-0.685143
-0.687260
-0.689366
-0.691461
-0.693544
-0.695615
-0.697675
-0.699723
-0.701759
-0.703784
-0.705798
-0.707799
-0.709789
-0.711768
-0.713734
-0.715689
-0.717632
-0.719564
-0.721484
-0.723392
-0.725289
-0.727174
-0.729047
-0.730908
-0.732758
-0.734597
-0.736423
-0.738238
-0.740042
-0.741834
-0.743614
-0.745383
-0.747141
-0.748887
-0.750621
-0.752344
-0.754056
-0.755756
-0.757445
-0.759122
-0.760788
-0.762443
-0.764087
-0.765720
-0.767341
-0.768951
-0.770550
-0.772138
-0.773715
-0.775281
-0.776837
-0.778381
-0.779914
-0.781437
-0.782949
-0.784450
-0.785940
-0.787420
-0.788889
-0.790348
-0.791796
-0.793233
-0.794661
-0.796078
-0.797484
-0.798881
-0.800267
-0.801643
-0.803009
-0.804365
-0.805711
-0.807047
-0.808374
-0.809690
-0.810997
-0.812294
-0.813581
-0.814859
-0.816127
-0.817386
-0.818636
-0.819876
-0.821107
-0.822328
-0.823541
-0.824744
-0.825938
-0.827124
-0.828300
-0.829468
-0.830627
-0.831777
-0.832918
-0.834051
-0.835175
-0.836291
-0.837399
-0.838498
-0.839588
-0.840671
-0.841745
-0.842812
-0.843870
-0.844920
-0.845963
-0.846997
-0.848024
-0.849043
-0.850054
-0.851058
-0.852054
-0.853043
-0.854025
-0.854999
-0.855965
-0.856925
-0.857878
-0.858823
-0.859761
-0.860693
-0.861617
-0.862535
-0.863446
-0.864350
-0.865247
-0.866138
-0.867022
-0.867900
-0.868772
-0.869637
-0.870496
-0.871348
-0.872195
-0.873035
-0.873870
-0.874698
-0.875520
-0.876337
-0.877148
-0.877953
-0.878752
-0.879546
-0.880334
-0.881117
-0.881894
-0.882666
-0.883432
-0.884193
-0.884949
-0.885700
-0.886446
-0.887186
-0.887922
-0.888653
-0.889379
-0.890100
-0.890816
-0.891528
-0.892234
-0.892937
-0.893635
-0.894328
-0.895017
-0.895702
-0.896382
-0.897058
-0.897730
-0.898398
-0.899061
-0.899721
-0.900377
-0.901028
-0.901676
-0.902321
-0.902961
-0.903598
-0.904231
-0.904861
-0.905487
-0.906110
-0.906730
-0.907346
-0.907959
-0.908569
-0.909176
-0.909779
-0.910380
-0.910978
-0.911574
-0.912166
-0.912756
-0.913343
-0.913928
-0.914511
-0.915091
-0.915669
-0.916245
-0.916818
-0.917390
-0.917960
-0.918529
-0.919096
-0.919661
-0.920225
-0.920788
-0.921349
-0.921910
-0.922470
-0.923030
-0.923589
-0.924147
-0.924706
-0.925265
-0.925824
-0.926384
-0.926945
-0.927506
-0.928069
-0.928634
-0.929201
-0.929770
-0.930342
-0.930916
-0.931495
-0.932077
-0.932663
-0.933254
-0.933850
-0.934452
-0.935061
-0.935676
-0.936299
-0.936929
-0.937569
-0.938218
-0.938877
-0.939547
-0.940228
-0.940922
-0.941628
-0.942349
-0.943084
-0.943834
-0.944601
-0.945384
-0.946185
-0.947004
-0.947842
-0.948700
-0.949578
-0.950477
-0.951397
-0.952339
-0.953303
-0.954290
-0.955300
-0.956334
-0.957391
-0.958471
-0.959576
-0.960705
-0.961858
-0.963035
-0.964235
-0.965460
-0.966709
-0.967982
-0.969278
-0.970597
-0.971939
-0.973304
-0.974691
-0.976101
-0.977532
-0.978985
-0.980458
-0.981952
-0.983467
-0.985001
-0.986554
-0.988126
-0.989716
-0.991324
-0.992949
-0.994592
-0.996250
-0.997924
-0.999614
-1.001319
-1.003038
-1.004770
-1.006516
-1.008276
-1.010047
-1.011831
-1.013626
-1.015432
-1.017248
-1.019075
-1.020912
-1.022758
-1.024614
-1.026478
-1.028350
-1.030230
-1.032118
-1.034013
-1.035916
-1.037825
-1.039740
-1.041662
-1.043589
-1.045523
-1.047461
-1.049405
-1.051354
-1.053308
-1.055266
-1.057229
-1.059196
-1.061167
-1.063143
-1.065122
-1.067104
-1.069091
-1.071080
-1.073073
-1.075069
-1.077069
-1.079071
-1.081076
-1.083084
-1.085095
-1.087108
-1.089124
-1.091143
-1.093164
-1.095187
-1.097213
-1.099241
-1.101271
-1.103303
-1.105338
-1.107374
-1.109413
-1.111453
-1.113495
-1.115539
-1.117585
-1.119633
-1.121682
-1.123733
-1.125786
-1.127840
-1.129896
-1.131953
-1.134012
-1.136072
-1.138133
-1.140196
-1.142260
-1.144325
-1.146391
-1.148458
-1.150526
-1.152596
-1.154666
-1.156737
-1.158809
-1.160882
-1.162955
-1.165029
-1.167104
-1.169179
-1.171254
-1.173330
-1.175406
-1.177483
-1.179559
-1.181636
-1.183713
-1.185790
-1.187866
-1.189943
-1.192019
-1.194094
-1.196170
-1.198244
-1.200318
-1.202392
-1.204464
-1.206536
-1.208607
-1.210677
-1.212745
-1.214813
-1.216879
-1.218943
-1.221006
-1.223068
-1.225128
-1.227186
-1.229242
-1.231296
-1.233348
-1.235398
-1.237446
-1.239491
-1.241534
-1.243574
-1.245612
-1.247647
-1.249679
-1.251708
-1.253734
-1.255757
-1.257777
-1.259793
-1.261806
-1.263816
-1.265822
-1.267825
-1.269823
-1.271818
-1.273809
-1.275797
-1.277780
-1.279759
-1.281733
-1.283704
-1.285670
-1.287632
-1.289589
-1.291542
-1.293490
-1.295433
-1.297372
-1.299306
-1.301235
-1.303159
-1.305078
-1.306993
-1.308902
-1.310806
-1.312705
-1.314599
-1.316487
-1.318371
-1.320249
-1.322121
-1.323989
-1.325851
-1.327707
-1.329558
-1.331404
-1.333244
-1.335079
-1.336908
-1.338731
-1.340549
-1.342362
-1.344169
-1.345970
-1.347766
-1.349556
-1.351340
-1.353119
-1.354893
-1.356660
-1.358422
-1.360179
-1.361930
-1.363675
-1.363675
-1.365415
-1.367149
-1.368878
-1.370601
-1.372318
-1.374030
-1.375737
-1.377438
-1.379134
-1.380824
-1.382508
-1.384188
-1.385861
-1.387530
-1.389193
-1.390851
-1.392503
-1.394150
-1.395792
-1.397429
-1.399060
-1.400687
-1.402308
-1.403924
-1.405535
-1.407140
-1.408741
-1.410337
-1.411928
-1.413513
-1.415094
-1.416670
-1.418241
-1.419807
-1.421368
-1.422925
-1.424477
-1.426024
-1.427566
-1.429104
-1.430637
-1.432165
-1.433689
-1.435208
-1.436723
-1.438234
-1.439739
-1.441241
-1.442738
-1.444230
-1.445719
-1.447203
-1.448682
-1.450158
-1.451629
-1.453096
-1.454559
-1.456018
-1.457472
-1.458923
-1.460369
-1.461812
-1.463250
-1.464685
-1.466115
-1.467542
-1.468965
-1.470384
-1.471799
-1.473210
-1.474618
-1.476022
-1.477422
-1.478818
-1.480211
-1.481600
-1.482985
-1.484367
-1.485745
-1.487120
-1.488491
-1.489859
-1.491223
-1.492584
-1.493941
-1.495295
-1.496646
-1.497993
-1.499336
-1.500677
-1.502014
-1.503348
-1.504679
-1.506006
-1.507330
-1.508651
-1.509969
-1.511284
-1.512595
-1.513904
-1.515209
-1.516512
-1.517811
-1.519107
-1.520400
-1.521690
-1.522978
-1.524262
-1.525543
-1.526821
-1.528097
-1.529369
-1.530639
-1.531906
-1.533170
-1.534431
-1.535689
-1.536945
-1.538198
-1.539448
-1.540695
-1.541940
-1.543181
-1.544421
-1.545657
-1.546891
-1.548122
-1.549350
-1.550576
-1.551799
-1.553020
-1.554238
-1.555454
-1.556667
-1.557877
-1.559085
-1.560290
-1.561493
-1.562693
-1.563891
-1.565086
-1.566279
-1.567470
-1.568658
-1.569843
-1.571027
-1.572207
-1.573386
-1.574562
-1.575736
-1.576907
-1.578076
-1.579243
-1.580407
-1.581569
-1.582729
-1.583886
-1.585041
-1.586194
-1.587345
-1.588493
-1.589640
-1.590783
-1.591925
-1.593065
-1.594202
-1.595337
-1.596470
-1.597601
-1.598730
-1.599856
-1.600981
-1.602103
-1.603223
-1.604341
-1.605457
-1.606571
-1.607682
-1.608792
-1.609899
-1.611005
-1.612108
-1.613210
-1.614309
-1.615406
-1.616502
-1.617595
-1.618686
-1.619775
-1.620863
-1.621948
-1.623031
-1.624112
-1.625192
-1.626269
-1.627345
-1.628418
-1.629490
-1.630559
-1.631627
-1.632693
-1.633757
-1.634819
-1.635879
-1.636937
-1.637994
-1.639048
-1.640101
-1.641151
-1.642200
-1.643247
-1.644293
-1.645336
-1.646377
-1.647417
-1.648455
-1.649491
-1.650525
-1.651558
-1.652588
-1.653617
-1.654644
-1.655670
-1.656693
-1.657715
-1.658735
-1.659753
-1.660770
-1.661784
-1.662797
-1.663809
-1.664818
-1.665826
-1.666832
-1.667837
-1.668839
-1.669840
-1.670839
-1.671837
-1.672833
-1.673827
-1.674819
-1.675810
-1.676799
-1.677787
-1.678773
-1.679757
-1.680739
-1.681720
-1.682699
-1.683677
-1.684653
-1.685627
-1.686600
-1.687571
-1.688540
-1.689508
-1.690474
-1.691439
-1.692402
-1.693363
-1.694323
-1.695281
-1.696238
-1.697193
-1.698146
-1.699098
-1.700048
-1.700997
-1.701944
-1.702890
-1.703834
-1.704776
-1.705717
-1.706656
-1.707594
-1.708531
-1.709465
-1.710398
-1.711330
-1.712260
-1.713189
-1.714116
-1.715042
-1.715966
-1.716888
-1.717809
-1.718729
-1.719647
-1.720563
-1.721478
-1.722392
-1.723304
-1.724214
-1.725123
-1.726031
-1.726937
-1.727841
-1.728745
-1.729646
-1.730546
-1.731445
-1.732342
-1.733238
-1.734132
-1.735025
-1.735917
-1.736806
-1.737695
-1.738582
-1.739468
-1.740352
-1.741234
-1.742116
-1.742995
-1.743874
-1.744751
-1.745626
-1.746500
-1.747373
-1.748244
-1.749114
-1.749982
-1.750849
-1.751714
-1.752578
-1.753441
-1.754302
-1.755162
-1.756020
-1.756877
-1.757733
-1.758587
-1.759439
-1.760291
-1.761140
-1.761989
-1.762836
-1.763681
-1.764526
-1.765368
-1.766210
-1.767050
-1.767888
-1.768725
-1.769561
-1.770396
-1.771228
-1.772060
-1.772890
-1.773719
-1.774546
-1.775372
-1.776196
-1.777020
-1.777841
-1.778661
-1.779480
-1.780298
-1.781114
-1.781928
-1.782742
-1.783553
-1.784364
-1.785173
-1.785980
-1.786787
-1.787591
-1.788395
-1.789197
-1.789997
-1.790796
-1.791594
-1.792390
-1.793185
-1.793978
-1.794770
-1.795561
-1.796350
-1.797138
-1.797924
-1.798709
-1.799492
-1.800274
-1.801055
-1.801834
-1.802612
-1.803388
-1.804163
-1.804936
-1.805708
-1.806479
-1.807248
-1.808015
-1.808781
-1.809546
-1.810309
-1.811071
-1.811831
-1.812590
-1.813347
-1.814103
-1.814858
-1.815611
-1.816362
-1.817112
-1.817861
-1.818608
-1.819353
-1.820097
-1.820840
-1.821581
-1.822321
-1.823059
-1.823795
-1.824530
-1.825264
-1.825996
-1.826727
-1.827456
-1.828183
-1.828910
-1.829634
-1.830357
-1.831079
-1.831799
-1.832517
-1.833234
-1.833950
-1.834663
-1.835376
-1.836087
-1.836796
-1.837504
-1.838210
-1.838915
-1.839618
-1.840319
-1.841019
-1.841718
-1.842415
-1.843110
-1.843804
-1.844496
-1.845187
-1.845876
-1.846564
-1.847250
-1.847934
-1.848617
-1.849298
-1.849978
-1.850656
-1.851333
-1.852008
-1.852681
-1.853353
-1.854023
-1.854692
-1.855359
-1.856024
-1.856688
-1.857351
-1.858011
-1.858671
-1.859328
-1.859984
-1.860639
-1.861291
-1.861943
-1.862592
-1.863240
-1.863887
-1.864532
-1.865175
-1.865817
-1.866457
-1.867095
-1.867732
-1.868367
-1.869001
-1.869633
-1.870264
-1.870893
-1.871520
-1.872146
-1.872770
-1.873392
-1.874013
-1.874633
-1.875250
-1.875867
-1.876481
-1.877094
-1.877706
-1.878315
-1.878924
-1.879530
-1.880136
-1.880136
-1.880739
-1.881341
-1.881941
-1.882540
-1.883137
-1.883733
-1.884327
-1.884919
-1.885510
-1.886100
-1.886688
-1.887274
-1.887858
-1.888441
-1.889023
-1.889603
-1.890181
-1.890758
-1.891334
-1.891907
-1.892480
-1.893050
-1.893620
-1.894187
-1.894753
-1.895318
-1.895881
-1.896442
-1.897002
-1.897561
-1.898118
-1.898673
-1.899227
-1.899780
-1.900331
-1.900880
-1.901428
-1.901975
-1.902520
-1.903063
-1.903605
-1.904146
-1.904685
-1.905222
-1.905758
-1.906293
-1.906826
-1.907358
-1.907889
-1.908417
-1.908945
-1.909471
-1.909996
-1.910519
-1.911041
-1.911561
-1.912080
-1.912598
-1.913114
-1.913629
-1.914142
-1.914654
-1.915165
-1.915674
-1.916182
-1.916689
-1.917194
-1.917698
-1.918201
-1.918702
-1.919202
-1.919701
-1.920198
-1.920694
-1.921189
-1.921683
-1.922175
-1.922666
-1.923156
-1.923645
-1.924132
-1.924619
-1.925104
-1.925588
-1.926070
-1.926552
-1.927032
-1.927511
-1.927989
-1.928466
-1.928942
-1.929417
-1.929891
-1.930363
-1.930835
-1.931305
-1.931775
-1.932244
-1.932711
-1.933178
-1.933643
-1.934108
-1.934572
-1.935035
-1.935497
-1.935958
-1.936418
-1.936877
-1.937336
-1.937794
-1.938251
-1.938707
-1.939162
-1.939617
-1.940071
-1.940525
-1.940978
-1.941430
-1.941881
-1.942332
-1.942782
-1.943232
-1.943681
-1.944130
-1.944578
-1.945026
-1.945473
-1.945920
-1.946366
-1.946812
-1.947257
-1.947702
-1.948147
-1.948591
-1.949035
-1.949479
-1.949922
-1.950365
-1.950807
-1.951249
-1.951691
-1.952132
-1.952574
-1.953014
-1.953455
-1.953895
-1.954335
-1.954774
-1.955214
-1.955652
-1.956091
-1.956529
-1.956967
-1.957404
-1.957842
-1.958278
-1.958715
-1.959151
-1.959587
-1.960022
-1.960457
-1.960892
-1.961326
-1.961760
-1.962193
-1.962627
-1.963059
-1.963491
-1.963923
-1.964354
-1.964784
-1.965214
-1.965643
-1.966072
-1.966499
-1.966925
-1.967350
-1.967773
-1.968195
-1.968614
-1.969031
-1.969446
-1.969858
-1.970266
-1.970670
-1.971070
-1.971466
-1.971855
-1.972239
-1.972616
-1.972986
-1.973348
-1.973702
-1.974046
-1.974382
-1.974707
-1.975023
-1.975328
-1.975623
-1.975907
-1.976181
-1.976444
-1.976698
-1.976942
-1.977178
-1.977406
-1.977626
-1.977839
-1.978048
-1.978251
-1.978451
-1.978648
-1.978843
-1.979037
-1.979232
-1.979428
-1.979625
-1.979826
-1.980029
-1.980237
-1.980450
-1.980667
-1.980891
-1.981120
-1.981357
-1.981599
-1.981849
-1.982106
-1.982371
-1.982643
-1.982922
-1.983208
-1.983502
-1.983803
-1.984110
-1.984425
-1.984746
-1.985074
-1.985408
-1.985748
-1.986094
-1.986445
-1.986801
-1.987162
-1.987527
-1.987897
-1.988271
-1.988649
-1.989029
-1.989414
-1.989801
-1.990190
-1.990582
-1.990976
-1.991372
-1.991769
-1.992168
-1.992567
-1.992968
-1.993369
-1.993771
-1.994173
-1.994575
-1.994977
-1.995379
-1.995781
-1.996181
-1.996582
-1.996981
-1.997379
-1.997776
-1.998172
-1.998567
-1.998960
-1.999352
-1.999742
-2.000130
-2.000517
-2.000902
-2.001285
-2.001666
-2.002045
-2.002422
-2.002797
-2.003170
-2.003541
-2.003910
-2.004276
-2.004641
-2.005003
-2.005363
-2.005720
-2.006075
-2.006429
-2.006779
-2.007128
-2.007474
-2.007818
-2.008160
-2.008500
-2.008837
-2.009172
-2.009505
-2.009836
-2.010164
-2.010490
-2.010815
-2.011137
-2.011456
-2.011774
-2.012090
-2.012403
-2.012715
-2.013024
-2.013332
-2.013637
-2.013940
-2.014242
-2.014541
-2.014839
-2.015134
-2.015428
-2.015720
-2.016010
-2.016298
-2.016584
-2.016869
-2.017152
-2.017433
-2.017712
-2.017989
-2.018265
-2.018539
-2.018811
-2.019082
-2.019351
-2.019618
-2.019884
-2.020148
-2.020411
-2.020672
-2.020931
-2.021189
-2.021446
-2.021701
-2.021954
-2.022206
-2.022456
-2.022705
-2.022953
-2.023199
-2.023444
-2.023687
-2.023929
-2.024169
-2.024408
-2.024646
-2.024882
-2.025117
-2.025351
-2.025583
-2.025814
-2.026044
-2.026273
-2.026500
-2.026726
-2.026950
-2.027174
-2.027396
-2.027617
-2.027837
-2.028055
-2.028272
-2.028488
-2.028703
-2.028917
-2.029129
-2.029341
-2.029551
-2.029760
-2.029967
-2.030174
-2.030380
-2.030584
-2.030787
-2.030989
-2.031190
-2.031390
-2.031589
-2.031786
-2.031983
-2.032178
-2.032373
-2.032566
-2.032758
-2.032949
-2.033139
-2.033328
-2.033516
-2.033703
-2.033889
-2.034074
-2.034257
-2.034440
-2.034622
-2.034802
-2.034982
-2.035160
-2.035338
-2.035514
-2.035690
-2.035864
-2.036038
-2.036210
-2.036382
-2.036552
-2.036722
-2.036890
-2.037058
-2.037224
-2.037390
-2.037555
-2.037718
-2.037881
-2.038043
-2.038203
-2.038363
-2.038522
-2.038680
-2.038836
-2.038992
-2.039147
-2.039301
-2.039454
-2.039607
-2.039758
-2.039908
-2.040057
-2.040206
-2.040353
-2.040500
-2.040646
-2.040790
-2.040934
-2.041077
-2.041219
-2.041360
-2.041500
-2.041639
-2.041778
-2.041915
-2.042052
-2.042187
-2.042322
-2.042456
-2.042589
-2.042721
-2.042852
-2.042982
-2.043112
-2.043240
-2.043368
-2.043495
-2.043621
-2.043746
-2.043870
-2.043993
-2.044115
-2.044237
-2.044358
-2.044478
-2.044596
-2.044715
-2.044832
-2.044948
-2.045064
-2.045179
-2.045292
-2.045405
-2.045518
-2.045629
-2.045739
-2.045849
-2.045958
-2.046066
-2.046173
-2.046279
-2.046385
-2.046490
-2.046593
-2.046696
-2.046799
-2.046900
-2.047001
-2.047100
-2.047199
-2.047297
-2.047395
-2.047491
-2.047491
-2.047587
-2.047682
-2.047776
-2.047869
-2.047962
-2.048053
-2.048144
-2.048234
-2.048324
-2.048412
-2.048500
-2.048587
-2.048673
-2.048759
-2.048843
-2.048927
-2.049010
-2.049092
-2.049174
-2.049255
-2.049335
-2.049414
-2.049492
-2.049570
-2.049647
-2.049723
-2.049798
-2.049873
-2.049947
-2.050020
-2.050092
-2.050164
-2.050234
-2.050304
-2.050374
-2.050442
-2.050510
-2.050577
-2.050644
-2.050709
-2.050774
-2.050838
-2.050902
-2.050964
-2.051026
-2.051088
-2.051148
-2.051208
-2.051267
-2.051325
-2.051383
-2.051440
-2.051496
-2.051551
-2.051606
-2.051660
-2.051713
-2.051766
-2.051818
-2.051869
-2.051920
-2.051969
-2.052018
-2.052067
-2.052115
-2.052162
-2.052208
-2.052253
-2.052298
-2.052343
-2.052386
-2.052429
-2.052471
-2.052513
-2.052553
-2.052593
-2.052633
-2.052672
-2.052710
-2.052747
-2.052784
-2.052820
-2.052855
-2.052890
-2.052924
-2.052958
-2.052990
-2.053022
-2.053054
-2.053085
-2.053115
-2.053144
-2.053173
-2.053201
-2.053229
-2.053255
-2.053282
-2.053307
-2.053332
-2.053356
-2.053380
-2.053403
-2.053425
-2.053447
-2.053468
-2.053489
-2.053509
-2.053528
-2.053546
-2.053564
-2.053582
-2.053598
-2.053614
-2.053630
-2.053645
-2.053659
-2.053673
-2.053686
-2.053698
-2.053710
-2.053721
-2.053731
-2.053741
-2.053751
-2.053760
-2.053768
-2.053775
-2.053782
-2.053789
-2.053794
-2.053800
-2.053804
-2.053808
-2.053812
-2.053814
-2.053817
-2.053818
-2.053819
-2.053820
-2.053820
-2.053819
-2.053818
-2.053816
-2.053814
-2.053811
-2.053807
-2.053803
-2.053798
-2.053793
-2.053787
-2.053781
-2.053774
-2.053767
-2.053759
-2.053750
-2.053741
-2.053731
-2.053721
-2.053710
-2.053699
-2.053687
-2.053675
-2.053662
-2.053648
-2.053634
-2.053620
-2.053605
-2.053589
-2.053573
-2.053556
-2.053539
-2.053521
-2.053503
-2.053484
-2.053465
-2.053445
-2.053424
-2.053403
-2.053382
-2.053360
-2.053338
-2.053315
-2.053291
-2.053267
-2.053243
-2.053218
-2.053192
-2.053166
-2.053140
-2.053113
-2.053085
-2.053057
-2.053029
-2.053000
-2.052970
-2.052940
-2.052910
-2.052879
-2.052847
-2.052815
-2.052783
-2.052750
-2.052716
-2.052683
-2.052648
-2.052613
-2.052578
-2.052542
-2.052506
-2.052469
-2.052432
-2.052394
-2.052356
-2.052318
-2.052279
-2.052239
-2.052199
-2.052159
-2.052118
-2.052076
-2.052035
-2.051992
-2.051950
-2.051907
-2.051863
-2.051819
-2.051774
-2.051729
-2.051684
-2.051638
-2.051592
-2.051545
-2.051498
-2.051451
-2.051403
-2.051354
-2.051305
-2.051256
-2.051206
-2.051156
-2.051105
-2.051054
-2.051003
-2.050951
-2.050899
-2.050846
-2.050793
-2.050740
-2.050686
-2.050631
-2.050577
-2.050522
-2.050466
-2.050410
-2.050354
-2.050297
-2.050240
-2.050182
-2.050124
-2.050066
-2.050007
-2.049948
-2.049888
-2.049828
-2.049768
-2.049707
-2.049646
-2.049585
-2.049523
-2.049461
-2.049398
-2.049335
-2.049272
-2.049208
-2.049144
-2.049079
-2.049014
-2.048949
-2.048884
-2.048818
-2.048751
-2.048684
-2.048617
-2.048550
-2.048482
-2.048414
-2.048345
-2.048277
-2.048207
-2.048138
-2.048068
-2.047997
-2.047927
-2.047856
-2.047785
-2.047713
-2.047641
-2.047568
-2.047496
-2.047423
-2.047349
-2.047276
-2.047202
-2.047127
-2.047052
-2.046977
-2.046902
-2.046826
-2.046750
-2.046674
-2.046597
-2.046520
-2.046443
-2.046365
-2.046287
-2.046209
-2.046130
-2.046051
-2.045972
-2.045893
-2.045813
-2.045732
-2.045652
-2.045571
-2.045490
-2.045409
-2.045327
-2.045245
-2.045163
-2.045080
-2.044997
-2.044914
-2.044831
-2.044747
-2.044663
-2.044578
-2.044494
-2.044409
-2.044324
-2.044238
-2.044152
-2.044066
-2.043980
-2.043893
-2.043806
-2.043719
-2.043632
-2.043544
-2.043456
-2.043368
-2.043279
-2.043190
-2.043101
-2.043012
-2.042922
-2.042832
-2.042742
-2.042652
-2.042561
-2.042470
-2.042379
-2.042287
-2.042196
-2.042104
-2.042011
-2.041919
-2.041826
-2.041733
-2.041640
-2.041546
-2.041453
-2.041359
-2.041265
-2.041170
-2.041076
-2.040981
-2.040885
-2.040790
-2.040694
-2.040599
-2.040502
-2.040406
-2.040310
-2.040213
-2.040116
-2.040018
-2.039921
-2.039823
-2.039725
-2.039627
-2.039529
-2.039430
-2.039331
-2.039232
-2.039133
-2.039034
-2.038934
-2.038834
-2.038734
-2.038634
-2.038533
-2.038433
-2.038332
-2.038231
-2.038129
-2.038028
-2.037926
-2.037824
-2.037722
-2.037620
-2.037517
-2.037414
-2.037311
-2.037208
-2.037105
-2.037001
-2.036898
-2.036794
-2.036690
-2.036585
-2.036481
-2.036376
-2.036272
-2.036167
-2.036061
-2.035956
-2.035851
-2.035745
-2.035639
-2.035533
-2.035427
-2.035320
-2.035214
-2.035107
-2.035000
-2.034893
-2.034786
-2.034678
-2.034570
-2.034463
-2.034355
-2.034247
-2.034138
-2.034030
-2.033921
-2.033813
-2.033704
-2.033595
-2.033485
-2.033376
-2.033267
-2.033157
-2.033047
-2.032937
-2.032827
-2.032717
-2.032606
-2.032496
-2.032385
-2.032274
-2.032163
-2.032052
-2.031941
-2.031829
-2.031718
-2.031606
-2.031494
-2.031382
-2.031270
-2.031158
-2.031046
-2.030933
-2.030820
-2.030708
-2.030595
-2.030482
-2.030369
-2.030255
-2.030142
-2.030028
-2.029915
-2.029801
-2.029687
-2.029573
-2.029459
-2.029345
-2.029230
-2.029116
-2.029001
-2.028887
-2.028772
-2.028657
-2.028542
-2.028427
-2.028311
-2.028196
-2.028080
-2.027965
-2.027849
-2.027849
-2.027733
-2.027617
-2.027501
-2.027385
-2.027269
-2.027153
-2.027036
-2.026920
-2.026803
-2.026686
-2.026570
-2.026453
-2.026336
-2.026218
-2.026101
-2.025984
-2.025867
-2.025749
-2.025632
-2.025514
-2.025396
-2.025278
-2.025160
-2.025042
-2.024924
-2.024806
-2.024688
-2.024570
-2.024451
-2.024333
-2.024214
-2.024096
-2.023977
-2.023858
-2.023739
-2.023620
-2.023501
-2.023382
-2.023263
-2.023144
-2.023024
-2.022905
-2.022785
-2.022666
-2.022546
-2.022427
-2.022307
-2.022187
-2.022067
-2.021947
-2.021827
-2.021707
-2.021587
-2.021467
-2.021347
-2.021226
-2.021106
-2.020986
-2.020865
-2.020745
-2.020624
-2.020503
-2.020383
-2.020262
-2.020141
-2.020020
-2.019899
-2.019778
-2.019657
-2.019536
-2.019415
-2.019294
-2.019173
-2.019052
-2.018930
-2.018809
-2.018688
-2.018566
-2.018445
-2.018323
-2.018202
-2.018080
-2.017958
-2.017837
-2.017715
-2.017593
-2.017472
-2.017350
-2.017228
-2.017106
-2.016984
-2.016862
-2.016740
-2.016618
-2.016496
-2.016374
-2.016252
-2.016130
-2.016007
-2.015885
-2.015763
-2.015641
-2.015518
-2.015396
-2.015274
-2.015151
-2.015029
-2.014907
-2.014784
-2.014662
-2.014539
-2.014417
-2.014294
-2.014172
-2.014049
-2.013926
-2.013804
-2.013681
-2.013559
-2.013436
-2.013313
-2.013191
-2.013068
-2.012945
-2.012822
-2.012700
-2.012577
-2.012454
-2.012331
-2.012209
-2.012086
-2.011963
-2.011840
-2.011717
-2.011594
-2.011472
-2.011349
-2.011226
-2.011103
-2.010980
-2.010857
-2.010734
-2.010612
-2.010489
-2.010366
-2.010243
-2.010120
-2.009997
-2.009874
-2.009751
-2.009629
-2.009506
-2.009383
-2.009260
-2.009137
-2.009014
-2.008891
-2.008768
-2.008646
-2.008523
-2.008400
-2.008277
-2.008154
-2.008031
-2.007909
-2.007786
-2.007663
-2.007540
-2.007417
-2.007295
-2.007172
-2.007049
-2.006926
-2.006804
-2.006681
-2.006558
-2.006436
-2.006313
-2.006190
-2.006068
-2.005945
-2.005822
-2.005700
-2.005577
-2.005455
-2.005332
-2.005210
-2.005087
-2.004965
-2.004842
-2.004720
-2.004597
-2.004475
-2.004352
-2.004230
-2.004108
-2.003985
-2.003863
-2.003741
-2.003619
-2.003496
-2.003374
-2.003252
-2.003130
-2.003008
-2.002886
-2.002764
-2.002642
-2.002519
-2.002398
-2.002276
-2.002154
-2.002032
-2.001910
-2.001788
-2.001666
-2.001544
-2.001423
-2.001301
-2.001179
-2.001058
-2.000936
-2.000814
-2.000693
-2.000571
-2.000450
-2.000328
-2.000207
-2.000086
-1.999964
-1.999843
-1.999722
-1.999600
-1.999479
-1.999358
-1.999237
-1.999116
-1.998995
-1.998874
-1.998753
-1.998632
-1.998511
-1.998390
-1.998269
-1.998148
-1.998028
-1.997907
-1.997786
-1.997666
-1.997545
-1.997425
-1.997304
-1.997184
-1.997063
-1.996943
-1.996823
-1.996702
-1.996582
-1.996462
-1.996342
-1.996222
-1.996102
-1.995982
-1.995862
-1.995742
-1.995622
-1.995502
-1.995383
-1.995263
-1.995143
-1.995024
-1.994904
-1.994784
-1.994665
-1.994546
-1.994426
-1.994307
-1.994188
-1.994068
-1.993949
-1.993830
-1.993711
-1.993592
-1.993473
-1.993354
-1.993235
-1.993117
-1.992998
-1.992879
-1.992760
-1.992642
-1.992523
-1.992405
-1.992286
-1.992168
-1.992050
-1.991931
-1.991813
-1.991695
-1.991577
-1.991459
-1.991341
-1.991223
-1.991105
-1.990987
-1.990870
-1.990752
-1.990634
-1.990517
-1.990399
-1.990282
-1.990164
-1.990047
-1.989930
-1.989812
-1.989695
-1.989578
-1.989461
-1.989344
-1.989227
-1.989110
-1.988994
-1.988877
-1.988760
-1.988644
-1.988527
-1.988410
-1.988294
-1.988178
-1.988061
-1.987945
-1.987829
-1.987713
-1.987597
-1.987481
-1.987365
-1.987249
-1.987133
-1.987017
-1.986902
-1.986786
-1.986671
-1.986555
-1.986440
-1.986324
-1.986209
-1.986094
-1.985979
-1.985863
-1.985748
-1.985633
-1.985519
-1.985404
-1.985289
-1.985174
-1.985060
-1.984945
-1.984831
-1.984716
-1.984602
-1.984488
-1.984373
-1.984259
-1.984145
-1.984031
-1.983917
-1.983803
-1.983689
-1.983576
-1.983462
-1.983348
-1.983235
-1.983121
-1.983008
-1.982895
-1.982781
-1.982668
-1.982555
-1.982442
-1.982329
-1.982216
-1.982103
-1.981990
-1.981878
-1.981765
-1.981653
-1.981540
-1.981428
-1.981315
-1.981203
-1.981091
-1.980979
-1.980867
-1.980755
-1.980643
-1.980531
-1.980419
-1.980307
-1.980196
-1.980084
-1.979973
-1.979861
-1.979750
-1.979639
-1.979528
-1.979416
-1.979305
-1.979194
-1.979083
-1.978973
-1.978862
-1.978751
-1.978641
-1.978530
-1.978420
-1.978309
-1.978199
-1.978089
-1.977979
-1.977868
-1.977758
-1.977648
-1.977539
-1.977429
-1.977319
-1.977209
-1.977100
-1.976990
-1.976881
-1.976772
-1.976662
-1.976553
-1.976444
-1.976335
-1.976226
-1.976117
-1.976008
-1.975900
-1.975791
-1.975682
-1.975574
-1.975465
-1.975357
-1.975249
-1.975141
-1.975032
-1.974924
-1.974816
-1.974708
-1.974601
-1.974493
-1.974385
-1.974278
-1.974170
-1.974063
-1.973955
-1.973848
-1.973741
-1.973634
-1.973526
-1.973420
-1.973313
-1.973206
-1.973099
-1.972992
-1.972886
-1.972779
-1.972673
-1.972566
-1.972460
-1.972354
-1.972248
-1.972142
-1.972036
-1.971930
-1.971824
-1.971718
-1.971612
-1.971507
-1.971401
-1.971296
-1.971191
-1.971085
-1.970980
-1.970875
-1.970770
-1.970665
-1.970560
-1.970455
-1.970350
-1.970246
-1.970141
-1.970037
-1.969932
-1.969828
-1.969723
-1.969619
-1.969515
-1.969411
-1.969411
-1.969307
-1.969203
-1.969099
-1.968996
-1.968892
-1.968788
-1.968685
-1.968581
-1.968478
-1.968375
-1.968272
-1.968168
-1.968065
-1.967962
-1.967860
-1.967757
-1.967654
-1.967551
-1.967449
-1.967346
-1.967244
-1.967142
-1.967039
-1.966937
-1.966835
-1.966733
-1.966631
-1.966529
-1.966427
-1.966326
-1.966224
-1.966122
-1.966021
-1.965920
-1.965818
-1.965717
-1.965616
-1.965515
-1.965414
-1.965313
-1.965212
-1.965111
-1.965010
-1.964910
-1.964809
-1.964709
-1.964608
-1.964508
-1.964408
-1.964308
-1.964207
-1.964107
-1.964007
-1.963908
-1.963808
-1.963708
-1.963609
-1.963509
-1.963409
-1.963310
-1.963211
-1.963112
-1.963012
-1.962913
-1.962814
-1.962715
-1.962616
-1.962518
-1.962419
-1.962320
-1.962222
-1.962123
-1.962025
-1.961927
-1.961828
-1.961730
-1.961632
-1.961534
-1.961436
-1.961338
-1.961241
-1.961143
-1.961045
-1.960948
-1.960850
-1.960753
-1.960656
-1.960558
-1.960461
-1.960364
-1.960267
-1.960170
-1.960073
-1.959976
-1.959880
-1.959783
-1.959687
-1.959590
-1.959494
-1.959397
-1.959301
-1.959205
-1.959109
-1.959013
-1.958917
-1.958821
-1.958725
-1.958629
-1.958534
-1.958438
-1.958343
-1.958247
-1.958152
-1.958057
-1.957961
-1.957866
-1.957771
-1.957676
-1.957581
-1.957487
-1.957392
-1.957297
-1.957203
-1.957108
-1.957014
-1.956919
-1.956825
-1.956731
-1.956637
-1.956543
-1.956449
-1.956355
-1.956261
-1.956167
-1.956073
-1.955980
-1.955886
-1.955793
-1.955699
-1.955606
-1.955513
-1.955420
-1.955326
-1.955233
-1.955140
-1.955048
-1.954955
-1.954862
-1.954769
-1.954677
-1.954584
-1.954492
-1.954399
-1.954307
-1.954215
-1.954123
-1.954031
-1.953939
-1.953847
-1.953755
-1.953663
-1.953571
-1.953480
-1.953388
-1.953297
-1.953205
-1.953114
-1.953023
-1.952931
-1.952840
-1.952749
-1.952658
-1.952567
-1.952477
-1.952386
-1.952295
-1.952204
-1.952114
-1.952023
-1.951933
-1.951843
-1.951752
-1.951662
-1.951572
-1.951482
-1.951392
-1.951302
-1.951212
-1.951123
-1.951033
-1.950943
-1.950854
-1.950764
-1.950675
-1.950585
-1.950496
-1.950407
-1.950318
-1.950229
-1.950140
-1.950051
-1.949962
-1.949873
-1.949785
-1.949696
-1.949607
-1.949519
-1.949430
-1.949342
-1.949254
-1.949166
-1.949077
-1.948989
-1.948901
-1.948813
-1.948726
-1.948638
-1.948550
-1.948462
-1.948375
-1.948287
-1.948200
-1.948112
-1.948025
-1.947938
-1.947851
-1.947764
-1.947677
-1.947590
-1.947503
-1.947416
-1.947329
-1.947242
-1.947156
-1.947069
-1.946983
-1.946896
-1.946810
-1.946724
-1.946638
-1.946551
-1.946465
-1.946379
-1.946293
-1.946207
-1.946122
-1.946036
-1.945950
-1.945865
-1.945779
-1.945694
-1.945608
-1.945523
-1.945438
-1.945352
-1.945267
-1.945182
-1.945097
-1.945012
-1.944927
-1.944843
-1.944758
-1.944673
-1.944588
-1.944504
-1.944419
-1.944335
-1.944251
-1.944166
-1.944082
-1.943998
-1.943914
-1.943830
-1.943746
-1.943662
-1.943578
-1.943495
-1.943411
-1.943327
-1.943244
-1.943160
-1.943077
-1.942993
-1.942910
-1.942827
-1.942744
-1.942661
-1.942578
-1.942495
-1.942412
-1.942329
-1.942246
-1.942163
-1.942081
-1.941998
-1.941916
-1.941833
-1.941751
-1.941668
-1.941586
-1.941504
-1.941422
-1.941340
-1.941258
-1.941176
-1.941094
-1.941012
-1.940930
-1.940849
-1.940767
-1.940685
-1.940604
-1.940522
-1.940441
-1.940360
-1.940279
-1.940197
-1.940116
-1.940035
-1.939954
-1.939873
-1.939792
-1.939711
-1.939631
-1.939550
-1.939469
-1.939389
-1.939308
-1.939228
-1.939147
-1.939067
-1.938987
-1.938907
-1.938827
-1.938746
-1.938666
-1.938586
-1.938507
-1.938427
-1.938347
-1.938267
-1.938188
-1.938108
-1.938028
-1.937949
-1.937870
-1.937790
-1.937711
-1.937632
-1.937553
-1.937473
-1.937394
-1.937315
-1.937236
-1.937158
-1.937079
-1.937000
-1.936921
-1.936843
-1.936764
-1.936686
-1.936607
-1.936529
-1.936450
-1.936372
-1.936294
-1.936216
-1.936138
-1.936060
-1.935982
-1.935904
-1.935826
-1.935748
-1.935670
-1.935593
-1.935515
-1.935438
-1.935360
-1.935283
-1.935205
-1.935128
-1.935051
-1.934973
-1.934896
-1.934819
-1.934742
-1.934665
-1.934588
-1.934511
-1.934434
-1.934358
-1.934281
-1.934204
-1.934128
-1.934051
-1.933975
-1.933898
-1.933822
-1.933746
-1.933669
-1.933593
-1.933517
-1.933441
-1.933365
-1.933289
-1.933213
-1.933137
-1.933062
-1.932986
-1.932910
-1.932835
-1.932759
-1.932683
-1.932608
-1.932533
-1.932457
-1.932382
-1.932307
-1.932232
-1.932156
-1.932081
-1.932006
-1.931931
-1.931857
-1.931782
-1.931707
-1.931632
-1.931558
-1.931483
-1.931408
-1.931334
-1.931259
-1.931185
-1.931111
-1.931036
-1.930962
-1.930888
-1.930814
-1.930740
-1.930666
-1.930592
-1.930518
-1.930444
-1.930370
-1.930296
-1.930223
-1.930149
-1.930075
-1.930002
-1.929928
-1.929855
-1.929782
-1.929708
-1.929635
-1.929562
-1.929489
-1.929416
-1.929343
-1.929270
-1.929197
-1.929124
-1.929051
-1.928978
-1.928905
-1.928833
-1.928760
-1.928687
-1.928615
-1.928542
-1.928470
-1.928398
-1.928325
-1.928253
-1.928181
-1.928109
-1.928037
-1.927964
-1.927892
-1.927820
-1.927749
-1.927677
-1.927605
-1.927533
-1.927461
-1.927390
-1.927318
-1.927247
-1.927175
-1.927104
-1.927032
-1.926961
-1.926890
-1.926818
-1.926747
-1.926676
-1.926605
-1.926534
-1.926463
-1.926392
-1.926392
-1.926321
-1.926250
-1.926180
-1.926109
-1.926038
-1.925968
-1.925897
-1.925826
-1.925756
-1.925686
-1.925615
-1.925545
-1.925475
-1.925404
-1.925334
-1.925264
-1.925194
-1.925124
-1.925054
-1.924984
-1.924914
-1.924844
-1.924774
-1.924705
-1.924635
-1.924565
-1.924496
-1.924426
-1.924357
-1.924287
-1.924218
-1.924149
-1.924079
-1.924010
-1.923941
-1.923872
-1.923803
-1.923733
-1.923664
-1.923595
-1.923527
-1.923458
-1.923389
-1.923320
-1.923251
-1.923183
-1.923114
-1.923046
-1.922977
-1.922909
-1.922840
-1.922772
-1.922703
-1.922635
-1.922567
-1.922499
-1.922430
-1.922362
-1.922294
-1.922226
-1.922158
-1.922090
-1.922023
-1.921955
-1.921887
-1.921819
-1.921751
-1.921684
-1.921616
-1.921549
-1.921481
-1.921414
-1.921346
-1.921279
-1.921212
-1.921144
-1.921077
-1.921010
-1.920943
-1.920876
-1.920809
-1.920742
-1.920675
-1.920608
-1.920541
-1.920474
-1.920407
-1.920341
-1.920274
-1.920207
-1.920141
-1.920074
-1.920008
-1.919941
-1.919875
-1.919809
-1.919742
-1.919676
-1.919610
-1.919544
-1.919478
-1.919411
-1.919345
-1.919279
-1.919213
-1.919148
-1.919082
-1.919016
-1.918950
-1.918884
-1.918819
-1.918753
-1.918687
-1.918622
-1.918556
-1.918491
-1.918425
-1.918360
-1.918295
-1.918229
-1.918164
-1.918099
-1.918034
-1.917969
-1.917904
-1.917839
-1.917774
-1.917709
-1.917644
-1.917579
-1.917514
-1.917449
-1.917385
-1.917320
-1.917255
-1.917191
-1.917126
-1.917062
-1.916997
-1.916933
-1.916868
-1.916804
-1.916740
-1.916675
-1.916611
-1.916547
-1.916483
-1.916419
-1.916355
-1.916291
-1.916227
-1.916163
-1.916099
-1.916035
-1.915971
-1.915907
-1.915844
-1.915780
-1.915716
-1.915653
-1.915589
-1.915526
-1.915462
-1.915399
-1.915336
-1.915272
-1.915209
-1.915146
-1.915082
-1.915019
-1.914956
-1.914893
-1.914830
-1.914767
-1.914704
-1.914641
-1.914578
-1.914515
-1.914453
-1.914390
-1.914327
-1.914264
-1.914202
-1.914139
-1.914077
-1.914014
-1.913952
-1.913889
-1.913827
-1.913764
-1.913702
-1.913640
-1.913578
-1.913515
-1.913453
-1.913391
-1.913329
-1.913267
-1.913205
-1.913143
-1.913081
-1.913019
-1.912957
-1.912896
-1.912834
-1.912772
-1.912710
-1.912649
-1.912587
-1.912526
-1.912464
-1.912403
-1.912341
-1.912280
-1.912218
-1.912157
-1.912096
-1.912034
-1.911973
-1.911912
-1.911851
-1.911790
-1.911729
-1.911668
-1.911607
-1.911546
-1.911485
-1.911424
-1.911363
-1.911302
-1.911242
-1.911181
-1.911120
-1.911060
-1.910999
-1.910938
-1.910878
-1.910817
-1.910757
-1.910697
-1.910636
-1.910576
-1.910516
-1.910455
-1.910395
-1.910335
-1.910275
-1.910215
-1.910155
-1.910095
-1.910035
-1.909975
-1.909915
-1.909855
-1.909795
-1.909735
-1.909675
-1.909616
-1.909556
-1.909496
-1.909437
-1.909377
-1.909318
-1.909258
-1.909199
-1.909139
-1.909080
-1.909020
-1.908961
-1.908902
-1.908843
-1.908783
-1.908724
-1.908665
-1.908606
-1.908547
-1.908488
-1.908429
-1.908370
-1.908311
-1.908252
-1.908193
-1.908134
-1.908076
-1.908017
-1.907958
-1.907899
-1.907841
-1.907782
-1.907724
-1.907665
-1.907607
-1.907548
-1.907490
-1.907431
-1.907373
-1.907315
-1.907256
-1.907198
-1.907140
-1.907082
-1.907024
-1.906965
-1.906907
-1.906849
-1.906791
-1.906733
-1.906675
-1.906618
-1.906560
-1.906502
-1.906444
-1.906386
-1.906329
-1.906271
-1.906213
-1.906156
-1.906098
-1.906041
-1.905983
-1.905926
-1.905868
-1.905811
-1.905753
-1.905696
-1.905639
-1.905581
-1.905524
-1.905467
-1.905410
-1.905353
-1.905296
-1.905238
-1.905181
-1.905124
-1.905067
-1.905011
-1.904954
-1.904897
-1.904840
-1.904783
-1.904726
-1.904670
-1.904613
-1.904556
-1.904500
-1.904443
-1.904387
-1.904330
-1.904274
-1.904217
-1.904161
-1.904104
-1.904048
-1.903992
-1.903935
-1.903879
-1.903823
-1.903767
-1.903710
-1.903654
-1.903598
-1.903542
-1.903486
-1.903430
-1.903374
-1.903318
-1.903262
-1.903206
-1.903151
-1.903095
-1.903039
-1.902983
-1.902928
-1.902872
-1.902816
-1.902761
-1.902705
-1.902650
-1.902594
-1.902539
-1.902483
-1.902428
-1.902372
-1.902317
-1.902262
-1.902206
-1.902151
-1.902096
-1.902041
-1.901986
-1.901931
-1.901875
-1.901820
-1.901765
-1.901710
-1.901655
-1.901600
-1.901546
-1.901491
-1.901436
-1.901381
-1.901326
-1.901272
-1.901217
-1.901162
-1.901108
-1.901053
-1.900998
-1.900944
-1.900889
-1.900835
-1.900780
-1.900726
-1.900671
-1.900617
-1.900563
-1.900508
-1.900454
-1.900400
-1.900346
-1.900292
-1.900237
-1.900183
-1.900129
-1.900075
-1.900021
-1.899967
-1.899913
-1.899859
-1.899805
-1.899751
-1.899698
-1.899644
-1.899590
-1.899536
-1.899483
-1.899429
-1.899375
-1.899322
-1.899268
-1.899214
-1.899161
-1.899107
-1.899054
-1.899000
-1.898947
-1.898894
-1.898840
-1.898787
-1.898734
-1.898680
-1.898627
-1.898574
-1.898521
-1.898468
-1.898414
-1.898361
-1.898308
-1.898255
-1.898202
-1.898149
-1.898096
-1.898043
-1.897991
-1.897938
-1.897885
-1.897832
-1.897779
-1.897727
-1.897674
-1.897621
-1.897569
-1.897516
-1.897463
-1.897411
-1.897358
-1.897306
-1.897253
-1.897201
-1.897148
-1.897096
-1.897044
-1.896991
-1.896939
-1.896887
-1.896835
-1.896782
-1.896730
-1.896678
-1.896626
-1.896574
-1.896522
-1.896470
-1.896418
-1.896366
-1.896314
-1.896262
-1.896210
-1.896210
-1.896158
-1.896106
-1.896054
-1.896003
-1.895951
-1.895899
-1.895847
-1.895796
-1.895744
-1.895692
-1.895641
-1.895589
-1.895538
-1.895486
-1.895435
-1.895383
-1.895332
-1.895280
-1.895229
-1.895178
-1.895126
-1.895075
-1.895024
-1.894973
-1.894922
-1.894870
-1.894819
-1.894768
-1.894717
-1.894666
-1.894615
-1.894564
-1.894513
-1.894462
-1.894411
-1.894360
-1.894309
-1.894258
-1.894208
-1.894157
-1.894106
-1.894055
-1.894005
-1.893954
-1.893903
-1.893853
-1.893802
-1.893752
-1.893701
-1.893650
-1.893600
-1.893550
-1.893499
-1.893449
-1.893398
-1.893348
-1.893298
-1.893247
-1.893197
-1.893147
-1.893097
-1.893046
-1.892996
-1.892946
-1.892896
-1.892846
-1.892796
-1.892746
-1.892696
-1.892646
-1.892596
-1.892546
-1.892496
-1.892446
-1.892396
-1.892346
-1.892297
-1.892247
-1.892197
-1.892147
-1.892098
-1.892048
-1.891998
-1.891949
-1.891899
-1.891850
-1.891800
-1.891751
-1.891701
-1.891652
-1.891602
-1.891553
-1.891503
-1.891454
-1.891405
-1.891355
-1.891306
-1.891257
-1.891208
-1.891159
-1.891109
-1.891060
-1.891011
-1.890962
-1.890913
-1.890864
-1.890815
-1.890766
-1.890717
-1.890668
-1.890619
-1.890570
-1.890521
-1.890472
-1.890424
-1.890375
-1.890326
-1.890277
-1.890229
-1.890180
-1.890131
-1.890083
-1.890034
-1.889985
-1.889937
-1.889888
-1.889840
-1.889791
-1.889743
-1.889694
-1.889646
-1.889598
-1.889549
-1.889501
-1.889452
-1.889404
-1.889356
-1.889308
-1.889259
-1.889211
-1.889163
-1.889115
-1.889067
-1.889019
-1.888971
-1.888923
-1.888875
-1.888827
-1.888779
-1.888731
-1.888683
-1.888635
-1.888587
-1.888539
-1.888491
-1.888444
-1.888396
-1.888348
-1.888300
-1.888253
-1.888205
-1.888157
-1.888110
-1.888062
-1.888014
-1.887967
-1.887919
-1.887872
-1.887824
-1.887777
-1.887729
-1.887682
-1.887635
-1.887587
-1.887540
-1.887492
-1.887445
-1.887398
-1.887351
-1.887303
-1.887256
-1.887209
-1.887162
-1.887115
-1.887068
-1.887021
-1.886974
-1.886926
-1.886879
-1.886832
-1.886786
-1.886739
-1.886692
-1.886645
-1.886598
-1.886551
-1.886504
-1.886457
-1.886411
-1.886364
-1.886317
-1.886270
-1.886224
-1.886177
-1.886130
-1.886084
-1.886037
-1.885991
-1.885944
-1.885898
-1.885851
-1.885805
-1.885758
-1.885712
-1.885665
-1.885619
-1.885572
-1.885526
-1.885480
-1.885434
-1.885387
-1.885341
-1.885295
-1.885249
-1.885202
-1.885156
-1.885110
-1.885064
-1.885018
-1.884972
-1.884926
-1.884880
-1.884834
-1.884788
-1.884742
-1.884696
-1.884650
-1.884604
-1.884558
-1.884512
-1.884467
-1.884421
-1.884375
-1.884329
-1.884283
-1.884238
-1.884192
-1.884146
-1.884101
-1.884055
-1.884010
-1.883964
-1.883918
-1.883873
-1.883827
-1.883782
-1.883736
-1.883691
-1.883646
-1.883600
-1.883555
-1.883509
-1.883464
-1.883419
-1.883373
-1.883328
-1.883283
-1.883238
-1.883193
-1.883147
-1.883102
-1.883057
-1.883012
-1.882967
-1.882922
-1.882877
-1.882832
-1.882787
-1.882742
-1.882697
-1.882652
-1.882607
-1.882562
-1.882517
-1.882472
-1.882427
-1.882383
-1.882338
-1.882293
-1.882248
-1.882203
-1.882159
-1.882114
-1.882069
-1.882025
-1.881980
-1.881936
-1.881891
-1.881846
-1.881802
-1.881757
-1.881713
-1.881668
-1.881624
-1.881580
-1.881535
-1.881491
-1.881446
-1.881402
-1.881358
-1.881313
-1.881269
-1.881225
-1.881181
-1.881136
-1.881092
-1.881048
-1.881004
-1.880960
-1.880916
-1.880871
-1.880827
-1.880783
-1.880739
-1.880695
-1.880651
-1.880607
-1.880563
-1.880519
-1.880476
-1.880432
-1.880388
-1.880344
-1.880300
-1.880256
-1.880213
-1.880169
-1.880125
-1.880081
-1.880038
-1.879994
-1.879950
-1.879907
-1.879863
-1.879819
-1.879776
-1.879732
-1.879689
-1.879645
-1.879602
-1.879558
-1.879515
-1.879471
-1.879428
-1.879384
-1.879341
-1.879298
-1.879254
-1.879211
-1.879168
-1.879124
-1.879081
-1.879038
-1.878995
-1.878952
-1.878908
-1.878865
-1.878822
-1.878779
-1.878736
-1.878693
-1.878650
-1.878607
-1.878564
-1.878521
-1.878478
-1.878435
-1.878392
-1.878349
-1.878306
-1.878263
-1.878220
-1.878177
-1.878135
-1.878092
-1.878049
-1.878006
-1.877963
-1.877921
-1.877878
-1.877835
-1.877793
-1.877750
-1.877707
-1.877665
-1.877622
-1.877580
-1.877537
-1.877495
-1.877452
-1.877410
-1.877367
-1.877325
-1.877282
-1.877240
-1.877197
-1.877155
-1.877113
-1.877070
-1.877028
-1.876986
-1.876944
-1.876901
-1.876859
-1.876817
-1.876775
-1.876732
-1.876690
-1.876648
-1.876606
-1.876564
-1.876522
-1.876480
-1.876438
-1.876396
-1.876354
-1.876312
-1.876270
-1.876228
-1.876186
-1.876144
-1.876102
-1.876060
-1.876018
-1.875976
-1.875935
-1.875893
-1.875851
-1.875809
-1.875768
-1.875726
-1.875684
-1.875642
-1.875601
-1.875559
-1.875517
-1.875476
-1.875434
-1.875393
-1.875351
-1.875310
-1.875268
-1.875227
-1.875185
-1.875144
-1.875102
-1.875061
-1.875019
-1.874978
-1.874937
-1.874895
-1.874854
-1.874813
-1.874771
-1.874730
-1.874689
-1.874647
-1.874606
-1.874565
-1.874524
-1.874483
-1.874442
-1.874400
-1.874359
-1.874318
-1.874277
-1.874236
-1.874195
-1.874154
-1.874113
-1.874072
-1.874031
-1.873990
-1.873949
-1.873908
-1.873867
-1.873826
-1.873786
-1.873745
-1.873704
-1.873663
-1.873622
-1.873582
-1.873541
-1.873500
-1.873459
-1.873419
-1.873378
-1.873337
-1.873337
-1.873297
-1.873256
-1.873215
-1.873175
-1.873134
-1.873094
-1.873053
-1.873013
-1.872972
-1.872932
-1.872891
-1.872851
-1.872810
-1.872770
-1.872730
-1.872689
-1.872649
-1.872608
-1.872568
-1.872528
-1.872488
-1.872447
-1.872407
-1.872367
-1.872327
-1.872286
-1.872246
-1.872206
-1.872166
-1.872126
-1.872086
-1.872046
-1.872005
-1.871965
-1.871925
-1.871885
-1.871845
-1.871805
-1.871765
-1.871725
-1.871685
-1.871645
-1.871606
-1.871566
-1.871526
-1.871486
-1.871446
-1.871406
-1.871367
-1.871327
-1.871287
-1.871247
-1.871207
-1.871168
-1.871128
-1.871088
-1.871049
-1.871009
-1.870969
-1.870930
-1.870890
-1.870851
-1.870811
-1.870772
-1.870732
-1.870692
-1.870653
-1.870614
-1.870574
-1.870535
-1.870495
-1.870456
-1.870416
-1.870377
-1.870338
-1.870298
-1.870259
-1.870220
-1.870180
-1.870141
-1.870102
-1.870063
-1.870023
-1.869984
-1.869945
-1.869906
-1.869867
-1.869828
-1.869788
-1.869749
-1.869710
-1.869671
-1.869632
-1.869593
-1.869554
-1.869515
-1.869476
-1.869437
-1.869398
-1.869359
-1.869320
-1.869281
-1.869242
-1.869204
-1.869165
-1.869126
-1.869087
-1.869048
-1.869009
-1.868971
-1.868932
-1.868893
-1.868854
-1.868816
-1.868777
-1.868738
-1.868700
-1.868661
-1.868622
-1.868584
-1.868545
-1.868507
-1.868468
-1.868429
-1.868391
-1.868352
-1.868314
-1.868275
-1.868237
-1.868199
-1.868160
-1.868122
-1.868083
-1.868045
-1.868007
-1.867968
-1.867930
-1.867891
-1.867853
-1.867815
-1.867777
-1.867738
-1.867700
-1.867662
-1.867624
-1.867586
-1.867547
-1.867509
-1.867471
-1.867433
-1.867395
-1.867357
-1.867319
-1.867281
-1.867242
-1.867204
-1.867166
-1.867128
-1.867090
-1.867052
-1.867015
-1.866977
-1.866939
-1.866901
-1.866863
-1.866825
-1.866787
-1.866749
-1.866711
-1.866674
-1.866636
-1.866598
-1.866560
-1.866523
-1.866485
-1.866447
-1.866409
-1.866372
-1.866334
-1.866296
-1.866259
-1.866221
-1.866183
-1.866146
-1.866108
-1.866071
-1.866033
-1.865996
-1.865958
-1.865921
-1.865883
-1.865846
-1.865808
-1.865771
-1.865733
-1.865696
-1.865659
-1.865621
-1.865584
-1.865547
-1.865509
-1.865472
-1.865435
-1.865397
-1.865360
-1.865323
-1.865286
-1.865248
-1.865211
-1.865174
-1.865137
-1.865100
-1.865062
-1.865025
-1.864988
-1.864951
-1.864914
-1.864877
-1.864840
-1.864803
-1.864766
-1.864729
-1.864692
-1.864655
-1.864618
-1.864581
-1.864544
-1.864507
-1.864470
-1.864433
-1.864396
-1.864359
-1.864323
-1.864286
-1.864249
-1.864212
-1.864175
-1.864139
-1.864102
-1.864065
-1.864028
-1.863992
-1.863955
-1.863918
-1.863882
-1.863845
-1.863808
-1.863772
-1.863735
-1.863699
-1.863662
-1.863625
-1.863589
-1.863552
-1.863516
-1.863479
-1.863443
-1.863406
-1.863370
-1.863333
-1.863297
-1.863261
-1.863224
-1.863188
-1.863151
-1.863115
-1.863079
-1.863042
-1.863006
-1.862970
-1.862934
-1.862897
-1.862861
-1.862825
-1.862789
-1.862752
-1.862716
-1.862680
-1.862644
-1.862608
-1.862571
-1.862535
-1.862499
-1.862463
-1.862427
-1.862391
-1.862355
-1.862319
-1.862283
-1.862247
-1.862211
-1.862175
-1.862139
-1.862103
-1.862067
-1.862031
-1.861995
-1.861959
-1.861923
-1.861888
-1.861852
-1.861816
-1.861780
-1.861744
-1.861709
-1.861673
-1.861637
-1.861601
-1.861566
-1.861530
-1.861494
-1.861458
-1.861423
-1.861387
-1.861351
-1.861316
-1.861280
-1.861245
-1.861209
-1.861173
-1.861138
-1.861102
-1.861067
-1.861031
-1.860996
-1.860960
-1.860925
-1.860889
-1.860854
-1.860818
-1.860783
-1.860748
-1.860712
-1.860677
-1.860641
-1.860606
-1.860571
-1.860535
-1.860500
-1.860465
-1.860429
-1.860394
-1.860359
-1.860324
-1.860288
-1.860253
-1.860218
-1.860183
-1.860148
-1.860113
-1.860077
-1.860042
-1.860007
-1.859972
-1.859937
-1.859902
-1.859867
-1.859832
-1.859797
-1.859762
-1.859727
-1.859692
-1.859657
-1.859622
-1.859587
-1.859552
-1.859517
-1.859482
-1.859447
-1.859412
-1.859377
-1.859343
-1.859308
-1.859273
-1.859238
-1.859203
-1.859168
-1.859134
-1.859099
-1.859064
-1.859029
-1.858995
-1.858960
-1.858925
-1.858891
-1.858856
-1.858821
-1.858787
-1.858752
-1.858717
-1.858683
-1.858648
-1.858614
-1.858579
-1.858545
-1.858510
-1.858476
-1.858441
-1.858407
-1.858372
-1.858338
-1.858303
-1.858269
-1.858234
-1.858200
-1.858165
-1.858131
-1.858097
-1.858062
-1.858028
-1.857994
-1.857959
-1.857925
-1.857891
-1.857856
-1.857822
-1.857788
-1.857754
-1.857719
-1.857685
-1.857651
-1.857617
-1.857583
-1.857549
-1.857514
-1.857480
-1.857446
-1.857412
-1.857378
-1.857344
-1.857310
-1.857276
-1.857242
-1.857208
-1.857174
-1.857140
-1.857106
-1.857072
-1.857038
-1.857004
-1.856970
-1.856936
-1.856902
-1.856868
-1.856834
-1.856800
-1.856767
-1.856733
-1.856699
-1.856665
-1.856631
-1.856597
-1.856564
-1.856530
-1.856496
-1.856462
-1.856429
-1.856395
-1.856361
-1.856328
-1.856294
-1.856260
-1.856227
-1.856193
-1.856159
-1.856126
-1.856092
-1.856059
-1.856025
-1.855991
-1.855958
-1.855924
-1.855891
-1.855857
-1.855824
-1.855790
-1.855757
-1.855723
-1.855690
-1.855656
-1.855623
-1.855590
-1.855556
-1.855523
-1.855489
-1.855456
-1.855423
-1.855389
-1.855356
-1.855323
-1.855290
-1.855256
-1.855223
-1.855190
-1.855156
-1.855123
-1.855090
-1.855057
-1.855024
-1.855024
-1.854990
-1.854957
-1.854924
-1.854891
-1.854858
-1.854825
-1.854792
-1.854759
-1.854725
-1.854692
-1.854659
-1.854626
-1.854593
-1.854560
-1.854527
-1.854494
-1.854461
-1.854428
-1.854395
-1.854362
-1.854329
-1.854297
-1.854264
-1.854231
-1.854198
-1.854165
-1.854132
-1.854099
-1.854066
-1.854034
-1.854001
-1.853968
-1.853935
-1.853902
-1.853870
-1.853837
-1.853804
-1.853772
-1.853739
-1.853706
-1.853673
-1.853641
-1.853608
-1.853575
-1.853543
-1.853510
-1.853478
-1.853445
-1.853412
-1.853380
-1.853347
-1.853315
-1.853282
-1.853250
-1.853217
-1.853185
-1.853152
-1.853120
-1.853087
-1.853055
-1.853022
-1.852990
-1.852957
-1.852925
-1.852893
-1.852860
-1.852828
-1.852796
-1.852763
-1.852731
-1.852699
-1.852666
-1.852634
-1.852602
-1.852569
-1.852537
-1.852505
-1.852473
-1.852440
-1.852408
-1.852376
-1.852344
-1.852312
-1.852280
-1.852247
-1.852215
-1.852183
-1.852151
-1.852119
-1.852087
-1.852055
-1.852023
-1.851991
-1.851959
-1.851927
-1.851895
-1.851862
-1.851830
-1.851799
-1.851767
-1.851735
-1.851703
-1.851671
-1.851639
-1.851607
-1.851575
-1.851543
-1.851511
-1.851479
-1.851447
-1.851416
-1.851384
-1.851352
-1.851320
-1.851288
-1.851257
-1.851225
-1.851193
-1.851161
-1.851130
-1.851098
-1.851066
-1.851034
-1.851003
-1.850971
-1.850939
-1.850908
-1.850876
-1.850844
-1.850813
-1.850781
-1.850750
-1.850718
-1.850686
-1.850655
-1.850623
-1.850592
-1.850560
-1.850529
-1.850497
-1.850466
-1.850434
-1.850403
-1.850371
-1.850340
-1.850308
-1.850277
-1.850246
-1.850214
-1.850183
-1.850151
-1.850120
-1.850089
-1.850057
-1.850026
-1.849995
-1.849963
-1.849932
-1.849901
-1.849870
-1.849838
-1.849807
-1.849776
-1.849745
-1.849713
-1.849682
-1.849651
-1.849620
-1.849589
-1.849557
-1.849526
-1.849495
-1.849464
-1.849433
-1.849402
-1.849371
-1.849340
-1.849308
-1.849277
-1.849246
-1.849215
-1.849184
-1.849153
-1.849122
-1.849091
-1.849060
-1.849029
-1.848998
-1.848967
-1.848937
-1.848906
-1.848875
-1.848844
-1.848813
-1.848782
-1.848751
-1.848720
-1.848689
-1.848659
-1.848628
-1.848597
-1.848566
-1.848535
-1.848505
-1.848474
-1.848443
-1.848412
-1.848382
-1.848351
-1.848320
-1.848289
-1.848259
-1.848228
-1.848197
-1.848167
-1.848136
-1.848105
-1.848075
-1.848044
-1.848014
-1.847983
-1.847952
-1.847922
-1.847891
-1.847861
-1.847830
-1.847800
-1.847769
-1.847739
-1.847708
-1.847678
-1.847647
-1.847617
-1.847586
-1.847556
-1.847525
-1.847495
-1.847465
-1.847434
-1.847404
-1.847373
-1.847343
-1.847313
-1.847282
-1.847252
-1.847222
-1.847191
-1.847161
-1.847131
-1.847101
-1.847070
-1.847040
-1.847010
-1.846980
-1.846949
-1.846919
-1.846889
-1.846859
-1.846829
-1.846798
-1.846768
-1.846738
-1.846708
-1.846678
-1.846648
-1.846618
-1.846588
-1.846557
-1.846527
-1.846497
-1.846467
-1.846437
-1.846407
-1.846377
-1.846347
-1.846317
-1.846287
-1.846257
-1.846227
-1.846197
-1.846167
-1.846137
-1.846108
-1.846078
-1.846048
-1.846018
-1.845988
-1.845958
-1.845928
-1.845898
-1.845869
-1.845839
-1.845809
-1.845779
-1.845749
-1.845720
-1.845690
-1.845660
-1.845630
-1.845601
-1.845571
-1.845541
-1.845511
-1.845482
-1.845452
-1.845422
-1.845393
-1.845363
-1.845333
-1.845304
-1.845274
-1.845244
-1.845215
-1.845185
-1.845156
-1.845126
-1.845097
-1.845067
-1.845037
-1.845008
-1.844978
-1.844949
-1.844919
-1.844890
-1.844860
-1.844831
-1.844801
-1.844772
-1.844743
-1.844713
-1.844684
-1.844654
-1.844625
-1.844596
-1.844566
-1.844537
-1.844507
-1.844478
-1.844449
-1.844419
-1.844390
-1.844361
-1.844332
-1.844302
-1.844273
-1.844244
-1.844214
-1.844185
-1.844156
-1.844127
-1.844098
-1.844068
-1.844039
-1.844010
-1.843981
-1.843952
-1.843923
-1.843893
-1.843864
-1.843835
-1.843806
-1.843777
-1.843748
-1.843719
-1.843690
-1.843661
-1.843632
-1.843603
-1.843574
-1.843545
-1.843516
-1.843487
-1.843458
-1.843429
-1.843400
-1.843371
-1.843342
-1.843313
-1.843284
-1.843255
-1.843226
-1.843197
-1.843168
-1.843139
-1.843110
-1.843082
-1.843053
-1.843024
-1.842995
-1.842966
-1.842937
-1.842909
-1.842880
-1.842851
-1.842822
-1.842794
-1.842765
-1.842736
-1.842707
-1.842679
-1.842650
-1.842621
-1.842593
-1.842564
-1.842535
-1.842507
-1.842478
-1.842449
-1.842421
-1.842392
-1.842363
-1.842335
-1.842306
-1.842278
-1.842249
-1.842221
-1.842192
-1.842164
-1.842135
-1.842106
-1.842078
-1.842049
-1.842021
-1.841992
-1.841964
-1.841936
-1.841907
-1.841879
-1.841850
-1.841822
-1.841793
-1.841765
-1.841737
-1.841708
-1.841680
-1.841652
-1.841623
-1.841595
-1.841567
-1.841538
-1.841510
-1.841482
-1.841453
-1.841425
-1.841397
-1.841368
-1.841340
-1.841312
-1.841284
-1.841256
-1.841227
-1.841199
-1.841171
-1.841143
-1.841115
-1.841086
-1.841058
-1.841030
-1.841002
-1.840974
-1.840946
-1.840918
-1.840890
-1.840861
-1.840833
-1.840805
-1.840777
-1.840749
-1.840721
-1.840693
-1.840665
-1.840637
-1.840609
-1.840581
-1.840553
-1.840525
-1.840497
-1.840469
-1.840441
-1.840413
-1.840385
-1.840357
-1.840330
-1.840302
-1.840274
-1.840246
-1.840218
-1.840190
-1.840162
-1.840135
-1.840107
-1.840079
-1.840051
-1.840023
-1.839995
-1.839968
-1.839940
-1.839912
-1.839884
-1.839884
-1.839857
-1.839829
-1.839801
-1.839773
-1.839746
-1.839718
-1.839690
-1.839663
-1.839635
-1.839607
-1.839580
-1.839552
-1.839524
-1.839497
-1.839469
-1.839442
-1.839414
-1.839386
-1.839359
-1.839331
-1.839304
-1.839276
-1.839249
-1.839221
-1.839194
-1.839166
-1.839139
-1.839111
-1.839084
-1.839056
-1.839029
-1.839001
-1.838974
-1.838946
-1.838919
-1.838892
-1.838864
-1.838837
-1.838809
-1.838782
-1.838755
-1.838727
-1.838700
-1.838673
-1.838645
-1.838618
-1.838591
-1.838563
-1.838536
-1.838509
-1.838481
-1.838454
-1.838427
-1.838400
-1.838372
-1.838345
-1.838318
-1.838291
-1.838264
-1.838236
-1.838209
-1.838182
-1.838155
-1.838128
-1.838100
-1.838073
-1.838046
-1.838019
-1.837992
-1.837965
-1.837938
-1.837911
-1.837884
-1.837857
-1.837830
-1.837802
-1.837775
-1.837748
-1.837721
-1.837694
-1.837667
-1.837640
-1.837613
-1.837586
-1.837559
-1.837532
-1.837506
-1.837479
-1.837452
-1.837425
-1.837398
-1.837371
-1.837344
-1.837317
-1.837290
-1.837263
-1.837237
-1.837210
-1.837183
-1.837156
-1.837129
-1.837102
-1.837076
-1.837049
-1.837022
-1.836995
-1.836968
-1.836942
-1.836915
-1.836888
-1.836861
-1.836835
-1.836808
-1.836781
-1.836755
-1.836728
-1.836701
-1.836675
-1.836648
-1.836621
-1.836595
-1.836568
-1.836541
-1.836515
-1.836488
-1.836462
-1.836435
-1.836408
-1.836382
-1.836355
-1.836329
-1.836302
-1.836276
-1.836249
-1.836223
-1.836196
-1.836170
-1.836143
-1.836117
-1.836090
-1.836064
-1.836037
-1.836011
-1.835984
-1.835958
-1.835931
-1.835905
-1.835879
-1.835852
-1.835826
-1.835799
-1.835773
-1.835747
-1.835720
-1.835694
-1.835668
-1.835641
-1.835615
-1.835589
-1.835562
-1.835536
-1.835510
-1.835484
-1.835457
-1.835431
-1.835405
-1.835379
-1.835352
-1.835326
-1.835300
-1.835274
-1.835248
-1.835221
-1.835195
-1.835169
-1.835143
-1.835117
-1.835091
-1.835064
-1.835038
-1.835012
-1.834986
-1.834960
-1.834934
-1.834908
-1.834882
-1.834856
-1.834830
-1.834804
-1.834777
-1.834751
-1.834725
-1.834699
-1.834673
-1.834647
-1.834621
-1.834595
-1.834569
-1.834544
-1.834518
-1.834492
-1.834466
-1.834440
-1.834414
-1.834388
-1.834362
-1.834336
-1.834310
-1.834284
-1.834258
-1.834233
-1.834207
-1.834181
-1.834155
-1.834129
-1.834103
-1.834078
-1.834052
-1.834026
-1.834000
-1.833974
-1.833949
-1.833923
-1.833897
-1.833871
-1.833846
-1.833820
-1.833794
-1.833769
-1.833743
-1.833717
-1.833692
-1.833666
-1.833640
-1.833615
-1.833589
-1.833563
-1.833538
-1.833512
-1.833486
-1.833461
-1.833435
-1.833410
-1.833384
-1.833358
-1.833333
-1.833307
-1.833282
-1.833256
-1.833231
-1.833205
-1.833180
-1.833154
-1.833129
-1.833103
-1.833078
-1.833052
-1.833027
-1.833001
-1.832976
-1.832950
-1.832925
-1.832899
-1.832874
-1.832849
-1.832823
-1.832798
-1.832773
-1.832747
-1.832722
-1.832696
-1.832671
-1.832646
-1.832620
-1.832595
-1.832570
-1.832544
-1.832519
-1.832494
-1.832469
-1.832443
-1.832418
-1.832393
-1.832367
-1.832342
-1.832317
-1.832292
-1.832267
-1.832241
-1.832216
-1.832191
-1.832166
-1.832141
-1.832115
-1.832090
-1.832065
-1.832040
-1.832015
-1.831990
-1.831965
-1.831939
-1.831914
-1.831889
-1.831864
-1.831839
-1.831814
-1.831789
-1.831764
-1.831739
-1.831714
-1.831689
-1.831664
-1.831639
-1.831614
-1.831589
-1.831564
-1.831539
-1.831514
-1.831489
-1.831464
-1.831439
-1.831414
-1.831389
-1.831364
-1.831339
-1.831314
-1.831289
-1.831265
-1.831240
-1.831215
-1.831190
-1.831165
-1.831140
-1.831115
-1.831090
-1.831066
-1.831041
-1.831016
-1.830991
-1.830966
-1.830942
-1.830917
-1.830892
-1.830867
-1.830843
-1.830818
-1.830793
-1.830768
-1.830744
-1.830719
-1.830694
-1.830669
-1.830645
-1.830620
-1.830595
-1.830571
-1.830546
-1.830521
-1.830497
-1.830472
-1.830447
-1.830423
-1.830398
-1.830374
-1.830349
-1.830324
-1.830300
-1.830275
-1.830251
-1.830226
-1.830202
-1.830177
-1.830153
-1.830128
-1.830103
-1.830079
-1.830054
-1.830030
-1.830005
-1.829981
-1.829957
-1.829932
-1.829908
-1.829883
-1.829859
-1.829834
-1.829810
-1.829785
-1.829761
-1.829737
-1.829712
-1.829688
-1.829663
-1.829639
-1.829615
-1.829590
-1.829566
-1.829542
-1.829517
-1.829493
-1.829469
-1.829444
-1.829420
-1.829396
-1.829371
-1.829347
-1.829323
-1.829299
-1.829274
-1.829250
-1.829226
-1.829202
-1.829177
-1.829153
-1.829129
-1.829105
-1.829081
-1.829056
-1.829032
-1.829008
-1.828984
-1.828960
-1.828936
-1.828911
-1.828887
-1.828863
-1.828839
-1.828815
-1.828791
-1.828767
-1.828743
-1.828719
-1.828695
-1.828671
-1.828646
-1.828622
-1.828598
-1.828574
-1.828550
-1.828526
-1.828502
-1.828478
-1.828454
-1.828430
-1.828406
-1.828382
-1.828358
-1.828334
-1.828310
-1.828287
-1.828263
-1.828239
-1.828215
-1.828191
-1.828167
-1.828143
-1.828119
-1.828095
-1.828071
-1.828047
-1.828024
-1.828000
-1.827976
-1.827952
-1.827928
-1.827904
-1.827881
-1.827857
-1.827833
-1.827809
-1.827785
-1.827762
-1.827738
-1.827714
-1.827690
-1.827667
-1.827643
-1.827619
-1.827595
-1.827572
-1.827548
-1.827524
-1.827501
-1.827477
-1.827453
-1.827430
-1.827406
-1.827382
-1.827359
-1.827335
-1.827311
-1.827288
-1.827264
-1.827240
-1.827217
-1.827193
-1.827170
-1.827146
-1.827123
-1.827123
-1.827099
-1.827075
-1.827052
-1.827028
-1.827005
-1.826981
-1.826958
-1.826934
-1.826911
-1.826887
-1.826864
-1.826840
-1.826817
-1.826793
-1.826770
-1.826746
-1.826723
-1.826699
-1.826676
-1.826653
-1.826629
-1.826606
-1.826582
-1.826559
-1.826536
-1.826512
-1.826489
-1.826465
-1.826442
-1.826419
-1.826395
-1.826372
-1.826349
-1.826325
-1.826302
-1.826279
-1.826255
-1.826232
-1.826209
-1.826186
-1.826162
-1.826139
-1.826116
-1.826092
-1.826069
-1.826046
-1.826023
-1.826000
-1.825976
-1.825953
-1.825930
-1.825907
-1.825883
-1.825860
-1.825837
-1.825814
-1.825791
-1.825768
-1.825745
-1.825721
-1.825698
-1.825675
-1.825652
-1.825629
-1.825606
-1.825583
-1.825560
-1.825537
-1.825513
-1.825490
-1.825467
-1.825444
-1.825421
-1.825398
-1.825375
-1.825352
-1.825329
-1.825306
-1.825283
-1.825260
-1.825237
-1.825214
-1.825191
-1.825168
-1.825145
-1.825122
-1.825099
-1.825076
-1.825053
-1.825031
-1.825008
-1.824985
-1.824962
-1.824939
-1.824916
-1.824893
-1.824870
-1.824847
-1.824825
-1.824802
-1.824779
-1.824756
-1.824733
-1.824710
-1.824688
-1.824665
-1.824642
-1.824619
-1.824596
-1.824574
-1.824551
-1.824528
-1.824505
-1.824483
-1.824460
-1.824437
-1.824414
-1.824392
-1.824369
-1.824346
-1.824323
-1.824301
-1.824278
-1.824255
-1.824233
-1.824210
-1.824187
-1.824165
-1.824142
-1.824119
-1.824097
-1.824074
-1.824052
-1.824029
-1.824006
-1.823984
-1.823961
-1.823939
-1.823916
-1.823893
-1.823871
-1.823848
-1.823826
-1.823803
-1.823781
-1.823758
-1.823736
-1.823713
-1.823691
-1.823668
-1.823646
-1.823623
-1.823601
-1.823578
-1.823556
-1.823533
-1.823511
-1.823488
-1.823466
-1.823443
-1.823421
-1.823399
-1.823376
-1.823354
-1.823331
-1.823309
-1.823287
-1.823264
-1.823242
-1.823219
-1.823197
-1.823175
-1.823152
-1.823130
-1.823108
-1.823085
-1.823063
-1.823041
-1.823018
-1.822996
-1.822974
-1.822952
-1.822929
-1.822907
-1.822885
-1.822862
-1.822840
-1.822818
-1.822796
-1.822774
-1.822751
-1.822729
-1.822707
-1.822685
-1.822662
-1.822640
-1.822618
-1.822596
-1.822574
-1.822552
-1.822529
-1.822507
-1.822485
-1.822463
-1.822441
-1.822419
-1.822397
-1.822375
-1.822352
-1.822330
-1.822308
-1.822286
-1.822264
-1.822242
-1.822220
-1.822198
-1.822176
-1.822154
-1.822132
-1.822110
-1.822088
-1.822066
-1.822044
-1.822022
-1.822000
-1.821978
-1.821956
-1.821934
-1.821912
-1.821890
-1.821868
-1.821846
-1.821824
-1.821802
-1.821780
-1.821758
-1.821736
-1.821714
-1.821693
-1.821671
-1.821649
-1.821627
-1.821605
-1.821583
-1.821561
-1.821539
-1.821518
-1.821496
-1.821474
-1.821452
-1.821430
-1.821408
-1.821387
-1.821365
-1.821343
-1.821321
-1.821299
-1.821278
-1.821256
-1.821234
-1.821212
-1.821191
-1.821169
-1.821147
-1.821125
-1.821104
-1.821082
-1.821060
-1.821039
-1.821017
-1.820995
-1.820973
-1.820952
-1.820930
-1.820908
-1.820887
-1.820865
-1.820844
-1.820822
-1.820800
-1.820779
-1.820757
-1.820735
-1.820714
-1.820692
-1.820671
-1.820649
-1.820627
-1.820606
-1.820584
-1.820563
-1.820541
-1.820520
-1.820498
-1.820477
-1.820455
-1.820433
-1.820412
-1.820390
-1.820369
-1.820347
-1.820326
-1.820305
-1.820283
-1.820262
-1.820240
-1.820219
-1.820197
-1.820176
-1.820154
-1.820133
-1.820111
-1.820090
-1.820069
-1.820047
-1.820026
-1.820004
-1.819983
-1.819962
-1.819940
-1.819919
-1.819898
-1.819876
-1.819855
-1.819834
-1.819812
-1.819791
-1.819770
-1.819748
-1.819727
-1.819706
-1.819684
-1.819663
-1.819642
-1.819620
-1.819599
-1.819578
-1.819557
-1.819535
-1.819514
-1.819493
-1.819472
-1.819450
-1.819429
-1.819408
-1.819387
-1.819366
-1.819344
-1.819323
-1.819302
-1.819281
-1.819260
-1.819239
-1.819217
-1.819196
-1.819175
-1.819154
-1.819133
-1.819112
-1.819091
-1.819069
-1.819048
-1.819027
-1.819006
-1.818985
-1.818964
-1.818943
-1.818922
-1.818901
-1.818880
-1.818859
-1.818838
-1.818817
-1.818796
-1.818775
-1.818754
-1.818732
-1.818711
-1.818690
-1.818669
-1.818648
-1.818628
-1.818607
-1.818586
-1.818565
-1.818544
-1.818523
-1.818502
-1.818481
-1.818460
-1.818439
-1.818418
-1.818397
-1.818376
-1.818355
-1.818334
-1.818314
-1.818293
-1.818272
-1.818251
-1.818230
-1.818209
-1.818188
-1.818167
-1.818147
-1.818126
-1.818105
-1.818084
-1.818063
-1.818043
-1.818022
-1.818001
-1.817980
-1.817959
-1.817939
-1.817918
-1.817897
-1.817876
-1.817856
-1.817835
-1.817814
-1.817793
-1.817773
-1.817752
-1.817731
-1.817710
-1.817690
-1.817669
-1.817648
-1.817628
-1.817607
-1.817586
-1.817566
-1.817545
-1.817524
-1.817504
-1.817483
-1.817462
-1.817442
-1.817421
-1.817400
-1.817380
-1.817359
-1.817339
-1.817318
-1.817297
-1.817277
-1.817256
-1.817236
-1.817215
-1.817195
-1.817174
-1.817154
-1.817133
-1.817112
-1.817092
-1.817071
-1.817051
-1.817030
-1.817010
-1.816989
-1.816969
-1.816948
-1.816928
-1.816907
-1.816887
-1.816867
-1.816846
-1.816826
-1.816805
-1.816785
-1.816764
-1.816744
-1.816723
-1.816703
-1.816683
-1.816662
-1.816642
-1.816621
-1.816601
-1.816581
-1.816560
-1.816540
-1.816520
-1.816499
-1.816479
-1.816459
-1.816438
-1.816418
-1.816398
-1.816377
-1.816357
-1.816337
-1.816316
-1.816296
-1.816276
-1.816255
-1.816235
-1.816215
-1.816215
