-0.581190
-0.588751
-0.592096
-0.591444
-0.588062
-0.583889
-0.579845
-0.576159
-0.572836
-0.569833
-0.567110
-0.564636
-0.562386
-0.560343
-0.558493
-0.556827
-0.555336
-0.554014
-0.552856
-0.551859
-0.551022
-0.550344
-0.549825
-0.549466
-0.549268
-0.549232
-0.549358
-0.549646
-0.550096
-0.550708
-0.551482
-0.552418
-0.553516
-0.554771
-0.556177
-0.557724
-0.559399
-0.561187
-0.563072
-0.565038
-0.567069
-0.569151
-0.571269
-0.573413
-0.575574
-0.577745
-0.579923
-0.582109
-0.584307
-0.586523
-0.588760
-0.591022
-0.593307
-0.595611
-0.597926
-0.600241
-0.602539
-0.604798
-0.606990
-0.609077
-0.611008
-0.612719
-0.614139
-0.615209
-0.615910
-0.616270
-0.616354
-0.616241
-0.616006
-0.615707
-0.615381
-0.615052
-0.614731
-0.614421
-0.614120
-0.613825
-0.613531
-0.613233
-0.612925
-0.612605
-0.612268
-0.611911
-0.611532
-0.611130
-0.610702
-0.610250
-0.609772
-0.609269
-0.608741
-0.608188
-0.607612
-0.607013
-0.606393
-0.605750
-0.605088
-0.604405
-0.603703
-0.602983
-0.602244
-0.601489
-0.600720
-0.599938
-0.599148
-0.598352
-0.597549
-0.596739
-0.595922
-0.595099
-0.594271
-0.593438
-0.592601
-0.591760
-0.590915
-0.590066
-0.589212
-0.588352
-0.587487
-0.586618
-0.585751
-0.584884
-0.583999
-0.583174
-0.582439
-0.581660
-0.580870
-0.580098
-0.579153
-0.578096
-0.577149
-0.576209
-0.575229
-0.574253
-0.573282
-0.572312
-0.571343
-0.570377
-0.569415
-0.568457
-0.567504
-0.566559
-0.565623
-0.564696
-0.563778
-0.562868
-0.561964
-0.561066
-0.560170
-0.559275
-0.558381
-0.557485
-0.556586
-0.555684
-0.554778
-0.553867
-0.552951
-0.552030
-0.551102
-0.550168
-0.549228
-0.548281
-0.547327
-0.546365
-0.545396
-0.544419
-0.543434
-0.542441
-0.541440
-0.540430
-0.539411
-0.538384
-0.537348
-0.536303
-0.535249
-0.534187
-0.533115
-0.532035
-0.530946
-0.529849
-0.528744
-0.527630
-0.526508
-0.525379
-0.524242
-0.523098
-0.521947
-0.520790
-0.519627
-0.518458
-0.517284
-0.516104
-0.514920
-0.513732
-0.512540
-0.511345
-0.510147
-0.508948
-0.507746
-0.506544
-0.505340
-0.504136
-0.502932
-0.501728
-0.500523
-0.499318
-0.498112
-0.496906
-0.495700
-0.494496
-0.493294
-0.492095
-0.490900
-0.489708
-0.488519
-0.487332
-0.486145
-0.484958
-0.483774
-0.482593
-0.481413
-0.480236
-0.479057
-0.477877
-0.476694
-0.475510
-0.474327
-0.473147
-0.471971
-0.470798
-0.469629
-0.468465
-0.467305
-0.466150
-0.465000
-0.463854
-0.462712
-0.461573
-0.460438
-0.459307
-0.458179
-0.457055
-0.455936
-0.454823
-0.453718
-0.452624
-0.451700
-0.450900
-0.449577
-0.448461
-0.448076
-0.446333
-0.444564
-0.443534
-0.442393
-0.441253
-0.440153
-0.439082
-0.438021
-0.436980
-0.435949
-0.434939
-0.433939
-0.432958
-0.431986
-0.431032
-0.430084
-0.429153
-0.428228
-0.427318
-0.426413
-0.425521
-0.424633
-0.423757
-0.422884
-0.422021
-0.421162
-0.420310
-0.419463
-0.418622
-0.417788
-0.416960
-0.416139
-0.415328
-0.414526
-0.413735
-0.412956
-0.412190
-0.411435
-0.410690
-0.409956
-0.409232
-0.408519
-0.407815
-0.407122
-0.406438
-0.405764
-0.405100
-0.404446
-0.403801
-0.403167
-0.402542
-0.402542
-0.401927
-0.401323
-0.400729
-0.400145
-0.399571
-0.399008
-0.398456
-0.397915
-0.397386
-0.396870
-0.396366
-0.395874
-0.395392
-0.394921
-0.394459
-0.394006
-0.393562
-0.393128
-0.392702
-0.392285
-0.391878
-0.391479
-0.391088
-0.390706
-0.390331
-0.389965
-0.389605
-0.389254
-0.388908
-0.388574
-0.388240
-0.387922
-0.387598
-0.387298
-0.386981
-0.386701
-0.386388
-0.386131
-0.385819
-0.385587
-0.385276
-0.385066
-0.384758
-0.384560
-0.384256
-0.384058
-0.383754
-0.383547
-0.383235
-0.383014
-0.382686
-0.382445
-0.382090
-0.381824
-0.381429
-0.381131
-0.380684
-0.380350
-0.379842
-0.379478
-0.378915
-0.378540
-0.377945
-0.377602
-0.377004
-0.376718
-0.376148
-0.375911
-0.375421
-0.375231
-0.374868
-0.374753
-0.374551
-0.374547
-0.374536
-0.374681
-0.374872
-0.375178
-0.375520
-0.375916
-0.376312
-0.376727
-0.377123
-0.377536
-0.377914
-0.378315
-0.378656
-0.379041
-0.379321
-0.379694
-0.379897
-0.380271
-0.380395
-0.380787
-0.380858
-0.381266
-0.381324
-0.381710
-0.381785
-0.382116
-0.382221
-0.382492
-0.382636
-0.382867
-0.383048
-0.383265
-0.383476
-0.383699
-0.383929
-0.384167
-0.384414
-0.384669
-0.384931
-0.385202
-0.385480
-0.385766
-0.386059
-0.386359
-0.386664
-0.386975
-0.387290
-0.387610
-0.387933
-0.388260
-0.388590
-0.388924
-0.389262
-0.389604
-0.389951
-0.390304
-0.390662
-0.391027
-0.391399
-0.391779
-0.392167
-0.392565
-0.392973
-0.393391
-0.393821
-0.394263
-0.394718
-0.395187
-0.395669
-0.396165
-0.396676
-0.397201
-0.397740
-0.398291
-0.398855
-0.399429
-0.400012
-0.400600
-0.401191
-0.401780
-0.402364
-0.402938
-0.403496
-0.404034
-0.404546
-0.405027
-0.405473
-0.405879
-0.406243
-0.406561
-0.406832
-0.407055
-0.407230
-0.407356
-0.407434
-0.407465
-0.407452
-0.407396
-0.407299
-0.407165
-0.406996
-0.406796
-0.406567
-0.406313
-0.406038
-0.405745
-0.405437
-0.405117
-0.404790
-0.404458
-0.404123
-0.403790
-0.403460
-0.403135
-0.402819
-0.402514
-0.402220
-0.401941
-0.401677
-0.401431
-0.401203
-0.400995
-0.400808
-0.400642
-0.400499
-0.400378
-0.400281
-0.400208
-0.400158
-0.400132
-0.400130
-0.400151
-0.400195
-0.400262
-0.400350
-0.400460
-0.400590
-0.400739
-0.400906
-0.401089
-0.401287
-0.401499
-0.401722
-0.401955
-0.402196
-0.402442
-0.402691
-0.402941
-0.403190
-0.403436
-0.403676
-0.403907
-0.404129
-0.404339
-0.404535
-0.404715
-0.404879
-0.405025
-0.405153
-0.405261
-0.405350
-0.405420
-0.405471
-0.405502
-0.405516
-0.405512
-0.405491
-0.405455
-0.405404
-0.405340
-0.405264
-0.405175
-0.405075
-0.404961
-0.404833
-0.404684
-0.404500
-0.404253
-0.403862
-0.403099
-0.401440
-0.399537
-0.398848
-0.398461
-0.398111
-0.397780
-0.397488
-0.397251
-0.397074
-0.396961
-0.396915
-0.396939
-0.397032
-0.397196
-0.397431
-0.397735
-0.398108
-0.398548
-0.399053
-0.399619
-0.400243
-0.400922
-0.401650
-0.402422
-0.403231
-0.404071
-0.404933
-0.405807
-0.406686
-0.407558
-0.408414
-0.409245
-0.410042
-0.410799
-0.411510
-0.412172
-0.412782
-0.413339
-0.413845
-0.414300
-0.414707
-0.415067
-0.415385
-0.415663
-0.415904
-0.415904
-0.416112
-0.416289
-0.416440
-0.416566
-0.416672
-0.416759
-0.416831
-0.416891
-0.416941
-0.416982
-0.417019
-0.417052
-0.417084
-0.417116
-0.417152
-0.417191
-0.417236
-0.417289
-0.417350
-0.417421
-0.417503
-0.417596
-0.417702
-0.417822
-0.417955
-0.418102
-0.418263
-0.418439
-0.418629
-0.418834
-0.419052
-0.419283
-0.419527
-0.419783
-0.420050
-0.420326
-0.420612
-0.420905
-0.421205
-0.421510
-0.421819
-0.422131
-0.422444
-0.422757
-0.423068
-0.423377
-0.423683
-0.423984
-0.424280
-0.424569
-0.424851
-0.425126
-0.425392
-0.425649
-0.425898
-0.426137
-0.426368
-0.426589
-0.426801
-0.427003
-0.427197
-0.427382
-0.427559
-0.427728
-0.427890
-0.428044
-0.428191
-0.428332
-0.428467
-0.428596
-0.428720
-0.428839
-0.428954
-0.429065
-0.429172
-0.429275
-0.429376
-0.429473
-0.429568
-0.429660
-0.429750
-0.429838
-0.429923
-0.430007
-0.430089
-0.430169
-0.430247
-0.430324
-0.430398
-0.430471
-0.430542
-0.430611
-0.430678
-0.430743
-0.430805
-0.430865
-0.430923
-0.430979
-0.431032
-0.431082
-0.431129
-0.431174
-0.431216
-0.431255
-0.431290
-0.431323
-0.431353
-0.431379
-0.431403
-0.431423
-0.431440
-0.431454
-0.431464
-0.431472
-0.431476
-0.431478
-0.431476
-0.431471
-0.431463
-0.431452
-0.431439
-0.431422
-0.431403
-0.431381
-0.431357
-0.431330
-0.431300
-0.431268
-0.431233
-0.431196
-0.431157
-0.431115
-0.431071
-0.431025
-0.430977
-0.430927
-0.430874
-0.430820
-0.430763
-0.430705
-0.430644
-0.430582
-0.430518
-0.430451
-0.430383
-0.430313
-0.430241
-0.430167
-0.430091
-0.430013
-0.429934
-0.429852
-0.429769
-0.429684
-0.429596
-0.429507
-0.429416
-0.429324
-0.429229
-0.429132
-0.429034
-0.428934
-0.428832
-0.428728
-0.428623
-0.428515
-0.428407
-0.428296
-0.428184
-0.428071
-0.427956
-0.427840
-0.427722
-0.427603
-0.427484
-0.427363
-0.427241
-0.427119
-0.426995
-0.426872
-0.426747
-0.426623
-0.426498
-0.426373
-0.426248
-0.426123
-0.425998
-0.425874
-0.425750
-0.425626
-0.425502
-0.425380
-0.425257
-0.425135
-0.425014
-0.424893
-0.424773
-0.424654
-0.424534
-0.424415
-0.424297
-0.424179
-0.424060
-0.423942
-0.423824
-0.423705
-0.423587
-0.423467
-0.423347
-0.423226
-0.423105
-0.422982
-0.422857
-0.422731
-0.422603
-0.422473
-0.422341
-0.422205
-0.422067
-0.421925
-0.421780
-0.421629
-0.421474
-0.421313
-0.421146
-0.420971
-0.420787
-0.420594
-0.420389
-0.420173
-0.419943
-0.419698
-0.419438
-0.419165
-0.418880
-0.418588
-0.418297
-0.418015
-0.417751
-0.417514
-0.417309
-0.417136
-0.416998
-0.416892
-0.416816
-0.416770
-0.416750
-0.416755
-0.416782
-0.416829
-0.416894
-0.416976
-0.417071
-0.417179
-0.417296
-0.417422
-0.417555
-0.417693
-0.417833
-0.417976
-0.418117
-0.418255
-0.418388
-0.418513
-0.418626
-0.418726
-0.418808
-0.418871
-0.418912
-0.418928
-0.418918
-0.418879
-0.418810
-0.418709
-0.418577
-0.418413
-0.418216
-0.417988
-0.417729
-0.417439
-0.417120
