-0.752135
-0.773266
-0.781463
-0.781919
-0.777811
-0.771402
-0.763957
-0.756084
-0.748082
-0.740108
-0.732257
-0.724590
-0.717143
-0.709939
-0.702992
-0.696306
-0.689885
-0.683731
-0.677846
-0.672236
-0.666904
-0.661856
-0.657097
-0.652629
-0.648453
-0.644563
-0.640950
-0.637605
-0.634514
-0.631668
-0.629058
-0.626680
-0.624527
-0.622594
-0.620868
-0.619336
-0.617980
-0.616782
-0.615723
-0.614787
-0.613960
-0.613230
-0.612588
-0.612025
-0.611531
-0.611101
-0.610729
-0.610413
-0.610151
-0.609946
-0.609803
-0.609726
-0.609713
-0.609759
-0.609858
-0.610000
-0.610180
-0.610388
-0.610618
-0.610860
-0.611102
-0.611326
-0.611510
-0.611630
-0.611671
-0.611626
-0.611500
-0.611306
-0.611056
-0.610765
-0.610444
-0.610100
-0.609740
-0.609366
-0.608981
-0.608589
-0.608191
-0.607788
-0.607383
-0.606978
-0.606573
-0.606172
-0.605775
-0.605384
-0.605001
-0.604627
-0.604263
-0.603911
-0.603571
-0.603245
-0.602932
-0.602633
-0.602349
-0.602080
-0.601826
-0.601586
-0.601362
-0.601152
-0.600958
-0.600780
-0.600621
-0.600481
-0.600363
-0.600267
-0.600192
-0.600139
-0.600106
-0.600093
-0.600100
-0.600126
-0.600169
-0.600228
-0.600303
-0.600391
-0.600492
-0.600603
-0.600723
-0.600851
-0.600986
-0.601127
-0.601266
-0.601444
-0.601681
-0.601913
-0.602104
-0.602375
-0.602592
-0.602842
-0.603221
-0.603601
-0.603942
-0.604304
-0.604692
-0.605102
-0.605539
-0.606011
-0.606520
-0.607071
-0.607665
-0.608302
-0.608975
-0.609677
-0.610397
-0.611125
-0.611850
-0.612562
-0.613256
-0.613926
-0.614568
-0.615181
-0.615763
-0.616314
-0.616833
-0.617323
-0.617784
-0.618216
-0.618621
-0.619000
-0.619354
-0.619685
-0.619992
-0.620278
-0.620542
-0.620785
-0.621009
-0.621214
-0.621401
-0.621570
-0.621722
-0.621858
-0.621978
-0.622084
-0.622174
-0.622251
-0.622315
-0.622366
-0.622405
-0.622432
-0.622448
-0.622454
-0.622449
-0.622435
-0.622411
-0.622379
-0.622339
-0.622291
-0.622236
-0.622174
-0.622106
-0.622031
-0.621950
-0.621864
-0.621772
-0.621676
-0.621575
-0.621471
-0.621364
-0.621254
-0.621143
-0.621031
-0.620917
-0.620802
-0.620686
-0.620567
-0.620445
-0.620319
-0.620192
-0.620065
-0.619940
-0.619820
-0.619706
-0.619602
-0.619508
-0.619417
-0.619324
-0.619232
-0.619143
-0.619062
-0.618987
-0.618916
-0.618841
-0.618756
-0.618656
-0.618547
-0.618436
-0.618328
-0.618222
-0.618121
-0.618022
-0.617928
-0.617836
-0.617747
-0.617661
-0.617577
-0.617496
-0.617416
-0.617339
-0.617263
-0.617188
-0.617115
-0.617043
-0.616972
-0.616902
-0.616833
-0.616766
-0.616694
-0.616625
-0.616558
-0.616490
-0.616399
-0.616327
-0.616254
-0.616185
-0.616095
-0.616011
-0.615923
-0.615830
-0.615733
-0.615631
-0.615525
-0.615414
-0.615297
-0.615175
-0.615048
-0.614914
-0.614774
-0.614628
-0.614477
-0.614318
-0.614153
-0.613981
-0.613802
-0.613613
-0.613416
-0.613209
-0.612989
-0.612756
-0.612507
-0.612239
-0.611949
-0.611635
-0.611294
-0.610924
-0.610525
-0.610097
-0.609639
-0.609152
-0.608636
-0.608090
-0.607513
-0.606904
-0.606261
-0.605580
-0.604858
-0.604090
-0.603271
-0.602396
-0.601459
-0.600455
-0.599381
-0.599381
-0.598234
-0.597012
-0.595711
-0.594326
-0.592850
-0.591275
-0.589595
-0.587809
-0.585923
-0.583957
-0.581939
-0.579904
-0.577882
-0.575897
-0.573960
-0.572082
-0.570272
-0.568545
-0.566919
-0.565412
-0.564043
-0.562825
-0.561767
-0.560875
-0.560156
-0.559610
-0.559245
-0.559052
-0.559042
-0.559194
-0.559520
-0.559978
-0.560596
-0.561299
-0.562147
-0.563018
-0.564031
-0.564993
-0.566114
-0.567104
-0.568295
-0.569270
-0.570503
-0.571435
-0.572686
-0.573577
-0.574843
-0.575733
-0.577029
-0.577943
-0.579282
-0.580242
-0.581628
-0.582665
-0.584074
-0.585139
-0.586503
-0.587515
-0.588800
-0.589728
-0.590937
-0.591778
-0.592919
-0.593684
-0.594755
-0.595463
-0.596457
-0.597125
-0.598041
-0.598681
-0.599519
-0.600139
-0.600904
-0.601507
-0.602202
-0.602792
-0.603423
-0.603994
-0.604575
-0.605119
-0.605659
-0.606174
-0.606682
-0.607170
-0.607650
-0.608111
-0.608567
-0.609001
-0.609436
-0.609843
-0.610261
-0.610641
-0.611047
-0.611399
-0.611795
-0.612119
-0.612505
-0.612807
-0.613176
-0.613463
-0.613809
-0.614088
-0.614410
-0.614683
-0.614980
-0.615247
-0.615522
-0.615781
-0.616038
-0.616286
-0.616529
-0.616764
-0.616994
-0.617218
-0.617436
-0.617648
-0.617855
-0.618056
-0.618253
-0.618444
-0.618631
-0.618813
-0.618991
-0.619164
-0.619334
-0.619500
-0.619662
-0.619820
-0.619975
-0.620127
-0.620276
-0.620422
-0.620566
-0.620706
-0.620844
-0.620980
-0.621113
-0.621244
-0.621373
-0.621500
-0.621625
-0.621748
-0.621869
-0.621988
-0.622105
-0.622221
-0.622334
-0.622446
-0.622556
-0.622664
-0.622770
-0.622875
-0.622978
-0.623079
-0.623178
-0.623276
-0.623372
-0.623466
-0.623559
-0.623650
-0.623740
-0.623828
-0.623915
-0.624000
-0.624084
-0.624166
-0.624248
-0.624328
-0.624407
-0.624485
-0.624561
-0.624637
-0.624712
-0.624786
-0.624858
-0.624930
-0.625002
-0.625072
-0.625141
-0.625210
-0.625279
-0.625346
-0.625413
-0.625479
-0.625545
-0.625611
-0.625675
-0.625740
-0.625804
-0.625868
-0.625931
-0.625994
-0.626056
-0.626119
-0.626181
-0.626243
-0.626304
-0.626366
-0.626427
-0.626488
-0.626549
-0.626610
-0.626670
-0.626731
-0.626791
-0.626851
-0.626912
-0.626972
-0.627031
-0.627091
-0.627151
-0.627210
-0.627270
-0.627329
-0.627388
-0.627448
-0.627507
-0.627566
-0.627625
-0.627684
-0.627743
-0.627801
-0.627860
-0.627919
-0.627977
-0.628036
-0.628094
-0.628153
-0.628211
-0.628269
-0.628327
-0.628385
-0.628443
-0.628501
-0.628558
-0.628616
-0.628673
-0.628730
-0.628786
-0.628842
-0.628898
-0.628954
-0.629009
-0.629064
-0.629119
-0.629173
-0.629227
-0.629281
-0.629334
-0.629388
-0.629441
-0.629495
-0.629549
-0.629606
-0.629668
-0.629737
-0.629793
-0.629835
-0.629894
-0.629952
-0.630007
-0.630062
-0.630116
-0.630170
-0.630224
-0.630277
-0.630330
-0.630383
-0.630436
-0.630488
-0.630541
-0.630593
-0.630645
-0.630697
-0.630749
-0.630801
-0.630853
-0.630906
-0.630958
-0.631010
-0.631063
-0.631116
-0.631169
-0.631222
-0.631276
-0.631331
-0.631385
-0.631441
-0.631496
-0.631553
-0.631610
-0.631667
-0.631725
-0.631784
-0.631843
-0.631902
-0.631962
-0.632022
-0.632083
-0.632083
-0.632144
-0.632205
-0.632267
-0.632329
-0.632391
-0.632453
-0.632516
-0.632579
-0.632642
-0.632706
-0.632769
-0.632833
-0.632897
-0.632961
-0.633026
-0.633090
-0.633155
-0.633220
-0.633285
-0.633350
-0.633415
-0.633480
-0.633545
-0.633611
-0.633676
-0.633742
-0.633807
-0.633873
-0.633939
-0.634005
-0.634070
-0.634136
-0.634202
-0.634268
-0.634334
-0.634400
-0.634466
-0.634532
-0.634598
-0.634664
-0.634730
-0.634797
-0.634863
-0.634929
-0.634995
-0.635062
-0.635128
-0.635194
-0.635261
-0.635327
-0.635394
-0.635460
-0.635527
-0.635594
-0.635660
-0.635727
-0.635794
-0.635860
-0.635927
-0.635994
-0.636061
-0.636127
-0.636194
-0.636261
-0.636328
-0.636394
-0.636461
-0.636528
-0.636594
-0.636661
-0.636727
-0.636794
-0.636860
-0.636927
-0.636993
-0.637060
-0.637126
-0.637192
-0.637258
-0.637325
-0.637391
-0.637457
-0.637523
-0.637589
-0.637654
-0.637720
-0.637786
-0.637851
-0.637917
-0.637983
-0.638048
-0.638113
-0.638179
-0.638244
-0.638309
-0.638374
-0.638439
-0.638504
-0.638569
-0.638634
-0.638699
-0.638763
-0.638828
-0.638893
-0.638957
-0.639021
-0.639086
-0.639150
-0.639214
-0.639278
-0.639342
-0.639406
-0.639470
-0.639534
-0.639598
-0.639661
-0.639725
-0.639788
-0.639851
-0.639915
-0.639978
-0.640041
-0.640104
-0.640167
-0.640230
-0.640292
-0.640355
-0.640417
-0.640480
-0.640542
-0.640604
-0.640666
-0.640728
-0.640790
-0.640852
-0.640913
-0.640975
-0.641036
-0.641097
-0.641158
-0.641219
-0.641280
-0.641341
-0.641402
-0.641462
-0.641522
-0.641582
-0.641643
-0.641702
-0.641762
-0.641822
-0.641881
-0.641941
-0.642000
-0.642059
-0.642118
-0.642177
-0.642235
-0.642294
-0.642352
-0.642410
-0.642468
-0.642526
-0.642584
-0.642641
-0.642699
-0.642756
-0.642813
-0.642870
-0.642926
-0.642983
-0.643039
-0.643095
-0.643151
-0.643207
-0.643263
-0.643318
-0.643374
-0.643429
-0.643484
-0.643538
-0.643593
-0.643647
-0.643702
-0.643756
-0.643809
-0.643863
-0.643916
-0.643970
-0.644023
-0.644076
-0.644128
-0.644181
-0.644233
-0.644285
-0.644337
-0.644389
-0.644440
-0.644491
-0.644542
-0.644593
-0.644644
-0.644694
-0.644745
-0.644795
-0.644845
-0.644894
-0.644944
-0.644993
-0.645042
-0.645091
-0.645140
-0.645188
-0.645237
-0.645285
-0.645333
-0.645380
-0.645428
-0.645475
-0.645522
-0.645569
-0.645616
-0.645662
-0.645709
-0.645755
-0.645801
-0.645846
-0.645892
-0.645937
-0.645982
-0.646027
-0.646072
-0.646117
-0.646161
-0.646206
-0.646249
-0.646293
-0.646336
-0.646379
-0.646422
-0.646464
-0.646505
-0.646546
-0.646587
-0.646627
-0.646667
-0.646706
-0.646745
-0.646783
-0.646822
-0.646859
-0.646897
-0.646934
-0.646970
-0.647007
-0.647042
-0.647078
-0.647113
-0.647148
-0.647182
-0.647216
-0.647249
-0.647283
-0.647315
-0.647348
-0.647380
-0.647412
-0.647443
-0.647475
-0.647505
-0.647536
-0.647566
-0.647596
-0.647626
-0.647655
-0.647684
-0.647713
-0.647741
-0.647770
-0.647798
-0.647825
