0.061745
0.102751
0.117448
0.123235
0.125195
0.125457
0.124901
0.123874
0.122516
0.120898
0.119070
0.117076
0.114949
0.112721
0.110413
0.108041
0.105613
0.103131
0.100588
0.097973
0.095263
0.092431
0.089440
0.086245
0.082794
0.079034
0.074917
0.070405
0.065477
0.060139
0.054422
0.048382
0.042095
0.035648
0.029134
0.022643
0.016255
0.010039
0.004048
-0.001679
-0.007120
-0.012264
-0.017116
-0.021691
-0.026020
-0.030155
-0.034166
-0.038142
-0.042193
-0.046449
-0.051038
-0.056053
-0.061545
-0.067524
-0.073969
-0.080824
-0.088011
-0.095432
-0.102979
-0.110549
-0.118056
-0.125464
-0.132780
-0.140016
-0.147164
-0.154202
-0.161116
-0.167907
-0.174583
-0.181151
-0.187613
-0.193968
-0.200210
-0.206332
-0.212328
-0.218192
-0.223920
-0.229509
-0.234958
-0.240264
-0.245429
-0.250451
-0.255331
-0.260068
-0.264664
-0.269117
-0.273427
-0.277595
-0.281620
-0.285500
-0.289235
-0.292824
-0.296266
-0.299557
-0.302698
-0.305685
-0.308518
-0.311199
-0.313730
-0.316121
-0.318389
-0.320559
-0.322655
-0.324689
-0.326651
-0.328522
-0.330299
-0.331990
-0.333607
-0.335153
-0.336630
-0.338032
-0.339355
-0.340592
-0.341733
-0.342771
-0.343697
-0.344505
-0.345205
-0.345836
-0.346374
-0.346802
-0.348024
-0.349344
-0.350232
-0.351413
-0.352145
-0.352427
-0.353335
-0.354118
-0.354491
-0.354864
-0.355305
-0.355768
-0.356265
-0.356802
-0.357364
-0.357936
-0.358506
-0.359061
-0.359594
-0.360106
-0.360597
-0.361072
-0.361533
-0.361981
-0.362416
-0.362837
-0.363244
-0.363635
-0.364012
-0.364374
-0.364722
-0.365057
-0.365378
-0.365687
-0.365984
-0.366269
-0.366543
-0.366806
-0.367059
-0.367301
-0.367533
-0.367754
-0.367966
-0.368168
-0.368360
-0.368542
-0.368714
-0.368877
-0.369029
-0.369171
-0.369303
-0.369426
-0.369537
-0.369639
-0.369730
-0.369811
-0.369882
-0.369942
-0.369991
-0.370030
-0.370059
-0.370077
-0.370085
-0.370083
-0.370070
-0.370048
-0.370015
-0.369972
-0.369920
-0.369858
-0.369787
-0.369706
-0.369617
-0.369518
-0.369411
-0.369296
-0.369172
-0.369041
-0.368901
-0.368754
-0.368600
-0.368437
-0.368268
-0.368092
-0.367908
-0.367718
-0.367520
-0.367317
-0.367106
-0.366889
-0.366666
-0.366436
-0.366199
-0.365956
-0.365705
-0.365448
-0.365184
-0.364913
-0.364634
-0.364347
-0.364051
-0.363747
-0.363435
-0.363114
-0.362784
-0.362445
-0.362097
-0.361739
-0.361371
-0.360992
-0.360600
-0.360194
-0.359774
-0.359338
-0.358886
-0.358420
-0.357943
-0.357456
-0.356966
-0.356476
-0.355992
-0.355523
-0.355079
-0.354955
-0.354527
-0.354171
-0.353808
-0.353858
-0.354241
-0.355017
-0.356208
-0.357235
-0.358062
-0.358754
-0.359335
-0.359846
-0.360291
-0.360697
-0.361058
-0.361398
-0.361705
-0.362002
-0.362273
-0.362543
-0.362791
-0.363042
-0.363277
-0.363518
-0.363748
-0.363984
-0.364216
-0.364455
-0.364695
-0.364942
-0.365195
-0.365458
-0.365732
-0.366018
-0.366318
-0.366634
-0.366967
-0.367317
-0.367682
-0.368058
-0.368443
-0.368831
-0.369221
-0.369612
-0.370005
-0.370400
-0.370800
-0.371204
-0.371616
-0.372035
-0.372465
-0.372905
-0.373358
-0.373824
-0.373824
-0.374304
-0.374799
-0.375310
-0.375836
-0.376379
-0.376939
-0.377514
-0.378105
-0.378710
-0.379328
-0.379956
-0.380593
-0.381237
-0.381888
-0.382546
-0.383211
-0.383882
-0.384561
-0.385246
-0.385939
-0.386641
-0.387350
-0.388068
-0.388792
-0.389526
-0.390265
-0.391014
-0.391765
-0.392529
-0.393289
-0.394066
-0.394832
-0.395624
-0.396390
-0.397198
-0.397961
-0.398786
-0.399540
-0.400384
-0.401125
-0.401988
-0.402717
-0.403590
-0.404312
-0.405186
-0.405909
-0.406774
-0.407505
-0.408356
-0.409095
-0.409925
-0.410662
-0.411457
-0.412175
-0.412915
-0.413589
-0.414251
-0.414858
-0.415425
-0.415946
-0.416429
-0.416864
-0.417341
-0.417722
-0.418354
-0.418752
-0.419624
-0.420158
-0.421197
-0.422005
-0.423130
-0.424264
-0.425490
-0.426898
-0.428300
-0.429917
-0.431532
-0.433302
-0.435071
-0.436882
-0.438646
-0.440367
-0.442017
-0.443607
-0.445137
-0.446612
-0.448042
-0.449420
-0.450774
-0.452067
-0.453376
-0.454593
-0.455902
-0.457041
-0.458400
-0.459467
-0.460906
-0.461937
-0.463435
-0.464487
-0.465991
-0.467110
-0.468586
-0.469794
-0.471235
-0.472528
-0.473941
-0.475294
-0.476692
-0.478073
-0.479465
-0.480851
-0.482234
-0.483608
-0.484971
-0.486317
-0.487642
-0.488940
-0.490207
-0.491438
-0.492628
-0.493775
-0.494877
-0.495934
-0.496944
-0.497910
-0.498833
-0.499714
-0.500555
-0.501358
-0.502124
-0.502857
-0.503556
-0.504225
-0.504864
-0.505475
-0.506059
-0.506618
-0.507152
-0.507662
-0.508151
-0.508618
-0.509065
-0.509492
-0.509901
-0.510292
-0.510666
-0.511024
-0.511366
-0.511693
-0.512006
-0.512305
-0.512591
-0.512864
-0.513125
-0.513375
-0.513613
-0.513841
-0.514058
-0.514266
-0.514465
-0.514656
-0.514840
-0.515017
-0.515188
-0.515354
-0.515515
-0.515673
-0.515828
-0.515982
-0.516134
-0.516286
-0.516438
-0.516591
-0.516746
-0.516903
-0.517063
-0.517228
-0.517396
-0.517569
-0.517748
-0.517932
-0.518122
-0.518319
-0.518522
-0.518732
-0.518950
-0.519175
-0.519408
-0.519649
-0.519898
-0.520155
-0.520420
-0.520694
-0.520976
-0.521268
-0.521568
-0.521878
-0.522197
-0.522526
-0.522864
-0.523212
-0.523569
-0.523936
-0.524314
-0.524700
-0.525097
-0.525502
-0.525917
-0.526341
-0.526774
-0.527215
-0.527664
-0.528120
-0.528583
-0.529052
-0.529527
-0.530007
-0.530491
-0.530979
-0.531469
-0.531962
-0.532456
-0.532951
-0.533446
-0.533940
-0.534434
-0.534926
-0.535417
-0.535906
-0.536392
-0.536877
-0.537359
-0.537840
-0.538319
-0.538797
-0.539274
-0.539751
-0.540227
-0.540703
-0.541180
-0.541657
-0.542135
-0.542614
-0.543094
-0.543575
-0.544057
-0.544539
-0.545023
-0.545508
-0.545994
-0.546481
-0.546967
-0.547452
-0.547939
-0.548512
-0.549325
-0.549906
-0.550523
-0.551064
-0.551539
-0.552004
-0.552488
-0.552994
-0.553521
-0.554067
-0.554634
-0.555222
-0.555832
-0.556462
-0.557112
-0.557779
-0.558463
-0.559160
-0.559868
-0.560584
-0.561306
-0.562029
-0.562751
-0.563469
-0.564179
-0.564877
-0.565561
-0.566228
-0.566875
-0.567499
-0.568099
-0.568674
-0.569222
-0.569743
-0.570239
-0.570709
-0.571156
-0.571580
-0.571984
-0.572370
-0.572738
-0.573092
-0.573432
-0.573432
-0.573762
-0.574081
-0.574392
-0.574697
-0.574996
-0.575291
-0.575583
-0.575873
-0.576162
-0.576451
-0.576741
-0.577033
-0.577326
-0.577623
-0.577922
-0.578225
-0.578533
-0.578845
-0.579161
-0.579483
-0.579810
-0.580143
-0.580481
-0.580824
-0.581173
-0.581528
-0.581888
-0.582253
-0.582623
-0.582999
-0.583378
-0.583762
-0.584149
-0.584540
-0.584934
-0.585330
-0.585728
-0.586128
-0.586528
-0.586929
-0.587329
-0.587729
-0.588128
-0.588525
-0.588920
-0.589313
-0.589703
-0.590090
-0.590474
-0.590855
-0.591231
-0.591605
-0.591975
-0.592341
-0.592703
-0.593062
-0.593418
-0.593770
-0.594119
-0.594465
-0.594809
-0.595150
-0.595488
-0.595825
-0.596159
-0.596492
-0.596823
-0.597153
-0.597481
-0.597808
-0.598135
-0.598460
-0.598785
-0.599110
-0.599433
-0.599757
-0.600080
-0.600403
-0.600725
-0.601047
-0.601369
-0.601691
-0.602013
-0.602334
-0.602655
-0.602976
-0.603297
-0.603617
-0.603936
-0.604256
-0.604574
-0.604893
-0.605210
-0.605527
-0.605844
-0.606160
-0.606474
-0.606789
-0.607102
-0.607414
-0.607726
-0.608037
-0.608346
-0.608655
-0.608963
-0.609270
-0.609576
-0.609881
-0.610186
-0.610489
-0.610792
-0.611093
-0.611394
-0.611694
-0.611993
-0.612292
-0.612589
-0.612887
-0.613183
-0.613479
-0.613774
-0.614069
-0.614363
-0.614657
-0.614950
-0.615243
-0.615535
-0.615828
-0.616119
-0.616411
-0.616702
-0.616994
-0.617285
-0.617576
-0.617866
-0.618157
-0.618448
-0.618738
-0.619029
-0.619320
-0.619610
-0.619901
-0.620192
-0.620483
-0.620774
-0.621065
-0.621357
-0.621649
-0.621941
-0.622233
-0.622525
-0.622818
-0.623112
-0.623405
-0.623699
-0.623994
-0.624289
-0.624584
-0.624881
-0.625177
-0.625474
-0.625772
-0.626071
-0.626370
-0.626670
-0.626971
-0.627273
-0.627576
-0.627879
-0.628184
-0.628489
-0.628796
-0.629103
-0.629412
-0.629722
-0.630033
-0.630346
-0.630659
-0.630974
-0.631291
-0.631608
-0.631927
-0.632248
-0.632570
-0.632894
-0.633219
-0.633545
-0.633873
-0.634203
-0.634535
-0.634867
-0.635202
-0.635538
-0.635876
-0.636215
-0.636556
-0.636899
-0.637243
-0.637589
-0.637936
-0.638285
-0.638636
-0.638988
-0.639342
-0.639698
-0.640055
-0.640414
-0.640775
-0.641137
-0.641502
-0.641868
-0.642235
-0.642605
-0.642977
-0.643351
-0.643727
-0.644105
-0.644486
-0.644869
-0.645256
-0.645645
-0.646037
-0.646433
-0.646833
-0.647237
-0.647646
-0.648060
-0.648480
-0.648907
-0.649341
-0.649783
-0.650235
-0.650698
-0.651172
-0.651660
-0.652160
-0.652673
-0.653198
-0.653733
-0.654277
-0.654828
-0.655387
-0.655954
-0.656529
-0.657114
-0.657709
-0.658315
-0.658931
-0.659558
-0.660193
-0.660838
-0.661490
-0.662148
-0.662811
-0.663478
-0.664147
-0.664818
-0.665487
-0.666155
-0.666820
-0.667480
-0.668134
-0.668781
-0.669420
-0.670050
-0.670671
-0.671281
-0.671881
-0.672469
-0.673046
-0.673611
-0.674165
-0.674708
-0.675239
-0.675760
-0.676270
-0.676770
-0.677260
-0.677741
-0.678213
-0.678676
