0.414507
0.419473
0.421497
0.422566
0.423340
0.423969
0.424503
0.424971
0.425391
0.425772
0.426121
0.426448
0.426761
0.427073
0.427398
0.427754
0.428160
0.428637
0.429210
0.429902
0.430738
0.431741
0.432928
0.434311
0.435894
0.437669
0.439619
0.441713
0.443915
0.446185
0.448481
0.450763
0.452995
0.455147
0.457194
0.459119
0.460912
0.462573
0.464106
0.465522
0.466833
0.468054
0.469203
0.470293
0.471339
0.472353
0.473347
0.474327
0.475298
0.476262
0.477217
0.478163
0.479101
0.480037
0.480975
0.481923
0.482887
0.483875
0.484897
0.485965
0.487095
0.488307
0.489629
0.491088
0.492707
0.494491
0.496427
0.498484
0.500627
0.502817
0.505025
0.507228
0.509410
0.511560
0.513670
0.515736
0.517754
0.519724
0.521644
0.523513
0.525331
0.527100
0.528818
0.530487
0.532108
0.533681
0.535208
0.536690
0.538127
0.539523
0.540877
0.542193
0.543470
0.544712
0.545920
0.547095
0.548238
0.549353
0.550440
0.551501
0.552538
0.553553
0.554548
0.555524
0.556484
0.557428
0.558357
0.559272
0.560175
0.561067
0.561948
0.562819
0.563682
0.564537
0.565383
0.566223
0.567057
0.567884
0.568706
0.569523
0.570333
0.571147
0.571975
0.572778
0.573607
0.574409
0.575195
0.576005
0.576826
0.577642
0.578466
0.579299
0.580143
0.581001
0.581878
0.582780
0.583711
0.584679
0.585687
0.586743
0.587850
0.589011
0.590229
0.591502
0.592830
0.594210
0.595638
0.597110
0.598622
0.600169
0.601747
0.603350
0.604974
0.606615
0.608267
0.609926
0.611589
0.613251
0.614907
0.616554
0.618188
0.619803
0.621396
0.622963
0.624499
0.626001
0.627465
0.628887
0.630265
0.631594
0.632874
0.634101
0.635274
0.636392
0.637453
0.638456
0.639402
0.640292
0.641124
0.641901
0.642623
0.643291
0.643907
0.644473
0.644992
0.645466
0.645897
0.646287
0.646639
0.646953
0.647233
0.647481
0.647699
0.647891
0.648058
0.648204
0.648331
0.648442
0.648540
0.648626
0.648702
0.648769
0.648823
0.648864
0.648890
0.648902
0.648905
0.648903
0.648904
0.648912
0.648934
0.648975
0.649036
0.649101
0.649156
0.649206
0.649261
0.649329
0.649408
0.649491
0.649561
0.649600
0.649602
0.649582
0.649559
0.649543
0.649537
0.649541
0.649555
0.649579
0.649610
0.649650
0.649697
0.649750
0.649809
0.649873
0.649943
0.650019
0.650099
0.650184
0.650273
0.650367
0.650465
0.650563
0.650707
0.650830
0.650881
0.650986
0.651357
0.651582
0.651568
0.651726
0.651783
0.651888
0.651998
0.652092
0.652176
0.652251
0.652318
0.652375
0.652425
0.652466
0.652501
0.652527
0.652549
0.652563
0.652573
0.652576
0.652576
0.652570
0.652561
0.652546
0.652526
0.652501
0.652471
0.652435
0.652392
0.652341
0.652281
0.652211
0.652131
0.652041
0.651942
0.651834
0.651718
0.651597
0.651470
0.651339
0.651205
0.651067
0.650928
0.650786
0.650641
0.650494
0.650344
0.650191
0.650034
0.649875
0.649713
0.649549
0.649549
0.649386
0.649223
0.649061
0.648902
0.648745
0.648590
0.648438
0.648290
0.648147
0.648011
0.647884
0.647769
0.647665
0.647573
0.647491
0.647421
0.647359
0.647307
0.647262
0.647225
0.647195
0.647171
0.647153
0.647140
0.647132
0.647129
0.647129
0.647133
0.647140
0.647152
0.647165
0.647184
0.647202
0.647227
0.647247
0.647278
0.647299
0.647334
0.647354
0.647394
0.647410
0.647455
0.647468
0.647515
0.647524
0.647571
0.647578
0.647625
0.647633
0.647681
0.647693
0.647747
0.647765
0.647829
0.647854
0.647926
0.647950
0.648027
0.648045
0.648126
0.648137
0.648221
0.648223
0.648307
0.648303
0.648382
0.648373
0.648446
0.648437
0.648502
0.648497
0.648552
0.648554
0.648599
0.648610
0.648645
0.648663
0.648693
0.648712
0.648735
0.648752
0.648769
0.648780
0.648793
0.648799
0.648807
0.648806
0.648810
0.648800
0.648803
0.648783
0.648786
0.648757
0.648762
0.648726
0.648734
0.648695
0.648700
0.648662
0.648662
0.648627
0.648621
0.648592
0.648580
0.648558
0.648543
0.648525
0.648510
0.648495
0.648482
0.648469
0.648458
0.648448
0.648439
0.648431
0.648425
0.648419
0.648415
0.648411
0.648409
0.648407
0.648405
0.648405
0.648404
0.648404
0.648405
0.648406
0.648407
0.648409
0.648411
0.648414
0.648418
0.648422
0.648427
0.648432
0.648438
0.648445
0.648453
0.648461
0.648471
0.648481
0.648492
0.648504
0.648517
0.648530
0.648545
0.648560
0.648576
0.648592
0.648609
0.648626
0.648643
0.648660
0.648677
0.648693
0.648709
0.648723
0.648737
0.648748
0.648759
0.648767
0.648774
0.648779
0.648782
0.648783
0.648781
0.648778
0.648773
0.648766
0.648757
0.648747
0.648735
0.648721
0.648707
0.648691
0.648675
0.648658
0.648640
0.648622
0.648603
0.648584
0.648565
0.648546
0.648527
0.648508
0.648490
0.648472
0.648454
0.648436
0.648419
0.648402
0.648386
0.648370
0.648355
0.648340
0.648326
0.648312
0.648299
0.648286
0.648273
0.648262
0.648250
0.648239
0.648229
0.648219
0.648209
0.648199
0.648190
0.648182
0.648173
0.648165
0.648157
0.648148
0.648140
0.648132
0.648124
0.648115
0.648106
0.648097
0.648087
0.648077
0.648066
0.648054
0.648041
0.648028
0.648013
0.647997
0.647980
0.647962
0.647943
0.647922
0.647900
0.647877
0.647853
0.647827
0.647800
0.647772
0.647743
0.647713
0.647682
0.647650
0.647617
0.647584
0.647549
0.647514
0.647478
0.647441
0.647404
0.647365
0.647326
0.647284
0.647238
0.647183
0.647104
0.646970
0.646861
0.646867
0.646845
0.646805
0.646763
0.646723
0.646685
0.646650
0.646617
0.646586
0.646558
0.646532
0.646508
0.646487
0.646468
0.646451
0.646435
0.646422
0.646409
0.646399
0.646389
0.646380
0.646371
0.646363
0.646354
0.646345
0.646335
0.646323
0.646309
0.646292
0.646273
0.646250
0.646223
0.646193
0.646158
0.646120
0.646077
0.646031
0.645980
0.645926
0.645868
0.645807
0.645743
0.645675
0.645675
0.645604
0.645530
0.645454
0.645375
0.645293
0.645209
0.645123
0.645035
0.644944
0.644852
0.644758
0.644662
0.644564
0.644465
0.644365
0.644263
0.644160
0.644056
0.643950
0.643844
0.643736
0.643628
0.643518
0.643408
0.643297
0.643185
0.643072
0.642958
0.642844
0.642729
0.642613
0.642496
0.642378
0.642260
0.642141
0.642020
0.641899
0.641777
0.641654
0.641530
0.641404
0.641278
0.641150
0.641021
0.640891
0.640759
0.640626
0.640492
0.640356
0.640219
0.640081
0.639941
0.639800
0.639658
0.639514
0.639368
0.639222
0.639074
0.638925
0.638775
0.638624
0.638471
0.638317
0.638163
0.638007
0.637850
0.637693
0.637534
0.637375
0.637215
0.637054
0.636893
0.636730
0.636568
0.636404
0.636240
0.636075
0.635910
0.635744
0.635578
0.635411
0.635244
0.635077
0.634909
0.634740
0.634572
0.634403
0.634233
0.634064
0.633894
0.633723
0.633553
0.633382
0.633210
0.633039
0.632867
0.632696
0.632523
0.632351
0.632179
0.632006
0.631833
0.631660
0.631487
0.631314
0.631141
0.630968
0.630794
0.630621
0.630447
0.630274
0.630100
0.629927
0.629753
0.629580
0.629407
0.629234
0.629061
0.628888
0.628715
0.628542
0.628370
0.628198
0.628026
0.627854
0.627683
0.627511
0.627341
0.627170
0.627000
0.626830
0.626660
0.626491
0.626322
0.626153
0.625985
0.625817
0.625650
0.625483
0.625317
0.625151
0.624985
0.624820
0.624655
0.624491
0.624327
0.624164
0.624001
0.623839
0.623677
0.623516
0.623355
0.623195
0.623035
0.622876
0.622717
0.622559
0.622402
0.622245
0.622088
0.621933
0.621777
0.621623
0.621468
0.621315
0.621162
0.621009
0.620858
0.620706
0.620556
0.620406
0.620257
0.620108
0.619960
0.619812
0.619666
0.619519
0.619374
0.619229
0.619085
0.618941
0.618799
0.618656
0.618515
0.618374
0.618234
0.618095
0.617956
0.617818
0.617681
0.617544
0.617408
0.617273
0.617138
0.617005
0.616871
0.616739
0.616607
0.616476
0.616346
0.616216
0.616087
0.615959
0.615832
0.615705
0.615579
0.615453
0.615328
0.615204
0.615080
0.614958
0.614835
0.614714
0.614593
0.614473
0.614353
0.614234
0.614116
0.613999
0.613882
0.613766
0.613650
0.613535
0.613421
0.613307
0.613194
0.613082
0.612970
0.612859
0.612749
0.612639
0.612530
0.612422
0.612315
0.612209
0.612105
0.612002
0.611901
0.611802
0.611705
0.611611
0.611519
0.611428
0.611340
0.611253
0.611167
0.611083
0.611001
0.610920
0.610840
0.610762
0.610684
0.610608
0.610533
0.610459
0.610386
0.610314
0.610243
0.610172
0.610102
0.610033
0.609964
0.609895
0.609827
0.609759
0.609691
0.609623
0.609555
0.609487
0.609420
0.609352
0.609283
0.609215
0.609147
0.609078
0.609010
0.608941
0.608872
0.608803
0.608734
0.608665
