0.560351
0.548831
0.550571
0.554292
0.557709
0.560816
0.563989
0.567476
0.571376
0.575691
0.580350
0.585235
0.590213
0.595155
0.599960
0.604563
0.608939
0.613092
0.617049
0.620848
0.624531
0.628135
0.631690
0.635213
0.638708
0.642168
0.645575
0.648905
0.652133
0.655242
0.658221
0.661069
0.663795
0.666410
0.668931
0.671370
0.673740
0.676049
0.678306
0.680514
0.682680
0.684806
0.686897
0.688954
0.690981
0.692976
0.694946
0.696905
0.698873
0.700870
0.702920
0.705064
0.707374
0.709956
0.712957
0.716574
0.721072
0.726805
0.734242
0.743942
0.756418
0.771780
0.789349
0.807725
0.825468
0.841709
0.856226
0.869206
0.880994
0.891944
0.902349
0.912435
0.922365
0.932251
0.942165
0.952149
0.962224
0.972393
0.982644
0.992962
1.003322
1.013697
1.024061
1.034386
1.044647
1.054820
1.064884
1.074820
1.084614
1.094252
1.103724
1.113025
1.122148
1.131091
1.139855
1.148439
1.156846
1.165075
1.173124
1.180986
1.188642
1.196064
1.203222
1.210110
1.216766
1.223237
1.229530
1.235613
1.241457
1.247058
1.252431
1.257599
1.262591
1.267434
1.272156
1.276786
1.281351
1.285872
1.290346
1.294693
1.299033
1.304049
1.306381
1.306905
1.310507
1.312472
1.316267
1.323789
1.328248
1.329846
1.332128
1.334618
1.336884
1.339184
1.341613
1.344152
1.346813
1.349594
1.352463
1.355371
1.358272
1.361122
1.363892
1.366561
1.369120
1.371571
1.373920
1.376179
1.378361
1.380476
1.382535
1.384546
1.386517
1.388452
1.390358
1.392239
1.394098
1.395939
1.397764
1.399576
1.401378
1.403171
1.404958
1.406739
1.408516
1.410290
1.412061
1.413831
1.415599
1.417367
1.419134
1.420901
1.422668
1.424435
1.426202
1.427968
1.429735
1.431501
1.433267
1.435032
1.436795
1.438558
1.440318
1.442076
1.443830
1.445582
1.447329
1.449072
1.450810
1.452541
1.454266
1.455985
1.457695
1.459397
1.461090
1.462774
1.464447
1.466110
1.467762
1.469402
1.471030
1.472645
1.474247
1.475834
1.477408
1.478967
1.480510
1.482039
1.483553
1.485052
1.486536
1.488006
1.489459
1.490896
1.492314
1.493716
1.495102
1.496474
1.497831
1.499173
1.500500
1.501811
1.503105
1.504384
1.505646
1.506893
1.508124
1.509341
1.510546
1.511741
1.512930
1.514116
1.515305
1.516500
1.517701
1.518904
1.520102
1.521286
1.522443
1.523567
1.524648
1.525680
1.526653
1.527538
1.528189
1.525672
1.529410
1.530326
1.531023
1.521112
1.515458
1.513007
1.507440
1.508378
1.511290
1.514342
1.517438
1.520373
1.523310
1.526105
1.528916
1.531586
1.534280
1.536827
1.539405
1.541825
1.544279
1.546571
1.548888
1.551052
1.553218
1.555253
1.557257
1.559156
1.560997
1.562751
1.564433
1.566039
1.567574
1.569045
1.570460
1.571832
1.573178
1.574520
1.575885
1.577300
1.578786
1.580347
1.581969
1.583632
1.585315
1.586999
1.588671
1.590321
1.591940
1.593523
1.595066
1.596567
1.598023
1.599435
1.599435
1.600800
1.602120
1.603395
1.604625
1.605810
1.606951
1.608051
1.609112
1.610141
1.611145
1.612133
1.613111
1.614081
1.615042
1.615991
1.616924
1.617837
1.618726
1.619585
1.620415
1.621208
1.621974
1.622695
1.623395
1.624040
1.624683
1.625244
1.625841
1.626304
1.626879
1.627217
1.627806
1.627970
1.628634
1.628548
1.629374
1.628928
1.630028
1.629087
1.630578
1.629030
1.630979
1.628814
1.631176
1.628553
1.631151
1.628310
1.630929
1.628048
1.630558
1.627719
1.630123
1.627379
1.629808
1.627213
1.629878
1.627449
1.630575
1.628258
1.632046
1.629755
1.634333
1.632132
1.637431
1.635659
1.641326
1.640238
1.645862
1.645354
1.650698
1.650633
1.655509
1.655930
1.660099
1.661124
1.664405
1.665852
1.668288
1.669775
1.671612
1.672982
1.674488
1.675690
1.676968
1.677958
1.679073
1.679857
1.680918
1.681488
1.682609
1.682910
1.684197
1.684143
1.685658
1.685210
1.686928
1.686209
1.687998
1.687284
1.688933
1.688419
1.689744
1.689476
1.690396
1.690340
1.690890
1.690959
1.691247
1.691339
1.691465
1.691508
1.691521
1.691480
1.691393
1.691255
1.691067
1.690827
1.690537
1.690200
1.689817
1.689394
1.688935
1.688446
1.687932
1.687399
1.686850
1.686290
1.685723
1.685151
1.684578
1.684005
1.683433
1.682865
1.682302
1.681743
1.681191
1.680645
1.680106
1.679576
1.679054
1.678541
1.678039
1.677547
1.677066
1.676597
1.676142
1.675699
1.675272
1.674859
1.674463
1.674083
1.673721
1.673377
1.673053
1.672749
1.672464
1.672201
1.671958
1.671737
1.671535
1.671354
1.671192
1.671048
1.670921
1.670809
1.670710
1.670624
1.670549
1.670482
1.670422
1.670368
1.670317
1.670269
1.670221
1.670174
1.670124
1.670072
1.670016
1.669956
1.669892
1.669822
1.669747
1.669666
1.669580
1.669489
1.669393
1.669292
1.669187
1.669078
1.668966
1.668851
1.668734
1.668614
1.668494
1.668372
1.668250
1.668128
1.668006
1.667884
1.667763
1.667644
1.667525
1.667408
1.667292
1.667178
1.667065
1.666954
1.666845
1.666737
1.666630
1.666524
1.666420
1.666316
1.666212
1.666108
1.666004
1.665900
1.665794
1.665686
1.665577
1.665465
1.665349
1.665230
1.665105
1.664975
1.664839
1.664695
1.664543
1.664381
1.664208
1.664024
1.663827
1.663616
1.663390
1.663148
1.662890
1.662616
1.662324
1.662016
1.661691
1.661351
1.660997
1.660630
1.660252
1.659865
1.659470
1.659070
1.658668
1.658264
1.657864
1.657470
1.657090
1.656742
1.656467
1.656391
1.656746
1.656615
1.655253
1.654188
1.653696
1.653381
1.653030
1.652646
1.652272
1.651921
1.651589
1.651269
1.650960
1.650661
1.650371
1.650089
1.649814
1.649544
1.649280
1.649019
1.648761
1.648504
1.648248
1.647992
1.647735
1.647475
1.647214
1.646950
1.646681
1.646409
1.646131
1.645847
1.645556
1.645258
1.644951
1.644636
1.644311
1.643977
1.643635
1.643285
1.642927
1.642564
1.642195
1.641821
1.641821
1.641445
1.641065
1.640685
1.640303
1.639922
1.639542
1.639164
1.638788
1.638415
1.638046
1.637681
1.637320
1.636964
1.636614
1.636270
1.635932
1.635600
1.635275
1.634957
1.634646
1.634343
1.634046
1.633758
1.633476
1.633203
1.632936
1.632678
1.632426
1.632182
1.631946
1.631716
1.631493
1.631276
1.631066
1.630862
1.630664
1.630471
1.630284
1.630101
1.629924
1.629750
1.629580
1.629414
1.629252
1.629092
1.628936
1.628782
1.628630
1.628480
1.628333
1.628187
1.628043
1.627901
1.627760
1.627621
1.627484
1.627348
1.627213
1.627080
1.626949
1.626820
1.626692
1.626567
1.626443
1.626321
1.626202
1.626085
1.625970
1.625858
1.625748
1.625641
1.625537
1.625435
1.625336
1.625239
1.625146
1.625055
1.624967
1.624882
1.624800
1.624721
1.624644
1.624570
1.624499
1.624430
1.624364
1.624301
1.624240
1.624181
1.624125
1.624072
1.624020
1.623971
1.623923
1.623878
1.623835
1.623794
1.623754
1.623717
1.623681
1.623646
1.623614
1.623583
1.623553
1.623525
1.623499
1.623474
1.623450
1.623428
1.623407
1.623387
1.623369
1.623352
1.623336
1.623322
1.623309
1.623297
1.623286
1.623277
1.623269
1.623262
1.623256
1.623251
1.623248
1.623246
1.623245
1.623245
1.623247
1.623250
1.623254
1.623259
1.623265
1.623273
1.623281
1.623291
1.623302
1.623314
1.623327
1.623341
1.623357
1.623373
1.623391
1.623409
1.623429
1.623450
1.623472
1.623495
1.623518
1.623543
1.623569
1.623596
1.623624
1.623652
1.623682
1.623713
1.623744
1.623777
1.623810
1.623845
1.623880
1.623916
1.623954
1.623992
1.624031
1.624070
1.624111
1.624153
1.624195
1.624239
1.624283
1.624329
1.624375
1.624422
1.624470
1.624519
1.624569
1.624620
1.624672
1.624724
1.624778
1.624833
1.624888
1.624945
1.625003
1.625061
1.625121
1.625181
1.625243
1.625306
1.625369
1.625434
1.625499
1.625566
1.625633
1.625702
1.625772
1.625842
1.625914
1.625986
1.626060
1.626134
1.626209
1.626286
1.626363
1.626441
1.626520
1.626601
1.626682
1.626764
1.626847
1.626931
1.627016
1.627102
1.627190
1.627278
1.627368
1.627459
1.627552
1.627646
1.627741
1.627839
1.627938
1.628039
1.628142
1.628248
1.628356
1.628467
1.628581
1.628699
1.628820
1.628945
1.629074
1.629207
1.629344
1.629483
1.629624
1.629765
1.629905
1.630040
1.630171
1.630297
1.630422
1.630546
1.630672
1.630801
1.630933
1.631068
1.631204
1.631341
1.631478
1.631615
1.631749
1.631882
1.632011
1.632137
1.632258
1.632375
1.632486
1.632591
1.632690
1.632782
1.632866
1.632943
1.633011
1.633070
1.633120
1.633161
1.633192
1.633214
1.633225
1.633227
1.633219
1.633201
1.633173
1.633137
1.633092
1.633039
1.632978
1.632910
1.632835
1.632755
