0.296397
0.311331
0.317614
0.321200
0.323466
0.325232
0.326872
0.328505
0.330152
0.331799
0.333418
0.334972
0.336414
0.337691
0.338746
0.339523
0.339970
0.340044
0.339707
0.338935
0.337708
0.336019
0.333866
0.331253
0.328191
0.324701
0.320815
0.316586
0.312095
0.307464
0.302861
0.298495
0.294598
0.291396
0.289072
0.287748
0.287482
0.288270
0.290069
0.292803
0.296376
0.300678
0.305593
0.310998
0.316774
0.322809
0.329003
0.335275
0.341562
0.347810
0.353970
0.359978
0.365757
0.371225
0.376302
0.380912
0.384980
0.388429
0.391178
0.393134
0.394196
0.394270
0.393325
0.391480
0.389049
0.386461
0.384102
0.382217
0.380901
0.380147
0.379899
0.380082
0.380624
0.381459
0.382534
0.383805
0.385234
0.386795
0.388465
0.390227
0.392065
0.393970
0.395934
0.397949
0.400011
0.402117
0.404265
0.406453
0.408681
0.410949
0.413259
0.415611
0.418007
0.420450
0.422943
0.425487
0.428087
0.430746
0.433467
0.436255
0.439114
0.442050
0.445067
0.448169
0.451358
0.454638
0.458013
0.461487
0.465063
0.468742
0.472527
0.476423
0.480432
0.484561
0.488812
0.493190
0.497701
0.502350
0.507146
0.512096
0.517190
0.522463
0.528048
0.533741
0.539403
0.545514
0.551577
0.557814
0.564635
0.571581
0.578558
0.585863
0.593513
0.601484
0.609802
0.618484
0.627533
0.636940
0.646686
0.656738
0.667057
0.677604
0.688352
0.699278
0.710371
0.721623
0.733027
0.744576
0.756259
0.768067
0.779985
0.792001
0.804099
0.816266
0.828488
0.840749
0.853035
0.865333
0.877632
0.889924
0.902202
0.914464
0.926701
0.938905
0.951067
0.963176
0.975225
0.987204
0.999105
1.010922
1.022647
1.034280
1.045816
1.057251
1.068578
1.079787
1.090873
1.101831
1.112662
1.123362
1.133926
1.144342
1.154599
1.164687
1.174600
1.184334
1.193889
1.203263
1.212448
1.221433
1.230199
1.238727
1.246996
1.254989
1.262692
1.270100
1.277214
1.284040
1.290592
1.296885
1.302933
1.308732
1.314258
1.319454
1.324249
1.328585
1.332443
1.335857
1.338905
1.341700
1.344387
1.347098
1.349820
1.352287
1.354191
1.355494
1.356375
1.357005
1.357480
1.357798
1.357841
1.357430
1.356498
1.355183
1.353684
1.352122
1.350543
1.348959
1.347373
1.345784
1.344188
1.342584
1.340968
1.339340
1.337698
1.336039
1.334364
1.332671
1.330960
1.329231
1.327482
1.325715
1.323928
1.322120
1.320284
1.318484
1.316531
1.314733
1.312755
1.311136
1.309123
1.306821
1.305005
1.302838
1.301053
1.299086
1.296989
1.294879
1.292770
1.290694
1.288638
1.286627
1.284649
1.282731
1.280856
1.279049
1.277290
1.275603
1.273961
1.272385
1.270849
1.269364
1.267910
1.266485
1.265070
1.263651
1.262208
1.260719
1.259164
1.257533
1.255835
1.254103
1.252390
1.250756
1.249254
1.247918
1.246765
1.245798
1.245007
1.244377
1.243888
1.243514
1.243230
1.243012
1.242840
1.242702
1.242604
1.242564
1.242614
1.242793
1.242793
1.243134
1.243653
1.244348
1.245194
1.246152
1.247187
1.248288
1.249482
1.250827
1.252386
1.254203
1.256289
1.258635
1.261229
1.264062
1.267135
1.270466
1.274078
1.277987
1.282190
1.286653
1.291317
1.296102
1.300924
1.305710
1.310403
1.314971
1.319391
1.323656
1.327754
1.331690
1.335445
1.339036
1.342433
1.345674
1.348703
1.351594
1.354250
1.356803
1.359088
1.361336
1.363288
1.365311
1.367001
1.368768
1.370029
1.371199
1.371570
1.371762
1.370889
1.369832
1.367644
1.365335
1.362188
1.359043
1.355349
1.351659
1.347550
1.343467
1.339047
1.334689
1.330057
1.325512
1.320757
1.316086
1.311279
1.306526
1.301713
1.296910
1.292110
1.287283
1.282502
1.277674
1.272911
1.268097
1.263351
1.258567
1.253836
1.249090
1.244381
1.239674
1.234997
1.230334
1.225702
1.221093
1.216521
1.211980
1.207484
1.203030
1.198628
1.194277
1.189985
1.185760
1.181591
1.177511
1.173474
1.169560
1.165663
1.161928
1.158186
1.154634
1.151065
1.147696
1.144318
1.141128
1.137957
1.134945
1.131986
1.129158
1.126411
1.123775
1.121233
1.118795
1.116455
1.114215
1.112072
1.110027
1.108078
1.106222
1.104458
1.102784
1.101198
1.099696
1.098277
1.096936
1.095671
1.094478
1.093352
1.092291
1.091289
1.090342
1.089446
1.088596
1.087788
1.087017
1.086280
1.085571
1.084887
1.084225
1.083582
1.082955
1.082343
1.081744
1.081156
1.080580
1.080016
1.079464
1.078925
1.078400
1.077890
1.077397
1.076922
1.076468
1.076035
1.075626
1.075241
1.074883
1.074552
1.074251
1.073979
1.073738
1.073529
1.073351
1.073207
1.073095
1.073017
1.072973
1.072962
1.072985
1.073042
1.073132
1.073256
1.073413
1.073604
1.073828
1.074085
1.074374
1.074696
1.075050
1.075436
1.075854
1.076303
1.076783
1.077294
1.077836
1.078408
1.079009
1.079639
1.080298
1.080985
1.081700
1.082442
1.083210
1.084004
1.084824
1.085667
1.086535
1.087426
1.088340
1.089276
1.090234
1.091213
1.092212
1.093231
1.094270
1.095328
1.096404
1.097499
1.098612
1.099742
1.100890
1.102054
1.103235
1.104433
1.105647
1.106878
1.108124
1.109385
1.110663
1.111955
1.113264
1.114587
1.115925
1.117279
1.118648
1.120031
1.121430
1.122843
1.124272
1.125715
1.127173
1.128647
1.130135
1.131638
1.133157
1.134690
1.136239
1.137802
1.139381
1.140974
1.142583
1.144206
1.145844
1.147496
1.149163
1.150845
1.152540
1.154250
1.155975
1.157714
1.159467
1.161235
1.163018
1.164815
1.166624
1.168446
1.170377
1.172329
1.174082
1.175947
1.177865
1.179804
1.181762
1.183740
1.185739
1.187759
1.189799
1.191861
1.193945
1.196052
1.198182
1.200337
1.202517
1.204723
1.206954
1.209211
1.211496
1.213806
1.216143
1.218507
1.220898
1.223314
1.225755
1.228222
1.230712
1.233225
1.235760
1.238315
1.240889
1.243480
1.246087
1.248708
1.251341
1.253983
1.256633
1.259289
1.261948
1.264609
1.267271
1.267271
1.269930
1.272586
1.275237
1.277881
1.280518
1.283146
1.285763
1.288370
1.290965
1.293548
1.296117
1.298673
1.301214
1.303741
1.306253
1.308750
1.311232
1.313699
1.316150
1.318585
1.321005
1.323409
1.325798
1.328171
1.330529
1.332871
1.335198
1.337510
1.339807
1.342089
1.344356
1.346609
1.348847
1.351070
1.353280
1.355476
1.357657
1.359825
1.361980
1.364121
1.366249
1.368364
1.370466
1.372555
1.374632
1.376696
1.378748
1.380787
1.382815
1.384831
1.386835
1.388827
1.390808
1.392777
1.394735
1.396682
1.398618
1.400543
1.402456
1.404359
1.406251
1.408133
1.410003
1.411863
1.413713
1.415552
1.417381
1.419199
1.421007
1.422805
1.424593
1.426371
1.428138
1.429896
1.431643
1.433381
1.435108
1.436826
1.438533
1.440231
1.441919
1.443598
1.445266
1.446925
1.448574
1.450213
1.451843
1.453463
1.455074
1.456675
1.458266
1.459848
1.461420
1.462982
1.464535
1.466079
1.467613
1.469138
1.470653
1.472159
1.473656
1.475143
1.476621
1.478089
1.479548
1.480998
1.482438
1.483870
1.485292
1.486705
1.488108
1.489503
1.490888
1.492265
1.493632
1.494990
1.496339
1.497679
1.499011
1.500333
1.501647
1.502952
1.504248
1.505535
1.506814
1.508084
1.509345
1.510598
1.511843
1.513079
1.514307
1.515527
1.516738
1.517942
1.519137
1.520325
1.521504
1.522676
1.523840
1.524997
1.526146
1.527287
1.528421
1.529548
1.530668
1.531781
1.532886
1.533985
1.535077
1.536162
1.537240
1.538312
1.539378
1.540437
1.541490
1.542537
1.543577
1.544612
1.545640
1.546663
1.547681
1.548692
1.549698
1.550699
1.551694
1.552684
1.553668
1.554648
1.555622
1.556592
1.557557
1.558516
1.559472
1.560422
1.561368
1.562309
1.563246
1.564179
1.565107
1.566031
1.566951
1.567866
1.568778
1.569686
1.570589
1.571489
1.572385
1.573278
1.574166
1.575051
1.575933
1.576810
1.577685
1.578556
1.579423
1.580288
1.581149
1.582007
1.582861
1.583713
1.584561
1.585407
1.586249
1.587089
1.587925
1.588759
1.589590
1.590419
1.591244
1.592067
1.592887
1.593705
1.594520
1.595333
1.596143
1.596951
1.597756
1.598559
1.599359
1.600157
1.600953
1.601747
1.602538
1.603328
1.604115
1.604900
1.605682
1.606463
1.607242
1.608018
1.608793
1.609566
1.610337
1.611106
1.611873
1.612639
1.613403
1.614165
1.614926
1.615684
1.616441
1.617195
1.617947
1.618696
1.619442
1.620186
1.620927
1.621665
1.622400
1.623132
1.623862
1.624589
1.625314
1.626037
1.626757
1.627476
1.628193
1.628908
1.629622
1.630334
1.631046
1.631756
1.632465
1.633173
1.633880
1.634587
1.635292
1.635997
1.636701
1.637405
1.638107
1.638809
1.639510
1.640210
1.640910
1.641608
1.642305
1.643002
1.643697
1.644391
1.645083
