-0.140157
0.109227
0.115462
0.116976
0.117201
0.117061
0.116760
0.116356
0.115875
0.115334
0.114747
0.114126
0.113481
0.112822
0.112154
0.111483
0.110814
0.110151
0.109494
0.108847
0.108212
0.107588
0.106976
0.106378
0.105792
0.105220
0.104660
0.104113
0.103578
0.103055
0.102544
0.102044
0.101554
0.101074
0.100604
0.100143
0.099691
0.099247
0.098811
0.098383
0.097962
0.097548
0.097140
0.096739
0.096343
0.095953
0.095568
0.095188
0.094813
0.094442
0.094075
0.093713
0.093354
0.092999
0.092647
0.092299
0.091953
0.091611
0.091271
0.090934
0.090600
0.090268
0.089938
0.089610
0.089285
0.088961
0.088640
0.088320
0.088002
0.087685
0.087370
0.087057
0.086745
0.086434
0.086125
0.085817
0.085510
0.085204
0.084899
0.084596
0.084294
0.083992
0.083692
0.083392
0.083094
0.082796
0.082500
0.082204
0.081909
0.081615
0.081321
0.081029
0.080737
0.080446
0.080156
0.079867
0.079578
0.079291
0.079004
0.078717
0.078432
0.078147
0.077863
0.077580
0.077297
0.077015
0.076734
0.076454
0.076175
0.075896
0.075618
0.075341
0.075065
0.074789
0.074515
0.074241
0.073968
0.073696
0.073424
0.073154
0.072884
0.072615
0.072347
0.072080
0.071814
0.071549
0.071285
0.071022
0.070759
0.070498
0.070237
0.069978
0.069719
0.069462
0.069205
0.068950
0.068695
0.068442
0.068190
0.067939
0.067688
0.067439
0.067191
0.066944
0.066699
0.066454
0.066211
0.065968
0.065727
0.065487
0.065248
0.065011
0.064774
0.064539
0.064306
0.064073
0.063842
0.063612
0.063383
0.063155
0.062929
0.062704
0.062481
0.062259
0.062038
0.061818
0.061600
0.061383
0.061168
0.060954
0.060742
0.060531
0.060321
0.060113
0.059906
0.059701
0.059497
0.059295
0.059094
0.058895
0.058698
0.058501
0.058307
0.058114
0.057922
0.057732
0.057544
0.057357
0.057172
0.056989
0.056807
0.056627
0.056448
0.056271
0.056096
0.055922
0.055750
0.055580
0.055411
0.055245
0.055080
0.054916
0.054755
0.054595
0.054436
0.054280
0.054125
0.053973
0.053822
0.053672
0.053525
0.053379
0.053235
0.053094
0.052953
0.052815
0.052679
0.052544
0.052411
0.052281
0.052152
0.052025
0.051900
0.051776
0.051655
0.051536
0.051418
0.051303
0.051189
0.051078
0.050968
0.050860
0.050755
0.050651
0.050549
0.050449
0.050352
0.050256
0.050162
0.050071
0.049981
0.049893
0.049808
0.049724
0.049643
0.049564
0.049486
0.049411
0.049338
0.049267
0.049198
0.049131
0.049066
0.049003
0.048943
0.048885
0.048828
0.048774
0.048722
0.048672
0.048624
0.048579
0.048536
0.048494
0.048455
0.048418
0.048384
0.048351
0.048321
0.048293
0.048267
0.048243
0.048221
0.048202
0.048185
0.048170
0.048157
0.048147
0.048139
0.048133
0.048129
0.048127
0.048128
0.048131
0.048136
0.048144
0.048153
0.048165
0.048180
0.048196
0.048215
0.048236
0.048260
0.048285
0.048313
0.048343
0.048376
0.048411
0.048448
0.048487
0.048529
0.048573
0.048619
0.048667
0.048718
0.048771
0.048827
0.048884
0.048944
0.049007
0.049071
0.049138
0.049208
0.049279
0.049353
0.049429
0.049508
0.049589
0.049672
0.049757
0.049845
0.049935
0.050027
0.050122
0.050219
0.050318
0.050419
0.050523
0.050629
0.050738
0.050848
0.050961
0.051076
0.051194
0.051314
0.051436
0.051560
0.051687
0.051816
0.051947
0.052080
0.052216
0.052354
0.052494
0.052636
0.052781
0.052927
0.053076
0.053228
0.053381
0.053537
0.053695
0.053855
0.054017
0.054181
0.054348
0.054516
0.054687
0.054860
0.055035
0.055212
0.055392
0.055573
0.055757
0.055942
0.056130
0.056320
0.056511
0.056705
0.056901
0.057099
0.057299
0.057500
0.057704
0.057910
0.058118
0.058327
0.058539
0.058753
0.058968
0.059185
0.059404
0.059625
0.059848
0.060073
0.060299
0.060527
0.060757
0.060989
0.061223
0.061458
0.061695
0.061933
0.062174
0.062416
0.062659
0.062904
0.063151
0.063400
0.063650
0.063901
0.064154
0.064409
0.064665
0.064922
0.065181
0.065442
0.065704
0.065967
0.066232
0.066498
0.066766
0.067035
0.067305
0.067576
0.067849
0.068124
0.068399
0.068676
0.068954
0.069233
0.069514
0.069796
0.070079
0.070363
0.070649
0.070936
0.071224
0.071513
0.071804
0.072095
0.072388
0.072682
0.072978
0.073274
0.073572
0.073871
0.074171
0.074473
0.074776
0.075080
0.075385
0.075691
0.075999
0.076308
0.076619
0.076931
0.077244
0.077559
0.077875
0.078192
0.078511
0.078831
0.079153
0.079476
0.079801
0.080127
0.080455
0.080785
0.081116
0.081449
0.081784
0.082120
0.082458
0.082798
0.083140
0.083483
0.083829
0.084176
0.084525
0.084877
0.085230
0.085585
0.085942
0.086301
0.086663
0.087026
0.087392
0.087760
0.088130
0.088502
0.088877
0.089254
0.089633
0.090014
0.090398
0.090784
0.091173
0.091564
0.091957
0.092353
0.092752
0.093153
0.093556
0.093962
0.094371
0.094782
0.095195
0.095612
0.096031
0.096031
0.096452
0.096876
0.097303
0.097733
0.098165
0.098600
0.099038
0.099479
0.099922
0.100369
0.100818
0.101270
0.101725
0.102182
0.102643
0.103107
0.103573
0.104043
0.104516
0.104991
0.105470
0.105952
0.106437
0.106925
0.107416
0.107910
0.108408
0.108909
0.109413
0.109920
0.110431
0.110945
0.111463
0.111984
0.112508
0.113036
0.113567
0.114102
0.114641
0.115183
0.115728
0.116278
0.116831
0.117387
0.117948
0.118512
0.119080
0.119651
0.120227
0.120806
0.121389
0.121977
0.122568
0.123163
0.123762
0.124365
0.124972
0.125583
0.126198
0.126818
0.127441
0.128068
0.128700
0.129336
0.129976
0.130620
0.131268
0.131921
0.132578
0.133239
0.133904
0.134574
0.135248
0.135926
0.136608
0.137295
0.137986
0.138682
0.139382
0.140086
0.140794
0.141507
0.142225
0.142946
0.143672
0.144402
0.145137
0.145876
0.146620
0.147368
0.148120
0.148877
0.149638
0.150403
0.151173
0.151947
0.152726
0.153509
0.154296
0.155088
0.155884
0.156684
0.157489
0.158299
0.159112
0.159930
0.160753
0.161579
0.162410
0.163246
0.164086
0.164930
0.165779
0.166632
0.167489
0.168351
0.169217
0.170087
0.170962
0.171841
0.172725
0.173613
0.174505
0.175402
0.176303
0.177208
0.178118
0.179032
0.179951
0.180874
0.181802
0.182734
0.183670
0.184611
0.185557
0.186507
0.187461
0.188420
0.189384
0.190352
0.191325
0.192302
0.193284
0.194271
0.195262
0.196258
0.197259
0.198265
0.199275
0.200291
0.201311
0.202336
0.203366
0.204401
0.205441
0.206487
0.207537
0.208593
0.209654
0.210720
0.211792
0.212869
0.213952
0.215040
0.216134
0.217234
0.218339
0.219450
0.220568
0.221691
0.222821
0.223957
0.225099
0.226248
0.227403
0.228565
0.229734
0.230910
0.232093
0.233283
0.234480
0.235685
0.236897
0.238117
0.239346
0.240582
0.241826
0.243079
0.244341
0.245611
0.246891
0.248179
0.249477
0.250785
0.252103
0.253431
0.254769
0.256118
0.257477
0.258848
0.260230
0.261624
0.263030
0.264449
0.265880
0.267324
0.268781
0.270252
0.271737
0.273237
0.274752
0.276281
0.277827
0.279389
0.280967
0.282562
0.284175
0.285806
0.287455
0.289123
0.290811
0.292519
0.294248
0.295998
0.297770
0.299565
0.301383
0.303225
0.305091
0.306982
0.308900
0.310844
0.312815
0.314815
0.316843
0.318901
0.320989
0.323109
0.325261
0.327445
0.329663
0.331915
0.334202
0.336526
0.338885
0.341283
0.343718
0.346192
0.348706
0.351260
0.353854
0.356490
0.359167
0.361887
0.364649
0.367453
0.370301
0.373191
0.376124
0.379100
0.382118
0.385179
0.388281
0.391424
0.394607
0.397830
0.401091
0.404390
0.407724
0.411093
0.414496
0.417929
0.421393
0.424885
0.428403
0.431945
0.435509
0.439093
0.442695
0.446313
0.449944
0.453587
0.457238
0.460895
0.464557
0.468221
0.471884
0.475545
0.479200
0.482848
0.486486
0.490112
0.493723
0.497318
0.500895
0.504450
0.507982
0.511488
0.514967
0.518417
0.521835
0.525220
0.528569
0.531882
0.535156
0.538390
0.541582
0.544732
0.547837
0.550896
0.553909
0.556874
0.559791
0.562660
0.565478
0.568246
0.570964
0.573631
0.576247
0.578812
0.581326
0.583790
0.586202
0.588564
0.590877
0.593139
0.595353
0.597518
0.599635
0.601706
0.603729
0.605708
0.607641
0.609530
0.611376
0.613180
0.614942
0.616664
0.618347
0.619990
0.621596
0.623165
0.624699
0.626197
0.627661
0.629092
0.630491
0.631858
0.633194
0.634501
0.635779
0.637029
0.638252
0.639448
0.640619
0.641764
0.642885
0.643983
0.645057
0.646109
0.647140
0.648149
0.649138
0.650107
0.651057
0.651988
0.652900
0.653795
0.654673
0.655533
0.656378
0.657206
0.658019
0.658816
0.659599
0.660367
0.661122
0.661862
0.662589
0.663303
0.664005
0.664693
0.665370
0.666035
0.666688
0.667329
0.667959
0.668579
0.669187
0.669785
0.670373
0.670950
0.671518
0.672076
0.672624
0.673162
0.673692
0.674212
0.674723
0.675225
0.675719
0.676204
0.676681
0.677149
0.677609
0.678061
0.678505
0.678941
0.679369
0.679790
0.680203
0.680609
0.681007
0.681399
0.681783
0.682159
0.682529
0.682892
0.683249
0.683598
0.683941
0.684277
0.684607
0.684931
0.685248
0.685559
0.685864
0.686162
0.686455
0.686742
0.687023
0.687298
0.687568
0.687832
0.688091
0.688344
0.688592
0.688834
0.689072
0.689304
0.689531
0.689754
0.689971
0.690184
0.690392
0.690595
0.690794
0.690988
0.691178
0.691364
0.691546
0.691723
0.691897
0.692066
0.692231
0.692393
0.692551
0.692705
0.692856
0.693004
0.693148
0.693288
0.693425
0.693560
0.693691
0.693819
0.693944
0.694066
0.694186
0.694303
0.694417
0.694528
0.694637
0.694744
0.694848
0.694951
0.695050
0.695148
0.695244
0.695337
0.695429
0.695519
0.695607
0.695693
0.695777
0.695860
0.695942
0.696021
0.696100
0.696176
0.696252
0.696326
0.696399
0.696470
0.696541
0.696610
0.696678
0.696746
0.696812
0.696812
0.696877
0.696941
0.697005
0.697067
0.697129
0.697190
0.697251
0.697310
0.697369
0.697427
0.697485
0.697542
0.697599
0.697655
0.697710
0.697766
0.697820
0.697874
0.697928
0.697982
0.698035
0.698088
0.698140
0.698192
0.698244
0.698296
0.698347
0.698398
0.698449
0.698500
0.698551
0.698601
0.698651
0.698702
0.698752
0.698801
0.698851
0.698901
0.698950
0.699000
0.699049
0.699099
0.699148
0.699197
0.699246
0.699295
0.699344
0.699394
0.699443
0.699492
0.699541
0.699590
0.699639
0.699688
0.699737
0.699786
0.699835
0.699884
0.699933
0.699982
0.700031
0.700080
0.700129
0.700178
0.700228
0.700277
0.700326
0.700375
0.700425
0.700474
0.700523
0.700573
0.700622
0.700672
0.700721
0.700771
0.700820
0.700870
0.700920
0.700969
0.701019
0.701069
0.701118
0.701168
0.701218
0.701268
0.701318
0.701368
0.701418
0.701468
0.701518
0.701568
0.701618
0.701668
0.701718
0.701768
0.701818
0.701868
0.701918
0.701968
0.702019
0.702069
0.702119
0.702169
0.702219
0.702270
0.702320
0.702370
0.702420
0.702471
0.702521
0.702571
0.702621
0.702672
0.702722
0.702772
0.702822
0.702872
0.702923
0.702973
0.703023
0.703073
0.703123
0.703173
0.703223
0.703274
0.703324
0.703374
0.703424
0.703474
0.703524
0.703574
0.703624
0.703674
0.703723
0.703773
0.703823
0.703873
0.703923
0.703972
0.704022
0.704072
0.704121
0.704171
0.704220
0.704270
0.704319
0.704368
0.704418
0.704467
0.704516
0.704565
0.704615
0.704664
0.704713
0.704762
0.704811
0.704860
0.704908
0.704957
0.705006
0.705054
0.705103
0.705152
0.705200
0.705248
0.705297
0.705345
0.705393
0.705441
0.705489
0.705537
0.705585
0.705633
0.705681
0.705729
0.705776
0.705824
0.705872
0.705919
0.705966
0.706014
0.706061
0.706108
0.706155
0.706202
0.706249
0.706296
0.706342
0.706389
0.706436
0.706482
0.706528
0.706575
0.706621
0.706667
0.706713
0.706759
0.706805
0.706851
0.706896
0.706942
0.706988
0.707033
0.707078
0.707124
0.707169
0.707214
0.707259
0.707303
0.707348
0.707393
0.707437
0.707482
0.707526
0.707570
0.707615
0.707659
0.707703
0.707746
0.707790
0.707834
0.707877
0.707921
0.707964
0.708007
0.708050
0.708093
0.708136
0.708179
0.708221
0.708264
0.708306
0.708349
0.708391
0.708433
0.708475
0.708517
0.708558
0.708600
0.708641
0.708683
0.708724
0.708765
0.708806
0.708847
0.708888
0.708928
0.708969
0.709009
0.709049
0.709089
0.709129
0.709169
0.709209
0.709249
0.709288
0.709327
0.709367
0.709406
0.709445
0.709483
0.709522
0.709560
0.709599
0.709637
0.709675
0.709713
0.709751
0.709789
0.709826
0.709864
0.709901
0.709938
0.709975
0.710012
0.710048
0.710085
0.710121
0.710158
0.710194
0.710230
0.710265
0.710301
0.710336
0.710372
0.710407
0.710442
0.710477
0.710511
0.710546
0.710580
0.710615
0.710649
0.710682
0.710716
0.710750
0.710783
0.710816
0.710850
0.710883
0.710915
0.710948
0.710980
0.711013
0.711045
0.711077
0.711108
0.711140
0.711171
0.711203
0.711234
0.711265
0.711296
0.711326
0.711357
0.711387
0.711417
0.711447
0.711477
0.711506
0.711536
0.711565
0.711594
0.711623
0.711651
0.711680
0.711708
0.711737
0.711765
0.711792
0.711820
0.711848
0.711875
0.711902
0.711929
0.711956
0.711983
0.712009
0.712035
0.712062
0.712088
0.712113
0.712139
0.712165
0.712190
0.712215
0.712240
0.712265
0.712289
0.712314
0.712338
0.712362
0.712386
0.712410
0.712434
0.712457
0.712481
0.712504
0.712527
0.712550
0.712573
0.712595
0.712618
0.712640
0.712662
0.712684
0.712706
0.712727
0.712749
0.712770
0.712792
0.712813
0.712834
0.712855
0.712875
0.712896
0.712916
0.712937
0.712957
0.712977
0.712997
0.713016
0.713036
0.713056
0.713075
0.713094
0.713114
0.713133
0.713152
0.713170
0.713189
0.713208
0.713226
0.713245
0.713263
0.713281
0.713299
0.713317
0.713335
0.713353
0.713371
0.713389
0.713406
0.713424
0.713441
0.713458
0.713475
0.713493
0.713510
0.713527
0.713544
0.713560
0.713577
0.713594
0.713611
0.713627
0.713644
0.713660
0.713676
0.713693
0.713709
0.713725
0.713742
0.713758
0.713774
0.713790
0.713806
0.713822
0.713838
0.713853
0.713869
0.713885
0.713901
0.713916
0.713932
0.713948
0.713963
0.713979
0.713995
0.714010
0.714026
0.714041
0.714057
0.714072
0.714087
0.714103
0.714118
0.714134
0.714149
0.714164
0.714180
0.714195
0.714210
0.714226
0.714241
0.714256
0.714271
0.714287
0.714302
0.714317
0.714332
0.714348
0.714363
0.714378
0.714393
0.714409
0.714424
0.714439
0.714454
0.714470
0.714485
0.714500
0.714516
0.714531
0.714546
0.714561
0.714577
0.714592
0.714607
0.714623
0.714638
0.714653
0.714669
0.714684
0.714699
0.714715
0.714730
0.714746
0.714761
0.714776
0.714792
0.714807
0.714823
0.714838
0.714854
0.714869
0.714885
0.714900
0.714900
0.714916
0.714932
0.714947
0.714963
0.714978
0.714994
0.715010
0.715025
0.715041
0.715057
0.715072
0.715088
0.715104
0.715120
0.715135
0.715151
0.715167
0.715183
0.715199
0.715215
0.715231
0.715247
0.715263
0.715278
0.715294
0.715310
0.715327
0.715343
0.715359
0.715375
0.715391
0.715407
0.715423
0.715440
0.715456
0.715472
0.715488
0.715505
0.715521
0.715537
0.715554
0.715570
0.715587
0.715603
0.715620
0.715637
0.715653
0.715670
0.715687
0.715703
0.715720
0.715737
0.715754
0.715771
0.715788
0.715805
0.715822
0.715839
0.715856
0.715874
0.715891
0.715909
0.715926
0.715944
0.715961
0.715979
0.715997
0.716015
0.716032
0.716051
0.716069
0.716087
0.716105
0.716124
0.716142
0.716161
0.716180
0.716198
0.716217
0.716237
0.716256
0.716275
0.716295
0.716315
0.716335
0.716355
0.716375
0.716395
0.716416
0.716437
0.716458
0.716479
0.716500
0.716522
0.716544
0.716566
0.716589
0.716612
0.716635
0.716658
0.716682
0.716706
0.716731
0.716756
0.716781
0.716807
0.716833
0.716860
0.716887
0.716915
0.716944
0.716973
0.717002
0.717033
0.717064
0.717096
0.717128
0.717162
0.717196
0.717232
0.717268
0.717306
0.717345
0.717385
0.717427
0.717470
0.717514
0.717561
0.717609
0.717658
0.717710
0.717765
0.717821
0.717880
0.717941
0.718006
0.718073
0.718144
0.718218
0.718295
0.718377
0.718463
0.718553
0.718648
0.718748
0.718853
0.718964
0.719081
0.719205
0.719335
0.719473
0.719618
0.719772
0.719934
0.720105
0.720287
0.720478
0.720680
0.720894
0.721120
0.721358
0.721610
0.721876
0.722156
0.722453
0.722765
0.723094
0.723441
0.723807
0.724191
0.724596
0.725020
0.725466
0.725933
0.726423
0.726934
0.727469
0.728026
0.728606
0.729208
0.729833
0.730480
0.731147
0.731835
0.732541
0.733265
0.734004
0.734757
0.735521
0.736295
0.737075
0.737860
0.738645
0.739428
0.740207
0.740979
0.741740
0.742488
0.743220
0.743935
0.744631
0.745305
0.745958
0.746587
0.747193
0.747775
0.748334
0.748870
0.749383
0.749876
0.750348
0.750802
0.751238
0.751658
0.752064
0.752456
0.752836
0.753206
0.753567
0.753919
0.754264
0.754604
0.754938
0.755268
0.755595
0.755919
0.756242
0.756564
0.756885
0.757206
0.757527
0.757850
0.758174
0.758500
0.758828
0.759159
0.759492
0.759829
0.760168
0.760510
0.760856
0.761205
0.761557
0.761913
0.762271
0.762633
0.762998
0.763365
0.763736
0.764108
0.764484
0.764861
0.765240
0.765621
0.766004
0.766388
0.766773
0.767159
0.767545
0.767932
0.768319
0.768707
0.769094
0.769480
0.769866
0.770251
0.770636
0.771019
0.771400
0.771781
0.772159
0.772536
0.772911
0.773284
0.773655
0.774024
0.774390
0.774754
0.775115
0.775473
0.775829
0.776182
0.776532
0.776880
0.777224
0.777565
0.777904
0.778239
0.778571
0.778900
0.779226
0.779549
0.779869
0.780185
0.780499
0.780809
0.781116
0.781420
0.781721
0.782019
0.782314
0.782606
0.782894
0.783180
0.783463
0.783743
0.784020
0.784294
0.784565
0.784833
0.785099
0.785362
0.785622
0.785880
0.786135
0.786387
0.786637
0.786884
0.787129
0.787372
0.787612
0.787850
0.788085
0.788319
0.788550
0.788779
0.789006
0.789230
0.789453
0.789674
0.789893
0.790110
0.790325
0.790538
0.790750
0.790960
0.791168
0.791374
0.791579
0.791782
0.791984
0.792184
0.792382
0.792580
0.792775
0.792970
0.793163
0.793355
0.793545
0.793734
0.793923
0.794109
0.794295
0.794480
0.794663
0.794845
0.795027
0.795207
0.795386
0.795565
0.795742
0.795919
0.796094
0.796269
0.796443
0.796616
0.796788
0.796959
0.797130
0.797300
0.797469
0.797638
0.797805
0.797973
0.798139
0.798305
0.798470
0.798635
0.798798
0.798962
0.799125
0.799287
0.799449
0.799610
0.799770
0.799931
0.800090
0.800249
0.800408
0.800566
0.800724
0.800881
0.801038
0.801195
0.801351
0.801507
0.801662
0.801817
0.801971
0.802125
0.802279
0.802432
0.802585
0.802738
0.802890
0.803042
0.803194
0.803345
0.803496
0.803647
0.803797
0.803947
0.804097
0.804247
0.804396
0.804545
0.804693
0.804841
0.804989
0.805137
0.805284
0.805432
0.805578
0.805725
0.805871
0.806017
0.806163
0.806309
0.806454
0.806599
0.806744
0.806888
0.807032
0.807176
0.807320
0.807464
0.807607
0.807750
0.807892
0.808035
0.808177
0.808319
0.808461
0.808602
0.808744
0.808884
0.809025
0.809166
0.809306
0.809446
0.809586
0.809725
0.809864
0.810004
0.810142
0.810281
0.810419
0.810557
0.810695
0.810832
0.810970
0.811107
0.811244
0.811380
0.811517
0.811653
0.811788
0.811924
0.812059
0.812194
0.812329
0.812464
0.812598
0.812732
0.812866
0.812999
0.813133
0.813266
0.813399
0.813531
0.813663
0.813795
0.813927
0.814059
0.814190
0.814321
0.814452
0.814582
0.814712
0.814842
0.814972
0.815102
0.815231
0.815360
0.815488
0.815617
0.815745
0.815873
0.816000
0.816000
0.816128
0.816255
0.816381
0.816508
0.816634
0.816760
0.816886
0.817011
0.817136
0.817261
0.817386
0.817510
0.817634
0.817758
0.817881
0.818005
0.818128
0.818250
0.818373
0.818495
0.818617
0.818738
0.818860
0.818981
0.819101
0.819222
0.819342
0.819462
0.819581
0.819701
0.819820
0.819938
0.820057
0.820175
0.820293
0.820411
0.820528
0.820645
0.820762
0.820878
0.820994
0.821110
0.821226
0.821341
0.821456
0.821571
0.821686
0.821800
0.821914
0.822027
0.822141
0.822254
0.822366
0.822479
0.822591
0.822703
0.822814
0.822926
0.823037
0.823147
0.823258
0.823368
0.823478
0.823587
0.823697
0.823806
0.823914
0.824023
0.824131
0.824238
0.824346
0.824453
0.824560
0.824667
0.824773
0.824879
0.824985
0.825090
0.825196
0.825301
0.825405
0.825509
0.825613
0.825717
0.825821
0.825924
0.826027
0.826129
0.826232
0.826334
0.826435
0.826537
0.826638
0.826739
0.826839
0.826939
0.827039
0.827139
0.827238
0.827338
0.827436
0.827535
0.827633
0.827731
0.827829
0.827926
0.828023
0.828120
0.828217
0.828313
0.828409
0.828504
0.828600
0.828695
0.828790
0.828884
0.828979
0.829073
0.829166
0.829260
0.829353
0.829446
0.829538
0.829630
0.829722
0.829814
0.829906
0.829997
0.830088
0.830178
0.830269
0.830359
0.830448
0.830538
0.830627
0.830716
0.830805
0.830893
0.830981
0.831069
0.831157
0.831244
0.831331
0.831418
0.831504
0.831590
0.831676
0.831762
0.831847
0.831932
0.832017
0.832102
0.832186
0.832270
0.832354
0.832437
0.832521
0.832604
0.832686
0.832769
0.832851
0.832933
0.833014
0.833096
0.833177
0.833258
0.833338
0.833419
0.833499
0.833579
0.833658
0.833738
0.833817
0.833895
0.833974
0.834052
0.834130
0.834208
0.834285
0.834363
0.834440
0.834516
0.834593
0.834669
0.834745
0.834821
0.834896
0.834972
0.835047
0.835121
0.835196
0.835270
0.835344
0.835418
0.835491
0.835565
0.835638
0.835711
0.835783
0.835855
0.835927
0.835999
0.836071
0.836142
0.836213
0.836284
0.836355
0.836425
0.836495
0.836565
0.836635
0.836704
0.836773
0.836842
0.836911
0.836980
0.837048
0.837116
0.837184
0.837251
0.837319
0.837386
0.837453
0.837519
0.837586
0.837652
0.837718
0.837784
0.837849
0.837915
0.837980
0.838044
0.838109
0.838174
0.838238
0.838302
0.838365
0.838429
0.838492
0.838555
0.838618
0.838681
0.838743
0.838806
0.838868
0.838929
0.838991
0.839052
0.839114
0.839175
0.839235
0.839296
0.839356
0.839416
0.839476
0.839536
0.839595
0.839655
0.839714
0.839772
0.839831
0.839890
0.839948
0.840006
0.840064
0.840121
0.840179
0.840236
0.840293
0.840350
0.840407
0.840463
0.840519
0.840575
0.840631
0.840687
0.840742
0.840798
0.840853
0.840907
0.840962
0.841017
0.841071
0.841125
0.841179
0.841233
0.841286
0.841340
0.841393
0.841446
0.841498
0.841551
0.841603
0.841656
0.841708
0.841760
0.841811
0.841863
0.841914
0.841965
0.842016
0.842067
0.842117
0.842168
0.842218
0.842268
0.842318
0.842367
0.842417
0.842466
0.842515
0.842564
0.842613
0.842662
0.842710
0.842758
0.842806
0.842854
0.842902
0.842950
0.842997
0.843044
0.843091
0.843138
0.843185
0.843231
0.843278
0.843324
0.843370
0.843416
0.843462
0.843507
0.843552
0.843598
0.843643
0.843688
0.843732
0.843777
0.843821
0.843865
0.843909
0.843953
0.843997
0.844041
0.844084
0.844127
0.844170
0.844213
0.844256
0.844299
0.844341
0.844384
0.844426
0.844468
0.844510
0.844551
0.844593
0.844634
0.844675
0.844716
0.844757
0.844798
0.844839
0.844879
0.844919
0.844960
0.845000
0.845040
0.845079
0.845119
0.845158
0.845197
0.845237
0.845276
0.845314
0.845353
0.845392
0.845430
0.845468
0.845506
0.845544
0.845582
0.845620
0.845657
0.845695
0.845732
0.845769
0.845806
0.845843
0.845879
0.845916
0.845952
0.845988
0.846025
0.846060
0.846096
0.846132
0.846168
0.846203
0.846238
0.846273
0.846308
0.846343
0.846378
0.846413
0.846447
0.846481
0.846516
0.846550
0.846583
0.846617
0.846651
0.846684
0.846718
0.846751
0.846784
0.846817
0.846850
0.846883
0.846915
0.846948
0.846980
0.847012
0.847045
0.847076
0.847108
0.847140
0.847172
0.847203
0.847234
0.847266
0.847297
0.847328
0.847358
0.847389
0.847420
0.847450
0.847480
0.847511
0.847541
0.847571
0.847600
0.847630
0.847660
0.847689
0.847718
0.847748
0.847777
0.847806
0.847835
0.847863
0.847892
0.847920
0.847949
0.847977
0.848005
0.848033
0.848061
0.848089
0.848116
0.848144
0.848171
0.848199
0.848226
0.848253
0.848280
0.848307
0.848333
0.848360
0.848386
0.848413
0.848439
0.848465
0.848491
0.848517
0.848543
0.848569
0.848594
0.848620
0.848645
0.848670
0.848695
0.848720
0.848745
0.848770
0.848795
0.848819
0.848844
0.848868
0.848892
0.848916
0.848940
0.848964
0.848988
0.849012
0.849035
0.849059
0.849082
0.849105
0.849105
0.849128
0.849151
0.849174
0.849197
0.849220
0.849243
0.849265
0.849287
0.849310
0.849332
0.849354
0.849376
0.849398
0.849419
0.849441
0.849463
0.849484
0.849505
0.849527
0.849548
0.849569
0.849590
0.849611
0.849631
0.849652
0.849672
0.849693
0.849713
0.849733
0.849753
0.849773
0.849793
0.849813
0.849833
0.849852
0.849872
0.849891
0.849911
0.849930
0.849949
0.849968
0.849987
0.850006
0.850024
0.850043
0.850061
0.850080
0.850098
0.850116
0.850134
0.850152
0.850170
0.850188
0.850206
0.850224
0.850241
0.850259
0.850276
0.850293
0.850310
0.850327
0.850344
0.850361
0.850378
0.850395
0.850411
0.850428
0.850444
0.850460
0.850477
0.850493
0.850509
0.850525
0.850540
0.850556
0.850572
0.850587
0.850603
0.850618
0.850633
0.850649
0.850664
0.850679
0.850694
0.850708
0.850723
0.850738
0.850752
0.850767
0.850781
0.850795
0.850810
0.850824
0.850838
0.850852
0.850865
0.850879
0.850893
0.850906
0.850920
0.850933
0.850947
0.850960
0.850973
0.850986
0.850999
0.851012
0.851025
0.851037
0.851050
0.851062
0.851075
0.851087
0.851099
0.851112
0.851124
0.851136
0.851148
0.851159
0.851171
0.851183
0.851194
0.851206
0.851217
0.851229
0.851240
0.851251
0.851262
0.851273
0.851284
0.851295
0.851305
0.851316
0.851327
0.851337
0.851348
0.851358
0.851368
0.851378
0.851388
0.851398
0.851408
0.851418
0.851428
0.851438
0.851447
0.851457
0.851466
0.851476
0.851485
0.851494
0.851503
0.851512
0.851521
0.851530
0.851539
0.851548
0.851556
0.851565
0.851573
0.851582
0.851590
0.851598
0.851606
0.851614
0.851622
0.851630
0.851638
0.851646
0.851654
0.851661
0.851669
0.851676
0.851684
0.851691
0.851698
0.851706
0.851713
0.851720
0.851727
0.851734
0.851740
0.851747
0.851754
0.851760
0.851767
0.851773
0.851780
0.851786
0.851792
0.851798
0.851804
0.851810
0.851816
0.851822
0.851828
0.851834
0.851839
0.851845
0.851850
0.851856
0.851861
0.851866
0.851872
0.851877
0.851882
0.851887
0.851892
0.851897
0.851901
0.851906
0.851911
0.851915
0.851920
0.851924
0.851929
0.851933
0.851937
0.851941
0.851945
0.851949
0.851953
0.851957
0.851961
0.851965
0.851968
0.851972
0.851976
0.851979
0.851982
0.851986
0.851989
0.851992
0.851995
0.851999
0.852002
0.852005
0.852007
0.852010
0.852013
0.852016
0.852018
0.852021
0.852023
0.852026
0.852028
0.852030
0.852033
0.852035
0.852037
0.852039
0.852041
0.852043
0.852045
0.852047
0.852048
0.852050
0.852052
0.852053
0.852055
0.852056
0.852057
0.852059
0.852060
0.852061
0.852062
0.852063
0.852064
0.852065
0.852066
0.852067
0.852067
0.852068
0.852069
0.852069
0.852070
0.852070
0.852071
0.852071
0.852071
0.852072
0.852072
0.852072
0.852072
0.852072
0.852072
0.852072
0.852071
0.852071
0.852071
0.852070
0.852070
0.852070
0.852069
0.852068
0.852068
0.852067
0.852066
0.852065
0.852065
0.852064
0.852063
0.852062
0.852061
0.852059
0.852058
0.852057
0.852056
0.852054
0.852053
0.852051
0.852050
0.852048
0.852047
0.852045
0.852043
0.852041
0.852040
0.852038
0.852036
0.852034
0.852032
0.852030
0.852027
0.852025
0.852023
0.852021
0.852018
0.852016
0.852013
0.852011
0.852008
0.852006
0.852003
0.852000
0.851997
0.851995
0.851992
0.851989
0.851986
0.851983
0.851980
0.851977
0.851973
0.851970
0.851967
0.851964
0.851960
0.851957
0.851953
0.851950
0.851946
0.851943
0.851939
0.851935
0.851932
0.851928
0.851924
0.851920
0.851916
0.851912
0.851908
0.851904
0.851900
0.851896
0.851892
0.851887
0.851883
0.851879
0.851874
0.851870
0.851866
0.851861
0.851857
0.851852
0.851847
0.851843
0.851838
0.851833
0.851828
0.851823
0.851818
0.851814
0.851809
0.851804
0.851798
0.851793
0.851788
0.851783
0.851778
0.851772
0.851767
0.851762
0.851756
0.851751
0.851745
0.851740
0.851734
0.851729
0.851723
0.851717
0.851712
0.851706
0.851700
0.851694
0.851688
0.851682
0.851676
0.851670
0.851664
0.851658
0.851652
0.851646
0.851640
0.851634
0.851627
0.851621
0.851615
0.851608
0.851602
0.851595
0.851589
0.851582
0.851576
0.851569
0.851563
0.851556
0.851549
0.851543
0.851536
0.851529
0.851522
0.851515
0.851508
0.851501
0.851494
0.851487
0.851480
0.851473
0.851466
0.851459
0.851452
0.851444
0.851437
0.851430
0.851423
0.851415
0.851408
0.851400
0.851393
0.851385
0.851378
0.851370
0.851363
0.851355
0.851347
0.851340
0.851332
0.851324
0.851316
0.851309
0.851301
0.851293
0.851285
0.851277
0.851269
0.851261
0.851253
0.851245
0.851237
0.851229
0.851221
0.851213
0.851204
0.851196
0.851188
0.851180
0.851171
0.851163
0.851155
0.851146
0.851138
0.851129
0.851121
0.851112
0.851104
0.851095
0.851087
0.851078
0.851069
0.851061
0.851052
0.851043
0.851034
0.851026
0.851017
0.851008
0.850999
0.850990
0.850990
0.850981
0.850972
0.850963
0.850954
0.850945
0.850936
0.850927
0.850918
0.850909
0.850900
0.850891
0.850881
0.850872
0.850863
0.850854
0.850844
0.850835
0.850826
0.850816
0.850807
0.850798
0.850788
0.850779
0.850769
0.850760
0.850750
0.850741
0.850731
0.850722
0.850712
0.850702
0.850693
0.850683
0.850673
0.850664
0.850654
0.850644
0.850634
0.850625
0.850615
0.850605
0.850595
0.850585
0.850575
0.850565
0.850555
0.850545
0.850535
0.850525
0.850515
0.850505
0.850495
0.850485
0.850475
0.850465
0.850455
0.850445
0.850435
0.850424
0.850414
0.850404
0.850394
0.850383
0.850373
0.850363
0.850353
0.850342
0.850332
0.850321
0.850311
0.850301
0.850290
0.850280
0.850269
0.850259
0.850248
0.850238
0.850227
0.850217
0.850206
0.850196
0.850185
0.850175
0.850164
0.850153
0.850143
0.850132
0.850121
0.850111
0.850100
0.850089
0.850078
0.850068
0.850057
0.850046
0.850035
0.850025
0.850014
0.850003
0.849992
0.849981
0.849970
0.849959
0.849948
0.849938
0.849927
0.849916
0.849905
0.849894
0.849883
0.849872
0.849861
0.849850
0.849839
0.849828
0.849817
0.849806
0.849794
0.849783
0.849772
0.849761
0.849750
0.849739
0.849728
0.849717
0.849705
0.849694
0.849683
0.849672
0.849661
0.849649
0.849638
0.849627
0.849616
0.849604
0.849593
0.849582
0.849570
0.849559
0.849548
0.849536
0.849525
0.849514
0.849502
0.849491
0.849480
0.849468
0.849457
0.849445
0.849434
0.849423
0.849411
0.849400
0.849388
0.849377
0.849365
0.849354
0.849342
0.849331
0.849319
0.849308
0.849296
0.849285
0.849273
0.849262
0.849250
0.849239
0.849227
0.849216
0.849204
0.849192
0.849181
0.849169
0.849158
0.849146
0.849134
0.849123
0.849111
0.849100
0.849088
0.849076
0.849065
0.849053
0.849041
0.849030
0.849018
0.849006
0.848995
0.848983
0.848971
0.848959
0.848948
0.848936
0.848924
0.848913
0.848901
0.848889
0.848877
0.848866
0.848854
0.848842
0.848830
0.848819
0.848807
0.848795
0.848783
0.848772
0.848760
0.848748
0.848736
0.848724
0.848713
0.848701
0.848689
0.848677
0.848665
0.848654
0.848642
0.848630
0.848618
0.848606
0.848594
0.848583
0.848571
0.848559
0.848547
0.848535
0.848523
0.848511
0.848500
0.848488
0.848476
0.848464
0.848452
0.848440
0.848428
0.848417
0.848405
0.848393
0.848381
0.848369
0.848357
0.848345
0.848333
0.848322
0.848310
0.848298
0.848286
0.848274
0.848262
0.848250
0.848238
0.848226
0.848214
0.848203
0.848191
0.848179
0.848167
0.848155
0.848143
0.848131
0.848119
0.848107
0.848095
0.848084
0.848072
0.848060
0.848048
0.848036
0.848024
0.848012
0.848000
0.847988
0.847976
0.847965
0.847953
0.847941
0.847929
0.847917
0.847905
0.847893
0.847881
0.847869
0.847857
0.847846
0.847834
0.847822
0.847810
0.847798
0.847786
0.847774
0.847762
0.847750
0.847739
0.847727
0.847715
0.847703
0.847691
0.847679
0.847667
0.847655
0.847643
0.847632
0.847620
0.847608
0.847596
0.847584
0.847572
0.847560
0.847549
0.847537
0.847525
0.847513
0.847501
0.847489
0.847477
0.847466
0.847454
0.847442
0.847430
0.847418
0.847406
0.847395
0.847383
0.847371
0.847359
0.847347
0.847336
0.847324
0.847312
0.847300
0.847288
0.847277
0.847265
0.847253
0.847241
0.847229
0.847218
0.847206
0.847194
0.847182
0.847171
0.847159
0.847147
0.847135
0.847124
0.847112
0.847100
0.847088
0.847077
0.847065
0.847053
0.847041
0.847030
0.847018
0.847006
0.846995
0.846983
0.846971
0.846959
0.846948
0.846936
0.846924
0.846913
0.846901
0.846889
0.846878
0.846866
0.846854
0.846843
0.846831
0.846819
0.846808
0.846796
0.846785
0.846773
0.846761
0.846750
0.846738
0.846726
0.846715
0.846703
0.846692
0.846680
0.846669
0.846657
0.846645
0.846634
0.846622
0.846611
0.846599
0.846588
0.846576
0.846565
0.846553
0.846542
0.846530
0.846519
0.846507
0.846496
0.846484
0.846473
0.846461
0.846450
0.846438
0.846427
0.846415
0.846404
0.846392
0.846381
0.846369
0.846358
0.846347
0.846335
0.846324
0.846312
0.846301
0.846290
0.846278
0.846267
0.846255
0.846244
0.846233
0.846221
0.846210
0.846199
0.846187
0.846176
0.846165
0.846153
0.846142
0.846131
0.846119
0.846108
0.846097
0.846086
0.846074
0.846063
0.846052
0.846041
0.846029
0.846018
0.846007
0.845996
0.845984
0.845973
0.845962
0.845951
0.845940
0.845928
0.845917
0.845906
0.845895
0.845884
0.845873
0.845861
0.845850
0.845839
0.845828
0.845817
0.845806
0.845795
0.845784
0.845773
0.845762
0.845750
0.845739
0.845728
0.845717
0.845706
0.845695
0.845684
0.845673
0.845662
0.845651
0.845640
0.845629
0.845618
0.845607
0.845596
0.845585
0.845574
0.845563
0.845552
0.845541
0.845531
0.845520
0.845509
0.845498
0.845487
0.845476
0.845465
0.845454
0.845443
0.845433
0.845422
0.845411
0.845400
0.845389
0.845389
0.845378
0.845368
0.845357
0.845346
0.845335
0.845324
0.845314
0.845303
0.845292
0.845281
0.845271
0.845260
0.845249
0.845238
0.845228
0.845217
0.845206
0.845196
0.845185
0.845174
0.845164
0.845153
0.845142
0.845132
0.845121
0.845110
0.845100
0.845089
0.845079
0.845068
0.845057
0.845047
0.845036
0.845026
0.845015
0.845005
0.844994
0.844984
0.844973
0.844963
0.844952
0.844942
0.844931
0.844921
0.844910
0.844900
0.844889
0.844879
0.844868
0.844858
0.844848
0.844837
0.844827
0.844816
0.844806
0.844796
0.844785
0.844775
0.844764
0.844754
0.844744
0.844733
0.844723
0.844713
0.844703
0.844692
0.844682
0.844672
0.844661
0.844651
0.844641
0.844631
0.844620
0.844610
0.844600
0.844590
0.844580
0.844569
0.844559
0.844549
0.844539
0.844529
0.844519
0.844508
0.844498
0.844488
0.844478
0.844468
0.844458
0.844448
0.844438
0.844428
0.844418
0.844407
0.844397
0.844387
0.844377
0.844367
0.844357
0.844347
0.844337
0.844327
0.844317
0.844307
0.844297
0.844287
0.844278
0.844268
0.844258
0.844248
0.844238
0.844228
0.844218
0.844208
0.844198
0.844188
0.844179
0.844169
0.844159
0.844149
0.844139
0.844129
0.844120
0.844110
0.844100
0.844090
0.844080
0.844071
0.844061
0.844051
0.844041
0.844032
0.844022
0.844012
0.844003
0.843993
0.843983
0.843973
0.843964
0.843954
0.843945
0.843935
0.843925
0.843916
0.843906
0.843896
0.843887
0.843877
0.843868
0.843858
0.843848
0.843839
0.843829
0.843820
0.843810
0.843801
0.843791
0.843782
0.843772
0.843763
0.843753
0.843744
0.843734
0.843725
0.843715
0.843706
0.843697
0.843687
0.843678
0.843668
0.843659
0.843650
0.843640
0.843631
0.843622
0.843612
0.843603
0.843594
0.843584
0.843575
0.843566
0.843556
0.843547
0.843538
0.843528
0.843519
0.843510
0.843501
0.843491
0.843482
0.843473
0.843464
0.843455
0.843445
0.843436
0.843427
0.843418
0.843409
0.843400
0.843390
0.843381
0.843372
0.843363
0.843354
0.843345
0.843336
0.843327
0.843318
0.843309
0.843300
0.843291
0.843281
0.843272
0.843263
0.843254
0.843245
0.843236
0.843227
0.843218
0.843210
0.843201
0.843192
0.843183
0.843174
0.843165
0.843156
0.843147
0.843138
0.843129
0.843120
0.843111
0.843103
0.843094
0.843085
0.843076
0.843067
0.843058
0.843050
0.843041
0.843032
0.843023
0.843014
0.843006
0.842997
0.842988
0.842979
0.842971
0.842962
0.842953
0.842945
0.842936
0.842927
0.842918
0.842910
0.842901
0.842892
0.842884
0.842875
0.842867
0.842858
0.842849
0.842841
0.842832
0.842823
0.842815
0.842806
0.842798
0.842789
0.842781
0.842772
0.842764
0.842755
0.842747
0.842738
0.842730
0.842721
0.842713
0.842704
0.842696
0.842687
0.842679
0.842670
0.842662
0.842653
0.842645
0.842637
0.842628
0.842620
0.842611
0.842603
0.842595
0.842586
0.842578
0.842570
0.842561
0.842553
0.842545
0.842536
0.842528
0.842520
0.842512
0.842503
0.842495
0.842487
0.842479
0.842470
0.842462
0.842454
0.842446
0.842437
0.842429
0.842421
0.842413
0.842405
0.842397
0.842388
0.842380
0.842372
0.842364
0.842356
0.842348
0.842340
0.842332
0.842323
0.842315
0.842307
0.842299
0.842291
0.842283
0.842275
0.842267
0.842259
0.842251
0.842243
0.842235
0.842227
0.842219
0.842211
0.842203
0.842195
0.842187
0.842179
0.842171
0.842163
0.842155
0.842148
0.842140
0.842132
0.842124
0.842116
0.842108
0.842100
0.842092
0.842085
0.842077
0.842069
0.842061
0.842053
0.842045
0.842038
0.842030
0.842022
0.842014
0.842007
0.841999
0.841991
0.841983
0.841976
0.841968
0.841960
0.841952
0.841945
0.841937
0.841929
0.841922
0.841914
0.841906
0.841899
0.841891
0.841883
0.841876
0.841868
0.841860
0.841853
0.841845
0.841838
0.841830
0.841823
0.841815
0.841807
0.841800
0.841792
0.841785
0.841777
0.841770
0.841762
0.841755
0.841747
0.841740
0.841732
0.841725
0.841717
0.841710
0.841702
0.841695
0.841687
0.841680
0.841673
0.841665
0.841658
0.841650
0.841643
0.841636
0.841628
0.841621
0.841614
0.841606
0.841599
0.841591
0.841584
0.841577
0.841570
0.841562
0.841555
0.841548
0.841540
0.841533
0.841526
0.841519
0.841511
0.841504
0.841497
0.841490
0.841482
0.841475
0.841468
0.841461
0.841454
0.841446
0.841439
0.841432
0.841425
0.841418
0.841410
0.841403
0.841396
0.841389
0.841382
0.841375
0.841368
0.841361
0.841354
0.841346
0.841339
0.841332
0.841325
0.841318
0.841311
0.841304
0.841297
0.841290
0.841283
0.841276
0.841269
0.841262
0.841255
0.841248
0.841241
0.841234
0.841227
0.841220
0.841213
0.841206
0.841199
0.841193
0.841186
0.841179
0.841172
0.841165
0.841158
0.841151
0.841144
0.841137
0.841131
0.841124
0.841117
0.841110
0.841103
0.841096
0.841090
0.841083
0.841076
0.841069
0.841062
0.841056
0.841049
0.841042
0.841035
0.841029
0.841029
0.841022
0.841015
0.841008
0.841002
0.840995
0.840988
0.840982
0.840975
0.840968
0.840962
0.840955
0.840948
0.840942
0.840935
0.840928
0.840922
0.840915
0.840908
0.840902
0.840895
0.840889
0.840882
0.840875
0.840869
0.840862
0.840856
0.840849
0.840843
0.840836
0.840829
0.840823
0.840816
0.840810
0.840803
0.840797
0.840790
0.840784
0.840777
0.840771
0.840764
0.840758
0.840752
0.840745
0.840739
0.840732
0.840726
0.840719
0.840713
0.840707
0.840700
0.840694
0.840687
0.840681
0.840675
0.840668
0.840662
0.840656
0.840649
0.840643
0.840637
0.840630
0.840624
0.840618
0.840611
0.840605
0.840599
0.840592
0.840586
0.840580
0.840574
0.840567
0.840561
0.840555
0.840549
0.840542
0.840536
0.840530
0.840524
0.840517
0.840511
0.840505
0.840499
0.840493
0.840487
0.840480
0.840474
0.840468
0.840462
0.840456
0.840450
0.840443
0.840437
0.840431
0.840425
0.840419
0.840413
0.840407
0.840401
0.840395
0.840389
0.840383
0.840376
0.840370
0.840364
0.840358
0.840352
0.840346
0.840340
0.840334
0.840328
0.840322
0.840316
0.840310
0.840304
0.840298
0.840292
0.840286
0.840280
0.840275
0.840269
0.840263
0.840257
0.840251
0.840245
0.840239
0.840233
0.840227
0.840221
0.840215
0.840209
0.840204
0.840198
0.840192
0.840186
0.840180
0.840174
0.840169
0.840163
0.840157
0.840151
0.840145
0.840139
0.840134
0.840128
0.840122
0.840116
0.840111
0.840105
0.840099
0.840093
0.840087
0.840082
0.840076
0.840070
0.840065
0.840059
0.840053
0.840047
0.840042
0.840036
0.840030
0.840025
0.840019
0.840013
0.840008
0.840002
0.839996
0.839991
0.839985
0.839979
0.839974
0.839968
0.839963
0.839957
0.839951
0.839946
0.839940
0.839935
0.839929
0.839923
0.839918
0.839912
0.839907
0.839901
0.839896
0.839890
0.839885
0.839879
0.839874
0.839868
0.839863
0.839857
0.839852
0.839846
0.839841
0.839835
0.839830
0.839824
0.839819
0.839813
0.839808
0.839802
0.839797
0.839791
0.839786
0.839781
0.839775
0.839770
0.839764
0.839759
0.839754
0.839748
0.839743
0.839738
0.839732
0.839727
0.839721
0.839716
0.839711
0.839705
0.839700
0.839695
0.839689
0.839684
0.839679
0.839673
0.839668
0.839663
0.839658
0.839652
0.839647
0.839642
0.839637
0.839631
0.839626
0.839621
0.839616
0.839610
0.839605
0.839600
0.839595
0.839589
0.839584
0.839579
0.839574
0.839569
0.839563
0.839558
0.839553
0.839548
0.839543
0.839538
0.839532
0.839527
0.839522
0.839517
0.839512
0.839507
0.839502
0.839497
0.839491
0.839486
0.839481
0.839476
0.839471
0.839466
0.839461
0.839456
0.839451
0.839446
0.839441
0.839436
0.839431
0.839426
0.839421
0.839416
0.839411
0.839406
0.839400
0.839395
0.839390
0.839386
0.839381
0.839376
0.839371
0.839366
0.839361
0.839356
0.839351
0.839346
0.839341
0.839336
0.839331
0.839326
0.839321
0.839316
0.839311
0.839306
0.839301
0.839297
0.839292
0.839287
0.839282
0.839277
0.839272
0.839267
0.839262
0.839258
0.839253
0.839248
0.839243
0.839238
0.839233
0.839229
0.839224
0.839219
0.839214
0.839209
0.839205
0.839200
0.839195
0.839190
0.839186
0.839181
0.839176
0.839171
0.839166
0.839162
0.839157
0.839152
0.839148
0.839143
0.839138
0.839133
0.839129
0.839124
0.839119
0.839115
0.839110
0.839105
0.839100
0.839096
0.839091
0.839086
0.839082
0.839077
0.839073
0.839068
0.839063
0.839059
0.839054
0.839049
0.839045
0.839040
0.839036
0.839031
0.839026
0.839022
0.839017
0.839013
0.839008
0.839003
0.838999
0.838994
0.838990
0.838985
0.838981
0.838976
0.838972
0.838967
0.838963
0.838958
0.838953
0.838949
0.838944
0.838940
0.838935
0.838931
0.838926
0.838922
0.838918
0.838913
0.838909
0.838904
0.838900
0.838895
0.838891
0.838886
0.838882
0.838877
0.838873
0.838869
0.838864
0.838860
0.838855
0.838851
0.838847
0.838842
0.838838
0.838833
0.838829
0.838825
0.838820
0.838816
0.838812
0.838807
0.838803
0.838799
0.838794
0.838790
0.838785
0.838781
0.838777
0.838773
0.838768
0.838764
0.838760
0.838755
0.838751
0.838747
0.838742
0.838738
0.838734
0.838730
0.838725
0.838721
0.838717
0.838713
0.838708
0.838704
0.838700
0.838696
0.838691
0.838687
0.838683
0.838679
0.838675
0.838670
0.838666
0.838662
0.838658
0.838654
0.838649
0.838645
0.838641
0.838637
0.838633
0.838629
0.838625
0.838620
0.838616
0.838612
0.838608
0.838604
0.838600
0.838596
0.838591
0.838587
0.838583
0.838579
0.838575
0.838571
0.838567
0.838563
0.838559
0.838555
0.838551
0.838547
0.838543
0.838538
0.838534
0.838530
0.838526
0.838522
0.838518
0.838514
0.838510
0.838506
0.838502
0.838498
0.838494
0.838490
0.838486
0.838482
0.838478
0.838474
0.838470
0.838466
0.838462
0.838458
0.838454
0.838450
0.838447
0.838443
0.838439
0.838435
0.838431
0.838427
0.838423
0.838423
0.838419
0.838415
0.838411
0.838407
0.838403
0.838400
0.838396
0.838392
0.838388
0.838384
0.838380
0.838376
0.838372
0.838369
0.838365
0.838361
0.838357
0.838353
0.838349
0.838345
0.838342
0.838338
0.838334
0.838330
0.838326
0.838323
0.838319
0.838315
0.838311
0.838307
0.838304
0.838300
0.838296
0.838292
0.838289
0.838285
0.838281
0.838277
0.838274
0.838270
0.838266
0.838262
0.838259
0.838255
0.838251
0.838247
0.838244
0.838240
0.838236
0.838233
0.838229
0.838225
0.838221
0.838218
0.838214
0.838210
0.838207
0.838203
0.838199
0.838196
0.838192
0.838189
0.838185
0.838181
0.838178
0.838174
0.838170
0.838167
0.838163
0.838159
0.838156
0.838152
0.838149
0.838145
0.838141
0.838138
0.838134
0.838131
0.838127
0.838124
0.838120
0.838116
0.838113
0.838109
0.838106
0.838102
0.838099
0.838095
0.838092
0.838088
0.838085
0.838081
0.838077
0.838074
0.838070
0.838067
0.838063
0.838060
0.838056
0.838053
0.838050
0.838046
0.838043
0.838039
0.838036
0.838032
0.838029
0.838025
0.838022
0.838018
0.838015
0.838011
0.838008
0.838005
0.838001
0.837998
0.837994
0.837991
0.837987
0.837984
0.837981
0.837977
0.837974
0.837971
0.837967
0.837964
0.837960
0.837957
0.837954
0.837950
0.837947
0.837944
0.837940
0.837937
0.837933
0.837930
0.837927
0.837923
0.837920
0.837917
0.837913
0.837910
0.837907
0.837904
0.837900
0.837897
0.837894
0.837890
0.837887
0.837884
0.837881
0.837877
0.837874
0.837871
0.837867
0.837864
0.837861
0.837858
0.837854
0.837851
0.837848
0.837845
0.837841
0.837838
0.837835
0.837832
0.837829
0.837825
0.837822
0.837819
0.837816
0.837813
0.837809
0.837806
0.837803
0.837800
0.837797
0.837793
0.837790
0.837787
0.837784
0.837781
0.837778
0.837774
0.837771
0.837768
0.837765
0.837762
0.837759
0.837756
0.837753
0.837749
0.837746
0.837743
0.837740
0.837737
0.837734
0.837731
0.837728
0.837725
0.837721
0.837718
0.837715
0.837712
0.837709
0.837706
0.837703
0.837700
0.837697
0.837694
0.837691
0.837688
0.837685
0.837682
0.837679
0.837676
0.837673
0.837670
0.837667
0.837664
0.837661
0.837658
0.837655
0.837652
0.837649
0.837646
0.837643
0.837640
0.837637
0.837634
0.837631
0.837628
0.837625
0.837622
0.837619
0.837616
0.837613
0.837610
0.837607
0.837604
0.837601
0.837598
0.837595
0.837592
0.837590
0.837587
0.837584
0.837581
0.837578
0.837575
0.837572
0.837569
0.837566
0.837563
0.837561
0.837558
0.837555
0.837552
0.837549
0.837546
0.837543
0.837540
0.837538
0.837535
0.837532
0.837529
0.837526
0.837523
0.837521
0.837518
0.837515
0.837512
0.837509
0.837507
0.837504
0.837501
0.837498
0.837495
0.837493
0.837490
0.837487
0.837484
0.837481
0.837479
0.837476
0.837473
0.837470
0.837468
0.837465
0.837462
0.837459
0.837457
0.837454
0.837451
0.837448
0.837446
0.837443
0.837440
0.837437
0.837435
0.837432
0.837429
0.837427
0.837424
0.837421
0.837419
0.837416
0.837413
0.837410
0.837408
0.837405
0.837402
0.837400
0.837397
0.837394
0.837392
0.837389
0.837386
0.837384
0.837381
0.837379
0.837376
0.837373
0.837371
0.837368
0.837365
0.837363
0.837360
0.837358
0.837355
0.837352
0.837350
0.837347
0.837345
0.837342
0.837339
0.837337
0.837334
0.837332
0.837329
0.837326
0.837324
0.837321
0.837319
0.837316
0.837314
0.837311
0.837309
0.837306
0.837304
0.837301
0.837298
0.837296
0.837293
0.837291
0.837288
0.837286
0.837283
0.837281
0.837278
0.837276
0.837273
0.837271
0.837268
0.837266
0.837263
0.837261
0.837258
0.837256
0.837253
0.837251
0.837249
0.837246
0.837244
0.837241
0.837239
0.837236
0.837234
0.837231
0.837229
0.837227
0.837224
0.837222
0.837219
0.837217
0.837214
0.837212
0.837210
0.837207
0.837205
0.837202
0.837200
0.837198
0.837195
0.837193
0.837190
0.837188
0.837186
0.837183
0.837181
0.837179
0.837176
0.837174
0.837172
0.837169
0.837167
0.837165
0.837162
0.837160
0.837158
0.837155
0.837153
0.837151
0.837148
0.837146
0.837144
0.837141
0.837139
0.837137
0.837134
0.837132
0.837130
0.837128
0.837125
0.837123
0.837121
0.837118
0.837116
0.837114
0.837112
0.837109
0.837107
0.837105
0.837103
0.837100
0.837098
0.837096
0.837094
0.837091
0.837089
0.837087
0.837085
0.837082
0.837080
0.837078
0.837076
0.837074
0.837071
0.837069
0.837067
0.837065
0.837063
0.837060
0.837058
0.837056
0.837054
0.837052
0.837050
0.837047
0.837045
0.837043
0.837041
0.837039
0.837037
0.837034
0.837032
0.837030
0.837028
0.837026
0.837024
0.837022
0.837019
0.837017
0.837015
0.837013
0.837011
0.837009
0.837007
0.837005
0.837003
0.837000
0.836998
0.836996
0.836994
0.836992
0.836990
0.836988
0.836986
0.836984
0.836982
0.836980
0.836978
0.836976
0.836973
0.836971
0.836969
0.836967
0.836965
0.836963
0.836963
0.836961
0.836959
0.836957
0.836955
0.836953
0.836951
0.836949
0.836947
0.836945
0.836943
0.836941
0.836939
0.836937
0.836935
0.836933
0.836931
0.836929
0.836927
0.836925
0.836923
0.836921
0.836919
0.836917
0.836915
0.836913
0.836911
0.836909
0.836907
0.836905
0.836904
0.836902
0.836900
0.836898
0.836896
0.836894
0.836892
0.836890
0.836888
0.836886
0.836884
0.836882
0.836880
0.836879
0.836877
0.836875
0.836873
0.836871
0.836869
0.836867
0.836865
0.836863
0.836862
0.836860
0.836858
0.836856
0.836854
0.836852
0.836850
0.836848
0.836847
0.836845
0.836843
0.836841
0.836839
0.836837
0.836836
0.836834
0.836832
0.836830
0.836828
0.836826
0.836825
0.836823
0.836821
0.836819
0.836817
0.836816
0.836814
0.836812
0.836810
0.836808
0.836807
0.836805
0.836803
0.836801
0.836800
0.836798
0.836796
0.836794
0.836793
0.836791
0.836789
0.836787
0.836786
0.836784
0.836782
0.836780
0.836779
0.836777
0.836775
0.836773
0.836772
0.836770
0.836768
0.836766
0.836765
0.836763
0.836761
0.836760
0.836758
0.836756
0.836755
0.836753
0.836751
0.836750
0.836748
0.836746
0.836744
0.836743
0.836741
0.836739
0.836738
0.836736
0.836734
0.836733
0.836731
0.836730
0.836728
0.836726
0.836725
0.836723
0.836721
0.836720
0.836718
0.836716
0.836715
0.836713
0.836712
0.836710
0.836708
0.836707
0.836705
0.836704
0.836702
0.836700
0.836699
0.836697
0.836696
0.836694
0.836692
0.836691
0.836689
0.836688
0.836686
0.836685
0.836683
0.836681
0.836680
0.836678
0.836677
0.836675
0.836674
0.836672
0.836671
0.836669
0.836668
0.836666
0.836665
0.836663
0.836661
0.836660
0.836658
0.836657
0.836655
0.836654
0.836652
0.836651
0.836649
0.836648
0.836646
0.836645
0.836643
0.836642
0.836641
0.836639
0.836638
0.836636
0.836635
0.836633
0.836632
0.836630
0.836629
0.836627
0.836626
0.836624
0.836623
0.836622
0.836620
0.836619
0.836617
0.836616
0.836614
0.836613
0.836612
0.836610
0.836609
0.836607
0.836606
0.836604
0.836603
0.836602
0.836600
0.836599
0.836597
0.836596
0.836595
0.836593
0.836592
0.836591
0.836589
0.836588
0.836586
0.836585
0.836584
0.836582
0.836581
0.836580
0.836578
0.836577
0.836576
0.836574
0.836573
0.836571
0.836570
0.836569
0.836567
0.836566
0.836565
0.836564
0.836562
0.836561
0.836560
0.836558
0.836557
0.836556
0.836554
0.836553
0.836552
0.836550
0.836549
0.836548
0.836547
0.836545
0.836544
0.836543
0.836541
0.836540
0.836539
0.836538
0.836536
0.836535
0.836534
0.836533
0.836531
0.836530
0.836529
0.836528
0.836526
0.836525
0.836524
0.836523
0.836521
0.836520
0.836519
0.836518
0.836517
0.836515
0.836514
0.836513
0.836512
0.836510
0.836509
0.836508
0.836507
0.836506
0.836504
0.836503
0.836502
0.836501
0.836500
0.836499
0.836497
0.836496
0.836495
0.836494
0.836493
0.836492
0.836490
0.836489
0.836488
0.836487
0.836486
0.836485
0.836483
0.836482
0.836481
0.836480
0.836479
0.836478
0.836477
0.836476
0.836474
0.836473
0.836472
0.836471
0.836470
0.836469
0.836468
0.836467
0.836466
0.836464
0.836463
0.836462
0.836461
0.836460
0.836459
0.836458
0.836457
0.836456
0.836455
0.836454
0.836453
0.836451
0.836450
0.836449
0.836448
0.836447
0.836446
0.836445
0.836444
0.836443
0.836442
0.836441
0.836440
0.836439
0.836438
0.836437
0.836436
0.836435
0.836434
0.836433
0.836432
0.836431
0.836430
0.836429
0.836428
0.836427
0.836426
0.836425
0.836424
0.836423
0.836422
0.836421
0.836420
0.836419
0.836418
0.836417
0.836416
0.836415
0.836414
0.836413
0.836412
0.836411
0.836410
0.836409
0.836408
0.836407
0.836406
0.836405
0.836404
0.836403
0.836403
0.836402
0.836401
0.836400
0.836399
0.836398
0.836397
0.836396
0.836395
0.836394
0.836393
0.836392
0.836392
0.836391
0.836390
0.836389
0.836388
0.836387
0.836386
0.836385
0.836384
0.836384
0.836383
0.836382
0.836381
0.836380
0.836379
0.836378
0.836377
0.836377
0.836376
0.836375
0.836374
0.836373
0.836372
0.836371
0.836371
0.836370
0.836369
0.836368
0.836367
0.836366
0.836366
0.836365
0.836364
0.836363
0.836362
0.836362
0.836361
0.836360
0.836359
0.836358
0.836357
0.836357
0.836356
0.836355
0.836354
0.836354
0.836353
0.836352
0.836351
0.836350
0.836350
0.836349
0.836348
0.836347
0.836347
0.836346
0.836345
0.836344
0.836344
0.836343
0.836342
0.836341
0.836341
0.836340
0.836339
0.836338
0.836338
0.836337
0.836336
0.836335
0.836335
0.836334
0.836333
0.836332
0.836332
0.836331
0.836330
0.836330
0.836329
0.836328
0.836328
0.836327
0.836326
0.836325
0.836325
0.836324
0.836323
0.836323
0.836322
0.836321
0.836321
0.836320
0.836319
0.836319
0.836318
0.836317
0.836317
0.836316
0.836315
0.836315
0.836314
0.836313
0.836313
0.836312
0.836311
0.836311
0.836311
0.836310
0.836310
0.836309
0.836308
0.836308
0.836307
0.836306
0.836306
0.836305
0.836305
0.836304
0.836303
0.836303
0.836302
0.836302
0.836301
0.836300
0.836300
0.836299
0.836299
0.836298
0.836297
0.836297
0.836296
0.836296
0.836295
0.836295
0.836294
0.836293
0.836293
0.836292
0.836292
0.836291
0.836291
0.836290
0.836290
0.836289
0.836288
0.836288
0.836287
0.836287
0.836286
0.836286
0.836285
0.836285
0.836284
0.836284
0.836283
0.836283
0.836282
0.836282
0.836281
0.836281
0.836280
0.836280
0.836279
0.836279
0.836278
0.836278
0.836277
0.836277
0.836276
0.836276
0.836275
0.836275
0.836274
0.836274
0.836273
0.836273
0.836272
0.836272
0.836271
0.836271
0.836270
0.836270
0.836270
0.836269
0.836269
0.836268
0.836268
0.836267
0.836267
0.836266
0.836266
0.836266
0.836265
0.836265
0.836264
0.836264
0.836263
0.836263
0.836263
0.836262
0.836262
0.836261
0.836261
0.836261
0.836260
0.836260
0.836259
0.836259
0.836259
0.836258
0.836258
0.836257
0.836257
0.836257
0.836256
0.836256
0.836256
0.836255
0.836255
0.836254
0.836254
0.836254
0.836253
0.836253
0.836253
0.836252
0.836252
0.836252
0.836251
0.836251
0.836251
0.836250
0.836250
0.836250
0.836249
0.836249
0.836249
0.836248
0.836248
0.836248
0.836247
0.836247
0.836247
0.836246
0.836246
0.836246
0.836245
0.836245
0.836245
0.836245
0.836244
0.836244
0.836244
0.836243
0.836243
0.836243
0.836242
0.836242
0.836242
0.836242
0.836241
0.836241
0.836241
0.836241
0.836240
0.836240
0.836240
0.836240
0.836239
0.836239
0.836239
0.836239
0.836238
0.836238
0.836238
0.836238
0.836237
0.836237
0.836237
0.836237
0.836236
0.836236
0.836236
0.836236
0.836236
0.836235
0.836235
0.836235
0.836235
0.836235
0.836234
0.836234
0.836234
0.836234
0.836234
0.836233
0.836233
0.836233
0.836233
0.836233
0.836232
0.836232
0.836232
0.836232
0.836232
0.836232
0.836231
0.836231
0.836231
0.836231
0.836231
0.836231
0.836230
0.836230
0.836230
0.836230
0.836230
0.836230
0.836230
0.836229
0.836229
0.836229
0.836229
0.836229
0.836229
0.836229
0.836229
0.836228
0.836228
0.836228
0.836228
0.836228
0.836228
0.836228
0.836228
0.836228
0.836227
0.836227
0.836227
0.836227
0.836227
0.836227
0.836227
0.836227
0.836227
0.836227
0.836227
0.836226
0.836226
0.836226
0.836226
0.836226
0.836226
0.836226
0.836226
0.836226
0.836226
0.836226
0.836226
0.836226
0.836226
0.836226
0.836226
0.836226
0.836226
0.836225
0.836225
0.836225
0.836225
0.836225
0.836225
0.836225
0.836225
0.836225
0.836225
0.836225
0.836225
0.836225
0.836225
0.836225
0.836225
0.836225
0.836225
0.836225
0.836225
0.836225
0.836225
0.836225
0.836225
0.836225
0.836225
0.836225
0.836225
0.836225
0.836225
0.836225
0.836225
0.836225
0.836225
0.836226
0.836226
0.836226
0.836226
0.836226
0.836226
0.836226
0.836226
0.836226
0.836226
0.836226
0.836226
0.836226
0.836226
0.836226
0.836226
0.836226
0.836226
0.836227
0.836227
0.836227
0.836227
0.836227
0.836227
0.836227
0.836227
0.836227
0.836227
0.836227
0.836228
0.836228
0.836228
0.836228
0.836228
0.836228
0.836228
0.836228
0.836228
0.836228
0.836229
0.836229
0.836229
0.836229
0.836229
0.836229
0.836229
0.836230
0.836230
0.836230
0.836230
0.836230
0.836230
0.836230
0.836230
0.836231
0.836231
0.836231
0.836231
0.836231
0.836231
0.836232
0.836232
0.836232
0.836232
0.836232
0.836232
0.836233
0.836233
0.836233
0.836233
0.836233
0.836234
0.836234
0.836234
0.836234
0.836234
0.836234
0.836235
0.836235
0.836235
0.836235
0.836236
0.836236
0.836236
0.836236
0.836236
0.836237
0.836237
0.836237
0.836237
0.836237
0.836238
0.836238
0.836238
0.836238
0.836239
0.836239
0.836239
0.836239
0.836240
0.836240
0.836240
0.836240
0.836241
0.836241
0.836241
0.836241
0.836242
0.836242
0.836242
0.836242
0.836243
0.836243
0.836243
0.836243
0.836244
0.836244
0.836244
0.836245
0.836245
0.836245
0.836245
0.836246
0.836246
0.836246
0.836247
0.836247
0.836247
0.836248
0.836248
0.836248
0.836248
0.836249
0.836249
0.836249
0.836250
0.836250
0.836250
0.836251
0.836251
0.836251
0.836252
0.836252
0.836252
0.836253
0.836253
0.836253
0.836254
0.836254
0.836254
0.836255
0.836255
0.836255
0.836256
0.836256
0.836256
0.836257
0.836257
0.836258
0.836258
0.836258
0.836259
0.836259
0.836259
0.836260
0.836260
0.836261
0.836261
0.836261
0.836262
0.836262
0.836262
0.836263
0.836263
0.836264
0.836264
0.836264
0.836265
0.836265
0.836266
0.836266
0.836266
0.836267
0.836267
0.836268
0.836268
0.836269
0.836269
0.836269
0.836270
0.836270
0.836271
0.836271
0.836271
0.836272
0.836272
0.836273
0.836273
0.836274
0.836274
0.836275
0.836275
0.836275
0.836276
0.836276
0.836277
0.836277
0.836277
0.836278
0.836278
0.836279
0.836279
0.836280
0.836280
0.836281
0.836281
0.836281
0.836282
0.836282
0.836283
0.836283
0.836284
0.836284
0.836285
0.836285
0.836286
0.836286
0.836287
0.836287
0.836288
0.836288
0.836289
0.836289
0.836290
0.836290
0.836291
0.836291
0.836292
0.836292
0.836293
0.836293
0.836294
0.836294
0.836295
0.836296
0.836296
0.836297
0.836297
0.836298
0.836298
0.836299
0.836299
0.836300
0.836300
0.836301
0.836301
0.836302
0.836303
0.836303
0.836304
0.836304
0.836305
0.836305
0.836306
0.836306
0.836307
0.836308
0.836308
0.836309
0.836309
0.836310
0.836310
0.836311
0.836312
0.836312
0.836313
0.836313
0.836314
0.836315
0.836315
0.836316
0.836316
0.836317
0.836318
0.836318
0.836319
0.836319
0.836320
0.836321
0.836321
0.836322
0.836322
0.836323
0.836324
0.836324
0.836325
0.836326
0.836326
0.836327
0.836327
0.836328
0.836329
0.836329
0.836330
0.836331
0.836331
0.836332
0.836333
0.836333
0.836334
0.836334
0.836335
0.836336
0.836336
0.836337
0.836338
0.836338
0.836339
0.836340
0.836340
0.836341
0.836342
0.836342
0.836343
0.836344
0.836344
0.836345
0.836346
0.836347
0.836347
0.836348
0.836349
0.836349
0.836350
0.836351
0.836351
0.836352
0.836353
0.836353
0.836354
0.836355
0.836356
0.836356
0.836357
0.836358
0.836358
0.836359
0.836360
0.836361
0.836361
0.836362
0.836363
0.836363
0.836364
0.836365
0.836366
0.836366
0.836367
0.836368
0.836369
0.836369
0.836370
0.836371
0.836372
0.836372
0.836373
0.836374
0.836375
0.836375
0.836376
0.836377
0.836378
0.836378
0.836379
0.836380
0.836381
0.836381
0.836382
0.836383
0.836384
0.836385
0.836385
0.836386
0.836387
0.836388
0.836389
0.836389
0.836390
0.836391
0.836392
0.836392
0.836393
0.836394
0.836395
0.836396
0.836396
0.836397
0.836398
0.836399
0.836400
0.836401
0.836401
0.836402
0.836403
0.836404
0.836405
0.836405
0.836406
0.836407
0.836408
0.836409
0.836410
0.836410
0.836411
0.836412
0.836413
0.836414
0.836415
0.836415
0.836416
0.836417
0.836418
0.836419
0.836420
0.836421
0.836421
0.836422
0.836423
0.836424
0.836425
0.836426
0.836427
0.836427
0.836428
0.836429
0.836430
0.836431
0.836432
0.836433
0.836434
0.836434
0.836435
0.836436
0.836437
0.836438
0.836439
0.836440
0.836441
0.836442
0.836442
0.836443
0.836444
0.836445
0.836446
0.836447
0.836448
0.836449
0.836450
0.836451
0.836452
0.836452
0.836453
0.836454
0.836455
0.836456
0.836457
0.836458
0.836459
0.836460
0.836461
0.836462
0.836463
0.836464
0.836465
0.836466
0.836466
0.836467
0.836468
0.836469
0.836470
0.836471
0.836472
0.836473
0.836474
0.836475
0.836476
0.836477
0.836478
0.836479
0.836480
0.836481
0.836482
0.836483
0.836484
0.836485
0.836486
0.836487
0.836488
0.836489
0.836490
0.836491
0.836492
0.836493
0.836494
0.836495
0.836496
0.836497
0.836498
0.836499
0.836500
0.836501
0.836502
0.836503
0.836504
0.836505
0.836506
0.836507
0.836508
0.836509
0.836510
0.836511
0.836512
0.836513
0.836514
0.836515
0.836516
0.836517
0.836518
0.836519
0.836520
0.836521
0.836522
0.836523
0.836524
0.836525
0.836526
0.836527
0.836528
0.836529
0.836530
0.836531
0.836532
0.836533
0.836534
0.836536
0.836537
0.836538
0.836539
0.836540
0.836541
0.836542
0.836543
0.836544
0.836545
0.836546
0.836547
0.836548
0.836549
0.836551
0.836552
0.836553
0.836554
0.836555
0.836556
0.836557
0.836558
0.836559
0.836560
0.836561
0.836563
0.836564
0.836565
0.836566
0.836567
0.836568
0.836569
0.836570
0.836571
0.836572
0.836574
0.836575
0.836576
0.836577
0.836578
0.836579
0.836580
0.836581
0.836583
0.836584
0.836585
0.836586
0.836587
0.836588
0.836589
0.836591
0.836592
0.836593
0.836594
0.836595
0.836596
0.836597
0.836599
0.836600
0.836601
0.836602
0.836603
0.836604
0.836605
0.836607
0.836608
0.836609
0.836610
0.836611
0.836612
0.836614
0.836615
0.836616
0.836617
0.836618
0.836619
0.836621
0.836622
0.836623
0.836624
0.836625
0.836627
0.836628
0.836629
0.836630
0.836631
0.836633
0.836634
0.836635
0.836636
0.836637
0.836639
0.836640
0.836641
0.836642
0.836643
0.836645
0.836646
0.836647
0.836648
0.836649
0.836651
0.836652
0.836653
0.836654
0.836656
0.836657
0.836658
0.836659
0.836660
0.836662
0.836663
0.836664
0.836665
0.836667
0.836668
0.836669
0.836670
0.836672
0.836673
0.836674
0.836675
0.836677
0.836678
0.836679
0.836680
0.836682
0.836683
0.836684
0.836685
0.836687
0.836688
0.836689
0.836690
0.836692
0.836693
0.836694
0.836696
0.836697
0.836698
0.836699
0.836701
0.836702
0.836703
0.836705
0.836706
0.836707
0.836708
0.836710
0.836711
0.836712
0.836714
0.836715
0.836716
0.836717
0.836719
0.836720
0.836721
0.836723
0.836724
0.836725
0.836727
0.836728
0.836728
