-0.009646
0.103545
0.102251
0.101874
0.101754
0.101712
0.101705
0.101724
0.101762
0.101815
0.101882
0.101958
0.102041
0.102131
0.102224
0.102319
0.102417
0.102514
0.102611
0.102708
0.102802
0.102896
0.102987
0.103076
0.103163
0.103247
0.103329
0.103409
0.103486
0.103560
0.103633
0.103703
0.103770
0.103836
0.103899
0.103960
0.104020
0.104077
0.104133
0.104187
0.104239
0.104290
0.104339
0.104387
0.104434
0.104479
0.104524
0.104567
0.104609
0.104650
0.104690
0.104729
0.104768
0.104806
0.104843
0.104879
0.104915
0.104950
0.104985
0.105019
0.105053
0.105087
0.105120
0.105153
0.105185
0.105217
0.105249
0.105281
0.105313
0.105344
0.105375
0.105407
0.105438
0.105469
0.105500
0.105531
0.105562
0.105593
0.105624
0.105655
0.105686
0.105717
0.105749
0.105780
0.105812
0.105843
0.105875
0.105907
0.105939
0.105971
0.106004
0.106036
0.106069
0.106102
0.106135
0.106168
0.106202
0.106235
0.106269
0.106303
0.106338
0.106372
0.106407
0.106442
0.106477
0.106512
0.106548
0.106583
0.106619
0.106656
0.106692
0.106728
0.106765
0.106802
0.106839
0.106877
0.106914
0.106952
0.106990
0.107028
0.107066
0.107105
0.107143
0.107182
0.107221
0.107260
0.107300
0.107339
0.107379
0.107418
0.107458
0.107498
0.107539
0.107579
0.107619
0.107660
0.107701
0.107741
0.107782
0.107823
0.107865
0.107906
0.107947
0.107989
0.108030
0.108072
0.108113
0.108155
0.108197
0.108239
0.108281
0.108323
0.108365
0.108407
0.108449
0.108491
0.108534
0.108576
0.108618
0.108660
0.108703
0.108745
0.108787
0.108830
0.108872
0.108915
0.108957
0.108999
0.109042
0.109084
0.109126
0.109169
0.109211
0.109253
0.109296
0.109338
0.109380
0.109422
0.109464
0.109506
0.109548
0.109590
0.109632
0.109674
0.109716
0.109758
0.109799
0.109841
0.109882
0.109924
0.109965
0.110006
0.110048
0.110089
0.110130
0.110171
0.110212
0.110252
0.110293
0.110333
0.110374
0.110414
0.110455
0.110495
0.110535
0.110575
0.110614
0.110654
0.110694
0.110733
0.110772
0.110812
0.110851
0.110890
0.110928
0.110967
0.111006
0.111044
0.111082
0.111121
0.111159
0.111197
0.111234
0.111272
0.111309
0.111347
0.111384
0.111421
0.111458
0.111494
0.111531
0.111567
0.111603
0.111640
0.111675
0.111711
0.111747
0.111782
0.111818
0.111853
0.111888
0.111922
0.111957
0.111991
0.112026
0.112060
0.112094
0.112128
0.112161
0.112195
0.112228
0.112261
0.112294
0.112327
0.112359
0.112392
0.112424
0.112456
0.112488
0.112519
0.112551
0.112582
0.112613
0.112644
0.112675
0.112705
0.112736
0.112766
0.112796
0.112826
0.112855
0.112885
0.112914
0.112943
0.112972
0.113000
0.113029
0.113057
0.113085
0.113113
0.113141
0.113168
0.113195
0.113223
0.113249
0.113276
0.113303
0.113329
0.113355
0.113381
0.113407
0.113432
0.113457
0.113482
0.113507
0.113532
0.113556
0.113581
0.113605
0.113629
0.113652
0.113676
0.113699
0.113722
0.113745
0.113767
0.113790
0.113812
0.113834
0.113856
0.113877
0.113898
0.113920
0.113940
0.113961
0.113982
0.114002
0.114022
0.114042
0.114061
0.114081
0.114100
0.114119
0.114137
0.114156
0.114174
0.114192
0.114210
0.114227
0.114245
0.114262
0.114279
0.114295
0.114312
0.114328
0.114344
0.114359
0.114375
0.114390
0.114405
0.114420
0.114434
0.114449
0.114463
0.114477
0.114490
0.114503
0.114516
0.114529
0.114542
0.114554
0.114566
0.114578
0.114590
0.114601
0.114612
0.114623
0.114633
0.114644
0.114654
0.114663
0.114673
0.114682
0.114691
0.114700
0.114708
0.114716
0.114724
0.114732
0.114739
0.114746
0.114753
0.114759
0.114765
0.114771
0.114777
0.114782
0.114787
0.114792
0.114796
0.114800
0.114804
0.114808
0.114811
0.114814
0.114816
0.114819
0.114821
0.114822
0.114824
0.114825
0.114826
0.114826
0.114826
0.114826
0.114825
0.114824
0.114823
0.114821
0.114819
0.114817
0.114814
0.114811
0.114808
0.114804
0.114800
0.114796
0.114791
0.114786
0.114780
0.114774
0.114768
0.114762
0.114754
0.114747
0.114739
0.114731
0.114723
0.114714
0.114704
0.114694
0.114684
0.114674
0.114663
0.114651
0.114640
0.114627
0.114615
0.114602
0.114588
0.114575
0.114560
0.114546
0.114530
0.114515
0.114499
0.114482
0.114465
0.114448
0.114430
0.114412
0.114393
0.114374
0.114355
0.114335
0.114314
0.114293
0.114272
0.114250
0.114228
0.114205
0.114182
0.114158
0.114134
0.114109
0.114084
0.114059
0.114033
0.114006
0.113979
0.113952
0.113924
0.113896
0.113867
0.113838
0.113808
0.113778
0.113747
0.113716
0.113684
0.113652
0.113620
0.113587
0.113553
0.113519
0.113485
0.113450
0.113415
0.113379
0.113342
0.113306
0.113268
0.113231
0.113193
0.113154
0.113115
0.113075
0.113035
0.112995
0.112954
0.112913
0.112871
0.112828
0.112786
0.112742
0.112699
0.112655
0.112610
0.112565
0.112520
0.112520
0.112474
0.112427
0.112381
0.112333
0.112286
0.112238
0.112189
0.112140
0.112091
0.112041
0.111991
0.111940
0.111889
0.111838
0.111786
0.111733
0.111681
0.111627
0.111574
0.111520
0.111466
0.111411
0.111356
0.111300
0.111244
0.111188
0.111131
0.111074
0.111017
0.110959
0.110901
0.110842
0.110783
0.110724
0.110664
0.110604
0.110544
0.110483
0.110422
0.110361
0.110299
0.110237
0.110175
0.110112
0.110049
0.109986
0.109922
0.109858
0.109794
0.109729
0.109664
0.109599
0.109534
0.109468
0.109402
0.109335
0.109269
0.109202
0.109134
0.109067
0.108999
0.108931
0.108862
0.108794
0.108725
0.108655
0.108586
0.108516
0.108446
0.108376
0.108305
0.108234
0.108163
0.108092
0.108020
0.107948
0.107876
0.107803
0.107730
0.107657
0.107584
0.107510
0.107436
0.107362
0.107288
0.107213
0.107138
0.107063
0.106988
0.106912
0.106836
0.106759
0.106683
0.106606
0.106529
0.106451
0.106373
0.106295
0.106217
0.106138
0.106059
0.105980
0.105901
0.105821
0.105741
0.105660
0.105579
0.105498
0.105417
0.105335
0.105253
0.105171
0.105088
0.105005
0.104922
0.104838
0.104754
0.104670
0.104585
0.104500
0.104415
0.104329
0.104243
0.104156
0.104069
0.103982
0.103894
0.103806
0.103718
0.103629
0.103540
0.103451
0.103361
0.103270
0.103180
0.103089
0.102997
0.102905
0.102813
0.102720
0.102627
0.102533
0.102439
0.102344
0.102249
0.102153
0.102058
0.101961
0.101864
0.101767
0.101669
0.101571
0.101472
0.101372
0.101272
0.101172
0.101071
0.100970
0.100868
0.100765
0.100662
0.100558
0.100454
0.100349
0.100244
0.100138
0.100032
0.099925
0.099817
0.099709
0.099600
0.099490
0.099380
0.099269
0.099157
0.099045
0.098932
0.098818
0.098704
0.098589
0.098473
0.098356
0.098239
0.098120
0.098001
0.097882
0.097761
0.097639
0.097517
0.097394
0.097269
0.097144
0.097018
0.096891
0.096763
0.096634
0.096504
0.096373
0.096241
0.096107
0.095973
0.095837
0.095700
0.095562
0.095422
0.095281
0.095139
0.094995
0.094850
0.094704
0.094555
0.094406
0.094254
0.094101
0.093946
0.093790
0.093631
0.093471
0.093308
0.093144
0.092977
0.092808
0.092637
0.092463
0.092287
0.092108
0.091927
0.091743
0.091555
0.091365
0.091172
0.090975
0.090775
0.090572
0.090364
0.090153
0.089938
0.089719
0.089495
0.089267
0.089034
0.088797
0.088554
0.088306
0.088052
0.087792
0.087527
0.087255
0.086977
0.086692
0.086400
0.086100
0.085794
0.085479
0.085157
0.084826
0.084486
0.084138
0.083781
0.083414
0.083038
0.082653
0.082258
0.081853
0.081439
0.081014
0.080580
0.080137
0.079683
0.079221
0.078750
0.078270
0.077782
0.077287
0.076786
0.076278
0.075766
0.075249
0.074729
0.074207
0.073684
0.073162
0.072640
0.072122
0.071607
0.071097
0.070594
0.070098
0.069610
0.069132
0.068664
0.068207
0.067762
0.067330
0.066911
0.066506
0.066115
0.065737
0.065375
0.065026
0.064692
0.064373
0.064067
0.063776
0.063499
0.063235
0.062985
0.062748
0.062523
0.062310
0.062110
0.061920
0.061742
0.061575
0.061417
0.061270
0.061132
0.061003
0.060883
0.060771
0.060668
0.060571
0.060483
0.060401
0.060325
0.060256
0.060194
0.060137
0.060085
0.060039
0.059997
0.059961
0.059928
0.059901
0.059877
0.059857
0.059841
0.059828
0.059819
0.059813
0.059809
0.059809
0.059811
0.059816
0.059823
0.059832
0.059844
0.059858
0.059873
0.059890
0.059909
0.059930
0.059952
0.059975
0.060000
0.060026
0.060053
0.060081
0.060111
0.060141
0.060172
0.060204
0.060236
0.060269
0.060303
0.060338
0.060373
0.060408
0.060444
0.060480
0.060517
0.060554
0.060591
0.060629
0.060667
0.060704
0.060742
0.060781
0.060819
0.060857
0.060895
0.060934
0.060972
0.061010
0.061048
0.061086
0.061124
0.061162
0.061200
0.061237
0.061275
0.061312
0.061349
0.061386
0.061422
0.061459
0.061495
0.061530
0.061566
0.061601
0.061636
0.061670
0.061705
0.061738
0.061772
0.061805
0.061838
0.061871
0.061903
0.061934
0.061966
0.061997
0.062027
0.062058
0.062087
0.062117
0.062146
0.062174
0.062202
0.062230
0.062257
0.062284
0.062311
0.062337
0.062362
0.062387
0.062412
0.062436
0.062460
0.062484
0.062507
0.062529
0.062551
0.062573
0.062594
0.062615
0.062635
0.062655
0.062675
0.062694
0.062712
0.062730
0.062748
0.062765
0.062782
0.062799
0.062815
0.062830
0.062845
0.062860
0.062874
0.062888
0.062902
0.062915
0.062927
0.062940
0.062951
0.062963
0.062974
0.062984
0.062995
0.063004
0.063014
0.063023
0.063031
0.063040
0.063047
0.063055
0.063062
0.063068
0.063075
0.063081
0.063086
0.063091
0.063096
0.063100
0.063104
0.063108
0.063111
0.063114
0.063117
0.063119
0.063121
0.063122
0.063123
0.063124
0.063125
0.063125
0.063125
0.063124
0.063123
0.063122
0.063120
0.063118
0.063116
0.063114
0.063111
0.063107
0.063104
0.063104
0.063100
0.063096
0.063092
0.063087
0.063082
0.063076
0.063071
0.063065
0.063058
0.063052
0.063045
0.063038
0.063030
0.063023
0.063015
0.063006
0.062998
0.062989
0.062980
0.062970
0.062961
0.062951
0.062941
0.062930
0.062920
0.062909
0.062897
0.062886
0.062874
0.062862
0.062850
0.062838
0.062825
0.062812
0.062799
0.062786
0.062772
0.062758
0.062744
0.062730
0.062715
0.062700
0.062685
0.062670
0.062655
0.062639
0.062623
0.062607
0.062591
0.062575
0.062558
0.062541
0.062524
0.062507
0.062490
0.062472
0.062454
0.062436
0.062418
0.062400
0.062381
0.062362
0.062343
0.062324
0.062305
0.062285
0.062266
0.062246
0.062226
0.062206
0.062186
0.062165
0.062145
0.062124
0.062103
0.062082
0.062060
0.062039
0.062017
0.061996
0.061974
0.061952
0.061929
0.061907
0.061885
0.061862
0.061839
0.061816
0.061793
0.061770
0.061747
0.061723
0.061699
0.061676
0.061652
0.061628
0.061603
0.061579
0.061554
0.061530
0.061505
0.061480
0.061455
0.061430
0.061405
0.061379
0.061354
0.061328
0.061302
0.061276
0.061250
0.061224
0.061198
0.061171
0.061145
0.061118
0.061091
0.061064
0.061037
0.061010
0.060982
0.060955
0.060927
0.060900
0.060872
0.060844
0.060816
0.060787
0.060759
0.060731
0.060702
0.060673
0.060644
0.060615
0.060586
0.060557
0.060528
0.060498
0.060468
0.060439
0.060409
0.060379
0.060349
0.060318
0.060288
0.060257
0.060227
0.060196
0.060165
0.060134
0.060103
0.060071
0.060040
0.060008
0.059976
0.059945
0.059913
0.059880
0.059848
0.059816
0.059783
0.059750
0.059718
0.059685
0.059651
0.059618
0.059585
0.059551
0.059517
0.059484
0.059450
0.059415
0.059381
0.059347
0.059312
0.059277
0.059242
0.059207
0.059172
0.059137
0.059101
0.059066
0.059030
0.058994
0.058958
0.058921
0.058885
0.058848
0.058811
0.058774
0.058737
0.058700
0.058663
0.058625
0.058587
0.058549
0.058511
0.058473
0.058434
0.058396
0.058357
0.058318
0.058279
0.058239
0.058200
0.058160
0.058120
0.058080
0.058040
0.057999
0.057959
0.057918
0.057877
0.057836
0.057795
0.057753
0.057711
0.057669
0.057627
0.057585
0.057543
0.057500
0.057457
0.057414
0.057371
0.057327
0.057284
0.057240
0.057196
0.057152
0.057107
0.057062
0.057018
0.056973
0.056927
0.056882
0.056836
0.056790
0.056744
0.056698
0.056652
0.056605
0.056558
0.056511
0.056464
0.056416
0.056368
0.056321
0.056272
0.056224
0.056176
0.056127
0.056078
0.056029
0.055979
0.055930
0.055880
0.055830
0.055779
0.055729
0.055678
0.055627
0.055576
0.055525
0.055473
0.055422
0.055370
0.055318
0.055265
0.055212
0.055160
0.055107
0.055053
0.055000
0.054946
0.054892
0.054838
0.054784
0.054729
0.054674
0.054619
0.054564
0.054509
0.054453
0.054397
0.054341
0.054285
0.054228
0.054172
0.054115
0.054057
0.054000
0.053942
0.053885
0.053827
0.053768
0.053710
0.053651
0.053592
0.053533
0.053474
0.053415
0.053355
0.053295
0.053235
0.053175
0.053114
0.053053
0.052992
0.052931
0.052870
0.052808
0.052746
0.052684
0.052622
0.052560
0.052497
0.052434
0.052372
0.052308
0.052245
0.052181
0.052118
0.052054
0.051989
0.051925
0.051861
0.051796
0.051731
0.051666
0.051600
0.051535
0.051469
0.051403
0.051337
0.051271
0.051204
0.051138
0.051071
0.051004
0.050937
0.050869
0.050802
0.050734
0.050666
0.050598
0.050530
0.050462
0.050393
0.050324
0.050255
0.050186
0.050117
0.050048
0.049978
0.049908
0.049838
0.049768
0.049698
0.049628
0.049557
0.049486
0.049415
0.049344
0.049273
0.049202
0.049130
0.049059
0.048987
0.048915
0.048843
0.048771
0.048698
0.048626
0.048553
0.048480
0.048407
0.048334
0.048261
0.048188
0.048114
0.048041
0.047967
0.047893
0.047819
0.047745
0.047671
0.047596
0.047522
0.047447
0.047373
0.047298
0.047223
0.047148
0.047072
0.046997
0.046922
0.046846
0.046771
0.046695
0.046619
0.046543
0.046467
0.046391
0.046314
0.046238
0.046162
0.046085
0.046008
0.045932
0.045855
0.045778
0.045701
0.045624
0.045546
0.045469
0.045392
0.045314
0.045237
0.045159
0.045081
0.045003
0.044925
0.044847
0.044769
0.044691
0.044613
0.044535
0.044457
0.044378
0.044300
0.044221
0.044143
0.044064
0.043985
0.043907
0.043828
0.043749
0.043670
0.043591
0.043512
0.043433
0.043354
0.043274
0.043195
0.043116
0.043037
0.042957
0.042878
0.042798
0.042719
0.042639
0.042560
0.042480
0.042400
0.042321
0.042241
0.042161
0.042081
0.042002
0.041922
0.041842
0.041762
0.041682
0.041602
0.041522
0.041442
0.041362
0.041282
0.041202
0.041122
0.041042
0.040962
0.040882
0.040802
0.040722
0.040642
0.040562
0.040481
0.040401
0.040321
0.040241
0.040161
0.040081
0.040001
0.039920
0.039840
0.039760
0.039680
0.039600
0.039520
0.039440
0.039359
0.039279
0.039199
0.039119
0.039039
0.038959
0.038879
0.038879
0.038799
0.038719
0.038639
0.038559
0.038478
0.038398
0.038318
0.038238
0.038158
0.038078
0.037998
0.037918
0.037838
0.037759
0.037679
0.037599
0.037519
0.037439
0.037359
0.037279
0.037199
0.037119
0.037039
0.036959
0.036879
0.036800
0.036720
0.036640
0.036560
0.036480
0.036400
0.036320
0.036240
0.036160
0.036080
0.036000
0.035920
0.035840
0.035760
0.035680
0.035600
0.035520
0.035440
0.035360
0.035280
0.035200
0.035119
0.035039
0.034959
0.034878
0.034798
0.034717
0.034636
0.034556
0.034475
0.034394
0.034313
0.034232
0.034151
0.034070
0.033988
0.033907
0.033825
0.033743
0.033662
0.033580
0.033498
0.033415
0.033333
0.033250
0.033168
0.033085
0.033002
0.032918
0.032835
0.032751
0.032667
0.032583
0.032499
0.032415
0.032330
0.032245
0.032160
0.032074
0.031989
0.031903
0.031817
0.031730
0.031644
0.031557
0.031470
0.031382
0.031294
0.031207
0.031118
0.031030
0.030941
0.030852
0.030763
0.030673
0.030584
0.030494
0.030404
0.030313
0.030223
0.030132
0.030041
0.029950
0.029859
0.029768
0.029677
0.029585
0.029494
0.029403
0.029312
0.029221
0.029130
0.029039
0.028949
0.028859
0.028769
0.028680
0.028591
0.028502
0.028414
0.028327
0.028240
0.028155
0.028070
0.027986
0.027903
0.027821
0.027740
0.027660
0.027581
0.027504
0.027428
0.027354
0.027281
0.027210
0.027140
0.027073
0.027006
0.026942
0.026880
0.026819
0.026761
0.026704
0.026650
0.026597
0.026547
0.026499
0.026453
0.026409
0.026368
0.026329
0.026292
0.026258
0.026226
0.026196
0.026169
0.026145
0.026124
0.026105
0.026089
0.026076
0.026066
0.026059
0.026056
0.026056
0.026060
0.026068
0.026080
0.026096
0.026117
0.026143
0.026174
0.026210
0.026253
0.026301
0.026356
0.026418
0.026488
0.026565
0.026650
0.026744
0.026847
0.026958
0.027079
0.027210
0.027351
0.027503
0.027664
0.027837
0.028020
0.028213
0.028417
0.028632
0.028857
0.029093
0.029338
0.029594
0.029859
0.030133
0.030416
0.030707
0.031006
0.031313
0.031627
0.031947
0.032273
0.032605
0.032941
0.033282
0.033625
0.033972
0.034320
0.034669
0.035019
0.035368
0.035716
0.036062
0.036405
0.036744
0.037079
0.037408
0.037730
0.038046
0.038354
0.038654
0.038944
0.039225
0.039496
0.039756
0.040005
0.040242
0.040468
0.040682
0.040884
0.041073
0.041250
0.041415
0.041568
0.041709
0.041838
0.041956
0.042062
0.042157
0.042242
0.042316
0.042380
0.042435
0.042480
0.042516
0.042544
0.042564
0.042577
0.042582
0.042580
0.042572
0.042558
0.042538
0.042512
0.042482
0.042446
0.042407
0.042363
0.042315
0.042264
0.042209
0.042151
0.042090
0.042027
0.041962
0.041894
0.041824
0.041752
0.041678
0.041603
0.041527
0.041450
0.041371
0.041292
0.041211
0.041130
0.041049
0.040967
0.040884
0.040801
0.040719
0.040636
0.040552
0.040469
0.040386
0.040304
0.040221
0.040139
0.040057
0.039975
0.039894
0.039813
0.039733
0.039653
0.039574
0.039496
0.039418
0.039340
0.039263
0.039187
0.039112
0.039037
0.038963
0.038890
0.038817
0.038746
0.038675
0.038604
0.038534
0.038465
0.038397
0.038330
0.038263
0.038197
0.038131
0.038067
0.038003
0.037939
0.037877
0.037814
0.037753
0.037692
0.037632
0.037573
0.037514
0.037455
0.037397
0.037340
0.037283
0.037227
0.037171
0.037116
0.037061
0.037007
0.036953
0.036899
0.036846
0.036793
0.036741
0.036689
0.036637
0.036586
0.036535
0.036485
0.036434
0.036384
0.036334
0.036285
0.036235
0.036186
0.036137
0.036089
0.036040
0.035992
0.035943
0.035895
0.035848
0.035800
0.035752
0.035705
0.035657
0.035610
0.035563
0.035515
0.035468
0.035421
0.035374
0.035327
0.035280
0.035233
0.035186
0.035139
0.035092
0.035045
0.034998
0.034952
0.034905
0.034858
0.034811
0.034763
0.034716
0.034669
0.034622
0.034575
0.034527
0.034480
0.034433
0.034385
0.034338
0.034290
0.034242
0.034194
0.034147
0.034099
0.034051
0.034002
0.033954
0.033906
0.033858
0.033809
0.033760
0.033712
0.033663
0.033614
0.033565
0.033516
0.033467
0.033418
0.033369
0.033319
0.033270
0.033220
0.033170
0.033121
0.033071
0.033021
0.032971
0.032920
0.032870
0.032820
0.032769
0.032719
0.032668
0.032618
0.032567
0.032516
0.032465
0.032414
0.032363
0.032312
0.032260
0.032209
0.032157
0.032106
0.032054
0.032003
0.031951
0.031899
0.031847
0.031795
0.031743
0.031691
0.031639
0.031587
0.031534
0.031482
0.031429
0.031377
0.031324
0.031272
0.031219
0.031167
0.031114
0.031061
0.031008
0.030955
0.030902
0.030849
0.030796
0.030743
0.030690
0.030637
0.030584
0.030530
0.030477
0.030424
0.030370
0.030317
0.030264
0.030210
0.030157
0.030103
0.030050
0.029996
0.029943
0.029889
0.029836
0.029782
0.029728
0.029675
0.029621
0.029567
0.029513
0.029460
0.029406
0.029352
0.029299
0.029245
0.029191
0.029137
0.029137
0.029083
0.029030
0.028976
0.028922
0.028868
0.028814
0.028761
0.028707
0.028653
0.028599
0.028545
0.028492
0.028438
0.028384
0.028330
0.028277
0.028223
0.028169
0.028115
0.028062
0.028008
0.027954
0.027900
0.027847
0.027793
0.027739
0.027686
0.027632
0.027579
0.027525
0.027471
0.027418
0.027364
0.027311
0.027257
0.027204
0.027151
0.027097
0.027044
0.026990
0.026937
0.026884
0.026830
0.026777
0.026724
0.026671
0.026617
0.026564
0.026511
0.026458
0.026405
0.026352
0.026299
0.026246
0.026193
0.026140
0.026087
0.026034
0.025981
0.025929
0.025876
0.025823
0.025770
0.025718
0.025665
0.025612
0.025560
0.025507
0.025455
0.025402
0.025350
0.025298
0.025245
0.025193
0.025141
0.025088
0.025036
0.024984
0.024932
0.024880
0.024828
0.024776
0.024724
0.024672
0.024620
0.024568
0.024516
0.024464
0.024413
0.024361
0.024309
0.024258
0.024206
0.024155
0.024103
0.024052
0.024000
0.023949
0.023898
0.023846
0.023795
0.023744
0.023693
0.023642
0.023591
0.023540
0.023489
0.023438
0.023387
0.023336
0.023285
0.023234
0.023184
0.023133
0.023082
0.023032
0.022981
0.022931
0.022880
0.022830
0.022779
0.022729
0.022679
0.022629
0.022578
0.022528
0.022478
0.022428
0.022378
0.022328
0.022278
0.022228
0.022179
0.022129
0.022079
0.022029
0.021980
0.021930
0.021881
0.021831
0.021782
0.021732
0.021683
0.021634
0.021584
0.021535
0.021486
0.021437
0.021388
0.021339
0.021290
0.021241
0.021192
0.021143
0.021094
0.021045
0.020997
0.020948
0.020899
0.020851
0.020802
0.020754
0.020705
0.020657
0.020608
0.020560
0.020512
0.020464
0.020416
0.020367
0.020319
0.020271
0.020223
0.020175
0.020128
0.020080
0.020032
0.019984
0.019936
0.019889
0.019841
0.019794
0.019746
0.019699
0.019651
0.019604
0.019556
0.019509
0.019462
0.019415
0.019368
0.019320
0.019273
0.019226
0.019179
0.019132
0.019086
0.019039
0.018992
0.018945
0.018899
0.018852
0.018805
0.018759
0.018712
0.018666
0.018619
0.018573
0.018527
0.018480
0.018434
0.018388
0.018342
0.018296
0.018250
0.018204
0.018158
0.018112
0.018066
0.018020
0.017974
0.017928
0.017883
0.017837
0.017791
0.017746
0.017700
0.017655
0.017609
0.017564
0.017519
0.017473
0.017428
0.017383
0.017338
0.017293
0.017248
0.017203
0.017158
0.017113
0.017068
0.017023
0.016978
0.016933
0.016889
0.016844
0.016799
0.016755
0.016710
0.016666
0.016621
0.016577
0.016532
0.016488
0.016444
0.016399
0.016355
0.016311
0.016267
0.016223
0.016179
0.016135
0.016091
0.016047
0.016003
0.015959
0.015916
0.015872
0.015828
0.015785
0.015741
0.015697
0.015654
0.015610
0.015567
0.015524
0.015480
0.015437
0.015394
0.015351
0.015307
0.015264
0.015221
0.015178
0.015135
0.015092
0.015049
0.015006
0.014963
0.014921
0.014878
0.014835
0.014792
0.014750
0.014707
0.014665
0.014622
0.014580
0.014537
0.014495
0.014453
0.014410
0.014368
0.014326
0.014284
0.014241
0.014199
0.014157
0.014115
0.014073
0.014031
0.013990
0.013948
0.013906
0.013864
0.013822
0.013781
0.013739
0.013697
0.013656
0.013614
0.013573
0.013531
0.013490
0.013449
0.013407
0.013366
0.013325
0.013283
0.013242
0.013201
0.013160
0.013119
0.013078
0.013037
0.012996
0.012955
0.012914
0.012874
0.012833
0.012792
0.012751
0.012711
0.012670
0.012630
0.012589
0.012548
0.012508
0.012468
0.012427
0.012387
0.012347
0.012306
0.012266
0.012226
0.012186
0.012146
0.012106
0.012065
0.012025
0.011986
0.011946
0.011906
0.011866
0.011826
0.011786
0.011747
0.011707
0.011667
0.011628
0.011588
0.011548
0.011509
0.011470
0.011430
0.011391
0.011351
0.011312
0.011273
0.011233
0.011194
0.011155
0.011116
0.011077
0.011038
0.010999
0.010960
0.010921
0.010882
0.010843
0.010804
0.010766
0.010727
0.010688
0.010649
0.010611
0.010572
0.010534
0.010495
0.010457
0.010418
0.010380
0.010341
0.010303
0.010265
0.010226
0.010188
0.010150
0.010112
0.010074
0.010035
0.009997
0.009959
0.009921
0.009883
0.009845
0.009808
0.009770
0.009732
0.009694
0.009656
0.009619
0.009581
0.009543
0.009506
0.009468
0.009431
0.009393
0.009356
0.009318
0.009281
0.009244
0.009206
0.009169
0.009132
0.009095
0.009057
0.009020
0.008983
0.008946
0.008909
0.008872
0.008835
0.008798
0.008761
0.008725
0.008688
0.008651
0.008614
0.008577
0.008541
0.008504
0.008468
0.008431
0.008394
0.008358
0.008321
0.008285
0.008249
0.008212
0.008176
0.008140
0.008103
0.008067
0.008031
0.007995
0.007959
0.007923
0.007886
0.007850
0.007814
0.007779
0.007743
0.007707
0.007671
0.007635
0.007599
0.007563
0.007528
0.007492
0.007456
0.007421
0.007385
0.007350
0.007314
0.007279
0.007243
0.007208
0.007172
0.007137
0.007102
0.007067
0.007031
0.006996
0.006961
0.006926
0.006891
0.006856
0.006820
0.006820
0.006785
0.006750
0.006716
0.006681
0.006646
0.006611
0.006576
0.006541
0.006507
0.006472
0.006437
0.006402
0.006368
0.006333
0.006299
0.006264
0.006230
0.006195
0.006161
0.006126
0.006092
0.006058
0.006024
0.005989
0.005955
0.005921
0.005887
0.005853
0.005818
0.005784
0.005750
0.005716
0.005682
0.005648
0.005615
0.005581
0.005547
0.005513
0.005479
0.005446
0.005412
0.005378
0.005344
0.005311
0.005277
0.005244
0.005210
0.005177
0.005143
0.005110
0.005076
0.005043
0.005010
0.004977
0.004943
0.004910
0.004877
0.004844
0.004811
0.004777
0.004744
0.004711
0.004678
0.004645
0.004612
0.004579
0.004547
0.004514
0.004481
0.004448
0.004415
0.004383
0.004350
0.004317
0.004285
0.004252
0.004219
0.004187
0.004154
0.004122
0.004090
0.004057
0.004025
0.003992
0.003960
0.003928
0.003895
0.003863
0.003831
0.003799
0.003767
0.003735
0.003703
0.003671
0.003639
0.003607
0.003575
0.003543
0.003511
0.003479
0.003447
0.003415
0.003384
0.003352
0.003320
0.003288
0.003257
0.003225
0.003194
0.003162
0.003130
0.003099
0.003068
0.003036
0.003005
0.002973
0.002942
0.002911
0.002879
0.002848
0.002817
0.002786
0.002755
0.002723
0.002692
0.002661
0.002630
0.002599
0.002568
0.002537
0.002506
0.002475
0.002445
0.002414
0.002383
0.002352
0.002321
0.002291
0.002260
0.002229
0.002199
0.002168
0.002138
0.002107
0.002077
0.002046
0.002016
0.001985
0.001955
0.001924
0.001894
0.001864
0.001834
0.001803
0.001773
0.001743
0.001713
0.001683
0.001653
0.001623
0.001592
0.001562
0.001533
0.001503
0.001473
0.001443
0.001413
0.001383
0.001353
0.001323
0.001294
0.001264
0.001234
0.001205
0.001175
0.001145
0.001116
0.001086
0.001057
0.001027
0.000998
0.000968
0.000939
0.000910
0.000880
0.000851
0.000822
0.000792
0.000763
0.000734
0.000705
0.000676
0.000647
0.000618
0.000588
0.000559
0.000530
0.000501
0.000473
0.000444
0.000415
0.000386
0.000357
0.000328
0.000299
0.000271
0.000242
0.000213
0.000185
0.000156
0.000127
0.000099
0.000070
0.000042
0.000013
-0.000015
-0.000044
-0.000072
-0.000100
-0.000129
-0.000157
-0.000185
-0.000214
-0.000242
-0.000270
-0.000298
-0.000326
-0.000355
-0.000383
-0.000411
-0.000439
-0.000467
-0.000495
-0.000523
-0.000551
-0.000579
-0.000607
-0.000634
-0.000662
-0.000690
-0.000718
-0.000746
-0.000773
-0.000801
-0.000829
-0.000856
-0.000884
-0.000911
-0.000939
-0.000967
-0.000994
-0.001022
-0.001049
-0.001076
-0.001104
-0.001131
-0.001159
-0.001186
-0.001213
-0.001240
-0.001268
-0.001295
-0.001322
-0.001349
-0.001376
-0.001403
-0.001430
-0.001458
-0.001485
-0.001512
-0.001538
-0.001565
-0.001592
-0.001619
-0.001646
-0.001673
-0.001700
-0.001727
-0.001753
-0.001780
-0.001807
-0.001833
-0.001860
-0.001887
-0.001913
-0.001940
-0.001966
-0.001993
-0.002019
-0.002046
-0.002072
-0.002099
-0.002125
-0.002151
-0.002178
-0.002204
-0.002230
-0.002257
-0.002283
-0.002309
-0.002335
-0.002361
-0.002388
-0.002414
-0.002440
-0.002466
-0.002492
-0.002518
-0.002544
-0.002570
-0.002596
-0.002622
-0.002647
-0.002673
-0.002699
-0.002725
-0.002751
-0.002776
-0.002802
-0.002828
-0.002853
-0.002879
-0.002905
-0.002930
-0.002956
-0.002981
-0.003007
-0.003032
-0.003058
-0.003083
-0.003109
-0.003134
-0.003160
-0.003185
-0.003210
-0.003235
-0.003261
-0.003286
-0.003311
-0.003336
-0.003362
-0.003387
-0.003412
-0.003437
-0.003462
-0.003487
-0.003512
-0.003537
-0.003562
-0.003587
-0.003612
-0.003637
-0.003662
-0.003686
-0.003711
-0.003736
-0.003761
-0.003786
-0.003810
-0.003835
-0.003860
-0.003884
-0.003909
-0.003934
-0.003958
-0.003983
-0.004007
-0.004032
-0.004056
-0.004081
-0.004105
-0.004130
-0.004154
-0.004178
-0.004203
-0.004227
-0.004251
-0.004276
-0.004300
-0.004324
-0.004348
-0.004372
-0.004397
-0.004421
-0.004445
-0.004469
-0.004493
-0.004517
-0.004541
-0.004565
-0.004589
-0.004613
-0.004637
-0.004661
-0.004684
-0.004708
-0.004732
-0.004756
-0.004780
-0.004803
-0.004827
-0.004851
-0.004875
-0.004898
-0.004922
-0.004945
-0.004969
-0.004993
-0.005016
-0.005040
-0.005063
-0.005087
-0.005110
-0.005133
-0.005157
-0.005180
-0.005204
-0.005227
-0.005250
-0.005274
-0.005297
-0.005320
-0.005343
-0.005366
-0.005390
-0.005413
-0.005436
-0.005459
-0.005482
-0.005505
-0.005528
-0.005551
-0.005574
-0.005597
-0.005620
-0.005643
-0.005666
-0.005689
-0.005712
-0.005735
-0.005757
-0.005780
-0.005803
-0.005826
-0.005848
-0.005871
-0.005894
-0.005916
-0.005939
-0.005962
-0.005984
-0.006007
-0.006029
-0.006052
-0.006074
-0.006097
-0.006119
-0.006142
-0.006164
-0.006187
-0.006209
-0.006231
-0.006254
-0.006276
-0.006298
-0.006321
-0.006343
-0.006365
-0.006387
-0.006409
-0.006432
-0.006454
-0.006476
-0.006498
-0.006520
-0.006542
-0.006564
-0.006586
-0.006608
-0.006630
-0.006652
-0.006674
-0.006696
-0.006718
-0.006740
-0.006761
-0.006783
-0.006805
-0.006827
-0.006849
-0.006870
-0.006892
-0.006914
-0.006935
-0.006957
-0.006979
-0.007000
-0.007022
-0.007043
-0.007043
-0.007065
-0.007086
-0.007108
-0.007129
-0.007151
-0.007172
-0.007194
-0.007215
-0.007237
-0.007258
-0.007279
-0.007301
-0.007322
-0.007343
-0.007364
-0.007386
-0.007407
-0.007428
-0.007449
-0.007470
-0.007492
-0.007513
-0.007534
-0.007555
-0.007576
-0.007597
-0.007618
-0.007639
-0.007660
-0.007681
-0.007702
-0.007723
-0.007744
-0.007765
-0.007785
-0.007806
-0.007827
-0.007848
-0.007869
-0.007889
-0.007910
-0.007931
-0.007952
-0.007972
-0.007993
-0.008014
-0.008034
-0.008055
-0.008075
-0.008096
-0.008117
-0.008137
-0.008158
-0.008178
-0.008199
-0.008219
-0.008239
-0.008260
-0.008280
-0.008301
-0.008321
-0.008341
-0.008362
-0.008382
-0.008402
-0.008422
-0.008443
-0.008463
-0.008483
-0.008503
-0.008523
-0.008544
-0.008564
-0.008584
-0.008604
-0.008624
-0.008644
-0.008664
-0.008684
-0.008704
-0.008724
-0.008744
-0.008764
-0.008784
-0.008804
-0.008824
-0.008843
-0.008863
-0.008883
-0.008903
-0.008923
-0.008942
-0.008962
-0.008982
-0.009002
-0.009021
-0.009041
-0.009061
-0.009080
-0.009100
-0.009119
-0.009139
-0.009159
-0.009178
-0.009198
-0.009217
-0.009237
-0.009256
-0.009276
-0.009295
-0.009315
-0.009334
-0.009353
-0.009373
-0.009392
-0.009411
-0.009431
-0.009450
-0.009469
-0.009489
-0.009508
-0.009527
-0.009546
-0.009565
-0.009585
-0.009604
-0.009623
-0.009642
-0.009661
-0.009680
-0.009699
-0.009718
-0.009737
-0.009756
-0.009775
-0.009794
-0.009813
-0.009832
-0.009851
-0.009870
-0.009889
-0.009908
-0.009927
-0.009945
-0.009964
-0.009983
-0.010002
-0.010021
-0.010039
-0.010058
-0.010077
-0.010096
-0.010114
-0.010133
-0.010152
-0.010170
-0.010189
-0.010207
-0.010226
-0.010245
-0.010263
-0.010282
-0.010300
-0.010319
-0.010337
-0.010356
-0.010374
-0.010393
-0.010411
-0.010429
-0.010448
-0.010466
-0.010484
-0.010503
-0.010521
-0.010539
-0.010558
-0.010576
-0.010594
-0.010612
-0.010631
-0.010649
-0.010667
-0.010685
-0.010703
-0.010721
-0.010740
-0.010758
-0.010776
-0.010794
-0.010812
-0.010830
-0.010848
-0.010866
-0.010884
-0.010902
-0.010920
-0.010938
-0.010956
-0.010974
-0.010991
-0.011009
-0.011027
-0.011045
-0.011063
-0.011081
-0.011099
-0.011116
-0.011134
-0.011152
-0.011170
-0.011187
-0.011205
-0.011223
-0.011240
-0.011258
-0.011276
-0.011293
-0.011311
-0.011328
-0.011346
-0.011364
-0.011381
-0.011399
-0.011416
-0.011434
-0.011451
-0.011469
-0.011486
-0.011503
-0.011521
-0.011538
-0.011556
-0.011573
-0.011590
-0.011608
-0.011625
-0.011642
-0.011660
-0.011677
-0.011694
-0.011711
-0.011729
-0.011746
-0.011763
-0.011780
-0.011797
-0.011815
-0.011832
-0.011849
-0.011866
-0.011883
-0.011900
-0.011917
-0.011934
-0.011951
-0.011968
-0.011985
-0.012002
-0.012019
-0.012036
-0.012053
-0.012070
-0.012087
-0.012104
-0.012121
-0.012138
-0.012155
-0.012172
-0.012188
-0.012205
-0.012222
-0.012239
-0.012256
-0.012272
-0.012289
-0.012306
-0.012322
-0.012339
-0.012356
-0.012373
-0.012389
-0.012406
-0.012422
-0.012439
-0.012456
-0.012472
-0.012489
-0.012505
-0.012522
-0.012538
-0.012555
-0.012571
-0.012588
-0.012604
-0.012621
-0.012637
-0.012654
-0.012670
-0.012687
-0.012703
-0.012719
-0.012736
-0.012752
-0.012768
-0.012785
-0.012801
-0.012817
-0.012833
-0.012850
-0.012866
-0.012882
-0.012898
-0.012915
-0.012931
-0.012947
-0.012963
-0.012979
-0.012995
-0.013012
-0.013028
-0.013044
-0.013060
-0.013076
-0.013092
-0.013108
-0.013124
-0.013140
-0.013156
-0.013172
-0.013188
-0.013204
-0.013220
-0.013236
-0.013252
-0.013268
-0.013283
-0.013299
-0.013315
-0.013331
-0.013347
-0.013363
-0.013378
-0.013394
-0.013410
-0.013426
-0.013442
-0.013457
-0.013473
-0.013489
-0.013504
-0.013520
-0.013536
-0.013551
-0.013567
-0.013583
-0.013598
-0.013614
-0.013629
-0.013645
-0.013661
-0.013676
-0.013692
-0.013707
-0.013723
-0.013738
-0.013754
-0.013769
-0.013785
-0.013800
-0.013816
-0.013831
-0.013846
-0.013862
-0.013877
-0.013892
-0.013908
-0.013923
-0.013939
-0.013954
-0.013969
-0.013984
-0.014000
-0.014015
-0.014030
-0.014045
-0.014061
-0.014076
-0.014091
-0.014106
-0.014121
-0.014137
-0.014152
-0.014167
-0.014182
-0.014197
-0.014212
-0.014227
-0.014242
-0.014257
-0.014273
-0.014288
-0.014303
-0.014318
-0.014333
-0.014348
-0.014363
-0.014378
-0.014392
-0.014407
-0.014422
-0.014437
-0.014452
-0.014467
-0.014482
-0.014497
-0.014512
-0.014526
-0.014541
-0.014556
-0.014571
-0.014586
-0.014600
-0.014615
-0.014630
-0.014645
-0.014659
-0.014674
-0.014689
-0.014704
-0.014718
-0.014733
-0.014748
-0.014762
-0.014777
-0.014791
-0.014806
-0.014821
-0.014835
-0.014850
-0.014864
-0.014879
-0.014893
-0.014908
-0.014922
-0.014937
-0.014951
-0.014966
-0.014980
-0.014995
-0.015009
-0.015024
-0.015038
-0.015052
-0.015067
-0.015081
-0.015096
-0.015110
-0.015124
-0.015139
-0.015153
-0.015167
-0.015182
-0.015196
-0.015210
-0.015224
-0.015239
-0.015253
-0.015267
-0.015281
-0.015296
-0.015310
-0.015324
-0.015338
-0.015352
-0.015366
-0.015380
-0.015395
-0.015409
-0.015423
-0.015437
-0.015451
-0.015465
-0.015479
-0.015493
-0.015507
-0.015521
-0.015535
-0.015549
-0.015563
-0.015577
-0.015591
-0.015605
-0.015619
-0.015633
-0.015647
-0.015661
-0.015675
-0.015688
-0.015688
-0.015702
-0.015716
-0.015730
-0.015744
-0.015758
-0.015772
-0.015785
-0.015799
-0.015813
-0.015827
-0.015840
-0.015854
-0.015868
-0.015882
-0.015895
-0.015909
-0.015923
-0.015936
-0.015950
-0.015964
-0.015977
-0.015991
-0.016005
-0.016018
-0.016032
-0.016045
-0.016059
-0.016073
-0.016086
-0.016100
-0.016113
-0.016127
-0.016140
-0.016154
-0.016167
-0.016181
-0.016194
-0.016208
-0.016221
-0.016235
-0.016248
-0.016261
-0.016275
-0.016288
-0.016302
-0.016315
-0.016328
-0.016342
-0.016355
-0.016368
-0.016382
-0.016395
-0.016408
-0.016422
-0.016435
-0.016448
-0.016461
-0.016475
-0.016488
-0.016501
-0.016514
-0.016527
-0.016541
-0.016554
-0.016567
-0.016580
-0.016593
-0.016606
-0.016620
-0.016633
-0.016646
-0.016659
-0.016672
-0.016685
-0.016698
-0.016711
-0.016724
-0.016737
-0.016750
-0.016763
-0.016776
-0.016789
-0.016802
-0.016815
-0.016828
-0.016841
-0.016854
-0.016867
-0.016880
-0.016893
-0.016906
-0.016919
-0.016931
-0.016944
-0.016957
-0.016970
-0.016983
-0.016996
-0.017009
-0.017021
-0.017034
-0.017047
-0.017060
-0.017072
-0.017085
-0.017098
-0.017111
-0.017123
-0.017136
-0.017149
-0.017161
-0.017174
-0.017187
-0.017200
-0.017212
-0.017225
-0.017237
-0.017250
-0.017263
-0.017275
-0.017288
-0.017300
-0.017313
-0.017326
-0.017338
-0.017351
-0.017363
-0.017376
-0.017388
-0.017401
-0.017413
-0.017426
-0.017438
-0.017451
-0.017463
-0.017476
-0.017488
-0.017500
-0.017513
-0.017525
-0.017538
-0.017550
-0.017562
-0.017575
-0.017587
-0.017599
-0.017612
-0.017624
-0.017636
-0.017649
-0.017661
-0.017673
-0.017686
-0.017698
-0.017710
-0.017722
-0.017735
-0.017747
-0.017759
-0.017771
-0.017783
-0.017796
-0.017808
-0.017820
-0.017832
-0.017844
-0.017856
-0.017869
-0.017881
-0.017893
-0.017905
-0.017917
-0.017929
-0.017941
-0.017953
-0.017965
-0.017977
-0.017989
-0.018001
-0.018013
-0.018025
-0.018037
-0.018049
-0.018061
-0.018073
-0.018085
-0.018097
-0.018109
-0.018121
-0.018133
-0.018145
-0.018157
-0.018169
-0.018181
-0.018192
-0.018204
-0.018216
-0.018228
-0.018240
-0.018252
-0.018263
-0.018275
-0.018287
-0.018299
-0.018311
-0.018322
-0.018334
-0.018346
-0.018358
-0.018369
-0.018381
-0.018393
-0.018405
-0.018416
-0.018428
-0.018440
-0.018451
-0.018463
-0.018475
-0.018486
-0.018498
-0.018509
-0.018521
-0.018533
-0.018544
-0.018556
-0.018567
-0.018579
-0.018591
-0.018602
-0.018614
-0.018625
-0.018637
-0.018648
-0.018660
-0.018671
-0.018683
-0.018694
-0.018706
-0.018717
-0.018729
-0.018740
-0.018751
-0.018763
-0.018774
-0.018786
-0.018797
-0.018808
-0.018820
-0.018831
-0.018843
-0.018854
-0.018865
-0.018877
-0.018888
-0.018899
-0.018911
-0.018922
-0.018933
-0.018944
-0.018956
-0.018967
-0.018978
-0.018989
-0.019001
-0.019012
-0.019023
-0.019034
-0.019046
-0.019057
-0.019068
-0.019079
-0.019090
-0.019101
-0.019113
-0.019124
-0.019135
-0.019146
-0.019157
-0.019168
-0.019179
-0.019190
-0.019201
-0.019212
-0.019224
-0.019235
-0.019246
-0.019257
-0.019268
-0.019279
-0.019290
-0.019301
-0.019312
-0.019323
-0.019334
-0.019345
-0.019356
-0.019366
-0.019377
-0.019388
-0.019399
-0.019410
-0.019421
-0.019432
-0.019443
-0.019454
-0.019465
-0.019475
-0.019486
-0.019497
-0.019508
-0.019519
-0.019530
-0.019540
-0.019551
-0.019562
-0.019573
-0.019584
-0.019594
-0.019605
-0.019616
-0.019627
-0.019637
-0.019648
-0.019659
-0.019670
-0.019680
-0.019691
-0.019702
-0.019712
-0.019723
-0.019734
-0.019744
-0.019755
-0.019766
-0.019776
-0.019787
-0.019797
-0.019808
-0.019819
-0.019829
-0.019840
-0.019850
-0.019861
-0.019871
-0.019882
-0.019892
-0.019903
-0.019914
-0.019924
-0.019935
-0.019945
-0.019955
-0.019966
-0.019976
-0.019987
-0.019997
-0.020008
-0.020018
-0.020029
-0.020039
-0.020049
-0.020060
-0.020070
-0.020081
-0.020091
-0.020101
-0.020112
-0.020122
-0.020132
-0.020143
-0.020153
-0.020163
-0.020174
-0.020184
-0.020194
-0.020205
-0.020215
-0.020225
-0.020235
-0.020246
-0.020256
-0.020266
-0.020276
-0.020287
-0.020297
-0.020307
-0.020317
-0.020327
-0.020338
-0.020348
-0.020358
-0.020368
-0.020378
-0.020388
-0.020399
-0.020409
-0.020419
-0.020429
-0.020439
-0.020449
-0.020459
-0.020469
-0.020479
-0.020489
-0.020499
-0.020510
-0.020520
-0.020530
-0.020540
-0.020550
-0.020560
-0.020570
-0.020580
-0.020590
-0.020600
-0.020610
-0.020619
-0.020629
-0.020639
-0.020649
-0.020659
-0.020669
-0.020679
-0.020689
-0.020699
-0.020709
-0.020719
-0.020729
-0.020738
-0.020748
-0.020758
-0.020768
-0.020778
-0.020788
-0.020797
-0.020807
-0.020817
-0.020827
-0.020837
-0.020846
-0.020856
-0.020866
-0.020876
-0.020885
-0.020895
-0.020905
-0.020915
-0.020924
-0.020934
-0.020944
-0.020954
-0.020963
-0.020973
-0.020983
-0.020992
-0.021002
-0.021012
-0.021021
-0.021031
-0.021040
-0.021050
-0.021060
-0.021069
-0.021079
-0.021088
-0.021098
-0.021108
-0.021117
-0.021127
-0.021136
-0.021146
-0.021155
-0.021165
-0.021174
-0.021184
-0.021193
-0.021203
-0.021212
-0.021222
-0.021231
-0.021241
-0.021250
-0.021260
-0.021269
-0.021279
-0.021288
-0.021298
-0.021307
-0.021316
-0.021326
-0.021335
-0.021345
-0.021354
-0.021363
-0.021373
-0.021382
-0.021391
-0.021401
-0.021401
-0.021410
-0.021419
-0.021429
-0.021438
-0.021447
-0.021457
-0.021466
-0.021475
-0.021485
-0.021494
-0.021503
-0.021512
-0.021522
-0.021531
-0.021540
-0.021549
-0.021558
-0.021568
-0.021577
-0.021586
-0.021595
-0.021604
-0.021614
-0.021623
-0.021632
-0.021641
-0.021650
-0.021659
-0.021669
-0.021678
-0.021687
-0.021696
-0.021705
-0.021714
-0.021723
-0.021732
-0.021741
-0.021750
-0.021759
-0.021769
-0.021778
-0.021787
-0.021796
-0.021805
-0.021814
-0.021823
-0.021832
-0.021841
-0.021850
-0.021859
-0.021868
-0.021877
-0.021886
-0.021894
-0.021903
-0.021912
-0.021921
-0.021930
-0.021939
-0.021948
-0.021957
-0.021966
-0.021975
-0.021984
-0.021993
-0.022001
-0.022010
-0.022019
-0.022028
-0.022037
-0.022046
-0.022054
-0.022063
-0.022072
-0.022081
-0.022090
-0.022098
-0.022107
-0.022116
-0.022125
-0.022134
-0.022142
-0.022151
-0.022160
-0.022169
-0.022177
-0.022186
-0.022195
-0.022203
-0.022212
-0.022221
-0.022229
-0.022238
-0.022247
-0.022256
-0.022264
-0.022273
-0.022281
-0.022290
-0.022299
-0.022307
-0.022316
-0.022325
-0.022333
-0.022342
-0.022350
-0.022359
-0.022368
-0.022376
-0.022385
-0.022393
-0.022402
-0.022410
-0.022419
-0.022427
-0.022436
-0.022444
-0.022453
-0.022461
-0.022470
-0.022478
-0.022487
-0.022495
-0.022504
-0.022512
-0.022521
-0.022529
-0.022538
-0.022546
-0.022555
-0.022563
-0.022571
-0.022580
-0.022588
-0.022597
-0.022605
-0.022613
-0.022622
-0.022630
-0.022638
-0.022647
-0.022655
-0.022663
-0.022672
-0.022680
-0.022688
-0.022697
-0.022705
-0.022713
-0.022722
-0.022730
-0.022738
-0.022747
-0.022755
-0.022763
-0.022771
-0.022780
-0.022788
-0.022796
-0.022804
-0.022812
-0.022821
-0.022829
-0.022837
-0.022845
-0.022853
-0.022862
-0.022870
-0.022878
-0.022886
-0.022894
-0.022902
-0.022911
-0.022919
-0.022927
-0.022935
-0.022943
-0.022951
-0.022959
-0.022967
-0.022976
-0.022984
-0.022992
-0.023000
-0.023008
-0.023016
-0.023024
-0.023032
-0.023040
-0.023048
-0.023056
-0.023064
-0.023072
-0.023080
-0.023088
-0.023096
-0.023104
-0.023112
-0.023120
-0.023128
-0.023136
-0.023144
-0.023152
-0.023160
-0.023168
-0.023176
-0.023184
-0.023192
-0.023200
-0.023207
-0.023215
-0.023223
-0.023231
-0.023239
-0.023247
-0.023255
-0.023263
-0.023270
-0.023278
-0.023286
-0.023294
-0.023302
-0.023310
-0.023317
-0.023325
-0.023333
-0.023341
-0.023349
-0.023356
-0.023364
-0.023372
-0.023380
-0.023388
-0.023395
-0.023403
-0.023411
-0.023418
-0.023426
-0.023434
-0.023442
-0.023449
-0.023457
-0.023465
-0.023472
-0.023480
-0.023488
-0.023496
-0.023503
-0.023511
-0.023518
-0.023526
-0.023534
-0.023541
-0.023549
-0.023557
-0.023564
-0.023572
-0.023580
-0.023587
-0.023595
-0.023602
-0.023610
-0.023617
-0.023625
-0.023633
-0.023640
-0.023648
-0.023655
-0.023663
-0.023670
-0.023678
-0.023685
-0.023693
-0.023700
-0.023708
-0.023715
-0.023723
-0.023730
-0.023738
-0.023745
-0.023753
-0.023760
-0.023768
-0.023775
-0.023783
-0.023790
-0.023797
-0.023805
-0.023812
-0.023820
-0.023827
-0.023835
-0.023842
-0.023849
-0.023857
-0.023864
-0.023871
-0.023879
-0.023886
-0.023894
-0.023901
-0.023908
-0.023916
-0.023923
-0.023930
-0.023938
-0.023945
-0.023952
-0.023959
-0.023967
-0.023974
-0.023981
-0.023989
-0.023996
-0.024003
-0.024010
-0.024018
-0.024025
-0.024032
-0.024039
-0.024047
-0.024054
-0.024061
-0.024068
-0.024075
-0.024083
-0.024090
-0.024097
-0.024104
-0.024111
-0.024119
-0.024126
-0.024133
-0.024140
-0.024147
-0.024154
-0.024161
-0.024169
-0.024176
-0.024183
-0.024190
-0.024197
-0.024204
-0.024211
-0.024218
-0.024225
-0.024232
-0.024240
-0.024247
-0.024254
-0.024261
-0.024268
-0.024275
-0.024282
-0.024289
-0.024296
-0.024303
-0.024310
-0.024317
-0.024324
-0.024331
-0.024338
-0.024345
-0.024352
-0.024359
-0.024366
-0.024373
-0.024380
-0.024387
-0.024394
-0.024401
-0.024408
-0.024414
-0.024421
-0.024428
-0.024435
-0.024442
-0.024449
-0.024456
-0.024463
-0.024470
-0.024477
-0.024483
-0.024490
-0.024497
-0.024504
-0.024511
-0.024518
-0.024525
-0.024531
-0.024538
-0.024545
-0.024552
-0.024559
-0.024566
-0.024572
-0.024579
-0.024586
-0.024593
-0.024599
-0.024606
-0.024613
-0.024620
-0.024627
-0.024633
-0.024640
-0.024647
-0.024653
-0.024660
-0.024667
-0.024674
-0.024680
-0.024687
-0.024694
-0.024700
-0.024707
-0.024714
-0.024721
-0.024727
-0.024734
-0.024741
-0.024747
-0.024754
-0.024761
-0.024767
-0.024774
-0.024780
-0.024787
-0.024794
-0.024800
-0.024807
-0.024813
-0.024820
-0.024827
-0.024833
-0.024840
-0.024846
-0.024853
-0.024860
-0.024866
-0.024873
-0.024879
-0.024886
-0.024892
-0.024899
-0.024905
-0.024912
-0.024918
-0.024925
-0.024931
-0.024938
-0.024944
-0.024951
-0.024957
-0.024964
-0.024970
-0.024977
-0.024983
-0.024990
-0.024996
-0.025003
-0.025009
-0.025016
-0.025022
-0.025028
-0.025035
-0.025041
-0.025048
-0.025054
-0.025060
-0.025067
-0.025073
-0.025080
-0.025086
-0.025092
-0.025099
-0.025105
-0.025111
-0.025118
-0.025124
-0.025131
-0.025137
-0.025143
-0.025150
-0.025156
-0.025162
-0.025168
-0.025175
-0.025181
-0.025187
-0.025194
-0.025200
-0.025206
-0.025212
-0.025219
-0.025225
-0.025231
-0.025238
-0.025244
-0.025244
-0.025250
-0.025256
-0.025263
-0.025269
-0.025275
-0.025281
-0.025287
-0.025294
-0.025300
-0.025306
-0.025312
-0.025318
-0.025325
-0.025331
-0.025337
-0.025343
-0.025349
-0.025355
-0.025362
-0.025368
-0.025374
-0.025380
-0.025386
-0.025392
-0.025398
-0.025404
-0.025411
-0.025417
-0.025423
-0.025429
-0.025435
-0.025441
-0.025447
-0.025453
-0.025459
-0.025465
-0.025471
-0.025477
-0.025484
-0.025490
-0.025496
-0.025502
-0.025508
-0.025514
-0.025520
-0.025526
-0.025532
-0.025538
-0.025544
-0.025550
-0.025556
-0.025562
-0.025568
-0.025574
-0.025580
-0.025586
-0.025592
-0.025598
-0.025604
-0.025609
-0.025615
-0.025621
-0.025627
-0.025633
-0.025639
-0.025645
-0.025651
-0.025657
-0.025663
-0.025669
-0.025675
-0.025680
-0.025686
-0.025692
-0.025698
-0.025704
-0.025710
-0.025716
-0.025722
-0.025727
-0.025733
-0.025739
-0.025745
-0.025751
-0.025757
-0.025762
-0.025768
-0.025774
-0.025780
-0.025786
-0.025791
-0.025797
-0.025803
-0.025809
-0.025815
-0.025820
-0.025826
-0.025832
-0.025838
-0.025843
-0.025849
-0.025855
-0.025861
-0.025866
-0.025872
-0.025878
-0.025883
-0.025889
-0.025895
-0.025901
-0.025906
-0.025912
-0.025918
-0.025923
-0.025929
-0.025935
-0.025940
-0.025946
-0.025952
-0.025957
-0.025963
-0.025969
-0.025974
-0.025980
-0.025986
-0.025991
-0.025997
-0.026002
-0.026008
-0.026014
-0.026019
-0.026025
-0.026030
-0.026036
-0.026042
-0.026047
-0.026053
-0.026058
-0.026064
-0.026069
-0.026075
-0.026081
-0.026086
-0.026092
-0.026097
-0.026103
-0.026108
-0.026114
-0.026119
-0.026125
-0.026130
-0.026136
-0.026141
-0.026147
-0.026152
-0.026158
-0.026163
-0.026169
-0.026174
-0.026180
-0.026185
-0.026191
-0.026196
-0.026202
-0.026207
-0.026212
-0.026218
-0.026223
-0.026229
-0.026234
-0.026240
-0.026245
-0.026250
-0.026256
-0.026261
-0.026267
-0.026272
-0.026277
-0.026283
-0.026288
-0.026294
-0.026299
-0.026304
-0.026310
-0.026315
-0.026320
-0.026326
-0.026331
-0.026336
-0.026342
-0.026347
-0.026352
-0.026358
-0.026363
-0.026368
-0.026374
-0.026379
-0.026384
-0.026390
-0.026395
-0.026400
-0.026405
-0.026411
-0.026416
-0.026421
-0.026426
-0.026432
-0.026437
-0.026442
-0.026447
-0.026453
-0.026458
-0.026463
-0.026468
-0.026474
-0.026479
-0.026484
-0.026489
-0.026494
-0.026500
-0.026505
-0.026510
-0.026515
-0.026520
-0.026526
-0.026531
-0.026536
-0.026541
-0.026546
-0.026551
-0.026557
-0.026562
-0.026567
-0.026572
-0.026577
-0.026582
-0.026587
-0.026593
-0.026598
-0.026603
-0.026608
-0.026613
-0.026618
-0.026623
-0.026628
-0.026633
-0.026638
-0.026644
-0.026649
-0.026654
-0.026659
-0.026664
-0.026669
-0.026674
-0.026679
-0.026684
-0.026689
-0.026694
-0.026699
-0.026704
-0.026709
-0.026714
-0.026719
-0.026724
-0.026729
-0.026734
-0.026739
-0.026744
-0.026749
-0.026754
-0.026759
-0.026764
-0.026769
-0.026774
-0.026779
-0.026784
-0.026789
-0.026794
-0.026799
-0.026804
-0.026809
-0.026814
-0.026819
-0.026824
-0.026828
-0.026833
-0.026838
-0.026843
-0.026848
-0.026853
-0.026858
-0.026863
-0.026868
-0.026873
-0.026877
-0.026882
-0.026887
-0.026892
-0.026897
-0.026902
-0.026907
-0.026911
-0.026916
-0.026921
-0.026926
-0.026931
-0.026936
-0.026940
-0.026945
-0.026950
-0.026955
-0.026960
-0.026965
-0.026969
-0.026974
-0.026979
-0.026984
-0.026989
-0.026993
-0.026998
-0.027003
-0.027008
-0.027012
-0.027017
-0.027022
-0.027027
-0.027031
-0.027036
-0.027041
-0.027046
-0.027050
-0.027055
-0.027060
-0.027065
-0.027069
-0.027074
-0.027079
-0.027083
-0.027088
-0.027093
-0.027097
-0.027102
-0.027107
-0.027111
-0.027116
-0.027121
-0.027126
-0.027130
-0.027135
-0.027139
-0.027144
-0.027149
-0.027153
-0.027158
-0.027163
-0.027167
-0.027172
-0.027177
-0.027181
-0.027186
-0.027190
-0.027195
-0.027200
-0.027204
-0.027209
-0.027213
-0.027218
-0.027223
-0.027227
-0.027232
-0.027236
-0.027241
-0.027245
-0.027250
-0.027255
-0.027259
-0.027264
-0.027268
-0.027273
-0.027277
-0.027282
-0.027286
-0.027291
-0.027295
-0.027300
-0.027304
-0.027309
-0.027313
-0.027318
-0.027322
-0.027327
-0.027331
-0.027336
-0.027340
-0.027345
-0.027349
-0.027354
-0.027358
-0.027363
-0.027367
-0.027372
-0.027376
-0.027381
-0.027385
-0.027389
-0.027394
-0.027398
-0.027403
-0.027407
-0.027412
-0.027416
-0.027420
-0.027425
-0.027429
-0.027434
-0.027438
-0.027442
-0.027447
-0.027451
-0.027456
-0.027460
-0.027464
-0.027469
-0.027473
-0.027477
-0.027482
-0.027486
-0.027491
-0.027495
-0.027499
-0.027504
-0.027508
-0.027512
-0.027517
-0.027521
-0.027525
-0.027530
-0.027534
-0.027538
-0.027542
-0.027547
-0.027551
-0.027555
-0.027560
-0.027564
-0.027568
-0.027573
-0.027577
-0.027581
-0.027585
-0.027590
-0.027594
-0.027598
-0.027602
-0.027607
-0.027611
-0.027615
-0.027619
-0.027624
-0.027628
-0.027632
-0.027636
-0.027641
-0.027645
-0.027649
-0.027653
-0.027657
-0.027662
-0.027666
-0.027670
-0.027674
-0.027678
-0.027683
-0.027687
-0.027691
-0.027695
-0.027699
-0.027703
-0.027708
-0.027712
-0.027716
-0.027720
-0.027724
-0.027728
-0.027733
-0.027737
-0.027741
-0.027745
-0.027749
-0.027753
-0.027757
-0.027761
-0.027766
-0.027770
-0.027774
-0.027778
-0.027782
-0.027786
-0.027790
-0.027790
-0.027794
-0.027798
-0.027802
-0.027806
-0.027811
-0.027815
-0.027819
-0.027823
-0.027827
-0.027831
-0.027835
-0.027839
-0.027843
-0.027847
-0.027851
-0.027855
-0.027859
-0.027863
-0.027867
-0.027871
-0.027875
-0.027879
-0.027883
-0.027887
-0.027891
-0.027895
-0.027899
-0.027903
-0.027907
-0.027911
-0.027915
-0.027919
-0.027923
-0.027927
-0.027931
-0.027935
-0.027939
-0.027943
-0.027947
-0.027951
-0.027955
-0.027959
-0.027963
-0.027967
-0.027971
-0.027975
-0.027978
-0.027982
-0.027986
-0.027990
-0.027994
-0.027998
-0.028002
-0.028006
-0.028010
-0.028014
-0.028018
-0.028021
-0.028025
-0.028029
-0.028033
-0.028037
-0.028041
-0.028045
-0.028049
-0.028052
-0.028056
-0.028060
-0.028064
-0.028068
-0.028072
-0.028076
-0.028079
-0.028083
-0.028087
-0.028091
-0.028095
-0.028099
-0.028102
-0.028106
-0.028110
-0.028114
-0.028118
-0.028121
-0.028125
-0.028129
-0.028133
-0.028137
-0.028140
-0.028144
-0.028148
-0.028152
-0.028155
-0.028159
-0.028163
-0.028167
-0.028170
-0.028174
-0.028178
-0.028182
-0.028185
-0.028189
-0.028193
-0.028197
-0.028200
-0.028204
-0.028208
-0.028212
-0.028215
-0.028219
-0.028223
-0.028226
-0.028230
-0.028234
-0.028238
-0.028241
-0.028245
-0.028249
-0.028252
-0.028256
-0.028260
-0.028263
-0.028267
-0.028271
-0.028274
-0.028278
-0.028282
-0.028285
-0.028289
-0.028293
-0.028296
-0.028300
-0.028304
-0.028307
-0.028311
-0.028315
-0.028318
-0.028322
-0.028325
-0.028329
-0.028333
-0.028336
-0.028340
-0.028343
-0.028347
-0.028351
-0.028354
-0.028358
-0.028361
-0.028365
-0.028369
-0.028372
-0.028376
-0.028379
-0.028383
-0.028386
-0.028390
-0.028394
-0.028397
-0.028401
-0.028404
-0.028408
-0.028411
-0.028415
-0.028418
-0.028422
-0.028425
-0.028429
-0.028433
-0.028436
-0.028440
-0.028443
-0.028447
-0.028450
-0.028454
-0.028457
-0.028461
-0.028464
-0.028468
-0.028471
-0.028475
-0.028478
-0.028482
-0.028485
-0.028488
-0.028492
-0.028495
-0.028499
-0.028502
-0.028506
-0.028509
-0.028513
-0.028516
-0.028520
-0.028523
-0.028527
-0.028530
-0.028533
-0.028537
-0.028540
-0.028544
-0.028547
-0.028551
-0.028554
-0.028557
-0.028561
-0.028564
-0.028568
-0.028571
-0.028574
-0.028578
-0.028581
-0.028585
-0.028588
-0.028591
-0.028595
-0.028598
-0.028601
-0.028605
-0.028608
-0.028612
-0.028615
-0.028618
-0.028622
-0.028625
-0.028628
-0.028632
-0.028635
-0.028638
-0.028642
-0.028645
-0.028648
-0.028652
-0.028655
-0.028658
-0.028662
-0.028665
-0.028668
-0.028672
-0.028675
-0.028678
-0.028682
-0.028685
-0.028688
-0.028691
-0.028695
-0.028698
-0.028701
-0.028705
-0.028708
-0.028711
-0.028714
-0.028718
-0.028721
-0.028724
-0.028727
-0.028731
-0.028734
-0.028737
-0.028740
-0.028744
-0.028747
-0.028750
-0.028753
-0.028757
-0.028760
-0.028763
-0.028766
-0.028770
-0.028773
-0.028776
-0.028779
-0.028782
-0.028786
-0.028789
-0.028792
-0.028795
-0.028798
-0.028802
-0.028805
-0.028808
-0.028811
-0.028814
-0.028818
-0.028821
-0.028824
-0.028827
-0.028830
-0.028833
-0.028837
-0.028840
-0.028843
-0.028846
-0.028849
-0.028852
-0.028856
-0.028859
-0.028862
-0.028865
-0.028868
-0.028871
-0.028874
-0.028877
-0.028881
-0.028884
-0.028887
-0.028890
-0.028893
-0.028896
-0.028899
-0.028902
-0.028905
-0.028909
-0.028912
-0.028915
-0.028918
-0.028921
-0.028924
-0.028927
-0.028930
-0.028933
-0.028936
-0.028939
-0.028942
-0.028945
-0.028949
-0.028952
-0.028955
-0.028958
-0.028961
-0.028964
-0.028967
-0.028970
-0.028973
-0.028976
-0.028979
-0.028982
-0.028985
-0.028988
-0.028991
-0.028994
-0.028997
-0.029000
-0.029003
-0.029006
-0.029009
-0.029012
-0.029015
-0.029018
-0.029021
-0.029024
-0.029027
-0.029030
-0.029033
-0.029036
-0.029039
-0.029042
-0.029045
-0.029048
-0.029051
-0.029054
-0.029057
-0.029060
-0.029063
-0.029066
-0.029069
-0.029072
-0.029075
-0.029078
-0.029080
-0.029083
-0.029086
-0.029089
-0.029092
-0.029095
-0.029098
-0.029101
-0.029104
-0.029107
-0.029110
-0.029113
-0.029116
-0.029118
-0.029121
-0.029124
-0.029127
-0.029130
-0.029133
-0.029136
-0.029139
-0.029142
-0.029144
-0.029147
-0.029150
-0.029153
-0.029156
-0.029159
-0.029162
-0.029165
-0.029167
-0.029170
-0.029173
-0.029176
-0.029179
-0.029182
-0.029185
-0.029187
-0.029190
-0.029193
-0.029196
-0.029199
-0.029202
-0.029204
-0.029207
-0.029210
-0.029213
-0.029216
-0.029218
-0.029221
-0.029224
-0.029227
-0.029230
-0.029233
-0.029235
-0.029238
-0.029241
-0.029244
-0.029246
-0.029249
-0.029252
-0.029255
-0.029258
-0.029260
-0.029263
-0.029266
-0.029269
-0.029271
-0.029274
-0.029277
-0.029280
-0.029282
-0.029285
-0.029288
-0.029291
-0.029293
-0.029296
-0.029299
-0.029302
-0.029304
-0.029307
-0.029310
-0.029313
-0.029315
-0.029318
-0.029321
-0.029323
-0.029326
-0.029329
-0.029332
-0.029334
-0.029337
-0.029340
-0.029342
-0.029345
-0.029348
-0.029351
-0.029353
-0.029356
-0.029359
-0.029361
-0.029364
-0.029367
-0.029369
-0.029372
-0.029375
-0.029377
-0.029380
-0.029383
-0.029385
-0.029388
-0.029391
-0.029393
-0.029396
-0.029399
-0.029401
-0.029404
-0.029406
-0.029409
-0.029412
-0.029414
-0.029417
-0.029420
-0.029422
-0.029425
-0.029427
-0.029430
-0.029433
-0.029435
-0.029438
-0.029438
-0.029441
-0.029443
-0.029446
-0.029448
-0.029451
-0.029454
-0.029456
-0.029459
-0.029461
-0.029464
-0.029466
-0.029469
-0.029472
-0.029474
-0.029477
-0.029479
-0.029482
-0.029484
-0.029487
-0.029490
-0.029492
-0.029495
-0.029497
-0.029500
-0.029502
-0.029505
-0.029507
-0.029510
-0.029513
-0.029515
-0.029518
-0.029520
-0.029523
-0.029525
-0.029528
-0.029530
-0.029533
-0.029535
-0.029538
-0.029540
-0.029543
-0.029545
-0.029548
-0.029550
-0.029553
-0.029555
-0.029558
-0.029560
-0.029563
-0.029565
-0.029568
-0.029570
-0.029573
-0.029575
-0.029578
-0.029580
-0.029583
-0.029585
-0.029588
-0.029590
-0.029593
-0.029595
-0.029598
-0.029600
-0.029602
-0.029605
-0.029607
-0.029610
-0.029612
-0.029615
-0.029617
-0.029620
-0.029622
-0.029624
-0.029627
-0.029629
-0.029632
-0.029634
-0.029637
-0.029639
-0.029641
-0.029644
-0.029646
-0.029649
-0.029651
-0.029653
-0.029656
-0.029658
-0.029661
-0.029663
-0.029665
-0.029668
-0.029670
-0.029673
-0.029675
-0.029677
-0.029680
-0.029682
-0.029685
-0.029687
-0.029689
-0.029692
-0.029694
-0.029696
-0.029699
-0.029701
-0.029703
-0.029706
-0.029708
-0.029711
-0.029713
-0.029715
-0.029718
-0.029720
-0.029722
-0.029725
-0.029727
-0.029729
-0.029732
-0.029734
-0.029736
-0.029739
-0.029741
-0.029743
-0.029746
-0.029748
-0.029750
-0.029753
-0.029755
-0.029757
-0.029759
-0.029762
-0.029764
-0.029766
-0.029769
-0.029771
-0.029773
-0.029776
-0.029778
-0.029780
-0.029782
-0.029785
-0.029787
-0.029789
-0.029792
-0.029794
-0.029796
-0.029798
-0.029801
-0.029803
-0.029805
-0.029807
-0.029810
-0.029812
-0.029814
-0.029816
-0.029819
-0.029821
-0.029823
-0.029825
-0.029828
-0.029830
-0.029832
-0.029834
-0.029837
-0.029839
-0.029841
-0.029843
-0.029846
-0.029848
-0.029850
-0.029852
-0.029854
-0.029857
-0.029859
-0.029861
-0.029863
-0.029865
-0.029868
-0.029870
-0.029872
-0.029874
-0.029876
-0.029879
-0.029881
-0.029883
-0.029885
-0.029887
-0.029890
-0.029892
-0.029894
-0.029896
-0.029898
-0.029900
-0.029903
-0.029905
-0.029907
-0.029909
-0.029911
-0.029913
-0.029916
-0.029918
-0.029920
-0.029922
-0.029924
-0.029926
-0.029928
-0.029931
-0.029933
-0.029935
-0.029937
-0.029939
-0.029941
-0.029943
-0.029946
-0.029948
-0.029950
-0.029952
-0.029954
-0.029956
-0.029958
-0.029960
-0.029963
-0.029965
-0.029967
-0.029969
-0.029971
-0.029973
-0.029975
-0.029977
-0.029979
-0.029981
-0.029984
-0.029986
-0.029988
-0.029990
-0.029992
-0.029994
-0.029996
-0.029998
-0.030000
-0.030002
-0.030004
-0.030006
-0.030008
-0.030011
-0.030013
-0.030015
-0.030017
-0.030019
-0.030021
-0.030023
-0.030025
-0.030027
-0.030029
-0.030031
-0.030033
-0.030035
-0.030037
-0.030039
-0.030041
-0.030043
-0.030045
-0.030047
-0.030049
-0.030051
-0.030053
-0.030055
-0.030057
-0.030060
-0.030062
-0.030064
-0.030066
-0.030068
-0.030070
-0.030072
-0.030074
-0.030076
-0.030078
-0.030080
-0.030082
-0.030084
-0.030086
-0.030088
-0.030090
-0.030092
-0.030094
-0.030096
-0.030097
-0.030099
-0.030101
-0.030103
-0.030105
-0.030107
-0.030109
-0.030111
-0.030113
-0.030115
-0.030117
-0.030119
-0.030121
-0.030123
-0.030125
-0.030127
-0.030129
-0.030131
-0.030133
-0.030135
-0.030137
-0.030139
-0.030141
-0.030143
-0.030144
-0.030146
-0.030148
-0.030150
-0.030152
-0.030154
-0.030156
-0.030158
-0.030160
-0.030162
-0.030164
-0.030166
-0.030168
-0.030169
-0.030171
-0.030173
-0.030175
-0.030177
-0.030179
-0.030181
-0.030183
-0.030185
-0.030187
-0.030188
-0.030190
-0.030192
-0.030194
-0.030196
-0.030198
-0.030200
-0.030202
-0.030203
-0.030205
-0.030207
-0.030209
-0.030211
-0.030213
-0.030215
-0.030217
-0.030218
-0.030220
-0.030222
-0.030224
-0.030226
-0.030228
-0.030230
-0.030231
-0.030233
-0.030235
-0.030237
-0.030239
-0.030241
-0.030242
-0.030244
-0.030246
-0.030248
-0.030250
-0.030252
-0.030253
-0.030255
-0.030257
-0.030259
-0.030261
-0.030263
-0.030264
-0.030266
-0.030268
-0.030270
-0.030272
-0.030273
-0.030275
-0.030277
-0.030279
-0.030281
-0.030282
-0.030284
-0.030286
-0.030288
-0.030290
-0.030291
-0.030293
-0.030295
-0.030297
-0.030299
-0.030300
-0.030302
-0.030304
-0.030306
-0.030307
-0.030309
-0.030311
-0.030313
-0.030315
-0.030316
-0.030318
-0.030320
-0.030322
-0.030323
-0.030325
-0.030327
-0.030329
-0.030330
-0.030332
-0.030334
-0.030336
-0.030337
-0.030339
-0.030341
-0.030343
-0.030344
-0.030346
-0.030348
-0.030349
-0.030351
-0.030353
-0.030355
-0.030356
-0.030358
-0.030360
-0.030362
-0.030363
-0.030365
-0.030367
-0.030368
-0.030370
-0.030372
-0.030374
-0.030375
-0.030377
-0.030379
-0.030380
-0.030382
-0.030384
-0.030385
-0.030387
-0.030389
-0.030391
-0.030392
-0.030394
-0.030396
-0.030397
-0.030399
-0.030401
-0.030402
-0.030404
-0.030406
-0.030407
-0.030409
-0.030411
-0.030412
-0.030414
-0.030416
-0.030417
-0.030419
-0.030421
-0.030422
-0.030424
-0.030426
-0.030427
-0.030429
-0.030431
-0.030432
-0.030434
-0.030436
-0.030437
-0.030439
-0.030440
-0.030442
-0.030444
-0.030445
-0.030447
-0.030449
-0.030450
-0.030452
-0.030454
-0.030455
-0.030457
-0.030458
-0.030460
-0.030462
-0.030463
-0.030465
-0.030466
-0.030468
-0.030470
-0.030471
-0.030473
-0.030473
-0.030475
-0.030476
-0.030478
-0.030479
-0.030481
-0.030483
-0.030484
-0.030486
-0.030487
-0.030489
-0.030490
-0.030492
-0.030494
-0.030495
-0.030497
-0.030498
-0.030500
-0.030502
-0.030503
-0.030505
-0.030506
-0.030508
-0.030509
-0.030511
-0.030513
-0.030514
-0.030516
-0.030517
-0.030519
-0.030520
-0.030522
-0.030523
-0.030525
-0.030527
-0.030528
-0.030530
-0.030531
-0.030533
-0.030534
-0.030536
-0.030537
-0.030539
-0.030540
-0.030542
-0.030544
-0.030545
-0.030547
-0.030548
-0.030550
-0.030551
-0.030553
-0.030554
-0.030556
-0.030557
-0.030559
-0.030560
-0.030562
-0.030563
-0.030565
-0.030566
-0.030568
-0.030569
-0.030571
-0.030572
-0.030574
-0.030575
-0.030577
-0.030578
-0.030580
-0.030581
-0.030583
-0.030584
-0.030586
-0.030587
-0.030589
-0.030590
-0.030592
-0.030593
-0.030595
-0.030596
-0.030598
-0.030599
-0.030601
-0.030602
-0.030604
-0.030605
-0.030607
-0.030608
-0.030610
-0.030611
-0.030612
-0.030614
-0.030615
-0.030617
-0.030618
-0.030620
-0.030621
-0.030623
-0.030624
-0.030626
-0.030627
-0.030628
-0.030630
-0.030631
-0.030633
-0.030634
-0.030636
-0.030637
-0.030639
-0.030640
-0.030641
-0.030643
-0.030644
-0.030646
-0.030647
-0.030649
-0.030650
-0.030651
-0.030653
-0.030654
-0.030656
-0.030657
-0.030659
-0.030660
-0.030661
-0.030663
-0.030664
-0.030666
-0.030667
-0.030668
-0.030670
-0.030671
-0.030673
-0.030674
-0.030675
-0.030677
-0.030678
-0.030680
-0.030681
-0.030682
-0.030684
-0.030685
-0.030687
-0.030688
-0.030689
-0.030691
-0.030692
-0.030693
-0.030695
-0.030696
-0.030698
-0.030699
-0.030700
-0.030702
-0.030703
-0.030704
-0.030706
-0.030707
-0.030709
-0.030710
-0.030711
-0.030713
-0.030714
-0.030715
-0.030717
-0.030718
-0.030719
-0.030721
-0.030722
-0.030723
-0.030725
-0.030726
-0.030727
-0.030729
-0.030730
-0.030732
-0.030733
-0.030734
-0.030736
-0.030737
-0.030738
-0.030740
-0.030741
-0.030742
-0.030743
-0.030745
-0.030746
-0.030747
-0.030749
-0.030750
-0.030751
-0.030753
-0.030754
-0.030755
-0.030757
-0.030758
-0.030759
-0.030761
-0.030762
-0.030763
-0.030765
-0.030766
-0.030767
-0.030768
-0.030770
-0.030771
-0.030772
-0.030774
-0.030775
-0.030776
-0.030778
-0.030779
-0.030780
-0.030781
-0.030783
-0.030784
-0.030785
-0.030786
-0.030788
-0.030789
-0.030790
-0.030792
-0.030793
-0.030794
-0.030795
-0.030797
-0.030798
-0.030799
-0.030801
-0.030802
-0.030803
-0.030804
-0.030806
-0.030807
-0.030808
-0.030809
-0.030811
-0.030812
-0.030813
-0.030814
-0.030816
-0.030817
-0.030818
-0.030819
-0.030821
-0.030822
-0.030823
-0.030824
-0.030826
-0.030827
-0.030828
-0.030829
-0.030830
-0.030832
-0.030833
-0.030834
-0.030835
-0.030837
-0.030838
-0.030839
-0.030840
-0.030842
-0.030843
-0.030844
-0.030845
-0.030846
-0.030848
-0.030849
-0.030850
-0.030851
-0.030852
-0.030854
-0.030855
-0.030856
-0.030857
-0.030859
-0.030860
-0.030861
-0.030862
-0.030863
-0.030865
-0.030866
-0.030867
-0.030868
-0.030869
-0.030870
-0.030872
-0.030873
-0.030874
-0.030875
-0.030876
-0.030878
-0.030879
-0.030880
-0.030881
-0.030882
-0.030883
-0.030885
-0.030886
-0.030887
-0.030888
-0.030889
-0.030891
-0.030892
-0.030893
-0.030894
-0.030895
-0.030896
-0.030898
-0.030899
-0.030900
-0.030901
-0.030902
-0.030903
-0.030904
-0.030906
-0.030907
-0.030908
-0.030909
-0.030910
-0.030911
-0.030912
-0.030914
-0.030915
-0.030916
-0.030917
-0.030918
-0.030919
-0.030920
-0.030922
-0.030923
-0.030924
-0.030925
-0.030926
-0.030927
-0.030928
-0.030930
-0.030931
-0.030932
-0.030933
-0.030934
-0.030935
-0.030936
-0.030937
-0.030938
-0.030940
-0.030941
-0.030942
-0.030943
-0.030944
-0.030945
-0.030946
-0.030947
-0.030948
-0.030950
-0.030951
-0.030952
-0.030953
-0.030954
-0.030955
-0.030956
-0.030957
-0.030958
-0.030959
-0.030961
-0.030962
-0.030963
-0.030964
-0.030965
-0.030966
-0.030967
-0.030968
-0.030969
-0.030970
-0.030971
-0.030972
-0.030974
-0.030975
-0.030976
-0.030977
-0.030978
-0.030979
-0.030980
-0.030981
-0.030982
-0.030983
-0.030984
-0.030985
-0.030986
-0.030987
-0.030989
-0.030990
-0.030991
-0.030992
-0.030993
-0.030994
-0.030995
-0.030996
-0.030997
-0.030998
-0.030999
-0.031000
-0.031001
-0.031002
-0.031003
-0.031004
-0.031005
-0.031006
-0.031007
-0.031008
-0.031010
-0.031011
-0.031012
-0.031013
-0.031014
-0.031015
-0.031016
-0.031017
-0.031018
-0.031019
-0.031020
-0.031021
-0.031022
-0.031023
-0.031024
-0.031025
-0.031026
-0.031027
-0.031028
-0.031029
-0.031030
-0.031031
-0.031032
-0.031033
-0.031034
-0.031035
-0.031036
-0.031037
-0.031038
-0.031039
-0.031040
-0.031041
-0.031042
-0.031043
-0.031044
-0.031045
-0.031046
-0.031047
-0.031048
-0.031049
-0.031050
-0.031051
-0.031052
-0.031053
-0.031054
-0.031055
-0.031056
-0.031057
-0.031058
-0.031059
-0.031060
-0.031061
-0.031062
-0.031063
-0.031064
-0.031065
-0.031066
-0.031067
-0.031068
-0.031069
-0.031070
-0.031071
-0.031072
-0.031073
-0.031074
-0.031075
-0.031075
-0.031076
-0.031077
-0.031078
-0.031079
-0.031080
-0.031081
-0.031082
-0.031083
-0.031084
-0.031085
-0.031086
-0.031087
-0.031088
-0.031089
-0.031090
-0.031091
-0.031092
-0.031093
-0.031094
-0.031095
-0.031095
-0.031096
-0.031096
