0.259767
0.270723
0.276257
0.277864
0.277156
0.275482
0.273487
0.271416
0.269356
0.267347
0.265411
0.263561
0.261804
0.260144
0.258579
0.257106
0.255720
0.254416
0.253189
0.252037
0.250957
0.249949
0.249012
0.248148
0.247358
0.246643
0.246006
0.245450
0.244977
0.244592
0.244298
0.244101
0.244002
0.244002
0.244097
0.244280
0.244541
0.244867
0.245246
0.245665
0.246111
0.246574
0.247045
0.247515
0.247980
0.248437
0.248884
0.249324
0.249762
0.250204
0.250655
0.251122
0.251606
0.252108
0.252628
0.253161
0.253704
0.254250
0.254790
0.255311
0.255799
0.256233
0.256593
0.256862
0.257040
0.257134
0.257163
0.257146
0.257103
0.257047
0.256990
0.256938
0.256894
0.256860
0.256836
0.256823
0.256819
0.256824
0.256837
0.256858
0.256885
0.256919
0.256959
0.257005
0.257056
0.257113
0.257175
0.257243
0.257316
0.257395
0.257480
0.257571
0.257668
0.257771
0.257881
0.257998
0.258121
0.258252
0.258390
0.258536
0.258690
0.258852
0.259022
0.259201
0.259388
0.259583
0.259787
0.259999
0.260218
0.260445
0.260679
0.260920
0.261167
0.261422
0.261683
0.261950
0.262224
0.262505
0.262793
0.263089
0.263389
0.263701
0.264031
0.264356
0.264659
0.265001
0.265319
0.265633
0.265998
0.266357
0.266694
0.267044
0.267411
0.267792
0.268192
0.268615
0.269065
0.269543
0.270051
0.270586
0.271144
0.271721
0.272307
0.272896
0.273480
0.274054
0.274612
0.275151
0.275669
0.276165
0.276637
0.277086
0.277511
0.277913
0.278293
0.278652
0.278989
0.279307
0.279606
0.279886
0.280149
0.280394
0.280623
0.280837
0.281035
0.281218
0.281387
0.281542
0.281685
0.281814
0.281932
0.282038
0.282133
0.282217
0.282291
0.282356
0.282411
0.282457
0.282495
0.282525
0.282547
0.282562
0.282571
0.282572
0.282568
0.282558
0.282543
0.282523
0.282498
0.282468
0.282434
0.282396
0.282355
0.282310
0.282262
0.282212
0.282159
0.282106
0.282051
0.281995
0.281938
0.281881
0.281823
0.281763
0.281702
0.281638
0.281573
0.281509
0.281447
0.281388
0.281334
0.281287
0.281246
0.281208
0.281169
0.281130
0.281095
0.281064
0.281038
0.281015
0.280989
0.280956
0.280914
0.280867
0.280818
0.280771
0.280727
0.280685
0.280646
0.280609
0.280574
0.280542
0.280511
0.280482
0.280455
0.280430
0.280406
0.280383
0.280361
0.280341
0.280321
0.280302
0.280284
0.280267
0.280251
0.280240
0.280218
0.280202
0.280191
0.280168
0.280137
0.280108
0.280082
0.280050
0.280024
0.279995
0.279962
0.279926
0.279887
0.279845
0.279800
0.279751
0.279699
0.279644
0.279585
0.279522
0.279456
0.279386
0.279312
0.279234
0.279152
0.279066
0.278974
0.278877
0.278774
0.278664
0.278545
0.278417
0.278277
0.278124
0.277957
0.277773
0.277573
0.277354
0.277119
0.276866
0.276595
0.276307
0.276001
0.275677
0.275333
0.274968
0.274580
0.274167
0.273725
0.273252
0.272743
0.272195
0.271605
0.270971
0.270971
0.270289
0.269559
0.268776
0.267938
0.267037
0.266069
0.265027
0.263909
0.262718
0.261463
0.260163
0.258840
0.257517
0.256213
0.254939
0.253704
0.252518
0.251390
0.250335
0.249365
0.248492
0.247726
0.247071
0.246532
0.246113
0.245814
0.245637
0.245582
0.245650
0.245831
0.246128
0.246520
0.247013
0.247574
0.248220
0.248898
0.249646
0.250389
0.251198
0.251963
0.252803
0.253559
0.254411
0.255135
0.255982
0.256670
0.257510
0.258185
0.259032
0.259710
0.260578
0.261280
0.262179
0.262930
0.263842
0.264606
0.265476
0.266196
0.266997
0.267653
0.268384
0.268974
0.269641
0.270171
0.270779
0.271257
0.271807
0.272243
0.272741
0.273144
0.273594
0.273969
0.274378
0.274728
0.275098
0.275427
0.275763
0.276072
0.276378
0.276665
0.276943
0.277208
0.277465
0.277711
0.277948
0.278176
0.278396
0.278607
0.278811
0.279006
0.279197
0.279378
0.279558
0.279727
0.279897
0.280054
0.280217
0.280362
0.280518
0.280652
0.280799
0.280926
0.281064
0.281186
0.281314
0.281432
0.281551
0.281664
0.281776
0.281884
0.281990
0.282093
0.282193
0.282290
0.282385
0.282478
0.282568
0.282656
0.282741
0.282825
0.282906
0.282985
0.283062
0.283137
0.283210
0.283281
0.283350
0.283418
0.283484
0.283549
0.283612
0.283674
0.283735
0.283795
0.283853
0.283910
0.283967
0.284022
0.284076
0.284130
0.284183
0.284234
0.284285
0.284335
0.284385
0.284433
0.284481
0.284528
0.284574
0.284619
0.284663
0.284707
0.284749
0.284791
0.284832
0.284872
0.284912
0.284950
0.284988
0.285025
0.285061
0.285097
0.285132
0.285166
0.285199
0.285232
0.285264
0.285296
0.285327
0.285358
0.285388
0.285417
0.285447
0.285475
0.285503
0.285531
0.285559
0.285586
0.285612
0.285639
0.285665
0.285690
0.285716
0.285740
0.285765
0.285789
0.285813
0.285837
0.285860
0.285884
0.285906
0.285929
0.285951
0.285973
0.285995
0.286017
0.286038
0.286059
0.286080
0.286101
0.286121
0.286142
0.286162
0.286182
0.286201
0.286221
0.286240
0.286260
0.286279
0.286297
0.286316
0.286335
0.286353
0.286372
0.286390
0.286408
0.286426
0.286444
0.286462
0.286479
0.286497
0.286515
0.286532
0.286550
0.286567
0.286585
0.286602
0.286619
0.286637
0.286654
0.286671
0.286689
0.286706
0.286723
0.286740
0.286758
0.286775
0.286792
0.286809
0.286825
0.286842
0.286859
0.286875
0.286891
0.286908
0.286924
0.286940
0.286955
0.286971
0.286987
0.287003
0.287020
0.287038
0.287060
0.287093
0.287122
0.287127
0.287135
0.287152
0.287169
0.287185
0.287201
0.287216
0.287231
0.287245
0.287258
0.287271
0.287284
0.287296
0.287308
0.287320
0.287331
0.287342
0.287353
0.287364
0.287375
0.287385
0.287396
0.287407
0.287418
0.287430
0.287442
0.287454
0.287466
0.287480
0.287494
0.287508
0.287524
0.287540
0.287557
0.287574
0.287593
0.287612
0.287632
0.287653
0.287674
0.287696
0.287719
0.287742
0.287742
0.287766
0.287790
0.287815
0.287840
0.287866
0.287893
0.287919
0.287946
0.287974
0.288002
0.288030
0.288059
0.288088
0.288117
0.288147
0.288177
0.288207
0.288238
0.288269
0.288300
0.288331
0.288363
0.288395
0.288427
0.288460
0.288492
0.288525
0.288559
0.288592
0.288626
0.288659
0.288694
0.288728
0.288763
0.288797
0.288832
0.288868
0.288903
0.288939
0.288975
0.289011
0.289048
0.289085
0.289122
0.289159
0.289197
0.289235
0.289273
0.289311
0.289350
0.289389
0.289428
0.289468
0.289507
0.289547
0.289587
0.289628
0.289668
0.289709
0.289750
0.289791
0.289832
0.289874
0.289916
0.289958
0.290000
0.290042
0.290084
0.290126
0.290169
0.290212
0.290254
0.290297
0.290340
0.290383
0.290426
0.290470
0.290513
0.290556
0.290600
0.290643
0.290687
0.290730
0.290774
0.290818
0.290861
0.290905
0.290949
0.290993
0.291037
0.291081
0.291125
0.291169
0.291213
0.291257
0.291301
0.291345
0.291390
0.291434
0.291478
0.291522
0.291566
0.291610
0.291655
0.291699
0.291743
0.291787
0.291831
0.291875
0.291919
0.291964
0.292008
0.292052
0.292096
0.292139
0.292183
0.292227
0.292271
0.292315
0.292358
0.292402
0.292445
0.292489
0.292532
0.292575
0.292618
0.292661
0.292704
0.292747
0.292790
0.292832
0.292875
0.292917
0.292960
0.293002
0.293044
0.293086
0.293127
0.293169
0.293210
0.293252
0.293293
0.293334
0.293374
0.293415
0.293456
0.293496
0.293536
0.293576
0.293616
0.293656
0.293695
0.293734
0.293773
0.293812
0.293851
0.293890
0.293928
0.293966
0.294004
0.294042
0.294079
0.294117
0.294154
0.294191
0.294227
0.294264
0.294300
0.294336
0.294372
0.294407
0.294443
0.294478
0.294513
0.294547
0.294582
0.294616
0.294650
0.294684
0.294717
0.294750
0.294783
0.294816
0.294848
0.294881
0.294912
0.294944
0.294976
0.295007
0.295038
0.295068
0.295099
0.295129
0.295159
0.295188
0.295218
0.295247
0.295276
0.295304
0.295333
0.295361
0.295388
0.295416
0.295443
0.295470
0.295497
0.295524
0.295550
0.295576
0.295602
0.295627
0.295652
0.295677
0.295702
0.295726
0.295751
0.295774
0.295798
0.295822
0.295845
0.295868
0.295890
0.295913
0.295935
0.295957
0.295978
0.296000
0.296021
0.296042
0.296062
0.296083
0.296103
0.296122
0.296142
0.296161
0.296179
0.296197
0.296215
0.296232
0.296248
0.296264
0.296279
0.296293
0.296307
0.296320
0.296333
0.296345
0.296357
0.296369
0.296380
0.296390
0.296400
0.296409
0.296419
0.296427
0.296436
0.296443
0.296451
0.296458
0.296465
0.296471
0.296477
0.296483
0.296488
0.296494
0.296498
0.296503
0.296507
0.296511
0.296515
0.296518
0.296521
0.296524
0.296527
0.296530
0.296532
0.296534
0.296535
0.296537
0.296538
0.296539
