-0.412054
-0.387832
-0.355626
-0.324765
-0.300696
-0.283110
-0.270006
-0.259687
-0.251032
-0.243351
-0.236228
-0.229413
-0.222753
-0.216160
-0.209576
-0.202967
-0.196308
-0.189580
-0.182767
-0.175855
-0.168832
-0.161688
-0.154421
-0.147034
-0.139543
-0.131977
-0.124380
-0.116814
-0.109353
-0.102077
-0.095068
-0.088402
-0.082136
-0.076308
-0.070933
-0.066004
-0.061495
-0.057364
-0.053562
-0.050032
-0.046714
-0.043543
-0.040452
-0.037370
-0.034220
-0.030928
-0.027419
-0.023618
-0.019441
-0.014800
-0.009625
-0.003885
0.002412
0.009224
0.016495
0.024179
0.032245
0.040691
0.049535
0.058795
0.068433
0.078281
0.088021
0.097328
0.106034
0.114161
0.121827
0.129150
0.136219
0.143092
0.149802
0.156371
0.162810
0.169126
0.175323
0.181401
0.187359
0.193198
0.198915
0.204508
0.209977
0.215320
0.220536
0.225625
0.230586
0.235420
0.240128
0.244711
0.249173
0.253517
0.257748
0.261869
0.265888
0.269810
0.273641
0.277384
0.281040
0.284603
0.288060
0.291386
0.294541
0.297489
0.300245
0.302909
0.305597
0.308329
0.311040
0.313659
0.316157
0.318537
0.320818
0.323019
0.325162
0.327264
0.329337
0.331386
0.333396
0.335306
0.336925
0.338422
0.341149
0.340312
0.336451
0.337934
0.336913
0.339082
0.347487
0.351536
0.352160
0.354466
0.357229
0.359642
0.362096
0.364733
0.367548
0.370603
0.373944
0.377563
0.381409
0.385394
0.389413
0.393367
0.397189
0.400845
0.404338
0.407689
0.410926
0.414073
0.417150
0.420171
0.423148
0.426085
0.428990
0.431866
0.434713
0.437535
0.440332
0.443105
0.445852
0.448576
0.451274
0.453947
0.456593
0.459213
0.461805
0.464368
0.466903
0.469406
0.471879
0.474319
0.476725
0.479097
0.481434
0.483734
0.485997
0.488222
0.490408
0.492553
0.494658
0.496721
0.498742
0.500720
0.502656
0.504547
0.506394
0.508198
0.509956
0.511670
0.513339
0.514963
0.516543
0.518078
0.519569
0.521015
0.522418
0.523777
0.525094
0.526369
0.527603
0.528796
0.529949
0.531064
0.532140
0.533179
0.534181
0.535146
0.536076
0.536970
0.537829
0.538655
0.539448
0.540208
0.540935
0.541628
0.542286
0.542910
0.543498
0.544048
0.544559
0.545028
0.545452
0.545827
0.546151
0.546422
0.546639
0.546798
0.546898
0.546937
0.546916
0.546836
0.546703
0.546523
0.546309
0.546073
0.545830
0.545593
0.545374
0.545183
0.545028
0.544917
0.544853
0.544844
0.544914
0.545237
0.544622
0.541345
0.543991
0.544678
0.537112
0.552375
0.577778
0.588812
0.596565
0.601583
0.605825
0.609312
0.612747
0.615689
0.618679
0.621230
0.623908
0.626168
0.628627
0.630670
0.632970
0.634855
0.637026
0.638804
0.640852
0.642568
0.644493
0.646183
0.647993
0.649672
0.651399
0.653076
0.654770
0.656465
0.658190
0.659955
0.661780
0.663673
0.665636
0.667649
0.669680
0.671699
0.673685
0.675634
0.677545
0.679423
0.681270
0.683090
0.684886
0.686662
0.688420
0.690162
0.691891
0.693608
0.695314
0.697011
0.697011
0.698698
0.700376
0.702045
0.703702
0.705348
0.706979
0.708593
0.710190
0.711770
0.713340
0.714912
0.716500
0.718110
0.719742
0.721387
0.723041
0.724692
0.726343
0.727980
0.729622
0.731238
0.732875
0.734462
0.736107
0.737646
0.739322
0.740776
0.742530
0.743829
0.745744
0.746766
0.748993
0.749540
0.752317
0.752096
0.755772
0.754398
0.759411
0.756466
0.763223
0.758430
0.767047
0.760493
0.770565
0.762767
0.773544
0.765172
0.776038
0.767557
0.778254
0.769815
0.780379
0.771893
0.782568
0.773760
0.784942
0.775370
0.787602
0.776688
0.790563
0.777763
0.793508
0.778762
0.795608
0.779788
0.796272
0.780794
0.795790
0.781843
0.794707
0.783138
0.793340
0.784870
0.791911
0.787095
0.791492
0.790074
0.793309
0.794038
0.796806
0.798252
0.800712
0.802185
0.804526
0.805725
0.808102
0.808692
0.811382
0.810900
0.814420
0.812265
0.817325
0.812936
0.820075
0.813373
0.822241
0.814104
0.823214
0.815242
0.823016
0.816583
0.822179
0.817924
0.821257
0.819065
0.820656
0.819856
0.820481
0.820344
0.820610
0.820712
0.820914
0.821113
0.821357
0.821634
0.821952
0.822309
0.822703
0.823130
0.823582
0.824053
0.824533
0.825015
0.825492
0.825956
0.826404
0.826830
0.827231
0.827605
0.827950
0.828264
0.828546
0.828794
0.829009
0.829188
0.829332
0.829438
0.829506
0.829534
0.829521
0.829466
0.829368
0.829224
0.829034
0.828797
0.828512
0.828178
0.827797
0.827369
0.826896
0.826380
0.825825
0.825235
0.824615
0.823969
0.823303
0.822622
0.821932
0.821237
0.820541
0.819848
0.819161
0.818483
0.817815
0.817161
0.816522
0.815899
0.815294
0.814707
0.814140
0.813594
0.813069
0.812566
0.812084
0.811625
0.811187
0.810771
0.810376
0.810002
0.809647
0.809312
0.808996
0.808697
0.808415
0.808150
0.807900
0.807664
0.807442
0.807232
0.807035
0.806848
0.806670
0.806502
0.806340
0.806186
0.806036
0.805891
0.805749
0.805608
0.805467
0.805326
0.805182
0.805035
0.804883
0.804725
0.804559
0.804385
0.804200
0.804004
0.803796
0.803575
0.803340
0.803090
0.802824
0.802542
0.802244
0.801931
0.801601
0.801256
0.800897
0.800524
0.800140
0.799744
0.799339
0.798927
0.798509
0.798087
0.797664
0.797242
0.796822
0.796407
0.795999
0.795599
0.795211
0.794835
0.794473
0.794127
0.793799
0.793489
0.793200
0.792931
0.792685
0.792463
0.792266
0.792096
0.791956
0.791851
0.791788
0.791781
0.791853
0.792056
0.792503
0.793494
0.795953
0.802347
0.810261
0.812357
0.812858
0.813166
0.813540
0.813970
0.814422
0.814884
0.815350
0.815815
0.816276
0.816728
0.817167
0.817588
0.817986
0.818356
0.818692
0.818987
0.819235
0.819430
0.819567
0.819642
0.819653
0.819597
0.819477
0.819295
0.819057
0.818772
0.818449
0.818100
0.817735
0.817366
0.817003
0.816653
0.816323
0.816016
0.815735
0.815479
0.815251
0.815048
0.814869
0.814715
0.814582
0.814470
0.814470
0.814377
0.814302
0.814244
0.814201
0.814172
0.814155
0.814150
0.814155
0.814168
0.814190
0.814219
0.814253
0.814292
0.814335
0.814380
0.814426
0.814472
0.814518
0.814561
0.814602
0.814638
0.814670
0.814696
0.814714
0.814725
0.814727
0.814720
0.814702
0.814673
0.814633
0.814581
0.814517
0.814440
0.814350
0.814248
0.814133
0.814005
0.813866
0.813716
0.813554
0.813382
0.813201
0.813012
0.812814
0.812610
0.812401
0.812186
0.811968
0.811746
0.811523
0.811297
0.811072
0.810846
0.810621
0.810397
0.810174
0.809953
0.809735
0.809519
0.809305
0.809093
0.808885
0.808679
0.808475
0.808274
0.808075
0.807878
0.807683
0.807490
0.807299
0.807109
0.806920
0.806731
0.806544
0.806356
0.806169
0.805982
0.805795
0.805607
0.805418
0.805229
0.805039
0.804848
0.804656
0.804463
0.804269
0.804073
0.803876
0.803678
0.803479
0.803278
0.803077
0.802874
0.802670
0.802465
0.802259
0.802053
0.801846
0.801638
0.801430
0.801221
0.801012
0.800804
0.800595
0.800386
0.800178
0.799969
0.799762
0.799554
0.799348
0.799142
0.798937
0.798732
0.798529
0.798326
0.798125
0.797924
0.797725
0.797526
0.797329
0.797133
0.796938
0.796744
0.796552
0.796361
0.796171
0.795983
0.795795
0.795610
0.795425
0.795242
0.795060
0.794880
0.794702
0.794524
0.794349
0.794175
0.794002
0.793832
0.793663
0.793496
0.793331
0.793168
0.793007
0.792848
0.792691
0.792537
0.792385
0.792235
0.792088
0.791944
0.791803
0.791665
0.791529
0.791397
0.791269
0.791143
0.791021
0.790903
0.790789
0.790679
0.790573
0.790471
0.790373
0.790279
0.790190
0.790106
0.790026
0.789951
0.789880
0.789814
0.789753
0.789697
0.789646
0.789599
0.789557
0.789520
0.789487
0.789459
0.789436
0.789417
0.789402
0.789392
0.789387
0.789385
0.789388
0.789395
0.789407
0.789423
0.789443
0.789468
0.789497
0.789531
0.789570
0.789615
0.789665
0.789720
0.789782
0.789850
0.789925
0.790007
0.790097
0.790195
0.790303
0.790419
0.790546
0.790684
0.790834
0.790997
0.791173
0.791364
0.791571
0.791795
0.792037
0.792300
0.792584
0.792892
0.793226
0.793588
0.793981
0.794408
0.794872
0.795378
0.795929
0.796531
0.797189
0.797910
0.798700
0.799567
0.800520
0.801564
0.802705
0.803947
0.805284
0.806705
0.808185
0.809689
0.811176
0.812605
0.813948
0.815194
0.816347
0.817423
0.818438
0.819409
0.820351
0.821271
0.822177
0.823071
0.823954
0.824826
0.825685
0.826528
0.827353
0.828156
0.828932
0.829679
0.830392
0.831068
0.831705
0.832301
0.832854
0.833365
0.833835
0.834264
0.834654
0.835008
0.835327
0.835613
0.835868
0.836093
0.836289
0.836458
0.836600
0.836715
0.836803
0.836865
0.836900
0.836909
0.836890
0.836845
