-0.973434
0.590144
0.588668
0.587302
0.586040
0.584878
0.583815
0.582845
0.581966
0.581174
0.580467
0.579843
0.579298
0.578831
0.578439
0.578120
0.577872
0.577694
0.577583
0.577539
0.577559
0.577643
0.577789
0.577996
0.578263
0.578589
0.578973
0.579414
0.579911
0.580464
0.581072
0.581735
0.582451
0.583221
0.584044
0.584921
0.585849
0.586830
0.587864
0.588949
0.590087
0.591276
0.592518
0.593812
0.595158
0.596557
0.598009
0.599514
0.601072
0.602684
0.604350
0.606071
0.607848
0.609680
0.611568
0.613514
0.615518
0.617580
0.619702
0.621884
0.624128
0.626434
0.628803
0.631237
0.633736
0.636303
0.638937
0.641641
0.644415
0.647262
