0.280624
0.278651
0.277461
0.276693
0.276176
0.275757
0.275360
0.274963
0.274566
0.274171
0.273783
0.273405
0.273040
0.272688
0.272351
0.272026
0.271714
0.271411
0.271118
0.270830
0.270548
0.270271
0.269999
0.269732
0.269474
0.269227
0.268995
0.268780
0.268586
0.268414
0.268264
0.268134
0.268022
0.267926
0.267841
0.267766
0.267697
0.267632
0.267569
0.267504
0.267436
0.267363
0.267281
0.267190
0.267089
0.266975
0.266851
0.266715
0.266570
0.266416
0.266255
0.266088
0.265913
0.265727
0.265527
0.265310
0.265075
0.264820
0.264546
0.264254
0.263943
0.263615
0.263266
0.262889
0.262476
0.262019
0.261514
0.260961
0.260363
0.259726
0.259056
0.258359
0.257640
0.256906
0.256162
0.255414
0.254665
0.253921
0.253184
0.252457
0.251743
0.251043
0.250358
0.249690
0.249039
0.248404
0.247785
0.247183
0.246596
0.246023
0.245464
0.244917
0.244382
0.243856
0.243341
0.242832
0.242331
0.241834
0.241342
0.240852
0.240362
0.239873
0.239383
0.238891
0.238397
0.237901
0.237402
0.236902
0.236400
0.235895
0.235389
0.234880
0.234369
0.233856
0.233338
0.232816
0.232287
0.231752
0.231209
0.230657
0.230085
0.229541
0.229040
0.228523
0.227988
0.227489
0.226906
0.226336
0.225892
0.225446
0.224966
0.224500
0.224050
0.223611
0.223188
0.222782
0.222395
0.222029
0.221686
0.221367
0.221073
0.220804
0.220558
0.220332
0.220125
0.219932
0.219753
0.219582
0.219420
0.219264
0.219111
0.218961
0.218814
0.218666
0.218519
0.218371
0.218221
0.218070
0.217916
0.217759
0.217599
0.217436
0.217267
0.217094
0.216915
0.216731
0.216539
0.216341
0.216135
0.215922
0.215700
0.215470
0.215231
0.214982
0.214723
0.214455
0.214176
0.213887
0.213587
0.213277
0.212956
0.212624
0.212280
0.211926
0.211562
0.211186
0.210801
0.210405
0.209998
0.209581
0.209155
0.208718
0.208272
0.207816
0.207352
0.206880
0.206400
0.205913
0.205420
0.204920
0.204414
0.203901
0.203382
0.202854
0.202318
0.201773
0.201221
0.200663
0.200101
0.199537
0.198974
0.198413
0.197855
0.197294
0.196725
0.196149
0.195571
0.194993
0.194415
0.193836
0.193249
0.192649
0.192033
0.191407
0.190777
0.190147
0.189518
0.188891
0.188265
0.187639
0.187013
0.186387
0.185759
0.185129
0.184498
0.183866
0.183233
0.182601
0.181969
0.181340
0.180713
0.180089
0.179469
0.178848
0.178460
0.177816
0.177005
0.176393
0.176958
0.176436
0.175613
0.175779
0.175491
0.175199
0.175020
0.174852
0.174671
0.174474
0.174268
0.174056
0.173842
0.173625
0.173409
0.173190
0.172974
0.172757
0.172542
0.172328
0.172116
0.171906
0.171700
0.171497
0.171298
0.171105
0.170917
0.170737
0.170564
0.170400
0.170245
0.170102
0.169970
0.169849
0.169738
0.169636
0.169538
0.169441
0.169341
0.169236
0.169127
0.169013
0.168896
0.168776
0.168652
0.168526
0.168397
0.168266
0.168132
0.167996
0.167859
0.167721
0.167721
0.167583
0.167447
0.167312
0.167180
0.167051
0.166927
0.166808
0.166696
0.166593
0.166502
0.166423
0.166355
0.166296
0.166243
0.166194
0.166148
0.166106
0.166067
0.166031
0.166000
0.165972
0.165949
0.165928
0.165913
0.165897
0.165888
0.165875
0.165873
0.165859
0.165867
0.165848
0.165870
0.165838
0.165883
0.165829
0.165906
0.165818
0.165943
0.165811
0.165996
0.165818
0.166065
0.165851
0.166141
0.165909
0.166215
0.165980
0.166287
0.166058
0.166364
0.166142
0.166453
0.166236
0.166568
0.166345
0.166716
0.166473
0.166904
0.166623
0.167140
0.166806
0.167418
0.167030
0.167701
0.167276
0.167940
0.167511
0.168128
0.167747
0.168304
0.168022
0.168519
0.168383
0.168810
0.168860
0.169251
0.169481
0.169894
0.170233
0.170643
0.170988
0.171357
0.171663
0.171989
0.172238
0.172518
0.172687
0.172923
0.172988
0.173190
0.173140
0.173330
0.173176
0.173378
0.173159
0.173372
0.173138
0.173315
0.173098
0.173197
0.173012
0.173034
0.172890
0.172860
0.172758
0.172708
0.172640
0.172591
0.172547
0.172513
0.172487
0.172471
0.172464
0.172467
0.172478
0.172497
0.172523
0.172555
0.172591
0.172630
0.172670
0.172710
0.172749
0.172786
0.172822
0.172857
0.172890
0.172922
0.172953
0.172984
0.173016
0.173048
0.173083
0.173119
0.173159
0.173202
0.173249
0.173300
0.173356
0.173417
0.173484
0.173557
0.173636
0.173721
0.173813
0.173910
0.174014
0.174123
0.174237
0.174355
0.174476
0.174599
0.174722
0.174845
0.174964
0.175078
0.175185
0.175283
0.175370
0.175443
0.175501
0.175543
0.175567
0.175573
0.175559
0.175526
0.175473
0.175401
0.175310
0.175200
0.175073
0.174930
0.174771
0.174598
0.174412
0.174215
0.174008
0.173792
0.173570
0.173343
0.173111
0.172878
0.172643
0.172408
0.172174
0.171943
0.171714
0.171490
0.171271
0.171058
0.170851
0.170651
0.170458
0.170273
0.170097
0.169929
0.169770
0.169620
0.169479
0.169347
0.169225
0.169113
0.169009
0.168915
0.168831
0.168755
0.168688
0.168629
0.168578
0.168535
0.168500
0.168471
0.168448
0.168431
0.168418
0.168410
0.168405
0.168403
0.168403
0.168403
0.168403
0.168402
0.168399
0.168394
0.168384
0.168369
0.168349
0.168323
0.168290
0.168249
0.168200
0.168142
0.168076
0.168002
0.167918
0.167826
0.167725
0.167616
0.167499
0.167375
0.167244
0.167107
0.166964
0.166816
0.166663
0.166506
0.166344
0.166177
0.166003
0.165820
0.165621
0.165387
0.165076
0.164557
0.163541
0.162528
0.162378
0.162320
0.162182
0.162024
0.161880
0.161758
0.161660
0.161587
0.161539
0.161518
0.161524
0.161555
0.161612
0.161694
0.161801
0.161932
0.162085
0.162259
0.162452
0.162664
0.162891
0.163131
0.163381
0.163639
0.163901
0.164162
0.164420
0.164669
0.164907
0.165129
0.165333
0.165515
0.165676
0.165812
0.165925
0.166015
0.166083
0.166130
0.166157
0.166167
0.166160
0.166140
0.166107
0.166107
0.166064
0.166012
0.165953
0.165888
0.165819
0.165748
0.165676
0.165603
0.165532
0.165462
0.165396
0.165334
0.165276
0.165224
0.165178
0.165139
0.165106
0.165081
0.165064
0.165056
0.165055
0.165064
0.165081
0.165107
0.165141
0.165185
0.165237
0.165297
0.165366
0.165443
0.165527
0.165619
0.165718
0.165823
0.165934
0.166050
0.166172
0.166298
0.166428
0.166561
0.166696
0.166834
0.166974
0.167114
0.167255
0.167396
0.167536
0.167676
0.167815
0.167952
0.168088
0.168222
0.168354
0.168484
0.168612
0.168738
0.168861
0.168983
0.169103
0.169221
0.169337
0.169452
0.169566
0.169678
0.169790
0.169900
0.170010
0.170120
0.170229
0.170339
0.170448
0.170558
0.170668
0.170778
0.170890
0.171002
0.171115
0.171229
0.171344
0.171460
0.171577
0.171695
0.171814
0.171935
0.172057
0.172180
0.172304
0.172429
0.172555
0.172682
0.172811
0.172940
0.173070
0.173202
0.173334
0.173466
0.173600
0.173734
0.173869
0.174004
0.174140
0.174277
0.174414
0.174552
0.174690
0.174828
0.174967
0.175107
0.175246
0.175387
0.175527
0.175668
0.175810
0.175951
0.176094
0.176236
0.176380
0.176523
0.176668
0.176812
0.176958
0.177104
0.177250
0.177398
0.177546
0.177694
0.177844
0.177994
0.178144
0.178296
0.178448
0.178602
0.178756
0.178911
0.179067
0.179223
0.179381
0.179540
0.179699
0.179860
0.180021
0.180184
0.180347
0.180511
0.180677
0.180844
0.181011
0.181180
0.181349
0.181520
0.181692
0.181865
0.182039
0.182214
0.182391
0.182568
0.182747
0.182927
0.183108
0.183290
0.183474
0.183659
0.183845
0.184033
0.184222
0.184413
0.184604
0.184798
0.184993
0.185189
0.185388
0.185588
0.185789
0.185993
0.186198
0.186405
0.186615
0.186826
0.187039
0.187255
0.187472
0.187692
0.187915
0.188139
0.188366
0.188596
0.188828
0.189063
0.189300
0.189540
0.189783
0.190028
0.190276
0.190527
0.190781
0.191037
0.191297
0.191559
0.191824
0.192092
0.192363
0.192636
0.192913
0.193192
0.193474
0.193759
0.194047
0.194338
0.194631
0.194927
0.195227
0.195528
0.195833
0.196141
0.196451
0.196764
0.197080
0.197398
0.197719
0.198043
0.198369
0.198698
0.199029
0.199363
0.199698
0.200036
0.200376
0.200717
0.201060
0.201404
0.201749
0.202096
0.202445
0.202798
0.203155
0.203520
0.203896
0.204288
0.204697
0.205126
0.205577
0.206047
0.206538
0.207046
0.207571
0.208112
0.208668
0.209239
0.209823
0.210420
0.211030
0.211651
0.212284
0.212927
0.213580
0.214243
0.214914
0.215594
0.216280
0.216974
0.217673
0.218378
0.219086
0.219797
0.220511
0.221225
0.221940
0.222655
0.223368
0.224079
0.224787
0.225493
0.226196
0.226895
0.227592
0.228285
0.228976
0.229664
0.230351
0.231036
0.231720
