-0.799557
-0.787714
-0.779874
-0.776458
-0.775526
-0.775650
-0.776168
-0.776808
-0.777450
-0.778036
-0.778538
-0.778944
-0.779250
-0.779460
-0.779582
-0.779622
-0.779586
-0.779479
-0.779300
-0.779046
-0.778714
-0.778296
-0.777791
-0.777198
-0.776527
-0.775795
-0.775030
-0.774268
-0.773545
-0.772898
-0.772356
-0.771940
-0.771661
-0.771529
-0.771548
-0.771723
-0.772058
-0.772563
-0.773245
-0.774116
-0.775184
-0.776458
-0.777940
-0.779628
-0.781511
-0.783566
-0.785763
-0.788054
-0.790377
-0.792662
-0.794835
-0.796834
-0.798616
-0.800156
-0.801447
-0.802492
-0.803300
-0.803888
-0.804276
-0.804490
-0.804559
-0.804516
-0.804392
-0.804217
-0.804011
-0.803782
-0.803525
-0.803233
-0.802898
-0.802514
-0.802079
-0.801596
-0.801067
-0.800498
-0.799894
-0.799262
-0.798607
-0.797937
-0.797258
-0.796576
-0.795897
-0.795228
-0.794573
-0.793939
-0.793329
-0.792748
-0.792198
-0.791684
-0.791206
-0.790767
-0.790367
-0.790005
-0.789681
-0.789393
-0.789140
-0.788920
-0.788729
-0.788565
-0.788427
-0.788312
-0.788220
-0.788152
-0.788108
-0.788085
-0.788080
-0.788091
-0.788116
-0.788155
-0.788205
-0.788265
-0.788333
-0.788404
-0.788477
-0.788548
-0.788614
-0.788671
-0.788714
-0.788739
-0.788745
-0.788727
-0.788673
-0.788644
-0.788641
-0.788675
-0.788610
-0.788631
-0.788593
-0.788516
-0.788541
-0.788582
-0.788557
-0.788507
-0.788436
-0.788334
-0.788198
-0.788031
-0.787830
-0.787598
-0.787340
-0.787059
-0.786763
-0.786456
-0.786142
-0.785824
-0.785504
-0.785183
-0.784862
-0.784540
-0.784218
-0.783896
-0.783573
-0.783250
-0.782928
-0.782605
-0.782282
-0.781960
-0.781639
-0.781318
-0.780999
-0.780682
-0.780366
-0.780052
-0.779740
-0.779432
-0.779126
-0.778823
-0.778523
-0.778227
-0.777935
-0.777646
-0.777361
-0.777080
-0.776803
-0.776530
-0.776261
-0.775996
-0.775735
-0.775477
-0.775223
-0.774972
-0.774725
-0.774481
-0.774240
-0.774002
-0.773767
-0.773534
-0.773303
-0.773075
-0.772849
-0.772625
-0.772403
-0.772182
-0.771964
-0.771747
-0.771532
-0.771319
-0.771108
-0.770898
-0.770690
-0.770483
-0.770278
-0.770074
-0.769873
-0.769673
-0.769476
-0.769282
-0.769091
-0.768904
-0.768719
-0.768537
-0.768358
-0.768180
-0.768004
-0.767831
-0.767662
-0.767498
-0.767337
-0.767180
-0.767025
-0.766874
-0.766725
-0.766580
-0.766438
-0.766297
-0.766158
-0.766018
-0.765879
-0.765740
-0.765600
-0.765461
-0.765323
-0.765185
-0.765048
-0.764912
-0.764779
-0.764647
-0.764519
-0.764394
-0.764272
-0.764156
-0.764045
-0.763940
-0.763841
-0.763743
-0.763693
-0.763720
-0.763470
-0.763398
-0.763716
-0.763991
-0.763729
-0.763661
-0.763514
-0.763432
-0.763528
-0.763634
-0.763701
-0.763733
-0.763739
-0.763728
-0.763706
-0.763673
-0.763633
-0.763586
-0.763534
-0.763476
-0.763414
-0.763347
-0.763276
-0.763201
-0.763123
-0.763043
-0.762959
-0.762873
-0.762785
-0.762695
-0.762604
-0.762511
-0.762417
-0.762320
-0.762221
-0.762118
-0.762008
-0.761888
-0.761755
-0.761604
-0.761432
-0.761236
-0.761015
-0.760766
-0.760489
-0.760180
-0.759838
-0.759460
-0.759043
-0.758582
-0.758072
-0.757510
-0.756889
-0.756205
-0.756205
-0.755454
-0.754629
-0.753725
-0.752736
-0.751655
-0.750476
-0.749193
-0.747809
-0.746337
-0.744806
-0.743261
-0.741753
-0.740330
-0.739022
-0.737849
-0.736824
-0.735962
-0.735281
-0.734798
-0.734533
-0.734501
-0.734717
-0.735187
-0.735920
-0.736910
-0.738165
-0.739664
-0.741419
-0.743387
-0.745594
-0.747960
-0.750551
-0.753218
-0.756112
-0.758970
-0.762096
-0.765033
-0.768336
-0.771255
-0.774700
-0.777538
-0.781092
-0.783832
-0.787444
-0.790113
-0.793737
-0.796392
-0.800020
-0.802704
-0.806330
-0.809056
-0.812686
-0.815466
-0.819123
-0.821967
-0.825646
-0.828548
-0.832211
-0.835119
-0.838656
-0.841469
-0.844663
-0.847273
-0.849836
-0.852146
-0.853878
-0.855820
-0.856738
-0.858319
-0.858586
-0.859861
-0.859698
-0.860730
-0.860367
-0.861190
-0.860915
-0.861546
-0.861537
-0.862041
-0.862244
-0.862734
-0.863153
-0.863812
-0.864510
-0.865435
-0.866393
-0.867582
-0.868736
-0.870184
-0.871453
-0.873179
-0.874474
-0.876535
-0.877775
-0.880219
-0.881346
-0.884128
-0.885160
-0.888094
-0.889176
-0.892062
-0.893361
-0.896096
-0.897696
-0.900251
-0.902142
-0.904543
-0.906643
-0.908954
-0.911166
-0.913447
-0.915708
-0.917989
-0.920271
-0.922558
-0.924845
-0.927133
-0.929417
-0.931695
-0.933966
-0.936226
-0.938475
-0.940710
-0.942930
-0.945135
-0.947322
-0.949492
-0.951642
-0.953773
-0.955883
-0.957972
-0.960038
-0.962082
-0.964102
-0.966099
-0.968070
-0.970016
-0.971937
-0.973833
-0.975702
-0.977546
-0.979364
-0.981157
-0.982924
-0.984667
-0.986386
-0.988080
-0.989752
-0.991400
-0.993026
-0.994630
-0.996213
-0.997775
-0.999316
-1.000838
-1.002340
-1.003824
-1.005289
-1.006737
-1.008168
-1.009582
-1.010981
-1.012364
-1.013733
-1.015088
-1.016429
-1.017756
-1.019071
-1.020373
-1.021663
-1.022941
-1.024206
-1.025460
-1.026702
-1.027931
-1.029148
-1.030354
-1.031546
-1.032727
-1.033895
-1.035050
-1.036193
-1.037322
-1.038439
-1.039543
-1.040634
-1.041713
-1.042779
-1.043833
-1.044875
-1.045904
-1.046923
-1.047929
-1.048925
-1.049910
-1.050885
-1.051849
-1.052804
-1.053749
-1.054684
-1.055611
-1.056528
-1.057436
-1.058336
-1.059228
-1.060111
-1.060987
-1.061854
-1.062713
-1.063564
-1.064408
-1.065244
-1.066072
-1.066893
-1.067706
-1.068512
-1.069310
-1.070101
-1.070885
-1.071661
-1.072430
-1.073192
-1.073946
-1.074694
-1.075434
-1.076168
-1.076894
-1.077614
-1.078327
-1.079033
-1.079732
-1.080425
-1.081112
-1.081792
-1.082466
-1.083134
-1.083795
-1.084450
-1.085099
-1.085743
-1.086380
-1.087010
-1.087635
-1.088254
-1.088867
-1.089473
-1.090073
-1.090666
-1.091253
-1.091834
-1.092406
-1.092971
-1.093523
-1.094053
-1.094528
-1.094901
-1.095648
-1.096760
-1.097177
-1.097544
-1.097989
-1.098458
-1.098934
-1.099422
-1.099921
-1.100425
-1.100931
-1.101435
-1.101939
-1.102442
-1.102946
-1.103451
-1.103956
-1.104464
-1.104974
-1.105488
-1.106006
-1.106529
-1.107059
-1.107597
-1.108143
-1.108700
-1.109268
-1.109850
-1.110445
-1.111057
-1.111685
-1.112332
-1.112998
-1.113685
-1.114392
-1.115120
-1.115870
-1.116640
-1.117430
-1.118239
-1.119067
-1.119911
-1.120772
-1.120772
-1.121646
-1.122535
-1.123435
-1.124345
-1.125264
-1.126191
-1.127125
-1.128063
-1.129006
-1.129951
-1.130898
-1.131845
-1.132792
-1.133738
-1.134682
-1.135624
-1.136562
-1.137496
-1.138426
-1.139350
-1.140270
-1.141183
-1.142091
-1.142992
-1.143887
-1.144774
-1.145655
-1.146529
-1.147396
-1.148256
-1.149109
-1.149955
-1.150794
-1.151627
-1.152453
-1.153273
-1.154086
-1.154894
-1.155697
-1.156494
-1.157286
-1.158073
-1.158856
-1.159634
-1.160409
-1.161180
-1.161948
-1.162712
-1.163474
-1.164232
-1.164988
-1.165741
-1.166491
-1.167239
-1.167984
-1.168726
-1.169465
-1.170201
-1.170934
-1.171664
-1.172391
-1.173114
-1.173833
-1.174548
-1.175259
-1.175966
-1.176668
-1.177365
-1.178057
-1.178743
-1.179425
-1.180100
-1.180770
-1.181434
-1.182092
-1.182743
-1.183388
-1.184027
-1.184659
-1.185284
-1.185903
-1.186515
-1.187120
-1.187718
-1.188309
-1.188893
-1.189470
-1.190040
-1.190603
-1.191159
-1.191708
-1.192250
-1.192786
-1.193314
-1.193836
-1.194351
-1.194859
-1.195361
-1.195856
-1.196344
-1.196826
-1.197302
-1.197771
-1.198234
-1.198690
-1.199141
-1.199585
-1.200023
-1.200455
-1.200882
-1.201302
-1.201717
-1.202126
-1.202529
-1.202927
-1.203319
-1.203705
-1.204087
-1.204463
-1.204834
-1.205200
-1.205560
-1.205916
-1.206267
-1.206613
-1.206955
-1.207292
-1.207624
-1.207952
-1.208275
-1.208594
-1.208910
-1.209221
-1.209528
-1.209831
-1.210130
-1.210426
-1.210718
-1.211006
-1.211292
-1.211573
-1.211852
-1.212127
-1.212400
-1.212669
-1.212935
-1.213199
-1.213460
-1.213718
-1.213974
-1.214227
-1.214478
-1.214726
-1.214972
-1.215216
-1.215458
-1.215697
-1.215935
-1.216171
-1.216404
-1.216636
-1.216866
-1.217095
-1.217321
-1.217546
-1.217770
-1.217991
-1.218212
-1.218430
-1.218647
-1.218863
-1.219078
-1.219290
-1.219502
-1.219712
-1.219921
-1.220129
-1.220335
-1.220540
-1.220744
-1.220946
-1.221148
-1.221348
-1.221547
-1.221745
-1.221941
-1.222137
-1.222331
-1.222525
-1.222717
-1.222908
-1.223099
-1.223288
-1.223477
-1.223665
-1.223852
-1.224039
-1.224224
-1.224409
-1.224594
-1.224778
-1.224962
-1.225145
-1.225328
-1.225511
-1.225694
-1.225876
-1.226059
-1.226241
-1.226424
-1.226607
-1.226789
-1.226972
-1.227156
-1.227340
-1.227524
-1.227708
-1.227893
-1.228079
-1.228266
-1.228453
-1.228641
-1.228830
-1.229020
-1.229211
-1.229404
-1.229598
-1.229794
-1.229992
-1.230192
-1.230394
-1.230600
-1.230808
-1.231020
-1.231234
-1.231451
-1.231668
-1.231883
-1.232094
-1.232295
-1.232485
-1.232662
-1.232828
-1.232982
-1.233129
-1.233270
-1.233405
-1.233537
-1.233665
-1.233789
-1.233912
-1.234032
-1.234151
-1.234270
-1.234389
-1.234510
-1.234633
-1.234759
-1.234887
-1.235020
-1.235157
-1.235299
-1.235447
-1.235601
-1.235761
-1.235928
-1.236102
-1.236284
-1.236475
-1.236673
-1.236880
-1.237096
-1.237321
-1.237553
-1.237794
-1.238043
-1.238300
-1.238564
-1.238835
-1.239112
-1.239395
