0.824265
0.869586
0.895626
0.903045
0.902346
0.900022
0.898015
0.896512
0.895307
0.894191
0.893009
0.891656
0.890055
0.888147
0.885885
0.883229
0.880143
0.876598
0.872569
0.868039
0.862991
0.857419
0.851320
0.844700
0.837572
0.829961
0.821902
0.813448
0.804664
0.795626
0.786415
0.777105
0.767766
0.758457
0.749235
0.740154
0.731266
0.722621
0.714262
0.706221
0.698520
0.691167
0.684161
0.677487
0.671127
0.665056
0.659253
0.653704
0.648410
0.643383
0.638641
0.634194
0.630031
0.626126
0.622448
0.618958
0.615607
0.612333
0.609053
0.605651
0.601977
0.597834
0.593007
0.587339
0.580827
0.573658
0.566145
0.558617
0.551334
0.544459
0.538061
0.532148
0.526692
0.521646
0.516958
0.512577
0.508458
0.504560
0.500847
0.497291
0.493864
0.490548
0.487323
0.484175
0.481092
0.478064
0.475082
0.472139
0.469229
0.466346
0.463487
0.460646
0.457820
0.455006
0.452199
0.449396
0.446594
0.443789
0.440978
0.438163
0.435346
0.432536
0.429742
0.426969
0.424218
0.421487
0.418777
0.416088
0.413422
0.410778
0.408155
0.405549
0.402955
0.400365
0.397770
0.395155
0.392505
0.389808
0.387065
0.384255
0.381269
0.378651
0.376604
0.374359
0.372220
0.370213
0.367467
0.365055
0.363543
0.362015
0.360308
0.358692
0.357174
0.355726
0.354364
0.353091
0.351900
0.350787
0.349744
0.348765
0.347841
0.346961
0.346112
0.345281
0.344456
0.343623
0.342771
0.341888
0.340965
0.339993
0.338964
0.337874
0.336717
0.335491
0.334193
0.332821
0.331376
0.329859
0.328269
0.326610
0.324883
0.323089
0.321234
0.319319
0.317349
0.315329
0.313265
0.311163
0.309029
0.306870
0.304692
0.302504
0.300312
0.298122
0.295943
0.293780
0.291640
0.289529
0.287452
0.285415
0.283420
0.281472
0.279574
0.277730
0.275942
0.274211
0.272538
0.270925
0.269370
0.267874
0.266436
0.265056
0.263732
0.262465
0.261253
0.260094
0.258989
0.257935
0.256931
0.255974
0.255063
0.254194
0.253363
0.252567
0.251802
0.251067
0.250362
0.249688
0.249046
0.248435
0.247856
0.247309
0.246791
0.246291
0.245800
0.245320
0.244855
0.244405
0.243970
0.243542
0.243114
0.242676
0.242225
0.241767
0.241307
0.240849
0.240390
0.239928
0.239460
0.238982
0.238487
0.237972
0.237429
0.236854
0.236244
0.235598
0.234917
0.234205
0.233463
0.232697
0.231909
0.231104
0.230293
0.229510
0.230043
0.228515
0.227408
0.226613
0.231038
0.227524
0.226105
0.230063
0.232181
0.233637
0.234870
0.235922
0.236794
0.237515
0.238089
0.238536
0.238857
0.239068
0.239168
0.239171
0.239077
0.238899
0.238635
0.238299
0.237889
0.237418
0.236884
0.236300
0.235663
0.234987
0.234268
0.233517
0.232733
0.231924
0.231089
0.230231
0.229352
0.228453
0.227534
0.226594
0.225630
0.224639
0.223617
0.222562
0.221477
0.220363
0.219223
0.218059
0.216874
0.215669
0.214446
0.213207
0.211954
0.210689
0.209413
0.208128
0.208128
0.206837
0.205542
0.204243
0.202944
0.201645
0.200348
0.199054
0.197765
0.196480
0.195198
0.193913
0.192620
0.191311
0.189982
0.188632
0.187263
0.185877
0.184477
0.183065
0.181644
0.180216
0.178782
0.177344
0.175904
0.174461
0.173020
0.171576
0.170139
0.168697
0.167270
0.165832
0.164419
0.162983
0.161590
0.160155
0.158785
0.157345
0.156004
0.154556
0.153241
0.151784
0.150485
0.149017
0.147706
0.146220
0.144860
0.143334
0.141898
0.140300
0.138762
0.137055
0.135378
0.133514
0.131646
0.129559
0.127430
0.125039
0.122558
0.119777
0.116836
0.113587
0.110094
0.106347
0.102277
0.098048
0.093410
0.088762
0.083547
0.078571
0.072833
0.067577
0.061486
0.055961
0.049761
0.044024
0.037930
0.032168
0.026333
0.020750
0.015232
0.009899
0.004658
-0.000447
-0.005462
-0.010368
-0.015190
-0.019934
-0.024590
-0.029217
-0.033724
-0.038294
-0.042658
-0.047229
-0.051462
-0.056063
-0.060206
-0.064816
-0.068934
-0.073507
-0.077656
-0.082158
-0.086363
-0.090784
-0.095038
-0.099387
-0.103660
-0.107954
-0.112214
-0.116461
-0.120683
-0.124881
-0.129050
-0.133187
-0.137290
-0.141354
-0.145377
-0.149355
-0.153284
-0.157163
-0.160988
-0.164758
-0.168472
-0.172129
-0.175728
-0.179269
-0.182753
-0.186179
-0.189548
-0.192861
-0.196118
-0.199319
-0.202465
-0.205556
-0.208593
-0.211576
-0.214504
-0.217379
-0.220200
-0.222968
-0.225682
-0.228342
-0.230950
-0.233504
-0.236005
-0.238454
-0.240851
-0.243197
-0.245491
-0.247736
-0.249933
-0.252083
-0.254189
-0.256252
-0.258276
-0.260265
-0.262221
-0.264150
-0.266056
-0.267944
-0.269819
-0.271685
-0.273548
-0.275411
-0.277279
-0.279155
-0.281043
-0.282944
-0.284861
-0.286796
-0.288749
-0.290722
-0.292715
-0.294728
-0.296760
-0.298812
-0.300883
-0.302971
-0.305076
-0.307196
-0.309330
-0.311478
-0.313637
-0.315806
-0.317985
-0.320171
-0.322363
-0.324560
-0.326760
-0.328962
-0.331166
-0.333369
-0.335570
-0.337769
-0.339963
-0.342152
-0.344334
-0.346508
-0.348673
-0.350827
-0.352970
-0.355100
-0.357217
-0.359319
-0.361405
-0.363474
-0.365526
-0.367560
-0.369575
-0.371569
-0.373544
-0.375498
-0.377431
-0.379343
-0.381233
-0.383103
-0.384951
-0.386778
-0.388584
-0.390370
-0.392137
-0.393885
-0.395615
-0.397328
-0.399026
-0.400708
-0.402376
-0.404033
-0.405677
-0.407312
-0.408937
-0.410555
-0.412166
-0.413772
-0.415372
-0.416969
-0.418563
-0.420154
-0.421744
-0.423332
-0.424920
-0.426507
-0.428095
-0.429682
-0.431270
-0.432859
-0.434449
-0.436040
-0.437632
-0.439226
-0.440823
-0.442424
-0.444031
-0.445647
-0.447273
-0.448884
-0.450611
-0.452626
-0.454691
-0.456739
-0.458771
-0.460793
-0.462805
-0.464802
-0.466780
-0.468734
-0.470659
-0.472552
-0.474409
-0.476225
-0.477999
-0.479727
-0.481407
-0.483036
-0.484613
-0.486137
-0.487607
-0.489022
-0.490384
-0.491691
-0.492948
-0.494154
-0.495315
-0.496432
-0.497511
-0.498557
-0.499574
-0.500568
-0.501544
-0.502507
-0.503462
-0.504411
-0.505360
-0.506310
-0.507264
-0.508224
-0.509190
-0.510165
-0.511148
-0.512140
-0.512140
-0.513141
-0.514152
-0.515171
-0.516200
-0.517237
-0.518281
-0.519334
-0.520393
-0.521458
-0.522528
-0.523602
-0.524680
-0.525761
-0.526843
-0.527925
-0.529008
-0.530088
-0.531166
-0.532241
-0.533310
-0.534374
-0.535431
-0.536481
-0.537521
-0.538552
-0.539573
-0.540583
-0.541580
-0.542565
-0.543537
-0.544495
-0.545439
-0.546369
-0.547284
-0.548185
-0.549071
-0.549943
-0.550801
-0.551644
-0.552474
-0.553290
-0.554094
-0.554886
-0.555666
-0.556435
-0.557194
-0.557943
-0.558684
-0.559416
-0.560140
-0.560858
-0.561569
-0.562275
-0.562975
-0.563671
-0.564363
-0.565050
-0.565734
-0.566415
-0.567093
-0.567769
-0.568441
-0.569112
-0.569780
-0.570446
-0.571110
-0.571771
-0.572431
-0.573088
-0.573743
-0.574396
-0.575046
-0.575694
-0.576339
-0.576982
-0.577622
-0.578259
-0.578893
-0.579525
-0.580153
-0.580779
-0.581401
-0.582020
-0.582636
-0.583248
-0.583858
-0.584464
-0.585067
-0.585666
-0.586263
-0.586857
-0.587447
-0.588035
-0.588620
-0.589201
-0.589781
-0.590357
-0.590931
-0.591503
-0.592072
-0.592639
-0.593204
-0.593767
-0.594328
-0.594888
-0.595445
-0.596001
-0.596556
-0.597109
-0.597661
-0.598212
-0.598761
-0.599310
-0.599857
-0.600403
-0.600949
-0.601494
-0.602038
-0.602581
-0.603123
-0.603665
-0.604206
-0.604747
-0.605287
-0.605827
-0.606366
-0.606905
-0.607443
-0.607981
-0.608518
-0.609055
-0.609592
-0.610129
-0.610665
-0.611200
-0.611736
-0.612271
-0.612806
-0.613341
-0.613876
-0.614410
-0.614944
-0.615479
-0.616013
-0.616547
-0.617081
-0.617615
-0.618149
-0.618683
-0.619217
-0.619752
-0.620286
-0.620821
-0.621356
-0.621891
-0.622427
-0.622962
-0.623499
-0.624035
-0.624572
-0.625109
-0.625647
-0.626185
-0.626724
-0.627263
-0.627802
-0.628342
-0.628883
-0.629424
-0.629965
-0.630507
-0.631050
-0.631593
-0.632136
-0.632680
-0.633224
-0.633768
-0.634313
-0.634858
-0.635402
-0.635947
-0.636493
-0.637038
-0.637583
-0.638127
-0.638672
-0.639216
-0.639760
-0.640303
-0.640846
-0.641389
-0.641930
-0.642472
-0.643012
-0.643552
-0.644091
-0.644629
-0.645166
-0.645703
-0.646238
-0.646773
-0.647307
-0.647841
-0.648374
-0.648906
-0.649437
-0.649968
-0.650499
-0.651029
-0.651559
-0.652089
-0.652619
-0.653149
-0.653679
-0.654209
-0.654740
-0.655272
-0.655805
-0.656338
-0.656874
-0.657411
-0.657950
-0.658492
-0.659036
-0.659584
-0.660136
-0.660693
-0.661255
-0.661823
-0.662399
-0.662983
-0.663577
-0.664181
-0.664796
-0.665422
-0.666058
-0.666702
-0.667351
-0.668002
-0.668649
-0.669289
-0.669918
-0.670532
-0.671129
-0.671709
-0.672271
-0.672814
-0.673337
-0.673843
-0.674330
-0.674800
-0.675254
-0.675692
-0.676115
-0.676523
-0.676918
-0.677299
-0.677668
-0.678024
-0.678369
-0.678702
-0.679025
-0.679338
-0.679642
-0.679939
-0.680229
-0.680514
-0.680796
-0.681075
-0.681354
-0.681634
-0.681916
-0.682202
-0.682493
-0.682790
-0.683094
-0.683406
-0.683727
-0.684058
-0.684398
-0.684748
