-0.385266
-0.363882
-0.343769
-0.333899
-0.330867
-0.330588
-0.331243
-0.332270
-0.333547
-0.335073
-0.336877
-0.338991
-0.341446
-0.344271
-0.347490
-0.351127
-0.355200
-0.359726
-0.364717
-0.370180
-0.376120
-0.382537
-0.389425
-0.396775
-0.404570
-0.412785
-0.421384
-0.430321
-0.439537
-0.448962
-0.458522
-0.468147
-0.477769
-0.487328
-0.496766
-0.506029
-0.515065
-0.523828
-0.532280
-0.540396
-0.548162
-0.555578
-0.562654
-0.569407
-0.575863
-0.582046
-0.587977
-0.593667
-0.599111
-0.604292
-0.609187
-0.613784
-0.618096
-0.622152
-0.625991
-0.629659
-0.633209
-0.636711
-0.640248
-0.643935
-0.647916
-0.652379
-0.657527
-0.663504
-0.670303
-0.677732
-0.685477
-0.693211
-0.700678
-0.707722
-0.714278
-0.720342
-0.725944
-0.731132
-0.735959
-0.740476
-0.744729
-0.748759
-0.752601
-0.756283
-0.759832
-0.763268
-0.766609
-0.769869
-0.773060
-0.776194
-0.779277
-0.782319
-0.785323
-0.788297
-0.791244
-0.794169
-0.797074
-0.799964
-0.802841
-0.805709
-0.808571
-0.811430
-0.814288
-0.817145
-0.819997
-0.822839
-0.825665
-0.828470
-0.831253
-0.834015
-0.836757
-0.839477
-0.842174
-0.844850
-0.847506
-0.850144
-0.852770
-0.855388
-0.858007
-0.860638
-0.863294
-0.865984
-0.868709
-0.871485
-0.874389
-0.876996
-0.879197
-0.881519
-0.883804
-0.885916
-0.888550
-0.890921
-0.892565
-0.894234
-0.896061
-0.897809
-0.899468
-0.901062
-0.902577
-0.904005
-0.905351
-0.906618
-0.907810
-0.908933
-0.909996
-0.911011
-0.911991
-0.912949
-0.913898
-0.914852
-0.915823
-0.916822
-0.917860
-0.918944
-0.920084
-0.921283
-0.922549
-0.923884
-0.925291
-0.926772
-0.928327
-0.929958
-0.931664
-0.933443
-0.935295
-0.937218
-0.939210
-0.941267
-0.943388
-0.945566
-0.947799
-0.950080
-0.952404
-0.954765
-0.957156
-0.959570
-0.962003
-0.964446
-0.966893
-0.969338
-0.971774
-0.974196
-0.976598
-0.978976
-0.981325
-0.983641
-0.985920
-0.988159
-0.990355
-0.992506
-0.994610
-0.996666
-0.998674
-1.000634
-1.002545
-1.004407
-1.006221
-1.007986
-1.009704
-1.011373
-1.012996
-1.014572
-1.016104
-1.017592
-1.019039
-1.020446
-1.021818
-1.023158
-1.024469
-1.025751
-1.027005
-1.028229
-1.029422
-1.030585
-1.031715
-1.032814
-1.033883
-1.034933
-1.035973
-1.037002
-1.038015
-1.039012
-1.039994
-1.040968
-1.041942
-1.042927
-1.043925
-1.044932
-1.045942
-1.046954
-1.047968
-1.048988
-1.050019
-1.051064
-1.052130
-1.053222
-1.054348
-1.055512
-1.056717
-1.057967
-1.059261
-1.060598
-1.061976
-1.063395
-1.064853
-1.066346
-1.067867
-1.069370
-1.069647
-1.072068
-1.073706
-1.075297
-1.072395
-1.076167
-1.078001
-1.075204
-1.074028
-1.073458
-1.073065
-1.072812
-1.072684
-1.072665
-1.072744
-1.072913
-1.073163
-1.073493
-1.073894
-1.074365
-1.074899
-1.075496
-1.076148
-1.076854
-1.077611
-1.078414
-1.079261
-1.080147
-1.081073
-1.082031
-1.083023
-1.084043
-1.085093
-1.086170
-1.087274
-1.088404
-1.089563
-1.090751
-1.091970
-1.093220
-1.094506
-1.095829
-1.097192
-1.098593
-1.100031
-1.101501
-1.103002
-1.104531
-1.106085
-1.107664
-1.109264
-1.110886
-1.112526
-1.114185
-1.115861
-1.117552
-1.117552
-1.119256
-1.120971
-1.122697
-1.124431
-1.126173
-1.127920
-1.129672
-1.131427
-1.133184
-1.134944
-1.136708
-1.138480
-1.140263
-1.142060
-1.143870
-1.145692
-1.147523
-1.149361
-1.151203
-1.153048
-1.154894
-1.156739
-1.158583
-1.160425
-1.162264
-1.164097
-1.165928
-1.167750
-1.169572
-1.171379
-1.173191
-1.174980
-1.176782
-1.178552
-1.180347
-1.182093
-1.183885
-1.185607
-1.187398
-1.189096
-1.190890
-1.192571
-1.194368
-1.196052
-1.197858
-1.199567
-1.201393
-1.203145
-1.205009
-1.206818
-1.208738
-1.210621
-1.212618
-1.214597
-1.216698
-1.218795
-1.221025
-1.223258
-1.225626
-1.227991
-1.230472
-1.232916
-1.235434
-1.237847
-1.240303
-1.242610
-1.244916
-1.247115
-1.249198
-1.251284
-1.253111
-1.255023
-1.256596
-1.258231
-1.259555
-1.260853
-1.261924
-1.262919
-1.263773
-1.264562
-1.265274
-1.265938
-1.266552
-1.267123
-1.267659
-1.268149
-1.268622
-1.269038
-1.269470
-1.269808
-1.270230
-1.270478
-1.270923
-1.271069
-1.271555
-1.271616
-1.272124
-1.272155
-1.272644
-1.272701
-1.273133
-1.273243
-1.273602
-1.273766
-1.274056
-1.274255
-1.274498
-1.274708
-1.274925
-1.275131
-1.275332
-1.275527
-1.275717
-1.275900
-1.276077
-1.276248
-1.276413
-1.276572
-1.276726
-1.276874
-1.277017
-1.277155
-1.277288
-1.277417
-1.277542
-1.277661
-1.277775
-1.277883
-1.277984
-1.278078
-1.278164
-1.278242
-1.278310
-1.278368
-1.278414
-1.278448
-1.278468
-1.278473
-1.278462
-1.278434
-1.278387
-1.278320
-1.278232
-1.278122
-1.277988
-1.277832
-1.277651
-1.277445
-1.277215
-1.276961
-1.276685
-1.276388
-1.276073
-1.275742
-1.275399
-1.275049
-1.274698
-1.274349
-1.274010
-1.273686
-1.273382
-1.273103
-1.272856
-1.272644
-1.272470
-1.272338
-1.272251
-1.272209
-1.272214
-1.272267
-1.272367
-1.272513
-1.272705
-1.272940
-1.273217
-1.273534
-1.273887
-1.274275
-1.274693
-1.275139
-1.275609
-1.276100
-1.276609
-1.277132
-1.277666
-1.278209
-1.278758
-1.279309
-1.279859
-1.280408
-1.280951
-1.281488
-1.282015
-1.282532
-1.283036
-1.283526
-1.284001
-1.284459
-1.284899
-1.285320
-1.285722
-1.286103
-1.286463
-1.286802
-1.287120
-1.287416
-1.287689
-1.287942
-1.288172
-1.288382
-1.288571
-1.288740
-1.288889
-1.289021
-1.289135
-1.289232
-1.289316
-1.289385
-1.289443
-1.289491
-1.289531
-1.289565
-1.289594
-1.289622
-1.289649
-1.289678
-1.289712
-1.289751
-1.289798
-1.289855
-1.289923
-1.290004
-1.290098
-1.290206
-1.290330
-1.290469
-1.290625
-1.290796
-1.290984
-1.291187
-1.291406
-1.291640
-1.291889
-1.292151
-1.292428
-1.292718
-1.293023
-1.293343
-1.293680
-1.294041
-1.294436
-1.294890
-1.295466
-1.296337
-1.297888
-1.299647
-1.300601
-1.301323
-1.302033
-1.302747
-1.303445
-1.304114
-1.304743
-1.305328
-1.305863
-1.306344
-1.306768
-1.307133
-1.307437
-1.307679
-1.307859
-1.307978
-1.308035
-1.308033
-1.307973
-1.307857
-1.307689
-1.307471
-1.307209
-1.306907
-1.306570
-1.306207
-1.305823
-1.305427
-1.305026
-1.304630
-1.304245
-1.303878
-1.303535
-1.303222
-1.302940
-1.302694
-1.302484
-1.302310
-1.302174
-1.302073
-1.302008
-1.301977
-1.301979
-1.301979
-1.302011
-1.302071
-1.302159
-1.302271
-1.302406
-1.302562
-1.302736
-1.302926
-1.303131
-1.303348
-1.303576
-1.303813
-1.304056
-1.304304
-1.304556
-1.304808
-1.305061
-1.305312
-1.305561
-1.305804
-1.306042
-1.306274
-1.306497
-1.306711
-1.306916
-1.307110
-1.307293
-1.307464
-1.307624
-1.307771
-1.307906
-1.308028
-1.308139
-1.308237
-1.308325
-1.308401
-1.308467
-1.308523
-1.308571
-1.308612
-1.308645
-1.308673
-1.308696
-1.308715
-1.308732
-1.308748
-1.308763
-1.308779
-1.308797
-1.308817
-1.308840
-1.308868
-1.308900
-1.308938
-1.308981
-1.309030
-1.309086
-1.309149
-1.309219
-1.309296
-1.309379
-1.309470
-1.309567
-1.309672
-1.309782
-1.309899
-1.310022
-1.310151
-1.310285
-1.310425
-1.310569
-1.310718
-1.310871
-1.311028
-1.311188
-1.311352
-1.311519
-1.311689
-1.311861
-1.312036
-1.312213
-1.312392
-1.312573
-1.312756
-1.312941
-1.313127
-1.313315
-1.313504
-1.313695
-1.313888
-1.314082
-1.314278
-1.314476
-1.314675
-1.314876
-1.315080
-1.315285
-1.315492
-1.315702
-1.315914
-1.316129
-1.316346
-1.316566
-1.316789
-1.317014
-1.317242
-1.317474
-1.317708
-1.317946
-1.318187
-1.318431
-1.318678
-1.318928
-1.319182
-1.319439
-1.319700
-1.319964
-1.320231
-1.320502
-1.320775
-1.321053
-1.321333
-1.321617
-1.321904
-1.322194
-1.322487
-1.322784
-1.323083
-1.323386
-1.323691
-1.324000
-1.324312
-1.324626
-1.324944
-1.325264
-1.325588
-1.325914
-1.326243
-1.326575
-1.326909
-1.327247
-1.327587
-1.327930
-1.328276
-1.328625
-1.328977
-1.329331
-1.329688
-1.330048
-1.330411
-1.330777
-1.331146
-1.331517
-1.331891
-1.332269
-1.332649
-1.333032
-1.333418
-1.333807
-1.334199
-1.334593
-1.334991
-1.335392
-1.335795
-1.336201
-1.336611
-1.337023
-1.337438
-1.337855
-1.338276
-1.338699
-1.339125
-1.339553
-1.339984
-1.340417
-1.340853
-1.341291
-1.341731
-1.342173
-1.342618
-1.343064
-1.343512
-1.343961
-1.344413
-1.344865
-1.345319
-1.345775
-1.346232
-1.346689
-1.347148
-1.347608
-1.348068
-1.348530
-1.348992
-1.349455
-1.349919
-1.350384
-1.350849
-1.351316
-1.351783
-1.352250
-1.352719
-1.353189
-1.353660
-1.354132
-1.354605
-1.355080
-1.355556
-1.356034
-1.356514
-1.356996
-1.357480
-1.357966
-1.358455
-1.358947
-1.359442
-1.359940
-1.360442
-1.360949
-1.361460
-1.361975
-1.362497
-1.363025
-1.363559
-1.364101
-1.364652
-1.365212
-1.365784
-1.366367
-1.366963
-1.367575
-1.368202
-1.368846
-1.369506
-1.370181
-1.370868
-1.371562
-1.372257
-1.372946
-1.373622
-1.374281
-1.374920
-1.375537
-1.376132
-1.376704
-1.377255
-1.377784
-1.378293
-1.378784
-1.379256
-1.379713
-1.380154
-1.380582
-1.380999
-1.381404
-1.381800
-1.382188
-1.382568
-1.382942
-1.383311
-1.383676
-1.384038
-1.384398
-1.384759
-1.385123
-1.385490
-1.385863
-1.386244
-1.386634
-1.387034
-1.387448
-1.387874
-1.388315
-1.388771
-1.389243
-1.389729
-1.390231
-1.390748
-1.391278
-1.391823
-1.392379
