-0.165942
-0.574251
-0.571643
-0.570987
-0.570746
-0.570621
-0.570550
-0.570517
-0.570514
-0.570537
-0.570583
-0.570648
-0.570731
-0.570828
-0.570939
-0.571061
-0.571193
-0.571333
-0.571481
-0.571636
-0.571796
-0.571961
-0.572129
-0.572301
-0.572476
-0.572653
-0.572831
-0.573010
-0.573190
-0.573371
-0.573551
-0.573731
-0.573910
-0.574089
-0.574267
-0.574443
-0.574618
-0.574792
-0.574964
-0.575134
-0.575302
-0.575469
-0.575633
-0.575796
-0.575957
-0.576115
-0.576272
-0.576426
-0.576579
-0.576729
-0.576878
-0.577024
-0.577169
-0.577312
-0.577453
-0.577592
-0.577729
-0.577864
-0.577998
-0.578130
-0.578261
-0.578390
-0.578518
-0.578644
-0.578769
-0.578893
-0.579015
-0.579136
-0.579257
-0.579376
-0.579494
-0.579611
-0.579727
-0.579842
-0.579957
-0.580071
-0.580184
-0.580297
-0.580409
-0.580520
-0.580631
-0.580741
-0.580851
-0.580961
-0.581070
-0.581179
-0.581288
-0.581397
-0.581505
-0.581613
-0.581721
-0.581829
-0.581937
-0.582045
-0.582152
-0.582260
-0.582368
-0.582475
-0.582583
-0.582690
-0.582798
-0.582906
-0.583014
-0.583121
-0.583229
-0.583337
-0.583445
-0.583554
-0.583662
-0.583770
-0.583878
-0.583987
-0.584095
-0.584204
-0.584313
-0.584421
-0.584530
-0.584639
-0.584747
-0.584856
-0.584965
-0.585074
-0.585183
-0.585292
-0.585400
-0.585509
-0.585618
-0.585726
-0.585835
-0.585943
-0.586052
-0.586160
-0.586268
-0.586376
-0.586484
-0.586591
-0.586699
-0.586806
-0.586913
-0.587020
-0.587126
-0.587233
-0.587339
-0.587445
-0.587550
-0.587655
-0.587760
-0.587864
-0.587968
-0.588072
-0.588175
-0.588278
-0.588381
-0.588483
-0.588585
-0.588686
-0.588787
-0.588887
-0.588987
-0.589086
-0.589185
-0.589283
-0.589381
-0.589478
-0.589575
-0.589671
-0.589766
-0.589861
-0.589955
-0.590049
-0.590142
-0.590234
-0.590326
-0.590417
-0.590507
-0.590597
-0.590686
-0.590774
-0.590862
-0.590949
-0.591035
-0.591120
-0.591205
-0.591289
-0.591372
-0.591454
-0.591536
-0.591617
-0.591697
-0.591776
-0.591854
-0.591931
-0.592008
-0.592084
-0.592159
-0.592233
-0.592306
-0.592378
-0.592450
-0.592520
-0.592590
-0.592659
-0.592727
-0.592794
-0.592860
-0.592925
-0.592989
-0.593052
-0.593114
-0.593176
-0.593236
-0.593295
-0.593354
-0.593411
-0.593468
-0.593523
-0.593578
-0.593631
-0.593683
-0.593735
-0.593785
-0.593835
-0.593883
-0.593930
-0.593977
-0.594022
-0.594066
-0.594109
-0.594151
-0.594192
-0.594232
-0.594271
-0.594309
-0.594346
-0.594381
-0.594416
-0.594449
-0.594482
-0.594513
-0.594543
-0.594572
-0.594600
-0.594627
-0.594653
-0.594677
-0.594701
-0.594723
-0.594744
-0.594764
-0.594783
-0.594801
-0.594817
-0.594833
-0.594847
-0.594860
-0.594872
-0.594883
-0.594892
-0.594901
-0.594908
-0.594914
-0.594919
-0.594922
-0.594925
-0.594926
-0.594926
-0.594925
-0.594923
-0.594919
-0.594915
-0.594909
-0.594902
-0.594893
-0.594884
-0.594873
-0.594861
-0.594848
-0.594833
-0.594817
-0.594801
-0.594782
-0.594763
-0.594742
-0.594720
-0.594697
-0.594673
-0.594647
-0.594620
-0.594592
-0.594563
-0.594532
-0.594501
-0.594467
-0.594433
-0.594397
-0.594361
-0.594322
-0.594283
-0.594242
-0.594200
-0.594157
-0.594113
-0.594067
-0.594020
-0.593972
-0.593922
-0.593872
-0.593820
-0.593766
-0.593712
-0.593656
-0.593599
-0.593541
-0.593481
-0.593420
-0.593358
-0.593295
-0.593230
-0.593164
-0.593097
-0.593028
-0.592959
-0.592888
-0.592816
-0.592742
-0.592668
-0.592592
-0.592515
-0.592436
-0.592357
-0.592276
-0.592194
-0.592110
-0.592026
-0.591940
-0.591853
-0.591765
-0.591676
-0.591585
-0.591493
-0.591400
-0.591306
-0.591211
-0.591114
-0.591016
-0.590917
-0.590817
-0.590716
-0.590614
-0.590510
-0.590405
-0.590299
-0.590192
-0.590084
-0.589975
-0.589864
-0.589753
-0.589640
-0.589527
-0.589412
-0.589296
-0.589179
-0.589061
-0.588942
-0.588822
-0.588700
-0.588578
-0.588455
-0.588330
-0.588205
-0.588079
-0.587951
-0.587823
-0.587694
-0.587563
-0.587432
-0.587300
-0.587167
-0.587032
-0.586897
-0.586761
-0.586624
-0.586487
-0.586348
-0.586208
-0.586068
-0.585927
-0.585784
-0.585641
-0.585498
-0.585353
-0.585207
-0.585061
-0.584914
-0.584766
-0.584618
-0.584468
-0.584318
-0.584167
-0.584016
-0.583863
-0.583710
-0.583556
-0.583402
-0.583247
-0.583091
-0.582934
-0.582777
-0.582619
-0.582461
-0.582302
-0.582142
-0.581982
-0.581821
-0.581660
-0.581498
-0.581335
-0.581172
-0.581008
-0.580844
-0.580679
-0.580514
-0.580348
-0.580182
-0.580015
-0.579848
-0.579680
-0.579512
-0.579343
-0.579174
-0.579004
-0.578834
-0.578663
-0.578492
-0.578321
-0.578149
-0.577977
-0.577804
-0.577631
-0.577457
-0.577283
-0.577109
-0.576934
-0.576759
-0.576584
-0.576408
-0.576232
-0.576055
-0.575878
-0.575701
-0.575524
-0.575346
-0.575167
-0.574989
-0.574810
-0.574630
-0.574451
-0.574271
-0.574091
-0.573910
-0.573729
-0.573548
-0.573366
-0.573185
-0.573003
-0.572820
-0.572637
-0.572454
-0.572271
-0.572088
-0.571904
-0.571720
-0.571535
-0.571351
-0.571166
-0.570981
-0.570796
-0.570610
-0.570424
-0.570238
-0.570052
-0.569866
-0.569679
-0.569492
-0.569305
-0.569118
-0.568931
-0.568743
-0.568556
-0.568368
-0.568180
-0.567992
-0.567804
-0.567615
-0.567427
-0.567239
-0.567050
-0.566862
-0.566673
-0.566484
-0.566484
-0.566296
-0.566107
-0.565918
-0.565730
-0.565541
-0.565353
-0.565164
-0.564976
-0.564787
-0.564599
-0.564411
-0.564223
-0.564035
-0.563847
-0.563659
-0.563472
-0.563284
-0.563097
-0.562910
-0.562723
-0.562537
-0.562351
-0.562165
-0.561979
-0.561794
-0.561608
-0.561424
-0.561239
-0.561055
-0.560871
-0.560688
-0.560505
-0.560322
-0.560140
-0.559958
-0.559776
-0.559595
-0.559415
-0.559234
-0.559055
-0.558876
-0.558697
-0.558519
-0.558341
-0.558164
-0.557987
-0.557811
-0.557636
-0.557461
-0.557287
-0.557113
-0.556940
-0.556767
-0.556595
-0.556424
-0.556254
-0.556084
-0.555914
-0.555746
-0.555578
-0.555411
-0.555244
-0.555079
-0.554914
-0.554749
-0.554586
-0.554423
-0.554261
-0.554100
-0.553940
-0.553780
-0.553621
-0.553463
-0.553306
-0.553150
-0.552994
-0.552840
-0.552686
-0.552533
-0.552381
-0.552230
-0.552079
-0.551930
-0.551782
-0.551634
-0.551488
-0.551342
-0.551197
-0.551053
-0.550911
-0.550769
-0.550628
-0.550488
-0.550349
-0.550211
-0.550074
-0.549938
-0.549803
-0.549669
-0.549536
-0.549404
-0.549273
-0.549143
-0.549015
-0.548887
-0.548760
-0.548634
-0.548510
-0.548386
-0.548264
-0.548142
-0.548022
-0.547903
-0.547785
-0.547668
-0.547552
-0.547437
-0.547323
-0.547210
-0.547099
-0.546988
-0.546879
-0.546770
-0.546663
-0.546557
-0.546452
-0.546349
-0.546246
-0.546144
-0.546044
-0.545944
-0.545846
-0.545749
-0.545653
-0.545558
-0.545465
-0.545372
-0.545280
-0.545190
-0.545101
-0.545013
-0.544926
-0.544840
-0.544755
-0.544671
-0.544589
-0.544507
-0.544427
-0.544347
-0.544269
-0.544192
-0.544116
-0.544041
-0.543967
-0.543894
-0.543823
-0.543752
-0.543682
-0.543614
-0.543546
-0.543480
-0.543414
-0.543350
-0.543286
-0.543224
-0.543163
-0.543102
-0.543043
-0.542985
-0.542927
-0.542871
-0.542815
-0.542761
-0.542707
-0.542654
-0.542603
-0.542552
-0.542502
-0.542453
-0.542405
-0.542357
-0.542311
-0.542266
-0.542221
-0.542177
-0.542134
-0.542092
-0.542050
-0.542010
-0.541970
-0.541931
-0.541892
-0.541855
-0.541818
-0.541782
-0.541746
-0.541711
-0.541677
-0.541644
-0.541611
-0.541579
-0.541547
-0.541516
-0.541486
-0.541456
-0.541427
-0.541398
-0.541370
-0.541343
-0.541316
-0.541289
-0.541263
-0.541238
-0.541213
-0.541188
-0.541164
-0.541140
-0.541117
-0.541094
-0.541071
-0.541049
-0.541028
-0.541006
-0.540985
-0.540965
-0.540945
-0.540925
-0.540906
-0.540886
-0.540868
-0.540850
-0.540832
-0.540814
-0.540797
-0.540781
-0.540764
-0.540749
-0.540734
-0.540719
-0.540705
-0.540691
-0.540678
-0.540666
-0.540654
-0.540644
-0.540634
-0.540624
-0.540616
-0.540609
-0.540603
-0.540598
-0.540595
-0.540593
-0.540592
-0.540593
-0.540596
-0.540600
-0.540607
-0.540615
-0.540626
-0.540639
-0.540655
-0.540673
-0.540694
-0.540718
-0.540745
-0.540776
-0.540810
-0.540847
-0.540887
-0.540932
-0.540980
-0.541032
-0.541088
-0.541148
-0.541211
-0.541279
-0.541351
-0.541427
-0.541506
-0.541590
-0.541677
-0.541768
-0.541862
-0.541960
-0.542062
-0.542167
-0.542275
-0.542386
-0.542500
-0.542617
-0.542736
-0.542858
-0.542983
-0.543110
-0.543239
-0.543370
-0.543503
-0.543638
-0.543775
-0.543913
-0.544053
-0.544194
-0.544336
-0.544479
-0.544624
-0.544769
-0.544915
-0.545061
-0.545208
-0.545355
-0.545503
-0.545650
-0.545798
-0.545945
-0.546092
-0.546239
-0.546386
-0.546532
-0.546677
-0.546822
-0.546965
-0.547108
-0.547250
-0.547391
-0.547530
-0.547669
-0.547806
-0.547941
-0.548075
-0.548208
-0.548339
-0.548469
-0.548596
-0.548722
-0.548847
-0.548969
-0.549090
-0.549209
-0.549326
-0.549441
-0.549554
-0.549665
-0.549774
-0.549880
-0.549985
-0.550088
-0.550189
-0.550287
-0.550384
-0.550478
-0.550570
-0.550660
-0.550748
-0.550833
-0.550917
-0.550998
-0.551077
-0.551154
-0.551229
-0.551301
-0.551371
-0.551439
-0.551505
-0.551569
-0.551630
-0.551689
-0.551746
-0.551801
-0.551854
-0.551904
-0.551953
-0.551999
-0.552043
-0.552084
-0.552124
-0.552161
-0.552196
-0.552230
-0.552261
-0.552289
-0.552316
-0.552341
-0.552363
-0.552384
-0.552402
-0.552418
-0.552432
-0.552444
-0.552454
-0.552462
-0.552468
-0.552472
-0.552474
-0.552474
-0.552472
-0.552468
-0.552462
-0.552454
-0.552444
-0.552432
-0.552418
-0.552402
-0.552385
-0.552365
-0.552344
-0.552320
-0.552295
-0.552268
-0.552239
-0.552209
-0.552176
-0.552142
-0.552106
-0.552068
-0.552028
-0.551987
-0.551944
-0.551899
-0.551852
-0.551804
-0.551754
-0.551703
-0.551650
-0.551595
-0.551538
-0.551480
-0.551420
-0.551359
-0.551296
-0.551232
-0.551166
-0.551098
-0.551029
-0.550959
-0.550886
-0.550813
-0.550738
-0.550661
-0.550583
-0.550504
-0.550423
-0.550341
-0.550258
-0.550173
-0.550086
-0.549999
-0.549910
-0.549819
-0.549728
-0.549635
-0.549541
-0.549445
-0.549349
-0.549251
-0.549151
-0.549051
-0.548950
-0.548847
-0.548743
-0.548638
-0.548532
-0.548424
-0.548316
-0.548206
-0.548096
-0.547984
-0.547872
-0.547758
-0.547643
-0.547527
-0.547410
-0.547293
-0.547174
-0.547054
-0.546934
-0.546812
-0.546690
-0.546567
-0.546442
-0.546317
-0.546192
-0.546065
-0.545937
-0.545809
-0.545680
-0.545550
-0.545419
-0.545288
-0.545156
-0.545023
-0.544889
-0.544755
-0.544620
-0.544485
-0.544348
-0.544211
-0.544074
-0.543936
-0.543936
-0.543797
-0.543658
-0.543518
-0.543378
-0.543237
-0.543095
-0.542953
-0.542811
-0.542668
-0.542525
-0.542381
-0.542236
-0.542092
-0.541946
-0.541801
-0.541655
-0.541509
-0.541362
-0.541215
-0.541067
-0.540919
-0.540771
-0.540623
-0.540474
-0.540325
-0.540176
-0.540026
-0.539876
-0.539726
-0.539576
-0.539425
-0.539274
-0.539123
-0.538972
-0.538821
-0.538669
-0.538518
-0.538366
-0.538214
-0.538061
-0.537909
-0.537757
-0.537604
-0.537451
-0.537299
-0.537146
-0.536993
-0.536840
-0.536687
-0.536534
-0.536381
-0.536227
-0.536074
-0.535921
-0.535768
-0.535614
-0.535461
-0.535308
-0.535155
-0.535002
-0.534848
-0.534695
-0.534542
-0.534389
-0.534236
-0.534083
-0.533930
-0.533777
-0.533625
-0.533472
-0.533320
-0.533167
-0.533015
-0.532862
-0.532710
-0.532558
-0.532407
-0.532255
-0.532103
-0.531952
-0.531800
-0.531649
-0.531498
-0.531347
-0.531197
-0.531046
-0.530896
-0.530746
-0.530596
-0.530446
-0.530297
-0.530147
-0.529998
-0.529849
-0.529700
-0.529552
-0.529403
-0.529255
-0.529108
-0.528960
-0.528812
-0.528665
-0.528518
-0.528372
-0.528225
-0.528079
-0.527933
-0.527788
-0.527642
-0.527497
-0.527352
-0.527208
-0.527063
-0.526919
-0.526776
-0.526632
-0.526489
-0.526346
-0.526204
-0.526061
-0.525919
-0.525778
-0.525636
-0.525495
-0.525355
-0.525214
-0.525074
-0.524934
-0.524795
-0.524656
-0.524517
-0.524378
-0.524240
-0.524102
-0.523965
-0.523828
-0.523691
-0.523555
-0.523419
-0.523283
-0.523147
-0.523012
-0.522878
-0.522743
-0.522609
-0.522476
-0.522343
-0.522210
-0.522077
-0.521945
-0.521814
-0.521682
-0.521551
-0.521421
-0.521291
-0.521161
-0.521031
-0.520902
-0.520774
-0.520646
-0.520518
-0.520390
-0.520263
-0.520137
-0.520011
-0.519885
-0.519760
-0.519635
-0.519510
-0.519386
-0.519262
-0.519139
-0.519016
-0.518894
-0.518772
-0.518650
-0.518529
-0.518408
-0.518288
-0.518168
-0.518049
-0.517930
-0.517811
-0.517693
-0.517576
-0.517459
-0.517342
-0.517226
-0.517110
-0.516995
-0.516880
-0.516765
-0.516651
-0.516538
-0.516425
-0.516312
-0.516200
-0.516089
-0.515978
-0.515867
-0.515757
-0.515647
-0.515538
-0.515429
-0.515321
-0.515214
-0.515106
-0.515000
-0.514893
-0.514788
-0.514682
-0.514578
-0.514474
-0.514370
-0.514267
-0.514164
-0.514062
-0.513960
-0.513859
-0.513758
-0.513658
-0.513559
-0.513460
-0.513361
-0.513263
-0.513166
-0.513069
-0.512973
-0.512877
-0.512781
-0.512687
-0.512592
-0.512499
-0.512406
-0.512313
-0.512221
-0.512130
-0.512039
-0.511948
-0.511859
-0.511769
-0.511681
-0.511593
-0.511505
-0.511418
-0.511332
-0.511246
-0.511161
-0.511076
-0.510992
-0.510909
-0.510826
-0.510744
-0.510662
-0.510581
-0.510501
-0.510421
-0.510342
-0.510263
-0.510185
-0.510108
-0.510031
-0.509955
-0.509879
-0.509804
-0.509730
-0.509656
-0.509583
-0.509511
-0.509439
-0.509368
-0.509297
-0.509227
-0.509158
-0.509089
-0.509022
-0.508954
-0.508888
-0.508822
-0.508756
-0.508692
-0.508628
-0.508564
-0.508502
-0.508440
-0.508379
-0.508318
-0.508258
-0.508199
-0.508140
-0.508082
-0.508025
-0.507969
-0.507913
-0.507858
-0.507804
-0.507750
-0.507697
-0.507645
-0.507594
-0.507543
-0.507493
-0.507443
-0.507395
-0.507347
-0.507300
-0.507254
-0.507208
-0.507163
-0.507119
-0.507076
-0.507033
-0.506991
-0.506950
-0.506910
-0.506871
-0.506832
-0.506794
-0.506757
-0.506721
-0.506685
-0.506650
-0.506616
-0.506583
-0.506551
-0.506519
-0.506489
-0.506459
-0.506430
-0.506401
-0.506374
-0.506347
-0.506322
-0.506297
-0.506273
-0.506250
-0.506227
-0.506206
-0.506185
-0.506166
-0.506147
-0.506129
-0.506112
-0.506096
-0.506080
-0.506066
-0.506052
-0.506040
-0.506028
-0.506017
-0.506008
-0.505999
-0.505991
-0.505984
-0.505978
-0.505973
-0.505969
-0.505965
-0.505963
-0.505962
-0.505962
-0.505962
-0.505964
-0.505967
-0.505971
-0.505975
-0.505981
-0.505988
-0.505996
-0.506004
-0.506014
-0.506025
-0.506037
-0.506050
-0.506064
-0.506079
-0.506096
-0.506113
-0.506131
-0.506151
-0.506171
-0.506193
-0.506216
-0.506240
-0.506265
-0.506291
-0.506319
-0.506347
-0.506377
-0.506408
-0.506440
-0.506473
-0.506507
-0.506543
-0.506580
-0.506618
-0.506657
-0.506698
-0.506740
-0.506783
-0.506827
-0.506872
-0.506919
-0.506967
-0.507017
-0.507068
-0.507120
-0.507173
-0.507228
-0.507284
-0.507341
-0.507400
-0.507460
-0.507522
-0.507585
-0.507649
-0.507715
-0.507782
-0.507851
-0.507921
-0.507993
-0.508066
-0.508140
-0.508216
-0.508294
-0.508373
-0.508454
-0.508536
-0.508620
-0.508705
-0.508792
-0.508880
-0.508971
-0.509062
-0.509156
-0.509251
-0.509347
-0.509446
-0.509546
-0.509648
-0.509751
-0.509856
-0.509963
-0.510072
-0.510183
-0.510295
-0.510409
-0.510525
-0.510643
-0.510763
-0.510884
-0.511008
-0.511133
-0.511261
-0.511390
-0.511521
-0.511654
-0.511790
-0.511927
-0.512066
-0.512208
-0.512351
-0.512497
-0.512644
-0.512794
-0.512946
-0.513100
-0.513256
-0.513415
-0.513576
-0.513739
-0.513904
-0.514072
-0.514242
-0.514414
-0.514589
-0.514766
-0.514945
-0.515127
-0.515312
-0.515499
-0.515688
-0.515880
-0.516074
-0.516272
-0.516471
-0.516674
-0.516879
-0.517087
-0.517297
-0.517511
-0.517727
-0.517946
-0.518167
-0.518392
-0.518620
-0.518850
-0.519084
-0.519320
-0.519320
-0.519560
-0.519802
-0.520048
-0.520297
-0.520549
-0.520804
-0.521062
-0.521324
-0.521589
-0.521857
-0.522129
-0.522404
-0.522683
-0.522965
-0.523250
-0.523540
-0.523832
-0.524129
-0.524429
-0.524733
-0.525040
-0.525352
-0.525667
-0.525986
-0.526309
-0.526636
-0.526968
-0.527303
-0.527642
-0.527985
-0.528333
-0.528685
-0.529041
-0.529402
-0.529767
-0.530136
-0.530510
-0.530888
-0.531271
-0.531659
-0.532051
-0.532448
-0.532850
-0.533257
-0.533669
-0.534085
-0.534506
-0.534933
-0.535365
-0.535801
-0.536243
-0.536690
-0.537143
-0.537600
-0.538064
-0.538532
-0.539006
-0.539486
-0.539971
-0.540461
-0.540958
-0.541460
-0.541968
-0.542481
-0.543000
-0.543526
-0.544057
-0.544594
-0.545137
-0.545686
-0.546241
-0.546802
-0.547368
-0.547941
-0.548521
-0.549106
-0.549697
-0.550294
-0.550897
-0.551506
-0.552122
-0.552743
-0.553370
-0.554003
-0.554642
-0.555286
-0.555937
-0.556593
-0.557254
-0.557921
-0.558593
-0.559270
-0.559952
-0.560639
-0.561330
-0.562026
-0.562727
-0.563431
-0.564139
-0.564850
-0.565565
-0.566282
-0.567002
-0.567724
-0.568447
-0.569172
-0.569897
-0.570623
-0.571349
-0.572073
-0.572797
-0.573518
-0.574236
-0.574951
-0.575662
-0.576368
-0.577068
-0.577762
-0.578447
-0.579125
-0.579793
-0.580450
-0.581096
-0.581729
-0.582348
-0.582952
-0.583540
-0.584111
-0.584663
-0.585195
-0.585705
-0.586193
-0.586658
-0.587097
-0.587509
-0.587893
-0.588249
-0.588573
-0.588866
-0.589126
-0.589351
-0.589540
-0.589693
-0.589808
-0.589884
-0.589920
-0.589915
-0.589868
-0.589779
-0.589646
-0.589468
-0.589246
-0.588979
-0.588666
-0.588307
-0.587901
-0.587449
-0.586950
-0.586405
-0.585812
-0.585174
-0.584489
-0.583759
-0.582983
-0.582162
-0.581297
-0.580389
-0.579437
-0.578444
-0.577410
-0.576336
-0.575223
-0.574073
-0.572886
-0.571664
-0.570408
-0.569120
-0.567800
-0.566451
-0.565073
-0.563669
-0.562239
-0.560785
-0.559309
-0.557811
-0.556294
-0.554759
-0.553207
-0.551640
-0.550060
-0.548468
-0.546867
-0.545258
-0.543643
-0.542026
-0.540409
-0.538795
-0.537187
-0.535590
-0.534006
-0.532441
-0.530900
-0.529386
-0.527906
-0.526465
-0.525068
-0.523720
-0.522427
-0.521193
-0.520025
-0.518925
-0.517899
-0.516948
-0.516077
-0.515288
-0.514581
-0.513958
-0.513419
-0.512964
-0.512590
-0.512297
-0.512082
-0.511943
-0.511875
-0.511876
-0.511941
-0.512065
-0.512246
-0.512477
-0.512754
-0.513073
-0.513429
-0.513818
-0.514235
-0.514676
-0.515137
-0.515615
-0.516107
-0.516609
-0.517119
-0.517633
-0.518151
-0.518670
-0.519188
-0.519704
-0.520216
-0.520725
-0.521227
-0.521724
-0.522214
-0.522697
-0.523173
-0.523641
-0.524102
-0.524554
-0.524998
-0.525435
-0.525864
-0.526284
-0.526697
-0.527103
-0.527500
-0.527891
-0.528274
-0.528651
-0.529020
-0.529383
-0.529740
-0.530090
-0.530435
-0.530773
-0.531106
-0.531433
-0.531756
-0.532073
-0.532385
-0.532692
-0.532995
-0.533294
-0.533588
-0.533879
-0.534165
-0.534448
-0.534727
-0.535003
-0.535276
-0.535545
-0.535811
-0.536075
-0.536335
-0.536593
-0.536849
-0.537101
-0.537352
-0.537600
-0.537846
-0.538090
-0.538331
-0.538571
-0.538809
-0.539045
-0.539279
-0.539511
-0.539741
-0.539970
-0.540198
-0.540423
-0.540648
-0.540870
-0.541092
-0.541311
-0.541530
-0.541747
-0.541963
-0.542177
-0.542390
-0.542602
-0.542813
-0.543022
-0.543231
-0.543438
-0.543644
-0.543848
-0.544052
-0.544255
-0.544456
-0.544656
-0.544856
-0.545054
-0.545251
-0.545447
-0.545643
-0.545837
-0.546030
-0.546222
-0.546413
-0.546603
-0.546792
-0.546981
-0.547168
-0.547354
-0.547540
-0.547724
-0.547908
-0.548091
-0.548273
-0.548454
-0.548634
-0.548813
-0.548991
-0.549169
-0.549345
-0.549521
-0.549696
-0.549871
-0.550044
-0.550216
-0.550388
-0.550559
-0.550729
-0.550899
-0.551068
-0.551236
-0.551403
-0.551569
-0.551735
-0.551900
-0.552064
-0.552228
-0.552390
-0.552553
-0.552714
-0.552875
-0.553035
-0.553194
-0.553353
-0.553511
-0.553669
-0.553826
-0.553982
-0.554137
-0.554292
-0.554447
-0.554600
-0.554754
-0.554906
-0.555058
-0.555210
-0.555360
-0.555511
-0.555660
-0.555810
-0.555958
-0.556106
-0.556254
-0.556401
-0.556548
-0.556694
-0.556839
-0.556984
-0.557129
-0.557273
-0.557416
-0.557559
-0.557702
-0.557844
-0.557986
-0.558127
-0.558268
-0.558408
-0.558548
-0.558688
-0.558827
-0.558966
-0.559104
-0.559242
-0.559379
-0.559516
-0.559653
-0.559789
-0.559925
-0.560061
-0.560196
-0.560331
-0.560465
-0.560599
-0.560733
-0.560866
-0.560999
-0.561132
-0.561264
-0.561396
-0.561528
-0.561659
-0.561790
-0.561921
-0.562051
-0.562181
-0.562311
-0.562441
-0.562570
-0.562699
-0.562828
-0.562956
-0.563084
-0.563212
-0.563339
-0.563467
-0.563594
-0.563721
-0.563847
-0.563973
-0.564099
-0.564225
-0.564351
-0.564476
-0.564601
-0.564726
-0.564850
-0.564975
-0.565099
-0.565223
-0.565347
-0.565470
-0.565593
-0.565716
-0.565839
-0.565962
-0.566084
-0.566207
-0.566329
-0.566451
-0.566572
-0.566694
-0.566815
-0.566937
-0.567058
-0.567178
-0.567299
-0.567420
-0.567540
-0.567660
-0.567780
-0.567900
-0.568020
-0.568139
-0.568258
-0.568378
-0.568497
-0.568616
-0.568735
-0.568853
-0.568972
-0.569090
-0.569209
-0.569327
-0.569445
-0.569563
-0.569680
-0.569680
-0.569798
-0.569916
-0.570033
-0.570150
-0.570268
-0.570385
-0.570502
-0.570618
-0.570735
-0.570852
-0.570968
-0.571085
-0.571201
-0.571318
-0.571434
-0.571550
-0.571666
-0.571782
-0.571898
-0.572013
-0.572129
-0.572245
-0.572360
-0.572476
-0.572591
-0.572706
-0.572821
-0.572937
-0.573052
-0.573167
-0.573282
-0.573397
-0.573511
-0.573626
-0.573741
-0.573855
-0.573970
-0.574085
-0.574199
-0.574313
-0.574428
-0.574542
-0.574656
-0.574771
-0.574885
-0.574999
-0.575113
-0.575227
-0.575341
-0.575455
-0.575569
-0.575683
-0.575797
-0.575911
-0.576025
-0.576138
-0.576252
-0.576366
-0.576480
-0.576593
-0.576707
-0.576821
-0.576934
-0.577048
-0.577161
-0.577275
-0.577388
-0.577502
-0.577616
-0.577729
-0.577842
-0.577956
-0.578069
-0.578183
-0.578296
-0.578410
-0.578523
-0.578637
-0.578750
-0.578863
-0.578977
-0.579090
-0.579204
-0.579317
-0.579430
-0.579544
-0.579657
-0.579771
-0.579884
-0.579998
-0.580111
-0.580224
-0.580338
-0.580451
-0.580565
-0.580678
-0.580792
-0.580905
-0.581019
-0.581132
-0.581246
-0.581359
-0.581473
-0.581587
-0.581700
-0.581814
-0.581928
-0.582041
-0.582155
-0.582269
-0.582382
-0.582496
-0.582610
-0.582724
-0.582837
-0.582951
-0.583065
-0.583179
-0.583293
-0.583407
-0.583521
-0.583635
-0.583749
-0.583863
-0.583977
-0.584091
-0.584205
-0.584320
-0.584434
-0.584548
-0.584662
-0.584777
-0.584891
-0.585006
-0.585120
-0.585234
-0.585349
-0.585464
-0.585578
-0.585693
-0.585807
-0.585922
-0.586037
-0.586152
-0.586266
-0.586381
-0.586496
-0.586611
-0.586726
-0.586841
-0.586956
-0.587071
-0.587186
-0.587302
-0.587417
-0.587532
-0.587647
-0.587763
-0.587878
-0.587994
-0.588109
-0.588225
-0.588340
-0.588456
-0.588572
-0.588687
-0.588803
-0.588919
-0.589035
-0.589151
-0.589267
-0.589383
-0.589499
-0.589615
-0.589731
-0.589848
-0.589964
-0.590080
-0.590197
-0.590313
-0.590429
-0.590546
-0.590663
-0.590779
-0.590896
-0.591013
-0.591129
-0.591246
-0.591363
-0.591480
-0.591597
-0.591714
-0.591831
-0.591948
-0.592066
-0.592183
-0.592300
-0.592418
-0.592535
-0.592652
-0.592770
-0.592888
-0.593005
-0.593123
-0.593241
-0.593358
-0.593476
-0.593594
-0.593712
-0.593830
-0.593948
-0.594066
-0.594185
-0.594303
-0.594421
-0.594539
-0.594658
-0.594776
-0.594895
-0.595013
-0.595132
-0.595251
-0.595369
-0.595488
-0.595607
-0.595726
-0.595845
-0.595964
-0.596083
-0.596202
-0.596321
-0.596440
-0.596559
-0.596679
-0.596798
-0.596918
-0.597037
-0.597157
-0.597276
-0.597396
-0.597516
-0.597635
-0.597755
-0.597875
-0.597995
-0.598115
-0.598235
-0.598355
-0.598475
-0.598595
-0.598715
-0.598836
-0.598956
-0.599076
-0.599197
-0.599317
-0.599438
-0.599558
-0.599679
-0.599800
-0.599920
-0.600041
-0.600162
-0.600283
-0.600404
-0.600525
-0.600646
-0.600767
-0.600888
-0.601009
-0.601131
-0.601252
-0.601373
-0.601495
-0.601616
-0.601738
-0.601859
-0.601981
-0.602102
-0.602224
-0.602346
-0.602468
-0.602589
-0.602711
-0.602833
-0.602955
-0.603077
-0.603199
-0.603321
-0.603443
-0.603566
-0.603688
-0.603810
-0.603932
-0.604055
-0.604177
-0.604300
-0.604422
-0.604545
-0.604667
-0.604790
-0.604913
-0.605035
-0.605158
-0.605281
-0.605404
-0.605527
-0.605650
-0.605773
-0.605896
-0.606019
-0.606142
-0.606265
-0.606388
-0.606511
-0.606635
-0.606758
-0.606881
-0.607005
-0.607128
-0.607251
-0.607375
-0.607498
-0.607622
-0.607746
-0.607869
-0.607993
-0.608116
-0.608240
-0.608364
-0.608488
-0.608612
-0.608735
-0.608859
-0.608983
-0.609107
-0.609231
-0.609355
-0.609479
-0.609603
-0.609728
-0.609852
-0.609976
-0.610100
-0.610224
-0.610349
-0.610473
-0.610597
-0.610722
-0.610846
-0.610971
-0.611095
-0.611219
-0.611344
-0.611469
-0.611593
-0.611718
-0.611842
-0.611967
-0.612092
-0.612216
-0.612341
-0.612466
-0.612590
-0.612715
-0.612840
-0.612965
-0.613090
-0.613215
-0.613339
-0.613464
-0.613589
-0.613714
-0.613839
-0.613964
-0.614089
-0.614214
-0.614339
-0.614464
-0.614589
-0.614715
-0.614840
-0.614965
-0.615090
-0.615215
-0.615340
-0.615466
-0.615591
-0.615716
-0.615841
-0.615966
-0.616092
-0.616217
-0.616342
-0.616468
-0.616593
-0.616718
-0.616844
-0.616969
-0.617094
-0.617220
-0.617345
-0.617470
-0.617596
-0.617721
-0.617847
-0.617972
-0.618098
-0.618223
-0.618348
-0.618474
-0.618599
-0.618725
-0.618850
-0.618976
-0.619101
-0.619227
-0.619352
-0.619478
-0.619603
-0.619729
-0.619854
-0.619980
-0.620105
-0.620231
-0.620356
-0.620482
-0.620607
-0.620733
-0.620858
-0.620984
-0.621109
-0.621235
-0.621360
-0.621486
-0.621611
-0.621737
-0.621862
-0.621988
-0.622113
-0.622239
-0.622364
-0.622489
-0.622615
-0.622740
-0.622866
-0.622991
-0.623117
-0.623242
-0.623367
-0.623493
-0.623618
-0.623744
-0.623869
-0.623994
-0.624120
-0.624245
-0.624370
-0.624495
-0.624621
-0.624746
-0.624871
-0.624997
-0.625122
-0.625247
-0.625372
-0.625497
-0.625623
-0.625748
-0.625873
-0.625998
-0.626123
-0.626248
-0.626373
-0.626498
-0.626623
-0.626748
-0.626873
-0.626998
-0.627123
-0.627248
-0.627373
-0.627498
-0.627623
-0.627748
-0.627873
-0.627997
-0.628122
-0.628247
-0.628372
-0.628496
-0.628621
-0.628746
-0.628870
-0.628995
-0.629120
-0.629244
-0.629369
-0.629493
-0.629493
-0.629618
-0.629742
-0.629867
-0.629991
-0.630115
-0.630240
-0.630364
-0.630488
-0.630613
-0.630737
-0.630861
-0.630985
-0.631109
-0.631233
-0.631357
-0.631481
-0.631605
-0.631729
-0.631853
-0.631977
-0.632101
-0.632225
-0.632349
-0.632472
-0.632596
-0.632720
-0.632843
-0.632967
-0.633091
-0.633214
-0.633338
-0.633461
-0.633585
-0.633708
-0.633831
-0.633955
-0.634078
-0.634201
-0.634324
-0.634447
-0.634570
-0.634693
-0.634816
-0.634939
-0.635062
-0.635185
-0.635308
-0.635431
-0.635554
-0.635676
-0.635799
-0.635922
-0.636044
-0.636167
-0.636289
-0.636412
-0.636534
-0.636656
-0.636779
-0.636901
-0.637023
-0.637145
-0.637267
-0.637389
-0.637511
-0.637633
-0.637755
-0.637877
-0.637999
-0.638121
-0.638242
-0.638364
-0.638486
-0.638607
-0.638729
-0.638850
-0.638972
-0.639093
-0.639214
-0.639335
-0.639457
-0.639578
-0.639699
-0.639820
-0.639941
-0.640062
-0.640183
-0.640303
-0.640424
-0.640545
-0.640665
-0.640786
-0.640906
-0.641027
-0.641147
-0.641268
-0.641388
-0.641508
-0.641628
-0.641748
-0.641868
-0.641988
-0.642108
-0.642228
-0.642348
-0.642468
-0.642587
-0.642707
-0.642827
-0.642946
-0.643065
-0.643185
-0.643304
-0.643423
-0.643543
-0.643662
-0.643781
-0.643900
-0.644019
-0.644137
-0.644256
-0.644375
-0.644494
-0.644612
-0.644731
-0.644849
-0.644968
-0.645086
-0.645204
-0.645322
-0.645441
-0.645559
-0.645677
-0.645795
-0.645912
-0.646030
-0.646148
-0.646266
-0.646383
-0.646501
-0.646618
-0.646735
-0.646853
-0.646970
-0.647087
-0.647204
-0.647321
-0.647438
-0.647555
-0.647672
-0.647789
-0.647905
-0.648022
-0.648138
-0.648255
-0.648371
-0.648487
-0.648604
-0.648720
-0.648836
-0.648952
-0.649068
-0.649184
-0.649299
-0.649415
-0.649531
-0.649646
-0.649762
-0.649877
-0.649992
-0.650108
-0.650223
-0.650338
-0.650453
-0.650568
-0.650683
-0.650797
-0.650912
-0.651027
-0.651141
-0.651256
-0.651370
-0.651485
-0.651599
-0.651713
-0.651827
-0.651941
-0.652055
-0.652169
-0.652282
-0.652396
-0.652510
-0.652623
-0.652737
-0.652850
-0.652963
-0.653076
-0.653190
-0.653303
-0.653416
-0.653528
-0.653641
-0.653754
-0.653866
-0.653979
-0.654091
-0.654204
-0.654316
-0.654428
-0.654540
-0.654652
-0.654764
-0.654876
-0.654988
-0.655100
-0.655211
-0.655323
-0.655434
-0.655546
-0.655657
-0.655768
-0.655879
-0.655990
-0.656101
-0.656212
-0.656323
-0.656433
-0.656544
-0.656655
-0.656765
-0.656875
-0.656985
-0.657096
-0.657206
-0.657316
-0.657426
-0.657535
-0.657645
-0.657755
-0.657864
-0.657974
-0.658083
-0.658192
-0.658302
-0.658411
-0.658520
-0.658629
-0.658737
-0.658846
-0.658955
-0.659063
-0.659172
-0.659280
-0.659388
-0.659497
-0.659605
-0.659713
-0.659821
-0.659929
-0.660036
-0.660144
-0.660252
-0.660359
-0.660466
-0.660574
-0.660681
-0.660788
-0.660895
-0.661002
-0.661109
-0.661216
-0.661322
-0.661429
-0.661535
-0.661642
-0.661748
-0.661854
-0.661960
-0.662066
-0.662172
-0.662278
-0.662384
-0.662490
-0.662595
-0.662701
-0.662806
-0.662911
-0.663016
-0.663121
-0.663226
-0.663331
-0.663436
-0.663541
-0.663645
-0.663750
-0.663854
-0.663959
-0.664063
-0.664167
-0.664271
-0.664375
-0.664479
-0.664583
-0.664687
-0.664790
-0.664894
-0.664997
-0.665100
-0.665203
-0.665307
-0.665410
-0.665513
-0.665615
-0.665718
-0.665821
-0.665923
-0.666026
-0.666128
-0.666230
-0.666332
-0.666435
-0.666537
-0.666638
-0.666740
-0.666842
-0.666943
-0.667045
-0.667146
-0.667248
-0.667349
-0.667450
-0.667551
-0.667652
-0.667753
-0.667853
-0.667954
-0.668055
-0.668155
-0.668255
-0.668356
-0.668456
-0.668556
-0.668656
-0.668756
-0.668855
-0.668955
-0.669054
-0.669154
-0.669253
-0.669353
-0.669452
-0.669551
-0.669650
-0.669749
-0.669847
-0.669946
-0.670045
-0.670143
-0.670242
-0.670340
-0.670438
-0.670536
-0.670634
-0.670732
-0.670830
-0.670928
-0.671025
-0.671123
-0.671220
-0.671318
-0.671415
-0.671512
-0.671609
-0.671706
-0.671803
-0.671899
-0.671996
-0.672093
-0.672189
-0.672285
-0.672382
-0.672478
-0.672574
-0.672670
-0.672766
-0.672861
-0.672957
-0.673053
-0.673148
-0.673243
-0.673339
-0.673434
-0.673529
-0.673624
-0.673719
-0.673814
-0.673908
-0.674003
-0.674097
-0.674192
-0.674286
-0.674380
-0.674474
-0.674568
-0.674662
-0.674756
-0.674850
-0.674943
-0.675037
-0.675130
-0.675224
-0.675317
-0.675410
-0.675503
-0.675596
-0.675689
-0.675781
-0.675874
-0.675967
-0.676059
-0.676151
-0.676244
-0.676336
-0.676428
-0.676520
-0.676611
-0.676703
-0.676795
-0.676886
-0.676978
-0.677069
-0.677160
-0.677252
-0.677343
-0.677434
-0.677525
-0.677615
-0.677706
-0.677797
-0.677887
-0.677977
-0.678068
-0.678158
-0.678248
-0.678338
-0.678428
-0.678518
-0.678607
-0.678697
-0.678786
-0.678876
-0.678965
-0.679054
-0.679143
-0.679232
-0.679321
-0.679410
-0.679499
-0.679588
-0.679676
-0.679764
-0.679853
-0.679941
-0.680029
-0.680117
-0.680205
-0.680293
-0.680381
-0.680468
-0.680556
-0.680643
-0.680731
-0.680818
-0.680905
-0.680992
-0.681079
-0.681166
-0.681253
-0.681340
-0.681426
-0.681513
-0.681599
-0.681685
-0.681772
-0.681858
-0.681944
-0.682030
-0.682116
-0.682201
-0.682287
-0.682372
-0.682458
-0.682543
-0.682628
-0.682714
-0.682799
-0.682884
-0.682968
-0.683053
-0.683053
-0.683138
-0.683222
-0.683307
-0.683391
-0.683476
-0.683560
-0.683644
-0.683728
-0.683812
-0.683896
-0.683979
-0.684063
-0.684147
-0.684230
-0.684313
-0.684397
-0.684480
-0.684563
-0.684646
-0.684729
-0.684811
-0.684894
-0.684977
-0.685059
-0.685141
-0.685224
-0.685306
-0.685388
-0.685470
-0.685552
-0.685634
-0.685716
-0.685797
-0.685879
-0.685960
-0.686042
-0.686123
-0.686204
-0.686285
-0.686366
-0.686447
-0.686528
-0.686608
-0.686689
-0.686770
-0.686850
-0.686930
-0.687011
-0.687091
-0.687171
-0.687251
-0.687331
-0.687410
-0.687490
-0.687570
-0.687649
-0.687729
-0.687808
-0.687887
-0.687966
-0.688045
-0.688124
-0.688203
-0.688282
-0.688360
-0.688439
-0.688517
-0.688596
-0.688674
-0.688752
-0.688830
-0.688908
-0.688986
-0.689064
-0.689142
-0.689220
-0.689297
-0.689375
-0.689452
-0.689529
-0.689607
-0.689684
-0.689761
-0.689838
-0.689914
-0.689991
-0.690068
-0.690144
-0.690221
-0.690297
-0.690374
-0.690450
-0.690526
-0.690602
-0.690678
-0.690754
-0.690829
-0.690905
-0.690981
-0.691056
-0.691132
-0.691207
-0.691282
-0.691357
-0.691432
-0.691507
-0.691582
-0.691657
-0.691732
-0.691806
-0.691881
-0.691955
-0.692029
-0.692104
-0.692178
-0.692252
-0.692326
-0.692400
-0.692473
-0.692547
-0.692621
-0.692694
-0.692768
-0.692841
-0.692914
-0.692988
-0.693061
-0.693134
-0.693207
-0.693279
-0.693352
-0.693425
-0.693497
-0.693570
-0.693642
-0.693715
-0.693787
-0.693859
-0.693931
-0.694003
-0.694075
-0.694147
-0.694218
-0.694290
-0.694361
-0.694433
-0.694504
-0.694576
-0.694647
-0.694718
-0.694789
-0.694860
-0.694931
-0.695001
-0.695072
-0.695143
-0.695213
-0.695284
-0.695354
-0.695424
-0.695494
-0.695564
-0.695634
-0.695704
-0.695774
-0.695844
-0.695913
-0.695983
-0.696053
-0.696122
-0.696191
-0.696260
-0.696330
-0.696399
-0.696468
-0.696537
-0.696605
-0.696674
-0.696743
-0.696811
-0.696880
-0.696948
-0.697016
-0.697085
-0.697153
-0.697221
-0.697289
-0.697357
-0.697425
-0.697492
-0.697560
-0.697627
-0.697695
-0.697762
-0.697830
-0.697897
-0.697964
-0.698031
-0.698098
-0.698165
-0.698232
-0.698299
-0.698365
-0.698432
-0.698498
-0.698565
-0.698631
-0.698697
-0.698764
-0.698830
-0.698896
-0.698962
-0.699027
-0.699093
-0.699159
-0.699224
-0.699290
-0.699355
-0.699421
-0.699486
-0.699551
-0.699616
-0.699681
-0.699746
-0.699811
-0.699876
-0.699941
-0.700006
-0.700070
-0.700135
-0.700199
-0.700263
-0.700328
-0.700392
-0.700456
-0.700520
-0.700584
-0.700648
-0.700711
-0.700775
-0.700839
-0.700902
-0.700966
-0.701029
-0.701092
-0.701156
-0.701219
-0.701282
-0.701345
-0.701408
-0.701471
-0.701533
-0.701596
-0.701659
-0.701721
-0.701784
-0.701846
-0.701908
-0.701971
-0.702033
-0.702095
-0.702157
-0.702219
-0.702280
-0.702342
-0.702404
-0.702466
-0.702527
-0.702589
-0.702650
-0.702711
-0.702772
-0.702834
-0.702895
-0.702956
-0.703017
-0.703077
-0.703138
-0.703199
-0.703259
-0.703320
-0.703381
-0.703441
-0.703501
-0.703561
-0.703622
-0.703682
-0.703742
-0.703802
-0.703862
-0.703921
-0.703981
-0.704041
-0.704100
-0.704160
-0.704219
-0.704279
-0.704338
-0.704397
-0.704456
-0.704515
-0.704574
-0.704633
-0.704692
-0.704751
-0.704809
-0.704868
-0.704927
-0.704985
-0.705043
-0.705102
-0.705160
-0.705218
-0.705276
-0.705334
-0.705392
-0.705450
-0.705508
-0.705566
-0.705623
-0.705681
-0.705739
-0.705796
-0.705853
-0.705911
-0.705968
-0.706025
-0.706082
-0.706139
-0.706196
-0.706253
-0.706310
-0.706367
-0.706423
-0.706480
-0.706536
-0.706593
-0.706649
-0.706706
-0.706762
-0.706818
-0.706874
-0.706930
-0.706986
-0.707042
-0.707098
-0.707154
-0.707209
-0.707265
-0.707320
-0.707376
-0.707431
-0.707487
-0.707542
-0.707597
-0.707652
-0.707707
-0.707762
-0.707817
-0.707872
-0.707927
-0.707982
-0.708036
-0.708091
-0.708145
-0.708200
-0.708254
-0.708308
-0.708363
-0.708417
-0.708471
-0.708525
-0.708579
-0.708633
-0.708687
-0.708740
-0.708794
-0.708848
-0.708901
-0.708955
-0.709008
-0.709061
-0.709115
-0.709168
-0.709221
-0.709274
-0.709327
-0.709380
-0.709433
-0.709486
-0.709539
-0.709591
-0.709644
-0.709696
-0.709749
-0.709801
-0.709854
-0.709906
-0.709958
-0.710010
-0.710062
-0.710114
-0.710166
-0.710218
-0.710270
-0.710322
-0.710374
-0.710425
-0.710477
-0.710528
-0.710580
-0.710631
-0.710682
-0.710734
-0.710785
-0.710836
-0.710887
-0.710938
-0.710989
-0.711040
-0.711091
-0.711141
-0.711192
-0.711243
-0.711293
-0.711344
-0.711394
-0.711444
-0.711495
-0.711545
-0.711595
-0.711645
-0.711695
-0.711745
-0.711795
-0.711845
-0.711894
-0.711944
-0.711994
-0.712043
-0.712093
-0.712142
-0.712192
-0.712241
-0.712290
-0.712340
-0.712389
-0.712438
-0.712487
-0.712536
-0.712585
-0.712633
-0.712682
-0.712731
-0.712780
-0.712828
-0.712877
-0.712925
-0.712974
-0.713022
-0.713070
-0.713118
-0.713167
-0.713215
-0.713263
-0.713311
-0.713359
-0.713406
-0.713454
-0.713502
-0.713550
-0.713597
-0.713645
-0.713692
-0.713740
-0.713787
-0.713834
-0.713882
-0.713929
-0.713976
-0.714023
-0.714070
-0.714117
-0.714164
-0.714211
-0.714257
-0.714304
-0.714351
-0.714397
-0.714444
-0.714490
-0.714537
-0.714583
-0.714629
-0.714676
-0.714722
-0.714768
-0.714814
-0.714860
-0.714860
-0.714906
-0.714952
-0.714998
-0.715043
-0.715089
-0.715135
-0.715180
-0.715226
-0.715271
-0.715317
-0.715362
-0.715407
-0.715453
-0.715498
-0.715543
-0.715588
-0.715633
-0.715678
-0.715723
-0.715768
-0.715812
-0.715857
-0.715902
-0.715946
-0.715991
-0.716035
-0.716080
-0.716124
-0.716169
-0.716213
-0.716257
-0.716301
-0.716345
-0.716389
-0.716433
-0.716477
-0.716521
-0.716565
-0.716609
-0.716652
-0.716696
-0.716740
-0.716783
-0.716827
-0.716870
-0.716913
-0.716957
-0.717000
-0.717043
-0.717086
-0.717129
-0.717172
-0.717215
-0.717258
-0.717301
-0.717344
-0.717387
-0.717430
-0.717472
-0.717515
-0.717557
-0.717600
-0.717642
-0.717685
-0.717727
-0.717769
-0.717811
-0.717854
-0.717896
-0.717938
-0.717980
-0.718022
-0.718064
-0.718105
-0.718147
-0.718189
-0.718231
-0.718272
-0.718314
-0.718355
-0.718397
-0.718438
-0.718480
-0.718521
-0.718562
-0.718603
-0.718645
-0.718686
-0.718727
-0.718768
-0.718809
-0.718849
-0.718890
-0.718931
-0.718972
-0.719012
-0.719053
-0.719094
-0.719134
-0.719175
-0.719215
-0.719255
-0.719296
-0.719336
-0.719376
-0.719416
-0.719456
-0.719496
-0.719536
-0.719576
-0.719616
-0.719656
-0.719696
-0.719736
-0.719775
-0.719815
-0.719855
-0.719894
-0.719934
-0.719973
-0.720012
-0.720052
-0.720091
-0.720130
-0.720170
-0.720209
-0.720248
-0.720287
-0.720326
-0.720365
-0.720404
-0.720442
-0.720481
-0.720520
-0.720559
-0.720597
-0.720636
-0.720674
-0.720713
-0.720751
-0.720790
-0.720828
-0.720866
-0.720904
-0.720943
-0.720981
-0.721019
-0.721057
-0.721095
-0.721133
-0.721171
-0.721209
-0.721246
-0.721284
-0.721322
-0.721359
-0.721397
-0.721435
-0.721472
-0.721510
-0.721547
-0.721584
-0.721622
-0.721659
-0.721696
-0.721733
-0.721770
-0.721807
-0.721844
-0.721881
-0.721918
-0.721955
-0.721992
-0.722029
-0.722066
-0.722102
-0.722139
-0.722175
-0.722212
-0.722249
-0.722285
-0.722321
-0.722358
-0.722394
-0.722430
-0.722467
-0.722503
-0.722539
-0.722575
-0.722611
-0.722647
-0.722683
-0.722719
-0.722755
-0.722790
-0.722826
-0.722862
-0.722897
-0.722933
-0.722969
-0.723004
-0.723040
-0.723075
-0.723110
-0.723146
-0.723181
-0.723216
-0.723251
-0.723287
-0.723322
-0.723357
-0.723392
-0.723427
-0.723462
-0.723497
-0.723531
-0.723566
-0.723601
-0.723636
-0.723670
-0.723705
-0.723739
-0.723774
-0.723808
-0.723843
-0.723877
-0.723912
-0.723946
-0.723980
-0.724014
-0.724048
-0.724083
-0.724117
-0.724151
-0.724185
-0.724219
-0.724253
-0.724286
-0.724320
-0.724354
-0.724388
-0.724421
-0.724455
-0.724489
-0.724522
-0.724556
-0.724589
-0.724622
-0.724656
-0.724689
-0.724722
-0.724756
-0.724789
-0.724822
-0.724855
-0.724888
-0.724921
-0.724954
-0.724987
-0.725020
-0.725053
-0.725086
-0.725118
-0.725151
-0.725184
-0.725217
-0.725249
-0.725282
-0.725314
-0.725347
-0.725379
-0.725411
-0.725444
-0.725476
-0.725508
-0.725541
-0.725573
-0.725605
-0.725637
-0.725669
-0.725701
-0.725733
-0.725765
-0.725797
-0.725829
-0.725860
-0.725892
-0.725924
-0.725956
-0.725987
-0.726019
-0.726050
-0.726082
-0.726113
-0.726145
-0.726176
-0.726208
-0.726239
-0.726270
-0.726301
-0.726332
-0.726364
-0.726395
-0.726426
-0.726457
-0.726488
-0.726519
-0.726550
-0.726580
-0.726611
-0.726642
-0.726673
-0.726704
-0.726734
-0.726765
-0.726795
-0.726826
-0.726856
-0.726887
-0.726917
-0.726948
-0.726978
-0.727008
-0.727039
-0.727069
-0.727099
-0.727129
-0.727159
-0.727189
-0.727219
-0.727249
-0.727279
-0.727309
-0.727339
-0.727369
-0.727399
-0.727428
-0.727458
-0.727488
-0.727517
-0.727547
-0.727576
-0.727606
-0.727635
-0.727665
-0.727694
-0.727724
-0.727753
-0.727782
-0.727812
-0.727841
-0.727870
-0.727899
-0.727928
-0.727957
-0.727986
-0.728015
-0.728044
-0.728073
-0.728102
-0.728131
-0.728159
-0.728188
-0.728217
-0.728246
-0.728274
-0.728303
-0.728331
-0.728360
-0.728388
-0.728417
-0.728445
-0.728474
-0.728502
-0.728530
-0.728559
-0.728587
-0.728615
-0.728643
-0.728671
-0.728699
-0.728727
-0.728755
-0.728783
-0.728811
-0.728839
-0.728867
-0.728895
-0.728923
-0.728950
-0.728978
-0.729006
-0.729033
-0.729061
-0.729089
-0.729116
-0.729144
-0.729171
-0.729199
-0.729226
-0.729253
-0.729281
-0.729308
-0.729335
-0.729362
-0.729389
-0.729417
-0.729444
-0.729471
-0.729498
-0.729525
-0.729552
-0.729579
-0.729606
-0.729632
-0.729659
-0.729686
-0.729713
-0.729739
-0.729766
-0.729793
-0.729819
-0.729846
-0.729872
-0.729899
-0.729925
-0.729952
-0.729978
-0.730005
-0.730031
-0.730057
-0.730083
-0.730110
-0.730136
-0.730162
-0.730188
-0.730214
-0.730240
-0.730266
-0.730292
-0.730318
-0.730344
-0.730370
-0.730396
-0.730422
-0.730447
-0.730473
-0.730499
-0.730525
-0.730550
-0.730576
-0.730601
-0.730627
-0.730652
-0.730678
-0.730703
-0.730729
-0.730754
-0.730779
-0.730805
-0.730830
-0.730855
-0.730880
-0.730906
-0.730931
-0.730956
-0.730981
-0.731006
-0.731031
-0.731056
-0.731081
-0.731106
-0.731131
-0.731155
-0.731180
-0.731205
-0.731230
-0.731254
-0.731279
-0.731304
-0.731328
-0.731353
-0.731377
-0.731402
-0.731426
-0.731451
-0.731475
-0.731500
-0.731524
-0.731548
-0.731573
-0.731597
-0.731621
-0.731645
-0.731669
-0.731694
-0.731718
-0.731742
-0.731766
-0.731766
-0.731790
-0.731814
-0.731838
-0.731862
-0.731885
-0.731909
-0.731933
-0.731957
-0.731981
-0.732004
-0.732028
-0.732052
-0.732075
-0.732099
-0.732122
-0.732146
-0.732169
-0.732193
-0.732216
-0.732240
-0.732263
-0.732286
-0.732310
-0.732333
-0.732356
-0.732379
-0.732402
-0.732426
-0.732449
-0.732472
-0.732495
-0.732518
-0.732541
-0.732564
-0.732587
-0.732610
-0.732633
-0.732655
-0.732678
-0.732701
-0.732724
-0.732746
-0.732769
-0.732792
-0.732814
-0.732837
-0.732860
-0.732882
-0.732905
-0.732927
-0.732950
-0.732972
-0.732994
-0.733017
-0.733039
-0.733061
-0.733084
-0.733106
-0.733128
-0.733150
-0.733172
-0.733195
-0.733217
-0.733239
-0.733261
-0.733283
-0.733305
-0.733327
-0.733349
-0.733370
-0.733392
-0.733414
-0.733436
-0.733458
-0.733479
-0.733501
-0.733523
-0.733544
-0.733566
-0.733588
-0.733609
-0.733631
-0.733652
-0.733674
-0.733695
-0.733717
-0.733738
-0.733759
-0.733781
-0.733802
-0.733823
-0.733845
-0.733866
-0.733887
-0.733908
-0.733929
-0.733950
-0.733971
-0.733993
-0.734014
-0.734035
-0.734056
-0.734076
-0.734097
-0.734118
-0.734139
-0.734160
-0.734181
-0.734201
-0.734222
-0.734243
-0.734264
-0.734284
-0.734305
-0.734326
-0.734346
-0.734367
-0.734387
-0.734408
-0.734428
-0.734449
-0.734469
-0.734489
-0.734510
-0.734530
-0.734550
-0.734571
-0.734591
-0.734611
-0.734631
-0.734651
-0.734672
-0.734692
-0.734712
-0.734732
-0.734752
-0.734772
-0.734792
-0.734812
-0.734832
-0.734852
-0.734871
-0.734891
-0.734911
-0.734931
-0.734951
-0.734970
-0.734990
-0.735010
-0.735029
-0.735049
-0.735069
-0.735088
-0.735108
-0.735127
-0.735147
-0.735166
-0.735186
-0.735205
-0.735224
-0.735244
-0.735263
-0.735283
-0.735302
-0.735321
-0.735340
-0.735359
-0.735379
-0.735398
-0.735417
-0.735436
-0.735455
-0.735474
-0.735493
-0.735512
-0.735531
-0.735550
-0.735569
-0.735588
-0.735607
-0.735626
-0.735644
-0.735663
-0.735682
-0.735701
-0.735720
-0.735738
-0.735757
-0.735776
-0.735794
-0.735813
-0.735831
-0.735850
-0.735868
-0.735887
-0.735905
-0.735924
-0.735942
-0.735961
-0.735979
-0.735997
-0.736016
-0.736034
-0.736052
-0.736070
-0.736089
-0.736107
-0.736125
-0.736143
-0.736161
-0.736179
-0.736197
-0.736215
-0.736233
-0.736251
-0.736269
-0.736287
-0.736305
-0.736323
-0.736341
-0.736359
-0.736377
-0.736394
-0.736412
-0.736430
-0.736448
-0.736465
-0.736483
-0.736501
-0.736518
-0.736536
-0.736554
-0.736571
-0.736589
-0.736606
-0.736624
-0.736641
-0.736659
-0.736676
-0.736693
-0.736711
-0.736728
-0.736745
-0.736763
-0.736780
-0.736797
-0.736814
-0.736832
-0.736849
-0.736866
-0.736883
-0.736900
-0.736917
-0.736934
-0.736951
-0.736968
-0.736985
-0.737002
-0.737019
-0.737036
-0.737053
-0.737070
-0.737087
-0.737104
-0.737120
-0.737137
-0.737154
-0.737171
-0.737187
-0.737204
-0.737221
-0.737237
-0.737254
-0.737271
-0.737287
-0.737304
-0.737320
-0.737337
-0.737353
-0.737370
-0.737386
-0.737403
-0.737419
-0.737435
-0.737452
-0.737468
-0.737484
-0.737501
-0.737517
-0.737533
-0.737549
-0.737566
-0.737582
-0.737598
-0.737614
-0.737630
-0.737646
-0.737662
-0.737678
-0.737694
-0.737710
-0.737726
-0.737742
-0.737758
-0.737774
-0.737790
-0.737806
-0.737822
-0.737837
-0.737853
-0.737869
-0.737885
-0.737900
-0.737916
-0.737932
-0.737947
-0.737963
-0.737979
-0.737994
-0.738010
-0.738025
-0.738041
-0.738056
-0.738072
-0.738087
-0.738103
-0.738118
-0.738134
-0.738149
-0.738164
-0.738180
-0.738195
-0.738210
-0.738226
-0.738241
-0.738256
-0.738271
-0.738287
-0.738302
-0.738317
-0.738332
-0.738347
-0.738362
-0.738377
-0.738392
-0.738407
-0.738422
-0.738437
-0.738452
-0.738467
-0.738482
-0.738497
-0.738512
-0.738527
-0.738542
-0.738556
-0.738571
-0.738586
-0.738601
-0.738615
-0.738630
-0.738645
-0.738659
-0.738674
-0.738689
-0.738703
-0.738718
-0.738732
-0.738747
-0.738762
-0.738776
-0.738791
-0.738805
-0.738819
-0.738834
-0.738848
-0.738863
-0.738877
-0.738891
-0.738906
-0.738920
-0.738934
-0.738949
-0.738963
-0.738977
-0.738991
-0.739005
-0.739020
-0.739034
-0.739048
-0.739062
-0.739076
-0.739090
-0.739104
-0.739118
-0.739132
-0.739146
-0.739160
-0.739174
-0.739188
-0.739202
-0.739216
-0.739230
-0.739243
-0.739257
-0.739271
-0.739285
-0.739299
-0.739312
-0.739326
-0.739340
-0.739353
-0.739367
-0.739381
-0.739394
-0.739408
-0.739422
-0.739435
-0.739449
-0.739462
-0.739476
-0.739489
-0.739503
-0.739516
-0.739530
-0.739543
-0.739557
-0.739570
-0.739583
-0.739597
-0.739610
-0.739623
-0.739637
-0.739650
-0.739663
-0.739676
-0.739689
-0.739703
-0.739716
-0.739729
-0.739742
-0.739755
-0.739768
-0.739781
-0.739794
-0.739808
-0.739821
-0.739834
-0.739847
-0.739860
-0.739872
-0.739885
-0.739898
-0.739911
-0.739924
-0.739937
-0.739950
-0.739963
-0.739975
-0.739988
-0.740001
-0.740014
-0.740026
-0.740039
-0.740052
-0.740065
-0.740077
-0.740090
-0.740102
-0.740115
-0.740128
-0.740140
-0.740153
-0.740165
-0.740178
-0.740190
-0.740203
-0.740215
-0.740228
-0.740240
-0.740252
-0.740265
-0.740277
-0.740290
-0.740302
-0.740314
-0.740327
-0.740339
-0.740351
-0.740363
-0.740376
-0.740388
-0.740400
-0.740412
-0.740424
-0.740436
-0.740449
-0.740461
-0.740473
-0.740473
-0.740485
-0.740497
-0.740509
-0.740521
-0.740533
-0.740545
-0.740557
-0.740569
-0.740581
-0.740593
-0.740605
-0.740616
-0.740628
-0.740640
-0.740652
-0.740664
-0.740676
-0.740687
-0.740699
-0.740711
-0.740723
-0.740734
-0.740746
-0.740758
-0.740769
-0.740781
-0.740793
-0.740804
-0.740816
-0.740827
-0.740839
-0.740850
-0.740862
-0.740873
-0.740885
-0.740896
-0.740908
-0.740919
-0.740931
-0.740942
-0.740953
-0.740965
-0.740976
-0.740987
-0.740999
-0.741010
-0.741021
-0.741033
-0.741044
-0.741055
-0.741066
-0.741078
-0.741089
-0.741100
-0.741111
-0.741122
-0.741133
-0.741144
-0.741156
-0.741167
-0.741178
-0.741189
-0.741200
-0.741211
-0.741222
-0.741233
-0.741244
-0.741255
-0.741266
-0.741276
-0.741287
-0.741298
-0.741309
-0.741320
-0.741331
-0.741342
-0.741352
-0.741363
-0.741374
-0.741385
-0.741395
-0.741406
-0.741417
-0.741427
-0.741438
-0.741449
-0.741459
-0.741470
-0.741481
-0.741491
-0.741502
-0.741512
-0.741523
-0.741533
-0.741544
-0.741554
-0.741565
-0.741575
-0.741586
-0.741596
-0.741607
-0.741617
-0.741627
-0.741638
-0.741648
-0.741659
-0.741669
-0.741679
-0.741689
-0.741700
-0.741710
-0.741720
-0.741730
-0.741741
-0.741751
-0.741761
-0.741771
-0.741781
-0.741792
-0.741802
-0.741812
-0.741822
-0.741832
-0.741842
-0.741852
-0.741862
-0.741872
-0.741882
-0.741892
-0.741902
-0.741912
-0.741922
-0.741932
-0.741942
-0.741952
-0.741962
-0.741971
-0.741981
-0.741991
-0.742001
-0.742011
-0.742021
-0.742030
-0.742040
-0.742050
-0.742060
-0.742069
-0.742079
-0.742089
-0.742098
-0.742108
-0.742118
-0.742127
-0.742137
-0.742147
-0.742156
-0.742166
-0.742175
-0.742185
-0.742194
-0.742204
-0.742213
-0.742223
-0.742232
-0.742242
-0.742251
-0.742261
-0.742270
-0.742279
-0.742289
-0.742298
-0.742308
-0.742317
-0.742326
-0.742335
-0.742345
-0.742354
-0.742363
-0.742373
-0.742382
-0.742391
-0.742400
-0.742409
-0.742419
-0.742428
-0.742437
-0.742446
-0.742455
-0.742464
-0.742473
-0.742483
-0.742492
-0.742501
-0.742510
-0.742519
-0.742528
-0.742537
-0.742546
-0.742555
-0.742564
-0.742573
-0.742582
-0.742590
-0.742599
-0.742608
-0.742617
-0.742626
-0.742635
-0.742644
-0.742652
-0.742661
-0.742670
-0.742679
-0.742688
-0.742696
-0.742705
-0.742714
-0.742723
-0.742731
-0.742740
-0.742749
-0.742757
-0.742766
-0.742774
-0.742783
-0.742792
-0.742800
-0.742809
-0.742817
-0.742826
-0.742834
-0.742843
-0.742852
-0.742860
-0.742868
-0.742877
-0.742885
-0.742894
-0.742902
-0.742911
-0.742919
-0.742927
-0.742936
-0.742944
-0.742953
-0.742961
-0.742969
-0.742978
-0.742986
-0.742994
-0.743002
-0.743011
-0.743019
-0.743027
-0.743035
-0.743043
-0.743052
-0.743060
-0.743068
-0.743076
-0.743084
-0.743092
-0.743101
-0.743109
-0.743117
-0.743125
-0.743133
-0.743141
-0.743149
-0.743157
-0.743165
-0.743173
-0.743181
-0.743189
-0.743197
-0.743205
-0.743213
-0.743221
-0.743229
-0.743236
-0.743244
-0.743252
-0.743260
-0.743268
-0.743276
-0.743283
-0.743291
-0.743299
-0.743307
-0.743315
-0.743322
-0.743330
-0.743338
-0.743346
-0.743353
-0.743361
-0.743369
-0.743376
-0.743384
-0.743392
-0.743399
-0.743407
-0.743414
-0.743422
-0.743430
-0.743437
-0.743445
-0.743452
-0.743460
-0.743467
-0.743475
-0.743482
-0.743490
-0.743497
-0.743505
-0.743512
-0.743519
-0.743527
-0.743534
-0.743542
-0.743549
-0.743556
-0.743564
-0.743571
-0.743578
-0.743586
-0.743593
-0.743600
-0.743608
-0.743615
-0.743622
-0.743629
-0.743637
-0.743644
-0.743651
-0.743658
-0.743666
-0.743673
-0.743680
-0.743687
-0.743694
-0.743701
-0.743708
-0.743715
-0.743723
-0.743730
-0.743737
-0.743744
-0.743751
-0.743758
-0.743765
-0.743772
-0.743779
-0.743786
-0.743793
-0.743800
-0.743807
-0.743814
-0.743821
-0.743827
-0.743834
-0.743841
-0.743848
-0.743855
-0.743862
-0.743869
-0.743876
-0.743882
-0.743889
-0.743896
-0.743903
-0.743910
-0.743916
-0.743923
-0.743930
-0.743937
-0.743943
-0.743950
-0.743957
-0.743963
-0.743970
-0.743977
-0.743983
-0.743990
-0.743997
-0.744003
-0.744010
-0.744016
-0.744023
-0.744030
-0.744036
-0.744043
-0.744049
-0.744056
-0.744062
-0.744069
-0.744075
-0.744082
-0.744088
-0.744095
-0.744101
-0.744107
-0.744114
-0.744120
-0.744127
-0.744133
-0.744139
-0.744146
-0.744152
-0.744159
-0.744165
-0.744171
-0.744177
-0.744184
-0.744190
-0.744196
-0.744203
-0.744209
-0.744215
-0.744221
-0.744228
-0.744234
-0.744240
-0.744246
-0.744252
-0.744259
-0.744265
-0.744271
-0.744277
-0.744283
-0.744289
-0.744295
-0.744301
-0.744307
-0.744314
-0.744320
-0.744326
-0.744332
-0.744338
-0.744344
-0.744350
-0.744356
-0.744362
-0.744368
-0.744374
-0.744380
-0.744386
-0.744392
-0.744397
-0.744403
-0.744409
-0.744415
-0.744421
-0.744427
-0.744433
-0.744439
-0.744444
-0.744450
-0.744456
-0.744462
-0.744468
-0.744473
-0.744479
-0.744485
-0.744491
-0.744496
-0.744502
-0.744508
-0.744514
-0.744519
-0.744525
-0.744531
-0.744536
-0.744542
-0.744548
-0.744553
-0.744559
-0.744565
-0.744570
-0.744576
-0.744581
-0.744587
-0.744593
-0.744598
-0.744604
-0.744609
-0.744615
-0.744620
-0.744626
-0.744631
-0.744637
-0.744642
-0.744648
-0.744653
-0.744659
-0.744664
-0.744669
-0.744675
-0.744680
-0.744680
-0.744686
-0.744691
-0.744696
-0.744702
-0.744707
-0.744712
-0.744718
-0.744723
-0.744728
-0.744734
-0.744739
-0.744744
-0.744750
-0.744755
-0.744760
-0.744765
-0.744771
-0.744776
-0.744781
-0.744786
-0.744791
-0.744797
-0.744802
-0.744807
-0.744812
-0.744817
-0.744822
-0.744827
-0.744833
-0.744838
-0.744843
-0.744848
-0.744853
-0.744858
-0.744863
-0.744868
-0.744873
-0.744878
-0.744883
-0.744888
-0.744893
-0.744898
-0.744903
-0.744908
-0.744913
-0.744918
-0.744923
-0.744928
-0.744933
-0.744938
-0.744943
-0.744948
-0.744952
-0.744957
-0.744962
-0.744967
-0.744972
-0.744977
-0.744982
-0.744986
-0.744991
-0.744996
-0.745001
-0.745006
-0.745010
-0.745015
-0.745020
-0.745025
-0.745029
-0.745034
-0.745039
-0.745043
-0.745048
-0.745053
-0.745057
-0.745062
-0.745067
-0.745071
-0.745076
-0.745081
-0.745085
-0.745090
-0.745095
-0.745099
-0.745104
-0.745108
-0.745113
-0.745117
-0.745122
-0.745127
-0.745131
-0.745136
-0.745140
-0.745145
-0.745149
-0.745154
-0.745158
-0.745162
-0.745167
-0.745171
-0.745176
-0.745180
-0.745185
-0.745189
-0.745193
-0.745198
-0.745202
-0.745207
-0.745211
-0.745215
-0.745220
-0.745224
-0.745228
-0.745233
-0.745237
-0.745241
-0.745246
-0.745250
-0.745254
-0.745258
-0.745263
-0.745267
-0.745271
-0.745275
-0.745280
-0.745284
-0.745288
-0.745292
-0.745296
-0.745301
-0.745305
-0.745309
-0.745313
-0.745317
-0.745321
-0.745325
-0.745330
-0.745334
-0.745338
-0.745342
-0.745346
-0.745350
-0.745354
-0.745358
-0.745362
-0.745366
-0.745370
-0.745374
-0.745378
-0.745382
-0.745386
-0.745390
-0.745394
-0.745398
-0.745402
-0.745406
-0.745410
-0.745414
-0.745418
-0.745422
-0.745426
-0.745430
-0.745434
-0.745437
-0.745441
-0.745445
-0.745449
-0.745453
-0.745457
-0.745461
-0.745464
-0.745468
-0.745472
-0.745476
-0.745480
-0.745483
-0.745487
-0.745491
-0.745495
-0.745498
-0.745502
-0.745506
-0.745510
-0.745513
-0.745517
-0.745521
-0.745524
-0.745528
-0.745532
-0.745535
-0.745539
-0.745543
-0.745546
-0.745550
-0.745554
-0.745557
-0.745561
-0.745564
-0.745568
-0.745572
-0.745575
-0.745579
-0.745582
-0.745586
-0.745589
-0.745593
-0.745596
-0.745600
-0.745604
-0.745607
-0.745611
-0.745614
-0.745617
-0.745621
-0.745624
-0.745628
-0.745631
-0.745635
-0.745638
-0.745642
-0.745645
-0.745648
-0.745652
-0.745655
-0.745659
-0.745662
-0.745665
-0.745669
-0.745672
-0.745675
-0.745679
-0.745682
-0.745685
-0.745689
-0.745692
-0.745695
-0.745698
-0.745702
-0.745705
-0.745708
-0.745712
-0.745715
-0.745718
-0.745721
-0.745724
-0.745728
-0.745731
-0.745734
-0.745737
-0.745740
-0.745744
-0.745747
-0.745750
-0.745753
-0.745756
-0.745759
-0.745763
-0.745766
-0.745769
-0.745772
-0.745775
-0.745778
-0.745781
-0.745784
-0.745787
-0.745790
-0.745793
-0.745796
-0.745799
-0.745802
-0.745805
-0.745808
-0.745811
-0.745814
-0.745817
-0.745820
-0.745823
-0.745826
-0.745829
-0.745832
-0.745835
-0.745838
-0.745841
-0.745844
-0.745847
-0.745850
-0.745853
-0.745856
-0.745859
-0.745861
-0.745864
-0.745867
-0.745870
-0.745873
-0.745876
-0.745878
-0.745881
-0.745884
-0.745887
-0.745890
-0.745893
-0.745895
-0.745898
-0.745901
-0.745904
-0.745906
-0.745909
-0.745912
-0.745915
-0.745917
-0.745920
-0.745923
-0.745925
-0.745928
-0.745931
-0.745934
-0.745936
-0.745939
-0.745942
-0.745944
-0.745947
-0.745949
-0.745952
-0.745955
-0.745957
-0.745960
-0.745963
-0.745965
-0.745968
-0.745970
-0.745973
-0.745975
-0.745978
-0.745981
-0.745983
-0.745986
-0.745988
-0.745991
-0.745993
-0.745996
-0.745998
-0.746001
-0.746003
-0.746006
-0.746008
-0.746011
-0.746013
-0.746016
-0.746018
-0.746020
-0.746023
-0.746025
-0.746028
-0.746030
-0.746033
-0.746035
-0.746037
-0.746040
-0.746042
-0.746044
-0.746047
-0.746049
-0.746051
-0.746054
-0.746056
-0.746058
-0.746061
-0.746063
-0.746065
-0.746068
-0.746070
-0.746072
-0.746075
-0.746077
-0.746079
-0.746081
-0.746084
-0.746086
-0.746088
-0.746090
-0.746093
-0.746095
-0.746097
-0.746099
-0.746101
-0.746104
-0.746106
-0.746108
-0.746110
-0.746112
-0.746114
-0.746117
-0.746119
-0.746121
-0.746123
-0.746125
-0.746127
-0.746129
-0.746131
-0.746133
-0.746136
-0.746138
-0.746140
-0.746142
-0.746144
-0.746146
-0.746148
-0.746150
-0.746152
-0.746154
-0.746156
-0.746158
-0.746160
-0.746162
-0.746164
-0.746166
-0.746168
-0.746170
-0.746172
-0.746174
-0.746176
-0.746178
-0.746180
-0.746182
-0.746184
-0.746185
-0.746187
-0.746189
-0.746191
-0.746193
-0.746195
-0.746197
-0.746199
-0.746201
-0.746202
-0.746204
-0.746206
-0.746208
-0.746210
-0.746212
-0.746213
-0.746215
-0.746217
-0.746219
-0.746221
-0.746222
-0.746224
-0.746226
-0.746228
-0.746230
-0.746231
-0.746233
-0.746235
-0.746237
-0.746238
-0.746240
-0.746242
-0.746243
-0.746245
-0.746247
-0.746249
-0.746250
-0.746252
-0.746254
-0.746255
-0.746257
-0.746259
-0.746260
-0.746262
-0.746263
-0.746265
-0.746267
-0.746268
-0.746270
-0.746272
-0.746273
-0.746275
-0.746276
-0.746278
-0.746279
-0.746281
-0.746283
-0.746284
-0.746286
-0.746287
-0.746289
-0.746290
-0.746292
-0.746293
-0.746295
-0.746296
-0.746298
-0.746299
-0.746301
-0.746302
-0.746304
-0.746305
-0.746307
-0.746308
-0.746308
-0.746310
-0.746311
-0.746312
-0.746314
-0.746315
-0.746317
-0.746318
-0.746320
-0.746321
-0.746322
-0.746324
-0.746325
-0.746326
-0.746328
-0.746329
-0.746331
-0.746332
-0.746333
-0.746335
-0.746336
-0.746337
-0.746339
-0.746340
-0.746341
-0.746343
-0.746344
-0.746345
-0.746346
-0.746348
-0.746349
-0.746350
-0.746351
-0.746353
-0.746354
-0.746355
-0.746356
-0.746358
-0.746359
-0.746360
-0.746361
-0.746363
-0.746364
-0.746365
-0.746366
-0.746367
-0.746368
-0.746370
-0.746371
-0.746372
-0.746373
-0.746374
-0.746375
-0.746377
-0.746378
-0.746379
-0.746380
-0.746381
-0.746382
-0.746383
-0.746384
-0.746385
-0.746387
-0.746388
-0.746389
-0.746390
-0.746391
-0.746392
-0.746393
-0.746394
-0.746395
-0.746396
-0.746397
-0.746398
-0.746399
-0.746400
-0.746401
-0.746402
-0.746403
-0.746404
-0.746405
-0.746406
-0.746407
-0.746408
-0.746409
-0.746410
-0.746411
-0.746412
-0.746413
-0.746414
-0.746415
-0.746415
-0.746416
-0.746417
-0.746418
-0.746419
-0.746420
-0.746421
-0.746422
-0.746423
-0.746423
-0.746424
-0.746425
-0.746426
-0.746427
-0.746428
-0.746429
-0.746429
-0.746430
-0.746431
-0.746432
-0.746433
-0.746433
-0.746434
-0.746435
-0.746436
-0.746437
-0.746437
-0.746438
-0.746439
-0.746440
-0.746440
-0.746441
-0.746442
-0.746443
-0.746443
-0.746444
-0.746445
-0.746445
-0.746446
-0.746447
-0.746448
-0.746448
-0.746449
-0.746450
-0.746450
-0.746451
-0.746452
-0.746452
-0.746453
-0.746454
-0.746454
-0.746455
-0.746455
-0.746456
-0.746457
-0.746457
-0.746458
-0.746459
-0.746459
-0.746460
-0.746460
-0.746461
-0.746461
-0.746462
-0.746463
-0.746463
-0.746464
-0.746464
-0.746465
-0.746465
-0.746466
-0.746466
-0.746467
-0.746467
-0.746468
-0.746468
-0.746469
-0.746469
-0.746470
-0.746470
-0.746471
-0.746471
-0.746472
-0.746472
-0.746473
-0.746473
-0.746474
-0.746474
-0.746475
-0.746475
-0.746475
-0.746476
-0.746476
-0.746477
-0.746477
-0.746478
-0.746478
-0.746478
-0.746479
-0.746479
-0.746479
-0.746480
-0.746480
-0.746481
-0.746481
-0.746481
-0.746482
-0.746482
-0.746482
-0.746483
-0.746483
-0.746483
-0.746484
-0.746484
-0.746484
-0.746485
-0.746485
-0.746485
-0.746485
-0.746486
-0.746486
-0.746486
-0.746486
-0.746487
-0.746487
-0.746487
-0.746487
-0.746488
-0.746488
-0.746488
-0.746488
-0.746489
-0.746489
-0.746489
-0.746489
-0.746489
-0.746490
-0.746490
-0.746490
-0.746490
-0.746490
-0.746491
-0.746491
-0.746491
-0.746491
-0.746491
-0.746491
-0.746491
-0.746492
-0.746492
-0.746492
-0.746492
-0.746492
-0.746492
-0.746492
-0.746492
-0.746493
-0.746493
-0.746493
-0.746493
-0.746493
-0.746493
-0.746493
-0.746493
-0.746493
-0.746493
-0.746493
-0.746493
-0.746493
-0.746493
-0.746493
-0.746493
-0.746493
-0.746493
-0.746493
-0.746493
-0.746493
-0.746493
-0.746493
-0.746493
-0.746493
-0.746493
-0.746493
-0.746493
-0.746493
-0.746493
-0.746493
-0.746493
-0.746493
-0.746493
-0.746493
-0.746493
-0.746493
-0.746493
-0.746493
-0.746492
-0.746492
-0.746492
-0.746492
-0.746492
-0.746492
-0.746492
-0.746492
-0.746492
-0.746491
-0.746491
-0.746491
-0.746491
-0.746491
-0.746491
-0.746490
-0.746490
-0.746490
-0.746490
-0.746490
-0.746490
-0.746489
-0.746489
-0.746489
-0.746489
-0.746489
-0.746488
-0.746488
-0.746488
-0.746488
-0.746487
-0.746487
-0.746487
-0.746487
-0.746487
-0.746486
-0.746486
-0.746486
-0.746485
-0.746485
-0.746485
-0.746485
-0.746484
-0.746484
-0.746484
-0.746483
-0.746483
-0.746483
-0.746483
-0.746482
-0.746482
-0.746482
-0.746481
-0.746481
-0.746481
-0.746480
-0.746480
-0.746479
-0.746479
-0.746479
-0.746478
-0.746478
-0.746478
-0.746477
-0.746477
-0.746476
-0.746476
-0.746476
-0.746475
-0.746475
-0.746474
-0.746474
-0.746474
-0.746473
-0.746473
-0.746472
-0.746472
-0.746471
-0.746471
-0.746470
-0.746470
-0.746470
-0.746469
-0.746469
-0.746468
-0.746468
-0.746467
-0.746467
-0.746466
-0.746466
-0.746465
-0.746465
-0.746464
-0.746464
-0.746463
-0.746463
-0.746462
-0.746462
-0.746461
-0.746460
-0.746460
-0.746459
-0.746459
-0.746458
-0.746458
-0.746457
-0.746457
-0.746456
-0.746455
-0.746455
-0.746454
-0.746454
-0.746453
-0.746452
-0.746452
-0.746451
-0.746451
-0.746450
-0.746449
-0.746449
-0.746448
-0.746447
-0.746447
-0.746446
-0.746445
-0.746445
-0.746444
-0.746444
-0.746443
-0.746442
-0.746441
-0.746441
-0.746440
-0.746439
-0.746439
-0.746438
-0.746437
-0.746437
-0.746436
-0.746435
-0.746435
-0.746434
-0.746433
-0.746432
-0.746432
-0.746431
-0.746430
-0.746429
-0.746429
-0.746428
-0.746427
-0.746426
-0.746426
-0.746425
-0.746424
-0.746423
-0.746422
-0.746422
-0.746421
-0.746420
-0.746419
-0.746418
-0.746418
-0.746417
-0.746416
-0.746415
-0.746414
-0.746414
-0.746413
-0.746412
-0.746411
-0.746410
-0.746409
-0.746408
-0.746408
-0.746407
-0.746406
-0.746405
-0.746404
-0.746403
-0.746402
-0.746401
-0.746401
-0.746400
-0.746399
-0.746398
-0.746397
-0.746396
-0.746395
-0.746394
-0.746393
-0.746392
-0.746391
-0.746391
-0.746390
-0.746389
-0.746388
-0.746387
-0.746386
-0.746385
-0.746384
-0.746383
-0.746382
-0.746381
-0.746380
-0.746379
-0.746378
-0.746377
-0.746376
-0.746375
-0.746374
-0.746373
-0.746372
-0.746371
-0.746371
-0.746370
-0.746369
-0.746368
-0.746367
-0.746366
-0.746365
-0.746364
-0.746363
-0.746362
-0.746361
-0.746360
-0.746358
-0.746357
-0.746356
-0.746355
-0.746354
-0.746353
-0.746352
-0.746351
-0.746350
-0.746349
-0.746348
-0.746347
-0.746345
-0.746344
-0.746343
-0.746342
-0.746341
-0.746340
-0.746339
-0.746338
-0.746336
-0.746335
-0.746334
-0.746333
-0.746332
-0.746331
-0.746329
-0.746328
-0.746327
-0.746326
-0.746325
-0.746324
-0.746322
-0.746321
-0.746320
-0.746319
-0.746318
-0.746316
-0.746315
-0.746314
-0.746313
-0.746312
-0.746310
-0.746309
-0.746308
-0.746307
-0.746305
-0.746304
-0.746303
-0.746302
-0.746300
-0.746299
-0.746298
-0.746297
-0.746295
-0.746294
-0.746293
-0.746292
-0.746290
-0.746289
-0.746288
-0.746286
-0.746285
-0.746284
-0.746282
-0.746281
-0.746280
-0.746279
-0.746277
-0.746276
-0.746275
-0.746273
-0.746272
-0.746271
-0.746269
-0.746268
-0.746267
-0.746265
-0.746264
-0.746262
-0.746261
-0.746260
-0.746258
-0.746257
-0.746256
-0.746254
-0.746253
-0.746251
-0.746250
-0.746249
-0.746247
-0.746246
-0.746244
-0.746243
-0.746242
-0.746240
-0.746239
-0.746237
-0.746236
-0.746234
-0.746233
-0.746232
-0.746230
-0.746229
-0.746227
-0.746226
-0.746224
-0.746223
-0.746221
-0.746220
-0.746218
-0.746217
-0.746215
-0.746214
-0.746213
-0.746211
-0.746210
-0.746208
-0.746207
-0.746205
-0.746204
-0.746202
-0.746200
-0.746199
-0.746197
-0.746196
-0.746194
-0.746193
-0.746191
-0.746190
-0.746188
-0.746187
-0.746185
-0.746184
-0.746182
-0.746180
-0.746179
-0.746177
-0.746176
-0.746174
-0.746173
-0.746171
-0.746169
-0.746168
-0.746166
-0.746165
-0.746163
-0.746161
-0.746160
-0.746158
-0.746157
-0.746155
-0.746153
-0.746152
-0.746150
-0.746148
-0.746147
-0.746145
-0.746144
-0.746142
-0.746140
-0.746139
-0.746137
-0.746135
-0.746134
-0.746132
-0.746130
-0.746129
-0.746127
-0.746125
-0.746124
-0.746122
-0.746120
-0.746119
-0.746117
-0.746115
-0.746113
-0.746112
-0.746110
-0.746108
-0.746107
-0.746105
-0.746103
-0.746101
-0.746100
-0.746098
-0.746096
-0.746094
-0.746093
-0.746091
-0.746089
-0.746087
-0.746086
-0.746084
-0.746082
-0.746080
-0.746079
-0.746077
-0.746075
-0.746073
-0.746072
-0.746070
-0.746068
-0.746066
-0.746064
-0.746063
-0.746061
-0.746059
-0.746057
-0.746055
-0.746054
-0.746052
-0.746050
-0.746048
-0.746046
-0.746044
-0.746043
-0.746041
-0.746039
-0.746037
-0.746035
-0.746033
-0.746032
-0.746030
-0.746028
-0.746026
-0.746024
-0.746022
-0.746020
-0.746018
-0.746017
-0.746015
-0.746013
-0.746011
-0.746009
-0.746007
-0.746005
-0.746003
-0.746001
-0.745999
-0.745998
-0.745996
-0.745994
-0.745992
-0.745990
-0.745988
-0.745986
-0.745984
-0.745982
-0.745980
-0.745978
-0.745976
-0.745974
-0.745972
-0.745970
-0.745968
-0.745966
-0.745965
-0.745963
-0.745961
-0.745959
-0.745957
-0.745955
-0.745953
-0.745951
-0.745949
-0.745947
-0.745945
-0.745943
-0.745941
-0.745939
-0.745937
-0.745935
-0.745933
-0.745931
-0.745929
-0.745927
-0.745925
-0.745922
-0.745920
-0.745918
-0.745916
-0.745914
-0.745912
-0.745910
-0.745908
-0.745906
-0.745904
-0.745902
-0.745900
-0.745898
-0.745896
-0.745894
-0.745892
-0.745890
-0.745887
-0.745885
-0.745883
-0.745881
-0.745879
-0.745877
-0.745875
-0.745873
-0.745871
-0.745869
-0.745866
-0.745864
-0.745862
-0.745860
-0.745858
-0.745856
-0.745854
-0.745851
-0.745849
-0.745847
-0.745845
-0.745843
-0.745841
-0.745839
-0.745836
-0.745834
-0.745832
-0.745830
-0.745828
-0.745826
-0.745823
-0.745821
-0.745819
-0.745817
-0.745815
-0.745812
-0.745810
-0.745808
-0.745806
-0.745804
-0.745801
-0.745799
-0.745797
-0.745795
-0.745793
-0.745790
-0.745788
-0.745786
-0.745784
-0.745781
-0.745779
-0.745777
-0.745775
-0.745772
-0.745770
-0.745768
-0.745766
-0.745763
-0.745761
-0.745759
-0.745757
-0.745754
-0.745752
-0.745750
-0.745748
-0.745745
-0.745743
-0.745741
-0.745738
-0.745736
-0.745734
-0.745732
-0.745729
-0.745727
-0.745725
-0.745722
-0.745720
-0.745718
-0.745715
-0.745713
-0.745711
-0.745708
-0.745706
-0.745704
-0.745701
-0.745699
-0.745697
-0.745694
-0.745692
-0.745690
-0.745687
-0.745685
-0.745683
-0.745680
-0.745678
-0.745676
-0.745673
-0.745671
-0.745668
-0.745666
-0.745664
-0.745661
-0.745659
-0.745656
-0.745654
-0.745652
-0.745649
-0.745647
-0.745644
-0.745642
-0.745640
-0.745637
-0.745635
-0.745632
-0.745630
-0.745628
-0.745625
-0.745623
-0.745620
-0.745618
-0.745615
-0.745613
-0.745611
-0.745608
-0.745606
-0.745603
-0.745601
-0.745598
-0.745596
-0.745593
-0.745591
-0.745588
-0.745586
-0.745583
-0.745581
-0.745579
-0.745576
-0.745574
-0.745571
-0.745569
-0.745566
-0.745564
-0.745561
-0.745559
-0.745556
-0.745554
-0.745551
-0.745549
-0.745546
-0.745544
-0.745541
-0.745538
-0.745536
-0.745533
-0.745531
-0.745528
-0.745526
-0.745523
-0.745521
-0.745518
-0.745516
-0.745513
-0.745511
-0.745508
-0.745505
-0.745503
-0.745500
-0.745498
-0.745495
-0.745493
-0.745490
-0.745487
-0.745485
-0.745482
-0.745480
-0.745477
-0.745474
-0.745472
-0.745469
-0.745467
-0.745464
-0.745461
-0.745459
-0.745456
-0.745454
-0.745451
-0.745448
-0.745446
-0.745443
-0.745441
-0.745438
-0.745435
-0.745433
-0.745433
