0.121119
0.111027
0.107946
0.108649
0.110361
0.111713
0.112507
0.112859
0.112891
0.112688
0.112311
0.111805
0.111204
0.110535
0.109822
0.109087
0.108348
0.107626
0.106939
0.106307
0.105752
0.105296
0.104957
0.104756
0.104706
0.104821
0.105104
0.105560
0.106186
0.106982
0.107947
0.109079
0.110377
0.111837
0.113450
0.115206
0.117089
0.119079
0.121159
0.123307
0.125505
0.127736
0.129984
0.132238
0.134487
0.136728
0.138960
0.141191
0.143433
0.145702
0.148012
0.150373
0.152785
0.155242
0.157732
0.160238
0.162742
0.165217
0.167634
0.169957
0.172139
0.174121
0.175831
0.177201
0.178194
0.178818
0.179129
0.179203
0.179114
0.178920
0.178661
0.178361
0.178031
0.177677
0.177298
0.176895
0.176463
0.176000
0.175503
0.174971
0.174401
0.173792
0.173143
0.172454
0.171725
0.170957
0.170149
0.169302
0.168417
0.167495
0.166537
0.165543
0.164513
0.163449
0.162350
0.161216
0.160048
0.158844
0.157606
0.156336
0.155035
0.153711
0.152370
0.151018
0.149655
0.148281
0.146895
0.145501
0.144098
0.142688
0.141271
0.139846
0.138411
0.136964
0.135500
0.134015
0.132503
0.130960
0.129392
0.127788
0.126076
0.124543
0.123412
0.121996
0.120739
0.119408
0.117553
0.115994
0.114993
0.113936
0.112783
0.111695
0.110671
0.109699
0.108793
0.107960
0.107198
0.106506
0.105883
0.105325
0.104828
0.104388
0.103999
0.103653
0.103344
0.103065
0.102810
0.102573
0.102351
0.102140
0.101938
0.101741
0.101550
0.101361
0.101175
0.100991
0.100807
0.100625
0.100443
0.100261
0.100078
0.099896
0.099712
0.099527
0.099340
0.099152
0.098961
0.098768
0.098572
0.098374
0.098171
0.097965
0.097755
0.097541
0.097322
0.097098
0.096869
0.096635
0.096395
0.096149
0.095898
0.095640
0.095377
0.095108
0.094834
0.094554
0.094270
0.093980
0.093686
0.093388
0.093086
0.092780
0.092472
0.092163
0.091852
0.091542
0.091233
0.090925
0.090620
0.090318
0.090019
0.089725
0.089433
0.089145
0.088861
0.088580
0.088306
0.088039
0.087782
0.087536
0.087302
0.087081
0.086873
0.086674
0.086482
0.086297
0.086123
0.085960
0.085809
0.085666
0.085529
0.085392
0.085254
0.085118
0.084988
0.084865
0.084749
0.084640
0.084537
0.084440
0.084346
0.084254
0.084163
0.084071
0.083979
0.083886
0.083795
0.083705
0.083619
0.083538
0.083462
0.083392
0.083326
0.083244
0.083756
0.083650
0.083078
0.083009
0.086094
0.084919
0.083359
0.084742
0.084916
0.085098
0.085457
0.085868
0.086294
0.086732
0.087182
0.087648
0.088124
0.088612
0.089107
0.089609
0.090111
0.090617
0.091120
0.091623
0.092119
0.092614
0.093099
0.093582
0.094055
0.094524
0.094984
0.095440
0.095891
0.096338
0.096782
0.097225
0.097668
0.098111
0.098553
0.098994
0.099428
0.099852
0.100263
0.100660
0.101045
0.101421
0.101789
0.102150
0.102507
0.102860
0.103210
0.103557
0.103902
0.104246
0.104589
0.104932
0.104932
0.105275
0.105618
0.105963
0.106309
0.106658
0.107011
0.107368
0.107731
0.108100
0.108475
0.108854
0.109231
0.109600
0.109954
0.110291
0.110610
0.110912
0.111198
0.111469
0.111725
0.111967
0.112197
0.112413
0.112618
0.112809
0.112992
0.113158
0.113324
0.113467
0.113621
0.113738
0.113887
0.113977
0.114131
0.114188
0.114358
0.114376
0.114575
0.114550
0.114789
0.114724
0.114998
0.114907
0.115193
0.115089
0.115357
0.115244
0.115480
0.115352
0.115550
0.115399
0.115560
0.115373
0.115497
0.115260
0.115353
0.115052
0.115128
0.114759
0.114846
0.114424
0.114573
0.114138
0.114405
0.114000
0.114400
0.114073
0.114572
0.114401
0.114975
0.115033
0.115706
0.116048
0.116855
0.117523
0.118516
0.119507
0.120703
0.121908
0.123192
0.124437
0.125696
0.126894
0.128100
0.129225
0.130369
0.131394
0.132474
0.133370
0.134399
0.135146
0.136148
0.136753
0.137757
0.138264
0.139268
0.139740
0.140690
0.141170
0.142018
0.142527
0.143270
0.143818
0.144486
0.145073
0.145706
0.146320
0.146946
0.147574
0.148206
0.148843
0.149483
0.150127
0.150774
0.151424
0.152077
0.152733
0.153389
0.154047
0.154704
0.155359
0.156013
0.156665
0.157314
0.157960
0.158605
0.159249
0.159892
0.160534
0.161178
0.161823
0.162471
0.163123
0.163778
0.164440
0.165108
0.165783
0.166467
0.167161
0.167864
0.168579
0.169306
0.170046
0.170798
0.171564
0.172343
0.173134
0.173938
0.174752
0.175575
0.176405
0.177238
0.178072
0.178900
0.179719
0.180523
0.181306
0.182063
0.182786
0.183471
0.184113
0.184706
0.185248
0.185735
0.186166
0.186539
0.186854
0.187112
0.187313
0.187460
0.187553
0.187596
0.187592
0.187544
0.187455
0.187330
0.187171
0.186984
0.186771
0.186538
0.186289
0.186026
0.185755
0.185478
0.185199
0.184922
0.184649
0.184384
0.184129
0.183886
0.183659
0.183448
0.183256
0.183085
0.182936
0.182810
0.182709
0.182633
0.182583
0.182561
0.182566
0.182598
0.182658
0.182746
0.182862
0.183005
0.183175
0.183371
0.183592
0.183837
0.184106
0.184397
0.184707
0.185037
0.185384
0.185745
0.186120
0.186505
0.186899
0.187299
0.187702
0.188105
0.188507
0.188903
0.189293
0.189672
0.190040
0.190393
0.190729
0.191048
0.191346
0.191624
0.191880
0.192113
0.192323
0.192511
0.192676
0.192819
0.192941
0.193042
0.193124
0.193188
0.193235
0.193267
0.193284
0.193287
0.193277
0.193251
0.193209
0.193142
0.193036
0.192855
0.192508
0.191729
0.189907
0.187802
0.187118
0.186787
0.186497
0.186230
0.186010
0.185853
0.185766
0.185755
0.185821
0.185967
0.186195
0.186503
0.186893
0.187362
0.187910
0.188534
0.189231
0.189999
0.190832
0.191726
0.192675
0.193673
0.194713
0.195785
0.196881
0.197990
0.199102
0.200204
0.201287
0.202339
0.203351
0.204315
0.205225
0.206077
0.206870
0.207601
0.208272
0.208885
0.209442
0.209946
0.210400
0.210809
0.211175
0.211175
0.211503
0.211797
0.212059
0.212295
0.212506
0.212697
0.212871
0.213030
0.213178
0.213317
0.213450
0.213580
0.213708
0.213837
0.213970
0.214107
0.214251
0.214404
0.214566
0.214739
0.214925
0.215124
0.215337
0.215565
0.215809
0.216069
0.216344
0.216636
0.216944
0.217268
0.217606
0.217960
0.218327
0.218708
0.219100
0.219504
0.219916
0.220338
0.220766
0.221199
0.221637
0.222077
0.222518
0.222958
0.223397
0.223832
0.224263
0.224688
0.225106
0.225517
0.225920
0.226313
0.226697
0.227071
0.227434
0.227787
0.228129
0.228461
0.228781
0.229092
0.229392
0.229682
0.229963
0.230234
0.230497
0.230752
0.230999
0.231238
0.231471
0.231697
0.231917
0.232131
0.232341
0.232546
0.232746
0.232943
0.233136
0.233325
0.233512
0.233695
0.233876
0.234054
0.234230
0.234404
0.234576
0.234745
0.234912
0.235078
0.235241
0.235402
0.235560
0.235717
0.235871
0.236022
0.236172
0.236318
0.236462
0.236603
0.236741
0.236876
0.237008
0.237136
0.237262
0.237384
0.237503
0.237618
0.237730
0.237838
0.237943
0.238044
0.238142
0.238236
0.238326
0.238413
0.238497
0.238577
0.238653
0.238726
0.238796
0.238863
0.238926
0.238987
0.239044
0.239098
0.239149
0.239198
0.239243
0.239286
0.239327
0.239364
0.239399
0.239432
0.239462
0.239489
0.239515
0.239537
0.239558
0.239577
0.239593
0.239607
0.239619
0.239628
0.239636
0.239641
0.239645
0.239646
0.239645
0.239643
0.239638
0.239631
0.239622
0.239611
0.239597
0.239582
0.239565
0.239546
0.239525
0.239501
0.239476
0.239449
0.239419
0.239388
0.239355
0.239320
0.239283
0.239244
0.239204
0.239162
0.239118
0.239072
0.239025
0.238977
0.238927
0.238876
0.238824
0.238771
0.238717
0.238662
0.238606
0.238550
0.238493
0.238436
0.238378
0.238321
0.238264
0.238206
0.238149
0.238092
0.238036
0.237980
0.237924
0.237870
0.237815
0.237762
0.237709
0.237656
0.237604
0.237553
0.237502
0.237452
0.237402
0.237352
0.237302
0.237253
0.237203
0.237153
0.237103
0.237052
0.237001
0.236948
0.236894
0.236840
0.236783
0.236725
0.236665
0.236602
0.236537
0.236469
0.236398
0.236323
0.236243
0.236159
0.236070
0.235974
0.235871
0.235759
0.235639
0.235508
0.235366
0.235210
0.235039
0.234853
0.234651
0.234434
0.234204
0.233967
0.233731
0.233505
0.233300
0.233122
0.232979
0.232871
0.232800
0.232764
0.232761
0.232789
0.232845
0.232927
0.233032
0.233160
0.233306
0.233469
0.233647
0.233837
0.234037
0.234247
0.234463
0.234684
0.234908
0.235133
0.235356
0.235576
0.235790
0.235994
0.236186
0.236363
0.236522
0.236659
0.236772
0.236858
0.236915
0.236942
0.236936
0.236896
0.236822
0.236714
0.236571
0.236394
0.236184
0.235941
0.235667
