0.149322
0.175141
0.186106
0.193135
0.198473
0.202967
0.206858
0.210184
0.212944
0.215143
0.216794
0.217920
0.218551
0.218725
0.218481
0.217867
0.216930
0.215725
0.214307
0.212737
0.211074
0.209381
0.207720
0.206148
0.204717
0.203471
0.202444
0.201656
0.201113
0.200803
0.200700
0.200766
0.200953
0.201209
0.201487
0.201748
0.201962
0.202108
0.202178
0.202168
0.202082
0.201926
0.201709
0.201444
0.201142
0.200818
0.200483
0.200146
0.199812
0.199480
0.199140
0.198781
0.198394
0.197979
0.197536
0.197067
0.196576
0.196069
0.195550
0.195027
0.194510
0.194010
0.193544
0.193123
0.192755
0.192443
0.192181
0.191961
0.191773
0.191610
0.191466
0.191334
0.191212
0.191095
0.190983
0.190873
0.190764
0.190655
0.190546
0.190439
0.190332
0.190228
0.190128
0.190035
0.189949
0.189874
0.189811
0.189763
0.189732
0.189720
0.189728
0.189758
0.189812
0.189891
0.189995
0.190126
0.190283
0.190469
0.190683
0.190928
0.191204
0.191514
0.191858
0.192236
0.192646
0.193087
0.193560
0.194063
0.194596
0.195159
0.195749
0.196368
0.197016
0.197692
0.198398
0.199137
0.199910
0.200722
0.201572
0.202465
0.203422
0.204367
0.205196
0.206066
0.207029
0.207910
0.209042
0.210220
0.211084
0.211922
0.212899
0.213894
0.214898
0.215940
0.217024
0.218148
0.219316
0.220525
0.221764
0.223018
0.224274
0.225522
0.226753
0.227968
0.229167
0.230355
0.231535
0.232714
0.233897
0.235088
0.236290
0.237508
0.238744
0.240001
0.241279
0.242580
0.243906
0.245257
0.246633
0.248037
0.249470
0.250933
0.252429
0.253960
0.255529
0.257137
0.258788
0.260483
0.262224
0.264014
0.265854
0.267747
0.269694
0.271697
0.273757
0.275875
0.278051
0.280285
0.282577
0.284927
0.287335
0.289801
0.292321
0.294892
0.297510
0.300173
0.302877
0.305621
0.308402
0.311218
0.314066
0.316942
0.319840
0.322756
0.325683
0.328616
0.331550
0.334479
0.337397
0.340300
0.343188
0.346063
0.348930
0.351800
0.354678
0.357563
0.360443
0.363302
0.366125
0.368896
0.371599
0.374215
0.376749
0.379250
0.381763
0.384279
0.386762
0.389194
0.391577
0.393934
0.396317
0.398782
0.401345
0.403965
0.406588
0.409186
0.411751
0.414282
0.416780
0.419246
0.421684
0.424096
0.426484
0.428850
0.431198
0.433528
0.435842
0.438143
0.440431
0.442707
0.444974
0.447231
0.449477
0.451701
0.453767
0.456011
0.458172
0.460344
0.462285
0.465537
0.467826
0.469776
0.471648
0.473871
0.476094
0.478276
0.480436
0.482559
0.484669
0.486755
0.488839
0.490906
0.492976
0.495032
0.497095
0.499143
0.501198
0.503240
0.505288
0.507326
0.509370
0.511407
0.513451
0.515496
0.517549
0.519612
0.521690
0.523788
0.525911
0.528063
0.530248
0.532464
0.534708
0.536973
0.539249
0.541529
0.543806
0.546078
0.548340
0.550593
0.552835
0.555069
0.557295
0.559517
0.561737
0.563958
0.566182
0.568410
0.570641
0.572872
0.572872
0.575101
0.577323
0.579539
0.581746
0.583946
0.586140
0.588329
0.590511
0.592681
0.594831
0.596952
0.599033
0.601067
0.603048
0.604975
0.606847
0.608665
0.610428
0.612136
0.613789
0.615386
0.616928
0.618417
0.619856
0.621242
0.622584
0.623871
0.625121
0.626310
0.627473
0.628563
0.629648
0.630639
0.631663
0.632556
0.633540
0.634336
0.635307
0.636003
0.636983
0.637580
0.638582
0.639085
0.640105
0.640536
0.641553
0.641928
0.642910
0.643229
0.644156
0.644409
0.645262
0.645434
0.646197
0.646282
0.646983
0.647003
0.647701
0.647661
0.648389
0.648270
0.649026
0.648804
0.649538
0.649215
0.649862
0.649469
0.649991
0.649560
0.649935
0.649491
0.649697
0.649259
0.649274
0.648861
0.648702
0.648310
0.648036
0.647649
0.647309
0.646912
0.646539
0.646128
0.645739
0.645313
0.644917
0.644469
0.644075
0.643600
0.643221
0.642710
0.642362
0.641809
0.641507
0.640911
0.640652
0.640027
0.639782
0.639157
0.638889
0.638295
0.637986
0.637437
0.637082
0.636581
0.636187
0.635723
0.635306
0.634864
0.634438
0.634007
0.633581
0.633157
0.632736
0.632318
0.631902
0.631488
0.631077
0.630667
0.630258
0.629850
0.629442
0.629034
0.628626
0.628218
0.627809
0.627399
0.626989
0.626578
0.626166
0.625753
0.625340
0.624925
0.624509
0.624091
0.623672
0.623251
0.622828
0.622403
0.621975
0.621545
0.621113
0.620677
0.620239
0.619798
0.619355
0.618909
0.618461
0.618012
0.617561
0.617110
0.616660
0.616211
0.615765
0.615323
0.614886
0.614456
0.614035
0.613623
0.613222
0.612834
0.612459
0.612098
0.611752
0.611421
0.611106
0.610807
0.610523
0.610255
0.610002
0.609764
0.609540
0.609330
0.609133
0.608948
0.608776
0.608614
0.608463
0.608321
0.608187
0.608061
0.607943
0.607830
0.607723
0.607620
0.607521
0.607425
0.607331
0.607240
0.607149
0.607059
0.606969
0.606878
0.606787
0.606694
0.606599
0.606502
0.606402
0.606300
0.606195
0.606087
0.605975
0.605861
0.605742
0.605621
0.605495
0.605367
0.605235
0.605100
0.604962
0.604821
0.604678
0.604533
0.604386
0.604238
0.604088
0.603938
0.603788
0.603638
0.603490
0.603342
0.603197
0.603054
0.602914
0.602778
0.602645
0.602518
0.602395
0.602277
0.602165
0.602058
0.601957
0.601862
0.601773
0.601689
0.601611
0.601539
0.601471
0.601409
0.601351
0.601298
0.601248
0.601203
0.601161
0.601122
0.601087
0.601056
0.601028
0.601005
0.600987
0.600977
0.600981
0.601012
0.601111
0.601375
0.601801
0.602084
0.602150
0.602235
0.602294
0.602332
0.602358
0.602373
0.602373
0.602360
0.602332
0.602291
0.602236
0.602168
0.602088
0.601995
0.601890
0.601774
0.601648
0.601513
0.601370
0.601220
0.601064
0.600904
0.600741
0.600577
0.600414
0.600255
0.600101
0.599954
0.599817
0.599691
0.599577
0.599478
0.599393
0.599323
0.599269
0.599230
0.599206
0.599197
0.599202
0.599220
0.599251
0.599295
0.599295
0.599350
0.599416
0.599493
0.599579
0.599673
0.599777
0.599887
0.600005
0.600130
0.600260
0.600396
0.600537
0.600682
0.600831
0.600983
0.601138
0.601296
0.601456
0.601618
0.601781
0.601945
0.602109
0.602275
0.602440
0.602606
0.602772
0.602937
0.603102
0.603267
0.603432
0.603595
0.603759
0.603922
0.604085
0.604248
0.604411
0.604574
0.604738
0.604902
0.605067
0.605233
0.605400
0.605568
0.605738
0.605910
0.606083
0.606259
0.606437
0.606618
0.606801
0.606987
0.607176
0.607367
0.607561
0.607758
0.607958
0.608161
0.608367
0.608575
0.608786
0.609000
0.609216
0.609434
0.609655
0.609878
0.610103
0.610330
0.610558
0.610789
0.611021
0.611255
0.611490
0.611726
0.611963
0.612202
0.612441
0.612682
0.612923
0.613165
0.613407
0.613651
0.613895
0.614139
0.614384
0.614629
0.614875
0.615122
0.615368
0.615615
0.615863
0.616110
0.616358
0.616607
0.616856
0.617105
0.617354
0.617604
0.617854
0.618104
0.618355
0.618606
0.618857
0.619109
0.619361
0.619613
0.619866
0.620118
0.620371
0.620625
0.620878
0.621132
0.621386
0.621641
0.621895
0.622150
0.622405
0.622660
0.622915
0.623170
0.623425
0.623680
0.623935
0.624190
0.624445
0.624700
0.624955
0.625210
0.625464
0.625719
0.625973
0.626227
0.626481
0.626734
0.626988
0.627241
0.627493
0.627746
0.627998
0.628250
0.628501
0.628752
0.629003
0.629254
0.629504
0.629753
0.630003
0.630252
0.630500
0.630748
0.630996
0.631243
0.631490
0.631737
0.631983
0.632229
0.632474
0.632719
0.632964
0.633208
0.633452
0.633696
0.633939
0.634182
0.634424
0.634666
0.634908
0.635149
0.635390
0.635630
0.635870
0.636110
0.636349
0.636588
0.636827
0.637065
0.637302
0.637539
0.637776
0.638012
0.638248
0.638483
0.638718
0.638952
0.639186
0.639419
0.639652
0.639884
0.640116
0.640347
0.640577
0.640807
0.641036
0.641265
0.641493
0.641721
0.641948
0.642174
0.642401
0.642626
0.642851
0.643076
0.643300
0.643524
0.643747
0.643970
0.644193
0.644415
0.644637
0.644859
0.645081
0.645302
0.645524
0.645745
0.645967
0.646188
0.646410
0.646632
0.646854
0.647077
0.647300
0.647523
0.647747
0.647972
0.648198
0.648425
0.648654
0.648884
0.649116
0.649350
0.649587
0.649826
0.650070
0.650316
0.650567
0.650822
0.651081
0.651342
0.651606
0.651870
0.652132
0.652393
0.652649
0.652902
0.653151
0.653396
0.653638
0.653876
0.654112
0.654346
0.654578
0.654808
0.655037
0.655265
0.655493
0.655720
0.655947
0.656174
0.656401
0.656628
0.656855
0.657083
0.657311
0.657539
0.657769
0.657999
0.658231
0.658464
0.658699
0.658937
0.659176
0.659419
0.659664
0.659912
0.660163
0.660418
0.660676
0.660936
0.661201
0.661468
0.661738
0.662011
