-0.900935
-0.923082
-0.932844
-0.933949
-0.931005
-0.927022
-0.923043
-0.919272
-0.915692
-0.912259
-0.908946
-0.905740
-0.902644
-0.899665
-0.896816
-0.894113
-0.891572
-0.889212
-0.887051
-0.885107
-0.883397
-0.881937
-0.880741
-0.879815
-0.879166
-0.878791
-0.878678
-0.878807
-0.879140
-0.879629
-0.880216
-0.880842
-0.881462
-0.882057
-0.882636
-0.883237
-0.883912
-0.884717
-0.885702
-0.886899
-0.888325
-0.889982
-0.891859
-0.893936
-0.896190
-0.898596
-0.901129
-0.903771
-0.906506
-0.909317
-0.912188
-0.915099
-0.918026
-0.920942
-0.923819
-0.926624
-0.929319
-0.931854
-0.934169
-0.936186
-0.937804
-0.938905
-0.939370
-0.939126
-0.938183
-0.936649
-0.934696
-0.932514
-0.930267
-0.928076
-0.926009
-0.924101
-0.922358
-0.920773
-0.919332
-0.918016
-0.916808
-0.915691
-0.914652
-0.913678
-0.912759
-0.911887
-0.911055
-0.910257
-0.909491
-0.908752
-0.908037
-0.907346
-0.906677
-0.906028
-0.905398
-0.904787
-0.904195
-0.903620
-0.903063
-0.902522
-0.901999
-0.901491
-0.901000
-0.900524
-0.900063
-0.899617
-0.899185
-0.898768
-0.898364
-0.897974
-0.897597
-0.897232
-0.896879
-0.896537
-0.896207
-0.895888
-0.895579
-0.895280
-0.894990
-0.894710
-0.894438
-0.894173
-0.893915
-0.893664
-0.893418
-0.893176
-0.892936
-0.892710
-0.892504
-0.892284
-0.892083
-0.891881
-0.891646
-0.891424
-0.891227
-0.891027
-0.890818
-0.890602
-0.890371
-0.890119
-0.889838
-0.889524
-0.889171
-0.888777
-0.888342
-0.887872
-0.887371
-0.886847
-0.886307
-0.885759
-0.885209
-0.884661
-0.884121
-0.883591
-0.883074
-0.882571
-0.882084
-0.881614
-0.881160
-0.880723
-0.880303
-0.879899
-0.879512
-0.879140
-0.878783
-0.878441
-0.878113
-0.877798
-0.877496
-0.877206
-0.876928
-0.876660
-0.876403
-0.876156
-0.875917
-0.875687
-0.875466
-0.875252
-0.875045
-0.874845
-0.874651
-0.874464
-0.874282
-0.874106
-0.873935
-0.873769
-0.873607
-0.873450
-0.873298
-0.873148
-0.873003
-0.872861
-0.872722
-0.872587
-0.872454
-0.872323
-0.872194
-0.872066
-0.871940
-0.871814
-0.871687
-0.871560
-0.871431
-0.871301
-0.871168
-0.871032
-0.870893
-0.870750
-0.870603
-0.870452
-0.870296
-0.870133
-0.869965
-0.869791
-0.869610
-0.869424
-0.869232
-0.869035
-0.868833
-0.868626
-0.868415
-0.868203
-0.867988
-0.867773
-0.867557
-0.867340
-0.867123
-0.866907
-0.866693
-0.866481
-0.866272
-0.866066
-0.865862
-0.865661
-0.865461
-0.865262
-0.865065
-0.864870
-0.864675
-0.864481
-0.864288
-0.864095
-0.863903
-0.863711
-0.863519
-0.863327
-0.863135
-0.862943
-0.862755
-0.862569
-0.862369
-0.862179
-0.861998
-0.861808
-0.861603
-0.861387
-0.861191
-0.860982
-0.860797
-0.860607
-0.860404
-0.860192
-0.859974
-0.859751
-0.859525
-0.859296
-0.859064
-0.858829
-0.858592
-0.858352
-0.858111
-0.857868
-0.857623
-0.857377
-0.857129
-0.856880
-0.856630
-0.856378
-0.856125
-0.855871
-0.855614
-0.855356
-0.855095
-0.854832
-0.854566
-0.854297
-0.854025
-0.853751
-0.853476
-0.853201
-0.852925
-0.852649
-0.852374
-0.852100
-0.851828
-0.851557
-0.851287
-0.851019
-0.850753
-0.850489
-0.850227
-0.849966
-0.849708
-0.849454
-0.849454
-0.849202
-0.848955
-0.848712
-0.848475
-0.848242
-0.848016
-0.847796
-0.847583
-0.847379
-0.847185
-0.847002
-0.846830
-0.846671
-0.846523
-0.846386
-0.846257
-0.846137
-0.846024
-0.845918
-0.845817
-0.845723
-0.845635
-0.845554
-0.845480
-0.845415
-0.845360
-0.845317
-0.845287
-0.845273
-0.845276
-0.845300
-0.845345
-0.845414
-0.845508
-0.845630
-0.845779
-0.845960
-0.846167
-0.846410
-0.846675
-0.846983
-0.847306
-0.847680
-0.848057
-0.848497
-0.848926
-0.849432
-0.849916
-0.850489
-0.851026
-0.851663
-0.852252
-0.852949
-0.853597
-0.854346
-0.855038
-0.855813
-0.856517
-0.857292
-0.857985
-0.858748
-0.859420
-0.860165
-0.860810
-0.861534
-0.862151
-0.862848
-0.863445
-0.864116
-0.864700
-0.865351
-0.865928
-0.866564
-0.867137
-0.867759
-0.868331
-0.868934
-0.869503
-0.870078
-0.870627
-0.871167
-0.871688
-0.872195
-0.872686
-0.873160
-0.873618
-0.874055
-0.874477
-0.874876
-0.875262
-0.875624
-0.875973
-0.876305
-0.876619
-0.876927
-0.877206
-0.877495
-0.877735
-0.878004
-0.878208
-0.878452
-0.878631
-0.878848
-0.879009
-0.879198
-0.879346
-0.879508
-0.879644
-0.879781
-0.879903
-0.880019
-0.880124
-0.880222
-0.880311
-0.880392
-0.880465
-0.880530
-0.880586
-0.880635
-0.880675
-0.880707
-0.880730
-0.880746
-0.880753
-0.880753
-0.880745
-0.880731
-0.880709
-0.880681
-0.880647
-0.880607
-0.880562
-0.880513
-0.880458
-0.880400
-0.880338
-0.880273
-0.880205
-0.880134
-0.880060
-0.879985
-0.879908
-0.879829
-0.879748
-0.879666
-0.879583
-0.879498
-0.879412
-0.879324
-0.879234
-0.879143
-0.879049
-0.878953
-0.878854
-0.878752
-0.878646
-0.878536
-0.878422
-0.878302
-0.878178
-0.878048
-0.877912
-0.877770
-0.877622
-0.877468
-0.877308
-0.877141
-0.876969
-0.876791
-0.876608
-0.876419
-0.876225
-0.876026
-0.875823
-0.875615
-0.875403
-0.875188
-0.874969
-0.874747
-0.874523
-0.874296
-0.874066
-0.873835
-0.873601
-0.873366
-0.873129
-0.872891
-0.872652
-0.872412
-0.872170
-0.871928
-0.871684
-0.871440
-0.871195
-0.870949
-0.870703
-0.870455
-0.870207
-0.869959
-0.869709
-0.869459
-0.869208
-0.868956
-0.868704
-0.868451
-0.868197
-0.867941
-0.867685
-0.867428
-0.867170
-0.866910
-0.866649
-0.866386
-0.866122
-0.865856
-0.865588
-0.865318
-0.865046
-0.864771
-0.864493
-0.864213
-0.863930
-0.863643
-0.863354
-0.863061
-0.862764
-0.862464
-0.862160
-0.861853
-0.861541
-0.861227
-0.860909
-0.860587
-0.860263
-0.859935
-0.859605
-0.859273
-0.858938
-0.858602
-0.858264
-0.857926
-0.857586
-0.857246
-0.856906
-0.856566
-0.856226
-0.855885
-0.855545
-0.855204
-0.854861
-0.854515
-0.854160
-0.853781
-0.853341
-0.852749
-0.852203
-0.851977
-0.851711
-0.851374
-0.851035
-0.850706
-0.850384
-0.850070
-0.849765
-0.849468
-0.849179
-0.848898
-0.848624
-0.848356
-0.848095
-0.847839
-0.847589
-0.847344
-0.847102
-0.846865
-0.846630
-0.846397
-0.846165
-0.845934
-0.845703
-0.845470
-0.845234
-0.844996
-0.844752
-0.844503
-0.844247
-0.843985
-0.843715
-0.843437
-0.843151
-0.842858
-0.842557
-0.842250
-0.841936
-0.841616
-0.841290
-0.840960
-0.840625
-0.840287
-0.840287
-0.839945
-0.839600
-0.839254
-0.838905
-0.838554
-0.838202
-0.837850
-0.837497
-0.837144
-0.836791
-0.836439
-0.836087
-0.835736
-0.835387
-0.835038
-0.834692
-0.834347
-0.834004
-0.833664
-0.833325
-0.832989
-0.832656
-0.832325
-0.831996
-0.831670
-0.831347
-0.831027
-0.830709
-0.830394
-0.830081
-0.829772
-0.829464
-0.829159
-0.828857
-0.828556
-0.828258
-0.827962
-0.827668
-0.827376
-0.827086
-0.826797
-0.826509
-0.826224
-0.825939
-0.825656
-0.825374
-0.825094
-0.824814
-0.824536
-0.824258
-0.823982
-0.823707
-0.823434
-0.823161
-0.822890
-0.822620
-0.822351
-0.822084
-0.821819
-0.821555
-0.821292
-0.821032
-0.820773
-0.820516
-0.820261
-0.820007
-0.819756
-0.819507
-0.819260
-0.819016
-0.818773
-0.818533
-0.818295
-0.818059
-0.817826
-0.817595
-0.817366
-0.817139
-0.816915
-0.816694
-0.816474
-0.816257
-0.816042
-0.815830
-0.815619
-0.815411
-0.815206
-0.815002
-0.814801
-0.814602
-0.814404
-0.814210
-0.814017
-0.813826
-0.813638
-0.813451
-0.813266
-0.813084
-0.812903
-0.812725
-0.812548
-0.812374
-0.812201
-0.812030
-0.811862
-0.811695
-0.811530
-0.811367
-0.811205
-0.811046
-0.810889
-0.810733
-0.810580
-0.810428
-0.810278
-0.810130
-0.809984
-0.809840
-0.809698
-0.809558
-0.809419
-0.809282
-0.809148
-0.809015
-0.808884
-0.808754
-0.808627
-0.808502
-0.808378
-0.808256
-0.808136
-0.808018
-0.807902
-0.807787
-0.807674
-0.807563
-0.807454
-0.807347
-0.807241
-0.807137
-0.807035
-0.806935
-0.806836
-0.806739
-0.806644
-0.806550
-0.806458
-0.806368
-0.806280
-0.806193
-0.806108
-0.806024
-0.805942
-0.805862
-0.805783
-0.805706
-0.805631
-0.805557
-0.805484
-0.805414
-0.805344
-0.805277
-0.805211
-0.805146
-0.805083
-0.805022
-0.804962
-0.804903
-0.804846
-0.804791
-0.804737
-0.804684
-0.804634
-0.804584
-0.804536
-0.804490
-0.804445
-0.804401
-0.804359
-0.804319
-0.804279
-0.804242
-0.804205
-0.804171
-0.804137
-0.804105
-0.804075
-0.804046
-0.804018
-0.803991
-0.803966
-0.803943
-0.803920
-0.803899
-0.803879
-0.803861
-0.803844
-0.803828
-0.803813
-0.803799
-0.803787
-0.803776
-0.803766
-0.803757
-0.803749
-0.803743
-0.803737
-0.803733
-0.803730
-0.803727
-0.803726
-0.803726
-0.803727
-0.803729
-0.803731
-0.803735
-0.803740
-0.803745
-0.803752
-0.803759
-0.803768
-0.803777
-0.803787
-0.803798
-0.803809
-0.803822
-0.803835
-0.803849
-0.803863
-0.803879
-0.803895
-0.803912
-0.803930
-0.803949
-0.803969
-0.803991
-0.804016
-0.804043
-0.804073
-0.804107
-0.804144
-0.804183
-0.804225
-0.804269
-0.804316
-0.804364
-0.804414
-0.804465
-0.804518
-0.804573
-0.804628
-0.804685
-0.804742
-0.804800
-0.804859
-0.804918
-0.804978
-0.805038
-0.805099
-0.805159
-0.805220
-0.805280
-0.805341
-0.805401
-0.805461
-0.805521
-0.805580
-0.805639
-0.805698
-0.805757
-0.805815
-0.805872
-0.805930
-0.805987
-0.806043
-0.806100
-0.806156
-0.806212
-0.806268
-0.806323
-0.806379
