-0.886591
-0.911061
-0.924287
-0.922165
-0.911333
-0.897654
-0.883784
-0.870598
-0.858328
-0.847009
-0.836611
-0.827075
-0.818326
-0.810275
-0.802829
-0.795893
-0.789375
-0.783189
-0.777257
-0.771512
-0.765898
-0.760375
-0.754914
-0.749501
-0.744136
-0.738835
-0.733631
-0.728574
-0.723733
-0.719189
-0.715026
-0.711314
-0.708092
-0.705362
-0.703088
-0.701198
-0.699601
-0.698198
-0.696891
-0.695594
-0.694231
-0.692747
-0.691103
-0.689281
-0.687286
-0.685147
-0.682916
-0.680668
-0.678479
-0.676410
-0.674490
-0.672747
-0.671224
-0.669979
-0.669066
-0.668533
-0.668419
-0.668757
-0.669580
-0.670918
-0.672796
-0.675200
-0.678053
-0.681211
-0.684518
-0.687859
-0.691177
-0.694456
-0.697704
-0.700929
-0.704136
-0.707325
-0.710492
-0.713632
-0.716738
-0.719805
-0.722829
-0.725804
-0.728729
-0.731599
-0.734412
-0.737166
-0.739858
-0.742485
-0.745046
-0.747540
-0.749963
-0.752316
-0.754595
-0.756800
-0.758928
-0.760979
-0.762951
-0.764842
-0.766650
-0.768375
-0.770015
-0.771571
-0.773046
-0.774444
-0.775777
-0.777059
-0.778304
-0.779517
-0.780693
-0.781818
-0.782892
-0.783918
-0.784903
-0.785848
-0.786754
-0.787618
-0.788437
-0.789208
-0.789927
-0.790590
-0.791194
-0.791735
-0.792222
-0.792674
-0.793086
-0.793420
-0.794127
-0.794930
-0.795511
-0.796245
-0.796778
-0.797016
-0.797462
-0.797882
-0.798142
-0.798395
-0.798676
-0.798970
-0.799278
-0.799605
-0.799945
-0.800294
-0.800649
-0.801006
-0.801362
-0.801716
-0.802067
-0.802414
-0.802757
-0.803095
-0.803428
-0.803756
-0.804079
-0.804396
-0.804708
-0.805015
-0.805316
-0.805612
-0.805903
-0.806189
-0.806469
-0.806745
-0.807015
-0.807280
-0.807540
-0.807795
-0.808044
-0.808289
-0.808528
-0.808763
-0.808992
-0.809217
-0.809436
-0.809651
-0.809860
-0.810065
-0.810265
-0.810460
-0.810650
-0.810837
-0.811018
-0.811196
-0.811369
-0.811538
-0.811703
-0.811865
-0.812023
-0.812178
-0.812329
-0.812478
-0.812623
-0.812767
-0.812908
-0.813046
-0.813183
-0.813319
-0.813452
-0.813585
-0.813717
-0.813848
-0.813978
-0.814109
-0.814239
-0.814370
-0.814501
-0.814633
-0.814767
-0.814902
-0.815039
-0.815178
-0.815319
-0.815463
-0.815609
-0.815759
-0.815912
-0.816069
-0.816230
-0.816396
-0.816567
-0.816743
-0.816925
-0.817112
-0.817307
-0.817508
-0.817718
-0.817935
-0.818162
-0.818398
-0.818644
-0.818899
-0.819166
-0.819445
-0.819737
-0.820043
-0.820364
-0.820702
-0.821060
-0.821440
-0.821845
-0.822281
-0.822752
-0.823262
-0.823818
-0.824424
-0.825084
-0.825801
-0.826576
-0.827407
-0.828261
-0.829195
-0.829943
-0.830826
-0.831754
-0.830885
-0.832600
-0.834711
-0.835461
-0.835560
-0.835404
-0.835313
-0.835324
-0.835447
-0.835635
-0.835893
-0.836183
-0.836522
-0.836876
-0.837269
-0.837668
-0.838100
-0.838532
-0.838995
-0.839454
-0.839941
-0.840425
-0.840930
-0.841437
-0.841957
-0.842482
-0.843017
-0.843558
-0.844108
-0.844665
-0.845231
-0.845806
-0.846392
-0.846990
-0.847599
-0.848219
-0.848848
-0.849483
-0.850124
-0.850771
-0.851426
-0.852092
-0.852771
-0.853465
-0.854175
-0.854903
-0.855649
-0.856414
-0.857199
-0.858004
-0.858829
-0.858829
-0.859674
-0.860539
-0.861424
-0.862329
-0.863252
-0.864193
-0.865150
-0.866123
-0.867109
-0.868103
-0.869104
-0.870107
-0.871111
-0.872115
-0.873120
-0.874126
-0.875133
-0.876142
-0.877153
-0.878168
-0.879186
-0.880206
-0.881231
-0.882257
-0.883287
-0.884316
-0.885349
-0.886378
-0.887412
-0.888438
-0.889472
-0.890493
-0.891527
-0.892538
-0.893573
-0.894574
-0.895610
-0.896597
-0.897635
-0.898611
-0.899648
-0.900614
-0.901645
-0.902610
-0.903629
-0.904602
-0.905608
-0.906598
-0.907594
-0.908602
-0.909581
-0.910596
-0.911539
-0.912537
-0.913416
-0.914371
-0.915152
-0.916038
-0.916697
-0.917499
-0.918049
-0.918775
-0.919334
-0.920033
-0.920852
-0.921619
-0.922844
-0.923840
-0.925367
-0.926787
-0.928481
-0.930387
-0.932256
-0.934551
-0.936696
-0.939254
-0.941705
-0.944410
-0.947022
-0.949660
-0.952138
-0.954494
-0.956670
-0.958709
-0.960605
-0.962393
-0.964075
-0.965671
-0.967199
-0.968649
-0.970089
-0.971421
-0.972851
-0.974069
-0.975578
-0.976683
-0.978325
-0.979365
-0.981107
-0.982165
-0.983920
-0.985065
-0.986768
-0.988031
-0.989657
-0.991029
-0.992580
-0.994015
-0.995509
-0.996957
-0.998408
-0.999835
-1.001243
-1.002626
-1.003978
-1.005295
-1.006571
-1.007798
-1.008972
-1.010087
-1.011142
-1.012133
-1.013062
-1.013931
-1.014741
-1.015498
-1.016204
-1.016863
-1.017480
-1.018057
-1.018598
-1.019106
-1.019582
-1.020030
-1.020449
-1.020843
-1.021213
-1.021560
-1.021884
-1.022188
-1.022471
-1.022736
-1.022983
-1.023212
-1.023424
-1.023621
-1.023803
-1.023971
-1.024126
-1.024268
-1.024398
-1.024518
-1.024627
-1.024727
-1.024819
-1.024903
-1.024980
-1.025052
-1.025119
-1.025182
-1.025242
-1.025301
-1.025359
-1.025417
-1.025477
-1.025538
-1.025603
-1.025672
-1.025745
-1.025824
-1.025907
-1.025997
-1.026093
-1.026195
-1.026304
-1.026419
-1.026541
-1.026670
-1.026805
-1.026946
-1.027094
-1.027247
-1.027407
-1.027572
-1.027742
-1.027918
-1.028098
-1.028284
-1.028474
-1.028668
-1.028866
-1.029070
-1.029277
-1.029489
-1.029705
-1.029926
-1.030152
-1.030383
-1.030618
-1.030859
-1.031106
-1.031358
-1.031615
-1.031879
-1.032148
-1.032423
-1.032705
-1.032992
-1.033285
-1.033584
-1.033888
-1.034198
-1.034514
-1.034834
-1.035158
-1.035487
-1.035819
-1.036155
-1.036494
-1.036836
-1.037179
-1.037524
-1.037869
-1.038216
-1.038563
-1.038909
-1.039255
-1.039601
-1.039946
-1.040290
-1.040634
-1.040976
-1.041319
-1.041661
-1.042003
-1.042345
-1.042688
-1.043032
-1.043376
-1.043723
-1.044071
-1.044421
-1.044772
-1.045125
-1.045481
-1.045838
-1.046196
-1.046557
-1.046919
-1.047283
-1.047648
-1.048015
-1.048383
-1.048751
-1.049123
-1.049581
-1.050258
-1.050699
-1.051165
-1.051562
-1.051904
-1.052244
-1.052605
-1.052988
-1.053392
-1.053814
-1.054256
-1.054717
-1.055197
-1.055695
-1.056210
-1.056741
-1.057285
-1.057841
-1.058406
-1.058979
-1.059557
-1.060138
-1.060718
-1.061296
-1.061868
-1.062433
-1.062987
-1.063529
-1.064055
-1.064565
-1.065057
-1.065530
-1.065983
-1.066416
-1.066830
-1.067224
-1.067601
-1.067962
-1.068307
-1.068638
-1.068956
-1.069263
-1.069561
-1.069561
-1.069849
-1.070131
-1.070406
-1.070676
-1.070942
-1.071205
-1.071466
-1.071726
-1.071984
-1.072243
-1.072503
-1.072763
-1.073026
-1.073291
-1.073558
-1.073828
-1.074102
-1.074379
-1.074661
-1.074946
-1.075236
-1.075530
-1.075829
-1.076132
-1.076440
-1.076752
-1.077069
-1.077391
-1.077717
-1.078047
-1.078381
-1.078718
-1.079059
-1.079403
-1.079749
-1.080098
-1.080449
-1.080802
-1.081155
-1.081510
-1.081864
-1.082218
-1.082572
-1.082925
-1.083277
-1.083627
-1.083975
-1.084322
-1.084665
-1.085007
-1.085345
-1.085681
-1.086013
-1.086343
-1.086670
-1.086994
-1.087315
-1.087633
-1.087949
-1.088261
-1.088572
-1.088880
-1.089185
-1.089489
-1.089791
-1.090090
-1.090388
-1.090685
-1.090980
-1.091274
-1.091567
-1.091858
-1.092149
-1.092439
-1.092728
-1.093017
-1.093305
-1.093592
-1.093879
-1.094165
-1.094451
-1.094737
-1.095022
-1.095306
-1.095591
-1.095874
-1.096158
-1.096441
-1.096723
-1.097006
-1.097287
-1.097568
-1.097849
-1.098129
-1.098408
-1.098686
-1.098964
-1.099242
-1.099518
-1.099794
-1.100069
-1.100343
-1.100616
-1.100889
-1.101161
-1.101432
-1.101702
-1.101972
-1.102240
-1.102508
-1.102775
-1.103041
-1.103307
-1.103572
-1.103836
-1.104099
-1.104362
-1.104625
-1.104886
-1.105147
-1.105408
-1.105668
-1.105927
-1.106186
-1.106445
-1.106704
-1.106962
-1.107219
-1.107477
-1.107734
-1.107991
-1.108247
-1.108504
-1.108760
-1.109017
-1.109273
-1.109529
-1.109785
-1.110041
-1.110297
-1.110553
-1.110810
-1.111066
-1.111322
-1.111579
-1.111836
-1.112092
-1.112350
-1.112607
-1.112864
-1.113122
-1.113380
-1.113639
-1.113898
-1.114157
-1.114417
-1.114677
-1.114937
-1.115198
-1.115460
-1.115722
-1.115984
-1.116247
-1.116511
-1.116776
-1.117041
-1.117307
-1.117574
-1.117841
-1.118110
-1.118379
-1.118649
-1.118920
-1.119193
-1.119466
-1.119740
-1.120015
-1.120292
-1.120569
-1.120848
-1.121128
-1.121409
-1.121692
-1.121976
-1.122261
-1.122547
-1.122835
-1.123124
-1.123415
-1.123707
-1.124000
-1.124295
-1.124591
-1.124889
-1.125188
-1.125489
-1.125791
-1.126094
-1.126400
-1.126706
-1.127014
-1.127324
-1.127635
-1.127947
-1.128261
-1.128577
-1.128894
-1.129213
-1.129534
-1.129856
-1.130179
-1.130505
-1.130832
-1.131161
-1.131492
-1.131825
-1.132160
-1.132498
-1.132837
-1.133179
-1.133524
-1.133872
-1.134222
-1.134576
-1.134933
-1.135295
-1.135660
-1.136031
-1.136407
-1.136789
-1.137178
-1.137574
-1.137979
-1.138394
-1.138819
-1.139256
-1.139703
-1.140163
-1.140632
-1.141112
-1.141600
-1.142097
-1.142602
-1.143114
-1.143635
-1.144164
-1.144701
-1.145247
-1.145801
-1.146364
-1.146935
-1.147512
-1.148097
-1.148688
-1.149283
-1.149883
-1.150486
-1.151091
-1.151696
-1.152302
-1.152906
-1.153508
-1.154107
-1.154701
-1.155289
-1.155871
-1.156447
-1.157015
-1.157574
-1.158126
-1.158669
-1.159202
-1.159727
-1.160243
-1.160750
-1.161248
-1.161737
-1.162218
-1.162691
-1.163155
-1.163612
