-0.281544
-0.280264
-0.279151
-0.278283
-0.277499
-0.276740
-0.275983
-0.275214
-0.274427
-0.273621
-0.272798
-0.271964
-0.271129
-0.270309
-0.269520
-0.268787
-0.268134
-0.267592
-0.267192
-0.266966
-0.266949
-0.267169
-0.267655
-0.268425
-0.269489
-0.270843
-0.272469
-0.274333
-0.276388
-0.278577
-0.280837
-0.283104
-0.285318
-0.287426
-0.289380
-0.291144
-0.292693
-0.294012
-0.295095
-0.295948
-0.296579
-0.297005
-0.297244
-0.297314
-0.297235
-0.297025
-0.296699
-0.296267
-0.295737
-0.295112
-0.294397
-0.293595
-0.292716
-0.291770
-0.290773
-0.289739
-0.288691
-0.287654
-0.286661
-0.285759
-0.285007
-0.284487
-0.284295
-0.284516
-0.285193
-0.286304
-0.287772
-0.289500
-0.291389
-0.293363
-0.295366
-0.297365
-0.299338
-0.301276
-0.303172
-0.305027
-0.306840
-0.308613
-0.310347
-0.312046
-0.313710
-0.315342
-0.316942
-0.318512
-0.320054
-0.321567
-0.323053
-0.324512
-0.325946
-0.327353
-0.328735
-0.330093
-0.331426
-0.332736
-0.334023
-0.335288
-0.336531
-0.337753
-0.338955
-0.340137
-0.341301
-0.342448
-0.343577
-0.344689
-0.345786
-0.346868
-0.347935
-0.348988
-0.350029
-0.351058
-0.352077
-0.353085
-0.354085
-0.355075
-0.356058
-0.357033
-0.358002
-0.358964
-0.359921
-0.360873
-0.361823
-0.362763
-0.363673
-0.364591
-0.365523
-0.366413
-0.367336
-0.368245
-0.369091
-0.369947
-0.370823
-0.371680
-0.372517
-0.373334
-0.374129
-0.374897
-0.375634
-0.376338
-0.377003
-0.377628
-0.378209
-0.378745
-0.379237
-0.379685
-0.380091
-0.380460
-0.380793
-0.381093
-0.381366
-0.381612
-0.381837
-0.382042
-0.382230
-0.382405
-0.382568
-0.382721
-0.382866
-0.383006
-0.383143
-0.383277
-0.383412
-0.383550
-0.383692
-0.383841
-0.383999
-0.384168
-0.384349
-0.384546
-0.384758
-0.384988
-0.385237
-0.385506
-0.385796
-0.386108
-0.386442
-0.386799
-0.387179
-0.387581
-0.388005
-0.388451
-0.388919
-0.389407
-0.389915
-0.390441
-0.390983
-0.391539
-0.392109
-0.392690
-0.393283
-0.393884
-0.394495
-0.395111
-0.395732
-0.396354
-0.396977
-0.397597
-0.398213
-0.398822
-0.399423
-0.400014
-0.400595
-0.401166
-0.401731
-0.402292
-0.402850
-0.403406
-0.403955
-0.404493
-0.405013
-0.405511
-0.405983
-0.406421
-0.406829
-0.407221
-0.407613
-0.408002
-0.408376
-0.408729
-0.409065
-0.409390
-0.409724
-0.410084
-0.410479
-0.410894
-0.411314
-0.411730
-0.412139
-0.412541
-0.412937
-0.413327
-0.413711
-0.414091
-0.414467
-0.414839
-0.415208
-0.415575
-0.415938
-0.416300
-0.416659
-0.417017
-0.417373
-0.417727
-0.418080
-0.418433
-0.418761
-0.419114
-0.419489
-0.419833
-0.420075
-0.420437
-0.420807
-0.421123
-0.421456
-0.421829
-0.422166
-0.422505
-0.422857
-0.423217
-0.423584
-0.423956
-0.424335
-0.424717
-0.425104
-0.425494
-0.425888
-0.426284
-0.426683
-0.427083
-0.427485
-0.427887
-0.428291
-0.428695
-0.429101
-0.429507
-0.429915
-0.430326
-0.430739
-0.431157
-0.431580
-0.432009
-0.432445
-0.432888
-0.433335
-0.433786
-0.434240
-0.434693
-0.435144
-0.435593
-0.436037
-0.436477
-0.436911
-0.437339
-0.437762
-0.438180
-0.438592
-0.439000
-0.439403
-0.439801
-0.440192
-0.440577
-0.440577
-0.440953
-0.441319
-0.441675
-0.442019
-0.442352
-0.442672
-0.442980
-0.443273
-0.443550
-0.443808
-0.444044
-0.444259
-0.444451
-0.444624
-0.444779
-0.444918
-0.445043
-0.445157
-0.445258
-0.445350
-0.445432
-0.445504
-0.445569
-0.445627
-0.445678
-0.445723
-0.445762
-0.445796
-0.445825
-0.445850
-0.445870
-0.445886
-0.445899
-0.445909
-0.445916
-0.445920
-0.445922
-0.445923
-0.445921
-0.445920
-0.445915
-0.445912
-0.445904
-0.445901
-0.445890
-0.445888
-0.445874
-0.445870
-0.445852
-0.445846
-0.445822
-0.445812
-0.445781
-0.445764
-0.445728
-0.445705
-0.445666
-0.445644
-0.445605
-0.445585
-0.445546
-0.445530
-0.445491
-0.445481
-0.445442
-0.445436
-0.445399
-0.445396
-0.445361
-0.445359
-0.445327
-0.445324
-0.445294
-0.445287
-0.445261
-0.445250
-0.445226
-0.445210
-0.445188
-0.445171
-0.445151
-0.445135
-0.445117
-0.445102
-0.445086
-0.445073
-0.445060
-0.445050
-0.445039
-0.445032
-0.445023
-0.445021
-0.445011
-0.445015
-0.445003
-0.445012
-0.444998
-0.445012
-0.444997
-0.445014
-0.445001
-0.445017
-0.445009
-0.445022
-0.445018
-0.445027
-0.445028
-0.445034
-0.445037
-0.445042
-0.445045
-0.445050
-0.445053
-0.445057
-0.445061
-0.445064
-0.445067
-0.445071
-0.445074
-0.445076
-0.445079
-0.445082
-0.445085
-0.445088
-0.445090
-0.445093
-0.445095
-0.445098
-0.445100
-0.445102
-0.445103
-0.445105
-0.445106
-0.445107
-0.445107
-0.445107
-0.445106
-0.445105
-0.445103
-0.445101
-0.445098
-0.445094
-0.445090
-0.445085
-0.445079
-0.445073
-0.445066
-0.445059
-0.445051
-0.445043
-0.445035
-0.445026
-0.445018
-0.445010
-0.445002
-0.444995
-0.444988
-0.444982
-0.444978
-0.444974
-0.444972
-0.444971
-0.444972
-0.444974
-0.444978
-0.444983
-0.444990
-0.444999
-0.445009
-0.445021
-0.445034
-0.445049
-0.445065
-0.445082
-0.445101
-0.445120
-0.445141
-0.445162
-0.445185
-0.445208
-0.445232
-0.445257
-0.445282
-0.445307
-0.445333
-0.445360
-0.445387
-0.445414
-0.445441
-0.445469
-0.445496
-0.445524
-0.445553
-0.445581
-0.445609
-0.445637
-0.445666
-0.445694
-0.445723
-0.445751
-0.445780
-0.445808
-0.445837
-0.445865
-0.445893
-0.445921
-0.445950
-0.445978
-0.446006
-0.446034
-0.446062
-0.446091
-0.446119
-0.446147
-0.446176
-0.446205
-0.446234
-0.446263
-0.446293
-0.446323
-0.446354
-0.446385
-0.446417
-0.446450
-0.446483
-0.446517
-0.446552
-0.446588
-0.446625
-0.446663
-0.446702
-0.446742
-0.446783
-0.446825
-0.446869
-0.446913
-0.446958
-0.447004
-0.447051
-0.447099
-0.447148
-0.447197
-0.447247
-0.447298
-0.447349
-0.447401
-0.447453
-0.447506
-0.447559
-0.447613
-0.447669
-0.447726
-0.447789
-0.447863
-0.447966
-0.448076
-0.448132
-0.448168
-0.448229
-0.448291
-0.448350
-0.448407
-0.448463
-0.448518
-0.448571
-0.448622
-0.448671
-0.448720
-0.448766
-0.448812
-0.448855
-0.448898
-0.448940
-0.448980
-0.449019
-0.449058
-0.449096
-0.449133
-0.449170
-0.449207
-0.449244
-0.449281
-0.449319
-0.449358
-0.449399
-0.449441
-0.449485
-0.449531
-0.449579
-0.449629
-0.449682
-0.449737
-0.449794
-0.449854
-0.449916
-0.449980
-0.450046
-0.450114
-0.450184
-0.450184
-0.450255
-0.450329
-0.450404
-0.450480
-0.450558
-0.450637
-0.450718
-0.450800
-0.450883
-0.450967
-0.451052
-0.451138
-0.451226
-0.451314
-0.451402
-0.451492
-0.451582
-0.451673
-0.451765
-0.451857
-0.451950
-0.452043
-0.452136
-0.452231
-0.452325
-0.452420
-0.452515
-0.452611
-0.452707
-0.452803
-0.452900
-0.452997
-0.453095
-0.453192
-0.453290
-0.453389
-0.453488
-0.453587
-0.453687
-0.453787
-0.453887
-0.453988
-0.454090
-0.454192
-0.454295
-0.454398
-0.454502
-0.454606
-0.454711
-0.454817
-0.454923
-0.455030
-0.455138
-0.455246
-0.455355
-0.455464
-0.455574
-0.455685
-0.455796
-0.455908
-0.456020
-0.456133
-0.456246
-0.456360
-0.456474
-0.456589
-0.456704
-0.456820
-0.456936
-0.457052
-0.457169
-0.457285
-0.457403
-0.457520
-0.457638
-0.457756
-0.457874
-0.457992
-0.458111
-0.458230
-0.458349
-0.458468
-0.458587
-0.458707
-0.458826
-0.458946
-0.459066
-0.459186
-0.459306
-0.459426
-0.459547
-0.459667
-0.459787
-0.459908
-0.460029
-0.460149
-0.460270
-0.460391
-0.460512
-0.460633
-0.460754
-0.460875
-0.460996
-0.461117
-0.461239
-0.461360
-0.461481
-0.461602
-0.461724
-0.461845
-0.461966
-0.462087
-0.462208
-0.462329
-0.462451
-0.462572
-0.462693
-0.462813
-0.462934
-0.463055
-0.463175
-0.463296
-0.463416
-0.463536
-0.463657
-0.463776
-0.463896
-0.464016
-0.464135
-0.464254
-0.464373
-0.464492
-0.464611
-0.464729
-0.464848
-0.464966
-0.465083
-0.465201
-0.465318
-0.465435
-0.465552
-0.465668
-0.465784
-0.465900
-0.466016
-0.466131
-0.466246
-0.466361
-0.466476
-0.466590
-0.466704
-0.466817
-0.466930
-0.467043
-0.467156
-0.467268
-0.467380
-0.467492
-0.467603
-0.467714
-0.467824
-0.467934
-0.468044
-0.468154
-0.468263
-0.468372
-0.468480
-0.468588
-0.468695
-0.468803
-0.468909
-0.469016
-0.469122
-0.469227
-0.469333
-0.469437
-0.469542
-0.469646
-0.469749
-0.469852
-0.469955
-0.470057
-0.470159
-0.470260
-0.470361
-0.470461
-0.470561
-0.470661
-0.470760
-0.470858
-0.470956
-0.471054
-0.471151
-0.471248
-0.471344
-0.471440
-0.471535
-0.471629
-0.471724
-0.471818
-0.471911
-0.472004
-0.472096
-0.472188
-0.472280
-0.472371
-0.472461
-0.472551
-0.472641
-0.472730
-0.472819
-0.472907
-0.472995
-0.473082
-0.473169
-0.473255
-0.473341
-0.473427
-0.473512
-0.473596
-0.473681
-0.473764
-0.473848
-0.473931
-0.474013
-0.474095
-0.474177
-0.474258
-0.474339
-0.474419
-0.474499
-0.474579
-0.474658
-0.474736
-0.474814
-0.474891
-0.474967
-0.475041
-0.475115
-0.475187
-0.475257
-0.475326
-0.475393
-0.475459
-0.475524
-0.475588
-0.475651
-0.475713
-0.475773
-0.475833
-0.475891
-0.475949
-0.476006
-0.476061
-0.476117
-0.476171
-0.476224
-0.476277
-0.476329
-0.476381
-0.476432
-0.476483
-0.476533
-0.476583
-0.476633
-0.476682
-0.476731
-0.476781
-0.476830
-0.476879
-0.476928
-0.476977
-0.477027
-0.477076
-0.477125
-0.477175
-0.477224
-0.477274
-0.477324
-0.477374
-0.477424
