-0.190840
-0.211253
-0.207564
-0.202473
-0.196477
-0.189866
-0.182572
-0.174431
-0.165182
-0.154411
-0.141434
-0.125057
-0.103423
-0.075251
-0.042662
-0.013945
0.007404
0.015702
0.018587
0.019860
0.020642
0.021289
0.021903
0.022502
0.023077
0.023614
0.024097
0.024512
0.024854
0.025120
0.025312
0.025435
0.025496
0.025489
0.025394
0.025108
0.024284
0.023144
0.021862
0.020548
0.019237
0.017932
0.016633
0.015339
0.014051
0.012767
0.011484
0.010197
0.008900
0.007587
0.006257
0.004912
0.003565
0.002242
0.000970
-0.000235
-0.001384
-0.002488
-0.003551
-0.004565
-0.005522
-0.006424
-0.007291
-0.008166
-0.009092
-0.010071
-0.011082
-0.012105
-0.013129
-0.014148
-0.015159
-0.016163
-0.017158
-0.018148
-0.019132
-0.020111
-0.021088
-0.022063
-0.023037
-0.024010
-0.024984
-0.025958
-0.026934
-0.027911
-0.028889
-0.029869
-0.030851
-0.031833
-0.032816
-0.033800
-0.034783
-0.035765
-0.036743
-0.037717
-0.038684
-0.039640
-0.040583
-0.041508
-0.042411
-0.043288
-0.044134
-0.044943
-0.045709
-0.046426
-0.047088
-0.047686
-0.048213
-0.048659
-0.049011
-0.049255
-0.049369
-0.049326
-0.049096
-0.048662
-0.048031
-0.047171
-0.045988
-0.044437
-0.042924
-0.042292
-0.042208
-0.041914
-0.040417
-0.042339
-0.043364
-0.042814
-0.042504
-0.042411
-0.042362
-0.042400
-0.042547
-0.042781
-0.043492
-0.043393
-0.044272
-0.045041
-0.045412
-0.046004
-0.046477
-0.046300
-0.044562
-0.044480
-0.044646
-0.045203
-0.045240
-0.045272
-0.045370
-0.045427
-0.045441
-0.045400
-0.045370
-0.045575
-0.046010
-0.045851
-0.045703
-0.045295
-0.044551
-0.043600
-0.044047
-0.044252
-0.044215
-0.044152
-0.045282
-0.046250
-0.046220
-0.045686
-0.046545
-0.039244
-0.036220
-0.033984
-0.032362
-0.031350
-0.030761
-0.030426
-0.030263
-0.026428
-0.030990
-0.029257
-0.030750
-0.030693
-0.030472
-0.030760
-0.030831
-0.030741
-0.030573
-0.030357
-0.030131
-0.029887
-0.029684
-0.029409
-0.029187
-0.029076
-0.028659
-0.028731
-0.028244
-0.028395
-0.027931
-0.028061
-0.027855
-0.028054
-0.027453
-0.029778
-0.027247
-0.026388
-0.026732
-0.027142
-0.027776
-0.027274
-0.027428
-0.027420
-0.027166
-0.027439
-0.027704
-0.028535
-0.029017
-0.029796
-0.036959
-0.037592
-0.034828
-0.037536
-0.034943
-0.039248
-0.035238
-0.029398
-0.025622
-0.023306
-0.021628
-0.019355
-0.016040
-0.015712
-0.017114
-0.018937
-0.020774
-0.022410
-0.023760
-0.024840
-0.025747
-0.026568
-0.027351
-0.028107
-0.028835
-0.029520
-0.030149
-0.030710
-0.031193
-0.031583
-0.031854
-0.031950
-0.031785
-0.031544
-0.035245
-0.033940
-0.034586
-0.029658
-0.027430
-0.025191
-0.026870
-0.024074
-0.022569
-0.020866
-0.021090
-0.023547
-0.004183
-0.000659
-0.041896
-0.031652
-0.007901
0.006634
0.008860
0.007480
0.005093
0.002330
-0.000631
-0.003740
-0.006983
-0.010334
-0.013733
-0.017092
-0.020327
-0.023381
-0.026230
-0.028881
-0.031359
-0.033717
-0.036027
-0.038368
-0.040807
-0.043397
-0.046177
-0.049175
-0.052413
-0.055908
-0.059675
-0.063748
-0.068232
-0.073519
-0.081587
-0.097321
-0.087321
-0.185703
-0.187230
-0.188550
-0.189712
-0.190748
-0.191684
-0.192537
-0.193322
-0.194048
-0.194724
-0.195357
-0.195951
-0.196512
-0.197043
-0.197547
-0.198027
-0.198484
-0.198922
-0.199341
-0.199744
-0.200131
-0.200503
-0.200863
-0.201210
-0.201545
-0.201870
-0.202184
-0.202489
-0.202786
-0.203074
-0.203353
-0.203626
-0.203891
-0.204150
-0.204402
-0.204648
-0.204889
-0.205124
-0.205353
-0.205578
-0.205798
-0.206013
-0.206224
-0.206430
-0.206633
-0.206831
-0.207026
-0.207218
-0.207405
-0.207590
-0.207771
-0.207949
-0.208124
-0.208296
-0.208466
-0.208632
-0.208796
-0.208958
-0.209117
-0.209273
-0.209428
-0.209580
-0.209730
-0.209877
-0.210023
-0.210167
-0.210308
-0.210448
-0.210586
-0.210722
-0.210857
-0.210989
-0.211121
-0.211250
-0.211378
-0.211504
-0.211629
-0.211752
-0.211874
-0.211995
-0.212114
-0.212232
-0.212349
-0.212464
-0.212578
-0.212691
-0.212802
-0.212913
-0.213022
-0.213130
-0.213237
-0.213343
-0.213448
-0.213552
-0.213655
-0.213757
-0.213858
-0.213958
-0.214057
-0.214156
-0.214253
-0.214349
-0.214445
-0.214540
-0.214633
-0.214726
-0.214819
-0.214910
-0.215001
-0.215091
-0.215180
-0.215268
-0.215356
-0.215443
-0.215529
-0.215615
-0.215700
-0.215784
-0.215868
-0.215951
-0.216033
-0.216115
-0.216196
-0.216276
-0.216356
-0.216435
-0.216514
-0.216592
-0.216670
-0.216747
-0.216823
-0.216899
-0.216975
-0.217050
-0.217124
-0.217198
-0.217271
-0.217344
-0.217416
-0.217488
-0.217560
-0.217631
-0.217701
-0.217771
-0.217841
-0.217910
-0.217979
-0.218047
-0.218115
-0.218183
-0.218250
-0.218316
-0.218382
-0.218448
-0.218514
-0.218579
-0.218643
-0.218708
-0.218772
-0.218835
-0.218898
-0.218961
-0.219024
-0.219086
-0.219148
-0.219209
-0.219270
-0.219331
-0.219391
-0.219451
-0.219511
-0.219571
-0.219630
-0.219688
-0.219747
-0.219805
-0.219863
-0.219921
-0.219978
-0.220035
-0.220092
-0.220148
-0.220204
-0.220260
-0.220316
-0.220371
-0.220426
-0.220481
-0.220535
-0.220590
-0.220643
-0.220697
-0.220751
-0.220804
-0.220857
-0.220909
-0.220962
-0.221014
-0.221066
-0.221118
-0.221169
-0.221169
-0.221221
-0.221272
-0.221322
-0.221373
-0.221423
-0.221474
-0.221523
-0.221573
-0.221623
-0.221672
-0.221721
-0.221770
-0.221818
-0.221867
-0.221915
-0.221963
-0.222011
-0.222058
-0.222106
-0.222153
-0.222200
-0.222247
-0.222294
-0.222340
-0.222386
-0.222432
-0.222478
-0.222524
-0.222570
-0.222615
-0.222660
-0.222705
-0.222750
-0.222795
-0.222839
-0.222883
-0.222927
-0.222971
-0.223015
-0.223059
-0.223102
-0.223146
-0.223189
-0.223232
-0.223275
-0.223317
-0.223360
-0.223402
-0.223445
-0.223487
-0.223529
-0.223570
-0.223612
-0.223653
-0.223695
-0.223736
-0.223777
-0.223818
-0.223859
-0.223899
-0.223940
-0.223980
-0.224020
-0.224060
-0.224100
-0.224140
-0.224180
-0.224219
-0.224259
-0.224298
-0.224337
-0.224376
-0.224415
-0.224454
-0.224493
-0.224531
-0.224569
-0.224608
-0.224646
-0.224684
-0.224722
-0.224760
-0.224797
-0.224835
-0.224872
-0.224910
-0.224947
-0.224984
-0.225021
-0.225058
-0.225095
-0.225131
-0.225168
-0.225204
-0.225241
-0.225277
-0.225313
-0.225349
-0.225385
-0.225421
-0.225456
-0.225492
-0.225528
-0.225563
-0.225598
-0.225633
-0.225669
-0.225703
-0.225738
-0.225773
-0.225808
-0.225843
-0.225877
-0.225911
-0.225946
-0.225980
-0.226014
-0.226048
-0.226082
-0.226116
-0.226150
-0.226183
-0.226217
-0.226251
-0.226284
-0.226317
-0.226351
-0.226384
-0.226417
-0.226450
-0.226483
-0.226516
-0.226548
-0.226581
-0.226613
-0.226646
-0.226678
-0.226711
-0.226743
-0.226775
-0.226807
-0.226839
-0.226871
-0.226903
-0.226935
-0.226967
-0.226998
-0.227030
-0.227061
-0.227093
-0.227124
-0.227155
-0.227186
-0.227217
-0.227248
-0.227279
-0.227310
-0.227341
-0.227372
-0.227403
-0.227433
-0.227464
-0.227494
-0.227525
-0.227555
-0.227585
-0.227615
-0.227646
-0.227676
-0.227706
-0.227736
-0.227765
-0.227795
-0.227825
-0.227855
-0.227884
-0.227914
-0.227943
-0.227973
-0.228002
-0.228032
-0.228061
-0.228090
-0.228119
-0.228148
-0.228177
-0.228206
-0.228235
-0.228264
-0.228293
-0.228321
-0.228350
-0.228379
-0.228407
-0.228436
-0.228464
-0.228493
-0.228521
-0.228549
-0.228578
-0.228606
-0.228634
-0.228662
-0.228690
-0.228718
-0.228746
-0.228774
-0.228801
-0.228829
-0.228857
-0.228885
-0.228912
-0.228940
-0.228967
-0.228995
-0.229022
-0.229050
-0.229077
-0.229104
-0.229131
-0.229159
-0.229186
-0.229213
-0.229240
-0.229267
-0.229294
-0.229321
-0.229348
-0.229374
-0.229401
-0.229428
-0.229455
-0.229481
-0.229508
-0.229534
-0.229561
-0.229587
-0.229614
-0.229640
-0.229667
-0.229693
-0.229719
-0.229746
-0.229772
-0.229798
-0.229824
-0.229850
-0.229876
-0.229902
-0.229928
-0.229954
-0.229980
-0.230006
-0.230032
-0.230057
-0.230083
-0.230109
-0.230135
-0.230160
-0.230186
-0.230212
-0.230237
-0.230263
-0.230288
-0.230314
-0.230339
-0.230364
-0.230390
-0.230415
-0.230440
-0.230466
-0.230491
-0.230516
-0.230541
-0.230566
-0.230592
-0.230617
-0.230642
-0.230667
-0.230692
-0.230717
-0.230742
-0.230767
-0.230792
-0.230816
-0.230841
-0.230866
-0.230891
-0.230916
-0.230940
-0.230965
-0.230990
-0.231015
-0.231039
-0.231064
-0.231089
-0.231113
-0.231138
-0.231162
-0.231187
-0.231211
-0.231236
-0.231260
-0.231285
-0.231309
-0.231334
-0.231358
-0.231382
-0.231407
-0.231431
-0.231455
-0.231480
-0.231504
-0.231528
-0.231553
-0.231577
-0.231601
-0.231625
-0.231649
-0.231674
-0.231698
-0.231722
-0.231746
-0.231770
-0.231794
-0.231819
-0.231843
-0.231867
-0.231891
-0.231915
-0.231939
-0.231963
-0.231987
-0.232011
-0.232035
-0.232059
-0.232084
-0.232108
-0.232132
-0.232156
-0.232180
-0.232204
-0.232228
-0.232252
-0.232276
-0.232300
-0.232324
-0.232348
-0.232372
-0.232396
-0.232420
-0.232444
-0.232468
-0.232492
-0.232516
-0.232540
-0.232564
-0.232588
-0.232613
-0.232637
-0.232661
-0.232685
-0.232709
-0.232733
-0.232757
-0.232781
-0.232806
-0.232830
-0.232854
-0.232878
-0.232903
-0.232927
-0.232951
-0.232975
-0.233000
-0.233024
-0.233048
-0.233073
-0.233097
-0.233122
-0.233146
-0.233171
-0.233195
-0.233220
-0.233245
-0.233269
-0.233294
-0.233319
-0.233343
-0.233368
-0.233393
-0.233418
-0.233443
-0.233468
-0.233493
-0.233518
-0.233543
-0.233568
-0.233594
-0.233619
-0.233644
-0.233670
-0.233695
-0.233721
-0.233746
-0.233772
-0.233798
-0.233824
-0.233849
-0.233875
-0.233902
-0.233928
-0.233954
-0.233980
-0.234007
-0.234033
-0.234060
-0.234087
-0.234113
-0.234140
-0.234168
-0.234195
-0.234222
-0.234249
-0.234277
-0.234305
-0.234333
-0.234361
-0.234389
-0.234417
-0.234446
-0.234474
-0.234503
-0.234532
-0.234562
-0.234591
-0.234621
-0.234651
-0.234681
-0.234711
-0.234742
-0.234772
-0.234804
-0.234835
-0.234867
-0.234899
-0.234931
-0.234964
-0.234997
-0.235030
-0.235064
-0.235098
-0.235132
-0.235167
-0.235203
-0.235239
-0.235275
-0.235312
-0.235350
-0.235388
-0.235427
-0.235467
-0.235507
-0.235548
-0.235589
-0.235632
-0.235675
-0.235720
-0.235765
-0.235812
-0.235859
-0.235908
-0.235958
-0.236010
-0.236063
-0.236117
-0.236173
-0.236231
-0.236291
-0.236353
-0.236417
-0.236484
-0.236553
-0.236624
-0.236699
-0.236777
-0.236859
-0.236944
-0.237033
-0.237126
-0.237224
-0.237328
-0.237436
-0.237551
-0.237672
-0.237800
-0.237935
-0.238079
-0.238231
-0.238231
-0.238393
-0.238565
-0.238749
-0.238944
-0.239152
-0.239374
-0.239610
-0.239863
-0.240133
-0.240420
-0.240728
-0.241055
-0.241405
-0.241777
-0.242173
-0.242594
-0.243041
-0.243515
-0.244016
-0.244544
-0.245101
-0.245686
-0.246298
-0.246937
-0.247601
-0.248290
-0.249003
-0.249736
-0.250489
-0.251259
-0.252045
-0.252843
-0.253652
-0.254470
-0.255295
-0.256125
-0.256958
-0.257793
-0.258627
-0.259461
-0.260291
-0.261118
-0.261940
-0.262757
-0.263567
-0.264371
-0.265167
-0.265955
-0.266735
-0.267507
-0.268270
-0.269024
-0.269769
-0.270505
-0.271232
-0.271950
-0.272659
-0.273358
-0.274049
-0.274731
-0.275404
-0.276069
-0.276724
-0.277372
-0.278011
-0.278642
-0.279265
-0.279880
-0.280488
-0.281088
-0.281680
-0.282266
-0.282844
-0.283415
-0.283979
-0.284537
-0.285088
-0.285633
-0.286171
-0.286704
-0.287230
-0.287750
-0.288265
-0.288774
-0.289278
-0.289776
-0.290269
-0.290756
-0.291239
-0.291717
-0.292189
-0.292658
-0.293121
-0.293580
-0.294035
-0.294485
-0.294931
-0.295373
-0.295811
-0.296245
-0.296675
-0.297101
-0.297524
-0.297943
-0.298359
-0.298772
-0.299181
-0.299587
-0.299989
-0.300389
-0.300786
-0.301180
-0.301572
-0.301960
-0.302346
-0.302730
-0.303111
-0.303490
-0.303867
-0.304241
-0.304614
-0.304985
-0.305354
-0.305721
-0.306086
-0.306450
-0.306813
-0.307175
-0.307536
-0.307896
-0.308256
-0.308616
-0.308975
-0.309333
-0.309692
-0.310051
-0.310410
-0.310769
-0.311128
-0.311488
-0.311849
-0.312211
-0.312574
-0.312939
-0.313305
-0.313673
-0.314042
-0.314414
-0.314788
-0.315165
-0.315544
-0.315925
-0.316309
-0.316696
-0.317086
-0.317479
-0.317874
-0.318272
-0.318673
-0.319076
-0.319482
-0.319890
-0.320300
-0.320715
-0.321135
-0.321562
-0.321994
-0.322429
-0.322864
-0.323300
-0.323736
-0.324171
-0.324606
-0.325038
-0.325469
-0.325896
-0.326321
-0.326741
-0.327158
-0.327572
-0.327981
-0.328386
-0.328788
-0.329186
-0.329580
-0.329971
-0.330358
-0.330742
-0.331123
-0.331501
-0.331876
-0.332248
-0.332617
-0.332983
-0.333346
-0.333707
-0.334065
-0.334421
-0.334773
-0.335124
-0.335471
-0.335816
-0.336158
-0.336497
-0.336833
-0.337167
-0.337496
-0.337823
-0.338144
-0.338459
-0.338765
-0.339047
-0.339295
-0.339588
-0.339767
-0.340019
-0.340296
-0.340552
-0.340834
-0.341101
-0.341383
-0.341659
-0.341938
-0.342215
-0.342491
-0.342765
-0.343036
-0.343304
-0.343569
-0.343831
-0.344089
-0.344344
-0.344596
-0.344844
-0.345089
-0.345331
-0.345569
-0.345805
-0.346037
-0.346266
-0.346492
-0.346715
-0.346936
-0.347154
-0.347368
-0.347581
-0.347790
-0.347997
-0.348202
-0.348404
-0.348604
-0.348801
-0.348996
-0.349189
-0.349380
-0.349568
-0.349755
-0.349939
-0.350122
-0.350302
-0.350481
-0.350657
-0.350832
-0.351005
-0.351177
-0.351346
-0.351514
-0.351681
-0.351845
-0.352009
-0.352170
-0.352331
-0.352489
-0.352647
-0.352802
-0.352957
-0.353110
-0.353261
-0.353411
-0.353560
-0.353707
-0.353853
-0.353998
-0.354141
-0.354283
-0.354423
-0.354562
-0.354700
-0.354836
-0.354971
-0.355104
-0.355236
-0.355367
-0.355496
-0.355624
-0.355750
-0.355875
-0.355998
-0.356121
-0.356241
-0.356360
-0.356478
-0.356594
-0.356709
-0.356822
-0.356934
-0.357044
-0.357152
-0.357258
-0.357363
-0.357465
-0.357565
-0.357663
-0.357758
-0.357850
-0.357937
-0.358021
-0.358099
-0.358171
-0.358236
-0.358294
-0.358344
-0.358387
-0.358422
-0.358452
-0.358485
-0.358513
-0.358562
-0.358540
-0.358172
-0.358195
-0.358217
-0.358238
-0.358258
-0.358278
-0.358296
-0.358314
-0.358330
-0.358345
-0.358359
-0.358373
-0.358386
-0.358398
-0.358409
-0.358421
-0.358432
-0.358442
-0.358452
-0.358462
-0.358472
-0.358482
-0.358491
-0.358500
-0.358509
-0.358518
-0.358526
-0.358535
-0.358543
-0.358551
-0.358559
-0.358567
-0.358575
-0.358582
-0.358590
-0.358597
-0.358604
-0.358611
-0.358618
-0.358625
-0.358632
-0.358639
-0.358645
-0.358652
-0.358658
-0.358664
-0.358671
-0.358677
-0.358683
-0.358689
-0.358695
-0.358701
-0.358707
-0.358713
-0.358718
-0.358724
-0.358730
-0.358735
-0.358741
-0.358746
-0.358751
-0.358757
-0.358762
-0.358767
-0.358772
-0.358777
-0.358782
-0.358787
-0.358792
-0.358797
-0.358802
-0.358806
-0.358811
-0.358816
-0.358820
-0.358825
-0.358829
-0.358834
-0.358838
-0.358843
-0.358847
-0.358851
-0.358855
-0.358860
-0.358864
-0.358868
-0.358872
-0.358876
-0.358880
-0.358884
-0.358888
-0.358892
-0.358896
-0.358900
-0.358903
-0.358907
-0.358911
-0.358915
-0.358918
-0.358922
-0.358926
-0.358929
-0.358933
-0.358936
-0.358940
-0.358943
-0.358947
-0.358950
-0.358954
-0.358957
-0.358961
-0.358964
-0.358967
-0.358971
-0.358974
-0.358977
-0.358980
-0.358984
-0.358987
-0.358990
-0.358993
-0.358996
-0.358999
-0.359002
-0.359006
-0.359009
-0.359012
-0.359015
-0.359018
-0.359021
-0.359023
-0.359026
-0.359029
-0.359032
-0.359035
-0.359038
-0.359041
-0.359044
-0.359047
-0.359049
-0.359052
-0.359055
-0.359058
-0.359060
-0.359063
-0.359066
-0.359068
-0.359071
-0.359074
-0.359076
-0.359079
-0.359082
-0.359084
-0.359087
-0.359090
-0.359092
-0.359095
-0.359097
-0.359100
-0.359102
-0.359105
-0.359107
-0.359110
-0.359112
-0.359115
-0.359117
-0.359120
-0.359122
-0.359124
-0.359127
-0.359127
-0.359129
-0.359131
-0.359134
-0.359136
-0.359138
-0.359141
-0.359143
-0.359145
-0.359148
-0.359150
-0.359152
-0.359154
-0.359157
-0.359159
-0.359161
-0.359163
-0.359166
-0.359168
-0.359170
-0.359172
-0.359174
-0.359176
-0.359179
-0.359181
-0.359183
-0.359185
-0.359187
-0.359189
-0.359191
-0.359193
-0.359195
-0.359197
-0.359199
-0.359202
-0.359204
-0.359206
-0.359208
-0.359210
-0.359212
-0.359214
-0.359216
-0.359218
-0.359219
-0.359221
-0.359223
-0.359225
-0.359227
-0.359229
-0.359231
-0.359233
-0.359235
-0.359237
-0.359239
-0.359241
-0.359243
-0.359244
-0.359246
-0.359248
-0.359250
-0.359252
-0.359254
-0.359255
-0.359257
-0.359259
-0.359261
-0.359263
-0.359265
-0.359266
-0.359268
-0.359270
-0.359272
-0.359274
-0.359275
-0.359277
-0.359279
-0.359281
-0.359283
-0.359284
-0.359286
-0.359288
-0.359290
-0.359292
-0.359293
-0.359295
-0.359297
-0.359299
-0.359300
-0.359302
-0.359304
-0.359305
-0.359307
-0.359309
-0.359311
-0.359312
-0.359314
-0.359316
-0.359317
-0.359319
-0.359321
-0.359322
-0.359324
-0.359326
-0.359327
-0.359329
-0.359331
-0.359332
-0.359334
-0.359336
-0.359337
-0.359339
-0.359341
-0.359342
-0.359344
-0.359346
-0.359347
-0.359349
-0.359350
-0.359352
-0.359354
-0.359355
-0.359357
-0.359358
-0.359360
-0.359361
-0.359363
-0.359365
-0.359366
-0.359368
-0.359369
-0.359371
-0.359372
-0.359374
-0.359375
-0.359377
-0.359379
-0.359380
-0.359382
-0.359383
-0.359385
-0.359386
-0.359388
-0.359389
-0.359391
-0.359392
-0.359394
-0.359395
-0.359397
-0.359398
-0.359400
-0.359401
-0.359403
-0.359404
-0.359406
-0.359407
-0.359408
-0.359410
-0.359411
-0.359413
-0.359414
-0.359416
-0.359417
-0.359419
-0.359420
-0.359421
-0.359423
-0.359424
-0.359426
-0.359427
-0.359428
-0.359430
-0.359431
-0.359433
-0.359434
-0.359435
-0.359437
-0.359438
-0.359440
-0.359441
-0.359442
-0.359444
-0.359445
-0.359447
-0.359448
-0.359449
-0.359451
-0.359452
-0.359453
-0.359455
-0.359456
-0.359457
-0.359459
-0.359460
-0.359461
-0.359463
-0.359464
-0.359465
-0.359467
-0.359468
-0.359469
-0.359471
-0.359472
-0.359473
-0.359475
-0.359476
-0.359477
-0.359478
-0.359480
-0.359481
-0.359482
-0.359484
-0.359485
-0.359486
-0.359487
-0.359489
-0.359490
-0.359491
-0.359493
-0.359494
-0.359495
-0.359496
-0.359498
-0.359499
-0.359500
-0.359501
-0.359503
-0.359504
-0.359505
-0.359506
-0.359508
-0.359509
-0.359510
-0.359511
-0.359512
-0.359514
-0.359515
-0.359516
-0.359517
-0.359519
-0.359520
-0.359521
-0.359522
-0.359523
-0.359525
-0.359526
-0.359527
-0.359528
-0.359529
-0.359530
-0.359532
-0.359533
-0.359534
-0.359535
-0.359536
-0.359538
-0.359539
-0.359540
-0.359541
-0.359542
-0.359543
-0.359544
-0.359546
-0.359547
-0.359548
-0.359549
-0.359550
-0.359551
-0.359553
-0.359554
-0.359555
-0.359556
-0.359557
-0.359558
-0.359559
-0.359560
-0.359562
-0.359563
-0.359564
-0.359565
-0.359566
-0.359567
-0.359568
-0.359569
-0.359570
-0.359572
-0.359573
-0.359574
-0.359575
-0.359576
-0.359577
-0.359578
-0.359579
-0.359580
-0.359581
-0.359582
-0.359584
-0.359585
-0.359586
-0.359587
-0.359588
-0.359589
-0.359590
-0.359591
-0.359592
-0.359593
-0.359594
-0.359595
-0.359596
-0.359597
-0.359598
-0.359599
-0.359600
-0.359602
-0.359603
-0.359604
-0.359605
-0.359606
-0.359607
-0.359608
-0.359609
-0.359610
-0.359611
-0.359612
-0.359613
-0.359614
-0.359615
-0.359616
-0.359617
-0.359618
-0.359619
-0.359620
-0.359621
-0.359622
-0.359623
-0.359624
-0.359625
-0.359626
-0.359627
-0.359628
-0.359629
-0.359630
-0.359631
-0.359632
-0.359633
-0.359634
-0.359635
-0.359636
-0.359637
-0.359638
-0.359639
-0.359640
-0.359641
-0.359642
-0.359643
-0.359644
-0.359645
-0.359646
-0.359646
-0.359647
-0.359648
-0.359649
-0.359650
-0.359651
-0.359652
-0.359653
-0.359654
-0.359655
-0.359656
-0.359657
-0.359658
-0.359659
-0.359660
-0.359661
-0.359662
-0.359663
-0.359663
-0.359664
-0.359665
-0.359666
-0.359667
-0.359668
-0.359669
-0.359670
-0.359671
-0.359672
-0.359673
-0.359674
-0.359674
-0.359675
-0.359676
-0.359677
-0.359678
-0.359679
-0.359680
-0.359681
-0.359682
-0.359683
-0.359683
-0.359684
-0.359685
-0.359686
-0.359687
-0.359688
-0.359689
-0.359690
-0.359691
-0.359691
-0.359692
-0.359693
-0.359694
-0.359695
-0.359696
-0.359697
-0.359697
-0.359698
-0.359699
-0.359700
-0.359701
-0.359702
-0.359703
-0.359704
-0.359704
-0.359705
-0.359706
-0.359707
-0.359708
-0.359709
-0.359709
-0.359710
-0.359711
-0.359712
-0.359713
-0.359714
-0.359715
-0.359715
-0.359716
-0.359717
-0.359718
-0.359719
-0.359720
-0.359720
-0.359721
-0.359722
-0.359723
-0.359724
-0.359724
-0.359725
-0.359726
-0.359727
-0.359728
-0.359729
-0.359729
-0.359730
-0.359731
-0.359732
-0.359733
-0.359733
-0.359734
-0.359735
-0.359736
-0.359737
-0.359737
-0.359738
-0.359739
-0.359740
-0.359741
-0.359741
-0.359742
-0.359743
-0.359744
-0.359744
-0.359745
-0.359746
-0.359747
-0.359748
-0.359748
-0.359749
-0.359750
-0.359751
-0.359751
-0.359752
-0.359753
-0.359754
-0.359755
-0.359755
-0.359756
-0.359757
-0.359758
-0.359758
-0.359759
-0.359760
-0.359761
-0.359761
-0.359762
-0.359763
-0.359764
-0.359764
-0.359765
-0.359766
-0.359767
-0.359767
-0.359767
-0.359768
-0.359769
-0.359770
-0.359770
-0.359771
-0.359772
-0.359773
-0.359773
-0.359774
-0.359775
-0.359776
-0.359776
-0.359777
-0.359778
-0.359778
-0.359779
-0.359780
-0.359781
-0.359781
-0.359782
-0.359783
-0.359783
-0.359784
-0.359785
-0.359786
-0.359786
-0.359787
-0.359788
-0.359788
-0.359789
-0.359790
-0.359791
-0.359791
-0.359792
-0.359793
-0.359793
-0.359794
-0.359795
-0.359796
-0.359796
-0.359797
-0.359798
-0.359798
-0.359799
-0.359800
-0.359800
-0.359801
-0.359802
-0.359802
-0.359803
-0.359804
-0.359804
-0.359805
-0.359806
-0.359807
-0.359807
-0.359808
-0.359809
-0.359809
-0.359810
-0.359811
-0.359811
-0.359812
-0.359813
-0.359813
-0.359814
-0.359815
-0.359815
-0.359816
-0.359817
-0.359817
-0.359818
-0.359819
-0.359819
-0.359820
-0.359821
-0.359821
-0.359822
-0.359822
-0.359823
-0.359824
-0.359824
-0.359825
-0.359826
-0.359826
-0.359827
-0.359828
-0.359828
-0.359829
-0.359830
-0.359830
-0.359831
-0.359832
-0.359832
-0.359833
-0.359833
-0.359834
-0.359835
-0.359835
-0.359836
-0.359837
-0.359837
-0.359838
-0.359838
-0.359839
-0.359840
-0.359840
-0.359841
-0.359842
-0.359842
-0.359843
-0.359843
-0.359844
-0.359845
-0.359845
-0.359846
-0.359846
-0.359847
-0.359848
-0.359848
-0.359849
-0.359850
-0.359850
-0.359851
-0.359851
-0.359852
-0.359853
-0.359853
-0.359854
-0.359854
-0.359855
-0.359856
-0.359856
-0.359857
-0.359857
-0.359858
-0.359859
-0.359859
-0.359860
-0.359860
-0.359861
-0.359861
-0.359862
-0.359863
-0.359863
-0.359864
-0.359864
-0.359865
-0.359866
-0.359866
-0.359867
-0.359867
-0.359868
-0.359868
-0.359869
-0.359870
-0.359870
-0.359871
-0.359871
-0.359872
-0.359872
-0.359873
-0.359874
-0.359874
-0.359875
-0.359875
-0.359876
-0.359876
-0.359877
-0.359878
-0.359878
-0.359879
-0.359879
-0.359880
-0.359880
-0.359881
-0.359881
-0.359882
-0.359883
-0.359883
-0.359884
-0.359884
-0.359885
-0.359885
-0.359886
-0.359886
-0.359887
-0.359887
-0.359888
-0.359889
-0.359889
-0.359890
-0.359890
-0.359891
-0.359891
-0.359892
-0.359892
-0.359893
-0.359893
-0.359894
-0.359895
-0.359895
-0.359896
-0.359896
-0.359897
-0.359897
-0.359898
-0.359898
-0.359899
-0.359899
-0.359900
-0.359900
-0.359901
-0.359901
-0.359902
-0.359902
-0.359903
-0.359903
-0.359904
-0.359904
-0.359905
-0.359906
-0.359906
-0.359907
-0.359907
-0.359908
-0.359908
-0.359909
-0.359909
-0.359910
-0.359910
-0.359911
-0.359911
-0.359912
-0.359912
-0.359913
-0.359913
-0.359914
-0.359914
-0.359915
-0.359915
-0.359916
-0.359916
-0.359917
-0.359917
-0.359918
-0.359918
-0.359919
-0.359919
-0.359920
-0.359920
-0.359921
-0.359921
-0.359922
-0.359922
-0.359923
-0.359923
-0.359924
-0.359924
-0.359925
-0.359925
-0.359925
-0.359926
-0.359926
-0.359927
-0.359927
-0.359928
-0.359929
-0.359929
-0.359930
-0.359931
-0.359931
-0.359932
-0.359933
-0.359933
-0.359934
-0.359935
-0.359935
-0.359936
-0.359936
-0.359937
-0.359937
-0.359938
-0.359938
-0.359938
-0.359939
-0.359940
-0.359940
-0.359941
-0.359942
-0.359943
-0.359943
-0.359944
-0.359945
-0.359946
-0.359947
-0.359948
-0.359949
-0.359950
-0.359950
-0.359951
-0.359952
-0.359953
-0.359954
-0.359955
-0.359956
-0.359957
-0.359957
-0.359958
-0.359959
-0.359960
-0.359961
-0.359962
-0.359963
-0.359963
-0.359964
-0.359965
-0.359966
-0.359967
-0.359968
-0.359969
-0.359970
-0.359971
-0.359971
-0.359972
-0.359972
-0.359973
-0.359974
-0.359975
-0.359976
-0.359977
-0.359978
-0.359979
-0.359980
-0.359981
-0.359982
-0.359983
-0.359983
-0.359984
-0.359985
-0.359986
-0.359986
-0.359987
-0.359988
-0.359989
-0.359990
-0.359990
-0.359991
-0.359991
-0.359992
-0.359993
-0.359994
-0.359995
-0.359996
-0.359997
-0.359998
-0.359999
-0.359999
-0.360000
-0.360001
-0.360002
-0.360003
-0.360004
-0.360005
-0.360006
-0.360007
-0.360007
-0.360008
-0.360009
-0.360010
-0.360011
-0.360011
-0.360012
-0.360013
-0.360014
-0.360015
-0.360016
-0.360017
-0.360018
-0.360018
-0.360019
-0.360020
-0.360021
-0.360022
-0.360023
-0.360024
-0.360025
-0.360026
-0.360027
-0.360028
-0.360028
-0.360029
-0.360030
-0.360031
-0.360032
-0.360033
-0.360033
-0.360034
-0.360035
-0.360036
-0.360037
-0.360038
-0.360039
-0.360039
-0.360040
-0.360041
-0.360042
-0.360043
-0.360044
-0.360045
-0.360046
-0.360047
-0.360047
-0.360048
-0.360049
-0.360050
-0.360051
-0.360052
-0.360053
-0.360054
-0.360055
-0.360056
-0.360056
-0.360057
-0.360058
-0.360059
-0.360060
-0.360061
-0.360061
-0.360062
-0.360063
-0.360064
-0.360065
-0.360066
-0.360067
-0.360068
-0.360069
-0.360070
-0.360070
-0.360071
-0.360072
-0.360073
-0.360074
-0.360075
-0.360076
-0.360077
-0.360078
-0.360079
-0.360079
-0.360080
-0.360081
-0.360082
-0.360083
-0.360084
-0.360085
-0.360086
-0.360087
-0.360088
-0.360088
-0.360089
-0.360090
-0.360091
-0.360092
-0.360093
-0.360094
-0.360095
-0.360096
-0.360097
-0.360097
-0.360098
-0.360099
-0.360100
-0.360101
-0.360102
-0.360103
-0.360104
-0.360105
-0.360105
-0.360106
-0.360107
-0.360108
-0.360109
-0.360110
-0.360111
-0.360112
-0.360113
-0.360113
-0.360114
-0.360115
-0.360116
-0.360117
-0.360118
-0.360119
-0.360120
-0.360121
-0.360121
-0.360122
-0.360123
-0.360123
-0.360124
-0.360125
-0.360126
-0.360127
-0.360128
-0.360128
-0.360129
-0.360130
-0.360131
-0.360132
-0.360133
-0.360134
-0.360135
-0.360136
-0.360136
-0.360137
-0.360138
-0.360139
-0.360140
-0.360141
-0.360142
-0.360143
-0.360143
-0.360144
-0.360145
-0.360146
-0.360147
-0.360148
-0.360149
-0.360150
-0.360151
-0.360151
-0.360152
-0.360153
-0.360154
-0.360155
-0.360156
-0.360157
-0.360158
-0.360158
-0.360159
-0.360160
-0.360161
-0.360162
-0.360163
-0.360164
-0.360165
-0.360165
-0.360166
-0.360167
-0.360168
-0.360169
-0.360170
-0.360171
-0.360172
-0.360172
-0.360173
-0.360174
-0.360175
-0.360176
-0.360177
-0.360178
-0.360178
-0.360179
-0.360180
-0.360181
-0.360182
-0.360183
-0.360184
-0.360185
-0.360185
-0.360186
-0.360187
-0.360188
-0.360189
-0.360190
-0.360191
-0.360192
-0.360192
-0.360193
-0.360194
-0.360195
-0.360196
-0.360197
-0.360198
-0.360198
-0.360199
-0.360200
-0.360201
-0.360202
-0.360203
-0.360204
-0.360204
-0.360205
-0.360206
-0.360207
-0.360208
-0.360209
-0.360210
-0.360211
-0.360211
-0.360212
-0.360213
-0.360214
-0.360215
-0.360216
-0.360217
-0.360217
-0.360218
-0.360219
-0.360220
-0.360221
-0.360222
-0.360223
-0.360223
-0.360224
-0.360225
-0.360226
-0.360227
-0.360228
-0.360229
-0.360229
-0.360230
-0.360231
-0.360232
-0.360233
-0.360234
-0.360235
-0.360235
-0.360236
-0.360237
-0.360238
-0.360239
-0.360240
-0.360241
-0.360241
-0.360242
-0.360243
-0.360244
-0.360245
-0.360246
-0.360247
-0.360247
-0.360248
-0.360249
-0.360250
-0.360251
-0.360252
-0.360253
-0.360253
-0.360254
-0.360255
-0.360256
-0.360257
-0.360258
-0.360259
-0.360259
-0.360260
-0.360261
-0.360262
-0.360263
-0.360264
-0.360264
-0.360265
-0.360266
-0.360267
-0.360268
-0.360269
-0.360270
-0.360270
-0.360271
-0.360272
-0.360273
-0.360274
-0.360275
-0.360275
-0.360276
-0.360277
-0.360278
-0.360279
-0.360280
-0.360281
-0.360281
-0.360282
-0.360283
-0.360284
-0.360285
-0.360286
-0.360286
-0.360287
-0.360288
-0.360289
-0.360290
-0.360291
-0.360292
-0.360292
-0.360293
-0.360294
-0.360295
-0.360296
-0.360297
-0.360297
-0.360298
-0.360299
-0.360300
-0.360301
-0.360302
-0.360302
-0.360303
-0.360304
-0.360305
-0.360306
-0.360307
-0.360308
-0.360308
-0.360309
-0.360310
-0.360311
-0.360312
-0.360313
-0.360313
-0.360314
-0.360315
-0.360316
-0.360317
-0.360318
-0.360318
-0.360319
-0.360320
-0.360321
-0.360322
-0.360323
-0.360323
-0.360324
-0.360325
-0.360326
-0.360327
-0.360328
-0.360328
-0.360329
-0.360330
-0.360331
-0.360332
-0.360333
-0.360333
-0.360334
-0.360335
-0.360336
-0.360337
-0.360338
-0.360338
-0.360339
-0.360340
-0.360341
-0.360342
-0.360343
-0.360343
-0.360344
-0.360345
-0.360346
-0.360347
-0.360348
-0.360348
-0.360349
-0.360350
-0.360351
-0.360352
-0.360353
-0.360353
-0.360354
-0.360355
-0.360356
-0.360357
-0.360357
-0.360358
-0.360359
-0.360360
-0.360361
-0.360362
-0.360362
-0.360363
-0.360364
-0.360365
-0.360366
-0.360367
-0.360367
-0.360368
-0.360369
-0.360370
-0.360371
-0.360372
-0.360372
-0.360373
-0.360374
-0.360375
-0.360376
-0.360376
-0.360377
-0.360378
-0.360379
-0.360380
-0.360381
-0.360381
-0.360382
-0.360383
-0.360384
-0.360385
-0.360386
-0.360386
-0.360387
-0.360388
-0.360389
-0.360390
-0.360390
-0.360391
-0.360392
-0.360393
-0.360394
-0.360395
-0.360395
-0.360396
-0.360397
-0.360398
-0.360399
-0.360399
-0.360400
-0.360401
-0.360402
-0.360403
-0.360404
-0.360404
-0.360405
-0.360406
-0.360407
-0.360408
-0.360408
-0.360409
-0.360410
-0.360411
-0.360412
-0.360412
-0.360413
-0.360414
-0.360415
-0.360416
-0.360417
-0.360417
-0.360418
-0.360419
-0.360420
-0.360421
-0.360421
-0.360422
-0.360423
-0.360424
-0.360425
-0.360426
-0.360426
-0.360427
-0.360428
-0.360429
-0.360430
-0.360430
-0.360431
-0.360432
-0.360433
-0.360434
-0.360434
-0.360435
-0.360436
-0.360437
-0.360438
-0.360438
-0.360439
-0.360440
-0.360441
-0.360442
-0.360443
-0.360443
-0.360444
-0.360445
-0.360446
-0.360447
-0.360447
-0.360448
-0.360449
-0.360450
-0.360451
-0.360451
-0.360452
-0.360453
-0.360454
-0.360455
-0.360455
-0.360456
-0.360457
-0.360458
-0.360459
-0.360459
-0.360460
-0.360461
-0.360462
-0.360463
-0.360463
-0.360464
-0.360465
-0.360466
-0.360467
-0.360467
-0.360468
-0.360469
-0.360470
-0.360471
-0.360471
-0.360472
-0.360473
-0.360474
-0.360475
-0.360475
-0.360476
-0.360477
-0.360478
-0.360479
-0.360479
-0.360480
-0.360481
-0.360482
-0.360483
-0.360483
-0.360484
-0.360485
-0.360486
-0.360487
-0.360487
-0.360488
-0.360489
-0.360490
-0.360491
-0.360491
-0.360492
-0.360493
-0.360494
-0.360495
-0.360495
-0.360496
-0.360497
-0.360498
-0.360499
-0.360499
-0.360500
-0.360501
-0.360502
-0.360503
-0.360503
-0.360504
-0.360505
-0.360506
-0.360507
-0.360507
-0.360508
-0.360509
-0.360510
-0.360511
-0.360511
-0.360512
-0.360513
-0.360514
-0.360515
-0.360515
-0.360516
-0.360517
-0.360518
-0.360518
-0.360519
-0.360520
-0.360521
-0.360522
-0.360522
-0.360523
-0.360524
-0.360525
-0.360526
-0.360526
-0.360527
-0.360528
-0.360529
-0.360530
-0.360530
-0.360531
-0.360532
-0.360533
-0.360533
-0.360534
-0.360535
-0.360536
-0.360537
-0.360537
-0.360538
-0.360539
-0.360539
-0.360540
-0.360541
-0.360541
-0.360542
-0.360543
-0.360544
-0.360544
-0.360545
-0.360546
-0.360547
-0.360548
-0.360548
-0.360549
-0.360550
-0.360551
-0.360552
-0.360552
-0.360553
-0.360554
-0.360555
-0.360555
-0.360556
-0.360557
-0.360558
-0.360559
-0.360559
-0.360560
-0.360561
-0.360562
-0.360563
-0.360563
-0.360564
-0.360565
-0.360566
-0.360566
-0.360567
-0.360568
-0.360569
-0.360570
-0.360570
-0.360571
-0.360572
-0.360573
-0.360573
-0.360574
-0.360575
-0.360576
-0.360577
-0.360577
-0.360578
-0.360579
-0.360580
-0.360580
-0.360581
-0.360582
-0.360583
-0.360584
-0.360584
-0.360585
-0.360586
-0.360587
-0.360587
-0.360588
-0.360589
-0.360590
-0.360591
-0.360591
-0.360592
-0.360593
-0.360594
-0.360594
-0.360595
-0.360596
-0.360597
-0.360598
-0.360598
-0.360599
-0.360600
-0.360601
-0.360601
-0.360602
-0.360603
-0.360604
-0.360604
-0.360605
-0.360606
-0.360607
-0.360608
-0.360608
-0.360609
-0.360610
-0.360611
-0.360611
-0.360612
-0.360613
-0.360614
-0.360615
-0.360615
-0.360616
-0.360617
-0.360618
-0.360618
-0.360619
-0.360620
-0.360621
-0.360621
-0.360622
-0.360623
-0.360624
-0.360625
-0.360625
-0.360626
-0.360627
-0.360628
-0.360628
-0.360629
-0.360630
-0.360631
-0.360631
-0.360632
-0.360633
-0.360634
-0.360634
-0.360635
-0.360636
-0.360637
-0.360638
-0.360638
-0.360639
-0.360640
-0.360641
-0.360641
-0.360642
-0.360643
-0.360644
-0.360644
-0.360645
-0.360646
-0.360647
-0.360647
-0.360648
-0.360649
-0.360650
-0.360651
-0.360651
-0.360652
-0.360653
-0.360654
-0.360654
-0.360655
-0.360656
-0.360657
-0.360657
-0.360658
-0.360659
-0.360660
-0.360660
-0.360661
-0.360662
-0.360663
-0.360664
-0.360664
-0.360665
-0.360666
-0.360667
-0.360667
-0.360668
-0.360669
-0.360670
-0.360670
-0.360671
-0.360672
-0.360673
-0.360673
-0.360674
-0.360675
-0.360676
-0.360676
-0.360677
-0.360678
-0.360679
-0.360679
-0.360680
-0.360681
-0.360682
-0.360682
-0.360683
-0.360684
-0.360685
-0.360685
-0.360686
-0.360687
-0.360688
-0.360689
-0.360689
-0.360690
-0.360691
-0.360692
-0.360692
-0.360693
-0.360694
-0.360695
-0.360695
-0.360696
-0.360697
-0.360698
-0.360698
-0.360699
-0.360700
-0.360701
-0.360701
-0.360702
-0.360703
-0.360704
-0.360704
-0.360705
-0.360706
-0.360707
-0.360707
-0.360708
-0.360709
-0.360710
-0.360710
-0.360711
-0.360712
-0.360713
-0.360713
-0.360714
-0.360715
-0.360716
-0.360716
-0.360717
-0.360718
-0.360719
-0.360719
-0.360720
-0.360721
-0.360722
-0.360722
-0.360723
-0.360724
-0.360725
-0.360725
-0.360726
-0.360727
-0.360728
-0.360728
-0.360729
-0.360730
-0.360731
-0.360731
-0.360732
-0.360733
-0.360734
-0.360734
-0.360735
-0.360736
-0.360737
-0.360737
-0.360738
-0.360739
-0.360740
-0.360740
-0.360741
-0.360742
-0.360742
-0.360743
-0.360744
-0.360745
-0.360745
-0.360746
-0.360747
-0.360748
-0.360748
-0.360749
-0.360750
-0.360751
-0.360751
-0.360752
-0.360753
-0.360754
-0.360754
-0.360755
-0.360756
-0.360757
-0.360757
-0.360758
-0.360759
-0.360760
-0.360760
-0.360761
-0.360762
-0.360763
-0.360763
-0.360764
-0.360765
-0.360766
-0.360766
-0.360767
-0.360768
-0.360768
-0.360769
-0.360770
-0.360771
-0.360771
-0.360772
-0.360773
-0.360774
-0.360774
-0.360775
-0.360776
-0.360777
-0.360777
-0.360778
-0.360779
-0.360780
-0.360780
-0.360781
-0.360782
-0.360782
-0.360783
-0.360784
-0.360785
-0.360785
-0.360786
-0.360787
-0.360788
-0.360788
-0.360789
-0.360790
-0.360791
-0.360791
-0.360792
-0.360793
-0.360794
-0.360794
-0.360795
-0.360796
-0.360796
-0.360797
-0.360798
-0.360799
-0.360799
-0.360800
-0.360801
-0.360802
-0.360802
-0.360803
-0.360804
-0.360805
-0.360805
-0.360806
-0.360807
-0.360807
-0.360808
-0.360809
-0.360810
-0.360810
-0.360811
-0.360812
-0.360813
-0.360813
-0.360814
-0.360815
-0.360815
-0.360816
-0.360817
-0.360818
-0.360818
-0.360819
-0.360820
-0.360821
-0.360821
-0.360822
-0.360823
-0.360823
-0.360824
-0.360825
-0.360826
-0.360826
-0.360827
-0.360828
-0.360829
-0.360829
-0.360830
-0.360831
-0.360831
-0.360832
-0.360833
-0.360834
-0.360834
-0.360835
-0.360836
-0.360837
-0.360837
-0.360838
-0.360839
-0.360839
-0.360840
-0.360841
-0.360842
-0.360842
-0.360843
-0.360844
-0.360845
-0.360845
-0.360846
-0.360847
-0.360847
-0.360848
-0.360849
-0.360850
-0.360850
-0.360851
-0.360852
-0.360852
-0.360853
-0.360854
-0.360855
-0.360855
-0.360856
-0.360857
-0.360858
-0.360858
-0.360859
-0.360860
-0.360860
-0.360861
-0.360862
-0.360863
-0.360863
-0.360864
-0.360865
-0.360865
-0.360866
-0.360867
-0.360868
-0.360868
-0.360869
-0.360870
-0.360871
-0.360871
-0.360872
-0.360873
-0.360873
-0.360874
-0.360875
-0.360876
-0.360876
-0.360877
-0.360878
-0.360878
-0.360879
-0.360880
-0.360881
-0.360881
-0.360882
-0.360883
-0.360883
-0.360884
-0.360885
-0.360886
-0.360886
-0.360887
-0.360888
-0.360888
-0.360889
-0.360890
-0.360891
-0.360891
-0.360892
-0.360893
-0.360893
-0.360894
-0.360895
-0.360896
-0.360896
-0.360897
-0.360898
-0.360898
-0.360899
-0.360900
-0.360901
-0.360901
-0.360902
-0.360903
-0.360903
-0.360904
-0.360905
-0.360906
-0.360906
-0.360907
-0.360908
-0.360908
-0.360909
-0.360910
-0.360911
-0.360911
-0.360912
-0.360912
-0.360913
-0.360913
-0.360914
-0.360915
-0.360916
-0.360916
-0.360917
-0.360918
-0.360918
-0.360919
-0.360920
-0.360921
-0.360921
-0.360922
-0.360923
-0.360923
-0.360924
-0.360925
-0.360925
-0.360926
-0.360927
-0.360928
-0.360928
-0.360929
-0.360930
-0.360930
-0.360931
-0.360932
-0.360933
-0.360933
-0.360934
-0.360935
-0.360935
-0.360936
-0.360937
-0.360937
-0.360938
-0.360939
-0.360940
-0.360940
-0.360941
-0.360942
-0.360942
-0.360943
-0.360944
-0.360945
-0.360945
-0.360946
-0.360947
-0.360947
-0.360948
-0.360949
-0.360949
-0.360950
-0.360951
-0.360952
-0.360952
-0.360953
-0.360954
-0.360954
-0.360955
-0.360956
-0.360957
-0.360957
-0.360958
-0.360959
-0.360959
-0.360960
-0.360961
-0.360961
-0.360962
-0.360963
-0.360964
-0.360964
-0.360965
-0.360966
-0.360966
-0.360967
-0.360968
-0.360968
-0.360969
-0.360970
-0.360971
-0.360971
-0.360972
-0.360973
-0.360973
-0.360974
-0.360975
-0.360975
-0.360976
-0.360977
-0.360978
-0.360978
-0.360979
-0.360980
-0.360980
-0.360981
-0.360982
-0.360982
-0.360983
-0.360984
-0.360985
-0.360985
-0.360986
-0.360987
-0.360987
-0.360988
-0.360989
-0.360989
-0.360990
-0.360991
-0.360991
-0.360992
-0.360993
-0.360994
-0.360994
-0.360995
-0.360996
-0.360996
-0.360997
-0.360998
-0.360998
-0.360999
-0.361000
-0.361001
-0.361001
-0.361002
-0.361003
-0.361003
-0.361004
-0.361005
-0.361005
-0.361006
-0.361007
-0.361007
-0.361008
-0.361009
-0.361010
-0.361010
-0.361011
-0.361012
-0.361012
-0.361013
-0.361014
-0.361014
-0.361015
-0.361016
-0.361016
-0.361017
-0.361018
-0.361019
-0.361019
-0.361020
-0.361021
-0.361021
-0.361022
-0.361023
-0.361023
-0.361024
-0.361025
-0.361025
-0.361026
-0.361027
-0.361027
-0.361028
-0.361029
-0.361030
-0.361030
-0.361031
-0.361032
-0.361032
-0.361033
-0.361034
-0.361034
-0.361035
-0.361036
-0.361036
-0.361037
-0.361038
-0.361039
-0.361039
-0.361040
-0.361041
-0.361041
-0.361042
-0.361043
-0.361043
-0.361044
-0.361045
-0.361045
-0.361046
-0.361047
-0.361047
-0.361048
-0.361049
-0.361049
-0.361050
-0.361051
-0.361052
-0.361052
-0.361053
-0.361054
-0.361054
-0.361055
-0.361056
-0.361056
-0.361057
-0.361058
-0.361058
-0.361059
-0.361060
-0.361060
-0.361061
-0.361062
-0.361062
-0.361063
-0.361064
-0.361065
-0.361065
-0.361066
-0.361067
-0.361067
-0.361068
-0.361069
-0.361069
-0.361070
-0.361071
-0.361071
-0.361072
-0.361073
-0.361073
-0.361074
-0.361075
-0.361075
-0.361076
-0.361077
-0.361077
-0.361078
-0.361079
-0.361080
-0.361080
-0.361081
-0.361082
-0.361082
-0.361083
-0.361084
-0.361084
-0.361085
-0.361086
-0.361086
-0.361087
-0.361088
-0.361088
-0.361089
-0.361090
-0.361090
-0.361091
-0.361092
-0.361092
-0.361093
-0.361094
-0.361094
-0.361095
-0.361096
-0.361096
-0.361097
-0.361098
-0.361098
-0.361099
-0.361100
-0.361101
-0.361101
-0.361102
-0.361103
-0.361103
-0.361104
-0.361105
-0.361105
-0.361106
-0.361107
-0.361107
-0.361108
-0.361109
-0.361109
-0.361110
-0.361111
-0.361111
-0.361112
-0.361113
-0.361113
-0.361114
-0.361115
-0.361115
-0.361116
-0.361117
-0.361117
-0.361118
-0.361119
-0.361119
-0.361120
-0.361121
-0.361121
-0.361122
-0.361123
-0.361123
-0.361124
-0.361125
-0.361125
-0.361126
-0.361127
-0.361127
-0.361128
-0.361129
-0.361129
-0.361130
-0.361131
-0.361131
-0.361132
-0.361133
-0.361133
-0.361134
-0.361135
-0.361136
-0.361136
-0.361137
-0.361138
-0.361138
-0.361139
-0.361140
-0.361140
-0.361141
-0.361142
-0.361142
-0.361143
-0.361144
-0.361144
-0.361145
-0.361146
-0.361146
-0.361147
-0.361148
-0.361148
-0.361149
-0.361150
-0.361150
-0.361151
-0.361152
-0.361152
-0.361153
-0.361154
-0.361154
-0.361155
-0.361156
-0.361156
-0.361157
-0.361158
-0.361158
-0.361159
-0.361160
-0.361160
-0.361161
-0.361162
-0.361162
-0.361163
-0.361164
-0.361164
-0.361165
-0.361166
-0.361166
-0.361167
-0.361168
-0.361168
-0.361169
-0.361169
-0.361170
-0.361171
-0.361171
-0.361172
-0.361173
-0.361173
-0.361174
-0.361175
-0.361175
-0.361176
-0.361177
-0.361177
-0.361178
-0.361179
-0.361179
-0.361180
-0.361181
-0.361181
-0.361182
-0.361183
-0.361183
-0.361184
-0.361185
-0.361185
-0.361186
-0.361187
-0.361187
-0.361188
-0.361189
-0.361189
-0.361190
-0.361191
-0.361191
-0.361192
-0.361193
-0.361193
-0.361194
-0.361195
-0.361195
-0.361196
-0.361197
-0.361197
-0.361198
-0.361199
-0.361199
-0.361200
-0.361201
-0.361201
-0.361202
-0.361202
-0.361203
-0.361204
-0.361204
-0.361205
-0.361206
-0.361206
-0.361207
-0.361208
-0.361208
-0.361209
-0.361210
-0.361210
-0.361211
-0.361212
-0.361212
-0.361213
-0.361214
-0.361214
-0.361215
-0.361216
-0.361216
-0.361217
-0.361218
-0.361218
-0.361219
-0.361220
-0.361220
-0.361221
-0.361221
-0.361222
-0.361223
-0.361223
-0.361224
-0.361225
-0.361225
-0.361226
-0.361227
-0.361227
-0.361228
-0.361229
-0.361229
-0.361230
-0.361231
-0.361231
-0.361232
-0.361233
-0.361233
-0.361234
-0.361235
-0.361235
-0.361236
-0.361236
-0.361237
-0.361238
-0.361238
-0.361239
-0.361240
-0.361240
-0.361241
-0.361242
-0.361242
-0.361243
-0.361244
-0.361244
-0.361245
-0.361246
-0.361246
-0.361247
-0.361248
-0.361248
-0.361249
-0.361249
-0.361250
-0.361251
-0.361251
-0.361251
-0.361252
-0.361253
-0.361253
-0.361254
-0.361255
-0.361255
-0.361256
-0.361257
-0.361257
-0.361258
-0.361259
-0.361259
-0.361260
-0.361260
-0.361261
-0.361262
-0.361262
-0.361263
-0.361264
-0.361264
-0.361265
-0.361266
-0.361266
-0.361267
-0.361268
-0.361268
-0.361269
-0.361269
-0.361270
-0.361271
-0.361271
-0.361272
-0.361273
-0.361273
-0.361274
-0.361275
-0.361275
-0.361276
-0.361277
-0.361277
-0.361278
-0.361278
-0.361279
-0.361280
-0.361280
-0.361281
-0.361282
-0.361282
-0.361283
-0.361284
-0.361284
-0.361285
-0.361286
-0.361286
-0.361287
-0.361287
-0.361288
-0.361289
-0.361289
-0.361290
-0.361291
-0.361291
-0.361292
-0.361293
-0.361293
-0.361294
-0.361295
-0.361295
-0.361296
-0.361296
-0.361297
-0.361298
-0.361298
-0.361299
-0.361300
-0.361300
-0.361301
-0.361302
-0.361302
-0.361303
-0.361303
-0.361304
-0.361305
-0.361305
-0.361306
-0.361307
-0.361307
-0.361308
-0.361309
-0.361309
-0.361310
-0.361310
-0.361311
-0.361312
-0.361312
-0.361313
-0.361314
-0.361314
-0.361315
-0.361316
-0.361316
-0.361317
-0.361317
-0.361318
-0.361319
-0.361319
-0.361320
-0.361321
-0.361321
-0.361322
-0.361323
-0.361323
-0.361324
-0.361324
-0.361325
-0.361326
-0.361326
-0.361327
-0.361328
-0.361328
-0.361329
-0.361330
-0.361330
-0.361331
-0.361331
-0.361332
-0.361333
-0.361333
-0.361334
-0.361335
-0.361335
-0.361336
-0.361336
-0.361337
-0.361338
-0.361338
-0.361339
-0.361340
-0.361340
-0.361341
-0.361342
-0.361342
-0.361343
-0.361343
-0.361344
-0.361345
-0.361345
-0.361346
-0.361347
-0.361347
-0.361348
-0.361348
-0.361349
-0.361350
-0.361350
-0.361351
-0.361352
-0.361352
-0.361353
-0.361354
-0.361354
-0.361355
-0.361355
-0.361356
-0.361357
-0.361357
-0.361358
-0.361359
-0.361359
-0.361360
-0.361360
-0.361361
-0.361362
-0.361362
-0.361363
-0.361364
-0.361364
-0.361365
-0.361365
-0.361366
-0.361367
-0.361367
-0.361368
-0.361369
-0.361369
-0.361370
-0.361370
-0.361371
-0.361372
-0.361372
-0.361373
-0.361374
-0.361374
-0.361375
-0.361375
-0.361376
-0.361377
-0.361377
-0.361378
-0.361379
-0.361379
-0.361380
-0.361380
-0.361381
-0.361382
-0.361382
-0.361383
-0.361384
-0.361384
-0.361385
-0.361385
-0.361386
-0.361387
-0.361387
-0.361388
-0.361389
-0.361389
-0.361390
-0.361390
-0.361391
-0.361392
-0.361392
-0.361393
-0.361394
-0.361394
-0.361395
-0.361395
-0.361396
-0.361397
-0.361397
-0.361398
-0.361399
-0.361399
-0.361400
-0.361400
-0.361401
-0.361402
-0.361402
-0.361403
-0.361404
-0.361404
-0.361405
-0.361405
-0.361406
-0.361407
-0.361407
-0.361408
-0.361409
-0.361409
-0.361410
-0.361410
-0.361411
-0.361412
-0.361412
-0.361413
-0.361413
-0.361414
-0.361415
-0.361415
-0.361416
-0.361417
-0.361417
-0.361418
-0.361418
-0.361419
-0.361420
-0.361420
-0.361421
-0.361422
-0.361422
-0.361423
-0.361423
-0.361424
-0.361425
-0.361425
-0.361426
-0.361426
-0.361427
-0.361428
-0.361428
-0.361429
-0.361430
-0.361430
-0.361431
-0.361431
-0.361432
-0.361433
-0.361433
-0.361434
-0.361434
-0.361435
-0.361436
-0.361436
-0.361437
-0.361438
-0.361438
-0.361439
-0.361439
-0.361440
-0.361441
-0.361441
-0.361442
-0.361442
-0.361443
-0.361444
-0.361444
-0.361445
-0.361446
-0.361446
-0.361447
-0.361447
-0.361448
-0.361449
-0.361449
-0.361450
-0.361450
-0.361451
-0.361452
-0.361452
-0.361453
-0.361454
-0.361454
-0.361455
-0.361455
-0.361456
-0.361457
-0.361457
-0.361458
-0.361458
-0.361459
-0.361460
-0.361460
-0.361461
-0.361461
-0.361462
-0.361463
-0.361463
-0.361464
-0.361465
-0.361465
-0.361466
-0.361466
-0.361467
-0.361468
-0.361468
-0.361469
-0.361469
-0.361470
-0.361471
-0.361471
-0.361472
-0.361472
-0.361473
-0.361474
-0.361474
-0.361475
-0.361476
-0.361476
-0.361477
-0.361477
-0.361478
-0.361479
-0.361479
-0.361480
-0.361480
-0.361481
-0.361482
-0.361482
-0.361483
-0.361483
-0.361484
-0.361485
-0.361485
-0.361486
-0.361486
-0.361487
-0.361488
-0.361488
-0.361489
-0.361490
-0.361490
-0.361491
-0.361491
-0.361492
-0.361493
-0.361493
-0.361494
-0.361494
-0.361495
-0.361496
-0.361496
-0.361497
-0.361497
-0.361498
-0.361499
-0.361499
-0.361500
-0.361500
-0.361501
-0.361502
-0.361502
-0.361503
-0.361503
-0.361504
-0.361505
-0.361505
-0.361506
-0.361506
-0.361507
-0.361508
-0.361508
-0.361509
-0.361509
-0.361510
-0.361511
-0.361511
-0.361512
-0.361513
-0.361513
-0.361514
-0.361514
-0.361515
-0.361516
-0.361516
-0.361517
-0.361517
-0.361518
-0.361519
-0.361519
-0.361520
-0.361520
-0.361521
-0.361522
-0.361522
-0.361523
-0.361523
-0.361524
-0.361525
-0.361525
-0.361526
-0.361526
-0.361527
-0.361528
-0.361528
-0.361529
-0.361529
-0.361530
-0.361531
-0.361531
-0.361532
-0.361532
-0.361533
-0.361534
-0.361534
-0.361535
-0.361535
-0.361536
-0.361537
-0.361537
-0.361538
-0.361538
-0.361539
-0.361540
-0.361540
-0.361541
-0.361541
-0.361542
-0.361543
-0.361543
-0.361544
-0.361544
-0.361545
-0.361546
-0.361546
-0.361547
-0.361547
-0.361548
-0.361549
-0.361549
-0.361550
-0.361550
-0.361551
-0.361552
-0.361552
-0.361553
-0.361553
-0.361554
-0.361555
-0.361555
-0.361556
-0.361556
-0.361557
-0.361558
-0.361558
-0.361559
-0.361559
-0.361560
-0.361561
-0.361561
-0.361561
-0.361562
-0.361562
-0.361563
-0.361564
-0.361564
-0.361565
-0.361565
-0.361566
-0.361567
-0.361567
-0.361568
-0.361568
-0.361569
-0.361569
-0.361570
-0.361571
-0.361571
-0.361572
-0.361572
-0.361573
-0.361574
-0.361574
-0.361575
-0.361575
-0.361576
-0.361577
-0.361577
-0.361578
-0.361578
-0.361579
-0.361580
-0.361580
-0.361581
-0.361581
-0.361582
-0.361583
-0.361583
-0.361584
-0.361584
-0.361585
-0.361586
-0.361586
-0.361587
-0.361587
-0.361588
-0.361589
-0.361589
-0.361590
-0.361590
-0.361591
-0.361592
-0.361592
-0.361593
-0.361593
-0.361594
-0.361594
-0.361595
-0.361596
-0.361596
-0.361597
-0.361597
-0.361598
-0.361599
-0.361599
-0.361600
-0.361600
-0.361601
-0.361602
-0.361602
-0.361603
-0.361603
-0.361604
-0.361605
-0.361605
-0.361606
-0.361606
-0.361607
-0.361607
-0.361608
-0.361609
-0.361609
-0.361610
-0.361610
-0.361611
-0.361612
-0.361612
-0.361613
-0.361613
-0.361614
-0.361615
-0.361615
-0.361616
-0.361616
-0.361617
-0.361617
-0.361618
-0.361619
-0.361619
-0.361620
-0.361620
-0.361621
-0.361622
-0.361622
-0.361623
-0.361623
-0.361624
-0.361624
-0.361625
-0.361626
-0.361626
-0.361627
-0.361627
-0.361628
-0.361628
-0.361629
-0.361629
-0.361630
-0.361630
-0.361630
-0.361631
-0.361631
-0.361631
-0.361632
-0.361632
-0.361632
-0.361633
-0.361633
-0.361633
-0.361633
-0.361633
-0.361633
-0.361634
-0.361634
-0.361633
-0.361633
-0.361633
-0.361634
-0.361634
-0.361635
-0.361634
-0.361634
-0.361635
-0.361635
-0.361635
-0.361635
-0.361634
-0.361634
-0.361634
-0.361634
-0.361635
-0.361635
-0.361635
-0.361635
-0.361635
-0.361636
-0.361637
-0.361637
-0.361638
-0.361638
-0.361638
-0.361639
-0.361638
-0.361638
-0.361638
-0.361639
-0.361639
-0.361640
-0.361640
-0.361641
-0.361642
-0.361642
-0.361643
-0.361644
-0.361645
-0.361644
-0.361644
-0.361644
-0.361645
-0.361644
-0.361645
-0.361645
-0.361646
-0.361646
-0.361647
-0.361648
-0.361648
-0.361648
-0.361649
-0.361648
-0.361649
-0.361649
-0.361650
-0.361650
-0.361651
-0.361651
-0.361651
-0.361651
-0.361650
-0.361650
-0.361650
-0.361650
-0.361650
-0.361650
-0.361651
-0.361651
-0.361651
-0.361651
-0.361651
-0.361652
-0.361652
-0.361652
-0.361652
-0.361652
-0.361652
-0.361652
-0.361652
-0.361652
-0.361652
-0.361652
-0.361652
-0.361652
-0.361652
-0.361652
-0.361652
-0.361652
-0.361652
-0.361652
-0.361652
-0.361651
-0.361651
-0.361651
-0.361651
-0.361651
-0.361651
-0.361652
-0.361652
-0.361652
-0.361652
-0.361652
-0.361652
-0.361652
-0.361652
-0.361652
-0.361652
-0.361652
-0.361652
-0.361652
-0.361652
-0.361652
-0.361652
-0.361652
-0.361652
-0.361652
-0.361652
-0.361652
-0.361652
-0.361652
-0.361653
-0.361653
-0.361653
-0.361653
-0.361653
-0.361653
-0.361653
-0.361653
-0.361653
-0.361653
-0.361653
-0.361652
-0.361653
-0.361652
-0.361652
-0.361652
-0.361653
-0.361653
-0.361656
-0.361655
-0.361656
-0.361656
-0.361656
-0.361656
-0.361657
-0.361657
-0.361657
-0.361657
-0.361657
-0.361657
-0.361657
-0.361657
-0.361657
-0.361658
-0.361658
-0.361658
-0.361658
-0.361658
-0.361659
-0.361659
-0.361659
-0.361659
-0.361660
-0.361660
-0.361660
-0.361660
-0.361660
-0.361660
-0.361660
-0.361660
-0.361661
-0.361663
-0.361663
-0.361664
-0.361664
-0.361665
-0.361666
-0.361667
-0.361667
-0.361667
-0.361668
-0.361668
-0.361669
-0.361670
-0.361671
-0.361672
-0.361672
-0.361679
-0.361681
-0.361681
-0.361681
-0.361680
-0.361681
-0.361681
-0.361681
-0.361680
-0.361680
-0.361680
-0.361680
-0.361680
-0.361680
-0.361680
-0.361680
-0.361680
-0.361680
-0.361680
-0.361680
-0.361680
-0.361680
-0.361680
-0.361680
-0.361680
-0.361680
-0.361680
-0.361680
-0.361681
-0.361681
-0.361680
-0.361681
-0.361681
-0.361680
-0.361681
-0.361681
-0.361681
-0.361681
-0.361681
-0.361681
-0.361681
-0.361681
-0.361681
-0.361680
-0.361680
-0.361681
-0.361681
-0.361681
-0.361681
-0.361681
-0.361681
-0.361681
-0.361681
-0.361681
-0.361681
-0.361681
-0.361681
-0.361681
-0.361681
-0.361681
-0.361681
-0.361681
-0.361681
-0.361681
-0.361681
-0.361681
-0.361681
-0.361681
-0.361681
-0.361681
-0.361681
-0.361681
-0.361681
-0.361681
-0.361681
-0.361681
-0.361681
-0.361681
-0.361681
-0.361681
-0.361681
-0.361681
-0.361681
-0.361681
-0.361681
-0.361681
-0.361681
-0.361681
-0.361681
-0.361681
-0.361681
-0.361681
-0.361681
-0.361681
-0.361681
-0.361681
-0.361681
-0.361681
-0.361681
-0.361681
-0.361681
-0.361681
-0.361680
-0.361680
-0.361680
-0.361680
-0.361680
-0.361680
-0.361680
-0.361680
-0.361680
-0.361680
-0.361680
-0.361680
-0.361680
-0.361680
-0.361680
-0.361680
-0.361680
-0.361680
-0.361680
-0.361680
-0.361680
-0.361680
-0.361680
-0.361680
-0.361680
-0.361680
-0.361680
-0.361680
-0.361680
-0.361680
-0.361680
-0.361680
-0.361680
-0.361680
-0.361680
-0.361680
-0.361680
-0.361680
-0.361680
-0.361680
-0.361680
-0.361680
-0.361680
-0.361680
-0.361680
-0.361680
-0.361680
-0.361680
-0.361680
-0.361680
-0.361680
-0.361680
-0.361680
-0.361680
-0.361680
-0.361680
-0.361680
-0.361680
-0.361680
-0.361680
-0.361680
-0.361680
-0.361680
-0.361680
-0.361680
-0.361680
-0.361680
-0.361680
-0.361680
-0.361680
-0.361680
-0.361680
-0.361680
-0.361680
-0.361680
-0.361680
-0.361680
-0.361680
-0.361680
-0.361680
-0.361680
-0.361680
-0.361680
-0.361680
-0.361680
-0.361680
-0.361680
-0.361680
-0.361680
-0.361680
-0.361680
-0.361680
-0.361680
-0.361680
-0.361680
-0.361680
-0.361680
-0.361680
-0.361680
-0.361680
-0.361680
-0.361680
-0.361680
-0.361680
-0.361680
-0.361680
-0.361680
-0.361680
-0.361680
-0.361680
-0.361680
-0.361680
-0.361680
-0.361680
-0.361680
-0.361680
-0.361680
-0.361680
-0.361680
-0.361680
-0.361680
-0.361680
-0.361680
-0.361680
-0.361680
-0.361680
-0.361680
-0.361680
-0.361680
-0.361680
-0.361680
-0.361680
-0.361680
-0.361680
-0.361680
-0.361680
-0.361680
-0.361680
-0.361680
-0.361680
-0.361680
-0.361680
-0.361680
-0.361680
-0.361680
-0.361680
-0.361680
-0.361680
-0.361680
-0.361680
-0.361680
-0.361680
-0.361680
-0.361680
-0.361680
-0.361680
-0.361680
-0.361680
-0.361680
-0.361680
-0.361680
-0.361680
-0.361680
-0.361680
-0.361680
-0.361680
-0.361680
-0.361680
-0.361680
-0.361680
-0.361680
-0.361680
-0.361680
-0.361680
-0.361680
-0.361680
-0.361680
-0.361680
-0.361680
-0.361680
-0.361680
-0.361680
-0.361680
-0.361680
-0.361680
-0.361680
-0.361680
-0.361680
-0.361680
-0.361680
-0.361680
-0.361680
-0.361680
-0.361680
-0.361680
-0.361680
-0.361680
-0.361680
-0.361680
-0.361680
-0.361680
-0.361680
-0.361680
-0.361679
-0.361679
-0.361679
-0.361679
-0.361679
-0.361679
-0.361679
-0.361679
-0.361679
-0.361679
-0.361679
-0.361679
-0.361679
-0.361679
-0.361679
-0.361679
-0.361679
-0.361679
-0.361679
-0.361679
-0.361679
-0.361679
-0.361679
-0.361679
-0.361679
-0.361679
-0.361679
-0.361679
-0.361679
-0.361679
-0.361679
-0.361679
-0.361679
-0.361679
-0.361679
-0.361679
-0.361679
-0.361679
-0.361679
-0.361679
-0.361679
-0.361679
-0.361679
-0.361679
-0.361679
-0.361679
-0.361679
-0.361679
-0.361679
-0.361679
-0.361679
-0.361679
-0.361679
-0.361679
-0.361679
-0.361679
-0.361679
-0.361679
-0.361679
-0.361679
-0.361679
-0.361679
-0.361679
-0.361679
-0.361679
-0.361679
-0.361679
-0.361679
-0.361679
-0.361679
-0.361679
-0.361679
-0.361679
-0.361679
-0.361679
-0.361679
-0.361679
-0.361679
-0.361679
-0.361679
-0.361679
-0.361679
-0.361679
-0.361679
-0.361679
-0.361679
-0.361679
-0.361679
-0.361679
-0.361679
-0.361679
-0.361679
-0.361679
-0.361679
-0.361679
-0.361679
-0.361679
-0.361679
-0.361679
-0.361679
-0.361679
-0.361679
-0.361679
-0.361679
-0.361679
-0.361679
-0.361679
-0.361679
-0.361679
-0.361679
-0.361679
-0.361679
-0.361679
-0.361679
-0.361679
-0.361679
-0.361679
-0.361679
-0.361679
-0.361679
-0.361679
-0.361679
-0.361679
-0.361679
-0.361679
-0.361679
-0.361679
-0.361679
-0.361679
-0.361679
-0.361679
-0.361679
-0.361679
-0.361679
-0.361679
-0.361679
-0.361679
-0.361679
-0.361679
-0.361679
-0.361679
-0.361679
-0.361679
-0.361679
-0.361679
-0.361679
-0.361679
-0.361679
-0.361679
-0.361679
-0.361679
-0.361679
-0.361679
-0.361679
-0.361679
-0.361679
-0.361679
-0.361679
-0.361679
-0.361679
-0.361679
-0.361679
-0.361679
-0.361679
-0.361679
-0.361679
-0.361679
-0.361679
-0.361679
-0.361679
-0.361679
-0.361679
-0.361679
-0.361679
-0.361679
-0.361679
-0.361679
-0.361679
-0.361679
-0.361679
-0.361679
-0.361679
-0.361679
-0.361679
-0.361679
-0.361679
-0.361679
-0.361679
-0.361679
-0.361679
-0.361679
-0.361679
-0.361679
-0.361679
-0.361679
-0.361679
-0.361679
-0.361679
-0.361679
-0.361679
-0.361679
-0.361679
-0.361679
-0.361679
-0.361679
-0.361679
-0.361679
-0.361679
-0.361679
-0.361679
-0.361679
-0.361679
-0.361679
-0.361679
-0.361679
-0.361679
-0.361679
-0.361679
-0.361679
-0.361679
-0.361679
-0.361679
-0.361679
-0.361679
-0.361679
-0.361679
-0.361679
-0.361679
-0.361679
-0.361679
-0.361679
-0.361679
-0.361679
-0.361679
-0.361679
-0.361679
-0.361679
-0.361679
-0.361679
-0.361679
-0.361679
-0.361679
-0.361679
-0.361679
-0.361679
-0.361679
-0.361679
-0.361679
-0.361679
-0.361679
-0.361679
-0.361679
-0.361679
-0.361679
-0.361679
-0.361679
-0.361679
-0.361679
-0.361679
-0.361679
-0.361679
-0.361679
-0.361679
-0.361679
-0.361679
-0.361679
-0.361679
-0.361679
-0.361679
-0.361678
-0.361678
-0.361678
-0.361678
-0.361678
-0.361678
-0.361678
-0.361678
-0.361678
-0.361678
-0.361678
-0.361678
-0.361678
-0.361678
-0.361678
-0.361678
-0.361678
-0.361678
-0.361678
-0.361678
-0.361678
-0.361678
-0.361678
-0.361678
-0.361678
-0.361678
-0.361678
-0.361678
-0.361678
-0.361678
-0.361678
-0.361678
-0.361678
-0.361678
-0.361678
-0.361678
-0.361678
-0.361678
-0.361678
-0.361678
-0.361678
-0.361678
-0.361678
-0.361678
-0.361678
-0.361678
-0.361678
-0.361678
-0.361678
-0.361678
-0.361678
-0.361678
-0.361678
-0.361678
-0.361678
-0.361678
-0.361678
-0.361678
-0.361678
-0.361678
-0.361678
-0.361678
-0.361678
-0.361678
-0.361678
-0.361678
-0.361678
-0.361678
-0.361678
-0.361678
-0.361678
-0.361678
-0.361678
-0.361678
-0.361678
-0.361678
-0.361678
-0.361678
-0.361678
-0.361678
-0.361678
-0.361678
-0.361678
-0.361678
-0.361678
-0.361678
-0.361678
-0.361678
-0.361678
-0.361678
-0.361678
-0.361678
-0.361678
-0.361678
-0.361678
-0.361678
-0.361678
-0.361678
-0.361678
-0.361678
-0.361678
-0.361678
-0.361678
-0.361678
-0.361678
-0.361678
-0.361678
-0.361678
-0.361678
-0.361678
-0.361678
-0.361678
-0.361678
-0.361678
-0.361678
-0.361678
-0.361678
-0.361678
-0.361678
-0.361678
-0.361678
-0.361678
-0.361678
-0.361678
-0.361678
-0.361678
-0.361678
-0.361678
-0.361678
-0.361678
-0.361678
-0.361678
-0.361678
-0.361678
-0.361678
-0.361678
-0.361678
-0.361678
-0.361678
-0.361678
-0.361678
-0.361678
-0.361678
-0.361678
-0.361678
-0.361678
-0.361678
-0.361678
-0.361678
-0.361678
-0.361678
-0.361678
-0.361678
-0.361678
-0.361678
-0.361678
-0.361678
-0.361678
-0.361678
-0.361678
-0.361678
-0.361678
-0.361678
-0.361678
-0.361678
-0.361678
-0.361678
-0.361678
-0.361678
-0.361678
-0.361678
-0.361678
-0.361678
-0.361678
-0.361678
-0.361678
-0.361678
-0.361678
-0.361678
-0.361678
-0.361678
-0.361678
-0.361678
-0.361678
-0.361678
-0.361678
-0.361678
-0.361678
-0.361678
-0.361678
-0.361678
-0.361678
-0.361678
-0.361678
-0.361678
-0.361678
-0.361678
-0.361678
-0.361678
-0.361678
-0.361678
-0.361678
-0.361678
-0.361678
-0.361678
-0.361678
-0.361678
-0.361678
-0.361678
-0.361678
-0.361678
-0.361678
-0.361678
-0.361678
-0.361678
-0.361678
-0.361678
-0.361678
-0.361678
-0.361678
-0.361678
-0.361678
-0.361678
-0.361678
-0.361678
-0.361678
-0.361678
-0.361678
-0.361678
-0.361678
-0.361678
-0.361678
-0.361678
-0.361678
-0.361678
-0.361678
-0.361678
-0.361678
-0.361678
-0.361678
-0.361678
-0.361678
-0.361678
-0.361678
-0.361678
-0.361678
-0.361678
-0.361678
-0.361678
-0.361678
-0.361678
-0.361678
-0.361678
-0.361678
-0.361678
-0.361678
-0.361678
-0.361678
-0.361678
-0.361678
-0.361678
-0.361678
-0.361678
-0.361678
-0.361678
-0.361678
-0.361678
-0.361678
-0.361678
-0.361678
-0.361678
-0.361678
-0.361678
-0.361678
-0.361678
-0.361678
-0.361677
-0.361677
-0.361677
-0.361677
-0.361677
-0.361677
-0.361677
-0.361677
-0.361677
-0.361677
-0.361677
-0.361677
-0.361677
-0.361677
-0.361677
-0.361677
-0.361677
-0.361677
-0.361677
-0.361677
-0.361677
-0.361677
-0.361677
-0.361677
-0.361677
-0.361677
-0.361677
-0.361677
-0.361677
-0.361677
-0.361677
-0.361677
-0.361677
-0.361677
-0.361677
-0.361677
-0.361677
-0.361677
-0.361677
-0.361677
-0.361677
-0.361677
-0.361677
-0.361677
-0.361677
-0.361677
-0.361677
-0.361677
-0.361677
-0.361677
-0.361677
-0.361677
-0.361677
-0.361677
-0.361677
-0.361677
-0.361677
-0.361677
-0.361677
-0.361677
-0.361677
-0.361677
-0.361677
-0.361677
-0.361677
-0.361677
-0.361677
-0.361677
-0.361677
-0.361677
-0.361677
-0.361677
-0.361677
-0.361677
-0.361677
-0.361677
-0.361677
-0.361677
-0.361677
-0.361677
-0.361677
-0.361677
-0.361677
-0.361677
-0.361677
-0.361677
-0.361677
-0.361677
-0.361677
-0.361677
-0.361677
-0.361677
-0.361677
-0.361677
-0.361677
-0.361677
-0.361677
-0.361677
-0.361677
-0.361677
-0.361677
-0.361677
-0.361677
-0.361677
-0.361677
-0.361677
-0.361677
-0.361677
-0.361677
-0.361677
-0.361677
-0.361677
-0.361677
-0.361677
-0.361677
-0.361677
-0.361677
-0.361677
-0.361677
-0.361677
-0.361677
-0.361677
-0.361677
-0.361677
-0.361677
-0.361677
-0.361677
-0.361677
-0.361677
-0.361677
-0.361677
-0.361677
-0.361677
-0.361677
-0.361677
-0.361677
-0.361677
-0.361677
-0.361677
-0.361677
-0.361677
-0.361677
-0.361677
-0.361677
-0.361677
-0.361677
-0.361677
-0.361677
-0.361677
-0.361677
-0.361677
-0.361677
-0.361677
-0.361677
-0.361677
-0.361677
-0.361677
-0.361677
-0.361677
-0.361677
-0.361677
-0.361677
-0.361677
-0.361677
-0.361677
-0.361677
-0.361677
-0.361677
-0.361677
-0.361677
-0.361677
-0.361677
-0.361677
-0.361677
-0.361677
-0.361677
-0.361677
-0.361677
-0.361677
-0.361677
-0.361677
-0.361677
-0.361677
-0.361677
-0.361677
-0.361677
-0.361677
-0.361677
-0.361677
-0.361677
-0.361677
-0.361677
-0.361677
-0.361677
-0.361677
-0.361677
-0.361677
-0.361677
-0.361677
-0.361677
-0.361677
-0.361677
-0.361677
-0.361677
-0.361677
-0.361677
-0.361677
-0.361677
-0.361677
-0.361677
-0.361677
-0.361677
-0.361677
-0.361677
-0.361677
-0.361677
-0.361677
-0.361677
-0.361677
-0.361677
-0.361677
-0.361677
-0.361677
-0.361677
-0.361677
-0.361677
-0.361677
-0.361677
-0.361677
-0.361677
-0.361677
-0.361677
-0.361677
-0.361677
-0.361677
-0.361677
-0.361677
-0.361677
-0.361677
-0.361677
-0.361677
-0.361677
-0.361677
-0.361677
-0.361677
-0.361677
-0.361677
-0.361677
-0.361677
-0.361677
-0.361677
-0.361677
-0.361677
-0.361677
-0.361677
-0.361677
-0.361677
-0.361677
-0.361677
-0.361677
-0.361677
-0.361677
-0.361677
-0.361677
-0.361677
-0.361677
-0.361677
-0.361677
-0.361676
-0.361676
-0.361676
-0.361676
-0.361676
-0.361676
-0.361676
-0.361676
-0.361676
-0.361676
-0.361676
-0.361676
-0.361676
-0.361676
-0.361676
-0.361676
-0.361676
-0.361676
-0.361676
-0.361676
-0.361676
-0.361676
-0.361676
-0.361676
-0.361676
-0.361676
-0.361676
-0.361676
-0.361676
-0.361676
-0.361676
-0.361676
-0.361676
-0.361676
-0.361676
-0.361676
-0.361676
-0.361676
-0.361676
-0.361676
-0.361676
-0.361676
-0.361676
-0.361676
-0.361676
-0.361676
-0.361676
-0.361676
-0.361676
-0.361676
-0.361676
-0.361676
-0.361676
-0.361676
-0.361676
-0.361676
-0.361676
-0.361676
-0.361676
-0.361676
-0.361676
-0.361676
-0.361676
-0.361676
-0.361676
-0.361676
-0.361676
-0.361676
-0.361676
-0.361676
-0.361676
-0.361676
-0.361676
-0.361676
-0.361676
-0.361676
-0.361676
-0.361676
-0.361676
-0.361676
-0.361676
-0.361676
-0.361676
-0.361676
-0.361676
-0.361676
-0.361676
-0.361676
-0.361676
-0.361676
-0.361676
-0.361676
-0.361676
-0.361676
-0.361676
-0.361676
-0.361676
-0.361676
-0.361676
-0.361676
-0.361676
-0.361676
-0.361676
-0.361676
-0.361676
-0.361676
-0.361676
-0.361676
-0.361676
-0.361676
-0.361676
-0.361676
-0.361676
-0.361676
-0.361676
-0.361676
-0.361676
-0.361676
-0.361676
-0.361676
-0.361676
-0.361676
-0.361676
-0.361676
-0.361676
-0.361676
-0.361676
-0.361676
-0.361676
-0.361676
-0.361676
-0.361676
-0.361676
-0.361676
-0.361676
-0.361676
-0.361676
-0.361676
-0.361676
-0.361676
-0.361676
-0.361676
-0.361676
-0.361676
-0.361676
-0.361676
-0.361676
-0.361676
-0.361676
-0.361676
-0.361676
-0.361676
-0.361676
-0.361676
-0.361676
-0.361676
-0.361676
-0.361676
-0.361676
-0.361676
-0.361676
-0.361676
-0.361676
-0.361676
-0.361676
-0.361676
-0.361676
-0.361676
-0.361676
-0.361676
-0.361676
-0.361676
-0.361676
-0.361676
-0.361676
-0.361676
-0.361676
-0.361676
-0.361676
-0.361676
-0.361676
-0.361676
-0.361676
-0.361676
-0.361676
-0.361676
-0.361676
-0.361676
-0.361676
-0.361676
-0.361676
-0.361676
-0.361676
-0.361676
-0.361676
-0.361676
-0.361676
-0.361676
-0.361676
-0.361676
-0.361676
-0.361676
-0.361676
-0.361676
-0.361676
-0.361676
-0.361676
-0.361676
-0.361676
-0.361676
-0.361676
-0.361676
-0.361676
-0.361676
-0.361676
-0.361676
-0.361676
-0.361676
-0.361676
-0.361676
-0.361676
-0.361676
-0.361676
-0.361676
-0.361676
-0.361676
-0.361676
-0.361676
-0.361676
-0.361676
-0.361676
-0.361676
-0.361676
-0.361676
-0.361676
-0.361676
-0.361676
-0.361676
-0.361676
-0.361676
-0.361676
-0.361676
-0.361676
-0.361676
-0.361676
-0.361676
-0.361676
-0.361676
-0.361676
-0.361676
-0.361676
-0.361676
-0.361676
-0.361676
-0.361676
-0.361676
-0.361676
-0.361676
-0.361676
-0.361676
-0.361676
-0.361675
-0.361675
-0.361675
-0.361675
-0.361675
-0.361675
-0.361675
-0.361675
-0.361675
-0.361675
-0.361675
-0.361675
-0.361675
-0.361675
-0.361675
-0.361675
-0.361675
-0.361675
-0.361675
-0.361675
-0.361675
-0.361675
-0.361675
-0.361675
-0.361675
-0.361675
-0.361675
-0.361675
-0.361675
-0.361675
-0.361675
-0.361675
-0.361675
-0.361675
-0.361675
-0.361675
-0.361675
-0.361675
-0.361675
-0.361675
-0.361675
-0.361675
-0.361675
-0.361675
-0.361675
-0.361675
-0.361675
-0.361675
-0.361675
-0.361675
-0.361675
-0.361675
-0.361675
-0.361675
-0.361675
-0.361675
-0.361675
-0.361675
-0.361675
-0.361675
-0.361675
-0.361675
-0.361675
-0.361675
-0.361675
-0.361675
-0.361675
-0.361675
-0.361675
-0.361675
-0.361675
-0.361675
-0.361675
-0.361675
-0.361675
-0.361675
-0.361675
-0.361675
-0.361675
-0.361675
-0.361675
-0.361675
-0.361675
-0.361675
-0.361675
-0.361675
-0.361675
-0.361675
-0.361675
-0.361675
-0.361675
-0.361675
-0.361675
-0.361675
-0.361675
-0.361675
-0.361675
-0.361675
-0.361675
-0.361675
-0.361675
-0.361675
-0.361675
-0.361675
-0.361675
-0.361675
-0.361675
-0.361675
-0.361675
-0.361675
-0.361675
-0.361675
-0.361675
-0.361675
-0.361675
-0.361675
-0.361675
-0.361675
-0.361675
-0.361675
-0.361675
-0.361675
-0.361675
-0.361675
-0.361675
-0.361675
-0.361675
-0.361675
-0.361675
-0.361675
-0.361675
-0.361675
-0.361675
-0.361675
-0.361675
-0.361675
-0.361675
-0.361675
-0.361675
-0.361675
-0.361675
-0.361675
-0.361675
-0.361675
-0.361675
-0.361675
-0.361675
-0.361675
-0.361675
-0.361675
-0.361675
-0.361675
-0.361675
-0.361675
-0.361675
-0.361675
-0.361675
-0.361675
-0.361675
-0.361675
-0.361675
-0.361675
-0.361675
-0.361675
-0.361675
-0.361675
-0.361675
-0.361675
-0.361675
-0.361675
-0.361675
-0.361675
-0.361675
-0.361675
-0.361675
-0.361675
-0.361675
-0.361675
-0.361675
-0.361675
-0.361675
-0.361675
-0.361675
-0.361675
-0.361675
-0.361675
-0.361675
-0.361675
-0.361675
-0.361675
-0.361675
-0.361675
-0.361675
-0.361675
-0.361675
-0.361675
-0.361675
-0.361675
-0.361675
-0.361675
-0.361675
-0.361675
-0.361675
-0.361675
-0.361675
-0.361675
-0.361675
-0.361675
-0.361675
-0.361675
-0.361675
-0.361675
-0.361675
-0.361675
-0.361675
-0.361675
-0.361675
-0.361675
-0.361675
-0.361675
-0.361675
-0.361675
-0.361675
-0.361675
-0.361675
-0.361675
-0.361675
-0.361675
-0.361675
-0.361675
-0.361675
-0.361675
-0.361675
-0.361675
-0.361675
-0.361675
-0.361675
-0.361675
-0.361675
-0.361675
-0.361675
-0.361675
-0.361675
-0.361675
-0.361675
-0.361675
-0.361675
-0.361675
-0.361675
-0.361675
-0.361675
-0.361674
-0.361674
-0.361674
-0.361674
-0.361674
-0.361674
-0.361674
-0.361674
-0.361674
-0.361674
-0.361674
-0.361674
-0.361674
-0.361674
-0.361674
-0.361674
-0.361674
-0.361674
-0.361674
-0.361674
-0.361674
-0.361674
-0.361674
-0.361674
-0.361674
-0.361674
-0.361674
-0.361674
-0.361674
-0.361674
-0.361674
-0.361674
-0.361674
-0.361674
-0.361674
-0.361674
-0.361674
-0.361674
-0.361674
-0.361674
-0.361674
-0.361674
-0.361674
-0.361674
-0.361674
-0.361674
-0.361674
-0.361674
-0.361674
-0.361674
-0.361674
-0.361674
-0.361674
-0.361674
-0.361674
-0.361674
-0.361674
-0.361674
-0.361674
-0.361674
-0.361674
-0.361674
-0.361674
-0.361674
-0.361674
-0.361674
-0.361674
-0.361674
-0.361674
-0.361674
-0.361674
-0.361674
-0.361674
-0.361674
-0.361674
-0.361674
-0.361674
-0.361674
-0.361674
-0.361674
-0.361674
-0.361674
-0.361674
-0.361674
-0.361674
-0.361674
-0.361674
-0.361674
-0.361674
-0.361674
-0.361674
-0.361674
-0.361674
-0.361674
-0.361674
-0.361674
-0.361674
-0.361674
-0.361674
-0.361674
-0.361674
-0.361674
-0.361674
-0.361674
-0.361674
-0.361674
-0.361674
-0.361674
-0.361674
-0.361674
-0.361674
-0.361674
-0.361674
-0.361674
-0.361674
-0.361674
-0.361674
-0.361674
-0.361674
-0.361674
-0.361674
-0.361674
-0.361674
-0.361674
-0.361674
-0.361674
-0.361674
-0.361674
-0.361674
-0.361674
-0.361674
-0.361674
-0.361674
-0.361674
-0.361674
-0.361674
-0.361674
-0.361674
-0.361674
-0.361674
-0.361674
-0.361674
-0.361674
-0.361674
-0.361674
-0.361674
-0.361674
-0.361674
-0.361674
-0.361674
-0.361674
-0.361674
-0.361674
-0.361674
-0.361674
-0.361674
-0.361674
-0.361674
-0.361674
-0.361674
-0.361674
-0.361674
-0.361674
-0.361674
-0.361674
-0.361674
-0.361674
-0.361674
-0.361674
-0.361674
-0.361674
-0.361674
-0.361674
-0.361674
-0.361674
-0.361674
-0.361674
-0.361674
-0.361674
-0.361674
-0.361674
-0.361674
-0.361674
-0.361674
-0.361674
-0.361674
-0.361674
-0.361674
-0.361674
-0.361674
-0.361674
-0.361674
-0.361674
-0.361674
-0.361674
-0.361674
-0.361674
-0.361674
-0.361674
-0.361674
-0.361674
-0.361674
-0.361674
-0.361674
-0.361674
-0.361674
-0.361674
-0.361674
-0.361674
-0.361674
-0.361674
-0.361674
-0.361674
-0.361674
-0.361674
-0.361674
-0.361674
-0.361674
-0.361674
-0.361674
-0.361674
-0.361674
-0.361674
-0.361674
-0.361674
-0.361674
-0.361674
-0.361674
-0.361674
-0.361674
-0.361674
-0.361674
-0.361674
-0.361674
-0.361674
-0.361674
-0.361674
-0.361674
-0.361674
-0.361674
-0.361674
-0.361674
-0.361674
-0.361674
-0.361673
-0.361673
-0.361673
-0.361673
-0.361673
-0.361673
-0.361673
-0.361673
-0.361673
-0.361673
-0.361673
-0.361673
-0.361673
-0.361673
-0.361673
-0.361673
-0.361673
-0.361673
-0.361673
-0.361673
-0.361673
-0.361673
-0.361673
-0.361673
-0.361673
-0.361673
-0.361673
-0.361673
-0.361673
-0.361673
-0.361673
-0.361673
-0.361673
-0.361673
-0.361673
-0.361673
-0.361673
-0.361673
-0.361673
-0.361673
-0.361673
-0.361673
-0.361673
-0.361673
-0.361673
-0.361673
-0.361673
-0.361673
-0.361673
-0.361673
-0.361673
-0.361673
-0.361673
-0.361673
-0.361673
-0.361673
-0.361673
-0.361673
-0.361673
-0.361673
-0.361673
-0.361673
-0.361673
-0.361673
-0.361673
-0.361673
-0.361673
-0.361673
-0.361673
-0.361673
-0.361673
-0.361673
-0.361673
-0.361673
-0.361673
-0.361673
-0.361673
-0.361673
-0.361673
-0.361673
-0.361673
-0.361673
-0.361673
-0.361673
-0.361673
-0.361673
-0.361673
-0.361673
-0.361673
-0.361673
-0.361673
-0.361673
-0.361673
-0.361673
-0.361673
-0.361673
-0.361673
-0.361673
-0.361673
-0.361673
-0.361673
-0.361673
-0.361673
-0.361673
-0.361673
-0.361673
-0.361673
-0.361673
-0.361673
-0.361673
-0.361673
-0.361673
-0.361673
-0.361673
-0.361673
-0.361673
-0.361673
-0.361673
-0.361673
-0.361673
-0.361673
-0.361673
-0.361673
-0.361673
-0.361673
-0.361673
-0.361673
-0.361673
-0.361673
-0.361673
-0.361673
-0.361673
-0.361673
-0.361673
-0.361673
-0.361673
-0.361673
-0.361673
-0.361673
-0.361673
-0.361673
-0.361673
-0.361673
-0.361673
-0.361673
-0.361673
-0.361673
-0.361673
-0.361673
-0.361673
-0.361673
-0.361673
-0.361673
-0.361673
-0.361673
-0.361673
-0.361673
-0.361673
-0.361673
-0.361673
-0.361673
-0.361673
-0.361673
-0.361673
-0.361673
-0.361673
-0.361673
-0.361673
-0.361673
-0.361673
-0.361673
-0.361673
-0.361673
-0.361673
-0.361673
-0.361673
-0.361673
-0.361673
-0.361673
-0.361673
-0.361673
-0.361673
-0.361673
-0.361673
-0.361673
-0.361673
-0.361673
-0.361673
-0.361673
-0.361673
-0.361673
-0.361673
-0.361673
-0.361673
-0.361673
-0.361673
-0.361673
-0.361673
-0.361673
-0.361673
-0.361673
-0.361673
-0.361673
-0.361673
-0.361673
-0.361673
-0.361673
-0.361673
-0.361673
-0.361673
-0.361673
-0.361673
-0.361673
-0.361673
-0.361673
-0.361673
-0.361673
-0.361673
-0.361673
-0.361673
-0.361673
-0.361673
-0.361673
-0.361673
-0.361673
-0.361673
-0.361673
-0.361673
-0.361673
-0.361673
-0.361673
-0.361673
-0.361673
-0.361673
-0.361673
-0.361672
-0.361672
-0.361672
-0.361672
-0.361672
-0.361672
-0.361672
-0.361672
-0.361672
-0.361672
-0.361672
-0.361672
-0.361672
-0.361672
-0.361672
-0.361672
-0.361672
-0.361672
-0.361672
-0.361672
-0.361672
-0.361672
-0.361672
-0.361672
-0.361672
-0.361672
-0.361672
-0.361672
-0.361672
-0.361672
-0.361672
-0.361672
-0.361672
-0.361672
-0.361672
-0.361672
-0.361672
-0.361672
-0.361672
-0.361672
-0.361672
-0.361672
-0.361672
-0.361672
-0.361672
-0.361672
-0.361672
-0.361672
-0.361672
-0.361672
-0.361672
-0.361672
-0.361672
-0.361672
-0.361672
-0.361672
-0.361672
-0.361672
-0.361672
-0.361672
-0.361672
-0.361672
-0.361672
-0.361672
-0.361672
-0.361672
-0.361672
-0.361672
-0.361672
-0.361672
-0.361672
-0.361672
-0.361672
-0.361672
-0.361672
-0.361672
-0.361672
-0.361672
-0.361672
-0.361672
-0.361672
-0.361672
-0.361672
-0.361672
-0.361672
-0.361672
-0.361672
-0.361672
-0.361672
-0.361672
-0.361672
-0.361672
-0.361672
-0.361672
-0.361672
-0.361672
-0.361672
-0.361672
-0.361672
-0.361672
-0.361672
-0.361672
-0.361672
-0.361672
-0.361672
-0.361672
-0.361672
-0.361672
-0.361672
-0.361672
-0.361672
-0.361672
-0.361672
-0.361672
-0.361672
-0.361672
-0.361672
-0.361672
-0.361672
-0.361672
-0.361672
-0.361672
-0.361672
-0.361672
-0.361672
-0.361672
-0.361672
-0.361672
-0.361672
-0.361672
-0.361672
-0.361672
-0.361672
-0.361672
-0.361672
-0.361672
-0.361672
-0.361672
-0.361672
-0.361672
-0.361672
-0.361672
-0.361672
-0.361672
-0.361672
-0.361672
-0.361672
-0.361672
-0.361672
-0.361672
-0.361672
-0.361672
-0.361672
-0.361672
-0.361672
-0.361672
-0.361672
-0.361672
-0.361672
-0.361672
-0.361672
-0.361672
-0.361672
-0.361672
-0.361672
-0.361672
-0.361672
-0.361672
-0.361672
-0.361672
-0.361672
-0.361672
-0.361672
-0.361672
-0.361672
-0.361672
-0.361672
-0.361672
-0.361672
-0.361672
-0.361672
-0.361672
-0.361672
-0.361672
-0.361672
-0.361672
-0.361672
-0.361672
-0.361672
-0.361672
-0.361672
-0.361672
-0.361672
-0.361672
-0.361672
-0.361672
-0.361672
-0.361672
-0.361672
-0.361672
-0.361672
-0.361672
-0.361672
-0.361672
-0.361672
-0.361672
-0.361672
-0.361672
-0.361672
-0.361672
-0.361672
-0.361672
-0.361672
-0.361672
-0.361672
-0.361672
-0.361672
-0.361672
-0.361672
-0.361672
-0.361672
-0.361672
-0.361672
-0.361672
-0.361672
-0.361672
-0.361672
-0.361672
-0.361672
-0.361672
-0.361671
-0.361671
-0.361671
-0.361671
-0.361671
-0.361671
-0.361671
-0.361671
-0.361671
-0.361671
-0.361671
-0.361671
-0.361671
-0.361671
-0.361671
-0.361671
-0.361671
-0.361671
-0.361671
-0.361671
-0.361671
-0.361671
-0.361671
-0.361671
-0.361671
-0.361671
-0.361671
-0.361671
-0.361671
-0.361671
-0.361671
-0.361671
-0.361671
-0.361671
-0.361671
-0.361671
-0.361671
-0.361671
-0.361671
-0.361671
-0.361671
-0.361671
-0.361671
-0.361671
-0.361671
-0.361671
-0.361671
-0.361671
-0.361671
-0.361671
-0.361671
-0.361671
-0.361671
-0.361671
-0.361671
-0.361671
-0.361671
-0.361671
-0.361671
-0.361671
-0.361671
-0.361671
-0.361671
-0.361671
-0.361671
-0.361671
-0.361671
-0.361671
-0.361671
-0.361671
-0.361671
-0.361671
-0.361671
-0.361671
-0.361671
-0.361671
-0.361671
-0.361671
-0.361671
-0.361671
-0.361671
-0.361671
-0.361671
-0.361671
-0.361671
-0.361671
-0.361671
-0.361671
-0.361671
-0.361671
-0.361671
-0.361671
-0.361671
-0.361671
-0.361671
-0.361671
-0.361671
-0.361671
-0.361671
-0.361671
-0.361671
-0.361671
-0.361671
-0.361671
-0.361671
-0.361671
-0.361671
-0.361671
-0.361671
-0.361671
-0.361671
-0.361671
-0.361671
-0.361671
-0.361671
-0.361671
-0.361671
-0.361671
-0.361671
-0.361671
-0.361671
-0.361671
-0.361671
-0.361671
-0.361671
-0.361671
-0.361671
-0.361671
-0.361671
-0.361671
-0.361671
-0.361671
-0.361671
-0.361671
-0.361671
-0.361671
-0.361671
-0.361671
-0.361671
-0.361671
-0.361671
-0.361671
-0.361671
-0.361671
-0.361671
-0.361671
-0.361671
-0.361671
-0.361671
-0.361671
-0.361671
-0.361671
-0.361671
-0.361671
-0.361671
-0.361671
-0.361671
-0.361671
-0.361671
-0.361671
-0.361671
-0.361671
-0.361671
-0.361671
-0.361671
-0.361671
-0.361671
-0.361671
-0.361671
-0.361671
-0.361671
-0.361671
-0.361671
-0.361671
-0.361671
-0.361671
-0.361671
-0.361671
-0.361671
-0.361671
-0.361671
-0.361671
-0.361671
-0.361671
-0.361671
-0.361671
-0.361671
-0.361671
-0.361671
-0.361671
-0.361671
-0.361671
-0.361671
-0.361671
-0.361671
-0.361671
-0.361671
-0.361671
-0.361671
-0.361671
-0.361671
-0.361671
-0.361671
-0.361671
-0.361671
-0.361671
-0.361671
-0.361671
-0.361671
-0.361671
-0.361671
-0.361671
-0.361671
-0.361671
-0.361671
-0.361671
-0.361671
-0.361671
-0.361671
-0.361671
-0.361671
-0.361671
-0.361670
-0.361670
-0.361670
-0.361670
-0.361670
-0.361670
-0.361670
-0.361670
-0.361670
-0.361670
-0.361670
-0.361670
-0.361670
-0.361670
-0.361670
-0.361670
-0.361670
-0.361670
-0.361670
-0.361670
-0.361670
-0.361670
-0.361670
-0.361670
-0.361670
-0.361670
-0.361670
-0.361670
-0.361670
-0.361670
-0.361670
-0.361670
-0.361670
-0.361670
-0.361670
-0.361670
-0.361670
-0.361670
-0.361670
-0.361670
-0.361670
-0.361670
-0.361670
-0.361670
-0.361670
-0.361670
-0.361670
-0.361670
-0.361670
-0.361670
-0.361670
-0.361670
-0.361670
-0.361670
-0.361670
-0.361670
-0.361670
-0.361670
-0.361670
-0.361670
-0.361670
-0.361670
-0.361670
-0.361670
-0.361670
-0.361670
-0.361670
-0.361670
-0.361670
-0.361670
-0.361670
-0.361670
-0.361670
-0.361670
-0.361670
-0.361670
-0.361670
-0.361670
-0.361670
-0.361670
-0.361670
-0.361670
-0.361670
-0.361670
-0.361670
-0.361670
-0.361670
-0.361670
-0.361670
-0.361670
-0.361670
-0.361670
-0.361670
-0.361670
-0.361670
-0.361670
-0.361670
-0.361670
-0.361670
-0.361670
-0.361670
-0.361670
-0.361670
-0.361670
-0.361670
-0.361670
-0.361670
-0.361670
-0.361670
-0.361670
-0.361670
-0.361670
-0.361670
-0.361670
-0.361670
-0.361670
-0.361670
-0.361670
-0.361670
-0.361670
-0.361670
-0.361670
-0.361670
-0.361670
-0.361670
-0.361670
-0.361670
-0.361670
-0.361670
-0.361670
-0.361670
-0.361670
-0.361670
-0.361670
-0.361670
-0.361670
-0.361670
-0.361670
-0.361670
-0.361670
-0.361670
-0.361670
-0.361670
-0.361670
-0.361670
-0.361670
-0.361670
-0.361670
-0.361670
-0.361670
-0.361670
-0.361670
-0.361670
-0.361670
-0.361670
-0.361670
-0.361670
-0.361670
-0.361670
-0.361670
-0.361670
-0.361670
-0.361670
-0.361670
-0.361670
-0.361670
-0.361670
-0.361670
-0.361670
-0.361670
-0.361670
-0.361670
-0.361670
-0.361670
-0.361670
-0.361670
-0.361670
-0.361670
-0.361670
-0.361670
-0.361670
-0.361670
-0.361670
-0.361670
-0.361670
-0.361670
-0.361670
-0.361670
-0.361670
-0.361670
-0.361670
-0.361670
-0.361670
-0.361670
-0.361670
-0.361670
-0.361670
-0.361670
-0.361670
-0.361670
-0.361670
-0.361670
-0.361670
-0.361670
-0.361670
-0.361670
-0.361670
-0.361670
-0.361670
-0.361670
-0.361670
-0.361670
-0.361670
-0.361670
-0.361670
-0.361670
-0.361670
-0.361670
-0.361669
-0.361669
-0.361669
-0.361669
-0.361669
-0.361669
-0.361669
-0.361669
-0.361669
-0.361669
-0.361669
-0.361669
-0.361669
-0.361669
-0.361669
-0.361669
-0.361669
-0.361669
-0.361669
-0.361669
-0.361669
-0.361669
-0.361669
-0.361669
-0.361669
-0.361669
-0.361669
-0.361669
-0.361669
-0.361669
-0.361669
-0.361669
-0.361669
-0.361669
-0.361669
-0.361669
-0.361669
-0.361669
-0.361669
-0.361669
-0.361669
-0.361669
-0.361669
-0.361669
-0.361669
-0.361669
-0.361669
-0.361669
-0.361669
-0.361669
-0.361669
-0.361669
-0.361669
-0.361669
-0.361669
-0.361669
-0.361669
-0.361669
-0.361669
-0.361669
-0.361669
-0.361669
-0.361669
-0.361669
-0.361669
-0.361669
-0.361669
-0.361669
-0.361669
-0.361669
-0.361669
-0.361669
-0.361669
-0.361669
-0.361669
-0.361669
-0.361669
-0.361669
-0.361669
-0.361669
-0.361669
-0.361669
-0.361669
-0.361669
-0.361669
-0.361669
-0.361669
-0.361669
-0.361669
-0.361669
-0.361669
-0.361669
-0.361669
-0.361669
-0.361669
-0.361669
-0.361669
-0.361669
-0.361669
-0.361669
-0.361669
-0.361669
-0.361669
-0.361669
-0.361669
-0.361669
-0.361669
-0.361669
-0.361669
-0.361669
-0.361669
-0.361669
-0.361669
-0.361669
-0.361669
-0.361669
-0.361669
-0.361669
-0.361669
-0.361669
-0.361669
-0.361669
-0.361669
-0.361669
-0.361669
-0.361669
-0.361669
-0.361669
-0.361669
-0.361669
-0.361669
-0.361669
-0.361669
-0.361669
-0.361669
-0.361669
-0.361669
-0.361669
-0.361669
-0.361669
-0.361669
-0.361669
-0.361669
-0.361669
-0.361669
-0.361669
-0.361669
-0.361669
-0.361669
-0.361669
-0.361669
-0.361669
-0.361669
-0.361669
-0.361669
-0.361669
-0.361669
-0.361669
-0.361669
-0.361669
-0.361669
-0.361669
-0.361669
-0.361669
-0.361669
-0.361669
-0.361669
-0.361669
-0.361669
-0.361669
-0.361669
-0.361669
-0.361669
-0.361669
-0.361669
-0.361669
-0.361669
-0.361669
-0.361669
-0.361669
-0.361669
-0.361669
-0.361669
-0.361669
-0.361669
-0.361669
-0.361669
-0.361669
-0.361669
-0.361669
-0.361669
-0.361669
-0.361669
-0.361669
-0.361669
-0.361669
-0.361669
-0.361669
-0.361669
-0.361669
-0.361669
-0.361669
-0.361669
-0.361669
-0.361669
-0.361669
-0.361669
-0.361669
-0.361669
-0.361669
-0.361669
-0.361668
-0.361668
-0.361668
-0.361668
-0.361668
-0.361668
-0.361668
-0.361668
-0.361668
-0.361668
-0.361668
-0.361668
-0.361668
-0.361668
-0.361668
-0.361668
-0.361668
-0.361668
-0.361668
-0.361668
-0.361668
-0.361668
-0.361668
-0.361668
-0.361668
-0.361668
-0.361668
-0.361668
-0.361668
-0.361668
-0.361668
-0.361668
-0.361668
-0.361668
-0.361668
-0.361668
-0.361668
-0.361668
-0.361668
-0.361668
-0.361668
-0.361668
-0.361668
-0.361668
-0.361668
-0.361668
-0.361668
-0.361668
-0.361668
-0.361668
-0.361668
-0.361668
-0.361668
-0.361668
-0.361668
-0.361668
-0.361668
-0.361668
-0.361668
-0.361668
-0.361668
-0.361668
-0.361668
-0.361668
-0.361668
-0.361668
-0.361668
-0.361668
-0.361668
-0.361668
-0.361668
-0.361668
-0.361668
-0.361668
-0.361668
-0.361668
-0.361668
-0.361668
-0.361668
-0.361668
-0.361668
-0.361668
-0.361668
-0.361668
-0.361668
-0.361668
-0.361668
-0.361668
-0.361668
-0.361668
-0.361668
-0.361668
-0.361668
-0.361668
-0.361668
-0.361668
-0.361668
-0.361668
-0.361668
-0.361668
-0.361668
-0.361668
-0.361668
-0.361668
-0.361668
-0.361668
-0.361668
-0.361668
-0.361668
-0.361668
-0.361668
-0.361668
-0.361668
-0.361668
-0.361668
-0.361668
-0.361668
-0.361668
-0.361668
-0.361668
-0.361668
-0.361668
-0.361668
-0.361668
-0.361668
-0.361668
-0.361668
-0.361668
-0.361668
-0.361668
-0.361668
-0.361668
-0.361668
-0.361668
-0.361668
-0.361668
-0.361668
-0.361668
-0.361668
-0.361668
-0.361668
-0.361668
-0.361668
-0.361668
-0.361668
-0.361668
-0.361668
-0.361668
-0.361668
-0.361668
-0.361668
-0.361668
-0.361668
-0.361668
-0.361668
-0.361668
-0.361668
-0.361668
-0.361668
-0.361668
-0.361668
-0.361668
-0.361668
-0.361668
-0.361668
-0.361668
-0.361668
-0.361668
-0.361668
-0.361668
-0.361668
-0.361668
-0.361668
-0.361668
-0.361668
-0.361668
-0.361668
-0.361668
-0.361668
-0.361668
-0.361668
-0.361668
-0.361668
-0.361668
-0.361668
-0.361668
-0.361668
-0.361668
-0.361668
-0.361668
-0.361668
-0.361668
-0.361668
-0.361668
-0.361668
-0.361668
-0.361668
-0.361668
-0.361668
-0.361668
-0.361668
-0.361668
-0.361668
-0.361668
-0.361668
-0.361668
-0.361668
-0.361668
-0.361667
-0.361667
-0.361667
-0.361667
-0.361667
-0.361667
-0.361667
-0.361667
-0.361667
-0.361667
-0.361667
-0.361667
-0.361667
-0.361667
-0.361667
-0.361667
-0.361667
-0.361667
-0.361667
-0.361667
-0.361667
-0.361667
-0.361667
-0.361667
-0.361667
-0.361667
-0.361667
-0.361667
-0.361667
-0.361667
-0.361667
-0.361667
-0.361667
-0.361667
-0.361667
-0.361667
-0.361667
-0.361667
-0.361667
-0.361667
-0.361667
-0.361667
-0.361667
-0.361667
-0.361667
-0.361667
-0.361667
-0.361667
-0.361667
-0.361667
-0.361667
-0.361667
-0.361667
-0.361667
-0.361667
-0.361667
-0.361667
-0.361667
-0.361667
-0.361667
-0.361667
-0.361667
-0.361667
-0.361667
-0.361667
-0.361667
-0.361667
-0.361667
-0.361667
-0.361667
-0.361667
-0.361667
-0.361667
-0.361667
-0.361667
-0.361667
-0.361667
-0.361667
-0.361667
-0.361667
-0.361667
-0.361667
-0.361667
-0.361667
-0.361667
-0.361667
-0.361667
-0.361667
-0.361667
-0.361667
-0.361667
-0.361667
-0.361667
-0.361667
-0.361667
-0.361667
-0.361667
-0.361667
-0.361667
-0.361667
-0.361667
-0.361667
-0.361667
-0.361667
-0.361667
-0.361667
-0.361667
-0.361667
-0.361667
-0.361667
-0.361667
-0.361667
-0.361667
-0.361667
-0.361667
-0.361667
-0.361667
-0.361667
-0.361667
-0.361667
-0.361667
-0.361667
-0.361667
-0.361667
-0.361667
-0.361667
-0.361667
-0.361667
-0.361667
-0.361667
-0.361667
-0.361667
-0.361667
-0.361667
-0.361667
-0.361667
-0.361667
-0.361667
-0.361667
-0.361667
-0.361667
-0.361667
-0.361667
-0.361667
-0.361667
-0.361667
-0.361667
-0.361667
-0.361667
-0.361667
-0.361667
-0.361667
-0.361667
-0.361667
-0.361667
-0.361667
-0.361667
-0.361667
-0.361667
-0.361667
-0.361667
-0.361667
-0.361667
-0.361667
-0.361667
-0.361667
-0.361667
-0.361667
-0.361667
-0.361667
-0.361667
-0.361667
-0.361667
-0.361667
-0.361667
-0.361667
-0.361667
-0.361667
-0.361667
-0.361667
-0.361667
-0.361667
-0.361667
-0.361667
-0.361667
-0.361667
-0.361667
-0.361667
-0.361667
-0.361667
-0.361667
-0.361667
-0.361667
-0.361667
-0.361667
-0.361667
-0.361667
-0.361667
-0.361667
-0.361667
-0.361667
-0.361667
-0.361666
-0.361666
-0.361666
-0.361666
-0.361666
-0.361666
-0.361666
-0.361666
-0.361666
-0.361666
-0.361666
-0.361666
-0.361666
-0.361666
-0.361666
-0.361666
-0.361666
-0.361666
-0.361666
-0.361666
-0.361666
-0.361666
-0.361666
-0.361666
-0.361666
-0.361666
-0.361666
-0.361666
-0.361666
-0.361666
-0.361666
-0.361666
-0.361666
-0.361666
-0.361666
-0.361666
-0.361666
-0.361666
-0.361666
-0.361666
-0.361666
-0.361666
-0.361666
-0.361666
-0.361666
-0.361666
-0.361666
-0.361666
-0.361666
-0.361666
-0.361666
-0.361666
-0.361666
-0.361666
-0.361666
-0.361666
-0.361666
-0.361666
-0.361666
-0.361666
-0.361666
-0.361666
-0.361666
-0.361666
-0.361666
-0.361666
-0.361666
-0.361666
-0.361666
-0.361666
-0.361666
-0.361666
-0.361666
-0.361666
-0.361666
-0.361666
-0.361666
-0.361666
-0.361666
-0.361666
-0.361666
-0.361666
-0.361666
-0.361666
-0.361666
-0.361666
-0.361666
-0.361666
-0.361666
-0.361666
-0.361666
-0.361666
-0.361666
-0.361666
-0.361666
-0.361666
-0.361666
-0.361666
-0.361666
-0.361666
-0.361666
-0.361666
-0.361666
-0.361666
-0.361666
-0.361666
-0.361666
-0.361666
-0.361666
-0.361666
-0.361666
-0.361666
-0.361666
-0.361666
-0.361666
-0.361666
-0.361666
-0.361666
-0.361666
-0.361666
-0.361666
-0.361666
-0.361666
-0.361666
-0.361666
-0.361666
-0.361666
-0.361666
-0.361666
-0.361666
-0.361666
-0.361666
-0.361666
-0.361666
-0.361666
-0.361666
-0.361666
-0.361666
-0.361666
-0.361666
-0.361666
-0.361666
-0.361666
-0.361666
-0.361666
-0.361666
-0.361666
-0.361666
-0.361666
-0.361666
-0.361666
-0.361666
-0.361666
-0.361666
-0.361666
-0.361666
-0.361666
-0.361666
-0.361666
-0.361666
-0.361666
-0.361666
-0.361666
-0.361666
-0.361666
-0.361666
-0.361666
-0.361666
-0.361666
-0.361666
-0.361666
-0.361666
-0.361666
-0.361666
-0.361666
-0.361666
-0.361666
-0.361666
-0.361666
-0.361666
-0.361666
-0.361666
-0.361666
-0.361666
-0.361666
-0.361666
-0.361666
-0.361666
-0.361666
-0.361666
-0.361666
-0.361666
-0.361666
-0.361666
-0.361666
-0.361666
-0.361666
-0.361666
-0.361665
-0.361665
-0.361665
-0.361665
-0.361665
-0.361665
-0.361665
-0.361665
-0.361665
-0.361665
-0.361665
-0.361665
-0.361665
-0.361665
-0.361665
-0.361665
-0.361665
-0.361665
-0.361665
-0.361665
-0.361665
-0.361665
-0.361665
-0.361665
-0.361665
-0.361665
-0.361665
-0.361665
-0.361665
-0.361665
-0.361665
-0.361665
-0.361665
-0.361665
-0.361665
-0.361665
-0.361665
-0.361665
-0.361665
-0.361665
-0.361665
-0.361665
-0.361665
-0.361665
-0.361665
-0.361665
-0.361665
-0.361665
-0.361665
-0.361665
-0.361665
-0.361665
-0.361665
-0.361665
-0.361665
-0.361665
-0.361665
-0.361665
-0.361665
-0.361665
-0.361665
-0.361665
-0.361665
-0.361665
-0.361665
-0.361665
-0.361665
-0.361665
-0.361665
-0.361665
-0.361665
-0.361665
-0.361665
-0.361665
-0.361665
-0.361665
-0.361665
-0.361665
-0.361665
-0.361665
-0.361665
-0.361665
-0.361665
-0.361665
-0.361665
-0.361665
-0.361665
-0.361665
-0.361665
-0.361665
-0.361665
-0.361665
-0.361665
-0.361665
-0.361665
-0.361665
-0.361665
-0.361665
-0.361665
-0.361665
-0.361665
-0.361665
-0.361665
-0.361665
-0.361665
-0.361665
-0.361665
-0.361665
-0.361665
-0.361665
-0.361665
-0.361665
-0.361665
-0.361665
-0.361665
-0.361665
-0.361665
-0.361665
-0.361665
-0.361665
-0.361665
-0.361665
-0.361665
-0.361665
-0.361665
-0.361665
-0.361665
-0.361665
-0.361665
-0.361665
-0.361665
-0.361665
-0.361665
-0.361665
-0.361665
-0.361665
-0.361665
-0.361665
-0.361665
-0.361665
-0.361665
-0.361665
-0.361665
-0.361665
-0.361665
-0.361665
-0.361665
-0.361665
-0.361665
-0.361665
-0.361665
-0.361665
-0.361665
-0.361665
-0.361665
-0.361665
-0.361665
-0.361665
-0.361665
-0.361665
-0.361665
-0.361665
-0.361665
-0.361665
-0.361665
-0.361665
-0.361665
-0.361665
-0.361665
-0.361665
-0.361665
-0.361665
-0.361665
-0.361665
-0.361665
-0.361665
-0.361665
-0.361665
-0.361665
-0.361665
-0.361665
-0.361665
-0.361665
-0.361665
-0.361665
-0.361665
-0.361665
-0.361665
-0.361665
-0.361665
-0.361665
-0.361665
-0.361665
-0.361665
-0.361665
-0.361664
-0.361664
-0.361664
-0.361664
-0.361664
-0.361664
-0.361664
-0.361664
-0.361664
-0.361664
-0.361664
-0.361664
-0.361664
-0.361664
-0.361664
-0.361664
-0.361664
-0.361664
-0.361664
-0.361664
-0.361664
-0.361664
-0.361664
-0.361664
-0.361664
-0.361664
-0.361664
-0.361664
-0.361664
-0.361664
-0.361664
-0.361664
-0.361664
-0.361664
-0.361664
-0.361664
-0.361664
-0.361664
-0.361664
-0.361664
-0.361664
-0.361664
-0.361664
-0.361664
-0.361664
-0.361664
-0.361664
-0.361664
-0.361664
-0.361664
-0.361664
-0.361664
-0.361664
-0.361664
-0.361664
-0.361664
-0.361664
-0.361664
-0.361664
-0.361664
-0.361664
-0.361664
-0.361664
-0.361664
-0.361664
-0.361664
-0.361664
-0.361664
-0.361664
-0.361664
-0.361664
-0.361664
-0.361664
-0.361664
-0.361664
-0.361664
-0.361664
-0.361664
-0.361664
-0.361664
-0.361664
-0.361664
-0.361664
-0.361664
-0.361664
-0.361664
-0.361664
-0.361664
-0.361664
-0.361664
-0.361664
-0.361664
-0.361664
-0.361664
-0.361664
-0.361664
-0.361664
-0.361664
-0.361664
-0.361664
-0.361664
-0.361664
-0.361664
-0.361664
-0.361664
-0.361664
-0.361664
-0.361664
-0.361664
-0.361664
-0.361664
-0.361664
-0.361664
-0.361664
-0.361664
-0.361664
-0.361664
-0.361664
-0.361664
-0.361664
-0.361664
-0.361664
-0.361664
-0.361664
-0.361664
-0.361664
-0.361664
-0.361664
-0.361664
-0.361664
-0.361664
-0.361664
-0.361664
-0.361664
-0.361664
-0.361664
-0.361664
-0.361664
-0.361664
-0.361664
-0.361664
-0.361664
-0.361664
-0.361664
-0.361664
-0.361664
-0.361664
-0.361664
-0.361664
-0.361664
-0.361664
-0.361664
-0.361664
-0.361664
-0.361664
-0.361664
-0.361664
-0.361664
-0.361664
-0.361664
-0.361664
-0.361664
-0.361664
-0.361664
-0.361664
-0.361664
-0.361664
-0.361664
-0.361664
-0.361664
-0.361664
-0.361664
-0.361664
-0.361664
-0.361664
-0.361664
-0.361664
-0.361664
-0.361664
-0.361664
-0.361664
-0.361664
-0.361664
-0.361664
-0.361664
-0.361664
-0.361664
-0.361664
-0.361664
-0.361664
-0.361664
-0.361663
-0.361663
-0.361663
-0.361663
-0.361663
-0.361663
-0.361663
-0.361663
-0.361663
-0.361663
-0.361663
-0.361663
-0.361663
-0.361663
-0.361663
-0.361663
-0.361663
-0.361663
-0.361663
-0.361663
-0.361663
-0.361663
-0.361663
-0.361663
-0.361663
-0.361663
-0.361663
-0.361663
-0.361663
-0.361663
-0.361663
-0.361663
-0.361663
-0.361663
-0.361663
-0.361663
-0.361663
-0.361663
-0.361663
-0.361663
-0.361663
-0.361663
-0.361663
-0.361663
-0.361663
-0.361663
-0.361663
-0.361663
-0.361663
-0.361663
-0.361663
-0.361663
-0.361663
-0.361663
-0.361663
-0.361663
-0.361663
-0.361663
-0.361663
-0.361663
-0.361663
-0.361663
-0.361663
-0.361663
-0.361663
-0.361663
-0.361663
-0.361663
-0.361663
-0.361663
-0.361663
-0.361663
-0.361663
-0.361663
-0.361663
-0.361663
-0.361663
-0.361663
-0.361663
-0.361663
-0.361663
-0.361663
-0.361663
-0.361663
-0.361663
-0.361663
-0.361663
-0.361663
-0.361663
-0.361663
-0.361663
-0.361663
-0.361663
-0.361663
-0.361663
-0.361663
-0.361663
-0.361663
-0.361663
-0.361663
-0.361663
-0.361663
-0.361663
-0.361663
-0.361663
-0.361663
-0.361663
-0.361663
-0.361663
-0.361663
-0.361663
-0.361663
-0.361663
-0.361663
-0.361663
-0.361663
-0.361663
-0.361663
-0.361663
-0.361663
-0.361663
-0.361663
-0.361663
-0.361663
-0.361663
-0.361663
-0.361663
-0.361663
-0.361663
-0.361663
-0.361663
-0.361663
-0.361663
-0.361663
-0.361663
-0.361663
-0.361663
-0.361663
-0.361663
-0.361663
-0.361663
-0.361663
-0.361663
-0.361663
-0.361663
-0.361663
-0.361663
-0.361663
-0.361663
-0.361663
-0.361663
-0.361663
-0.361663
-0.361663
-0.361663
-0.361663
-0.361663
-0.361663
-0.361663
-0.361663
-0.361663
-0.361663
-0.361663
-0.361663
-0.361663
-0.361663
-0.361663
-0.361663
-0.361663
-0.361663
-0.361663
-0.361663
-0.361663
-0.361663
-0.361663
-0.361663
-0.361663
-0.361663
-0.361663
-0.361663
-0.361663
-0.361663
-0.361663
-0.361663
-0.361663
-0.361663
-0.361663
-0.361662
-0.361662
-0.361662
-0.361662
-0.361662
-0.361662
-0.361662
-0.361662
-0.361662
-0.361662
-0.361662
-0.361662
-0.361662
-0.361662
-0.361662
-0.361662
-0.361662
-0.361662
-0.361662
-0.361662
-0.361662
-0.361662
-0.361662
-0.361662
-0.361662
-0.361662
-0.361662
-0.361662
-0.361662
-0.361662
-0.361662
-0.361662
-0.361662
-0.361662
-0.361662
-0.361662
-0.361662
-0.361662
-0.361662
-0.361662
-0.361662
-0.361662
-0.361662
-0.361662
-0.361662
-0.361662
-0.361662
-0.361662
-0.361662
-0.361662
-0.361662
-0.361662
-0.361662
-0.361662
-0.361662
-0.361662
-0.361662
-0.361662
-0.361662
-0.361662
-0.361662
-0.361662
-0.361662
-0.361662
-0.361662
-0.361662
-0.361662
-0.361662
-0.361662
-0.361662
-0.361662
-0.361662
-0.361662
-0.361662
-0.361662
-0.361662
-0.361662
-0.361662
-0.361662
-0.361662
-0.361662
-0.361662
-0.361662
-0.361662
-0.361662
-0.361662
-0.361662
-0.361662
-0.361662
-0.361662
-0.361662
-0.361662
-0.361662
-0.361662
-0.361662
-0.361662
-0.361662
-0.361662
-0.361662
-0.361662
-0.361662
-0.361662
-0.361662
-0.361662
-0.361662
-0.361662
-0.361662
-0.361662
-0.361662
-0.361662
-0.361662
-0.361662
-0.361662
-0.361662
-0.361662
-0.361662
-0.361662
-0.361662
-0.361662
-0.361662
-0.361662
-0.361662
-0.361662
-0.361662
-0.361662
-0.361662
-0.361662
-0.361662
-0.361662
-0.361662
-0.361662
-0.361662
-0.361662
-0.361662
-0.361662
-0.361662
-0.361662
-0.361662
-0.361662
-0.361662
-0.361662
-0.361662
-0.361662
-0.361662
-0.361662
-0.361662
-0.361662
-0.361662
-0.361662
-0.361662
-0.361662
-0.361662
-0.361662
-0.361662
-0.361662
-0.361662
-0.361662
-0.361662
-0.361662
-0.361662
-0.361662
-0.361662
-0.361662
-0.361662
-0.361662
-0.361662
-0.361662
-0.361662
-0.361662
-0.361662
-0.361662
-0.361662
-0.361662
-0.361662
-0.361662
-0.361662
-0.361662
-0.361662
-0.361662
-0.361662
-0.361662
-0.361662
-0.361662
-0.361662
-0.361662
-0.361661
-0.361661
-0.361661
-0.361661
-0.361661
-0.361661
-0.361661
-0.361661
-0.361661
-0.361661
-0.361661
-0.361661
-0.361661
-0.361661
-0.361661
-0.361661
-0.361661
-0.361661
-0.361661
-0.361661
-0.361661
-0.361661
-0.361661
-0.361661
-0.361661
-0.361661
-0.361661
-0.361661
-0.361661
-0.361661
-0.361661
-0.361661
-0.361661
-0.361661
-0.361661
-0.361661
-0.361661
-0.361661
-0.361661
-0.361661
-0.361661
-0.361661
-0.361661
-0.361661
-0.361661
-0.361661
-0.361661
-0.361661
-0.361661
-0.361661
-0.361661
-0.361661
-0.361661
-0.361661
-0.361661
-0.361661
-0.361661
-0.361661
-0.361661
-0.361661
-0.361661
-0.361661
-0.361661
-0.361661
-0.361661
-0.361661
-0.361661
-0.361661
-0.361661
-0.361661
-0.361661
-0.361661
-0.361661
-0.361661
-0.361661
-0.361661
-0.361661
-0.361661
-0.361661
-0.361661
-0.361661
-0.361661
-0.361661
-0.361661
-0.361661
-0.361661
-0.361661
-0.361661
-0.361661
-0.361661
-0.361661
-0.361661
-0.361661
-0.361661
-0.361661
-0.361661
-0.361661
-0.361661
-0.361661
-0.361661
-0.361661
-0.361661
-0.361661
-0.361661
-0.361661
-0.361661
-0.361661
-0.361661
-0.361661
-0.361661
-0.361661
-0.361661
-0.361661
-0.361661
-0.361661
-0.361661
-0.361661
-0.361661
-0.361661
-0.361661
-0.361661
-0.361661
-0.361661
-0.361661
-0.361661
-0.361661
-0.361661
-0.361661
-0.361661
-0.361661
-0.361661
-0.361661
-0.361661
-0.361661
-0.361661
-0.361661
-0.361661
-0.361661
-0.361661
-0.361661
-0.361661
-0.361661
-0.361661
-0.361661
-0.361661
-0.361661
-0.361661
-0.361661
-0.361661
-0.361661
-0.361661
-0.361661
-0.361661
-0.361661
-0.361661
-0.361661
-0.361661
-0.361661
-0.361661
-0.361661
-0.361661
-0.361661
-0.361661
-0.361661
-0.361661
-0.361661
-0.361661
-0.361661
-0.361661
-0.361661
-0.361661
-0.361661
-0.361661
-0.361661
-0.361661
-0.361661
-0.361661
-0.361661
-0.361661
-0.361661
-0.361661
-0.361660
-0.361660
-0.361660
-0.361660
-0.361660
-0.361660
-0.361660
-0.361660
-0.361660
-0.361660
-0.361660
-0.361660
-0.361660
-0.361660
-0.361660
-0.361660
-0.361660
-0.361660
-0.361660
-0.361660
-0.361660
-0.361660
-0.361660
-0.361660
-0.361660
-0.361660
-0.361660
-0.361660
-0.361660
-0.361660
-0.361660
-0.361660
-0.361660
-0.361660
-0.361660
-0.361660
-0.361660
-0.361660
-0.361660
-0.361660
-0.361660
-0.361660
-0.361660
-0.361660
-0.361660
-0.361660
-0.361660
-0.361660
-0.361660
-0.361660
-0.361660
-0.361660
-0.361660
-0.361660
-0.361660
-0.361660
-0.361660
-0.361660
-0.361660
-0.361660
-0.361660
-0.361660
-0.361660
-0.361660
-0.361660
-0.361660
-0.361660
-0.361660
-0.361660
-0.361660
-0.361660
-0.361660
-0.361660
-0.361660
-0.361660
-0.361660
-0.361660
-0.361660
-0.361660
-0.361660
-0.361660
-0.361660
-0.361660
-0.361660
-0.361660
-0.361660
-0.361660
-0.361660
-0.361660
-0.361660
-0.361660
-0.361660
-0.361660
-0.361660
-0.361660
-0.361660
-0.361660
-0.361660
-0.361660
-0.361660
-0.361660
-0.361660
-0.361660
-0.361660
-0.361660
-0.361660
-0.361660
-0.361660
-0.361660
-0.361660
-0.361660
-0.361660
-0.361660
-0.361660
-0.361660
-0.361660
-0.361660
-0.361660
-0.361660
-0.361660
-0.361660
-0.361660
-0.361660
-0.361660
-0.361660
-0.361660
-0.361660
-0.361660
-0.361660
-0.361660
-0.361660
-0.361660
-0.361660
-0.361660
-0.361660
-0.361660
-0.361660
-0.361660
-0.361660
-0.361660
-0.361660
-0.361660
-0.361660
-0.361660
-0.361660
-0.361660
-0.361660
-0.361660
-0.361660
-0.361660
-0.361660
-0.361660
-0.361660
-0.361660
-0.361660
-0.361660
-0.361660
-0.361660
-0.361660
-0.361660
-0.361660
-0.361660
-0.361660
-0.361660
-0.361660
-0.361660
-0.361660
-0.361660
-0.361660
-0.361660
-0.361660
-0.361660
-0.361660
-0.361660
-0.361660
-0.361660
-0.361660
-0.361660
-0.361660
-0.361659
-0.361659
-0.361659
-0.361659
-0.361659
-0.361659
-0.361659
-0.361659
-0.361659
-0.361659
-0.361659
-0.361659
-0.361659
-0.361659
-0.361659
-0.361659
-0.361659
-0.361659
-0.361659
-0.361659
-0.361659
-0.361659
-0.361659
-0.361659
-0.361659
-0.361659
-0.361659
-0.361659
-0.361659
-0.361659
-0.361659
-0.361659
-0.361659
-0.361659
-0.361659
-0.361659
-0.361659
-0.361659
-0.361659
-0.361659
-0.361659
-0.361659
-0.361659
-0.361659
-0.361659
-0.361659
-0.361659
-0.361659
-0.361659
-0.361659
-0.361659
-0.361659
-0.361659
-0.361659
-0.361659
-0.361659
-0.361659
-0.361659
-0.361659
-0.361659
-0.361659
-0.361659
-0.361659
-0.361659
-0.361659
-0.361659
-0.361659
-0.361659
-0.361659
-0.361659
-0.361659
-0.361659
-0.361659
-0.361659
-0.361659
-0.361659
-0.361659
-0.361659
-0.361659
-0.361659
-0.361659
-0.361659
-0.361659
-0.361659
-0.361659
-0.361659
-0.361659
-0.361659
-0.361659
-0.361659
-0.361659
-0.361659
-0.361659
-0.361659
-0.361659
-0.361659
-0.361659
-0.361659
-0.361659
-0.361659
-0.361659
-0.361659
-0.361659
-0.361659
-0.361659
-0.361659
-0.361659
-0.361659
-0.361659
-0.361659
-0.361659
-0.361659
-0.361659
-0.361659
-0.361659
-0.361659
-0.361659
-0.361659
-0.361659
-0.361659
-0.361659
-0.361659
-0.361659
-0.361659
-0.361659
-0.361659
-0.361659
-0.361659
-0.361659
-0.361659
-0.361659
-0.361659
-0.361659
-0.361659
-0.361659
-0.361659
-0.361659
-0.361659
-0.361659
-0.361659
-0.361659
-0.361659
-0.361659
-0.361659
-0.361659
-0.361659
-0.361659
-0.361659
-0.361659
-0.361659
-0.361659
-0.361659
-0.361659
-0.361659
-0.361659
-0.361659
-0.361659
-0.361659
-0.361659
-0.361659
-0.361659
-0.361659
-0.361659
-0.361659
-0.361659
-0.361659
-0.361659
-0.361659
-0.361659
-0.361659
-0.361659
-0.361659
-0.361659
-0.361659
-0.361659
-0.361659
-0.361658
-0.361658
-0.361658
-0.361658
-0.361658
-0.361658
-0.361658
-0.361658
-0.361658
-0.361658
-0.361658
-0.361658
-0.361658
-0.361658
-0.361658
-0.361658
-0.361658
-0.361658
-0.361658
-0.361658
-0.361658
-0.361658
-0.361658
-0.361658
-0.361658
-0.361658
-0.361658
-0.361658
-0.361658
-0.361658
-0.361658
-0.361658
-0.361658
-0.361658
-0.361658
-0.361658
-0.361658
-0.361658
-0.361658
-0.361658
-0.361658
-0.361658
-0.361658
-0.361658
-0.361658
-0.361658
-0.361658
-0.361658
-0.361658
-0.361658
-0.361658
-0.361658
-0.361658
-0.361658
-0.361658
-0.361658
-0.361658
-0.361658
-0.361658
-0.361658
-0.361658
-0.361658
-0.361658
-0.361658
-0.361658
-0.361658
-0.361658
-0.361658
-0.361658
-0.361658
-0.361658
-0.361658
-0.361658
-0.361658
-0.361658
-0.361658
-0.361658
-0.361658
-0.361658
-0.361658
-0.361658
-0.361658
-0.361658
-0.361658
-0.361658
-0.361658
-0.361658
-0.361658
-0.361658
-0.361658
-0.361658
-0.361658
-0.361658
-0.361658
-0.361658
-0.361658
-0.361658
-0.361658
-0.361658
-0.361658
-0.361658
-0.361658
-0.361658
-0.361658
-0.361658
-0.361658
-0.361658
-0.361658
-0.361658
-0.361658
-0.361658
-0.361658
-0.361658
-0.361658
-0.361658
-0.361658
-0.361658
-0.361658
-0.361658
-0.361658
-0.361658
-0.361658
-0.361658
-0.361658
-0.361658
-0.361658
-0.361658
-0.361658
-0.361658
-0.361658
-0.361658
-0.361658
-0.361658
-0.361658
-0.361658
-0.361658
-0.361658
-0.361658
-0.361658
-0.361658
-0.361658
-0.361658
-0.361658
-0.361658
-0.361658
-0.361658
-0.361658
-0.361658
-0.361658
-0.361658
-0.361658
-0.361658
-0.361658
-0.361658
-0.361658
-0.361658
-0.361658
-0.361658
-0.361658
-0.361658
-0.361658
-0.361658
-0.361658
-0.361658
-0.361658
-0.361658
-0.361658
-0.361658
-0.361658
-0.361658
-0.361658
-0.361658
-0.361658
-0.361657
-0.361657
-0.361657
-0.361657
-0.361657
-0.361657
-0.361657
-0.361657
-0.361657
-0.361657
-0.361657
-0.361657
-0.361657
-0.361657
-0.361657
-0.361657
-0.361657
-0.361657
-0.361657
-0.361657
-0.361657
-0.361657
-0.361657
-0.361657
-0.361657
-0.361657
-0.361657
-0.361657
-0.361657
-0.361657
-0.361657
-0.361657
-0.361657
-0.361657
-0.361657
-0.361657
-0.361657
-0.361657
-0.361657
-0.361657
-0.361657
-0.361657
-0.361657
-0.361657
-0.361657
-0.361657
-0.361657
-0.361657
-0.361657
-0.361657
-0.361657
-0.361657
-0.361657
-0.361657
-0.361657
-0.361657
-0.361657
-0.361657
-0.361657
-0.361657
-0.361657
-0.361657
-0.361657
-0.361657
-0.361657
-0.361657
-0.361657
-0.361657
-0.361657
-0.361657
-0.361657
-0.361657
-0.361657
-0.361657
-0.361657
-0.361657
-0.361657
-0.361657
-0.361657
-0.361657
-0.361657
-0.361657
-0.361657
-0.361657
-0.361657
-0.361657
-0.361657
-0.361657
-0.361657
-0.361657
-0.361657
-0.361657
-0.361657
-0.361657
-0.361657
-0.361657
-0.361657
-0.361657
-0.361657
-0.361657
-0.361657
-0.361657
-0.361657
-0.361657
-0.361657
-0.361657
-0.361657
-0.361657
-0.361657
-0.361657
