0.543961
0.531084
0.524951
0.526160
0.531146
0.536622
0.541459
0.545522
0.548918
0.551775
0.554195
0.556261
0.558035
0.559569
0.560904
0.562075
0.563113
0.564045
0.564895
0.565685
0.566437
0.567171
0.567907
0.568658
0.569438
0.570253
0.571104
0.571988
0.572899
0.573827
0.574762
0.575696
0.576622
0.577536
0.578434
0.579318
0.580186
0.581040
0.581882
0.582710
0.583526
0.584329
0.585121
0.585904
0.586680
0.587455
0.588236
0.589034
0.589863
0.590737
0.591671
0.592679
0.593771
0.594954
0.596229
0.597590
0.599027
0.600526
0.602071
0.603642
0.605218
0.606776
0.608292
0.609745
0.611128
0.612453
0.613748
0.615041
0.616352
0.617692
0.619061
0.620454
0.621865
0.623284
0.624703
0.626114
0.627510
0.628884
0.630229
0.631540
0.632812
0.634042
0.635224
0.636356
0.637435
0.638458
0.639424
0.640330
0.641175
0.641957
0.642676
0.643331
0.643920
0.644442
0.644897
0.645283
0.645599
0.645844
0.646019
0.646124
0.646163
0.646146
0.646080
0.645975
0.645830
0.645645
0.645417
0.645149
0.644840
0.644491
0.644104
0.643676
0.643205
0.642686
0.642116
0.641487
0.640795
0.640036
0.639215
0.638322
0.637252
0.636375
0.636063
0.635208
0.634717
0.633928
0.632372
0.631329
0.630937
0.630380
0.629728
0.629178
0.628722
0.628359
0.628121
0.628023
0.628066
0.628251
0.628571
0.629014
0.629564
0.630207
0.630923
0.631697
0.632511
0.633354
0.634211
0.635074
0.635934
0.636786
0.637626
0.638449
0.639255
0.640040
0.640805
0.641547
0.642267
0.642965
0.643640
0.644292
0.644921
0.645527
0.646108
0.646666
0.647199
0.647708
0.648191
0.648650
0.649083
0.649491
0.649873
0.650230
0.650560
0.650865
0.651143
0.651395
0.651621
0.651821
0.651996
0.652144
0.652267
0.652365
0.652438
0.652488
0.652515
0.652520
0.652504
0.652468
0.652411
0.652337
0.652244
0.652135
0.652010
0.651873
0.651725
0.651567
0.651402
0.651231
0.651057
0.650880
0.650703
0.650525
0.650345
0.650163
0.649976
0.649788
0.649600
0.649419
0.649247
0.649090
0.648951
0.648834
0.648740
0.648658
0.648578
0.648502
0.648441
0.648397
0.648370
0.648354
0.648340
0.648315
0.648275
0.648229
0.648187
0.648154
0.648133
0.648122
0.648120
0.648126
0.648139
0.648155
0.648174
0.648193
0.648211
0.648230
0.648251
0.648273
0.648300
0.648332
0.648369
0.648413
0.648461
0.648488
0.649208
0.649279
0.648682
0.648705
0.652454
0.651264
0.649470
0.651133
0.651374
0.651679
0.652183
0.652747
0.653332
0.653931
0.654544
0.655171
0.655808
0.656456
0.657106
0.657762
0.658415
0.659068
0.659716
0.660359
0.660993
0.661621
0.662237
0.662846
0.663441
0.664029
0.664605
0.665173
0.665731
0.666282
0.666827
0.667366
0.667901
0.668432
0.668960
0.669483
0.669996
0.670494
0.670976
0.671440
0.671888
0.672324
0.672749
0.673166
0.673574
0.673977
0.674373
0.674763
0.675149
0.675530
0.675907
0.676280
0.676280
0.676652
0.677021
0.677390
0.677758
0.678127
0.678497
0.678870
0.679247
0.679629
0.680016
0.680406
0.680794
0.681173
0.681537
0.681882
0.682210
0.682520
0.682813
0.683091
0.683355
0.683604
0.683841
0.684064
0.684277
0.684474
0.684665
0.684837
0.685011
0.685159
0.685321
0.685444
0.685603
0.685697
0.685865
0.685924
0.686112
0.686129
0.686353
0.686323
0.686594
0.686522
0.686834
0.686735
0.687064
0.686953
0.687268
0.687152
0.687437
0.687313
0.687566
0.687428
0.687651
0.687489
0.687686
0.687484
0.687664
0.687409
0.687588
0.687275
0.687488
0.687138
0.687441
0.687099
0.687555
0.687270
0.687894
0.687715
0.688467
0.688477
0.689329
0.689605
0.690577
0.691177
0.692302
0.693266
0.694594
0.695912
0.697453
0.698997
0.700621
0.702197
0.703783
0.705297
0.706816
0.708241
0.709683
0.710991
0.712356
0.713517
0.714818
0.715812
0.717078
0.717913
0.719176
0.719900
0.721159
0.721842
0.723037
0.723726
0.724806
0.725522
0.726485
0.727239
0.728119
0.728911
0.729749
0.730566
0.731394
0.732223
0.733053
0.733887
0.734723
0.735561
0.736401
0.737242
0.738085
0.738928
0.739770
0.740611
0.741450
0.742285
0.743117
0.743945
0.744768
0.745588
0.746403
0.747216
0.748027
0.748837
0.749646
0.750455
0.751267
0.752080
0.752898
0.753720
0.754548
0.755383
0.756226
0.757078
0.757940
0.758813
0.759697
0.760594
0.761503
0.762425
0.763361
0.764308
0.765268
0.766237
0.767215
0.768199
0.769185
0.770170
0.771149
0.772117
0.773067
0.773994
0.774892
0.775754
0.776573
0.777346
0.778067
0.778733
0.779339
0.779886
0.780370
0.780793
0.781155
0.781456
0.781699
0.781886
0.782019
0.782102
0.782139
0.782132
0.782087
0.782007
0.781897
0.781760
0.781602
0.781427
0.781238
0.781040
0.780836
0.780631
0.780427
0.780229
0.780038
0.779858
0.779691
0.779540
0.779407
0.779294
0.779202
0.779134
0.779089
0.779071
0.779079
0.779114
0.779177
0.779269
0.779390
0.779539
0.779717
0.779923
0.780158
0.780420
0.780709
0.781023
0.781363
0.781726
0.782111
0.782517
0.782942
0.783384
0.783841
0.784311
0.784791
0.785279
0.785773
0.786269
0.786765
0.787259
0.787746
0.788226
0.788695
0.789150
0.789589
0.790011
0.790414
0.790795
0.791154
0.791489
0.791801
0.792089
0.792352
0.792592
0.792809
0.793003
0.793175
0.793328
0.793461
0.793577
0.793676
0.793759
0.793829
0.793883
0.793922
0.793943
0.793939
0.793894
0.793772
0.793477
0.792737
0.790918
0.788808
0.788171
0.787897
0.787663
0.787453
0.787291
0.787194
0.787169
0.787222
0.787354
0.787567
0.787864
0.788243
0.788705
0.789248
0.789871
0.790571
0.791346
0.792191
0.793102
0.794075
0.795104
0.796182
0.797301
0.798453
0.799628
0.800816
0.802004
0.803183
0.804340
0.805465
0.806548
0.807582
0.808560
0.809478
0.810334
0.811127
0.811858
0.812529
0.813143
0.813702
0.814210
0.814671
0.815089
0.815089
0.815468
0.815811
0.816122
0.816406
0.816664
0.816902
0.817122
0.817328
0.817522
0.817706
0.817885
0.818060
0.818233
0.818408
0.818585
0.818767
0.818956
0.819154
0.819361
0.819580
0.819811
0.820056
0.820315
0.820589
0.820879
0.821184
0.821506
0.821844
0.822199
0.822569
0.822954
0.823355
0.823769
0.824196
0.824636
0.825086
0.825546
0.826014
0.826489
0.826969
0.827454
0.827940
0.828428
0.828915
0.829400
0.829881
0.830358
0.830829
0.831293
0.831750
0.832198
0.832636
0.833065
0.833483
0.833891
0.834288
0.834675
0.835050
0.835415
0.835769
0.836113
0.836446
0.836770
0.837085
0.837391
0.837688
0.837978
0.838260
0.838535
0.838804
0.839067
0.839324
0.839576
0.839823
0.840066
0.840304
0.840540
0.840771
0.841000
0.841226
0.841449
0.841669
0.841887
0.842103
0.842316
0.842528
0.842737
0.842944
0.843149
0.843352
0.843553
0.843751
0.843947
0.844141
0.844332
0.844520
0.844705
0.844888
0.845068
0.845244
0.845418
0.845588
0.845755
0.845919
0.846079
0.846235
0.846389
0.846538
0.846684
0.846826
0.846965
0.847100
0.847232
0.847360
0.847484
0.847605
0.847722
0.847836
0.847947
0.848054
0.848158
0.848259
0.848356
0.848451
0.848542
0.848631
0.848717
0.848799
0.848880
0.848957
0.849032
0.849104
0.849174
0.849241
0.849306
0.849368
0.849428
0.849486
0.849541
0.849595
0.849645
0.849694
0.849741
0.849785
0.849827
0.849867
0.849905
0.849940
0.849974
0.850005
0.850034
0.850061
0.850086
0.850109
0.850130
0.850148
0.850165
0.850179
0.850191
0.850201
0.850209
0.850215
0.850219
0.850221
0.850222
0.850220
0.850216
0.850211
0.850203
0.850194
0.850184
0.850172
0.850158
0.850143
0.850127
0.850110
0.850092
0.850073
0.850053
0.850032
0.850011
0.849989
0.849967
0.849945
0.849923
0.849901
0.849879
0.849857
0.849835
0.849814
0.849793
0.849773
0.849754
0.849734
0.849716
0.849698
0.849680
0.849663
0.849646
0.849630
0.849614
0.849598
0.849582
0.849566
0.849550
0.849534
0.849517
0.849499
0.849481
0.849462
0.849441
0.849419
0.849396
0.849371
0.849343
0.849314
0.849281
0.849245
0.849207
0.849164
0.849116
0.849064
0.849007
0.848943
0.848871
0.848792
0.848703
0.848604
0.848493
0.848368
0.848228
0.848073
0.847901
0.847715
0.847515
0.847309
0.847103
0.846907
0.846732
0.846585
0.846471
0.846394
0.846354
0.846348
0.846375
0.846433
0.846519
0.846632
0.846768
0.846926
0.847102
0.847296
0.847504
0.847725
0.847956
0.848195
0.848442
0.848693
0.848947
0.849202
0.849456
0.849706
0.849950
0.850184
0.850406
0.850612
0.850800
0.850967
0.851109
0.851224
0.851311
0.851366
0.851389
0.851378
0.851333
0.851253
0.851138
0.850989
0.850807
0.850591
0.850345
