-0.031039
-0.060374
-0.067390
-0.069755
-0.070293
-0.069970
-0.069214
-0.068223
-0.067093
-0.065881
-0.064635
-0.063399
-0.062216
-0.061124
-0.060161
-0.059357
-0.058738
-0.058329
-0.058150
-0.058227
-0.058590
-0.059279
-0.060348
-0.061867
-0.063923
-0.066618
-0.070057
-0.074336
-0.079515
-0.085579
-0.092411
-0.099768
-0.107297
-0.114596
-0.121289
-0.127088
-0.131824
-0.135431
-0.137931
-0.139403
-0.139958
-0.139730
-0.138858
-0.137482
-0.135738
-0.133747
-0.131609
-0.129400
-0.127167
-0.124939
-0.122743
-0.120617
-0.118628
-0.116851
-0.115365
-0.114253
-0.113609
-0.113550
-0.114225
-0.115826
-0.118599
-0.122817
-0.128698
-0.136238
-0.145102
-0.154689
-0.164358
-0.173612
-0.182164
-0.189904
-0.196837
-0.203026
-0.208558
-0.213526
-0.218015
-0.222099
-0.225843
-0.229299
-0.232510
-0.235511
-0.238331
-0.240994
-0.243518
-0.245918
-0.248206
-0.250393
-0.252488
-0.254496
-0.256423
-0.258274
-0.260053
-0.261762
-0.263405
-0.264983
-0.266499
-0.267953
-0.269349
-0.270688
-0.271971
-0.273201
-0.274381
-0.275516
-0.276612
-0.277673
-0.278705
-0.279710
-0.280688
-0.281642
-0.282579
-0.283505
-0.284424
-0.285338
-0.286248
-0.287155
-0.288059
-0.288960
-0.289857
-0.290751
-0.291638
-0.292518
-0.293398
-0.294288
-0.295085
-0.295986
-0.297269
-0.298083
-0.299192
-0.300321
-0.300909
-0.301724
-0.302881
-0.303880
-0.304738
-0.305536
-0.306260
-0.306914
-0.307529
-0.308140
-0.308795
-0.309550
-0.310454
-0.311539
-0.312805
-0.314230
-0.315774
-0.317387
-0.319022
-0.320638
-0.322199
-0.323682
-0.325069
-0.326348
-0.327512
-0.328558
-0.329485
-0.330294
-0.330988
-0.331570
-0.332045
-0.332412
-0.332669
-0.332816
-0.332852
-0.332783
-0.332618
-0.332365
-0.332032
-0.331627
-0.331158
-0.330634
-0.330060
-0.329441
-0.328779
-0.328081
-0.327353
-0.326605
-0.325844
-0.325074
-0.324298
-0.323517
-0.322739
-0.321972
-0.321225
-0.320505
-0.319817
-0.319163
-0.318543
-0.317961
-0.317419
-0.316928
-0.316495
-0.316132
-0.315849
-0.315653
-0.315548
-0.315536
-0.315615
-0.315779
-0.316021
-0.316331
-0.316701
-0.317134
-0.317645
-0.318271
-0.319061
-0.320054
-0.321259
-0.322652
-0.324178
-0.325762
-0.327318
-0.328769
-0.330130
-0.331581
-0.333336
-0.335425
-0.337716
-0.340076
-0.342434
-0.344790
-0.347232
-0.349904
-0.352884
-0.356096
-0.359399
-0.362698
-0.365955
-0.369157
-0.372301
-0.375388
-0.378419
-0.381397
-0.384325
-0.387203
-0.390034
-0.392820
-0.395562
-0.398263
-0.400924
-0.403547
-0.406134
-0.408685
-0.411204
-0.413692
-0.416161
-0.418526
-0.421071
-0.423327
-0.425785
-0.427678
-0.430228
-0.433048
-0.435085
-0.437696
-0.439677
-0.441942
-0.444325
-0.446634
-0.448877
-0.451027
-0.453120
-0.455128
-0.457079
-0.458939
-0.460742
-0.462451
-0.464105
-0.465671
-0.467189
-0.468631
-0.470036
-0.471384
-0.472707
-0.474001
-0.475292
-0.476589
-0.477916
-0.479291
-0.480733
-0.482249
-0.483828
-0.485433
-0.487011
-0.488501
-0.489856
-0.491049
-0.492070
-0.492926
-0.493633
-0.494214
-0.494695
-0.495103
-0.495466
-0.495809
-0.496149
-0.496495
-0.496842
-0.497169
-0.497445
-0.497637
-0.497637
-0.497720
-0.497684
-0.497545
-0.497337
-0.497109
-0.496905
-0.496747
-0.496627
-0.496514
-0.496371
-0.496169
-0.495871
-0.495418
-0.494756
-0.493872
-0.492796
-0.491576
-0.490255
-0.488877
-0.487490
-0.486150
-0.484921
-0.483867
-0.483046
-0.482487
-0.482208
-0.482191
-0.482423
-0.482857
-0.483486
-0.484243
-0.485156
-0.486127
-0.487244
-0.488347
-0.489625
-0.490806
-0.492233
-0.493455
-0.495030
-0.496219
-0.497880
-0.498849
-0.500474
-0.501284
-0.503150
-0.504423
-0.507348
-0.509829
-0.514882
-0.519222
-0.526513
-0.532382
-0.539899
-0.545457
-0.551694
-0.556409
-0.561729
-0.565885
-0.570669
-0.574439
-0.578792
-0.582267
-0.586151
-0.589435
-0.592787
-0.595978
-0.598822
-0.601956
-0.604410
-0.607462
-0.609671
-0.612597
-0.614692
-0.617451
-0.619543
-0.622113
-0.624268
-0.626692
-0.628919
-0.631284
-0.633572
-0.635936
-0.638267
-0.640647
-0.643006
-0.645406
-0.647778
-0.650188
-0.652558
-0.654960
-0.657317
-0.659685
-0.662030
-0.664331
-0.666677
-0.668883
-0.671240
-0.673342
-0.675698
-0.677711
-0.680028
-0.681984
-0.684226
-0.686161
-0.688303
-0.690236
-0.692276
-0.694200
-0.696155
-0.698053
-0.699943
-0.701800
-0.703637
-0.705450
-0.707241
-0.709011
-0.710761
-0.712491
-0.714203
-0.715898
-0.717576
-0.719239
-0.720888
-0.722524
-0.724148
-0.725764
-0.727372
-0.728974
-0.730572
-0.732168
-0.733765
-0.735364
-0.736966
-0.738574
-0.740188
-0.741810
-0.743440
-0.745077
-0.746722
-0.748374
-0.750031
-0.751692
-0.753354
-0.755014
-0.756670
-0.758319
-0.759957
-0.761582
-0.763190
-0.764778
-0.766343
-0.767883
-0.769395
-0.770878
-0.772329
-0.773746
-0.775130
-0.776477
-0.777789
-0.779064
-0.780302
-0.781502
-0.782665
-0.783791
-0.784879
-0.785931
-0.786946
-0.787925
-0.788867
-0.789774
-0.790646
-0.791483
-0.792284
-0.793051
-0.793784
-0.794482
-0.795146
-0.795775
-0.796371
-0.796933
-0.797462
-0.797957
-0.798418
-0.798847
-0.799243
-0.799607
-0.799939
-0.800240
-0.800510
-0.800749
-0.800960
-0.801141
-0.801294
-0.801420
-0.801520
-0.801594
-0.801643
-0.801667
-0.801669
-0.801647
-0.801603
-0.801538
-0.801452
-0.801345
-0.801219
-0.801073
-0.800908
-0.800725
-0.800523
-0.800303
-0.800065
-0.799810
-0.799537
-0.799246
-0.798938
-0.798613
-0.798271
-0.797911
-0.797534
-0.797140
-0.796727
-0.796298
-0.795850
-0.795385
-0.794902
-0.794400
-0.793880
-0.793341
-0.792784
-0.792207
-0.791611
-0.790996
-0.790361
-0.789705
-0.789030
-0.788335
-0.787619
-0.786883
-0.786127
-0.785350
-0.784553
-0.783736
-0.782899
-0.782042
-0.781166
-0.780270
-0.779354
-0.778419
-0.777464
-0.776490
-0.775496
-0.774483
-0.773452
-0.772408
-0.771352
-0.770116
-0.768833
-0.767897
-0.766800
-0.765624
-0.764420
-0.763193
-0.761941
-0.760665
-0.759366
-0.758045
-0.756704
-0.755342
-0.753960
-0.752557
-0.751135
-0.749694
-0.748236
-0.746761
-0.745272
-0.743769
-0.742255
-0.740732
-0.739201
-0.737666
-0.736128
-0.734591
-0.733058
-0.731531
-0.730014
-0.728510
-0.727022
-0.725553
-0.724106
-0.722684
-0.721290
-0.719927
-0.718597
-0.717302
-0.716044
-0.714824
-0.713643
-0.712502
-0.712502
-0.711401
-0.710340
-0.709320
-0.708340
-0.707398
-0.706495
-0.705630
-0.704801
-0.704007
-0.703247
-0.702521
-0.701826
-0.701162
-0.700528
-0.699922
-0.699343
-0.698790
-0.698262
-0.697758
-0.697277
-0.696819
-0.696381
-0.695963
-0.695565
-0.695186
-0.694824
-0.694479
-0.694151
-0.693838
-0.693539
-0.693255
-0.692985
-0.692727
-0.692481
-0.692247
-0.692024
-0.691812
-0.691609
-0.691416
-0.691231
-0.691055
-0.690886
-0.690724
-0.690569
-0.690420
-0.690277
-0.690139
-0.690005
-0.689876
-0.689750
-0.689627
-0.689508
-0.689390
-0.689275
-0.689161
-0.689048
-0.688935
-0.688824
-0.688712
-0.688600
-0.688488
-0.688375
-0.688261
-0.688145
-0.688029
-0.687911
-0.687791
-0.687669
-0.687546
-0.687420
-0.687292
-0.687163
-0.687031
-0.686896
-0.686760
-0.686621
-0.686480
-0.686337
-0.686191
-0.686043
-0.685893
-0.685741
-0.685587
-0.685430
-0.685272
-0.685111
-0.684949
-0.684785
-0.684619
-0.684451
-0.684281
-0.684110
-0.683937
-0.683763
-0.683587
-0.683409
-0.683231
-0.683051
-0.682869
-0.682687
-0.682503
-0.682319
-0.682133
-0.681947
-0.681760
-0.681572
-0.681384
-0.681195
-0.681006
-0.680816
-0.680626
-0.680437
-0.680247
-0.680057
-0.679868
-0.679679
-0.679490
-0.679302
-0.679114
-0.678928
-0.678742
-0.678557
-0.678373
-0.678191
-0.678009
-0.677830
-0.677651
-0.677474
-0.677299
-0.677126
-0.676954
-0.676784
-0.676616
-0.676450
-0.676286
-0.676125
-0.675965
-0.675807
-0.675652
-0.675499
-0.675348
-0.675199
-0.675053
-0.674909
-0.674767
-0.674627
-0.674490
-0.674355
-0.674222
-0.674091
-0.673963
-0.673836
-0.673712
-0.673590
-0.673470
-0.673352
-0.673236
-0.673122
-0.673010
-0.672900
-0.672792
-0.672685
-0.672580
-0.672477
-0.672376
-0.672276
-0.672177
-0.672081
-0.671985
-0.671892
-0.671799
-0.671708
-0.671618
-0.671529
-0.671442
-0.671356
-0.671271
-0.671186
-0.671103
-0.671021
-0.670940
-0.670860
-0.670781
-0.670702
-0.670624
-0.670547
-0.670471
-0.670395
-0.670320
-0.670246
-0.670172
-0.670099
-0.670026
-0.669954
-0.669882
-0.669810
-0.669739
-0.669668
-0.669598
-0.669527
-0.669457
-0.669387
-0.669317
-0.669247
-0.669177
-0.669107
-0.669037
-0.668967
-0.668897
-0.668827
-0.668756
-0.668686
-0.668614
-0.668543
-0.668472
-0.668399
-0.668327
-0.668254
-0.668181
-0.668107
-0.668033
-0.667958
-0.667883
-0.667807
-0.667730
-0.667653
-0.667575
-0.667496
-0.667417
-0.667337
-0.667256
-0.667174
-0.667091
-0.667006
-0.666921
-0.666834
-0.666746
-0.666656
-0.666565
-0.666473
-0.666380
-0.666287
-0.666193
-0.666099
-0.666007
-0.665915
-0.665825
-0.665736
-0.665648
-0.665562
-0.665477
-0.665393
-0.665309
-0.665227
-0.665145
-0.665063
-0.664981
-0.664899
-0.664815
-0.664732
-0.664646
-0.664560
-0.664472
-0.664382
-0.664290
-0.664197
-0.664101
-0.664003
-0.663903
-0.663801
-0.663697
-0.663590
-0.663481
-0.663369
-0.663256
-0.663140
-0.663022
-0.662903
-0.662781
-0.662658
-0.662533
