-0.776589
-0.910129
-0.909979
-0.909935
-0.909903
-0.909876
-0.909851
-0.909828
-0.909805
-0.909783
-0.909762
-0.909741
-0.909720
-0.909700
-0.909679
-0.909659
-0.909640
-0.909621
-0.909602
-0.909583
-0.909566
-0.909548
-0.909532
-0.909516
-0.909500
-0.909486
-0.909472
-0.909458
-0.909446
-0.909434
-0.909422
-0.909412
-0.909402
-0.909393
-0.909384
-0.909376
-0.909369
-0.909362
-0.909356
-0.909350
-0.909345
-0.909341
-0.909337
-0.909334
-0.909331
-0.909329
-0.909327
-0.909326
-0.909325
-0.909325
-0.909325
-0.909326
-0.909327
-0.909329
-0.909331
-0.909334
-0.909336
-0.909340
-0.909343
-0.909348
-0.909352
-0.909357
-0.909362
-0.909368
-0.909374
-0.909381
-0.909387
-0.909395
-0.909402
-0.909410
-0.909418
-0.909427
-0.909436
-0.909445
-0.909455
-0.909465
-0.909475
-0.909486
-0.909497
-0.909508
-0.909519
-0.909531
-0.909543
-0.909556
-0.909569
-0.909582
-0.909595
-0.909609
-0.909623
-0.909637
-0.909651
-0.909666
-0.909681
-0.909697
-0.909712
-0.909728
-0.909744
-0.909760
-0.909777
-0.909794
-0.909811
-0.909828
-0.909846
-0.909864
-0.909882
-0.909900
-0.909919
-0.909937
-0.909956
-0.909975
-0.909995
-0.910014
-0.910034
-0.910054
-0.910074
-0.910094
-0.910115
-0.910135
-0.910156
-0.910177
-0.910198
-0.910220
-0.910241
-0.910263
-0.910285
-0.910306
-0.910329
-0.910351
-0.910373
-0.910396
-0.910418
-0.910441
-0.910464
-0.910487
-0.910510
-0.910533
-0.910556
-0.910580
-0.910603
-0.910627
-0.910651
-0.910674
-0.910698
-0.910722
-0.910746
-0.910770
-0.910794
-0.910819
-0.910843
-0.910867
-0.910892
-0.910916
-0.910941
-0.910965
-0.910990
-0.911015
-0.911039
-0.911064
-0.911089
-0.911114
-0.911138
-0.911163
-0.911188
-0.911213
-0.911238
-0.911263
-0.911288
-0.911313
-0.911338
-0.911363
-0.911388
-0.911413
-0.911438
-0.911462
-0.911487
-0.911512
-0.911537
-0.911562
-0.911587
-0.911612
-0.911636
-0.911661
-0.911686
-0.911711
-0.911735
-0.911760
-0.911784
-0.911809
-0.911833
-0.911858
-0.911882
-0.911906
-0.911931
-0.911955
-0.911979
-0.912003
-0.912027
-0.912051
-0.912075
-0.912098
-0.912122
-0.912146
-0.912169
-0.912192
-0.912216
-0.912239
-0.912262
-0.912285
-0.912308
-0.912331
-0.912353
-0.912376
-0.912399
-0.912421
-0.912443
-0.912465
-0.912487
-0.912509
-0.912531
-0.912553
-0.912574
-0.912595
-0.912617
-0.912638
-0.912659
-0.912679
-0.912700
-0.912721
-0.912741
-0.912761
-0.912781
-0.912801
-0.912821
-0.912840
-0.912859
-0.912879
-0.912898
-0.912917
-0.912935
-0.912954
-0.912972
-0.912990
-0.913008
-0.913026
-0.913043
-0.913060
-0.913077
-0.913094
-0.913111
-0.913128
-0.913144
-0.913160
-0.913176
-0.913191
-0.913207
-0.913222
-0.913237
-0.913251
-0.913266
-0.913280
-0.913294
-0.913308
-0.913321
-0.913334
-0.913347
-0.913360
-0.913373
-0.913385
-0.913397
-0.913408
-0.913420
-0.913431
-0.913442
-0.913452
-0.913463
-0.913473
-0.913482
-0.913492
-0.913501
-0.913510
-0.913518
-0.913526
-0.913534
-0.913542
-0.913549
-0.913556
-0.913563
-0.913569
-0.913575
-0.913581
-0.913586
-0.913591
-0.913596
-0.913600
-0.913604
-0.913608
-0.913611
-0.913614
-0.913617
-0.913619
-0.913621
-0.913622
-0.913623
-0.913624
-0.913625
-0.913625
-0.913624
-0.913624
-0.913623
-0.913621
-0.913619
-0.913617
-0.913615
-0.913612
-0.913608
-0.913604
-0.913600
-0.913596
-0.913591
-0.913585
-0.913580
-0.913573
-0.913567
-0.913560
-0.913552
-0.913545
-0.913536
-0.913528
-0.913519
-0.913509
-0.913499
-0.913489
-0.913478
-0.913467
-0.913455
-0.913443
-0.913431
-0.913418
-0.913404
-0.913391
-0.913376
-0.913362
-0.913347
-0.913331
-0.913315
-0.913299
-0.913282
-0.913265
-0.913247
-0.913229
-0.913210
-0.913191
-0.913172
-0.913152
-0.913132
-0.913111
-0.913090
-0.913069
-0.913047
-0.913024
-0.913002
-0.912978
-0.912955
-0.912931
-0.912906
-0.912881
-0.912856
-0.912831
-0.912805
-0.912778
-0.912751
-0.912724
-0.912697
-0.912669
-0.912640
-0.912612
-0.912583
-0.912553
-0.912523
-0.912493
-0.912463
-0.912432
-0.912401
-0.912369
-0.912338
-0.912306
-0.912273
-0.912241
-0.912208
-0.912174
-0.912141
-0.912107
-0.912073
-0.912039
-0.912004
-0.911970
-0.911935
-0.911899
-0.911864
-0.911829
-0.911793
-0.911757
-0.911721
-0.911685
-0.911648
-0.911612
-0.911575
-0.911538
-0.911501
-0.911465
-0.911428
-0.911390
-0.911353
-0.911316
-0.911279
-0.911242
-0.911205
-0.911167
-0.911130
-0.911093
-0.911056
-0.911019
-0.910982
-0.910945
-0.910908
-0.910871
-0.910835
-0.910798
-0.910762
-0.910726
-0.910690
-0.910654
-0.910618
-0.910583
-0.910548
-0.910513
-0.910478
-0.910443
-0.910409
-0.910375
-0.910341
-0.910308
-0.910275
-0.910242
-0.910210
-0.910177
-0.910146
-0.910114
-0.910083
-0.910052
-0.910022
-0.909992
-0.909963
-0.909933
-0.909905
-0.909876
-0.909848
-0.909821
-0.909794
-0.909767
-0.909741
-0.909716
-0.909691
-0.909666
-0.909642
-0.909618
-0.909595
-0.909572
-0.909550
-0.909528
-0.909507
-0.909486
-0.909466
-0.909446
-0.909427
-0.909408
-0.909390
-0.909373
-0.909356
-0.909339
-0.909323
-0.909308
-0.909293
-0.909279
-0.909265
-0.909252
-0.909239
-0.909227
-0.909216
-0.909205
-0.909194
-0.909184
-0.909175
-0.909166
-0.909158
-0.909150
-0.909143
-0.909136
-0.909130
-0.909124
-0.909124
-0.909119
-0.909114
-0.909110
-0.909107
-0.909103
-0.909101
-0.909099
-0.909097
-0.909096
-0.909095
-0.909095
-0.909095
-0.909095
-0.909096
-0.909098
-0.909099
-0.909101
-0.909104
-0.909107
-0.909110
-0.909114
-0.909118
-0.909122
-0.909127
-0.909132
-0.909137
-0.909142
-0.909148
-0.909154
-0.909160
-0.909166
-0.909173
-0.909180
-0.909187
-0.909194
-0.909201
-0.909209
-0.909216
-0.909224
-0.909232
-0.909239
-0.909247
-0.909255
-0.909263
-0.909271
-0.909279
-0.909287
-0.909295
-0.909303
-0.909311
-0.909319
-0.909327
-0.909334
-0.909342
-0.909349
-0.909357
-0.909364
-0.909371
-0.909378
-0.909385
-0.909391
-0.909398
-0.909404
-0.909410
-0.909415
-0.909421
-0.909426
-0.909431
-0.909436
-0.909440
-0.909444
-0.909448
-0.909452
-0.909455
-0.909458
-0.909460
-0.909462
-0.909464
-0.909466
-0.909467
-0.909468
-0.909468
-0.909468
-0.909467
-0.909466
-0.909465
-0.909463
-0.909461
-0.909459
-0.909456
-0.909452
-0.909448
-0.909444
-0.909439
-0.909433
-0.909428
-0.909421
-0.909414
-0.909407
-0.909399
-0.909391
-0.909382
-0.909373
-0.909363
-0.909353
-0.909342
-0.909330
-0.909318
-0.909306
-0.909293
-0.909279
-0.909265
-0.909250
-0.909235
-0.909219
-0.909203
-0.909186
-0.909168
-0.909150
-0.909131
-0.909112
-0.909092
-0.909072
-0.909051
-0.909029
-0.909007
-0.908984
-0.908960
-0.908936
-0.908912
-0.908887
-0.908861
-0.908834
-0.908807
-0.908780
-0.908751
-0.908722
-0.908693
-0.908663
-0.908632
-0.908601
-0.908569
-0.908536
-0.908503
-0.908469
-0.908434
-0.908399
-0.908363
-0.908327
-0.908290
-0.908252
-0.908214
-0.908175
-0.908135
-0.908095
-0.908054
-0.908012
-0.907970
-0.907927
-0.907883
-0.907839
-0.907794
-0.907749
-0.907702
-0.907656
-0.907608
-0.907560
-0.907511
-0.907461
-0.907411
-0.907360
-0.907308
-0.907256
-0.907203
-0.907149
-0.907094
-0.907039
-0.906983
-0.906927
-0.906869
-0.906811
-0.906753
-0.906693
-0.906633
-0.906572
-0.906510
-0.906448
-0.906385
-0.906321
-0.906256
-0.906191
-0.906125
-0.906058
-0.905990
-0.905922
-0.905852
-0.905782
-0.905711
-0.905639
-0.905567
-0.905494
-0.905419
-0.905344
-0.905269
-0.905192
-0.905114
-0.905036
-0.904956
-0.904876
-0.904795
-0.904713
-0.904630
-0.904546
-0.904461
-0.904375
-0.904289
-0.904201
-0.904112
-0.904023
-0.903932
-0.903840
-0.903747
-0.903653
-0.903558
-0.903462
-0.903365
-0.903267
-0.903167
-0.903067
-0.902965
-0.902862
-0.902758
-0.902653
-0.902546
-0.902438
-0.902329
-0.902219
-0.902107
-0.901994
-0.901880
-0.901764
-0.901647
-0.901528
-0.901408
-0.901287
-0.901164
-0.901040
-0.900914
-0.900787
-0.900658
-0.900528
-0.900396
-0.900263
-0.900128
-0.899991
-0.899854
-0.899714
-0.899574
-0.899431
-0.899288
-0.899142
-0.898996
-0.898848
-0.898699
-0.898548
-0.898396
-0.898243
-0.898089
-0.897934
-0.897778
-0.897621
-0.897463
-0.897304
-0.897144
-0.896984
-0.896823
-0.896662
-0.896500
-0.896338
-0.896176
-0.896014
-0.895852
-0.895689
-0.895527
-0.895365
-0.895203
-0.895042
-0.894881
-0.894720
-0.894560
-0.894400
-0.894241
-0.894083
-0.893925
-0.893768
-0.893612
-0.893456
-0.893302
-0.893148
-0.892995
-0.892843
-0.892692
-0.892542
-0.892393
-0.892245
-0.892097
-0.891951
-0.891806
-0.891661
-0.891518
-0.891375
-0.891234
-0.891093
-0.890954
-0.890815
-0.890677
-0.890540
-0.890404
-0.890268
-0.890134
-0.890000
-0.889867
-0.889734
-0.889603
-0.889471
-0.889341
-0.889211
-0.889082
-0.888953
-0.888825
-0.888697
-0.888569
-0.888442
-0.888315
-0.888189
-0.888062
-0.887936
-0.887811
-0.887685
-0.887560
-0.887435
-0.887309
-0.887184
-0.887059
-0.886934
-0.886809
-0.886684
-0.886559
-0.886434
-0.886308
-0.886183
-0.886057
-0.885932
-0.885806
-0.885680
-0.885553
-0.885427
-0.885300
-0.885173
-0.885046
-0.884918
-0.884790
-0.884662
-0.884534
-0.884405
-0.884276
-0.884146
-0.884017
-0.883886
-0.883756
-0.883625
-0.883494
-0.883362
-0.883230
-0.883098
-0.882965
-0.882832
-0.882698
-0.882564
-0.882430
-0.882295
-0.882160
-0.882024
-0.881888
-0.881751
-0.881614
-0.881477
-0.881339
-0.881201
-0.881063
-0.880924
-0.880784
-0.880644
-0.880504
-0.880363
-0.880222
-0.880081
-0.879939
-0.879796
-0.879654
-0.879510
-0.879367
-0.879223
-0.879079
-0.878934
-0.878789
-0.878643
-0.878497
-0.878351
-0.878204
-0.878057
-0.877909
-0.877761
-0.877613
-0.877464
-0.877315
-0.877165
-0.877015
-0.876865
-0.876714
-0.876563
-0.876412
-0.876260
-0.876108
-0.875955
-0.875802
-0.875649
-0.875495
-0.875341
-0.875187
-0.875032
-0.874877
-0.874722
-0.874566
-0.874410
-0.874253
-0.874096
-0.873939
-0.873781
-0.873623
-0.873465
-0.873306
-0.873147
-0.872988
-0.872828
-0.872668
-0.872507
-0.872346
-0.872185
-0.872024
-0.871862
-0.871700
-0.871537
-0.871374
-0.871211
-0.871047
-0.870883
-0.870719
-0.870554
-0.870389
-0.870224
-0.870058
-0.869892
-0.869725
-0.869558
-0.869391
-0.869224
-0.869056
-0.868887
-0.868719
-0.868550
-0.868380
-0.868211
-0.868041
-0.867870
-0.867699
-0.867528
-0.867357
-0.867185
-0.867013
-0.866840
-0.866667
-0.866494
-0.866320
-0.866146
-0.865971
-0.865796
-0.865621
-0.865446
-0.865270
-0.865093
-0.864917
-0.864740
-0.864562
-0.864384
-0.864206
-0.864028
-0.863849
-0.863669
-0.863669
-0.863490
-0.863309
-0.863129
-0.862948
-0.862767
-0.862585
-0.862403
-0.862221
-0.862038
-0.861855
-0.861671
-0.861487
-0.861303
-0.861118
-0.860933
-0.860748
-0.860562
-0.860376
-0.860189
-0.860002
-0.859814
-0.859627
-0.859438
-0.859250
-0.859061
-0.858871
-0.858681
-0.858491
-0.858300
-0.858109
-0.857918
-0.857726
-0.857534
-0.857341
-0.857148
-0.856955
-0.856761
-0.856566
-0.856372
-0.856177
-0.855981
-0.855785
-0.855589
-0.855392
-0.855195
-0.854997
-0.854799
-0.854601
-0.854402
-0.854203
-0.854003
-0.853803
-0.853602
-0.853401
-0.853200
-0.852998
-0.852796
-0.852593
-0.852390
-0.852187
-0.851983
-0.851778
-0.851573
-0.851368
-0.851162
-0.850956
-0.850749
-0.850542
-0.850335
-0.850127
-0.849918
-0.849709
-0.849500
-0.849290
-0.849080
-0.848869
-0.848658
-0.848446
-0.848234
-0.848022
-0.847809
-0.847595
-0.847381
-0.847166
-0.846952
-0.846736
-0.846520
-0.846304
-0.846087
-0.845869
-0.845652
-0.845433
-0.845214
-0.844995
-0.844775
-0.844555
-0.844334
-0.844112
-0.843891
-0.843668
-0.843445
-0.843222
-0.842998
-0.842773
-0.842548
-0.842323
-0.842097
-0.841870
-0.841643
-0.841415
-0.841187
-0.840959
-0.840729
-0.840499
-0.840269
-0.840038
-0.839807
-0.839575
-0.839342
-0.839109
-0.838875
-0.838641
-0.838406
-0.838171
-0.837934
-0.837698
-0.837461
-0.837223
-0.836985
-0.836746
-0.836506
-0.836266
-0.836025
-0.835784
-0.835542
-0.835299
-0.835056
-0.834812
-0.834568
-0.834323
-0.834077
-0.833831
-0.833584
-0.833336
-0.833088
-0.832839
-0.832590
-0.832339
-0.832089
-0.831837
-0.831585
-0.831332
-0.831079
-0.830825
-0.830570
-0.830315
-0.830058
-0.829802
-0.829544
-0.829286
-0.829027
-0.828767
-0.828507
-0.828246
-0.827985
-0.827722
-0.827459
-0.827195
-0.826931
-0.826666
-0.826400
-0.826133
-0.825866
-0.825597
-0.825329
-0.825059
-0.824789
-0.824517
-0.824246
-0.823973
-0.823700
-0.823426
-0.823151
-0.822875
-0.822599
-0.822321
-0.822043
-0.821765
-0.821485
-0.821205
-0.820924
-0.820642
-0.820359
-0.820076
-0.819792
-0.819506
-0.819221
-0.818934
-0.818646
-0.818358
-0.818069
-0.817779
-0.817488
-0.817197
-0.816904
-0.816611
-0.816317
-0.816022
-0.815727
-0.815430
-0.815133
-0.814834
-0.814535
-0.814235
-0.813935
-0.813633
-0.813330
-0.813027
-0.812723
-0.812418
-0.812112
-0.811805
-0.811497
-0.811189
-0.810880
-0.810569
-0.810258
-0.809946
-0.809633
-0.809319
-0.809005
-0.808689
-0.808373
-0.808056
-0.807738
-0.807419
-0.807099
-0.806778
-0.806456
-0.806134
-0.805810
-0.805486
-0.805161
-0.804834
-0.804507
-0.804180
-0.803851
-0.803521
-0.803191
-0.802859
-0.802527
-0.802194
-0.801860
-0.801525
-0.801189
-0.800852
-0.800515
-0.800177
-0.799837
-0.799497
-0.799156
-0.798814
-0.798471
-0.798128
-0.797783
-0.797438
-0.797092
-0.796745
-0.796397
-0.796048
-0.795699
-0.795348
-0.794997
-0.794645
-0.794292
-0.793939
-0.793584
-0.793229
-0.792873
-0.792516
-0.792158
-0.791800
-0.791441
-0.791081
-0.790720
-0.790358
-0.789996
-0.789633
-0.789269
-0.788905
-0.788540
-0.788174
-0.787807
-0.787440
-0.787072
-0.786703
-0.786334
-0.785963
-0.785593
-0.785221
-0.784849
-0.784477
-0.784103
-0.783730
-0.783355
-0.782980
-0.782604
-0.782228
-0.781852
-0.781474
-0.781096
-0.780718
-0.780339
-0.779960
-0.779580
-0.779200
-0.778819
-0.778438
-0.778056
-0.777674
-0.777292
-0.776909
-0.776526
-0.776142
-0.775759
-0.775374
-0.774990
-0.774605
-0.774220
-0.773835
-0.773449
-0.773063
-0.772677
-0.772291
-0.771905
-0.771518
-0.771132
-0.770745
-0.770358
-0.769971
-0.769584
-0.769197
-0.768809
-0.768422
-0.768035
-0.767648
-0.767261
-0.766874
-0.766487
-0.766100
-0.765713
-0.765326
-0.764940
-0.764553
-0.764167
-0.763781
-0.763396
-0.763010
-0.762625
-0.762240
-0.761856
-0.761472
-0.761088
-0.760704
-0.760321
-0.759938
-0.759556
-0.759174
-0.758793
-0.758412
-0.758032
-0.757652
-0.757273
-0.756894
-0.756516
-0.756139
-0.755762
-0.755386
-0.755010
-0.754636
-0.754262
-0.753888
-0.753516
-0.753144
-0.752773
-0.752403
-0.752033
-0.751665
-0.751297
-0.750930
-0.750564
-0.750199
-0.749835
-0.749472
-0.749110
-0.748749
-0.748389
-0.748030
-0.747672
-0.747314
-0.746959
-0.746604
-0.746250
-0.745897
-0.745546
-0.745195
-0.744846
-0.744498
-0.744151
-0.743805
-0.743461
-0.743118
-0.742776
-0.742435
-0.742095
-0.741757
-0.741420
-0.741085
-0.740750
-0.740417
-0.740086
-0.739755
-0.739426
-0.739099
-0.738772
-0.738448
-0.738124
-0.737802
-0.737481
-0.737162
-0.736844
-0.736528
-0.736213
-0.735899
-0.735587
-0.735276
-0.734967
-0.734660
-0.734353
-0.734049
-0.733745
-0.733443
-0.733143
-0.732844
-0.732547
-0.732251
-0.731957
-0.731664
-0.731373
-0.731083
-0.730794
-0.730508
-0.730222
-0.729939
-0.729656
-0.729376
-0.729096
-0.728819
-0.728543
-0.728268
-0.727995
-0.727723
-0.727453
-0.727184
-0.726917
-0.726652
-0.726388
-0.726125
-0.725864
-0.725605
-0.725346
-0.725090
-0.724835
-0.724581
-0.724329
-0.724079
-0.723830
-0.723582
-0.723336
-0.723091
-0.722848
-0.722606
-0.722366
-0.722127
-0.721890
-0.721654
-0.721419
-0.721186
-0.720954
-0.720724
-0.720495
-0.720268
-0.720042
-0.719817
-0.719594
-0.719372
-0.719152
-0.718933
-0.718715
-0.718715
-0.718499
-0.718284
-0.718070
-0.717858
-0.717647
-0.717438
-0.717229
-0.717022
-0.716817
-0.716612
-0.716409
-0.716208
-0.716007
-0.715808
-0.715610
-0.715413
-0.715218
-0.715024
-0.714831
-0.714639
-0.714449
-0.714259
-0.714071
-0.713884
-0.713699
-0.713514
-0.713331
-0.713149
-0.712968
-0.712788
-0.712609
-0.712432
-0.712255
-0.712080
-0.711906
-0.711733
-0.711561
-0.711390
-0.711220
-0.711051
-0.710884
-0.710717
-0.710552
-0.710387
-0.710224
-0.710061
-0.709900
-0.709739
-0.709580
-0.709421
-0.709264
-0.709107
-0.708952
-0.708797
-0.708644
-0.708491
-0.708339
-0.708188
-0.708038
-0.707889
-0.707741
-0.707594
-0.707448
-0.707302
-0.707158
-0.707014
-0.706871
-0.706729
-0.706588
-0.706447
-0.706308
-0.706169
-0.706031
-0.705894
-0.705758
-0.705622
-0.705487
-0.705353
-0.705220
-0.705087
-0.704955
-0.704824
-0.704693
-0.704563
-0.704434
-0.704306
-0.704178
-0.704051
-0.703924
-0.703798
-0.703673
-0.703548
-0.703424
-0.703301
-0.703178
-0.703056
-0.702934
-0.702813
-0.702692
-0.702572
-0.702452
-0.702333
-0.702214
-0.702096
-0.701978
-0.701860
-0.701743
-0.701627
-0.701510
-0.701394
-0.701279
-0.701164
-0.701049
-0.700934
-0.700820
-0.700706
-0.700592
-0.700478
-0.700364
-0.700251
-0.700138
-0.700025
-0.699912
-0.699798
-0.699685
-0.699572
-0.699459
-0.699346
-0.699232
-0.699119
-0.699005
-0.698891
-0.698777
-0.698662
-0.698547
-0.698431
-0.698315
-0.698198
-0.698081
-0.697962
-0.697843
-0.697724
-0.697603
-0.697481
-0.697358
-0.697234
-0.697108
-0.696981
-0.696852
-0.696722
-0.696589
-0.696455
-0.696319
-0.696180
-0.696039
-0.695896
-0.695749
-0.695600
-0.695447
-0.695291
-0.695132
-0.694968
-0.694801
-0.694629
-0.694453
-0.694271
-0.694085
-0.693893
-0.693695
-0.693491
-0.693281
-0.693064
-0.692839
-0.692608
-0.692368
-0.692121
-0.691865
-0.691600
-0.691326
-0.691042
-0.690748
-0.690445
-0.690131
-0.689807
-0.689471
-0.689125
-0.688768
-0.688400
-0.688021
-0.687630
-0.687229
-0.686817
-0.686395
-0.685963
-0.685521
-0.685069
-0.684609
-0.684141
-0.683665
-0.683183
-0.682694
-0.682200
-0.681701
-0.681198
-0.680693
-0.680184
-0.679674
-0.679163
-0.678651
-0.678140
-0.677629
-0.677119
-0.676610
-0.676104
-0.675600
-0.675099
-0.674601
-0.674107
-0.673616
-0.673130
-0.672648
-0.672171
-0.671699
-0.671233
-0.670772
-0.670318
-0.669870
-0.669429
-0.668995
-0.668569
-0.668150
-0.667739
-0.667336
-0.666942
-0.666556
-0.666180
-0.665812
-0.665454
-0.665105
-0.664766
-0.664436
-0.664117
-0.663807
-0.663507
-0.663217
-0.662937
-0.662668
-0.662408
-0.662159
-0.661919
-0.661689
-0.661470
-0.661260
-0.661060
-0.660870
-0.660689
-0.660518
-0.660356
-0.660204
-0.660061
-0.659926
-0.659801
-0.659684
-0.659576
-0.659476
-0.659384
-0.659301
-0.659225
-0.659158
-0.659098
-0.659045
-0.658999
-0.658961
-0.658930
-0.658905
-0.658887
-0.658875
-0.658870
-0.658871
-0.658878
-0.658890
-0.658909
-0.658932
-0.658961
-0.658996
-0.659035
-0.659079
-0.659128
-0.659182
-0.659240
-0.659302
-0.659368
-0.659439
-0.659513
-0.659591
-0.659673
-0.659759
-0.659847
-0.659939
-0.660034
-0.660133
-0.660234
-0.660338
-0.660444
-0.660554
-0.660665
-0.660779
-0.660896
-0.661014
-0.661135
-0.661258
-0.661382
-0.661508
-0.661636
-0.661766
-0.661897
-0.662030
-0.662164
-0.662299
-0.662436
-0.662573
-0.662712
-0.662852
-0.662993
-0.663134
-0.663277
-0.663420
-0.663564
-0.663708
-0.663853
-0.663999
-0.664145
-0.664291
-0.664438
-0.664585
-0.664732
-0.664880
-0.665028
-0.665175
-0.665323
-0.665471
-0.665619
-0.665767
-0.665915
-0.666063
-0.666211
-0.666359
-0.666506
-0.666653
-0.666800
-0.666947
-0.667093
-0.667239
-0.667385
-0.667530
-0.667675
-0.667819
-0.667963
-0.668107
-0.668250
-0.668393
-0.668535
-0.668677
-0.668818
-0.668958
-0.669098
-0.669238
-0.669377
-0.669515
-0.669653
-0.669790
-0.669926
-0.670062
-0.670197
-0.670331
-0.670465
-0.670598
-0.670731
-0.670863
-0.670994
-0.671124
-0.671254
-0.671383
-0.671511
-0.671639
-0.671766
-0.671892
-0.672018
-0.672142
-0.672266
-0.672390
-0.672512
-0.672634
-0.672755
-0.672876
-0.672996
-0.673115
-0.673233
-0.673350
-0.673467
-0.673583
-0.673699
-0.673813
-0.673927
-0.674040
-0.674153
-0.674265
-0.674376
-0.674486
-0.674596
-0.674705
-0.674813
-0.674920
-0.675027
-0.675133
-0.675239
-0.675343
-0.675447
-0.675551
-0.675653
-0.675755
-0.675857
-0.675957
-0.676057
-0.676156
-0.676255
-0.676353
-0.676450
-0.676547
-0.676643
-0.676738
-0.676833
-0.676927
-0.677020
-0.677113
-0.677205
-0.677296
-0.677387
-0.677478
-0.677567
-0.677656
-0.677745
-0.677833
-0.677920
-0.678006
-0.678092
-0.678178
-0.678263
-0.678347
-0.678431
-0.678514
-0.678596
-0.678678
-0.678760
-0.678840
-0.678921
-0.679000
-0.679080
-0.679158
-0.679236
-0.679314
-0.679391
-0.679468
-0.679544
-0.679619
-0.679694
-0.679768
-0.679842
-0.679916
-0.679989
-0.680061
-0.680133
-0.680205
-0.680275
-0.680346
-0.680416
-0.680485
-0.680554
-0.680623
-0.680691
-0.680759
-0.680826
-0.680893
-0.680959
-0.681025
-0.681090
-0.681155
-0.681220
-0.681284
-0.681347
-0.681411
-0.681473
-0.681536
-0.681598
-0.681659
-0.681720
-0.681781
-0.681841
-0.681901
-0.681901
-0.681961
-0.682020
-0.682079
-0.682137
-0.682195
-0.682252
-0.682310
-0.682366
-0.682423
-0.682479
-0.682535
-0.682590
-0.682645
-0.682699
-0.682754
-0.682808
-0.682861
-0.682914
-0.682967
-0.683020
-0.683072
-0.683124
-0.683175
-0.683226
-0.683277
-0.683328
-0.683378
-0.683428
-0.683477
-0.683527
-0.683576
-0.683624
-0.683673
-0.683721
-0.683768
-0.683816
-0.683863
-0.683910
-0.683956
-0.684002
-0.684048
-0.684094
-0.684139
-0.684184
-0.684229
-0.684274
-0.684318
-0.684362
-0.684406
-0.684449
-0.684493
-0.684536
-0.684578
-0.684621
-0.684663
-0.684705
-0.684747
-0.684788
-0.684829
-0.684870
-0.684911
-0.684951
-0.684992
-0.685032
-0.685071
-0.685111
-0.685150
-0.685189
-0.685228
-0.685267
-0.685305
-0.685343
-0.685381
-0.685419
-0.685457
-0.685494
-0.685531
-0.685568
-0.685605
-0.685641
-0.685678
-0.685714
-0.685750
-0.685785
-0.685821
-0.685856
-0.685892
-0.685926
-0.685961
-0.685996
-0.686030
-0.686064
-0.686098
-0.686132
-0.686166
-0.686200
-0.686233
-0.686266
-0.686299
-0.686332
-0.686365
-0.686397
-0.686429
-0.686461
-0.686493
-0.686525
-0.686557
-0.686589
-0.686620
-0.686651
-0.686682
-0.686713
-0.686744
-0.686775
-0.686805
-0.686835
-0.686866
-0.686896
-0.686925
-0.686955
-0.686985
-0.687014
-0.687044
-0.687073
-0.687102
-0.687131
-0.687160
-0.687189
-0.687217
-0.687246
-0.687274
-0.687302
-0.687330
-0.687358
-0.687386
-0.687414
-0.687441
-0.687469
-0.687496
-0.687524
-0.687551
-0.687578
-0.687605
-0.687632
-0.687658
-0.687685
-0.687711
-0.687738
-0.687764
-0.687790
-0.687816
-0.687842
-0.687868
-0.687894
-0.687920
-0.687946
-0.687971
-0.687996
-0.688022
-0.688047
-0.688072
-0.688097
-0.688122
-0.688147
-0.688172
-0.688197
-0.688221
-0.688246
-0.688271
-0.688295
-0.688319
-0.688344
-0.688368
-0.688392
-0.688416
-0.688440
-0.688464
-0.688488
-0.688511
-0.688535
-0.688559
-0.688582
-0.688606
-0.688629
-0.688652
-0.688676
-0.688699
-0.688722
-0.688745
-0.688768
-0.688791
-0.688814
-0.688837
-0.688859
-0.688882
-0.688905
-0.688927
-0.688950
-0.688973
-0.688995
-0.689017
-0.689040
-0.689062
-0.689084
-0.689106
-0.689129
-0.689151
-0.689173
-0.689195
-0.689217
-0.689239
-0.689260
-0.689282
-0.689304
-0.689326
-0.689348
-0.689369
-0.689391
-0.689412
-0.689434
-0.689455
-0.689477
-0.689498
-0.689520
-0.689541
-0.689562
-0.689584
-0.689605
-0.689626
-0.689647
-0.689669
-0.689690
-0.689711
-0.689732
-0.689753
-0.689774
-0.689795
-0.689816
-0.689837
-0.689858
-0.689879
-0.689900
-0.689920
-0.689941
-0.689962
-0.689983
-0.690004
-0.690024
-0.690045
-0.690066
-0.690086
-0.690107
-0.690128
-0.690148
-0.690169
-0.690190
-0.690210
-0.690231
-0.690251
-0.690272
-0.690292
-0.690313
-0.690333
-0.690354
-0.690374
-0.690395
-0.690415
-0.690436
-0.690456
-0.690476
-0.690497
-0.690517
-0.690538
-0.690558
-0.690578
-0.690599
-0.690619
-0.690639
-0.690660
-0.690680
-0.690701
-0.690721
-0.690741
-0.690762
-0.690782
-0.690802
-0.690823
-0.690843
-0.690863
-0.690883
-0.690904
-0.690924
-0.690944
-0.690965
-0.690985
-0.691005
-0.691026
-0.691046
-0.691066
-0.691087
-0.691107
-0.691127
-0.691148
-0.691168
-0.691188
-0.691209
-0.691229
-0.691250
-0.691270
-0.691290
-0.691311
-0.691331
-0.691352
-0.691372
-0.691392
-0.691413
-0.691433
-0.691454
-0.691474
-0.691495
-0.691515
-0.691536
-0.691556
-0.691577
-0.691597
-0.691618
-0.691638
-0.691659
-0.691679
-0.691700
-0.691721
-0.691741
-0.691762
-0.691782
-0.691803
-0.691824
-0.691844
-0.691865
-0.691886
-0.691907
-0.691927
-0.691948
-0.691969
-0.691990
-0.692010
-0.692031
-0.692052
-0.692073
-0.692094
-0.692115
-0.692136
-0.692157
-0.692178
-0.692198
-0.692219
-0.692240
-0.692261
-0.692283
-0.692304
-0.692325
-0.692346
-0.692367
-0.692388
-0.692409
-0.692430
-0.692452
-0.692473
-0.692494
-0.692515
-0.692536
-0.692558
-0.692579
-0.692600
-0.692622
-0.692643
-0.692665
-0.692686
-0.692707
-0.692729
-0.692750
-0.692772
-0.692794
-0.692815
-0.692837
-0.692858
-0.692880
-0.692902
-0.692923
-0.692945
-0.692967
-0.692988
-0.693010
-0.693032
-0.693054
-0.693076
-0.693098
-0.693119
-0.693141
-0.693163
-0.693185
-0.693207
-0.693229
-0.693251
-0.693273
-0.693296
-0.693318
-0.693340
-0.693362
-0.693384
-0.693406
-0.693429
-0.693451
-0.693473
-0.693496
-0.693518
-0.693540
-0.693563
-0.693585
-0.693608
-0.693630
-0.693652
-0.693675
-0.693698
-0.693720
-0.693743
-0.693765
-0.693788
-0.693811
-0.693833
-0.693856
-0.693879
-0.693902
-0.693925
-0.693947
-0.693970
-0.693993
-0.694016
-0.694039
-0.694062
-0.694085
-0.694108
-0.694131
-0.694154
-0.694177
-0.694200
-0.694224
-0.694247
-0.694270
-0.694293
-0.694317
-0.694340
-0.694363
-0.694386
-0.694410
-0.694433
-0.694457
-0.694480
-0.694504
-0.694527
-0.694551
-0.694574
-0.694598
-0.694621
-0.694645
-0.694669
-0.694692
-0.694716
-0.694740
-0.694764
-0.694787
-0.694811
-0.694835
-0.694859
-0.694883
-0.694907
-0.694931
-0.694955
-0.694979
-0.695003
-0.695027
-0.695051
-0.695075
-0.695099
-0.695123
-0.695147
-0.695171
-0.695196
-0.695220
-0.695244
-0.695268
-0.695293
-0.695317
-0.695341
-0.695366
-0.695390
-0.695415
-0.695439
-0.695464
-0.695488
-0.695488
-0.695513
-0.695537
-0.695562
-0.695586
-0.695611
-0.695636
-0.695660
-0.695685
-0.695710
-0.695734
-0.695759
-0.695784
-0.695809
-0.695834
-0.695858
-0.695883
-0.695908
-0.695933
-0.695958
-0.695983
-0.696008
-0.696033
-0.696058
-0.696083
-0.696108
-0.696133
-0.696158
-0.696183
-0.696209
-0.696234
-0.696259
-0.696284
-0.696309
-0.696335
-0.696360
-0.696385
-0.696411
-0.696436
-0.696461
-0.696487
-0.696512
-0.696537
-0.696563
-0.696588
-0.696614
-0.696639
-0.696665
-0.696690
-0.696716
-0.696741
-0.696767
-0.696792
-0.696818
-0.696844
-0.696869
-0.696895
-0.696921
-0.696946
-0.696972
-0.696998
-0.697023
-0.697049
-0.697075
-0.697101
-0.697126
-0.697152
-0.697178
-0.697204
-0.697230
-0.697256
-0.697281
-0.697307
-0.697333
-0.697359
-0.697385
-0.697411
-0.697437
-0.697463
-0.697489
-0.697515
-0.697541
-0.697567
-0.697593
-0.697619
-0.697645
-0.697671
-0.697697
-0.697724
-0.697750
-0.697776
-0.697802
-0.697828
-0.697854
-0.697880
-0.697907
-0.697933
-0.697959
-0.697985
-0.698011
-0.698038
-0.698064
-0.698090
-0.698116
-0.698143
-0.698169
-0.698195
-0.698221
-0.698248
-0.698274
-0.698300
-0.698327
-0.698353
-0.698379
-0.698406
-0.698432
-0.698458
-0.698485
-0.698511
-0.698537
-0.698564
-0.698590
-0.698617
-0.698643
-0.698669
-0.698696
-0.698722
-0.698749
-0.698775
-0.698801
-0.698828
-0.698854
-0.698881
-0.698907
-0.698934
-0.698960
-0.698986
-0.699013
-0.699039
-0.699066
-0.699092
-0.699119
-0.699145
-0.699172
-0.699198
-0.699225
-0.699251
-0.699277
-0.699304
-0.699330
-0.699357
-0.699383
-0.699410
-0.699436
-0.699463
-0.699489
-0.699516
-0.699542
-0.699569
-0.699595
-0.699621
-0.699648
-0.699674
-0.699701
-0.699727
-0.699754
-0.699780
-0.699807
-0.699833
-0.699859
-0.699886
-0.699912
-0.699939
-0.699965
-0.699991
-0.700018
-0.700044
-0.700071
-0.700097
-0.700123
-0.700150
-0.700176
-0.700203
-0.700229
-0.700255
-0.700282
-0.700308
-0.700334
-0.700361
-0.700387
-0.700413
-0.700439
-0.700466
-0.700492
-0.700518
-0.700545
-0.700571
-0.700597
-0.700623
-0.700650
-0.700676
-0.700702
-0.700728
-0.700754
-0.700781
-0.700807
-0.700833
-0.700859
-0.700885
-0.700911
-0.700937
-0.700964
-0.700990
-0.701016
-0.701042
-0.701068
-0.701094
-0.701120
-0.701146
-0.701172
-0.701198
-0.701224
-0.701250
-0.701276
-0.701302
-0.701328
-0.701354
-0.701380
-0.701405
-0.701431
-0.701457
-0.701483
-0.701509
-0.701535
-0.701560
-0.701586
-0.701612
-0.701638
-0.701663
-0.701689
-0.701715
-0.701741
-0.701766
-0.701792
-0.701817
-0.701843
-0.701869
-0.701894
-0.701920
-0.701945
-0.701971
-0.701996
-0.702022
-0.702047
-0.702073
-0.702098
-0.702124
-0.702149
-0.702174
-0.702200
-0.702225
-0.702250
-0.702276
-0.702301
-0.702326
-0.702351
-0.702376
-0.702402
-0.702427
-0.702452
-0.702477
-0.702502
-0.702527
-0.702552
-0.702577
-0.702602
-0.702627
-0.702652
-0.702677
-0.702702
-0.702727
-0.702752
-0.702777
-0.702802
-0.702826
-0.702851
-0.702876
-0.702901
-0.702925
-0.702950
-0.702975
-0.702999
-0.703024
-0.703049
-0.703073
-0.703098
-0.703122
-0.703147
-0.703171
-0.703195
-0.703220
-0.703244
-0.703269
-0.703293
-0.703317
-0.703342
-0.703366
-0.703390
-0.703414
-0.703438
-0.703462
-0.703487
-0.703511
-0.703535
-0.703559
-0.703583
-0.703607
-0.703631
-0.703655
-0.703678
-0.703702
-0.703726
-0.703750
-0.703774
-0.703797
-0.703821
-0.703845
-0.703869
-0.703892
-0.703916
-0.703939
-0.703963
-0.703986
-0.704010
-0.704033
-0.704057
-0.704080
-0.704104
-0.704127
-0.704150
-0.704173
-0.704197
-0.704220
-0.704243
-0.704266
-0.704289
-0.704312
-0.704335
-0.704358
-0.704381
-0.704404
-0.704427
-0.704450
-0.704473
-0.704496
-0.704519
-0.704541
-0.704564
-0.704587
-0.704610
-0.704632
-0.704655
-0.704677
-0.704700
-0.704722
-0.704745
-0.704767
-0.704790
-0.704812
-0.704834
-0.704857
-0.704879
-0.704901
-0.704923
-0.704946
-0.704968
-0.704990
-0.705012
-0.705034
-0.705056
-0.705078
-0.705100
-0.705122
-0.705144
-0.705165
-0.705187
-0.705209
-0.705231
-0.705252
-0.705274
-0.705296
-0.705317
-0.705339
-0.705360
-0.705382
-0.705403
-0.705425
-0.705446
-0.705467
-0.705489
-0.705510
-0.705531
-0.705552
-0.705574
-0.705595
-0.705616
-0.705637
-0.705658
-0.705679
-0.705700
-0.705721
-0.705742
-0.705762
-0.705783
-0.705804
-0.705825
-0.705845
-0.705866
-0.705887
-0.705907
-0.705928
-0.705948
-0.705969
-0.705989
-0.706010
-0.706030
-0.706050
-0.706071
-0.706091
-0.706111
-0.706131
-0.706151
-0.706171
-0.706192
-0.706212
-0.706232
-0.706252
-0.706271
-0.706291
-0.706311
-0.706331
-0.706351
-0.706371
-0.706390
-0.706410
-0.706430
-0.706449
-0.706469
-0.706488
-0.706508
-0.706527
-0.706547
-0.706566
-0.706585
-0.706605
-0.706624
-0.706643
-0.706662
-0.706681
-0.706700
-0.706719
-0.706739
-0.706758
-0.706776
-0.706795
-0.706814
-0.706833
-0.706852
-0.706871
-0.706889
-0.706908
-0.706927
-0.706945
-0.706964
-0.706983
-0.707001
-0.707019
-0.707038
-0.707056
-0.707075
-0.707093
-0.707111
-0.707129
-0.707148
-0.707166
-0.707184
-0.707202
-0.707220
-0.707238
-0.707256
-0.707274
-0.707292
-0.707310
-0.707328
-0.707345
-0.707363
-0.707381
-0.707399
-0.707416
-0.707434
-0.707434
-0.707451
-0.707469
-0.707486
-0.707504
-0.707521
-0.707539
-0.707556
-0.707573
-0.707591
-0.707608
-0.707625
-0.707642
-0.707659
-0.707676
-0.707693
-0.707710
-0.707727
-0.707744
-0.707761
-0.707778
-0.707795
-0.707812
-0.707828
-0.707845
-0.707862
-0.707879
-0.707895
-0.707912
-0.707928
-0.707945
-0.707961
-0.707978
-0.707994
-0.708010
-0.708027
-0.708043
-0.708059
-0.708075
-0.708091
-0.708108
-0.708124
-0.708140
-0.708156
-0.708172
-0.708188
-0.708204
-0.708219
-0.708235
-0.708251
-0.708267
-0.708283
-0.708298
-0.708314
-0.708330
-0.708345
-0.708361
-0.708376
-0.708392
-0.708407
-0.708422
-0.708438
-0.708453
-0.708468
-0.708484
-0.708499
-0.708514
-0.708529
-0.708544
-0.708559
-0.708575
-0.708590
-0.708604
-0.708619
-0.708634
-0.708649
-0.708664
-0.708679
-0.708694
-0.708708
-0.708723
-0.708738
-0.708752
-0.708767
-0.708781
-0.708796
-0.708810
-0.708825
-0.708839
-0.708854
-0.708868
-0.708882
-0.708897
-0.708911
-0.708925
-0.708939
-0.708953
-0.708968
-0.708982
-0.708996
-0.709010
-0.709024
-0.709038
-0.709051
-0.709065
-0.709079
-0.709093
-0.709107
-0.709121
-0.709134
-0.709148
-0.709162
-0.709175
-0.709189
-0.709202
-0.709216
-0.709229
-0.709243
-0.709256
-0.709269
-0.709283
-0.709296
-0.709309
-0.709323
-0.709336
-0.709349
-0.709362
-0.709375
-0.709388
-0.709401
-0.709414
-0.709427
-0.709440
-0.709453
-0.709466
-0.709479
-0.709492
-0.709505
-0.709517
-0.709530
-0.709543
-0.709555
-0.709568
-0.709581
-0.709593
-0.709606
-0.709618
-0.709631
-0.709643
-0.709656
-0.709668
-0.709680
-0.709693
-0.709705
-0.709717
-0.709730
-0.709742
-0.709754
-0.709766
-0.709778
-0.709790
-0.709802
-0.709814
-0.709826
-0.709838
-0.709850
-0.709862
-0.709874
-0.709886
-0.709898
-0.709909
-0.709921
-0.709933
-0.709944
-0.709956
-0.709968
-0.709979
-0.709991
-0.710002
-0.710014
-0.710025
-0.710037
-0.710048
-0.710060
-0.710071
-0.710082
-0.710094
-0.710105
-0.710116
-0.710128
-0.710139
-0.710150
-0.710161
-0.710172
-0.710183
-0.710194
-0.710205
-0.710216
-0.710227
-0.710238
-0.710249
-0.710260
-0.710271
-0.710282
-0.710293
-0.710303
-0.710314
-0.710325
-0.710336
-0.710346
-0.710357
-0.710367
-0.710378
-0.710389
-0.710399
-0.710410
-0.710420
-0.710431
-0.710441
-0.710451
-0.710462
-0.710472
-0.710482
-0.710493
-0.710503
-0.710513
-0.710523
-0.710534
-0.710544
-0.710554
-0.710564
-0.710574
-0.710584
-0.710594
-0.710604
-0.710614
-0.710624
-0.710634
-0.710644
-0.710654
-0.710664
-0.710674
-0.710683
-0.710693
-0.710703
-0.710713
-0.710722
-0.710732
-0.710742
-0.710751
-0.710761
-0.710771
-0.710780
-0.710790
-0.710799
-0.710809
-0.710818
-0.710828
-0.710837
-0.710846
-0.710856
-0.710865
-0.710874
-0.710884
-0.710893
-0.710902
-0.710911
-0.710921
-0.710930
-0.710939
-0.710948
-0.710957
-0.710966
-0.710975
-0.710984
-0.710993
-0.711002
-0.711011
-0.711020
-0.711029
-0.711038
-0.711047
-0.711056
-0.711065
-0.711074
-0.711082
-0.711091
-0.711100
-0.711109
-0.711117
-0.711126
-0.711135
-0.711143
-0.711152
-0.711160
-0.711169
-0.711178
-0.711186
-0.711195
-0.711203
-0.711212
-0.711220
-0.711228
-0.711237
-0.711245
-0.711254
-0.711262
-0.711270
-0.711278
-0.711287
-0.711295
-0.711303
-0.711311
-0.711320
-0.711328
-0.711336
-0.711344
-0.711352
-0.711360
-0.711368
-0.711376
-0.711384
-0.711392
-0.711400
-0.711408
-0.711416
-0.711424
-0.711432
-0.711440
-0.711448
-0.711456
-0.711464
-0.711471
-0.711479
-0.711487
-0.711495
-0.711502
-0.711510
-0.711518
-0.711525
-0.711533
-0.711541
-0.711548
-0.711556
-0.711563
-0.711571
-0.711579
-0.711586
-0.711594
-0.711601
-0.711609
-0.711616
-0.711623
-0.711631
-0.711638
-0.711646
-0.711653
-0.711660
-0.711668
-0.711675
-0.711682
-0.711689
-0.711697
-0.711704
-0.711711
-0.711718
-0.711725
-0.711733
-0.711740
-0.711747
-0.711754
-0.711761
-0.711768
-0.711775
-0.711782
-0.711789
-0.711796
-0.711803
-0.711810
-0.711817
-0.711824
-0.711831
-0.711838
-0.711845
-0.711852
-0.711858
-0.711865
-0.711872
-0.711879
-0.711886
-0.711892
-0.711899
-0.711906
-0.711913
-0.711919
-0.711926
-0.711933
-0.711939
-0.711946
-0.711952
-0.711959
-0.711966
-0.711972
-0.711979
-0.711985
-0.711992
-0.711998
-0.712005
-0.712011
-0.712018
-0.712024
-0.712031
-0.712037
-0.712043
-0.712050
-0.712056
-0.712062
-0.712069
-0.712075
-0.712081
-0.712088
-0.712094
-0.712100
-0.712106
-0.712113
-0.712119
-0.712125
-0.712131
-0.712137
-0.712144
-0.712150
-0.712156
-0.712162
-0.712168
-0.712174
-0.712180
-0.712186
-0.712192
-0.712198
-0.712204
-0.712210
-0.712216
-0.712222
-0.712228
-0.712234
-0.712240
-0.712246
-0.712252
-0.712258
-0.712264
-0.712269
-0.712275
-0.712281
-0.712287
-0.712293
-0.712298
-0.712304
-0.712310
-0.712316
-0.712321
-0.712327
-0.712333
-0.712339
-0.712344
-0.712350
-0.712356
-0.712361
-0.712367
-0.712372
-0.712378
-0.712384
-0.712389
-0.712395
-0.712400
-0.712406
-0.712411
-0.712417
-0.712422
-0.712428
-0.712433
-0.712439
-0.712444
-0.712450
-0.712455
-0.712460
-0.712466
-0.712471
-0.712477
-0.712482
-0.712487
-0.712493
-0.712498
-0.712503
-0.712509
-0.712514
-0.712519
-0.712524
-0.712530
-0.712535
-0.712540
-0.712540
-0.712545
-0.712550
-0.712556
-0.712561
-0.712566
-0.712571
-0.712576
-0.712581
-0.712586
-0.712592
-0.712597
-0.712602
-0.712607
-0.712612
-0.712617
-0.712622
-0.712627
-0.712632
-0.712637
-0.712642
-0.712647
-0.712652
-0.712657
-0.712662
-0.712667
-0.712672
-0.712677
-0.712681
-0.712686
-0.712691
-0.712696
-0.712701
-0.712706
-0.712711
-0.712715
-0.712720
-0.712725
-0.712730
-0.712735
-0.712739
-0.712744
-0.712749
-0.712754
-0.712758
-0.712763
-0.712768
-0.712773
-0.712777
-0.712782
-0.712787
-0.712791
-0.712796
-0.712800
-0.712805
-0.712810
-0.712814
-0.712819
-0.712823
-0.712828
-0.712833
-0.712837
-0.712842
-0.712846
-0.712851
-0.712855
-0.712860
-0.712864
-0.712869
-0.712873
-0.712878
-0.712882
-0.712887
-0.712891
-0.712895
-0.712900
-0.712904
-0.712909
-0.712913
-0.712917
-0.712922
-0.712926
-0.712931
-0.712935
-0.712939
-0.712944
-0.712948
-0.712952
-0.712956
-0.712961
-0.712965
-0.712969
-0.712973
-0.712978
-0.712982
-0.712986
-0.712990
-0.712995
-0.712999
-0.713003
-0.713007
-0.713011
-0.713016
-0.713020
-0.713024
-0.713028
-0.713032
-0.713036
-0.713040
-0.713044
-0.713049
-0.713053
-0.713057
-0.713061
-0.713065
-0.713069
-0.713073
-0.713077
-0.713081
-0.713085
-0.713089
-0.713093
-0.713097
-0.713101
-0.713105
-0.713109
-0.713113
-0.713117
-0.713121
-0.713125
-0.713129
-0.713133
-0.713136
-0.713140
-0.713144
-0.713148
-0.713152
-0.713156
-0.713160
-0.713164
-0.713167
-0.713171
-0.713175
-0.713179
-0.713183
-0.713187
-0.713190
-0.713194
-0.713198
-0.713202
-0.713205
-0.713209
-0.713213
-0.713217
-0.713220
-0.713224
-0.713228
-0.713232
-0.713235
-0.713239
-0.713243
-0.713246
-0.713250
-0.713254
-0.713257
-0.713261
-0.713265
-0.713268
-0.713272
-0.713276
-0.713279
-0.713283
-0.713286
-0.713290
-0.713294
-0.713297
-0.713301
-0.713304
-0.713308
-0.713311
-0.713315
-0.713318
-0.713322
-0.713325
-0.713329
-0.713332
-0.713336
-0.713339
-0.713343
-0.713346
-0.713350
-0.713353
-0.713357
-0.713360
-0.713364
-0.713367
-0.713371
-0.713374
-0.713377
-0.713381
-0.713384
-0.713388
-0.713391
-0.713394
-0.713398
-0.713401
-0.713404
-0.713408
-0.713411
-0.713414
-0.713418
-0.713421
-0.713424
-0.713428
-0.713431
-0.713434
-0.713438
-0.713441
-0.713444
-0.713448
-0.713451
-0.713454
-0.713457
-0.713461
-0.713464
-0.713467
-0.713470
-0.713473
-0.713477
-0.713480
-0.713483
-0.713486
-0.713489
-0.713493
-0.713496
-0.713499
-0.713502
-0.713505
-0.713508
-0.713512
-0.713515
-0.713518
-0.713521
-0.713524
-0.713527
-0.713530
-0.713533
-0.713537
-0.713540
-0.713543
-0.713546
-0.713549
-0.713552
-0.713555
-0.713558
-0.713561
-0.713564
-0.713567
-0.713570
-0.713573
-0.713576
-0.713579
-0.713582
-0.713585
-0.713588
-0.713591
-0.713594
-0.713597
-0.713600
-0.713603
-0.713606
-0.713609
-0.713612
-0.713615
-0.713618
-0.713621
-0.713624
-0.713627
-0.713630
-0.713633
-0.713635
-0.713638
-0.713641
-0.713644
-0.713647
-0.713650
-0.713653
-0.713656
-0.713658
-0.713661
-0.713664
-0.713667
-0.713670
-0.713673
-0.713675
-0.713678
-0.713681
-0.713684
-0.713687
-0.713690
-0.713692
-0.713695
-0.713698
-0.713701
-0.713703
-0.713706
-0.713709
-0.713712
-0.713714
-0.713717
-0.713720
-0.713723
-0.713725
-0.713728
-0.713731
-0.713734
-0.713736
-0.713739
-0.713742
-0.713744
-0.713747
-0.713750
-0.713752
-0.713755
-0.713758
-0.713760
-0.713763
-0.713766
-0.713768
-0.713771
-0.713774
-0.713776
-0.713779
-0.713782
-0.713784
-0.713787
-0.713789
-0.713792
-0.713795
-0.713797
-0.713800
-0.713802
-0.713805
-0.713807
-0.713810
-0.713813
-0.713815
-0.713818
-0.713820
-0.713823
-0.713825
-0.713828
-0.713830
-0.713833
-0.713835
-0.713838
-0.713840
-0.713843
-0.713845
-0.713848
-0.713850
-0.713853
-0.713855
-0.713858
-0.713860
-0.713863
-0.713865
-0.713868
-0.713870
-0.713873
-0.713875
-0.713878
-0.713880
-0.713882
-0.713885
-0.713887
-0.713890
-0.713892
-0.713894
-0.713897
-0.713899
-0.713902
-0.713904
-0.713906
-0.713909
-0.713911
-0.713914
-0.713916
-0.713918
-0.713921
-0.713923
-0.713925
-0.713928
-0.713930
-0.713932
-0.713935
-0.713937
-0.713939
-0.713942
-0.713944
-0.713946
-0.713949
-0.713951
-0.713953
-0.713955
-0.713958
-0.713960
-0.713962
-0.713965
-0.713967
-0.713969
-0.713971
-0.713974
-0.713976
-0.713978
-0.713980
-0.713983
-0.713985
-0.713987
-0.713989
-0.713992
-0.713994
-0.713996
-0.713998
-0.714000
-0.714003
-0.714005
-0.714007
-0.714009
-0.714011
-0.714014
-0.714016
-0.714018
-0.714020
-0.714022
-0.714024
-0.714027
-0.714029
-0.714031
-0.714033
-0.714035
-0.714037
-0.714039
-0.714042
-0.714044
-0.714046
-0.714048
-0.714050
-0.714052
-0.714054
-0.714056
-0.714058
-0.714061
-0.714063
-0.714065
-0.714067
-0.714069
-0.714071
-0.714073
-0.714075
-0.714077
-0.714079
-0.714081
-0.714083
-0.714085
-0.714087
-0.714089
-0.714091
-0.714093
-0.714096
-0.714098
-0.714100
-0.714102
-0.714104
-0.714106
-0.714108
-0.714110
-0.714112
-0.714114
-0.714116
-0.714118
-0.714120
-0.714122
-0.714123
-0.714125
-0.714127
-0.714129
-0.714131
-0.714133
-0.714135
-0.714137
-0.714139
-0.714141
-0.714143
-0.714145
-0.714147
-0.714149
-0.714151
-0.714153
-0.714155
-0.714155
-0.714156
-0.714158
-0.714160
-0.714162
-0.714164
-0.714166
-0.714168
-0.714170
-0.714172
-0.714173
-0.714175
-0.714177
-0.714179
-0.714181
-0.714183
-0.714185
-0.714187
-0.714188
-0.714190
-0.714192
-0.714194
-0.714196
-0.714198
-0.714199
-0.714201
-0.714203
-0.714205
-0.714207
-0.714208
-0.714210
-0.714212
-0.714214
-0.714216
-0.714217
-0.714219
-0.714221
-0.714223
-0.714225
-0.714226
-0.714228
-0.714230
-0.714232
-0.714233
-0.714235
-0.714237
-0.714239
-0.714240
-0.714242
-0.714244
-0.714246
-0.714247
-0.714249
-0.714251
-0.714253
-0.714254
-0.714256
-0.714258
-0.714259
-0.714261
-0.714263
-0.714265
-0.714266
-0.714268
-0.714270
-0.714271
-0.714273
-0.714275
-0.714276
-0.714278
-0.714280
-0.714281
-0.714283
-0.714285
-0.714286
-0.714288
-0.714290
-0.714291
-0.714293
-0.714295
-0.714296
-0.714298
-0.714300
-0.714301
-0.714303
-0.714304
-0.714306
-0.714308
-0.714309
-0.714311
-0.714312
-0.714314
-0.714316
-0.714317
-0.714319
-0.714320
-0.714322
-0.714324
-0.714325
-0.714327
-0.714328
-0.714330
-0.714332
-0.714333
-0.714335
-0.714336
-0.714338
-0.714339
-0.714341
-0.714342
-0.714344
-0.714346
-0.714347
-0.714349
-0.714350
-0.714352
-0.714353
-0.714355
-0.714356
-0.714358
-0.714359
-0.714361
-0.714362
-0.714364
-0.714365
-0.714367
-0.714368
-0.714370
-0.714371
-0.714373
-0.714374
-0.714376
-0.714377
-0.714379
-0.714380
-0.714382
-0.714383
-0.714384
-0.714386
-0.714387
-0.714389
-0.714390
-0.714392
-0.714393
-0.714395
-0.714396
-0.714398
-0.714399
-0.714400
-0.714402
-0.714403
-0.714405
-0.714406
-0.714407
-0.714409
-0.714410
-0.714412
-0.714413
-0.714414
-0.714416
-0.714417
-0.714419
-0.714420
-0.714421
-0.714423
-0.714424
-0.714426
-0.714427
-0.714428
-0.714430
-0.714431
-0.714432
-0.714434
-0.714435
-0.714436
-0.714438
-0.714439
-0.714441
-0.714442
-0.714443
-0.714445
-0.714446
-0.714447
-0.714449
-0.714450
-0.714451
-0.714452
-0.714454
-0.714455
-0.714456
-0.714458
-0.714459
-0.714460
-0.714462
-0.714463
-0.714464
-0.714466
-0.714467
-0.714468
-0.714469
-0.714471
-0.714472
-0.714473
-0.714474
-0.714476
-0.714477
-0.714478
-0.714480
-0.714481
-0.714482
-0.714483
-0.714485
-0.714486
-0.714487
-0.714488
-0.714490
-0.714491
-0.714492
-0.714493
-0.714494
-0.714496
-0.714497
-0.714498
-0.714499
-0.714501
-0.714502
-0.714503
-0.714504
-0.714505
-0.714507
-0.714508
-0.714509
-0.714510
-0.714511
-0.714513
-0.714514
-0.714515
-0.714516
-0.714517
-0.714518
-0.714520
-0.714521
-0.714522
-0.714523
-0.714524
-0.714525
-0.714527
-0.714528
-0.714529
-0.714530
-0.714531
-0.714532
-0.714533
-0.714535
-0.714536
-0.714537
-0.714538
-0.714539
-0.714540
-0.714541
-0.714542
-0.714544
-0.714545
-0.714546
-0.714547
-0.714548
-0.714549
-0.714550
-0.714551
-0.714552
-0.714553
-0.714555
-0.714556
-0.714557
-0.714558
-0.714559
-0.714560
-0.714561
-0.714562
-0.714563
-0.714564
-0.714565
-0.714566
-0.714567
-0.714569
-0.714570
-0.714571
-0.714572
-0.714573
-0.714574
-0.714575
-0.714576
-0.714577
-0.714578
-0.714579
-0.714580
-0.714581
-0.714582
-0.714583
-0.714584
-0.714585
-0.714586
-0.714587
-0.714588
-0.714589
-0.714590
-0.714591
-0.714592
-0.714593
-0.714594
-0.714595
-0.714596
-0.714597
-0.714598
-0.714599
-0.714600
-0.714601
-0.714602
-0.714603
-0.714604
-0.714605
-0.714606
-0.714607
-0.714608
-0.714609
-0.714610
-0.714611
-0.714612
-0.714613
-0.714613
-0.714614
-0.714615
-0.714616
-0.714617
-0.714618
-0.714619
-0.714620
-0.714621
-0.714622
-0.714623
-0.714624
-0.714625
-0.714626
-0.714626
-0.714627
-0.714628
-0.714629
-0.714630
-0.714631
-0.714632
-0.714633
-0.714634
-0.714635
-0.714635
-0.714636
-0.714637
-0.714638
-0.714639
-0.714640
-0.714641
-0.714642
-0.714642
-0.714643
-0.714644
-0.714645
-0.714646
-0.714647
-0.714648
-0.714648
-0.714649
-0.714650
-0.714651
-0.714652
-0.714653
-0.714654
-0.714654
-0.714655
-0.714656
-0.714657
-0.714658
-0.714659
-0.714659
-0.714660
-0.714661
-0.714662
-0.714663
-0.714663
-0.714664
-0.714665
-0.714666
-0.714667
-0.714667
-0.714668
-0.714669
-0.714670
-0.714671
-0.714671
-0.714672
-0.714673
-0.714674
-0.714675
-0.714675
-0.714676
-0.714677
-0.714678
-0.714678
-0.714679
-0.714680
-0.714681
-0.714681
-0.714682
-0.714683
-0.714684
-0.714684
-0.714685
-0.714686
-0.714687
-0.714687
-0.714688
-0.714689
-0.714690
-0.714690
-0.714691
-0.714692
-0.714693
-0.714693
-0.714694
-0.714695
-0.714695
-0.714696
-0.714697
-0.714698
-0.714698
-0.714699
-0.714700
-0.714700
-0.714701
-0.714702
-0.714702
-0.714703
-0.714704
-0.714705
-0.714705
-0.714706
-0.714707
-0.714707
-0.714708
-0.714709
-0.714709
-0.714710
-0.714711
-0.714711
-0.714712
-0.714713
-0.714713
-0.714714
-0.714715
-0.714715
-0.714716
-0.714717
-0.714717
-0.714718
-0.714718
-0.714719
-0.714720
-0.714720
-0.714721
-0.714722
-0.714722
-0.714723
-0.714724
-0.714724
-0.714725
-0.714725
-0.714726
-0.714727
-0.714727
-0.714728
-0.714728
-0.714729
-0.714730
-0.714730
-0.714731
-0.714731
-0.714732
-0.714733
-0.714733
-0.714734
-0.714734
-0.714735
-0.714736
-0.714736
-0.714737
-0.714737
-0.714738
-0.714738
-0.714739
-0.714740
-0.714740
-0.714741
-0.714741
-0.714741
-0.714742
-0.714742
-0.714743
-0.714744
-0.714744
-0.714745
-0.714745
-0.714746
-0.714746
-0.714747
-0.714747
-0.714748
-0.714748
-0.714749
-0.714749
-0.714750
-0.714751
-0.714751
-0.714752
-0.714752
-0.714753
-0.714753
-0.714754
-0.714754
-0.714755
-0.714755
-0.714756
-0.714756
-0.714757
-0.714757
-0.714758
-0.714758
-0.714759
-0.714759
-0.714760
-0.714760
-0.714761
-0.714761
-0.714762
-0.714762
-0.714763
-0.714763
-0.714763
-0.714764
-0.714764
-0.714765
-0.714765
-0.714766
-0.714766
-0.714767
-0.714767
-0.714768
-0.714768
-0.714769
-0.714769
-0.714769
-0.714770
-0.714770
-0.714771
-0.714771
-0.714772
-0.714772
-0.714773
-0.714773
-0.714773
-0.714774
-0.714774
-0.714775
-0.714775
-0.714776
-0.714776
-0.714776
-0.714777
-0.714777
-0.714778
-0.714778
-0.714778
-0.714779
-0.714779
-0.714780
-0.714780
-0.714780
-0.714781
-0.714781
-0.714782
-0.714782
-0.714782
-0.714783
-0.714783
-0.714784
-0.714784
-0.714784
-0.714785
-0.714785
-0.714785
-0.714786
-0.714786
-0.714786
-0.714787
-0.714787
-0.714788
-0.714788
-0.714788
-0.714789
-0.714789
-0.714789
-0.714790
-0.714790
-0.714790
-0.714791
-0.714791
-0.714791
-0.714792
-0.714792
-0.714792
-0.714793
-0.714793
-0.714793
-0.714794
-0.714794
-0.714794
-0.714795
-0.714795
-0.714795
-0.714796
-0.714796
-0.714796
-0.714797
-0.714797
-0.714797
-0.714797
-0.714798
-0.714798
-0.714798
-0.714799
-0.714799
-0.714799
-0.714800
-0.714800
-0.714800
-0.714800
-0.714801
-0.714801
-0.714801
-0.714801
-0.714802
-0.714802
-0.714802
-0.714803
-0.714803
-0.714803
-0.714803
-0.714804
-0.714804
-0.714804
-0.714804
-0.714805
-0.714805
-0.714805
-0.714805
-0.714806
-0.714806
-0.714806
-0.714806
-0.714807
-0.714807
-0.714807
-0.714807
-0.714808
-0.714808
-0.714808
-0.714808
-0.714808
-0.714809
-0.714809
-0.714809
-0.714809
-0.714810
-0.714810
-0.714810
-0.714810
-0.714810
-0.714811
-0.714811
-0.714811
-0.714811
-0.714811
-0.714812
-0.714812
-0.714812
-0.714812
-0.714812
-0.714813
-0.714813
-0.714813
-0.714813
-0.714813
-0.714813
-0.714814
-0.714814
-0.714814
-0.714814
-0.714814
-0.714815
-0.714815
-0.714815
-0.714815
-0.714815
-0.714815
-0.714815
-0.714816
-0.714816
-0.714816
-0.714816
-0.714816
-0.714816
-0.714817
-0.714817
-0.714817
-0.714817
-0.714817
-0.714817
-0.714817
-0.714818
-0.714818
-0.714818
-0.714818
-0.714818
-0.714818
-0.714818
-0.714818
-0.714819
-0.714819
-0.714819
-0.714819
-0.714819
-0.714819
-0.714819
-0.714819
-0.714819
-0.714820
-0.714820
-0.714820
-0.714820
-0.714820
-0.714820
-0.714820
-0.714820
-0.714820
-0.714820
-0.714820
-0.714821
-0.714821
-0.714821
-0.714821
-0.714821
-0.714821
-0.714821
-0.714821
-0.714821
-0.714821
-0.714821
-0.714821
-0.714821
-0.714821
-0.714822
-0.714822
-0.714822
-0.714822
-0.714822
-0.714822
-0.714822
-0.714822
-0.714822
-0.714822
-0.714822
-0.714822
-0.714822
-0.714822
-0.714822
-0.714822
-0.714822
-0.714822
-0.714822
-0.714822
-0.714822
-0.714822
-0.714822
-0.714822
-0.714823
-0.714823
-0.714823
-0.714823
-0.714823
-0.714823
-0.714823
-0.714823
-0.714823
-0.714823
-0.714823
-0.714823
-0.714823
-0.714823
-0.714823
-0.714823
-0.714823
-0.714823
-0.714823
-0.714823
-0.714823
-0.714823
-0.714823
-0.714823
-0.714823
-0.714822
-0.714822
-0.714822
-0.714822
-0.714822
-0.714822
-0.714822
-0.714822
-0.714822
-0.714822
-0.714822
-0.714822
-0.714822
-0.714822
-0.714822
-0.714822
-0.714822
-0.714822
-0.714822
-0.714822
-0.714822
-0.714822
-0.714822
-0.714822
-0.714821
-0.714821
-0.714821
-0.714821
-0.714821
-0.714821
-0.714821
-0.714821
-0.714821
-0.714821
-0.714821
-0.714821
-0.714821
-0.714821
-0.714820
-0.714820
-0.714820
-0.714820
-0.714820
-0.714820
-0.714820
-0.714820
-0.714820
-0.714820
-0.714820
-0.714819
-0.714819
-0.714819
-0.714819
-0.714819
-0.714819
-0.714819
-0.714819
-0.714819
-0.714819
-0.714818
-0.714818
-0.714818
-0.714818
-0.714818
-0.714818
-0.714818
-0.714818
-0.714817
-0.714817
-0.714817
-0.714817
-0.714817
-0.714817
-0.714817
-0.714816
-0.714816
-0.714816
-0.714816
-0.714816
-0.714816
-0.714816
-0.714815
-0.714815
-0.714815
-0.714815
-0.714815
-0.714815
-0.714815
-0.714814
-0.714814
-0.714814
-0.714814
-0.714814
-0.714814
-0.714813
-0.714813
-0.714813
-0.714813
-0.714813
-0.714813
-0.714812
-0.714812
-0.714812
-0.714812
-0.714812
-0.714811
-0.714811
-0.714811
-0.714811
-0.714811
-0.714810
-0.714810
-0.714810
-0.714810
-0.714810
-0.714809
-0.714809
-0.714809
-0.714809
-0.714809
-0.714808
-0.714808
-0.714808
-0.714808
-0.714808
-0.714807
-0.714807
-0.714807
-0.714807
-0.714806
-0.714806
-0.714806
-0.714806
-0.714806
-0.714805
-0.714805
-0.714805
-0.714805
-0.714804
-0.714804
-0.714804
-0.714804
-0.714803
-0.714803
-0.714803
-0.714803
-0.714802
-0.714802
-0.714802
-0.714802
-0.714801
-0.714801
-0.714801
-0.714801
-0.714800
-0.714800
-0.714800
-0.714800
-0.714799
-0.714799
-0.714799
-0.714799
-0.714798
-0.714798
-0.714798
-0.714798
-0.714797
-0.714797
-0.714797
-0.714796
-0.714796
-0.714796
-0.714796
-0.714795
-0.714795
-0.714795
-0.714794
-0.714794
-0.714794
-0.714794
-0.714793
-0.714793
-0.714793
-0.714792
-0.714792
-0.714792
-0.714792
-0.714791
-0.714791
-0.714791
-0.714790
-0.714790
-0.714790
-0.714790
-0.714789
-0.714789
-0.714789
-0.714788
-0.714788
-0.714788
-0.714787
-0.714787
-0.714787
-0.714786
-0.714786
-0.714786
-0.714785
-0.714785
-0.714785
-0.714784
-0.714784
-0.714784
-0.714783
-0.714783
-0.714783
-0.714782
-0.714782
-0.714782
-0.714781
-0.714781
-0.714781
-0.714780
-0.714780
-0.714779
-0.714779
-0.714779
-0.714778
-0.714778
-0.714778
-0.714777
-0.714777
-0.714777
-0.714776
-0.714776
-0.714775
-0.714775
-0.714775
-0.714774
-0.714774
-0.714774
-0.714773
-0.714773
-0.714772
-0.714772
-0.714772
-0.714771
-0.714771
-0.714770
-0.714770
-0.714770
-0.714769
-0.714769
-0.714769
-0.714768
-0.714768
-0.714767
-0.714767
-0.714767
-0.714766
-0.714766
-0.714765
-0.714765
-0.714764
-0.714764
-0.714764
-0.714763
-0.714763
-0.714762
-0.714762
-0.714762
-0.714761
-0.714761
-0.714760
-0.714760
-0.714759
-0.714759
-0.714759
-0.714758
-0.714758
-0.714757
-0.714757
-0.714756
-0.714756
-0.714756
-0.714755
-0.714755
-0.714754
-0.714754
-0.714753
-0.714753
-0.714752
-0.714752
-0.714752
-0.714751
-0.714751
-0.714750
-0.714750
-0.714749
-0.714749
-0.714748
-0.714748
-0.714747
-0.714747
-0.714747
-0.714746
-0.714746
-0.714745
-0.714745
-0.714744
-0.714744
-0.714743
-0.714743
-0.714742
-0.714742
-0.714741
-0.714741
-0.714740
-0.714740
-0.714739
-0.714739
-0.714738
-0.714738
-0.714737
-0.714737
-0.714737
-0.714736
-0.714736
-0.714735
-0.714735
-0.714734
-0.714734
-0.714733
-0.714733
-0.714732
-0.714732
-0.714731
-0.714731
-0.714730
-0.714729
-0.714729
-0.714728
-0.714728
-0.714727
-0.714727
-0.714726
-0.714726
-0.714725
-0.714725
-0.714724
-0.714724
-0.714723
-0.714723
-0.714722
-0.714722
-0.714721
-0.714721
-0.714720
-0.714720
-0.714719
-0.714719
-0.714718
-0.714717
-0.714717
-0.714716
-0.714716
-0.714715
-0.714715
-0.714714
-0.714714
-0.714713
-0.714713
-0.714712
-0.714711
-0.714711
-0.714710
-0.714710
-0.714709
-0.714709
-0.714708
-0.714708
-0.714707
-0.714706
-0.714706
-0.714705
-0.714705
-0.714704
-0.714704
-0.714703
-0.714702
-0.714702
-0.714701
-0.714701
-0.714700
-0.714700
-0.714699
-0.714698
-0.714698
-0.714697
-0.714697
-0.714696
-0.714695
-0.714695
-0.714694
-0.714694
-0.714693
-0.714693
-0.714692
-0.714691
-0.714691
-0.714690
-0.714690
-0.714689
-0.714688
-0.714688
-0.714687
-0.714687
-0.714686
-0.714685
-0.714685
-0.714684
-0.714683
-0.714683
-0.714682
-0.714682
-0.714681
-0.714680
-0.714680
-0.714679
-0.714679
-0.714678
-0.714677
-0.714677
-0.714676
-0.714675
-0.714675
-0.714674
-0.714674
-0.714673
-0.714672
-0.714672
-0.714671
-0.714670
-0.714670
-0.714669
-0.714668
-0.714668
-0.714667
-0.714667
-0.714666
-0.714665
-0.714665
-0.714664
-0.714663
-0.714663
-0.714662
-0.714661
-0.714661
-0.714660
-0.714659
-0.714659
-0.714658
-0.714657
-0.714657
-0.714656
-0.714655
-0.714655
-0.714654
-0.714653
-0.714653
-0.714652
-0.714651
-0.714651
-0.714650
-0.714649
-0.714649
-0.714648
-0.714647
-0.714647
-0.714646
-0.714645
-0.714645
-0.714644
-0.714643
-0.714643
-0.714642
-0.714641
-0.714641
-0.714640
-0.714639
-0.714639
-0.714638
-0.714637
-0.714636
-0.714636
-0.714635
-0.714634
-0.714634
-0.714633
-0.714632
-0.714632
-0.714631
-0.714630
-0.714629
-0.714629
-0.714628
-0.714627
-0.714627
-0.714626
-0.714625
-0.714624
-0.714624
-0.714623
-0.714622
-0.714622
-0.714621
-0.714620
-0.714619
-0.714619
-0.714618
-0.714617
-0.714617
-0.714616
-0.714615
-0.714614
-0.714614
-0.714613
-0.714612
-0.714611
-0.714611
-0.714610
-0.714609
-0.714608
-0.714608
-0.714607
-0.714606
-0.714606
-0.714605
-0.714604
-0.714603
-0.714603
-0.714602
-0.714601
-0.714600
-0.714600
-0.714599
-0.714598
-0.714597
-0.714597
-0.714596
-0.714595
-0.714594
-0.714594
-0.714593
-0.714592
-0.714591
-0.714590
-0.714590
-0.714589
-0.714588
-0.714587
-0.714587
-0.714586
-0.714585
-0.714584
-0.714584
-0.714583
-0.714582
-0.714581
-0.714580
-0.714580
-0.714579
-0.714578
-0.714577
-0.714577
-0.714576
-0.714575
-0.714574
-0.714573
-0.714573
-0.714572
-0.714571
-0.714570
-0.714569
-0.714569
-0.714568
-0.714567
-0.714566
-0.714565
-0.714565
-0.714564
-0.714563
-0.714562
-0.714561
-0.714561
-0.714560
-0.714559
-0.714558
-0.714557
-0.714557
-0.714556
-0.714555
-0.714554
-0.714553
-0.714553
-0.714552
-0.714551
-0.714550
-0.714549
-0.714548
-0.714548
-0.714547
-0.714546
-0.714545
-0.714544
-0.714544
-0.714543
-0.714542
-0.714541
-0.714540
-0.714539
-0.714539
-0.714538
-0.714537
-0.714536
-0.714535
-0.714534
-0.714534
-0.714533
-0.714532
-0.714531
-0.714530
-0.714529
-0.714528
-0.714528
-0.714527
-0.714526
-0.714525
-0.714524
-0.714523
-0.714523
-0.714522
-0.714521
-0.714520
-0.714519
-0.714518
-0.714517
-0.714517
-0.714516
-0.714515
-0.714514
-0.714513
-0.714512
-0.714511
-0.714511
-0.714510
-0.714509
-0.714508
-0.714507
-0.714506
-0.714505
-0.714504
-0.714504
-0.714503
-0.714502
-0.714501
-0.714500
-0.714499
-0.714498
-0.714497
-0.714497
-0.714496
-0.714495
-0.714494
-0.714493
-0.714492
-0.714491
-0.714490
-0.714489
-0.714489
-0.714488
-0.714487
-0.714486
-0.714485
-0.714484
-0.714484
-0.714483
-0.714482
-0.714481
-0.714481
-0.714480
-0.714479
-0.714478
-0.714477
-0.714476
-0.714475
-0.714474
-0.714473
-0.714472
-0.714472
-0.714471
-0.714470
-0.714469
-0.714468
-0.714467
-0.714466
-0.714465
-0.714464
-0.714463
-0.714462
-0.714461
-0.714461
-0.714460
-0.714459
-0.714458
-0.714457
-0.714456
-0.714455
-0.714454
-0.714453
-0.714452
-0.714451
-0.714450
-0.714449
-0.714448
-0.714448
-0.714447
-0.714446
-0.714445
-0.714444
-0.714443
-0.714442
-0.714441
-0.714440
-0.714439
-0.714438
-0.714437
-0.714436
-0.714435
-0.714434
-0.714433
-0.714433
-0.714432
-0.714431
-0.714430
-0.714429
-0.714428
-0.714427
-0.714426
-0.714425
-0.714424
-0.714423
-0.714422
-0.714421
-0.714420
-0.714419
-0.714418
-0.714417
-0.714416
-0.714415
-0.714414
-0.714413
-0.714412
-0.714411
-0.714410
-0.714410
-0.714409
-0.714408
-0.714407
-0.714406
-0.714405
-0.714404
-0.714403
-0.714402
-0.714401
-0.714400
-0.714399
-0.714398
-0.714397
-0.714396
-0.714395
-0.714394
-0.714393
-0.714392
-0.714391
-0.714390
-0.714389
-0.714388
-0.714387
-0.714386
-0.714385
-0.714384
-0.714383
-0.714382
-0.714381
-0.714380
-0.714379
-0.714378
-0.714377
-0.714376
-0.714375
-0.714374
-0.714373
-0.714372
-0.714371
-0.714370
-0.714369
-0.714368
-0.714367
-0.714366
-0.714365
-0.714364
-0.714363
-0.714362
-0.714361
-0.714360
-0.714359
-0.714358
-0.714357
-0.714356
-0.714355
-0.714354
-0.714353
-0.714352
-0.714351
-0.714350
-0.714349
-0.714348
-0.714347
-0.714346
-0.714345
-0.714344
-0.714343
-0.714341
-0.714340
-0.714339
-0.714338
-0.714337
-0.714336
-0.714335
-0.714334
-0.714333
-0.714332
-0.714331
-0.714330
-0.714329
-0.714328
-0.714327
-0.714326
-0.714325
-0.714324
-0.714323
-0.714322
-0.714321
-0.714320
-0.714319
-0.714318
-0.714317
-0.714315
-0.714314
-0.714313
-0.714312
-0.714311
-0.714310
-0.714309
-0.714308
-0.714307
-0.714306
-0.714305
-0.714304
-0.714303
-0.714302
-0.714301
-0.714300
-0.714299
-0.714297
-0.714296
-0.714295
-0.714294
-0.714293
-0.714292
-0.714291
-0.714290
-0.714289
-0.714288
-0.714287
-0.714286
-0.714285
-0.714284
-0.714282
-0.714281
-0.714280
-0.714279
-0.714278
-0.714277
-0.714276
-0.714275
-0.714274
-0.714273
-0.714272
-0.714271
-0.714270
-0.714268
-0.714267
-0.714266
-0.714265
-0.714264
-0.714263
-0.714262
-0.714261
-0.714260
-0.714259
-0.714258
-0.714256
-0.714255
-0.714254
-0.714253
-0.714252
-0.714251
-0.714250
-0.714249
-0.714248
-0.714247
-0.714245
-0.714244
-0.714243
-0.714242
-0.714241
-0.714240
-0.714239
-0.714238
-0.714237
-0.714235
-0.714234
-0.714233
-0.714232
-0.714231
-0.714230
-0.714229
-0.714228
-0.714227
-0.714225
-0.714224
-0.714223
-0.714222
-0.714221
-0.714220
-0.714219
-0.714218
-0.714216
-0.714215
-0.714214
-0.714213
-0.714212
-0.714211
-0.714210
-0.714209
-0.714207
-0.714206
-0.714205
-0.714204
-0.714203
-0.714202
-0.714201
-0.714199
-0.714198
-0.714197
-0.714196
-0.714195
-0.714194
-0.714193
-0.714192
-0.714190
-0.714189
-0.714188
-0.714187
-0.714186
-0.714185
-0.714184
-0.714182
-0.714181
-0.714180
-0.714179
-0.714178
-0.714177
-0.714175
-0.714174
-0.714173
-0.714172
-0.714171
-0.714170
-0.714169
-0.714167
-0.714166
-0.714165
-0.714164
-0.714163
-0.714162
-0.714160
-0.714159
-0.714158
-0.714157
-0.714156
-0.714155
-0.714153
-0.714152
-0.714151
-0.714150
-0.714149
-0.714148
-0.714146
-0.714145
-0.714144
-0.714143
-0.714142
-0.714141
-0.714139
-0.714138
-0.714137
-0.714136
-0.714135
-0.714134
-0.714132
-0.714131
-0.714130
-0.714129
-0.714128
-0.714126
-0.714125
-0.714124
-0.714123
-0.714122
-0.714121
-0.714119
-0.714118
-0.714117
-0.714116
-0.714115
-0.714113
-0.714112
-0.714111
-0.714110
-0.714109
-0.714107
-0.714106
-0.714105
-0.714104
-0.714103
-0.714101
-0.714100
-0.714099
-0.714098
-0.714097
-0.714095
-0.714094
-0.714093
-0.714092
-0.714091
-0.714089
-0.714088
-0.714087
-0.714086
-0.714085
-0.714083
-0.714082
-0.714081
-0.714080
-0.714079
-0.714077
-0.714076
-0.714075
-0.714074
-0.714073
-0.714071
-0.714070
-0.714069
-0.714068
-0.714066
-0.714065
-0.714064
-0.714063
-0.714062
-0.714060
-0.714059
-0.714058
-0.714057
-0.714055
-0.714054
-0.714053
-0.714052
-0.714051
-0.714049
-0.714048
-0.714047
-0.714046
-0.714044
-0.714043
-0.714042
-0.714041
-0.714039
-0.714038
-0.714037
-0.714036
-0.714035
-0.714033
-0.714032
-0.714031
-0.714030
-0.714028
-0.714027
-0.714026
-0.714025
-0.714023
-0.714022
-0.714021
-0.714020
-0.714018
-0.714017
-0.714016
-0.714015
-0.714013
-0.714012
-0.714011
-0.714010
-0.714008
-0.714007
-0.714006
-0.714005
-0.714003
-0.714002
-0.714001
-0.714000
-0.713998
-0.713997
-0.713996
-0.713995
-0.713993
-0.713992
-0.713991
-0.713990
-0.713988
-0.713987
-0.713986
-0.713985
-0.713983
-0.713982
-0.713981
-0.713980
-0.713978
-0.713977
-0.713976
-0.713974
-0.713973
-0.713972
-0.713971
-0.713969
-0.713968
-0.713967
-0.713966
-0.713964
-0.713963
-0.713962
-0.713960
-0.713959
-0.713958
-0.713957
-0.713955
-0.713954
-0.713953
-0.713952
-0.713950
-0.713949
-0.713948
-0.713946
-0.713945
-0.713944
-0.713943
-0.713941
-0.713940
-0.713939
-0.713937
-0.713936
-0.713935
-0.713934
-0.713932
-0.713932
-0.713931
-0.713930
-0.713928
-0.713927
-0.713926
-0.713925
-0.713923
-0.713922
-0.713921
-0.713919
-0.713918
-0.713917
-0.713915
-0.713914
-0.713913
-0.713912
-0.713910
-0.713909
-0.713908
-0.713906
-0.713905
-0.713904
-0.713902
-0.713901
-0.713900
-0.713899
-0.713897
-0.713896
-0.713895
-0.713893
-0.713892
-0.713891
-0.713889
-0.713888
-0.713887
-0.713885
-0.713884
-0.713883
-0.713882
-0.713880
-0.713879
-0.713878
-0.713876
-0.713875
-0.713874
-0.713872
-0.713871
-0.713870
-0.713868
-0.713867
-0.713866
-0.713864
-0.713863
-0.713862
-0.713860
-0.713859
-0.713858
-0.713857
-0.713855
-0.713854
-0.713853
-0.713851
-0.713850
-0.713849
-0.713847
-0.713846
-0.713845
-0.713843
-0.713842
-0.713841
-0.713839
-0.713838
-0.713837
-0.713835
-0.713834
-0.713833
-0.713831
-0.713830
-0.713829
-0.713827
-0.713826
-0.713825
-0.713823
-0.713822
-0.713821
-0.713819
-0.713818
-0.713817
-0.713815
-0.713814
-0.713813
-0.713811
-0.713810
-0.713808
-0.713807
-0.713806
-0.713804
-0.713803
-0.713802
-0.713800
-0.713799
-0.713798
-0.713796
-0.713795
-0.713794
-0.713792
-0.713791
-0.713790
-0.713788
-0.713787
-0.713786
-0.713784
-0.713783
-0.713781
-0.713780
-0.713779
-0.713777
-0.713776
-0.713775
-0.713773
-0.713772
-0.713771
-0.713769
-0.713768
-0.713767
-0.713765
-0.713764
-0.713762
-0.713761
-0.713760
-0.713758
-0.713757
-0.713756
-0.713754
-0.713753
-0.713752
-0.713750
-0.713749
-0.713747
-0.713746
-0.713745
-0.713743
-0.713742
-0.713741
-0.713739
-0.713738
-0.713736
-0.713735
-0.713734
-0.713732
-0.713731
-0.713730
-0.713728
-0.713727
-0.713725
-0.713724
-0.713723
-0.713721
-0.713720
-0.713719
-0.713717
-0.713716
-0.713714
-0.713713
-0.713712
-0.713710
-0.713709
-0.713707
-0.713706
-0.713705
-0.713703
-0.713702
-0.713701
-0.713699
-0.713698
-0.713696
-0.713695
-0.713694
-0.713692
-0.713691
-0.713689
-0.713688
-0.713687
-0.713685
-0.713684
-0.713682
-0.713681
-0.713680
-0.713678
-0.713677
-0.713675
-0.713674
-0.713673
-0.713671
-0.713670
-0.713668
-0.713667
-0.713666
-0.713664
-0.713663
-0.713661
-0.713660
-0.713659
-0.713657
-0.713656
-0.713654
-0.713653
-0.713652
-0.713650
-0.713649
-0.713647
-0.713646
-0.713645
-0.713643
-0.713642
-0.713640
-0.713639
-0.713638
-0.713636
-0.713635
-0.713633
-0.713632
-0.713631
-0.713629
-0.713628
-0.713626
-0.713625
-0.713623
-0.713622
-0.713621
-0.713619
-0.713618
-0.713616
-0.713615
-0.713614
-0.713612
-0.713611
-0.713609
-0.713608
-0.713606
-0.713605
-0.713604
-0.713602
-0.713601
-0.713599
-0.713598
-0.713596
-0.713595
-0.713594
-0.713592
-0.713591
-0.713589
-0.713588
-0.713586
-0.713585
-0.713584
-0.713582
-0.713581
-0.713579
-0.713578
-0.713576
-0.713575
-0.713574
-0.713572
-0.713571
-0.713569
-0.713568
-0.713566
-0.713565
-0.713564
-0.713562
-0.713561
-0.713559
-0.713558
-0.713556
-0.713555
-0.713553
-0.713552
-0.713551
-0.713549
-0.713548
-0.713546
-0.713545
-0.713543
-0.713542
-0.713540
-0.713539
-0.713538
-0.713536
-0.713535
-0.713533
-0.713532
-0.713530
-0.713529
-0.713527
-0.713526
-0.713525
-0.713523
-0.713522
-0.713520
-0.713519
-0.713517
-0.713516
-0.713514
-0.713513
-0.713511
-0.713510
-0.713509
-0.713507
-0.713506
-0.713504
-0.713503
-0.713501
-0.713500
-0.713498
-0.713497
-0.713495
-0.713494
-0.713493
-0.713491
-0.713490
-0.713488
-0.713487
-0.713485
-0.713484
-0.713482
-0.713481
-0.713479
-0.713478
-0.713476
-0.713475
-0.713474
-0.713472
-0.713471
-0.713469
-0.713468
-0.713466
-0.713465
-0.713463
-0.713462
-0.713460
-0.713459
-0.713457
-0.713456
-0.713454
-0.713453
-0.713452
-0.713450
-0.713449
-0.713447
-0.713446
-0.713444
-0.713443
-0.713441
-0.713440
-0.713438
-0.713437
-0.713435
-0.713434
-0.713432
-0.713431
-0.713429
-0.713428
-0.713426
-0.713425
-0.713423
-0.713422
-0.713421
-0.713419
-0.713418
-0.713416
-0.713415
-0.713413
-0.713412
-0.713410
-0.713409
-0.713407
-0.713406
-0.713404
-0.713403
-0.713401
-0.713400
-0.713398
-0.713397
-0.713395
-0.713394
-0.713392
-0.713391
-0.713389
-0.713388
-0.713386
-0.713385
-0.713383
-0.713382
-0.713380
-0.713379
-0.713377
-0.713376
-0.713374
-0.713373
-0.713371
-0.713370
-0.713368
-0.713367
-0.713365
-0.713364
-0.713362
-0.713361
-0.713359
-0.713358
-0.713356
-0.713355
-0.713353
-0.713352
-0.713350
-0.713349
-0.713347
-0.713346
-0.713344
-0.713343
-0.713341
-0.713340
-0.713338
-0.713337
-0.713335
-0.713334
-0.713332
-0.713331
-0.713329
-0.713328
-0.713326
-0.713325
-0.713323
-0.713322
-0.713320
-0.713319
-0.713317
-0.713316
-0.713314
-0.713313
-0.713311
-0.713310
-0.713308
-0.713307
-0.713305
-0.713304
-0.713302
-0.713301
-0.713299
-0.713298
-0.713296
-0.713295
-0.713293
-0.713292
-0.713290
-0.713289
-0.713287
-0.713286
-0.713284
-0.713282
-0.713281
-0.713279
-0.713278
-0.713276
-0.713275
-0.713273
-0.713272
-0.713270
-0.713269
-0.713267
-0.713266
-0.713264
-0.713263
-0.713261
-0.713260
-0.713258
-0.713257
-0.713255
-0.713254
-0.713252
-0.713250
-0.713249
-0.713247
-0.713246
-0.713244
-0.713243
-0.713241
-0.713240
-0.713238
-0.713237
-0.713235
-0.713234
-0.713232
-0.713231
-0.713229
-0.713228
-0.713226
-0.713224
-0.713223
-0.713223
