-0.362952
-0.426750
-0.453000
-0.463171
-0.465300
-0.463709
-0.460392
-0.456118
-0.451177
-0.445701
-0.439778
-0.433482
-0.426872
-0.419996
-0.412884
-0.405555
-0.398012
-0.390249
-0.382250
-0.373994
-0.365454
-0.356602
-0.347408
-0.337842
-0.327880
-0.317506
-0.306715
-0.295523
-0.283963
-0.272094
-0.259992
-0.247756
-0.235498
-0.223338
-0.211392
-0.199772
-0.188571
-0.177863
-0.167700
-0.158111
-0.149104
-0.140671
-0.132785
-0.125405
-0.118471
-0.111892
-0.105538
-0.099246
-0.092821
-0.086033
-0.078650
-0.070507
-0.061522
-0.051684
-0.041038
-0.029676
-0.017724
-0.005331
0.007344
0.020147
0.032943
0.045647
0.058216
0.070626
0.082846
0.094855
0.106650
0.118245
0.129654
0.140887
0.151942
0.162810
0.173479
0.183936
0.194166
0.204161
0.213911
0.223412
0.232661
0.241657
0.250399
0.258889
0.267129
0.275122
0.282870
0.290375
0.297640
0.304668
0.311461
0.318021
0.324349
0.330446
0.336314
0.341953
0.347363
0.352546
0.357501
0.362233
0.366747
0.371053
0.375170
0.379123
0.382939
0.386633
0.390195
0.393607
0.396862
0.399966
0.402932
0.405771
0.408487
0.411081
0.413552
0.415896
0.418110
0.420185
0.422118
0.423904
0.425556
0.427118
0.428578
0.429820
0.431771
0.434096
0.436000
0.438255
0.440100
0.441071
0.442345
0.443626
0.444561
0.445461
0.446416
0.447396
0.448411
0.449468
0.450556
0.451658
0.452756
0.453834
0.454880
0.455889
0.456861
0.457801
0.458709
0.459590
0.460443
0.461269
0.462067
0.462838
0.463583
0.464303
0.464997
0.465668
0.466316
0.466941
0.467546
0.468129
0.468693
0.469237
0.469763
0.470269
0.470757
0.471227
0.471679
0.472112
0.472528
0.472926
0.473305
0.473667
0.474010
0.474335
0.474641
0.474929
0.475198
0.475447
0.475678
0.475889
0.476081
0.476254
0.476406
0.476539
0.476652
0.476745
0.476818
0.476871
0.476904
0.476917
0.476910
0.476883
0.476836
0.476769
0.476681
0.476574
0.476448
0.476301
0.476135
0.475949
0.475743
0.475518
0.475273
0.475008
0.474723
0.474418
0.474092
0.473746
0.473379
0.472990
0.472581
0.472149
0.471695
0.471219
0.470719
0.470195
0.469646
0.469071
0.468469
0.467839
0.467181
0.466492
0.465771
0.465015
0.464224
0.463396
0.462529
0.461623
0.460674
0.459682
0.458643
0.457556
0.456415
0.455218
0.453957
0.452626
0.451218
0.449725
0.448141
0.446460
0.444680
0.442801
0.440826
0.438761
0.436614
0.434404
0.432190
0.430507
0.428441
0.426315
0.424066
0.425266
0.422664
0.420251
0.421554
0.423962
0.426507
0.428586
0.430138
0.431234
0.431985
0.432448
0.432696
0.432751
0.432664
0.432437
0.432111
0.431677
0.431172
0.430581
0.429939
0.429228
0.428480
0.427679
0.426851
0.425986
0.425100
0.424193
0.423272
0.422340
0.421403
0.420461
0.419519
0.418576
0.417633
0.416688
0.415741
0.414786
0.413819
0.412830
0.411809
0.410747
0.409637
0.408474
0.407256
0.405982
0.404652
0.403269
0.401835
0.400352
0.398823
0.397252
0.397252
0.395641
0.393995
0.392315
0.390606
0.388871
0.387112
0.385335
0.383543
0.381742
0.379940
0.378145
0.376364
0.374603
0.372864
0.371147
0.369451
0.367777
0.366121
0.364485
0.362866
0.361265
0.359683
0.358121
0.356580
0.355061
0.353564
0.352092
0.350642
0.349222
0.347820
0.346453
0.345097
0.343784
0.342468
0.341212
0.339925
0.338730
0.337460
0.336330
0.335062
0.334005
0.332726
0.331741
0.330445
0.329516
0.328197
0.327295
0.325946
0.325046
0.323671
0.322774
0.321390
0.320528
0.319161
0.318378
0.317052
0.316395
0.315126
0.314631
0.313414
0.313061
0.311863
0.311485
0.310240
0.309492
0.308108
0.306792
0.305126
0.303395
0.301282
0.299349
0.296790
0.294695
0.291876
0.289543
0.286654
0.284113
0.281316
0.278801
0.276341
0.274198
0.272275
0.270649
0.269225
0.268022
0.266955
0.266050
0.265225
0.264517
0.263847
0.263242
0.262672
0.262072
0.261592
0.260888
0.260511
0.259628
0.259323
0.258293
0.257980
0.256910
0.256520
0.255503
0.255004
0.254091
0.253498
0.252705
0.252075
0.251389
0.250780
0.250183
0.249634
0.249121
0.248653
0.248234
0.247868
0.247561
0.247318
0.247144
0.247042
0.247012
0.247051
0.247156
0.247321
0.247538
0.247801
0.248102
0.248435
0.248794
0.249175
0.249572
0.249985
0.250409
0.250843
0.251288
0.251741
0.252202
0.252672
0.253151
0.253638
0.254134
0.254639
0.255153
0.255676
0.256208
0.256750
0.257300
0.257858
0.258423
0.258995
0.259573
0.260154
0.260738
0.261322
0.261904
0.262483
0.263055
0.263617
0.264167
0.264702
0.265218
0.265713
0.266183
0.266627
0.267040
0.267423
0.267772
0.268087
0.268368
0.268614
0.268826
0.269004
0.269150
0.269265
0.269352
0.269412
0.269449
0.269465
0.269463
0.269447
0.269419
0.269383
0.269341
0.269298
0.269255
0.269217
0.269184
0.269161
0.269148
0.269149
0.269164
0.269196
0.269244
0.269311
0.269397
0.269503
0.269629
0.269776
0.269943
0.270131
0.270339
0.270568
0.270817
0.271085
0.271373
0.271681
0.272007
0.272351
0.272713
0.273092
0.273487
0.273899
0.274326
0.274767
0.275223
0.275692
0.276173
0.276666
0.277171
0.277685
0.278208
0.278740
0.279279
0.279824
0.280375
0.280929
0.281487
0.282046
0.282606
0.283166
0.283725
0.284282
0.284835
0.285385
0.285930
0.286471
0.287006
0.287537
0.288061
0.288581
0.289096
0.289607
0.290114
0.290618
0.291118
0.291617
0.292114
0.292609
0.293102
0.293593
0.294081
0.294563
0.295034
0.295478
0.295838
0.295830
0.295433
0.296059
0.296831
0.297758
0.298724
0.299620
0.300419
0.301139
0.301802
0.302422
0.303007
0.303566
0.304108
0.304640
0.305169
0.305702
0.306243
0.306798
0.307369
0.307960
0.308573
0.309210
0.309871
0.310558
0.311269
0.312004
0.312763
0.313542
0.314340
0.315154
0.315981
0.316817
0.317659
0.318502
0.319342
0.320175
0.320999
0.321810
0.322605
0.323382
0.324140
0.324877
0.325593
0.325593
0.326287
0.326960
0.327610
0.328239
0.328847
0.329434
0.330003
0.330552
0.331084
0.331600
0.332100
0.332585
0.333056
0.333514
0.333960
0.334396
0.334821
0.335236
0.335643
0.336042
0.336434
0.336819
0.337198
0.337572
0.337941
0.338305
0.338666
0.339024
0.339380
0.339733
0.340084
0.340434
0.340783
0.341132
0.341480
0.341828
0.342177
0.342526
0.342875
0.343226
0.343576
0.343928
0.344280
0.344633
0.344986
0.345339
0.345692
0.346045
0.346397
0.346748
0.347098
0.347446
0.347792
0.348135
0.348476
0.348813
0.349147
0.349478
0.349805
0.350127
0.350445
0.350759
0.351068
0.351373
0.351673
0.351968
0.352259
0.352545
0.352826
0.353104
0.353376
0.353645
0.353909
0.354170
0.354426
0.354679
0.354929
0.355176
0.355419
0.355659
0.355897
0.356132
0.356365
0.356596
0.356824
0.357051
0.357275
0.357498
0.357720
0.357940
0.358159
0.358376
0.358592
0.358807
0.359021
0.359234
0.359446
0.359657
0.359867
0.360076
0.360285
0.360492
0.360699
0.360905
0.361110
0.361314
0.361518
0.361720
0.361922
0.362123
0.362323
0.362523
0.362721
0.362919
0.363116
0.363312
0.363507
0.363701
0.363895
0.364088
0.364280
0.364472
0.364662
0.364852
0.365042
0.365231
0.365419
0.365606
0.365793
0.365980
0.366166
0.366351
0.366536
0.366721
0.366905
0.367089
0.367273
0.367456
0.367639
0.367822
0.368005
0.368187
0.368370
0.368552
0.368734
0.368916
0.369097
0.369279
0.369461
0.369643
0.369825
0.370007
0.370188
0.370370
0.370553
0.370735
0.370917
0.371099
0.371282
0.371465
0.371648
0.371831
0.372014
0.372198
0.372382
0.372566
0.372750
0.372935
0.373120
0.373305
0.373491
0.373677
0.373863
0.374050
0.374237
0.374425
0.374613
0.374802
0.374991
0.375181
0.375371
0.375561
0.375753
0.375945
0.376137
0.376330
0.376524
0.376718
0.376913
0.377109
0.377305
0.377503
0.377700
0.377899
0.378099
0.378299
0.378500
0.378702
0.378905
0.379109
0.379313
0.379519
0.379725
0.379933
0.380141
0.380351
0.380561
0.380773
0.380985
0.381199
0.381413
0.381628
0.381845
0.382063
0.382281
0.382501
0.382721
0.382942
0.383165
0.383388
0.383612
0.383836
0.384062
0.384288
0.384514
0.384741
0.384968
0.385195
0.385423
0.385649
0.385876
0.386101
0.386326
0.386551
0.386777
0.387005
0.387238
0.387481
0.387735
0.388003
0.388287
0.388582
0.388886
0.389195
0.389507
0.389818
0.390128
0.390437
0.390748
0.391060
0.391377
0.391699
0.392030
0.392369
0.392719
0.393081
0.393455
0.393841
0.394241
0.394653
0.395077
0.395514
0.395962
0.396422
0.396891
0.397368
0.397854
0.398346
0.398843
0.399345
0.399849
0.400355
0.400862
0.401368
0.401872
0.402375
0.402874
0.403369
0.403860
0.404346
0.404826
