0.118065
0.117823
0.115486
0.113665
0.112552
0.111965
0.111687
0.111559
0.111480
0.111387
0.111241
0.111020
0.110713
0.110315
0.109827
0.109252
0.108596
0.107861
0.107052
0.106168
0.105210
0.104178
0.103073
0.101901
0.100673
0.099408
0.098134
0.096884
0.095696
0.094604
0.093636
0.092813
0.092150
0.091653
0.091328
0.091180
0.091213
0.091434
0.091849
0.092466
0.093291
0.094329
0.095581
0.097042
0.098706
0.100554
0.102563
0.104696
0.106905
0.109131
0.111314
0.113396
0.115337
0.117109
0.118702
0.120111
0.121342
0.122404
0.123311
0.124084
0.124747
0.125328
0.125862
0.126389
0.126946
0.127563
0.128253
0.129018
0.129848
0.130729
0.131648
0.132594
0.133560
0.134543
0.135542
0.136556
0.137589
0.138644
0.139725
0.140838
0.141986
0.143176
0.144411
0.145696
0.147036
0.148433
0.149891
0.151412
0.152998
0.154649
0.156366
0.158148
0.159994
0.161903
0.163872
0.165900
0.167982
0.170118
0.172303
0.174536
0.176813
0.179128
0.181476
0.183848
0.186241
0.188648
0.191066
0.193490
0.195917
0.198343
0.200764
0.203178
0.205580
0.207968
0.210340
0.212693
0.215025
0.217333
0.219612
0.221864
0.224111
0.226312
0.228334
0.230535
0.232601
0.234716
0.237004
0.239146
0.241085
0.243080
0.245080
0.247005
0.248858
0.250642
0.252343
0.253954
0.255471
0.256892
0.258217
0.259451
0.260601
0.261676
0.262689
0.263650
0.264569
0.265458
0.266325
0.267176
0.268018
0.268854
0.269687
0.270522
0.271358
0.272198
0.273043
0.273894
0.274750
0.275613
0.276482
0.277357
0.278239
0.279127
0.280022
0.280923
0.281830
0.282743
0.283661
0.284584
0.285512
0.286444
0.287380
0.288319
0.289260
0.290204
0.291150
0.292097
0.293045
0.293994
0.294942
0.295890
0.296837
0.297782
0.298726
0.299666
0.300603
0.301537
0.302465
0.303389
0.304308
0.305221
0.306128
0.307028
0.307920
0.308804
0.309678
0.310542
0.311395
0.312236
0.313065
0.313880
0.314683
0.315471
0.316248
0.317012
0.317764
0.318504
0.319229
0.319938
0.320628
0.321300
0.321951
0.322579
0.323186
0.323774
0.324349
0.324908
0.325449
0.325969
0.326470
0.326956
0.327433
0.327909
0.328386
0.328863
0.329335
0.329800
0.330258
0.330707
0.331149
0.331583
0.332008
0.332425
0.332832
0.333231
0.333620
0.333999
0.334367
0.334724
0.335068
0.335400
0.335717
0.336018
0.336303
0.336588
0.336791
0.336780
0.337281
0.337535
0.337012
0.336519
0.337436
0.337784
0.338317
0.338351
0.338246
0.338236
0.338319
0.338491
0.338716
0.338994
0.339298
0.339641
0.339996
0.340382
0.340772
0.341187
0.341602
0.342039
0.342471
0.342922
0.343369
0.343828
0.344287
0.344754
0.345224
0.345698
0.346178
0.346663
0.347156
0.347659
0.348173
0.348701
0.349247
0.349815
0.350409
0.351034
0.351693
0.352388
0.353121
0.353893
0.354706
0.355562
0.356462
0.357410
0.358408
0.359463
0.360576
0.361754
0.363000
0.364317
0.364317
0.365707
0.367172
0.368714
0.370337
0.372044
0.373835
0.375706
0.377643
0.379613
0.381564
0.383424
0.385121
0.386604
0.387857
0.388883
0.389693
0.390290
0.390668
0.390817
0.390717
0.390352
0.389703
0.388761
0.387506
0.385945
0.384045
0.381844
0.379278
0.376440
0.373203
0.369765
0.365865
0.361891
0.357330
0.352905
0.347658
0.342875
0.336880
0.331823
0.324984
0.319698
0.311932
0.306379
0.297669
0.291718
0.282104
0.275560
0.265076
0.257788
0.246499
0.238456
0.226457
0.217800
0.205183
0.196176
0.183179
0.174293
0.161295
0.153039
0.140305
0.133037
0.120693
0.114503
0.102645
0.097301
0.086009
0.081055
0.070325
0.065281
0.055059
0.049539
0.039758
0.033491
0.024112
0.016945
0.007872
-0.000098
-0.009030
-0.017478
-0.026352
-0.034996
-0.043838
-0.052516
-0.061306
-0.069909
-0.078620
-0.087076
-0.095705
-0.103966
-0.112544
-0.120580
-0.129154
-0.136959
-0.145571
-0.153171
-0.161820
-0.169289
-0.177915
-0.185377
-0.193905
-0.201467
-0.209861
-0.217572
-0.225837
-0.233702
-0.241876
-0.249870
-0.258009
-0.266098
-0.274250
-0.282409
-0.290603
-0.298820
-0.307064
-0.315334
-0.323629
-0.331947
-0.340288
-0.348649
-0.357029
-0.365426
-0.373837
-0.382259
-0.390690
-0.399126
-0.407564
-0.416000
-0.424432
-0.432854
-0.441263
-0.449655
-0.458025
-0.466370
-0.474686
-0.482969
-0.491214
-0.499418
-0.507577
-0.515689
-0.523749
-0.531754
-0.539702
-0.547590
-0.555415
-0.563176
-0.570870
-0.578497
-0.586053
-0.593540
-0.600955
-0.608297
-0.615567
-0.622764
-0.629888
-0.636939
-0.643918
-0.650823
-0.657656
-0.664418
-0.671108
-0.677727
-0.684275
-0.690754
-0.697163
-0.703504
-0.709777
-0.715982
-0.722120
-0.728191
-0.734197
-0.740137
-0.746012
-0.751824
-0.757571
-0.763256
-0.768878
-0.774438
-0.779937
-0.785375
-0.790754
-0.796073
-0.801334
-0.806537
-0.811684
-0.816774
-0.821810
-0.826792
-0.831720
-0.836597
-0.841422
-0.846197
-0.850922
-0.855600
-0.860230
-0.864813
-0.869352
-0.873845
-0.878296
-0.882703
-0.887069
-0.891393
-0.895678
-0.899923
-0.904130
-0.908298
-0.912430
-0.916525
-0.920585
-0.924609
-0.928600
-0.932556
-0.936480
-0.940371
-0.944230
-0.948058
-0.951856
-0.955623
-0.959360
-0.963069
-0.966749
-0.970402
-0.974026
-0.977624
-0.981195
-0.984741
-0.988261
-0.991755
-0.995225
-0.998671
-1.002093
-1.005492
-1.008867
-1.012220
-1.015550
-1.018858
-1.022145
-1.025409
-1.028652
-1.031874
-1.035074
-1.038253
-1.041411
-1.044548
-1.047663
-1.050757
-1.053829
-1.056879
-1.059909
-1.062916
-1.065902
-1.068866
-1.071809
-1.074732
-1.077637
-1.080532
-1.083430
-1.086250
-1.088968
-1.091760
-1.094546
-1.097304
-1.100042
-1.102760
-1.105458
-1.108136
-1.110794
-1.113433
-1.116054
-1.118657
-1.121242
-1.123809
-1.126359
-1.128892
-1.131409
-1.133910
-1.136394
-1.138864
-1.141318
-1.143757
-1.146181
-1.148591
-1.150987
-1.153369
-1.155738
-1.158093
-1.160435
-1.162764
-1.165080
-1.167383
-1.169673
-1.171950
-1.174216
-1.176468
-1.178709
-1.180937
-1.183154
-1.185359
-1.187552
-1.189734
-1.189734
-1.191905
-1.194065
-1.196215
-1.198353
-1.200481
-1.202598
-1.204705
-1.206802
-1.208889
-1.210965
-1.213032
-1.215088
-1.217135
-1.219172
-1.221198
-1.223215
-1.225222
-1.227220
-1.229207
-1.231185
-1.233153
-1.235111
-1.237059
-1.238998
-1.240926
-1.242845
-1.244755
-1.246654
-1.248543
-1.250423
-1.252293
-1.254153
-1.256003
-1.257843
-1.259673
-1.261494
-1.263304
-1.265104
-1.266894
-1.268674
-1.270444
-1.272203
-1.273952
-1.275691
-1.277420
-1.279139
-1.280847
-1.282545
-1.284232
-1.285909
-1.287576
-1.289233
-1.290880
-1.292516
-1.294143
-1.295760
-1.297367
-1.298964
-1.300551
-1.302130
-1.303699
-1.305259
-1.306810
-1.308353
-1.309887
-1.311412
-1.312930
-1.314439
-1.315941
-1.317436
-1.318923
-1.320403
-1.321876
-1.323343
-1.324803
-1.326257
-1.327704
-1.329146
-1.330582
-1.332013
-1.333438
-1.334858
-1.336273
-1.337683
-1.339088
-1.340489
-1.341885
-1.343277
-1.344664
-1.346048
-1.347427
-1.348803
-1.350174
-1.351542
-1.352907
-1.354267
-1.355625
-1.356978
-1.358329
-1.359676
-1.361020
-1.362360
-1.363698
-1.365032
-1.366364
-1.367692
-1.369017
-1.370339
-1.371658
-1.372975
-1.374288
-1.375598
-1.376906
-1.378210
-1.379512
-1.380811
-1.382107
-1.383400
-1.384690
-1.385977
-1.387261
-1.388542
-1.389820
-1.391095
-1.392367
-1.393636
-1.394902
-1.396165
-1.397424
-1.398681
-1.399934
-1.401184
-1.402430
-1.403673
-1.404913
-1.406149
-1.407382
-1.408611
-1.409836
-1.411058
-1.412276
-1.413490
-1.414700
-1.415907
-1.417109
-1.418308
-1.419502
-1.420693
-1.421879
-1.423061
-1.424238
-1.425412
-1.426581
-1.427745
-1.428905
-1.430061
-1.431212
-1.432359
-1.433500
-1.434637
-1.435770
-1.436897
-1.438020
-1.439138
-1.440251
-1.441360
-1.442463
-1.443561
-1.444654
-1.445743
-1.446826
-1.447904
-1.448977
-1.450045
-1.451108
-1.452166
-1.453218
-1.454266
-1.455308
-1.456345
-1.457376
-1.458403
-1.459424
-1.460440
-1.461451
-1.462456
-1.463456
-1.464451
-1.465441
-1.466425
-1.467404
-1.468377
-1.469345
-1.470308
-1.471266
-1.472218
-1.473164
-1.474105
-1.475041
-1.475971
-1.476896
-1.477815
-1.478729
-1.479637
-1.480540
-1.481437
-1.482328
-1.483214
-1.484094
-1.484969
-1.485838
-1.486701
-1.487558
-1.488410
-1.489255
-1.490095
-1.490930
-1.491758
-1.492581
-1.493397
-1.494208
-1.495013
-1.495812
-1.496605
-1.497392
-1.498172
-1.498947
-1.499715
-1.500477
-1.501232
-1.501981
-1.502723
-1.503459
-1.504187
-1.504909
-1.505624
-1.506332
-1.507034
-1.507731
-1.508424
-1.509113
-1.509800
-1.510486
-1.511168
-1.511849
-1.512527
-1.513202
-1.513874
-1.514543
-1.515208
-1.515869
-1.516527
-1.517180
-1.517829
-1.518473
-1.519112
-1.519745
-1.520373
-1.520995
-1.521611
-1.522221
-1.522824
-1.523421
-1.524010
-1.524593
-1.525169
-1.525737
-1.526299
-1.526852
-1.527398
-1.527937
-1.528468
-1.528991
-1.529507
-1.530015
-1.530515
-1.531008
-1.531494
-1.531972
-1.532444
-1.532908
