-0.459411
0.537212
0.528060
0.524287
0.521729
0.519491
0.517393
0.515391
0.513469
0.511620
0.509836
0.508115
0.506453
0.504846
0.503292
0.501788
0.500332
0.498921
0.497552
0.496224
0.494934
0.493680
0.492460
0.491272
0.490114
0.488984
0.487880
0.486801
0.485745
0.484711
0.483696
0.482700
0.481722
0.480759
0.479811
0.478877
0.477956
0.477046
0.476146
0.475256
0.474375
0.473501
0.472635
0.471774
0.470919
0.470068
0.469221
0.468378
0.467537
0.466698
0.465860
0.465023
0.464186
0.463349
0.462510
0.461671
0.460830
0.459986
0.459139
0.458290
0.457437
0.456580
0.455718
0.454852
0.453981
0.453105
0.452223
0.451336
0.450442
0.449542
0.448635
0.447721
0.446801
0.445873
0.444938
0.443996
0.443046
0.442088
0.441122
0.440149
0.439167
0.438177
0.437180
0.436174
0.435160
0.434138
0.433107
0.432069
0.431022
0.429967
0.428904
0.427833
0.426755
0.425668
0.424574
0.423472
0.422362
0.421245
0.420121
0.418989
0.417851
0.416705
0.415553
0.414394
0.413229
0.412057
0.410879
0.409696
0.408506
0.407311
0.406111
0.404905
0.403695
0.402479
0.401259
0.400035
0.398806
0.397574
0.396337
0.395097
0.393854
0.392607
0.391357
0.390105
0.388850
0.387592
0.386332
0.385071
0.383807
0.382542
0.381275
0.380008
0.378739
0.377469
0.376199
0.374928
0.373657
0.372386
0.371115
0.369845
0.368574
0.367305
0.366036
0.364768
0.363501
0.362235
0.360971
0.359709
0.358448
0.357188
0.355931
0.354676
0.353424
0.352173
0.350925
0.349680
0.348438
0.347198
0.345962
0.344728
0.343498
0.342271
0.341047
0.339827
0.338611
0.337398
0.336189
0.334984
0.333783
0.332586
0.331392
0.330203
0.329019
0.327838
0.326662
0.325490
0.324323
0.323160
0.322002
0.320848
0.319699
0.318555
0.317415
0.316280
0.315150
0.314025
0.312904
0.311789
0.310678
0.309572
0.308471
0.307375
0.306284
0.305198
0.304117
0.303040
0.301969
0.300903
0.299842
0.298785
0.297734
0.296687
0.295646
0.294610
0.293578
0.292552
0.291530
0.290513
0.289501
0.288495
0.287492
0.286495
0.285503
0.284516
0.283533
0.282555
0.281582
0.280613
0.279650
0.278691
0.277737
0.276787
0.275842
0.274902
0.273966
0.273035
0.272108
0.271186
0.270268
0.269355
0.268447
0.267542
0.266642
0.265747
0.264856
0.263969
0.263086
0.262208
0.261334
0.260464
0.259598
0.258737
0.257879
0.257026
0.256177
0.255332
0.254491
0.253654
0.252821
0.251992
0.251167
0.250346
0.249529
0.248716
0.247907
0.247101
0.246300
0.245502
0.244709
0.243919
0.243133
0.242351
0.241572
0.240798
0.240027
0.239260
0.238496
0.237737
0.236981
0.236229
0.235481
0.234737
0.233996
0.233259
0.232526
0.231796
0.231071
0.230349
0.229631
0.228917
0.228206
0.227500
0.226797
0.226098
0.225403
0.224711
0.224024
0.223340
0.222661
0.221985
0.221313
0.220646
0.219982
0.219322
0.218667
0.218015
0.217368
0.216725
0.216086
0.215451
0.214820
0.214194
0.213572
0.212954
0.212341
0.211733
0.211128
0.210529
0.209934
0.209343
0.208758
0.208177
0.207601
0.207029
0.206463
0.205902
0.205346
0.204794
0.204248
0.203708
0.203172
0.202642
0.202118
0.201599
0.201085
0.200577
0.200075
0.199579
0.199089
0.198604
0.198126
0.197654
0.197188
0.196729
0.196275
0.195829
0.195389
0.194956
0.194529
0.194110
0.193697
0.193292
0.192894
0.192503
0.192120
0.191744
0.191376
0.191015
0.190663
0.190318
0.189982
0.189653
0.189333
0.189022
0.188719
0.188425
0.188140
0.187863
0.187596
0.187338
0.187090
0.186850
0.186621
0.186401
0.186191
0.185991
0.185801
0.185622
0.185453
0.185294
0.185147
0.185010
0.184884
0.184769
0.184665
0.184573
0.184493
0.184424
0.184367
0.184322
0.184289
0.184269
0.184261
0.184265
0.184283
0.184313
0.184356
0.184412
0.184482
0.184565
0.184662
0.184772
0.184896
0.185035
0.185187
0.185354
0.185536
0.185731
0.185942
0.186168
0.186408
0.186664
0.186935
0.187222
0.187524
0.187841
0.188175
0.188524
0.188890
0.189271
0.189669
0.190084
0.190515
0.190962
0.191427
0.191908
0.192406
0.192921
0.193453
0.194003
0.194570
0.195154
0.195756
0.196376
0.197013
0.197668
0.198340
0.199031
0.199740
0.200466
0.201211
0.201973
0.202754
0.203553
0.204370
0.205205
0.206058
0.206930
0.207820
0.208728
0.209654
0.210598
0.211561
0.212541
0.213539
0.214556
0.215590
0.216643
0.217713
0.218800
0.219905
0.221028
0.222168
0.223325
0.224500
0.225691
0.226899
0.228123
0.229364
0.230621
0.231894
0.233183
0.234487
0.235807
0.237142
0.238491
0.239855
0.241234
0.242626
0.244032
0.245452
0.246884
0.248330
0.249787
0.251257
0.252738
0.254231
0.255735
0.257249
0.258774
0.260309
0.261853
0.263406
0.264967
0.266537
0.268115
0.269700
0.271292
0.272891
0.274496
0.276107
0.277723
0.279344
0.280969
0.282599
0.284232
0.285868
0.287507
0.289148
0.290792
0.290792
0.292437
0.294083
0.295730
0.297377
0.299024
0.300671
0.302317
0.303962
0.305605
0.307247
0.308886
0.310523
0.312157
0.313787
0.315414
0.317037
0.318657
0.320271
0.321881
0.323486
0.325086
0.326680
0.328269
0.329851
0.331427
0.332997
0.334560
0.336117
0.337666
0.339208
0.340743
0.342270
0.343789
0.345301
0.346804
0.348299
0.349786
0.351265
0.352735
0.354196
0.355649
0.357092
0.358527
0.359953
0.361370
0.362777
0.364175
0.365564
0.366944
0.368314
0.369675
0.371026
0.372368
0.373700
0.375023
0.376336
0.377640
0.378933
0.380218
0.381492
0.382757
0.384012
0.385257
0.386493
0.387719
0.388935
0.390142
0.391339
0.392527
0.393704
0.394872
0.396031
0.397180
0.398319
0.399449
0.400569
0.401680
0.402781
0.403873
0.404955
0.406028
0.407091
0.408145
0.409190
0.410225
0.411251
0.412268
0.413276
0.414274
0.415263
0.416243
0.417213
0.418175
0.419127
0.420071
0.421005
0.421930
0.422846
0.423754
0.424652
0.425541
0.426422
0.427293
0.428156
0.429010
0.429855
0.430691
0.431518
0.432336
0.433146
0.433947
0.434739
0.435523
0.436297
0.437063
0.437821
0.438569
0.439310
0.440041
0.440764
0.441478
0.442183
0.442880
0.443568
0.444248
0.444919
0.445581
0.446235
0.446880
0.447517
0.448145
0.448764
0.449375
0.449977
0.450571
0.451155
0.451732
0.452300
0.452859
0.453409
0.453951
0.454484
0.455009
0.455524
0.456032
0.456530
0.457020
0.457501
0.457973
0.458437
0.458891
0.459337
0.459775
0.460203
0.460622
0.461033
0.461435
0.461828
0.462212
0.462587
0.462953
0.463310
0.463658
0.463997
0.464327
0.464647
0.464959
0.465262
0.465555
0.465839
0.466114
0.466380
0.466636
0.466883
0.467121
0.467349
0.467568
0.467777
0.467977
0.468167
0.468348
0.468519
0.468681
0.468833
0.468975
0.469108
0.469231
0.469344
0.469447
0.469541
0.469624
0.469698
0.469762
0.469816
0.469860
0.469894
0.469918
0.469932
0.469936
0.469930
0.469914
0.469888
0.469852
0.469805
0.469749
0.469683
0.469606
0.469520
0.469424
0.469317
0.469201
0.469075
0.468939
0.468793
0.468637
0.468472
0.468297
0.468113
0.467920
0.467717
0.467505
0.467284
0.467054
0.466816
0.466570
0.466315
0.466052
0.465781
0.465504
0.465219
0.464927
0.464629
0.464325
0.464016
0.463701
0.463382
0.463059
0.462733
0.462404
0.462073
0.461740
0.461407
0.461074
0.460742
0.460412
0.460085
0.459762
0.459444
0.459133
0.458828
0.458533
0.458247
0.457973
0.457711
0.457463
0.457230
0.457014
0.456816
0.456638
0.456481
0.456345
0.456233
0.456145
0.456083
0.456048
0.456040
0.456060
0.456108
0.456185
0.456292
0.456427
0.456590
0.456782
0.457001
0.457246
0.457516
0.457810
0.458126
0.458462
0.458817
0.459188
0.459573
0.459970
0.460376
0.460791
0.461210
0.461633
0.462057
0.462481
0.462902
0.463318
0.463730
0.464134
0.464530
0.464918
0.465296
0.465663
0.466020
0.466366
0.466700
0.467023
0.467335
0.467636
0.467927
0.468206
0.468476
0.468735
0.468986
0.469227
0.469461
0.469686
0.469904
0.470115
0.470320
0.470519
0.470712
0.470900
0.471084
0.471263
0.471439
0.471611
0.471781
0.471947
0.472111
0.472273
0.472433
0.472592
0.472749
0.472905
0.473060
0.473214
0.473367
0.473520
0.473672
0.473825
0.473977
0.474128
0.474280
0.474432
0.474584
0.474736
0.474889
0.475041
0.475194
0.475347
0.475501
0.475654
0.475808
0.475962
0.476117
0.476271
0.476426
0.476581
0.476737
0.476892
0.477047
0.477203
0.477359
0.477514
0.477670
0.477825
0.477981
0.478136
0.478291
0.478446
0.478601
0.478756
0.478910
0.479063
0.479217
0.479370
0.479522
0.479674
0.479826
0.479977
0.480127
0.480277
0.480426
0.480574
0.480722
0.480869
0.481016
0.481162
0.481307
0.481451
0.481594
0.481737
0.481879
0.482020
0.482160
0.482300
0.482439
0.482577
0.482714
0.482850
0.482986
0.483121
0.483255
0.483388
0.483521
0.483653
0.483784
0.483915
0.484045
0.484174
0.484303
0.484431
0.484559
0.484686
0.484813
0.484939
0.485065
0.485190
0.485315
0.485440
0.485564
0.485688
0.485812
0.485936
0.486059
0.486182
0.486306
0.486429
0.486552
0.486675
0.486798
0.486921
0.487045
0.487168
0.487292
0.487415
0.487539
0.487664
0.487788
0.487913
0.488038
0.488164
0.488290
0.488416
0.488543
0.488670
0.488798
0.488926
0.489055
0.489185
0.489314
0.489445
0.489576
0.489708
0.489840
0.489973
0.490107
0.490241
0.490376
0.490511
0.490647
0.490784
0.490921
0.491060
0.491198
0.491338
0.491478
0.491618
0.491760
0.491902
0.492044
0.492188
0.492331
0.492476
0.492621
0.492767
0.492913
0.493059
0.493207
0.493354
0.493503
0.493651
0.493801
0.493950
0.494101
0.494251
0.494402
0.494553
0.494705
0.494857
0.495010
0.495162
0.495315
0.495469
0.495622
0.495776
0.495930
0.496085
0.496239
0.496394
0.496548
0.496703
0.496858
0.497013
0.497013
0.497169
0.497324
0.497479
0.497634
0.497790
0.497945
0.498100
0.498256
0.498411
0.498566
0.498721
0.498876
0.499031
0.499186
0.499340
0.499494
0.499649
0.499803
0.499957
0.500110
0.500264
0.500417
0.500570
0.500723
0.500875
0.501027
0.501179
0.501331
0.501482
0.501633
0.501784
0.501934
0.502085
0.502234
0.502384
0.502533
0.502681
0.502830
0.502978
0.503125
0.503273
0.503419
0.503566
0.503712
0.503858
0.504003
0.504148
0.504292
0.504436
0.504580
0.504723
0.504866
0.505008
0.505150
0.505292
0.505433
0.505574
0.505714
0.505854
0.505993
0.506132
0.506271
0.506409
0.506547
0.506684
0.506821
0.506957
0.507093
0.507229
0.507364
0.507499
0.507633
0.507767
0.507900
0.508033
0.508166
0.508298
0.508430
0.508562
0.508693
0.508823
0.508954
0.509083
0.509213
0.509342
0.509471
0.509599
0.509727
0.509854
0.509982
0.510108
0.510235
0.510361
0.510487
0.510612
0.510737
0.510861
0.510986
0.511110
0.511233
0.511357
0.511480
0.511602
0.511725
0.511847
0.511968
0.512090
0.512211
0.512332
0.512452
0.512572
0.512692
0.512812
0.512931
0.513050
0.513169
0.513288
0.513406
0.513524
0.513642
0.513760
0.513877
0.513995
0.514112
0.514228
0.514345
0.514461
0.514577
0.514693
0.514809
0.514925
0.515040
0.515155
0.515270
0.515385
0.515500
0.515615
0.515729
0.515844
0.515958
0.516072
0.516186
0.516300
0.516414
0.516527
0.516641
0.516754
0.516868
0.516981
0.517094
0.517207
0.517321
0.517434
0.517547
0.517660
0.517773
0.517886
0.517999
0.518112
0.518224
0.518337
0.518450
0.518563
0.518676
0.518789
0.518902
0.519015
0.519128
0.519241
0.519355
0.519468
0.519581
0.519695
0.519808
0.519922
0.520035
0.520149
0.520263
0.520377
0.520491
0.520605
0.520719
0.520834
0.520948
0.521063
0.521178
0.521293
0.521408
0.521524
0.521639
0.521755
0.521871
0.521987
0.522104
0.522220
0.522337
0.522454
0.522571
0.522689
0.522806
0.522924
0.523042
0.523161
0.523279
0.523398
0.523518
0.523637
0.523757
0.523877
0.523997
0.524118
0.524239
0.524360
0.524482
0.524604
0.524726
0.524848
0.524971
0.525095
0.525218
0.525342
0.525466
0.525591
0.525716
0.525841
0.525967
0.526093
0.526219
0.526346
0.526474
0.526601
0.526729
0.526858
0.526986
0.527116
0.527245
0.527375
0.527506
0.527637
0.527768
0.527900
0.528032
0.528165
0.528298
0.528431
0.528565
0.528699
0.528834
0.528969
0.529105
0.529241
0.529378
0.529515
0.529652
0.529790
0.529929
0.530068
0.530207
0.530347
0.530487
0.530628
0.530769
0.530911
0.531053
0.531196
0.531339
0.531482
0.531626
0.531771
0.531915
0.532061
0.532207
0.532353
0.532500
0.532647
0.532795
0.532943
0.533091
0.533241
0.533390
0.533540
0.533690
0.533841
0.533992
0.534144
0.534296
0.534449
0.534602
0.534755
0.534909
0.535063
0.535218
0.535373
0.535528
0.535684
0.535840
0.535997
0.536154
0.536311
0.536469
0.536627
0.536786
0.536944
0.537103
0.537263
0.537423
0.537583
0.537743
0.537904
0.538065
0.538226
0.538388
0.538549
0.538711
0.538874
0.539036
0.539199
0.539362
0.539525
0.539689
0.539852
0.540016
0.540180
0.540344
0.540509
0.540673
0.540838
0.541002
0.541167
0.541332
0.541497
0.541662
0.541827
0.541992
0.542157
0.542323
0.542488
0.542653
0.542818
0.542983
0.543149
0.543314
0.543479
0.543644
0.543808
0.543973
0.544138
0.544302
0.544466
0.544631
0.544795
0.544958
0.545122
0.545285
0.545448
0.545611
0.545774
0.545936
0.546098
0.546260
0.546421
0.546582
0.546743
0.546903
0.547063
0.547223
0.547382
0.547540
0.547699
0.547856
0.548014
0.548171
0.548327
0.548483
0.548638
0.548793
0.548947
0.549101
0.549254
0.549407
0.549558
0.549710
0.549860
0.550010
0.550160
0.550308
0.550456
0.550604
0.550750
0.550896
0.551041
0.551186
0.551329
0.551472
0.551614
0.551755
0.551896
0.552036
0.552174
0.552312
0.552450
0.552586
0.552721
0.552856
0.552990
0.553123
0.553254
0.553385
0.553516
0.553645
0.553773
0.553900
0.554027
0.554152
0.554277
0.554400
0.554523
0.554644
0.554765
0.554884
0.555003
0.555121
0.555237
0.555353
0.555467
0.555581
0.555694
0.555805
0.555916
0.556025
0.556134
0.556241
0.556348
0.556453
0.556558
0.556661
0.556763
0.556865
0.556965
0.557064
0.557162
0.557260
0.557356
0.557451
0.557545
0.557638
0.557730
0.557821
0.557911
0.558000
0.558088
0.558175
0.558261
0.558346
0.558430
0.558513
0.558596
0.558677
0.558757
0.558836
0.558914
0.558991
0.559068
0.559143
0.559217
0.559291
0.559363
0.559435
0.559506
0.559575
0.559644
0.559712
0.559780
0.559846
0.559911
0.559976
0.560040
0.560103
0.560165
0.560226
0.560287
0.560346
0.560405
0.560463
0.560521
0.560577
0.560633
0.560688
0.560743
0.560797
0.560850
0.560902
0.560954
0.561005
0.561055
0.561105
0.561154
0.561203
0.561250
0.561250
0.561298
0.561345
0.561391
0.561437
0.561482
0.561526
0.561571
0.561614
0.561658
0.561700
0.561743
0.561784
0.561826
0.561867
0.561908
0.561948
0.561988
0.562028
0.562067
0.562106
0.562145
0.562183
0.562222
0.562260
0.562297
0.562335
0.562372
0.562409
0.562446
0.562483
0.562520
0.562557
0.562593
0.562630
0.562666
0.562703
0.562739
0.562775
0.562812
0.562848
0.562885
0.562921
0.562958
0.562995
0.563031
0.563068
0.563105
0.563143
0.563180
0.563218
0.563256
0.563294
0.563332
0.563371
0.563410
0.563449
0.563488
0.563528
0.563568
0.563608
0.563649
0.563690
0.563732
0.563773
0.563816
0.563858
0.563901
0.563945
0.563988
0.564033
0.564077
0.564122
0.564167
0.564213
0.564259
0.564306
0.564353
0.564400
0.564447
0.564495
0.564543
0.564592
0.564640
0.564689
0.564738
0.564787
0.564836
0.564885
0.564933
0.564982
0.565031
0.565079
0.565127
0.565174
0.565221
0.565267
0.565313
0.565357
0.565400
0.565442
0.565483
0.565522
0.565560
0.565595
0.565628
0.565659
0.565687
0.565712
0.565734
0.565753
0.565768
0.565779
0.565785
0.565786
0.565782
0.565773
0.565757
0.565735
0.565705
0.565669
0.565624
0.565570
0.565508
0.565435
0.565352
0.565258
0.565153
0.565034
0.564903
0.564758
0.564598
0.564423
0.564232
0.564024
0.563798
0.563554
0.563290
0.563005
0.562700
0.562373
0.562022
0.561648
0.561250
0.560825
0.560375
0.559897
0.559391
0.558857
0.558292
0.557697
0.557071
0.556412
0.555721
0.554995
0.554236
0.553441
0.552610
0.551742
0.550837
0.549894
0.548913
0.547892
0.546832
0.545731
0.544590
0.543408
0.542184
0.540918
0.539610
0.538260
0.536867
0.535432
0.533954
0.532435
0.530873
0.529270
0.527626
0.525941
0.524218
0.522455
0.520656
0.518821
0.516952
0.515051
0.513120
0.511161
0.509178
0.507172
0.505148
0.503110
0.501060
0.499003
0.496945
0.494890
0.492843
0.490810
0.488798
0.486811
0.484857
0.482942
0.481072
0.479254
0.477493
0.475796
0.474168
0.472614
0.471140
0.469749
0.468444
0.467230
0.466109
0.465082
0.464150
0.463315
0.462575
0.461930
0.461380
0.460922
0.460554
0.460273
0.460077
0.459960
0.459921
0.459954
0.460056
0.460221
0.460446
0.460725
0.461053
0.461427
0.461842
0.462292
0.462774
0.463284
0.463818
0.464371
0.464942
0.465526
0.466120
0.466723
0.467331
0.467943
0.468557
0.469171
0.469784
0.470395
0.471002
0.471605
0.472203
0.472795
0.473382
0.473963
0.474538
0.475106
0.475668
0.476224
0.476773
0.477317
0.477854
0.478386
0.478912
0.479433
0.479950
0.480461
0.480969
0.481472
0.481973
0.482469
0.482963
0.483455
0.483944
0.484432
0.484918
0.485402
0.485886
0.486370
0.486853
0.487336
0.487819
0.488303
0.488787
0.489273
0.489759
0.490247
0.490737
0.491228
0.491721
0.492216
0.492714
0.493213
0.493715
0.494219
0.494726
0.495235
0.495747
0.496262
0.496779
0.497299
0.497822
0.498348
0.498876
0.499407
0.499940
0.500476
0.501015
0.501556
0.502100
0.502646
0.503195
0.503746
0.504300
0.504855
0.505413
0.505973
0.506535
0.507098
0.507664
0.508231
0.508800
0.509371
0.509943
0.510517
0.511092
0.511669
0.512246
0.512825
0.513405
0.513985
0.514567
0.515149
0.515732
0.516316
0.516900
0.517485
0.518070
0.518656
0.519241
0.519827
0.520413
0.521000
0.521586
0.522172
0.522758
0.523343
0.523928
0.524513
0.525098
0.525682
0.526266
0.526849
0.527431
0.528013
0.528594
0.529175
0.529754
0.530333
0.530910
0.531487
0.532063
0.532638
0.533211
0.533784
0.534355
0.534925
0.535494
0.536062
0.536628
0.537194
0.537757
0.538320
0.538881
0.539440
0.539999
0.540555
0.541110
0.541664
0.542216
0.542767
0.543316
0.543863
0.544409
0.544953
0.545496
0.546036
0.546576
0.547113
0.547649
0.548183
0.548715
0.549246
0.549775
0.550302
0.550827
0.551351
0.551873
0.552393
0.552911
0.553428
0.553942
0.554455
0.554966
0.555475
0.555983
0.556489
0.556992
0.557494
0.557994
0.558493
0.558989
0.559484
0.559977
0.560468
0.560957
0.561445
0.561930
0.562414
0.562896
0.563376
0.563855
0.564331
0.564806
0.565279
0.565750
0.566220
0.566687
0.567153
0.567617
0.568080
0.568540
0.568999
0.569456
0.569911
0.570365
0.570816
0.571266
0.571715
0.572161
0.572606
0.573049
0.573491
0.573930
0.574369
0.574805
0.575240
0.575673
0.576104
0.576534
0.576962
0.577388
0.577813
0.578236
0.578658
0.579078
0.579496
0.579913
0.580328
0.580742
0.581154
0.581564
0.581973
0.582380
0.582786
0.583190
0.583593
0.583994
0.584394
0.584792
0.585189
0.585584
0.585978
0.586370
0.586761
0.587151
0.587538
0.587925
0.588310
0.588694
0.589076
0.589457
0.589836
0.590214
0.590591
0.590966
0.591340
0.591713
0.592084
0.592454
0.592823
0.593190
0.593556
0.593920
0.594284
0.594646
0.595006
0.595366
0.595724
0.596081
0.596437
0.596791
0.596791
0.597144
0.597496
0.597847
0.598197
0.598545
0.598892
0.599238
0.599583
0.599926
0.600269
0.600610
0.600950
0.601289
0.601627
0.601963
0.602299
0.602633
0.602967
0.603299
0.603630
0.603960
0.604289
0.604617
0.604944
0.605269
0.605594
0.605918
0.606240
0.606562
0.606883
0.607202
0.607521
0.607838
0.608155
0.608470
0.608785
0.609098
0.609411
0.609722
0.610033
0.610343
0.610652
0.610959
0.611266
0.611572
0.611877
0.612181
0.612485
0.612787
0.613088
0.613389
0.613689
0.613987
0.614285
0.614582
0.614878
0.615174
0.615468
0.615762
0.616055
0.616347
0.616638
0.616928
0.617218
0.617506
0.617794
0.618081
0.618368
0.618653
0.618938
0.619222
0.619505
0.619788
0.620069
0.620350
0.620630
0.620910
0.621189
0.621467
0.621744
0.622020
0.622296
0.622571
0.622846
0.623119
0.623392
0.623665
0.623936
0.624207
0.624478
0.624747
0.625016
0.625284
0.625552
0.625819
0.626085
0.626351
0.626616
0.626880
0.627144
0.627407
0.627670
0.627932
0.628193
0.628454
0.628714
0.628974
0.629232
0.629491
0.629749
0.630006
0.630262
0.630518
0.630774
0.631029
0.631283
0.631537
0.631790
0.632043
0.632295
0.632546
0.632798
0.633048
0.633298
0.633548
0.633797
0.634045
0.634293
0.634540
0.634787
0.635034
0.635280
0.635525
0.635770
0.636015
0.636259
0.636502
0.636745
0.636988
0.637230
0.637472
0.637713
0.637954
0.638194
0.638434
0.638673
0.638912
0.639151
0.639389
0.639626
0.639863
0.640100
0.640337
0.640573
0.640808
0.641043
0.641278
0.641512
0.641746
0.641980
0.642213
0.642445
0.642678
0.642910
0.643141
0.643372
0.643603
0.643834
0.644064
0.644293
0.644523
0.644752
0.644980
0.645208
0.645436
0.645664
0.645891
0.646118
0.646344
0.646570
0.646796
0.647021
0.647247
0.647471
0.647696
0.647920
0.648144
0.648367
0.648590
0.648813
0.649036
0.649258
0.649480
0.649702
0.649923
0.650144
0.650365
0.650585
0.650805
0.651025
0.651244
0.651464
0.651683
0.651901
0.652120
0.652338
0.652556
0.652773
0.652991
0.653208
0.653424
0.653641
0.653857
0.654073
0.654289
0.654504
0.654719
0.654934
0.655149
0.655363
0.655578
0.655792
0.656005
0.656219
0.656432
0.656645
0.656858
0.657070
0.657283
0.657495
0.657707
0.657918
0.658130
0.658341
0.658552
0.658762
0.658973
0.659183
0.659393
0.659603
0.659813
0.660022
0.660232
0.660441
0.660649
0.660858
0.661066
0.661275
0.661483
0.661691
0.661898
0.662106
0.662313
0.662520
0.662727
0.662934
0.663140
0.663347
0.663553
0.663759
0.663964
0.664170
0.664376
0.664581
0.664786
0.664991
0.665196
0.665400
0.665605
0.665809
0.666013
0.666217
0.666421
0.666624
0.666828
0.667031
0.667234
0.667437
0.667640
0.667842
0.668045
0.668247
0.668449
0.668651
0.668853
0.669055
0.669257
0.669458
0.669659
0.669861
0.670062
0.670263
0.670463
0.670664
0.670864
0.671065
0.671265
0.671465
0.671665
0.671865
0.672064
0.672264
0.672463
0.672662
0.672862
0.673061
0.673260
0.673458
0.673657
0.673855
0.674054
0.674252
0.674450
0.674648
0.674846
0.675044
0.675242
0.675439
0.675636
0.675834
0.676031
0.676228
0.676425
0.676622
0.676819
0.677015
0.677212
0.677408
0.677604
0.677801
0.677997
0.678193
0.678388
0.678584
0.678780
0.678975
0.679171
0.679366
0.679561
0.679757
0.679952
0.680146
0.680341
0.680536
0.680731
0.680925
0.681119
0.681314
0.681508
0.681702
0.681896
0.682090
0.682284
0.682478
0.682671
0.682865
0.683058
0.683251
0.683445
0.683638
0.683831
0.684024
0.684217
0.684409
0.684602
0.684795
0.684987
0.685180
0.685372
0.685564
0.685756
0.685948
0.686140
0.686332
0.686524
0.686716
0.686907
0.687099
0.687290
0.687481
0.687673
0.687864
0.688055
0.688246
0.688437
0.688628
0.688818
0.689009
0.689199
0.689390
0.689580
0.689771
0.689961
0.690151
0.690341
0.690531
0.690721
0.690910
0.691100
0.691290
0.691479
0.691669
0.691858
0.692047
0.692236
0.692425
0.692614
0.692803
0.692992
0.693181
0.693370
0.693558
0.693747
0.693935
0.694123
0.694312
0.694500
0.694688
0.694876
0.695064
0.695251
0.695439
0.695627
0.695814
0.696002
0.696189
0.696377
0.696564
0.696751
0.696938
0.697125
0.697312
0.697499
0.697685
0.697872
0.698058
0.698245
0.698431
0.698617
0.698804
0.698990
0.699176
0.699362
0.699548
0.699733
0.699919
0.700105
0.700290
0.700475
0.700661
0.700846
0.701031
0.701216
0.701401
0.701586
0.701771
0.701955
0.702140
0.702325
0.702509
0.702693
0.702878
0.703062
0.703246
0.703430
0.703614
0.703797
0.703981
0.704165
0.704348
0.704532
0.704715
0.704898
0.705081
0.705264
0.705447
0.705630
0.705813
0.705995
0.706178
0.706360
0.706543
0.706725
0.706907
0.707089
0.707271
0.707453
0.707635
0.707817
0.707998
0.708180
0.708361
0.708543
0.708724
0.708905
0.709086
0.709267
0.709448
0.709628
0.709628
0.709809
0.709989
0.710170
0.710350
0.710530
0.710710
0.710890
0.711070
0.711250
0.711430
0.711609
0.711789
0.711968
0.712147
0.712326
0.712505
0.712684
0.712863
0.713042
0.713220
0.713399
0.713577
0.713755
0.713934
0.714112
0.714290
0.714467
0.714645
0.714823
0.715000
0.715178
0.715355
0.715532
0.715709
0.715886
0.716063
0.716239
0.716416
0.716592
0.716769
0.716945
0.717121
0.717297
0.717473
0.717649
0.717824
0.718000
0.718175
0.718351
0.718526
0.718701
0.718876
0.719050
0.719225
0.719400
0.719574
0.719748
0.719922
0.720097
0.720270
0.720444
0.720618
0.720791
0.720965
0.721138
0.721311
0.721484
0.721657
0.721830
0.722003
0.722175
0.722347
0.722520
0.722692
0.722864
0.723036
0.723207
0.723379
0.723550
0.723722
0.723893
0.724064
0.724235
0.724406
0.724576
0.724747
0.724917
0.725087
0.725258
0.725427
0.725597
0.725767
0.725937
0.726106
0.726275
0.726444
0.726613
0.726782
0.726951
0.727119
0.727288
0.727456
0.727624
0.727792
0.727960
0.728128
0.728295
0.728463
0.728630
0.728797
0.728964
0.729131
0.729297
0.729464
0.729630
0.729796
0.729962
0.730128
0.730294
0.730460
0.730625
0.730790
0.730956
0.731121
0.731285
0.731450
0.731615
0.731779
0.731943
0.732107
0.732271
0.732435
0.732599
0.732762
0.732925
0.733088
0.733251
0.733414
0.733577
0.733739
0.733902
0.734064
0.734226
0.734388
0.734549
0.734711
0.734872
0.735034
0.735195
0.735355
0.735516
0.735677
0.735837
0.735997
0.736157
0.736317
0.736477
0.736637
0.736796
0.736955
0.737114
0.737273
0.737432
0.737590
0.737749
0.737907
0.738065
0.738223
0.738381
0.738538
0.738696
0.738853
0.739010
0.739167
0.739323
0.739480
0.739636
0.739792
0.739948
0.740104
0.740260
0.740415
0.740570
0.740726
0.740880
0.741035
0.741190
0.741344
0.741498
0.741652
0.741806
0.741960
0.742114
0.742267
0.742420
0.742573
0.742726
0.742878
0.743031
0.743183
0.743335
0.743487
0.743639
0.743790
0.743942
0.744093
0.744244
0.744395
0.744545
0.744696
0.744846
0.744996
0.745146
0.745296
0.745445
0.745595
0.745744
0.745893
0.746041
0.746190
0.746338
0.746487
0.746635
0.746783
0.746930
0.747078
0.747225
0.747372
0.747519
0.747666
0.747812
0.747959
0.748105
0.748251
0.748396
0.748542
0.748687
0.748833
0.748978
0.749122
0.749267
0.749411
0.749556
0.749700
0.749844
0.749987
0.750131
0.750274
0.750417
0.750560
0.750703
0.750845
0.750988
0.751130
0.751272
0.751413
0.751555
0.751696
0.751838
0.751979
0.752119
0.752260
0.752400
0.752540
0.752680
0.752820
0.752960
0.753099
0.753238
0.753377
0.753516
0.753655
0.753793
0.753932
0.754070
0.754207
0.754345
0.754482
0.754620
0.754757
0.754894
0.755030
0.755167
0.755303
0.755439
0.755575
0.755711
0.755846
0.755981
0.756116
0.756251
0.756386
0.756520
0.756655
0.756789
0.756923
0.757056
0.757190
0.757323
0.757456
0.757589
0.757722
0.757854
0.757986
0.758118
0.758250
0.758382
0.758513
0.758645
0.758776
0.758907
0.759037
0.759168
0.759298
0.759428
0.759558
0.759688
0.759817
0.759946
0.760075
0.760204
0.760333
0.760461
0.760590
0.760718
0.760846
0.760973
0.761101
0.761228
0.761355
0.761482
0.761609
0.761735
0.761861
0.761987
0.762113
0.762239
0.762364
0.762490
0.762615
0.762740
0.762864
0.762989
0.763113
0.763237
0.763361
0.763484
0.763608
0.763731
0.763854
0.763977
0.764100
0.764222
0.764344
0.764466
0.764588
0.764710
0.764831
0.764952
0.765073
0.765194
0.765315
0.765435
0.765556
0.765676
0.765795
0.765915
0.766034
0.766154
0.766273
0.766392
0.766510
0.766629
0.766747
0.766865
0.766983
0.767100
0.767218
0.767335
0.767452
0.767569
0.767685
0.767802
0.767918
0.768034
0.768150
0.768266
0.768381
0.768496
0.768611
0.768726
0.768841
0.768955
0.769069
0.769183
0.769297
0.769411
0.769524
0.769638
0.769751
0.769863
0.769976
0.770089
0.770201
0.770313
0.770425
0.770536
0.770648
0.770759
0.770870
0.770981
0.771092
0.771202
0.771313
0.771423
0.771533
0.771642
0.771752
0.771861
0.771970
0.772079
0.772188
0.772296
0.772405
0.772513
0.772621
0.772729
0.772836
0.772943
0.773051
0.773158
0.773264
0.773371
0.773477
0.773584
0.773690
0.773795
0.773901
0.774006
0.774112
0.774217
0.774322
0.774426
0.774531
0.774635
0.774739
0.774843
0.774947
0.775050
0.775153
0.775257
0.775359
0.775462
0.775565
0.775667
0.775769
0.775871
0.775973
0.776075
0.776176
0.776277
0.776378
0.776479
0.776580
0.776680
0.776781
0.776881
0.776981
0.777080
0.777180
0.777279
0.777378
0.777477
0.777576
0.777675
0.777773
0.777871
0.777969
0.778067
0.778165
0.778262
0.778360
0.778457
0.778554
0.778651
0.778747
0.778843
0.778940
0.779036
0.779132
0.779227
0.779323
0.779418
0.779513
0.779608
0.779703
0.779797
0.779892
0.779986
0.779986
0.780080
0.780174
0.780267
0.780361
0.780454
0.780547
0.780640
0.780733
0.780825
0.780918
0.781010
0.781102
0.781194
0.781285
0.781377
0.781468
0.781559
0.781650
0.781741
0.781832
0.781922
0.782012
0.782102
0.782192
0.782282
0.782371
0.782461
0.782550
0.782639
0.782728
0.782817
0.782905
0.782993
0.783081
0.783169
0.783257
0.783345
0.783432
0.783520
0.783607
0.783694
0.783780
0.783867
0.783953
0.784040
0.784126
0.784212
0.784297
0.784383
0.784468
0.784553
0.784638
0.784723
0.784808
0.784893
0.784977
0.785061
0.785145
0.785229
0.785313
0.785396
0.785480
0.785563
0.785646
0.785729
0.785811
0.785894
0.785976
0.786059
0.786141
0.786222
0.786304
0.786386
0.786467
0.786548
0.786629
0.786710
0.786791
0.786871
0.786952
0.787032
0.787112
0.787192
0.787272
0.787351
0.787431
0.787510
0.787589
0.787668
0.787747
0.787825
0.787904
0.787982
0.788060
0.788138
0.788216
0.788294
0.788371
0.788449
0.788526
0.788603
0.788680
0.788756
0.788833
0.788909
0.788986
0.789062
0.789138
0.789213
0.789289
0.789364
0.789440
0.789515
0.789590
0.789665
0.789739
0.789814
0.789888
0.789962
0.790037
0.790110
0.790184
0.790258
0.790331
0.790405
0.790478
0.790551
0.790624
0.790696
0.790769
0.790841
0.790913
0.790986
0.791058
0.791129
0.791201
0.791272
0.791344
0.791415
0.791486
0.791557
0.791628
0.791698
0.791769
0.791839
0.791909
0.791979
0.792049
0.792119
0.792189
0.792258
0.792327
0.792396
0.792465
0.792534
0.792603
0.792672
0.792740
0.792808
0.792877
0.792945
0.793012
0.793080
0.793148
0.793215
0.793282
0.793350
0.793417
0.793483
0.793550
0.793617
0.793683
0.793749
0.793816
0.793882
0.793948
0.794013
0.794079
0.794144
0.794210
0.794275
0.794340
0.794405
0.794470
0.794534
0.794599
0.794663
0.794727
0.794791
0.794855
0.794919
0.794983
0.795047
0.795110
0.795173
0.795236
0.795299
0.795362
0.795425
0.795488
0.795550
0.795612
0.795675
0.795737
0.795799
0.795860
0.795922
0.795984
0.796045
0.796106
0.796168
0.796229
0.796289
0.796350
0.796411
0.796471
0.796532
0.796592
0.796652
0.796712
0.796772
0.796832
0.796891
0.796951
0.797010
0.797069
0.797128
0.797187
0.797246
0.797305
0.797364
0.797422
0.797480
0.797539
0.797597
0.797655
0.797712
0.797770
0.797828
0.797885
0.797942
0.798000
0.798057
0.798114
0.798171
0.798227
0.798284
0.798340
0.798397
0.798453
0.798509
0.798565
0.798621
0.798677
0.798732
0.798788
0.798843
0.798898
0.798953
0.799008
0.799063
0.799118
0.799173
0.799227
0.799282
0.799336
0.799390
0.799444
0.799498
0.799552
0.799606
0.799659
0.799713
0.799766
0.799819
0.799873
0.799926
0.799978
0.800031
0.800084
0.800136
0.800189
0.800241
0.800293
0.800345
0.800397
0.800449
0.800501
0.800553
0.800604
0.800656
0.800707
0.800758
0.800809
0.800860
0.800911
0.800962
0.801012
0.801063
0.801113
0.801163
0.801214
0.801264
0.801314
0.801363
0.801413
0.801463
0.801512
0.801562
0.801611
0.801660
0.801709
0.801758
0.801807
0.801856
0.801904
0.801953
0.802001
0.802050
0.802098
0.802146
0.802194
0.802242
0.802290
0.802337
0.802385
0.802432
0.802480
0.802527
0.802574
0.802621
0.802668
0.802715
0.802762
0.802808
0.802855
0.802901
0.802947
0.802994
0.803040
0.803086
0.803132
0.803177
0.803223
0.803269
0.803314
0.803359
0.803405
0.803450
0.803495
0.803540
0.803585
0.803630
0.803674
0.803719
0.803763
0.803808
0.803852
0.803896
0.803940
0.803984
0.804028
0.804072
0.804115
0.804159
0.804202
0.804246
0.804289
0.804332
0.804375
0.804418
0.804461
0.804504
0.804547
0.804589
0.804632
0.804674
0.804717
0.804759
0.804801
0.804843
0.804885
0.804927
0.804968
0.805010
0.805052
0.805093
0.805134
0.805176
0.805217
0.805258
0.805299
0.805340
0.805380
0.805421
0.805462
0.805502
0.805543
0.805583
0.805623
0.805663
0.805703
0.805743
0.805783
0.805823
0.805863
0.805902
0.805942
0.805981
0.806020
0.806060
0.806099
0.806138
0.806177
0.806216
0.806254
0.806293
0.806332
0.806370
0.806409
0.806447
0.806485
0.806523
0.806561
0.806599
0.806637
0.806675
0.806713
0.806750
0.806788
0.806825
0.806863
0.806900
0.806937
0.806974
0.807011
0.807048
0.807085
0.807122
0.807159
0.807195
0.807232
0.807268
0.807304
0.807341
0.807377
0.807413
0.807449
0.807485
0.807521
0.807556
0.807592
0.807627
0.807663
0.807698
0.807734
0.807769
0.807804
0.807839
0.807874
0.807909
0.807944
0.807979
0.808013
0.808048
0.808082
0.808117
0.808151
0.808185
0.808219
0.808254
0.808288
0.808321
0.808355
0.808389
0.808423
0.808456
0.808490
0.808523
0.808557
0.808590
0.808623
0.808656
0.808689
0.808722
0.808755
0.808788
0.808821
0.808853
0.808886
0.808918
0.808951
0.808983
0.809015
0.809048
0.809080
0.809112
0.809144
0.809176
0.809176
0.809207
0.809239
0.809271
0.809302
0.809334
0.809365
0.809397
0.809428
0.809459
0.809490
0.809521
0.809552
0.809583
0.809614
0.809645
0.809675
0.809706
0.809736
0.809767
0.809797
0.809828
0.809858
0.809888
0.809918
0.809948
0.809978
0.810008
0.810038
0.810067
0.810097
0.810126
0.810156
0.810185
0.810215
0.810244
0.810273
0.810302
0.810331
0.810360
0.810389
0.810418
0.810447
0.810476
0.810504
0.810533
0.810561
0.810590
0.810618
0.810646
0.810675
0.810703
0.810731
0.810759
0.810787
0.810815
0.810842
0.810870
0.810898
0.810925
0.810953
0.810980
0.811008
0.811035
0.811062
0.811089
0.811117
0.811144
0.811171
0.811197
0.811224
0.811251
0.811278
0.811304
0.811331
0.811357
0.811384
0.811410
0.811437
0.811463
0.811489
0.811515
0.811541
0.811567
0.811593
0.811619
0.811645
0.811670
0.811696
0.811722
0.811747
0.811773
0.811798
0.811823
0.811848
0.811874
0.811899
0.811924
0.811949
0.811974
0.811999
0.812023
0.812048
0.812073
0.812097
0.812122
0.812147
0.812171
0.812195
0.812220
0.812244
0.812268
0.812292
0.812316
0.812340
0.812364
0.812388
0.812412
0.812436
0.812459
0.812483
0.812506
0.812530
0.812553
0.812577
0.812600
0.812623
0.812646
0.812670
0.812693
0.812716
0.812739
0.812762
0.812784
0.812807
0.812830
0.812853
0.812875
0.812898
0.812920
0.812943
0.812965
0.812987
0.813009
0.813032
0.813054
0.813076
0.813098
0.813120
0.813142
0.813163
0.813185
0.813207
0.813229
0.813250
0.813272
0.813293
0.813315
0.813336
0.813357
0.813379
0.813400
0.813421
0.813442
0.813463
0.813484
0.813505
0.813526
0.813547
0.813567
0.813588
0.813609
0.813629
0.813650
0.813670
0.813691
0.813711
0.813731
0.813752
0.813772
0.813792
0.813812
0.813832
0.813852
0.813872
0.813892
0.813912
0.813931
0.813951
0.813971
0.813990
0.814010
0.814029
0.814049
0.814068
0.814087
0.814107
0.814126
0.814145
0.814164
0.814183
0.814202
0.814221
0.814240
0.814259
0.814278
0.814296
0.814315
0.814334
0.814352
0.814371
0.814389
0.814408
0.814426
0.814444
0.814463
0.814481
0.814499
0.814517
0.814535
0.814553
0.814571
0.814589
0.814607
0.814625
0.814643
0.814660
0.814678
0.814696
0.814713
0.814731
0.814748
0.814766
0.814783
0.814800
0.814818
0.814835
0.814852
0.814869
0.814886
0.814903
0.814920
0.814937
0.814954
0.814971
0.814988
0.815004
0.815021
0.815038
0.815054
0.815071
0.815087
0.815104
0.815120
0.815136
0.815153
0.815169
0.815185
0.815201
0.815217
0.815233
0.815249
0.815265
0.815281
0.815297
0.815313
0.815329
0.815344
0.815360
0.815376
0.815391
0.815407
0.815422
0.815438
0.815453
0.815469
0.815484
0.815499
0.815514
0.815530
0.815545
0.815560
0.815575
0.815590
0.815605
0.815620
0.815635
0.815649
0.815664
0.815679
0.815693
0.815708
0.815723
0.815737
0.815752
0.815766
0.815781
0.815795
0.815809
0.815824
0.815838
0.815852
0.815866
0.815880
0.815894
0.815908
0.815922
0.815936
0.815950
0.815964
0.815978
0.815991
0.816005
0.816019
0.816033
0.816046
0.816060
0.816073
0.816087
0.816100
0.816113
0.816127
0.816140
0.816153
0.816166
0.816180
0.816193
0.816206
0.816219
0.816232
0.816245
0.816258
0.816271
0.816283
0.816296
0.816309
0.816322
0.816334
0.816347
0.816360
0.816372
0.816385
0.816397
0.816409
0.816422
0.816434
0.816446
0.816459
0.816471
0.816483
0.816495
0.816507
0.816519
0.816531
0.816543
0.816555
0.816567
0.816579
0.816591
0.816603
0.816615
0.816626
0.816638
0.816650
0.816661
0.816673
0.816684
0.816696
0.816707
0.816718
0.816730
0.816741
0.816752
0.816764
0.816775
0.816786
0.816797
0.816808
0.816819
0.816830
0.816841
0.816852
0.816863
0.816874
0.816885
0.816896
0.816906
0.816917
0.816928
0.816938
0.816949
0.816960
0.816970
0.816981
0.816991
0.817001
0.817012
0.817022
0.817033
0.817043
0.817053
0.817063
0.817073
0.817083
0.817094
0.817104
0.817114
0.817124
0.817134
0.817144
0.817153
0.817163
0.817173
0.817183
0.817193
0.817202
0.817212
0.817222
0.817231
0.817241
0.817250
0.817260
0.817269
0.817279
0.817288
0.817297
0.817307
0.817316
0.817325
0.817334
0.817344
0.817353
0.817362
0.817371
0.817380
0.817389
0.817398
0.817407
0.817416
0.817425
0.817433
0.817442
0.817451
0.817460
0.817468
0.817477
0.817486
0.817494
0.817503
0.817511
0.817520
0.817528
0.817537
0.817545
0.817554
0.817562
0.817570
0.817579
0.817587
0.817595
0.817603
0.817611
0.817619
0.817628
0.817636
0.817644
0.817652
0.817660
0.817667
0.817675
0.817683
0.817691
0.817699
0.817707
0.817714
0.817722
0.817730
0.817737
0.817745
0.817752
0.817760
0.817767
0.817775
0.817782
0.817790
0.817797
0.817805
0.817812
0.817819
0.817826
0.817834
0.817841
0.817848
0.817855
0.817862
0.817869
0.817876
0.817883
0.817890
0.817897
0.817897
0.817904
0.817911
0.817918
0.817925
0.817932
0.817939
0.817945
0.817952
0.817959
0.817965
0.817972
0.817979
0.817985
0.817992
0.817998
0.818005
0.818011
0.818018
0.818024
0.818030
0.818037
0.818043
0.818049
0.818056
0.818062
0.818068
0.818074
0.818080
0.818086
0.818092
0.818099
0.818105
0.818111
0.818117
0.818122
0.818128
0.818134
0.818140
0.818146
0.818152
0.818158
0.818163
0.818169
0.818175
0.818180
0.818186
0.818192
0.818197
0.818203
0.818208
0.818214
0.818219
0.818225
0.818230
0.818235
0.818241
0.818246
0.818251
0.818257
0.818262
0.818267
0.818272
0.818278
0.818283
0.818288
0.818293
0.818298
0.818303
0.818308
0.818313
0.818318
0.818323
0.818328
0.818333
0.818338
0.818342
0.818347
0.818352
0.818357
0.818362
0.818366
0.818371
0.818376
0.818380
0.818385
0.818389
0.818394
0.818398
0.818403
0.818407
0.818412
0.818416
0.818421
0.818425
0.818429
0.818434
0.818438
0.818442
0.818447
0.818451
0.818455
0.818459
0.818463
0.818468
0.818472
0.818476
0.818480
0.818484
0.818488
0.818492
0.818496
0.818500
0.818504
0.818507
0.818511
0.818515
0.818519
0.818523
0.818526
0.818530
0.818534
0.818538
0.818541
0.818545
0.818549
0.818552
0.818556
0.818559
0.818563
0.818566
0.818570
0.818573
0.818577
0.818580
0.818584
0.818587
0.818590
0.818594
0.818597
0.818600
0.818603
0.818607
0.818610
0.818613
0.818616
0.818619
0.818622
0.818625
0.818629
0.818632
0.818635
0.818638
0.818641
0.818644
0.818647
0.818649
0.818652
0.818655
0.818658
0.818661
0.818664
0.818666
0.818669
0.818672
0.818675
0.818677
0.818680
0.818683
0.818685
0.818688
0.818690
0.818693
0.818696
0.818698
0.818701
0.818703
0.818706
0.818708
0.818710
0.818713
0.818715
0.818718
0.818720
0.818722
0.818724
0.818727
0.818729
0.818731
0.818733
0.818736
0.818738
0.818740
0.818742
0.818744
0.818746
0.818748
0.818750
0.818752
0.818754
0.818756
0.818758
0.818760
0.818762
0.818764
0.818766
0.818768
0.818770
0.818771
0.818773
0.818775
0.818777
0.818779
0.818780
0.818782
0.818784
0.818785
0.818787
0.818789
0.818790
0.818792
0.818793
0.818795
0.818796
0.818798
0.818799
0.818801
0.818802
0.818804
0.818805
0.818807
0.818808
0.818809
0.818811
0.818812
0.818813
0.818814
0.818816
0.818817
0.818818
0.818819
0.818821
0.818822
0.818823
0.818824
0.818825
0.818826
0.818827
0.818828
0.818829
0.818830
0.818831
0.818832
0.818833
0.818834
0.818835
0.818836
0.818837
0.818838
0.818839
0.818840
0.818840
0.818841
0.818842
0.818843
0.818843
0.818844
0.818845
0.818846
0.818846
0.818847
0.818848
0.818848
0.818849
0.818849
0.818850
0.818850
0.818851
0.818852
0.818852
0.818852
0.818853
0.818853
0.818854
0.818854
0.818855
0.818855
0.818855
0.818856
0.818856
0.818856
0.818857
0.818857
0.818857
0.818857
0.818858
0.818858
0.818858
0.818858
0.818858
0.818859
0.818859
0.818859
0.818859
0.818859
0.818859
0.818859
0.818859
0.818859
0.818859
0.818859
0.818859
0.818859
0.818859
0.818859
0.818859
0.818859
0.818859
0.818858
0.818858
0.818858
0.818858
0.818858
0.818857
0.818857
0.818857
0.818857
0.818856
0.818856
0.818856
0.818855
0.818855
0.818855
0.818854
0.818854
0.818854
0.818853
0.818853
0.818852
0.818852
0.818851
0.818851
0.818850
0.818850
0.818849
0.818849
0.818848
0.818847
0.818847
0.818846
0.818846
0.818845
0.818844
0.818844
0.818843
0.818842
0.818841
0.818841
0.818840
0.818839
0.818838
0.818838
0.818837
0.818836
0.818835
0.818834
0.818833
0.818832
0.818831
0.818831
0.818830
0.818829
0.818828
0.818827
0.818826
0.818825
0.818824
0.818823
0.818822
0.818821
0.818820
0.818818
0.818817
0.818816
0.818815
0.818814
0.818813
0.818812
0.818811
0.818809
0.818808
0.818807
0.818806
0.818804
0.818803
0.818802
0.818801
0.818799
0.818798
0.818797
0.818795
0.818794
0.818793
0.818791
0.818790
0.818788
0.818787
0.818785
0.818784
0.818783
0.818781
0.818780
0.818778
0.818777
0.818775
0.818774
0.818772
0.818770
0.818769
0.818767
0.818766
0.818764
0.818762
0.818761
0.818759
0.818757
0.818756
0.818754
0.818752
0.818751
0.818749
0.818747
0.818745
0.818744
0.818742
0.818740
0.818738
0.818736
0.818735
0.818733
0.818731
0.818729
0.818727
0.818725
0.818723
0.818721
0.818719
0.818718
0.818716
0.818714
0.818712
0.818710
0.818708
0.818706
0.818704
0.818702
0.818699
0.818697
0.818695
0.818693
0.818691
0.818689
0.818687
0.818685
0.818683
0.818681
0.818678
0.818676
0.818674
0.818672
0.818670
0.818667
0.818665
0.818663
0.818661
0.818658
0.818656
0.818654
0.818651
0.818649
0.818647
0.818645
0.818642
0.818640
0.818637
0.818635
0.818633
0.818630
0.818628
0.818625
0.818623
0.818621
0.818618
0.818616
0.818613
0.818611
0.818608
0.818606
0.818603
0.818601
0.818601
0.818598
0.818595
0.818593
0.818590
0.818588
0.818585
0.818583
0.818580
0.818577
0.818575
0.818572
0.818569
0.818567
0.818564
0.818561
0.818559
0.818556
0.818553
0.818550
0.818548
0.818545
0.818542
0.818539
0.818537
0.818534
0.818531
0.818528
0.818525
0.818523
0.818520
0.818517
0.818514
0.818511
0.818508
0.818505
0.818502
0.818500
0.818497
0.818494
0.818491
0.818488
0.818485
0.818482
0.818479
0.818476
0.818473
0.818470
0.818467
0.818464
0.818461
0.818458
0.818455
0.818452
0.818448
0.818445
0.818442
0.818439
0.818436
0.818433
0.818430
0.818427
0.818424
0.818420
0.818417
0.818414
0.818411
0.818408
0.818404
0.818401
0.818398
0.818395
0.818391
0.818388
0.818385
0.818382
0.818378
0.818375
0.818372
0.818369
0.818365
0.818362
0.818359
0.818355
0.818352
0.818348
0.818345
0.818342
0.818338
0.818335
0.818332
0.818328
0.818325
0.818321
0.818318
0.818314
0.818311
0.818307
0.818304
0.818301
0.818297
0.818294
0.818290
0.818287
0.818283
0.818279
0.818276
0.818272
0.818269
0.818265
0.818262
0.818258
0.818255
0.818251
0.818247
0.818244
0.818240
0.818236
0.818233
0.818229
0.818225
0.818222
0.818218
0.818214
0.818211
0.818207
0.818203
0.818200
0.818196
0.818192
0.818188
0.818185
0.818181
0.818177
0.818173
0.818170
0.818166
0.818162
0.818158
0.818155
0.818151
0.818147
0.818143
0.818139
0.818135
0.818132
0.818128
0.818124
0.818120
0.818116
0.818112
0.818108
0.818104
0.818100
0.818097
0.818093
0.818089
0.818085
0.818081
0.818077
0.818073
0.818069
0.818065
0.818061
0.818057
0.818053
0.818049
0.818045
0.818041
0.818037
0.818033
0.818029
0.818025
0.818021
0.818017
0.818013
0.818008
0.818004
0.818000
0.817996
0.817992
0.817988
0.817984
0.817980
0.817976
0.817971
0.817967
0.817963
0.817959
0.817955
0.817951
0.817946
0.817942
0.817938
0.817934
0.817930
0.817925
0.817921
0.817917
0.817913
0.817909
0.817904
0.817900
0.817896
0.817891
0.817887
0.817883
0.817879
0.817874
0.817870
0.817866
0.817861
0.817857
0.817853
0.817848
0.817844
0.817840
0.817835
0.817831
0.817827
0.817822
0.817818
0.817814
0.817809
0.817805
0.817800
0.817796
0.817792
0.817787
0.817783
0.817778
0.817774
0.817769
0.817765
0.817760
0.817756
0.817752
0.817747
0.817743
0.817738
0.817734
0.817729
0.817725
0.817720
0.817716
0.817711
0.817707
0.817702
0.817697
0.817693
0.817688
0.817684
0.817679
0.817675
0.817670
0.817666
0.817661
0.817656
0.817652
0.817647
0.817643
0.817638
0.817633
0.817629
0.817624
0.817619
0.817615
0.817610
0.817606
0.817601
0.817596
0.817592
0.817587
0.817582
0.817577
0.817573
0.817568
0.817563
0.817559
0.817554
0.817549
0.817545
0.817540
0.817535
0.817530
0.817526
0.817521
0.817516
0.817511
0.817507
0.817502
0.817497
0.817492
0.817487
0.817483
0.817478
0.817473
0.817468
0.817463
0.817459
0.817454
0.817449
0.817444
0.817439
0.817435
0.817430
0.817425
0.817420
0.817415
0.817410
0.817405
0.817400
0.817396
0.817391
0.817386
0.817381
0.817376
0.817371
0.817366
0.817361
0.817356
0.817351
0.817347
0.817342
0.817337
0.817332
0.817327
0.817322
0.817317
0.817312
0.817307
0.817302
0.817297
0.817292
0.817287
0.817282
0.817277
0.817272
0.817267
0.817262
0.817257
0.817252
0.817247
0.817242
0.817237
0.817232
0.817227
0.817222
0.817217
0.817212
0.817207
0.817202
0.817197
0.817192
0.817187
0.817181
0.817176
0.817171
0.817166
0.817161
0.817156
0.817151
0.817146
0.817141
0.817136
0.817130
0.817125
0.817120
0.817115
0.817110
0.817105
0.817100
0.817095
0.817089
0.817084
0.817079
0.817074
0.817069
0.817064
0.817058
0.817053
0.817048
0.817043
0.817038
0.817032
0.817027
0.817022
0.817017
0.817012
0.817006
0.817001
0.816996
0.816991
0.816986
0.816980
0.816975
0.816970
0.816965
0.816959
0.816954
0.816949
0.816944
0.816938
0.816933
0.816928
0.816923
0.816917
0.816912
0.816907
0.816901
0.816896
0.816891
0.816886
0.816880
0.816875
0.816870
0.816864
0.816859
0.816854
0.816848
0.816843
0.816838
0.816832
0.816827
0.816822
0.816816
0.816811
0.816806
0.816800
0.816795
0.816790
0.816784
0.816779
0.816774
0.816768
0.816763
0.816757
0.816752
0.816747
0.816741
0.816736
0.816730
0.816725
0.816720
0.816714
0.816709
0.816703
0.816698
0.816693
0.816687
0.816682
0.816676
0.816671
0.816666
0.816660
0.816655
0.816649
0.816644
0.816638
0.816633
0.816627
0.816622
0.816616
0.816611
0.816606
0.816600
0.816595
0.816589
0.816584
0.816578
0.816573
0.816567
0.816562
0.816556
0.816551
0.816545
0.816540
0.816534
0.816529
0.816523
0.816518
0.816512
0.816507
0.816501
0.816496
0.816490
0.816485
0.816479
0.816474
0.816468
0.816462
0.816457
0.816451
0.816446
0.816440
0.816435
0.816429
0.816424
0.816418
0.816412
0.816412
0.816407
0.816401
0.816396
0.816390
0.816385
0.816379
0.816373
0.816368
0.816362
0.816357
0.816351
0.816346
0.816340
0.816334
0.816329
0.816323
0.816318
0.816312
0.816306
0.816301
0.816295
0.816289
0.816284
0.816278
0.816273
0.816267
0.816261
0.816256
0.816250
0.816244
0.816239
0.816233
0.816228
0.816222
0.816216
0.816211
0.816205
0.816199
0.816194
0.816188
0.816182
0.816177
0.816171
0.816165
0.816160
0.816154
0.816148
0.816143
0.816137
0.816131
0.816126
0.816120
0.816114
0.816109
0.816103
0.816097
0.816091
0.816086
0.816080
0.816074
0.816069
0.816063
0.816057
0.816052
0.816046
0.816040
0.816034
0.816029
0.816023
0.816017
0.816012
0.816006
0.816000
0.815994
0.815989
0.815983
0.815977
0.815971
0.815966
0.815960
0.815954
0.815948
0.815943
0.815937
0.815931
0.815925
0.815920
0.815914
0.815908
0.815902
0.815897
0.815891
0.815885
0.815879
0.815874
0.815868
0.815862
0.815856
0.815851
0.815845
0.815839
0.815833
0.815827
0.815822
0.815816
0.815810
0.815804
0.815799
0.815793
0.815787
0.815781
0.815775
0.815770
0.815764
0.815758
0.815752
0.815746
0.815741
0.815735
0.815729
0.815723
0.815717
0.815712
0.815706
0.815700
0.815694
0.815688
0.815682
0.815677
0.815671
0.815665
0.815659
0.815653
0.815648
0.815642
0.815636
0.815630
0.815624
0.815618
0.815613
0.815607
0.815601
0.815595
0.815589
0.815583
0.815578
0.815572
0.815566
0.815560
0.815554
0.815548
0.815542
0.815537
0.815531
0.815525
0.815519
0.815513
0.815507
0.815501
0.815496
0.815490
0.815484
0.815478
0.815472
0.815466
0.815460
0.815455
0.815449
0.815443
0.815437
0.815431
0.815425
0.815419
0.815413
0.815408
0.815402
0.815396
0.815390
0.815384
0.815378
0.815372
0.815366
0.815361
0.815355
0.815349
0.815343
0.815337
0.815331
0.815325
0.815319
0.815313
0.815308
0.815302
0.815296
0.815290
0.815284
0.815278
0.815272
0.815266
0.815260
0.815254
0.815249
0.815243
0.815237
0.815231
0.815225
0.815219
0.815213
0.815207
0.815201
0.815195
0.815189
0.815184
0.815178
0.815172
0.815166
0.815160
0.815154
0.815148
0.815142
0.815136
0.815130
0.815124
0.815118
0.815113
0.815107
0.815101
0.815095
0.815089
0.815083
0.815077
0.815071
0.815065
0.815059
0.815053
0.815047
0.815041
0.815035
0.815030
0.815024
0.815018
0.815012
0.815006
0.815000
0.814994
0.814988
0.814982
0.814976
0.814970
0.814964
0.814958
0.814952
0.814946
0.814941
0.814935
0.814929
0.814923
0.814917
0.814911
0.814905
0.814899
0.814893
0.814887
0.814881
0.814875
0.814869
0.814863
0.814857
0.814851
0.814845
0.814839
0.814833
0.814828
0.814822
0.814816
0.814810
0.814804
0.814798
0.814792
0.814786
0.814780
0.814774
0.814768
0.814762
0.814756
0.814750
0.814744
0.814738
0.814732
0.814726
0.814720
0.814714
0.814708
0.814703
0.814697
0.814691
0.814685
0.814679
0.814673
0.814667
0.814661
0.814655
0.814649
0.814643
0.814637
0.814631
0.814625
0.814619
0.814613
0.814607
0.814601
0.814595
0.814589
0.814583
0.814577
0.814571
0.814565
0.814559
0.814553
0.814548
0.814542
0.814536
0.814530
0.814524
0.814518
0.814512
0.814506
0.814500
0.814494
0.814488
0.814482
0.814476
0.814470
0.814464
0.814458
0.814452
0.814446
0.814440
0.814434
0.814428
0.814422
0.814416
0.814410
0.814404
0.814398
0.814392
0.814386
0.814380
0.814375
0.814369
0.814363
0.814357
0.814351
0.814345
0.814339
0.814333
0.814327
0.814321
0.814315
0.814309
0.814303
0.814297
0.814291
0.814285
0.814279
0.814273
0.814267
0.814261
0.814255
0.814249
0.814243
0.814237
0.814231
0.814225
0.814219
0.814213
0.814207
0.814202
0.814196
0.814190
0.814184
0.814178
0.814172
0.814166
0.814160
0.814154
0.814148
0.814142
0.814136
0.814130
0.814124
0.814118
0.814112
0.814106
0.814100
0.814094
0.814088
0.814082
0.814076
0.814070
0.814064
0.814058
0.814052
0.814047
0.814041
0.814035
0.814029
0.814023
0.814017
0.814011
0.814005
0.813999
0.813993
0.813987
0.813981
0.813975
0.813969
0.813963
0.813957
0.813951
0.813945
0.813939
0.813933
0.813927
0.813921
0.813915
0.813910
0.813904
0.813898
0.813892
0.813886
0.813880
0.813874
0.813868
0.813862
0.813856
0.813850
0.813844
0.813838
0.813832
0.813826
0.813820
0.813814
0.813808
0.813802
0.813797
0.813791
0.813785
0.813779
0.813773
0.813767
0.813761
0.813755
0.813749
0.813743
0.813737
0.813731
0.813725
0.813719
0.813713
0.813707
0.813701
0.813696
0.813690
0.813684
0.813678
0.813672
0.813666
0.813660
0.813654
0.813648
0.813642
0.813636
0.813630
0.813624
0.813618
0.813612
0.813607
0.813601
0.813595
0.813589
0.813583
0.813577
0.813571
0.813565
0.813559
0.813553
0.813547
0.813541
0.813535
0.813530
0.813524
0.813518
0.813512
0.813506
0.813500
0.813494
0.813488
0.813482
0.813482
0.813476
0.813470
0.813464
0.813459
0.813453
0.813447
0.813441
0.813435
0.813429
0.813423
0.813417
0.813411
0.813405
0.813399
0.813394
0.813388
0.813382
0.813376
0.813370
0.813364
0.813358
0.813352
0.813346
0.813340
0.813335
0.813329
0.813323
0.813317
0.813311
0.813305
0.813299
0.813293
0.813287
0.813282
0.813276
0.813270
0.813264
0.813258
0.813252
0.813246
0.813240
0.813234
0.813229
0.813223
0.813217
0.813211
0.813205
0.813199
0.813193
0.813187
0.813181
0.813176
0.813170
0.813164
0.813158
0.813152
0.813146
0.813140
0.813135
0.813129
0.813123
0.813117
0.813111
0.813105
0.813099
0.813093
0.813088
0.813082
0.813076
0.813070
0.813064
0.813058
0.813052
0.813047
0.813041
0.813035
0.813029
0.813023
0.813017
0.813011
0.813006
0.813000
0.812994
0.812988
0.812982
0.812976
0.812971
0.812965
0.812959
0.812953
0.812947
0.812941
0.812935
0.812930
0.812924
0.812918
0.812912
0.812906
0.812900
0.812895
0.812889
0.812883
0.812877
0.812871
0.812865
0.812860
0.812854
0.812848
0.812842
0.812836
0.812831
0.812825
0.812819
0.812813
0.812807
0.812801
0.812796
0.812790
0.812784
0.812778
0.812772
0.812767
0.812761
0.812755
0.812749
0.812743
0.812738
0.812732
0.812726
0.812720
0.812714
0.812709
0.812703
0.812697
0.812691
0.812685
0.812680
0.812674
0.812668
0.812662
0.812656
0.812651
0.812645
0.812639
0.812633
0.812627
0.812622
0.812616
0.812610
0.812604
0.812599
0.812593
0.812587
0.812581
0.812575
0.812570
0.812564
0.812558
0.812552
0.812547
0.812541
0.812535
0.812529
0.812524
0.812518
0.812512
0.812506
0.812501
0.812495
0.812489
0.812483
0.812478
0.812472
0.812466
0.812460
0.812455
0.812449
0.812443
0.812437
0.812432
0.812426
0.812420
0.812414
0.812409
0.812403
0.812397
0.812391
0.812386
0.812380
0.812374
0.812368
0.812363
0.812357
0.812351
0.812346
0.812340
0.812334
0.812328
0.812323
0.812317
0.812311
0.812305
0.812300
0.812294
0.812288
0.812283
0.812277
0.812271
0.812266
0.812260
0.812254
0.812248
0.812243
0.812237
0.812231
0.812226
0.812220
0.812214
0.812208
0.812203
0.812197
0.812191
0.812186
0.812180
0.812174
0.812169
0.812163
0.812157
0.812152
0.812146
0.812140
0.812135
0.812129
0.812123
0.812118
0.812112
0.812106
0.812101
0.812095
0.812089
0.812084
0.812078
0.812072
0.812067
0.812061
0.812055
0.812050
0.812044
0.812038
0.812033
0.812027
0.812021
0.812016
0.812010
0.812004
0.811999
0.811993
0.811987
0.811982
0.811976
0.811971
0.811965
0.811959
0.811954
0.811948
0.811942
0.811937
0.811931
0.811925
0.811920
0.811914
0.811909
0.811903
0.811897
0.811892
0.811886
0.811881
0.811875
0.811869
0.811864
0.811858
0.811852
0.811847
0.811841
0.811836
0.811830
0.811824
0.811819
0.811813
0.811808
0.811802
0.811796
0.811791
0.811785
0.811780
0.811774
0.811769
0.811763
0.811757
0.811752
0.811746
0.811741
0.811735
0.811729
0.811724
0.811718
0.811713
0.811707
0.811702
0.811696
0.811690
0.811685
0.811679
0.811674
0.811668
0.811663
0.811657
0.811652
0.811646
0.811640
0.811635
0.811629
0.811624
0.811618
0.811613
0.811607
0.811602
0.811596
0.811591
0.811585
0.811579
0.811574
0.811568
0.811563
0.811557
0.811552
0.811546
0.811541
0.811535
0.811530
0.811524
0.811519
0.811513
0.811508
0.811502
0.811497
0.811491
0.811486
0.811480
0.811475
0.811469
0.811464
0.811458
0.811453
0.811447
0.811442
0.811436
0.811431
0.811425
0.811420
0.811414
0.811409
0.811403
0.811398
0.811392
0.811387
0.811381
0.811376
0.811370
0.811365
0.811359
0.811354
0.811348
0.811343
0.811337
0.811332
0.811326
0.811321
0.811316
0.811310
0.811305
0.811299
0.811294
0.811288
0.811283
0.811277
0.811272
0.811266
0.811261
0.811256
0.811250
0.811245
0.811239
0.811234
0.811228
0.811223
0.811218
0.811212
0.811207
0.811201
0.811196
0.811190
0.811185
0.811180
0.811174
0.811169
0.811163
0.811158
0.811152
0.811147
0.811142
0.811136
0.811131
0.811125
0.811120
0.811115
0.811109
0.811104
0.811098
0.811093
0.811088
0.811082
0.811077
0.811071
0.811066
0.811061
0.811055
0.811050
0.811045
0.811039
0.811034
0.811028
0.811023
0.811018
0.811012
0.811007
0.811002
0.810996
0.810991
0.810986
0.810980
0.810975
0.810969
0.810964
0.810959
0.810953
0.810948
0.810943
0.810937
0.810932
0.810927
0.810921
0.810916
0.810911
0.810905
0.810900
0.810895
0.810889
0.810884
0.810879
0.810873
0.810868
0.810863
0.810857
0.810852
0.810847
0.810841
0.810836
0.810831
0.810825
0.810820
0.810815
0.810810
0.810804
0.810799
0.810794
0.810788
0.810783
0.810778
0.810772
0.810767
0.810762
0.810757
0.810751
0.810746
0.810741
0.810735
0.810730
0.810725
0.810720
0.810714
0.810709
0.810704
0.810699
0.810693
0.810688
0.810683
0.810677
0.810672
0.810672
0.810667
0.810662
0.810656
0.810651
0.810646
0.810641
0.810635
0.810630
0.810625
0.810620
0.810614
0.810609
0.810604
0.810599
0.810594
0.810588
0.810583
0.810578
0.810573
0.810567
0.810562
0.810557
0.810552
0.810546
0.810541
0.810536
0.810531
0.810526
0.810520
0.810515
0.810510
0.810505
0.810500
0.810494
0.810489
0.810484
0.810479
0.810474
0.810468
0.810463
0.810458
0.810453
0.810448
0.810442
0.810437
0.810432
0.810427
0.810422
0.810417
0.810411
0.810406
0.810401
0.810396
0.810391
0.810386
0.810380
0.810375
0.810370
0.810365
0.810360
0.810355
0.810350
0.810344
0.810339
0.810334
0.810329
0.810324
0.810319
0.810313
0.810308
0.810303
0.810298
0.810293
0.810288
0.810283
0.810278
0.810272
0.810267
0.810262
0.810257
0.810252
0.810247
0.810242
0.810237
0.810232
0.810226
0.810221
0.810216
0.810211
0.810206
0.810201
0.810196
0.810191
0.810186
0.810181
0.810175
0.810170
0.810165
0.810160
0.810155
0.810150
0.810145
0.810140
0.810135
0.810130
0.810125
0.810120
0.810115
0.810109
0.810104
0.810099
0.810094
0.810089
0.810084
0.810079
0.810074
0.810069
0.810064
0.810059
0.810054
0.810049
0.810044
0.810039
0.810034
0.810029
0.810024
0.810019
0.810014
0.810009
0.810003
0.809998
0.809993
0.809988
0.809983
0.809978
0.809973
0.809968
0.809963
0.809958
0.809953
0.809948
0.809943
0.809938
0.809933
0.809928
0.809923
0.809918
0.809913
0.809908
0.809903
0.809898
0.809893
0.809888
0.809883
0.809878
0.809873
0.809868
0.809863
0.809858
0.809854
0.809849
0.809844
0.809839
0.809834
0.809829
0.809824
0.809819
0.809814
0.809809
0.809804
0.809799
0.809794
0.809789
0.809784
0.809779
0.809774
0.809769
0.809764
0.809759
0.809754
0.809750
0.809745
0.809740
0.809735
0.809730
0.809725
0.809720
0.809715
0.809710
0.809705
0.809700
0.809695
0.809690
0.809686
0.809681
0.809676
0.809671
0.809666
0.809661
0.809656
0.809651
0.809646
0.809641
0.809637
0.809632
0.809627
0.809622
0.809617
0.809612
0.809607
0.809602
0.809598
0.809593
0.809588
0.809583
0.809578
0.809573
0.809568
0.809563
0.809559
0.809554
0.809549
0.809544
0.809539
0.809534
0.809529
0.809525
0.809520
0.809515
0.809510
0.809505
0.809500
0.809496
0.809491
0.809486
0.809481
0.809476
0.809471
0.809467
0.809462
0.809457
0.809452
0.809447
0.809442
0.809438
0.809433
0.809428
0.809423
0.809418
0.809414
0.809409
0.809404
0.809399
0.809394
0.809390
0.809385
0.809380
0.809375
0.809370
0.809366
0.809361
0.809356
0.809351
0.809347
0.809342
0.809337
0.809332
0.809327
0.809323
0.809318
0.809313
0.809308
0.809304
0.809299
0.809294
0.809289
0.809285
0.809280
0.809275
0.809270
0.809266
0.809261
0.809256
0.809251
0.809247
0.809242
0.809237
0.809232
0.809228
0.809223
0.809218
0.809214
0.809209
0.809204
0.809199
0.809195
0.809190
0.809185
0.809181
0.809176
0.809171
0.809166
0.809162
0.809157
0.809152
0.809148
0.809143
0.809138
0.809134
0.809129
0.809124
0.809119
0.809115
0.809110
0.809105
0.809101
0.809096
0.809091
0.809087
0.809082
0.809077
0.809073
0.809068
0.809063
0.809059
0.809054
0.809049
0.809045
0.809040
0.809035
0.809031
0.809026
0.809021
0.809017
0.809012
0.809008
0.809003
0.808998
0.808994
0.808989
0.808984
0.808980
0.808975
0.808970
0.808966
0.808961
0.808957
0.808952
0.808947
0.808943
0.808938
0.808934
0.808929
0.808924
0.808920
0.808915
0.808911
0.808906
0.808901
0.808897
0.808892
0.808888
0.808883
0.808878
0.808874
0.808869
0.808865
0.808860
0.808855
0.808851
0.808846
0.808842
0.808837
0.808833
0.808828
0.808823
0.808819
0.808814
0.808810
0.808805
0.808801
0.808796
0.808792
0.808787
0.808782
0.808778
0.808773
0.808769
0.808764
0.808760
0.808755
0.808751
0.808746
0.808742
0.808737
0.808733
0.808728
0.808723
0.808719
0.808714
0.808710
0.808705
0.808701
0.808696
0.808692
0.808687
0.808683
0.808678
0.808674
0.808669
0.808665
0.808660
0.808656
0.808651
0.808647
0.808642
0.808638
0.808633
0.808629
0.808624
0.808620
0.808615
0.808611
0.808607
0.808602
0.808598
0.808593
0.808589
0.808584
0.808580
0.808575
0.808571
0.808566
0.808562
0.808557
0.808553
0.808549
0.808544
0.808540
0.808535
0.808531
0.808526
0.808522
0.808517
0.808513
0.808509
0.808504
0.808500
0.808495
0.808491
0.808486
0.808482
0.808478
0.808473
0.808469
0.808464
0.808460
0.808456
0.808451
0.808447
0.808442
0.808438
0.808434
0.808429
0.808425
0.808420
0.808416
0.808412
0.808407
0.808403
0.808398
0.808394
0.808390
0.808385
0.808381
0.808376
0.808372
0.808368
0.808363
0.808359
0.808355
0.808350
0.808346
0.808342
0.808337
0.808333
0.808328
0.808324
0.808320
0.808315
0.808311
0.808307
0.808302
0.808298
0.808294
0.808289
0.808285
0.808281
0.808276
0.808276
