-0.213087
-0.417699
-0.368459
-0.345112
-0.337533
-0.334030
-0.331846
-0.330278
-0.329183
-0.328502
-0.328166
-0.328190
-0.328984
-0.330771
-0.332976
-0.335113
-0.336255
-0.338629
-0.342234
-0.346350
-0.350597
-0.354802
-0.358895
-0.362844
-0.366628
-0.370224
-0.373603
-0.376729
-0.379566
-0.382076
-0.384222
-0.385977
-0.387321
-0.388252
-0.388812
-0.389117
-0.389286
-0.389539
-0.389576
-0.389140
-0.388249
-0.387004
-0.385514
-0.383865
-0.382129
-0.380360
-0.378607
-0.376909
-0.375297
-0.373791
-0.372397
-0.371102
-0.369879
-0.368688
-0.367489
-0.366256
-0.364983
-0.363665
-0.362290
-0.360838
-0.359285
-0.357615
-0.355838
-0.354009
-0.352204
-0.350475
-0.348841
-0.347301
-0.345846
-0.344462
-0.343138
-0.341863
-0.340629
-0.339432
-0.338266
-0.337128
-0.336015
-0.334922
-0.333847
-0.332786
-0.331737
-0.330695
-0.329658
-0.328622
-0.327584
-0.326542
-0.325493
-0.324433
-0.323363
-0.322278
-0.321179
-0.320064
-0.318933
-0.317785
-0.316622
-0.315445
-0.314255
-0.313055
-0.311849
-0.310640
-0.309434
-0.308235
-0.307050
-0.305885
-0.304749
-0.303651
-0.302602
-0.301616
-0.300711
-0.299910
-0.299248
-0.298775
-0.298573
-0.298777
-0.299572
-0.301105
-0.303455
-0.306605
-0.310238
-0.313825
-0.317095
-0.319985
-0.322123
-0.324052
-0.326332
-0.327799
-0.328982
-0.329969
-0.330744
-0.331313
-0.331708
-0.331994
-0.332527
-0.332553
-0.333045
-0.333579
-0.333821
-0.334165
-0.334250
-0.333629
-0.331359
-0.330477
-0.329679
-0.328855
-0.327959
-0.326988
-0.326021
-0.325022
-0.323979
-0.322882
-0.321745
-0.320632
-0.319533
-0.318305
-0.317150
-0.315972
-0.315060
-0.313300
-0.312033
-0.311029
-0.308809
-0.307340
-0.306833
-0.306160
-0.305338
-0.303835
-0.303422
-0.302098
-0.301101
-0.300027
-0.298846
-0.297631
-0.296445
-0.295335
-0.294339
-0.292207
-0.292305
-0.291106
-0.291613
-0.292159
-0.292309
-0.292283
-0.292096
-0.291792
-0.291421
-0.291004
-0.290562
-0.290096
-0.289629
-0.289132
-0.288662
-0.288141
-0.287668
-0.287154
-0.286715
-0.286196
-0.285804
-0.285236
-0.284929
-0.284235
-0.283719
-0.283512
-0.283047
-0.282063
-0.282047
-0.281870
-0.281308
-0.280739
-0.280371
-0.279646
-0.279213
-0.278667
-0.277965
-0.277209
-0.276324
-0.274920
-0.278195
-0.278884
-0.278454
-0.279808
-0.279261
-0.281098
-0.279994
-0.279526
-0.279467
-0.279628
-0.279868
-0.279956
-0.279610
-0.278988
-0.278403
-0.277940
-0.277646
-0.277528
-0.277556
-0.277676
-0.277830
-0.277968
-0.278052
-0.278047
-0.277926
-0.277660
-0.277225
-0.276594
-0.275740
-0.274634
-0.273238
-0.271499
-0.269361
-0.266947
-0.267066
-0.266144
-0.265639
-0.264764
-0.263481
-0.260129
-0.256898
-0.253043
-0.246436
-0.240924
-0.238717
-0.245712
-0.245334
-0.244205
-0.248757
-0.245316
-0.243973
-0.243844
-0.244273
-0.245051
-0.246067
-0.247281
-0.248681
-0.250271
-0.252050
-0.254005
-0.256111
-0.258321
-0.260580
-0.262819
-0.264967
-0.266956
-0.268727
-0.270240
-0.271473
-0.272420
-0.273093
-0.273513
-0.273707
-0.273703
-0.273527
-0.273200
-0.272741
-0.272161
-0.271473
-0.270721
-0.271288
-0.269141
-0.268694
-0.267020
-0.268256
-0.267825
-0.267592
-0.267411
-0.267241
-0.267070
-0.266898
-0.266725
-0.266551
-0.266378
-0.266204
-0.266031
-0.265858
-0.265685
-0.265512
-0.265339
-0.265167
-0.264994
-0.264822
-0.264650
-0.264478
-0.264307
-0.264136
-0.263965
-0.263794
-0.263624
-0.263453
-0.263283
-0.263114
-0.262944
-0.262775
-0.262606
-0.262438
-0.262270
-0.262101
-0.261934
-0.261766
-0.261599
-0.261432
-0.261266
-0.261099
-0.260933
-0.260767
-0.260602
-0.260437
-0.260272
-0.260107
-0.259942
-0.259778
-0.259614
-0.259450
-0.259287
-0.259124
-0.258961
-0.258798
-0.258635
-0.258473
-0.258311
-0.258149
-0.257987
-0.257825
-0.257664
-0.257503
-0.257342
-0.257181
-0.257021
-0.256860
-0.256700
-0.256540
-0.256380
-0.256220
-0.256061
-0.255901
-0.255742
-0.255583
-0.255424
-0.255265
-0.255106
-0.254948
-0.254789
-0.254631
-0.254473
-0.254315
-0.254157
-0.253999
-0.253841
-0.253683
-0.253526
-0.253368
-0.253211
-0.253054
-0.252896
-0.252739
-0.252582
-0.252425
-0.252268
-0.252111
-0.251954
-0.251797
-0.251641
-0.251484
-0.251327
-0.251171
-0.251014
-0.250857
-0.250701
-0.250544
-0.250388
-0.250231
-0.250075
-0.249919
-0.249762
-0.249606
-0.249449
-0.249293
-0.249137
-0.248980
-0.248824
-0.248667
-0.248511
-0.248354
-0.248198
-0.248042
-0.247885
-0.247728
-0.247572
-0.247415
-0.247259
-0.247102
-0.246945
-0.246789
-0.246632
-0.246475
-0.246318
-0.246161
-0.246004
-0.245847
-0.245690
-0.245533
-0.245375
-0.245218
-0.245061
-0.244903
-0.244746
-0.244588
-0.244430
-0.244273
-0.244115
-0.243957
-0.243799
-0.243641
-0.243482
-0.243324
-0.243166
-0.243007
-0.242849
-0.242690
-0.242531
-0.242372
-0.242213
-0.242054
-0.241895
-0.241735
-0.241576
-0.241416
-0.241256
-0.241097
-0.240937
-0.240776
-0.240616
-0.240456
-0.240295
-0.240135
-0.239974
-0.239813
-0.239652
-0.239491
-0.239329
-0.239168
-0.239006
-0.238844
-0.238682
-0.238520
-0.238358
-0.238195
-0.238033
-0.237870
-0.237707
-0.237544
-0.237381
-0.237217
-0.237054
-0.236890
-0.236726
-0.236562
-0.236398
-0.236233
-0.236068
-0.235903
-0.235738
-0.235738
-0.235573
-0.235408
-0.235242
-0.235076
-0.234910
-0.234744
-0.234578
-0.234411
-0.234244
-0.234077
-0.233910
-0.233743
-0.233575
-0.233407
-0.233239
-0.233071
-0.232902
-0.232734
-0.232565
-0.232396
-0.232226
-0.232057
-0.231887
-0.231717
-0.231546
-0.231376
-0.231205
-0.231034
-0.230863
-0.230691
-0.230520
-0.230348
-0.230176
-0.230003
-0.229831
-0.229658
-0.229484
-0.229311
-0.229137
-0.228963
-0.228789
-0.228615
-0.228440
-0.228265
-0.228090
-0.227914
-0.227739
-0.227563
-0.227386
-0.227210
-0.227033
-0.226856
-0.226678
-0.226500
-0.226323
-0.226144
-0.225966
-0.225787
-0.225608
-0.225428
-0.225249
-0.225069
-0.224888
-0.224708
-0.224527
-0.224346
-0.224164
-0.223982
-0.223800
-0.223618
-0.223435
-0.223252
-0.223069
-0.222885
-0.222701
-0.222517
-0.222332
-0.222147
-0.221962
-0.221776
-0.221590
-0.221404
-0.221217
-0.221030
-0.220843
-0.220655
-0.220467
-0.220279
-0.220090
-0.219901
-0.219712
-0.219522
-0.219332
-0.219142
-0.218951
-0.218760
-0.218568
-0.218376
-0.218184
-0.217991
-0.217799
-0.217605
-0.217411
-0.217217
-0.217023
-0.216828
-0.216633
-0.216437
-0.216241
-0.216045
-0.215848
-0.215651
-0.215453
-0.215255
-0.215057
-0.214858
-0.214659
-0.214459
-0.214259
-0.214059
-0.213858
-0.213657
-0.213455
-0.213253
-0.213050
-0.212847
-0.212644
-0.212440
-0.212236
-0.212031
-0.211826
-0.211620
-0.211414
-0.211208
-0.211001
-0.210794
-0.210586
-0.210378
-0.210169
-0.209960
-0.209750
-0.209540
-0.209329
-0.209118
-0.208907
-0.208694
-0.208482
-0.208269
-0.208055
-0.207841
-0.207627
-0.207412
-0.207197
-0.206981
-0.206764
-0.206547
-0.206330
-0.206112
-0.205893
-0.205674
-0.205454
-0.205234
-0.205014
-0.204792
-0.204571
-0.204348
-0.204126
-0.203902
-0.203678
-0.203454
-0.203229
-0.203003
-0.202777
-0.202551
-0.202323
-0.202095
-0.201867
-0.201638
-0.201408
-0.201178
-0.200947
-0.200716
-0.200484
-0.200252
-0.200018
-0.199785
-0.199550
-0.199315
-0.199079
-0.198843
-0.198606
-0.198369
-0.198131
-0.197892
-0.197652
-0.197412
-0.197171
-0.196930
-0.196688
-0.196445
-0.196202
-0.195957
-0.195713
-0.195467
-0.195221
-0.194974
-0.194726
-0.194478
-0.194229
-0.193979
-0.193729
-0.193478
-0.193226
-0.192973
-0.192720
-0.192465
-0.192211
-0.191955
-0.191699
-0.191441
-0.191183
-0.190925
-0.190665
-0.190405
-0.190144
-0.189882
-0.189619
-0.189355
-0.189091
-0.188826
-0.188560
-0.188293
-0.188025
-0.187757
-0.187487
-0.187217
-0.186946
-0.186674
-0.186401
-0.186127
-0.185852
-0.185577
-0.185300
-0.185023
-0.184745
-0.184465
-0.184185
-0.183904
-0.183622
-0.183339
-0.183055
-0.182770
-0.182483
-0.182196
-0.181908
-0.181619
-0.181329
-0.181038
-0.180746
-0.180453
-0.180159
-0.179863
-0.179567
-0.179270
-0.178971
-0.178671
-0.178371
-0.178069
-0.177766
-0.177462
-0.177157
-0.176850
-0.176543
-0.176234
-0.175924
-0.175613
-0.175300
-0.174987
-0.174672
-0.174356
-0.174038
-0.173720
-0.173400
-0.173079
-0.172756
-0.172433
-0.172108
-0.171781
-0.171453
-0.171124
-0.170794
-0.170462
-0.170128
-0.169794
-0.169457
-0.169120
-0.168781
-0.168440
-0.168098
-0.167754
-0.167409
-0.167063
-0.166714
-0.166365
-0.166013
-0.165660
-0.165306
-0.164950
-0.164592
-0.164232
-0.163871
-0.163508
-0.163143
-0.162777
-0.162409
-0.162039
-0.161667
-0.161293
-0.160918
-0.160540
-0.160161
-0.159780
-0.159397
-0.159012
-0.158625
-0.158236
-0.157845
-0.157452
-0.157057
-0.156660
-0.156260
-0.155859
-0.155455
-0.155049
-0.154641
-0.154231
-0.153818
-0.153403
-0.152986
-0.152566
-0.152144
-0.151719
-0.151292
-0.150863
-0.150431
-0.149996
-0.149559
-0.149119
-0.148676
-0.148231
-0.147783
-0.147332
-0.146878
-0.146422
-0.145962
-0.145500
-0.145035
-0.144566
-0.144095
-0.143620
-0.143142
-0.142661
-0.142177
-0.141690
-0.141199
-0.140704
-0.140206
-0.139705
-0.139200
-0.138691
-0.138179
-0.137663
-0.137143
-0.136619
-0.136092
-0.135560
-0.135024
-0.134484
-0.133940
-0.133392
-0.132839
-0.132282
-0.131720
-0.131154
-0.130583
-0.130007
-0.129427
-0.128841
-0.128251
-0.127655
-0.127054
-0.126448
-0.125836
-0.125219
-0.124597
-0.123968
-0.123334
-0.122694
-0.122048
-0.121396
-0.120737
-0.120072
-0.119400
-0.118722
-0.118037
-0.117345
-0.116646
-0.115939
-0.115225
-0.114504
-0.113775
-0.113038
-0.112292
-0.111539
-0.110777
-0.110007
-0.109227
-0.108439
-0.107642
-0.106835
-0.106018
-0.105192
-0.104355
-0.103508
-0.102651
-0.101783
-0.100903
-0.100013
-0.099110
-0.098196
-0.097270
-0.096331
-0.095380
-0.094415
-0.093437
-0.092446
-0.091440
-0.090420
-0.089386
-0.088336
-0.087271
-0.086191
-0.085094
-0.083980
-0.082850
-0.081703
-0.080538
-0.079355
-0.078154
-0.076934
-0.075694
-0.074436
-0.073157
-0.071859
-0.070540
-0.069200
-0.067839
-0.066456
-0.065052
-0.063626
-0.062178
-0.060708
-0.059215
-0.057700
-0.056163
-0.054604
-0.053022
-0.051419
-0.049794
-0.048147
-0.046481
-0.044794
-0.043088
-0.041363
-0.039621
-0.037863
-0.036089
-0.034301
-0.032502
-0.030691
-0.028872
-0.027046
-0.025216
-0.023383
-0.021550
-0.019719
-0.017895
-0.016078
-0.014273
-0.012483
-0.010711
-0.008961
-0.007236
-0.005542
-0.003881
-0.002258
-0.000678
0.000855
0.002335
0.002335
0.003759
0.005119
0.006412
0.007632
0.008774
0.009833
0.010805
0.011684
0.012467
0.013152
0.013736
0.014220
0.014604
0.014892
0.015088
0.015200
0.015236
0.015208
0.015126
0.015004
0.014854
0.014690
0.014523
0.014364
0.014221
0.014101
0.014011
0.013953
0.013931
0.013945
0.013997
0.014085
0.014209
0.014369
0.014562
0.014789
0.015048
0.015337
0.015656
0.016003
0.016378
0.016780
0.017208
0.017661
0.018139
0.018640
0.019164
0.019710
0.020279
0.020868
0.021477
0.022106
0.022755
0.023422
0.024106
0.024808
0.025527
0.026261
0.027011
0.027776
0.028556
0.029349
0.030155
0.030975
0.031807
0.032650
0.033505
0.034371
0.035247
0.036134
0.037030
0.037935
0.038849
0.039771
0.040701
0.041639
0.042584
0.043535
0.044494
0.045458
0.046428
0.047403
0.048384
0.049369
0.050358
0.051352
0.052349
0.053350
0.054354
0.055361
0.056371
0.057383
0.058397
0.059413
0.060430
0.061449
0.062469
0.063489
0.064511
0.065532
0.066554
0.067577
0.068599
0.069620
0.070642
0.071662
0.072682
0.073701
0.074719
0.075736
0.076751
0.077765
0.078777
0.079787
0.080795
0.081800
0.082803
0.083803
0.084800
0.085793
0.086782
0.087766
0.088745
0.089718
0.090685
0.091644
0.092595
0.093538
0.094472
0.095399
0.096321
0.097240
0.098159
0.099080
0.100003
0.100929
0.101857
0.102786
0.103715
0.104644
0.105572
0.106499
0.107422
0.108342
0.109259
0.110170
0.111076
0.111975
0.112868
0.113754
0.114633
0.115505
0.116370
0.117229
0.118082
0.118931
0.119777
0.120621
0.121463
0.122304
0.123142
0.123968
0.124764
0.125485
0.126057
0.126463
0.126850
0.127329
0.127873
0.128442
0.129018
0.129591
0.130161
0.130726
0.131287
0.131844
0.132399
0.132951
0.133502
0.134053
0.134605
0.135161
0.135721
0.136289
0.136865
0.137450
0.138047
0.138656
0.139277
0.139911
0.140558
0.141218
0.141891
0.142576
0.143273
0.143980
0.144698
0.145426
0.146162
0.146907
0.147660
0.148420
0.149190
0.149970
0.150763
0.151574
0.152413
0.153297
0.154254
0.155341
0.156691
0.159543
0.162089
0.155127
0.167852
0.154686
0.155199
0.160699
0.156114
0.159894
0.157258
0.158949
0.158293
0.158599
0.158522
0.158443
0.158330
0.158187
0.158021
0.157840
0.157648
0.157449
0.157249
0.157048
0.156849
0.156654
0.156464
0.156279
0.156101
0.155930
0.155765
0.155608
0.155458
0.155315
0.155179
0.155051
0.154930
0.154816
0.154710
0.154610
0.154517
0.154432
0.154353
0.154281
0.154216
0.154158
0.154107
0.154063
0.154027
0.153998
0.153976
0.153963
0.153957
0.153960
0.153971
0.153991
0.154020
0.154059
0.154107
0.154165
0.154233
0.154312
0.154401
0.154501
0.154612
0.154734
0.154866
0.155010
0.155165
0.155330
0.155507
0.155694
0.155893
0.156101
0.156321
0.156551
0.156792
0.157044
0.157306
0.157580
0.157865
0.158161
0.158470
0.158792
0.159127
0.159477
0.159842
0.160224
0.160624
0.161043
0.161485
0.161951
0.162443
0.162966
0.163522
0.164116
0.164754
0.165440
0.166182
0.166988
0.167869
0.168836
0.169901
0.171082
0.172394
0.173854
0.175477
0.177270
0.179225
0.181310
0.183461
0.185593
0.187618
0.189481
0.191557
0.194853
0.198698
0.202445
0.211463
0.184549
0.191630
0.190869
0.194968
0.197455
0.199460
0.201252
0.202664
0.203713
0.204613
0.205425
0.206105
0.206651
0.207124
0.207554
0.207945
0.208299
0.208618
0.208908
0.209177
0.209432
0.209685
0.209944
0.210215
0.210507
0.210825
0.211175
0.211561
0.211987
0.212455
0.212966
0.213522
0.214120
0.214760
0.215436
0.216144
0.216878
0.217629
0.218388
0.219146
0.219895
0.220625
0.221328
0.221991
0.222591
0.223073
0.223254
0.222663
0.221943
0.222035
0.222292
0.222689
0.223240
0.223967
0.224875
0.225865
0.226780
0.227590
0.228336
0.229046
0.229730
0.230390
0.231030
0.231649
0.232249
0.232832
0.233399
0.233951
0.234489
0.235014
0.235528
0.236032
0.236526
0.237011
0.237489
0.237961
0.238427
0.238888
0.239344
0.239797
0.240247
0.240693
0.241138
0.241581
0.242022
0.242461
0.242899
0.243336
0.243773
0.244208
0.244642
0.245076
0.245509
0.245941
0.246373
0.246803
0.247233
0.247662
0.248090
0.248518
0.248944
0.249369
0.249793
0.250217
0.250638
0.251062
0.251461
0.252016
0.251660
0.257818
0.256590
0.253730
0.253462
0.256712
0.253446
0.255447
0.256686
0.254412
0.258028
0.255025
0.258462
0.255814
0.258933
0.256780
0.259878
0.257269
0.259598
0.264246
0.259116
0.261172
0.259478
0.261629
0.266247
0.260617
0.264527
0.260317
0.261749
0.263133
0.264405
0.263224
0.265297
0.265219
0.267587
0.262232
0.262062
0.262218
0.262355
0.262738
0.262925
0.263293
0.263532
0.263902
0.264176
0.264550
0.264848
0.265227
0.265543
0.265926
0.266255
0.266641
0.266978
0.267366
0.267709
0.268099
0.268446
0.268836
0.269185
0.269575
0.269925
0.270315
0.270315
0.270665
0.271055
0.271403
0.271793
0.272138
0.272528
0.272870
0.273261
0.273598
0.273991
0.274321
0.274718
0.275040
0.275443
0.275752
0.276165
0.276457
0.276886
0.277154
0.277608
0.277838
0.278335
0.278506
0.279071
0.279147
0.279826
0.279745
0.280609
0.280282
0.281414
0.280771
0.282199
0.281299
0.282950
0.281858
0.283677
0.282442
0.284390
0.283035
0.285086
0.283650
0.285782
0.284237
0.286441
0.284918
0.287172
0.285354
0.287660
0.286555
0.288751
0.286062
0.288547
0.289634
0.286947
0.289689
0.290070
0.288748
0.290737
0.290159
0.291815
0.289026
0.290799
0.295248
0.300428
0.296275
0.299382
0.301986
0.300389
0.303010
0.302018
0.303913
0.303234
0.304739
0.304352
0.305512
0.305361
0.306256
0.306282
0.306978
0.307126
0.307681
0.307906
0.308365
0.308633
0.309027
0.309316
0.309668
0.309962
0.310287
0.310579
0.310884
0.311170
0.311460
0.311740
0.312018
0.312290
0.312559
0.312823
0.313084
0.313341
0.313595
0.313846
0.314094
0.314338
0.314581
0.314820
0.315058
0.315293
0.315526
0.315756
0.315985
0.316212
0.316437
0.316661
0.316883
0.317104
0.317323
0.317540
0.317757
0.317972
0.318186
0.318399
0.318611
0.318822
0.319031
0.319240
0.319448
0.319656
0.319862
0.320068
0.320273
0.320477
0.320680
0.320883
0.321086
0.321287
0.321488
0.321689
0.321889
0.322089
0.322288
0.322486
0.322684
0.322882
0.323079
0.323276
0.323473
0.323669
0.323864
0.324060
0.324255
0.324450
0.324644
0.324838
0.325032
0.325225
0.325418
0.325611
0.325804
0.325996
0.326188
0.326380
0.326571
0.326762
0.326953
0.327144
0.327335
0.327525
0.327715
0.327905
0.328095
0.328284
0.328473
0.328662
0.328851
0.329040
0.329228
0.329417
0.329605
0.329793
0.329980
0.330168
0.330355
0.330543
0.330730
0.330916
0.331103
0.331290
0.331476
0.331662
0.331848
0.332034
0.332220
0.332406
0.332591
0.332776
0.332962
0.333147
0.333331
0.333516
0.333701
0.333885
0.334070
0.334254
0.334438
0.334622
0.334805
0.334989
0.335173
0.335356
0.335539
0.335722
0.335905
0.336088
0.336271
0.336454
0.336636
0.336819
0.337001
0.337183
0.337365
0.337547
0.337729
0.337910
0.338092
0.338273
0.338455
0.338636
0.338817
0.338998
0.339179
0.339360
0.339540
0.339721
0.339901
0.340081
0.340262
0.340442
0.340622
0.340802
0.340981
0.341161
0.341341
0.341520
0.341699
0.341879
0.342058
0.342237
0.342416
0.342595
0.342773
0.342952
0.343130
0.343309
0.343487
0.343665
0.343843
0.344021
0.344199
0.344377
0.344555
0.344732
0.344910
0.345087
0.345265
0.345442
0.345619
0.345796
0.345973
0.346149
0.346326
0.346503
0.346679
0.346856
0.347032
0.347208
0.347384
0.347560
0.347736
0.347912
0.348087
0.348263
0.348438
0.348614
0.348789
0.348964
0.349139
0.349314
0.349489
0.349664
0.349838
0.350013
0.350188
0.350362
0.350536
0.350710
0.350884
0.351058
0.351232
0.351406
0.351580
0.351753
0.351927
0.352100
0.352273
0.352446
0.352619
0.352792
0.352965
0.353138
0.353310
0.353483
0.353655
0.353828
0.354000
0.354172
0.354344
0.354516
0.354688
0.354859
0.355031
0.355202
0.355374
0.355545
0.355716
0.355887
0.356058
0.356229
0.356400
0.356570
0.356741
0.356911
0.357081
0.357252
0.357422
0.357592
0.357762
0.357931
0.358101
0.358271
0.358440
0.358609
0.358778
0.358948
0.359117
0.359285
0.359454
0.359623
0.359791
0.359960
0.360128
0.360296
0.360464
0.360632
0.360800
0.360968
0.361136
0.361303
0.361471
0.361638
0.361805
0.361972
0.362139
0.362306
0.362473
0.362639
0.362806
0.362972
0.363139
0.363305
0.363471
0.363637
0.363803
0.363968
0.364134
0.364299
0.364465
0.364630
0.364795
0.364960
0.365125
0.365290
0.365454
0.365619
0.365783
0.365947
0.366112
0.366276
0.366440
0.366603
0.366767
0.366931
0.367094
0.367257
0.367421
0.367584
0.367747
0.367910
0.368072
0.368235
0.368397
0.368560
0.368722
0.368884
0.369046
0.369208
0.369370
0.369532
0.369693
0.369854
0.370016
0.370177
0.370338
0.370499
0.370660
0.370820
0.370981
0.371141
0.371302
0.371462
0.371622
0.371782
0.371942
0.372101
0.372261
0.372420
0.372580
0.372739
0.372898
0.373057
0.373216
0.373374
0.373533
0.373691
0.373850
0.374008
0.374166
0.374324
0.374482
0.374640
0.374797
0.374955
0.375112
0.375269
0.375427
0.375584
0.375740
0.375897
0.376054
0.376210
0.376367
0.376523
0.376679
0.376835
0.376991
0.377147
0.377302
0.377458
0.377613
0.377769
0.377924
0.378079
0.378234
0.378389
0.378543
0.378698
0.378852
0.379007
0.379161
0.379315
0.379469
0.379623
0.379776
0.379930
0.380083
0.380237
0.380390
0.380543
0.380696
0.380849
0.381002
0.381154
0.381307
0.381459
0.381612
0.381764
0.381916
0.382068
0.382220
0.382371
0.382523
0.382674
0.382826
0.382977
0.383128
0.383279
0.383430
0.383581
0.383731
0.383731
0.383882
0.384032
0.384183
0.384333
0.384483
0.384633
0.384783
0.384932
0.385082
0.385231
0.385381
0.385530
0.385679
0.385828
0.385977
0.386126
0.386275
0.386423
0.386572
0.386720
0.386868
0.387017
0.387165
0.387313
0.387460
0.387608
0.387756
0.387903
0.388050
0.388198
0.388345
0.388492
0.388639
0.388786
0.388932
0.389079
0.389226
0.389372
0.389518
0.389664
0.389810
0.389956
0.390102
0.390248
0.390394
0.390539
0.390685
0.390830
0.390975
0.391120
0.391265
0.391410
0.391555
0.391700
0.391844
0.391989
0.392133
0.392277
0.392422
0.392566
0.392710
0.392854
0.392997
0.393141
0.393285
0.393428
0.393571
0.393715
0.393858
0.394001
0.394144
0.394287
0.394430
0.394572
0.394715
0.394857
0.395000
0.395142
0.395284
0.395426
0.395568
0.395710
0.395852
0.395994
0.396135
0.396277
0.396418
0.396559
0.396701
0.396842
0.396983
0.397124
0.397265
0.397405
0.397546
0.397687
0.397827
0.397967
0.398108
0.398248
0.398388
0.398528
0.398668
0.398808
0.398947
0.399087
0.399227
0.399366
0.399506
0.399645
0.399784
0.399923
0.400062
0.400201
0.400340
0.400479
0.400617
0.400756
0.400894
0.401033
0.401171
0.401309
0.401447
0.401586
0.401723
0.401861
0.401999
0.402137
0.402275
0.402412
0.402550
0.402687
0.402824
0.402961
0.403099
0.403236
0.403372
0.403509
0.403646
0.403783
0.403919
0.404056
0.404192
0.404329
0.404465
0.404601
0.404738
0.404874
0.405010
0.405145
0.405281
0.405417
0.405553
0.405688
0.405824
0.405959
0.406094
0.406230
0.406365
0.406500
0.406635
0.406770
0.406905
0.407040
0.407174
0.407309
0.407444
0.407578
0.407712
0.407847
0.407981
0.408115
0.408249
0.408383
0.408517
0.408651
0.408785
0.408919
0.409052
0.409186
0.409320
0.409453
0.409586
0.409720
0.409853
0.409986
0.410119
0.410252
0.410385
0.410518
0.410651
0.410783
0.410916
0.411049
0.411181
0.411313
0.411446
0.411578
0.411710
0.411842
0.411975
0.412107
0.412239
0.412370
0.412502
0.412634
0.412766
0.412897
0.413029
0.413160
0.413292
0.413423
0.413554
0.413685
0.413816
0.413948
0.414079
0.414209
0.414340
0.414471
0.414602
0.414732
0.414863
0.414994
0.415124
0.415254
0.415385
0.415515
0.415645
0.415775
0.415905
0.416035
0.416165
0.416295
0.416425
0.416555
0.416684
0.416814
0.416944
0.417073
0.417203
0.417332
0.417461
0.417591
0.417719
0.417849
0.417977
0.418108
0.418235
0.418367
0.418491
0.418626
0.418746
0.418888
0.418997
0.419153
0.419241
0.419428
0.419471
0.419724
0.419671
0.420066
0.419804
0.420508
0.419809
0.421140
0.419668
0.421106
0.420729
0.421769
0.422325
0.422058
0.422655
0.422393
0.425834
0.431496
0.430794
0.430159
0.426923
0.427342
0.428563
0.426419
0.428129
0.427068
0.427674
0.425676
0.427252
0.425728
0.426053
0.426774
0.427833
0.429574
0.430309
0.431074
0.432522
0.433715
0.433773
0.436136
0.436398
0.439747
0.439534
0.440475
0.443116
0.442632
0.445438
0.444774
0.448350
0.447445
0.448506
0.447465
0.451706
0.451048
0.451590
0.452950
0.452118
0.454139
0.456137
0.459395
0.457132
0.455269
0.459473
0.457512
0.455831
0.463486
0.462401
0.463866
0.468147
0.458092
0.459713
0.460351
0.460748
0.461097
0.461436
0.461798
0.462209
0.462698
0.462789
0.463680
0.463205
0.464536
0.469254
0.467441
0.468082
0.466380
0.465077
0.469831
0.468791
0.468273
0.469062
0.477226
0.464034
0.463182
0.463331
0.463426
0.463512
0.463657
0.463914
0.464271
0.464716
0.465248
0.465553
0.466312
0.465879
0.466680
0.467463
0.465457
0.472637
0.474699
0.468458
0.473507
0.468255
0.469023
0.474073
0.468292
0.467383
0.467242
0.467222
0.467242
0.467315
0.467418
0.467533
0.467655
0.467785
0.467924
0.468076
0.468245
0.468443
0.468692
0.469037
0.469564
0.469877
0.470310
0.470977
0.468984
0.476490
0.473363
0.473990
0.474073
0.471310
0.469033
0.469384
0.469512
0.469855
0.468778
0.470395
0.470316
0.470824
0.471010
0.471863
0.470559
0.473992
0.480381
0.473207
0.471422
0.475710
0.473505
0.472663
0.473118
0.473500
0.473767
0.474409
0.472809
0.478346
0.477133
0.475752
0.471624
0.470062
0.471699
0.471004
0.471149
0.471081
0.471068
0.471074
0.471081
0.471091
0.471105
0.471120
0.471136
0.471153
0.471172
0.471191
0.471211
0.471232
0.471254
0.471276
0.471299
0.471323
0.471346
0.471371
0.471396
0.471421
0.471446
0.471472
0.471498
0.471525
0.471552
0.471579
0.471606
0.471634
0.471662
0.471690
0.471718
0.471747
0.471775
0.471804
0.471833
0.471862
0.471891
0.471921
0.471950
0.471980
0.472009
0.472039
0.472069
0.472099
0.472129
0.472159
0.472189
0.472220
0.472250
0.472280
0.472311
0.472341
0.472372
0.472402
0.472433
0.472463
0.472494
0.472524
0.472555
0.472586
0.472616
0.472647
0.472678
0.472708
0.472739
0.472770
0.472801
0.472831
0.472831
0.472862
0.472893
0.472923
0.472954
0.472985
0.473015
0.473046
0.473077
0.473107
0.473138
0.473168
0.473199
0.473230
0.473260
0.473291
0.473321
0.473352
0.473382
0.473412
0.473443
0.473473
0.473504
0.473534
0.473564
0.473595
0.473625
0.473655
0.473685
0.473715
0.473746
0.473776
0.473806
0.473836
0.473866
0.473896
0.473926
0.473956
0.473986
0.474016
0.474046
0.474075
0.474105
0.474135
0.474165
0.474194
0.474224
0.474254
0.474283
0.474313
0.474342
0.474372
0.474401
0.474431
0.474460
0.474490
0.474519
0.474548
0.474578
0.474607
0.474636
0.474665
0.474695
0.474724
0.474753
0.474782
0.474811
0.474840
0.474869
0.474898
0.474927
0.474956
0.474985
0.475013
0.475042
0.475071
0.475100
0.475128
0.475157
0.475186
0.475214
0.475243
0.475271
0.475300
0.475328
0.475357
0.475385
0.475414
0.475442
0.475470
0.475499
0.475527
0.475555
0.475583
0.475612
0.475640
0.475668
0.475696
0.475724
0.475752
0.475780
0.475808
0.475836
0.475864
0.475892
0.475920
0.475947
0.475975
0.476003
0.476031
0.476058
0.476086
0.476114
0.476141
0.476169
0.476197
0.476224
0.476252
0.476279
0.476307
0.476334
0.476361
0.476389
0.476416
0.476443
0.476471
0.476498
0.476525
0.476552
0.476580
0.476607
0.476634
0.476661
0.476688
0.476715
0.476742
0.476769
0.476796
0.476823
0.476850
0.476877
0.476904
0.476931
0.476957
0.476984
0.477011
0.477038
0.477064
0.477091
0.477118
0.477144
0.477171
0.477198
0.477224
0.477251
0.477277
0.477304
0.477330
0.477357
0.477383
0.477409
0.477436
0.477462
0.477489
0.477515
0.477541
0.477567
0.477594
0.477620
0.477646
0.477672
0.477698
0.477724
0.477751
0.477777
0.477803
0.477829
0.477855
0.477881
0.477907
0.477933
0.477959
0.477984
0.478010
0.478036
0.478062
0.478088
0.478114
0.478139
0.478165
0.478191
0.478217
0.478242
0.478268
0.478294
0.478319
0.478345
0.478371
0.478396
0.478422
0.478447
0.478473
0.478498
0.478524
0.478549
0.478575
0.478600
0.478625
0.478651
0.478676
0.478701
0.478727
0.478752
0.478777
0.478803
0.478828
0.478853
0.478878
0.478904
0.478929
0.478954
0.478979
0.479004
0.479029
0.479054
0.479079
0.479104
0.479129
0.479154
0.479179
0.479204
0.479229
0.479254
0.479279
0.479304
0.479329
0.479354
0.479379
0.479404
0.479428
0.479453
0.479478
0.479503
0.479528
0.479552
0.479577
0.479602
0.479626
0.479651
0.479676
0.479700
0.479725
0.479750
0.479774
0.479799
0.479823
0.479848
0.479873
0.479897
0.479922
0.479946
0.479971
0.479995
0.480019
0.480044
0.480068
0.480093
0.480117
0.480142
0.480166
0.480190
0.480215
0.480239
0.480263
0.480287
0.480312
0.480336
0.480360
0.480384
0.480409
0.480433
0.480457
0.480481
0.480505
0.480530
0.480554
0.480578
0.480602
0.480626
0.480650
0.480674
0.480698
0.480722
0.480746
0.480770
0.480794
0.480818
0.480842
0.480866
0.480890
0.480914
0.480938
0.480962
0.480986
0.481010
0.481034
0.481058
0.481082
0.481105
0.481129
0.481153
0.481177
0.481201
0.481225
0.481248
0.481272
0.481296
0.481320
0.481343
0.481367
0.481391
0.481414
0.481438
0.481462
0.481486
0.481509
0.481533
0.481556
0.481580
0.481604
0.481627
0.481651
0.481674
0.481698
0.481722
0.481745
0.481769
0.481792
0.481816
0.481839
0.481863
0.481886
0.481910
0.481933
0.481957
0.481980
0.482004
0.482027
0.482050
0.482074
0.482097
0.482121
0.482144
0.482167
0.482191
0.482214
0.482237
0.482261
0.482284
0.482307
0.482331
0.482354
0.482377
0.482401
0.482424
0.482447
0.482470
0.482494
0.482517
0.482540
0.482563
0.482587
0.482610
0.482633
0.482656
0.482679
0.482703
0.482726
0.482749
0.482772
0.482795
0.482818
0.482841
0.482865
0.482888
0.482911
0.482934
0.482957
0.482980
0.483003
0.483026
0.483049
0.483072
0.483095
0.483118
0.483141
0.483164
0.483187
0.483210
0.483233
0.483256
0.483279
0.483302
0.483325
0.483348
0.483371
0.483394
0.483417
0.483440
0.483463
0.483486
0.483509
0.483532
0.483555
0.483577
0.483600
0.483623
0.483646
0.483669
0.483692
0.483715
0.483737
0.483760
0.483783
0.483806
0.483829
0.483852
0.483874
0.483897
0.483920
0.483943
0.483966
0.483988
0.484011
0.484034
0.484057
0.484079
0.484102
0.484125
0.484148
0.484170
0.484193
0.484216
0.484238
0.484261
0.484284
0.484307
0.484329
0.484352
0.484375
0.484397
0.484420
0.484443
0.484465
0.484488
0.484511
0.484533
0.484556
0.484578
0.484601
0.484624
0.484646
0.484669
0.484692
0.484714
0.484737
0.484759
0.484782
0.484804
0.484827
0.484850
0.484872
0.484895
0.484917
0.484940
0.484962
0.484985
0.485007
0.485030
0.485053
0.485075
0.485098
0.485120
0.485143
0.485165
0.485188
0.485210
0.485233
0.485255
0.485278
0.485300
0.485323
0.485345
0.485367
0.485390
0.485412
0.485435
0.485457
0.485480
0.485502
0.485502
0.485525
0.485547
0.485570
0.485592
0.485614
0.485637
0.485659
0.485682
0.485704
0.485726
0.485749
0.485771
0.485794
0.485816
0.485838
0.485861
0.485883
0.485906
0.485928
0.485950
0.485973
0.485995
0.486017
0.486040
0.486062
0.486084
0.486107
0.486129
0.486152
0.486174
0.486196
0.486219
0.486241
0.486263
0.486286
0.486308
0.486330
0.486352
0.486375
0.486397
0.486419
0.486442
0.486464
0.486486
0.486509
0.486531
0.486553
0.486575
0.486598
0.486620
0.486642
0.486665
0.486687
0.486709
0.486731
0.486754
0.486776
0.486798
0.486820
0.486843
0.486865
0.486887
0.486909
0.486932
0.486954
0.486976
0.486998
0.487021
0.487043
0.487065
0.487087
0.487110
0.487132
0.487154
0.487176
0.487198
0.487221
0.487243
0.487265
0.487287
0.487309
0.487332
0.487354
0.487376
0.487398
0.487420
0.487443
0.487465
0.487487
0.487509
0.487531
0.487554
0.487576
0.487598
0.487620
0.487642
0.487665
0.487687
0.487709
0.487731
0.487753
0.487775
0.487798
0.487820
0.487842
0.487864
0.487886
0.487908
0.487930
0.487953
0.487975
0.487997
0.488019
0.488041
0.488063
0.488086
0.488108
0.488130
0.488152
0.488174
0.488196
0.488218
0.488241
0.488263
0.488285
0.488307
0.488329
0.488351
0.488373
0.488395
0.488418
0.488440
0.488462
0.488484
0.488506
0.488528
0.488550
0.488572
0.488595
0.488617
0.488639
0.488661
0.488683
0.488705
0.488727
0.488749
0.488771
0.488794
0.488816
0.488838
0.488860
0.488882
0.488904
0.488926
0.488948
0.488970
0.488992
0.489015
0.489037
0.489059
0.489081
0.489103
0.489125
0.489147
0.489169
0.489191
0.489213
0.489235
0.489258
0.489280
0.489302
0.489324
0.489346
0.489368
0.489390
0.489412
0.489434
0.489456
0.489478
0.489500
0.489523
0.489545
0.489567
0.489589
0.489611
0.489633
0.489655
0.489677
0.489699
0.489721
0.489743
0.489765
0.489788
0.489810
0.489832
0.489854
0.489876
0.489898
0.489920
0.489942
0.489964
0.489986
0.490008
0.490030
0.490052
0.490075
0.490097
0.490119
0.490141
0.490163
0.490185
0.490207
0.490229
0.490251
0.490273
0.490295
0.490317
0.490339
0.490361
0.490384
0.490406
0.490428
0.490450
0.490472
0.490494
0.490516
0.490538
0.490560
0.490582
0.490604
0.490626
0.490648
0.490670
0.490693
0.490715
0.490737
0.490759
0.490781
0.490803
0.490825
0.490847
0.490869
0.490891
0.490913
0.490935
0.490957
0.490979
0.491002
0.491024
0.491046
0.491068
0.491090
0.491112
0.491134
0.491156
0.491178
0.491200
0.491222
0.491244
0.491266
0.491289
0.491311
0.491333
0.491355
0.491377
0.491399
0.491421
0.491443
0.491465
0.491487
0.491509
0.491531
0.491553
0.491576
0.491598
0.491620
0.491642
0.491664
0.491686
0.491708
0.491730
0.491752
0.491774
0.491796
0.491818
0.491841
0.491863
0.491885
0.491907
0.491929
0.491951
0.491973
0.491995
0.492017
0.492039
0.492061
0.492084
0.492106
0.492128
0.492150
0.492172
0.492194
0.492216
0.492238
0.492260
0.492282
0.492305
0.492327
0.492349
0.492371
0.492393
0.492415
0.492437
0.492459
0.492481
0.492503
0.492526
0.492548
0.492570
0.492592
0.492614
0.492636
0.492658
0.492680
0.492702
0.492725
0.492747
0.492769
0.492791
0.492813
0.492835
0.492857
0.492879
0.492901
0.492924
0.492946
0.492968
0.492990
0.493012
0.493034
0.493056
0.493078
0.493101
0.493123
0.493145
0.493167
0.493189
0.493211
0.493233
0.493256
0.493278
0.493300
0.493322
0.493344
0.493366
0.493388
0.493410
0.493433
0.493455
0.493477
0.493499
0.493521
0.493543
0.493565
0.493588
0.493610
0.493632
0.493654
0.493676
0.493698
0.493721
0.493743
0.493765
0.493787
0.493809
0.493831
0.493854
0.493876
0.493898
0.493920
0.493942
0.493964
0.493987
0.494009
0.494031
0.494053
0.494075
0.494097
0.494120
0.494142
0.494164
0.494186
0.494208
0.494230
0.494253
0.494275
0.494297
0.494319
0.494341
0.494364
0.494386
0.494408
0.494430
0.494452
0.494475
0.494497
0.494519
0.494541
0.494563
0.494586
0.494608
0.494630
0.494652
0.494674
0.494697
0.494719
0.494741
0.494763
0.494785
0.494808
0.494830
0.494852
0.494874
0.494896
0.494919
0.494941
0.494963
0.494985
0.495008
0.495030
0.495052
0.495074
0.495096
0.495119
0.495141
0.495163
0.495185
0.495208
0.495230
0.495252
0.495274
0.495297
0.495319
0.495341
0.495363
0.495386
0.495408
0.495430
0.495452
0.495475
0.495497
0.495519
0.495541
0.495564
0.495586
0.495608
0.495630
0.495653
0.495675
0.495697
0.495719
0.495742
0.495764
0.495786
0.495809
0.495831
0.495853
0.495875
0.495898
0.495920
0.495942
0.495965
0.495987
0.496009
0.496031
0.496054
0.496076
0.496098
0.496121
0.496143
0.496165
0.496187
0.496210
0.496232
0.496254
0.496277
0.496299
0.496321
0.496344
0.496366
0.496388
0.496411
0.496433
0.496455
0.496478
0.496500
0.496522
0.496544
0.496567
0.496567
0.496589
0.496611
0.496634
0.496656
0.496678
0.496701
0.496723
0.496745
0.496768
0.496790
0.496813
0.496835
0.496857
0.496880
0.496902
0.496924
0.496947
0.496969
0.496991
0.497014
0.497036
0.497058
0.497081
0.497103
0.497126
0.497148
0.497170
0.497193
0.497215
0.497237
0.497260
0.497282
0.497305
0.497327
0.497349
0.497372
0.497394
0.497416
0.497439
0.497461
0.497484
0.497506
0.497528
0.497551
0.497573
0.497596
0.497618
0.497640
0.497663
0.497685
0.497708
0.497730
0.497752
0.497775
0.497797
0.497820
0.497842
0.497865
0.497887
0.497909
0.497932
0.497954
0.497977
0.497999
0.498022
0.498044
0.498066
0.498089
0.498111
0.498134
0.498156
0.498179
0.498201
0.498224
0.498246
0.498268
0.498291
0.498313
0.498336
0.498358
0.498381
0.498403
0.498426
0.498448
0.498471
0.498493
0.498516
0.498538
0.498561
0.498583
0.498605
0.498628
0.498650
0.498673
0.498695
0.498718
0.498740
0.498763
0.498785
0.498808
0.498830
0.498853
0.498875
0.498898
0.498920
0.498943
0.498965
0.498988
0.499010
0.499033
0.499055
0.499078
0.499101
0.499123
0.499146
0.499168
0.499191
0.499213
0.499236
0.499258
0.499281
0.499303
0.499326
0.499348
0.499371
0.499393
0.499416
0.499439
0.499461
0.499484
0.499506
0.499529
0.499551
0.499574
0.499596
0.499619
0.499642
0.499664
0.499687
0.499709
0.499732
0.499754
0.499777
0.499800
0.499822
0.499845
0.499867
0.499890
0.499913
0.499935
0.499958
0.499980
0.500003
0.500026
0.500048
0.500071
0.500093
0.500116
0.500139
0.500161
0.500184
0.500206
0.500229
0.500252
0.500274
0.500297
0.500319
0.500342
0.500365
0.500387
0.500410
0.500433
0.500455
0.500478
0.500501
0.500523
0.500546
0.500568
0.500591
0.500614
0.500636
0.500659
0.500682
0.500704
0.500727
0.500750
0.500772
0.500795
0.500818
0.500840
0.500863
0.500886
0.500908
0.500931
0.500954
0.500976
0.500999
0.501022
0.501044
0.501067
0.501090
0.501113
0.501135
0.501158
0.501181
0.501203
0.501226
0.501249
0.501271
0.501294
0.501317
0.501340
0.501362
0.501385
0.501408
0.501430
0.501453
0.501476
0.501499
0.501521
0.501544
0.501567
0.501590
0.501612
0.501635
0.501658
0.501681
0.501703
0.501726
0.501749
0.501772
0.501794
0.501817
0.501840
0.501863
0.501885
0.501908
0.501931
0.501954
0.501976
0.501999
0.502022
0.502045
0.502067
0.502090
0.502113
0.502136
0.502159
0.502181
0.502204
0.502227
0.502250
0.502273
0.502295
0.502318
0.502341
0.502364
0.502387
0.502409
0.502432
0.502455
0.502478
0.502501
0.502523
0.502546
0.502569
0.502592
0.502615
0.502638
0.502660
0.502683
0.502706
0.502729
0.502752
0.502775
0.502797
0.502820
0.502843
0.502866
0.502889
0.502912
0.502935
0.502957
0.502980
0.503003
0.503026
0.503049
0.503072
0.503095
0.503118
0.503140
0.503163
0.503186
0.503209
0.503232
0.503255
0.503278
0.503301
0.503324
0.503346
0.503369
0.503392
0.503415
0.503438
0.503461
0.503484
0.503507
0.503530
0.503553
0.503576
0.503598
0.503621
0.503644
0.503667
0.503690
0.503713
0.503736
0.503759
0.503782
0.503805
0.503828
0.503851
0.503874
0.503897
0.503919
0.503943
0.503966
0.503988
0.504012
0.504034
0.504057
0.504081
0.504103
0.504126
0.504150
0.504172
0.504196
0.504218
0.504241
0.504265
0.504286
0.504310
0.504334
0.504354
0.504380
0.504402
0.504423
0.504451
0.504469
0.504493
0.504521
0.504535
0.504566
0.504588
0.504603
0.504640
0.504651
0.504674
0.504713
0.504711
0.504753
0.504779
0.504773
0.504838
0.504833
0.504845
0.504923
0.504875
0.504939
0.504989
0.504917
0.505061
0.505017
0.504983
0.505192
0.505013
0.505110
0.505263
0.505009
0.505326
0.505224
0.505054
0.505586
0.505169
0.505204
0.505646
0.505146
0.505444
0.505525
0.505142
0.505812
0.505399
0.505276
0.505933
0.505374
0.505458
0.505854
0.505349
0.505730
0.505696
0.505364
0.506103
0.505604
0.505528
0.506121
0.505574
0.505728
0.506023
0.505550
0.506048
0.505853
0.505609
0.506362
0.505803
0.505789
0.506305
0.505772
0.506019
0.506177
0.505756
0.506389
0.506023
0.505879
0.506559
0.505990
0.506074
0.506467
0.505960
0.506363
0.506297
0.505982
0.506739
0.506210
0.506164
0.506715
0.506173
0.506392
0.506591
0.506152
0.506761
0.506423
0.506267
0.506962
0.506385
0.506470
0.506860
0.506352
0.506771
0.506682
0.506380
0.507146
0.506599
0.506574
0.507096
0.506558
0.506821
0.506954
0.506542
0.507215
0.506799
0.506694
0.507328
0.506758
0.506918
0.507203
0.506726
0.507274
0.507014
0.506814
0.507551
0.506965
0.507026
0.507440
0.506923
0.507330
0.507258
0.506947
0.507720
0.507166
0.507154
0.507654
0.507118
0.507424
0.507494
0.507109
0.507837
0.507353
0.507296
0.507862
0.507305
0.507552
0.507709
0.507281
0.507962
0.507538
0.507446
0.508065
0.507490
0.507694
0.507694
0.507914
0.507457
0.508092
0.507724
0.507598
0.508263
0.507674
0.507842
0.508112
0.507635
0.508228
0.507911
0.507753
0.508456
0.507857
0.507995
0.508304
0.507813
0.508370
0.508097
0.507912
0.508644
0.508039
0.508154
0.508491
0.507991
0.508521
0.508281
0.508077
0.508826
0.508217
0.508321
0.508670
0.508166
0.508686
0.508459
0.508247
0.509004
0.508392
0.508496
0.508842
0.508339
0.508865
0.508628
0.508425
0.509176
0.508561
0.508679
0.509006
0.508508
0.509061
0.508790
0.508611
0.509342
0.508725
0.508873
0.509161
0.508674
0.509278
0.508943
0.508808
0.509492
0.508880
0.509085
0.509297
0.508837
0.509522
0.509091
0.509023
0.509613
0.509026
0.509326
0.509405
0.509005
0.509789
0.509243
0.509250
0.509711
0.509173
0.509591
0.509497
0.509203
0.510011
0.509394
0.509473
0.509832
0.509328
0.509856
0.509610
0.509423
0.510165
0.509534
0.509708
0.509953
0.509481
0.510148
0.509733
0.509665
0.510258
0.509660
0.509990
0.510026
0.509647
0.510465
0.509874
0.509922
0.510312
0.509800
0.510301
0.510087
0.509881
0.510644
0.510003
0.510178
0.510415
0.509947
0.510629
0.510192
0.510149
0.510706
0.510114
0.510500
0.510455
0.510124
0.510964
0.510329
0.510423
0.510740
0.510256
0.510835
0.510512
0.510397
0.511063
0.510432
0.510729
0.510804
0.510404
0.511223
0.510630
0.510696
0.511055
0.510551
0.511107
0.510816
0.510675
0.511376
0.510732
0.511010
0.511106
0.510696
0.511508
0.510921
0.510993
0.511344
0.510840
0.511416
0.511099
0.510982
0.511655
0.511012
0.511333
0.511370
0.510991
0.511835
0.511206
0.511312
0.511601
0.511129
0.511751
0.511366
0.511315
0.511894
0.511276
0.511704
0.511596
0.511308
0.512158
0.511479
0.511648
0.511850
0.511414
0.512117
0.511629
0.511669
0.512101
0.511539
0.512113
0.511809
0.511675
0.512379
0.511714
0.512047
0.512057
0.511699
0.512553
0.511898
0.512046
0.512265
0.511827
0.512514
0.512038
0.512082
0.512510
0.511944
0.512543
0.512207
0.512104
0.512766
0.512106
0.512503
0.512427
0.512123
0.512983
0.512293
0.512491
0.512637
0.512236
0.512976
0.512427
0.512545
0.512845
0.512341
0.513046
0.512571
0.512602
0.513045
0.512469
0.513075
0.512727
0.512642
0.513280
0.512620
0.513069
0.512919
0.512671
0.513506
0.512798
0.513062
0.513123
0.512762
0.513562
0.512935
0.513128
0.513293
0.512871
0.513642
0.513066
0.513211
0.513455
0.512983
0.513731
0.513195
0.513300
0.513612
0.513099
0.513820
0.513322
0.513391
0.513769
0.513217
0.513907
0.513450
0.513479
0.513929
0.513338
0.513987
0.513582
0.513562
0.514098
0.513465
0.514054
0.513720
0.513636
0.514280
0.513601
0.514103
0.513873
0.513702
0.514464
0.513750
0.514144
0.514035
0.513783
0.514602
0.513891
0.514215
0.514181
0.513891
0.514698
0.514014
0.514317
0.514312
0.514002
0.514815
0.514135
0.514431
0.514431
0.514121
0.514928
0.514252
0.514553
0.514545
0.514241
0.515050
0.514367
0.514679
0.514654
0.514364
0.515168
0.514479
0.514810
0.514760
0.514487
0.515288
0.514591
0.514942
0.514864
0.514612
0.515404
0.514701
0.515076
0.514966
0.514738
0.515520
0.514809
0.515212
0.515067
0.514866
0.515631
0.514915
0.515351
0.515166
0.514997
0.515736
0.515019
0.515495
0.515262
0.515132
0.515832
0.515118
0.515648
0.515353
0.515276
0.515908
0.515212
0.515820
0.515437
0.515442
0.515945
0.515298
0.516029
0.515514
0.515647
0.515907
0.515407
0.516252
0.515602
0.515870
0.515866
0.515595
0.516346
0.515673
0.516082
0.515922
0.515746
0.516489
0.515763
0.516278
0.515982
0.515931
0.516518
0.515832
0.516516
0.516040
0.516156
0.516458
0.515919
0.516792
0.516119
0.516419
0.516346
0.516153
0.516828
0.516165
0.516676
0.516391
0.516328
0.516940
0.516236
0.516930
0.516434
0.516587
0.516822
0.516325
0.517231
0.516515
0.516867
0.516698
0.516618
0.517163
0.516533
0.517194
0.516732
0.516856
0.517149
0.516606
0.517525
0.516804
0.517166
0.516968
0.516933
0.517414
0.516808
0.517534
0.516997
0.517212
0.517330
0.516924
0.517832
0.517076
0.517505
0.517225
0.517270
0.517656
0.517076
0.517925
0.517261
0.517610
0.517459
0.517350
0.517952
0.517279
0.517962
0.517459
0.517662
0.517809
0.517370
0.518319
0.517536
0.517988
0.517648
0.517797
0.518014
0.517537
0.518464
0.517706
0.518154
0.517822
0.517961
0.518194
0.517704
0.518637
0.517875
0.518333
0.517981
0.518153
0.518333
0.517879
0.518823
0.518040
0.518525
0.518133
0.518361
0.518452
0.518066
0.519003
0.518199
0.518723
0.518287
0.518563
0.518581
0.518256
0.519166
0.518354
0.518921
0.518446
0.518757
0.518719
0.518446
0.519314
0.518504
0.519123
0.518604
0.518952
0.518852
0.518648
0.519437
0.518645
0.519341
0.518761
0.519160
0.518965
0.518885
0.519494
0.518768
0.519616
0.518915
0.519411
0.519025
0.519025
0.519242
0.519353
0.518945
0.519927
0.519084
0.519672
0.519121
0.519605
0.519291
0.519361
0.519740
0.519120
0.520152
0.519307
0.519887
0.519315
0.519872
0.519453
0.519675
0.519788
0.519369
0.520390
0.519515
0.520135
0.519524
0.520127
0.519642
0.519969
0.519895
0.519674
0.520498
0.519671
0.520447
0.519750
0.520364
0.519832
0.520268
0.520012
0.520029
0.520493
0.519817
0.520865
0.519991
0.520654
0.519975
0.520706
0.520056
0.520644
0.520150
0.520546
0.520351
0.520295
0.520881
0.520136
0.521152
0.520283
0.521006
0.520274
0.521072
0.520337
0.521063
0.520386
0.521075
0.520451
0.521064
0.520535
0.521010
0.520683
0.520840
0.521055
0.520550
0.521685
0.520729
0.521466
0.520663
0.521638
0.520741
0.521620
0.520755
0.521698
0.520801
0.521733
0.520833
0.521793
0.520873
0.521839
0.520908
0.521894
0.520948
0.521945
0.520986
0.522001
0.521027
0.522056
0.521068
0.522117
0.521111
0.522179
0.521157
0.522249
0.521207
0.522323
0.521260
0.522411
0.521322
0.522509
0.521391
0.522641
0.521483
0.522792
0.521590
0.523071
0.521783
0.523420
0.522018
0.524813
0.521553
0.528946
0.527728
0.526610
0.524612
0.533949
0.528267
0.537639
0.541917
0.532829
0.540060
0.540499
0.543511
0.540313
0.556529
0.561686
0.548337
0.557577
0.564778
0.572707
0.571997
0.582995
0.592554
0.612399
0.619793
0.623629
0.620858
0.631025
0.640652
0.645723
0.658479
0.666153
0.651954
0.662661
0.681832
0.693566
0.700536
0.688909
0.705536
0.723973
0.724441
0.726282
0.724307
0.685594
0.707424
0.726350
0.724321
0.747231
0.756014
0.757750
0.760441
0.761342
0.759955
0.757698
0.755672
0.754898
0.751526
0.753324
0.751021
0.730038
0.754114
0.708618
0.710481
0.716400
0.736391
0.750017
0.755528
0.755407
0.756515
0.751934
0.748750
0.735886
0.699539
0.705277
0.723970
0.742359
0.753924
0.757460
0.754708
0.741916
0.738051
0.706457
0.705028
0.731043
0.735839
0.716123
0.725378
0.733159
0.732788
0.705759
0.714107
0.692092
0.701948
0.721973
0.731858
0.740125
0.716226
0.730202
0.729469
0.695231
0.699674
0.701585
0.701550
0.724492
0.710853
0.726757
0.716284
0.730525
0.754939
0.753468
0.702351
0.708407
0.713867
0.730340
0.725680
0.731277
0.616778
0.612481
0.609324
0.606853
0.604844
0.603160
0.601713
0.600444
0.599315
0.598297
0.597369
0.596517
0.595729
0.594994
0.594307
0.593661
0.593050
0.592471
0.591920
0.591394
0.590891
0.590408
0.589942
0.589492
0.589056
0.588633
0.588219
0.587814
0.587414
0.587016
0.586616
0.586206
0.585781
0.585577
0.585340
0.585053
0.584891
0.585067
0.584542
0.584079
0.583923
0.582687
0.569606
0.569614
0.561429
0.561434
0.561358
0.561148
0.561077
0.561059
0.560689
0.560586
0.560271
0.559839
0.560182
0.559870
0.559615
0.559556
0.558362
0.554649
0.554786
0.554614
0.554625
0.554577
0.553781
0.553516
0.553503
0.552736
0.550985
0.550985
0.550984
0.551158
0.551170
0.551052
0.550758
0.550541
0.544505
0.543613
0.543479
0.543256
0.542973
0.542392
0.541352
0.540582
0.540551
0.540502
0.540406
0.539756
0.538642
0.538213
0.537717
0.536907
0.536897
0.536512
0.536393
0.536394
0.536392
0.536398
0.536398
0.536397
0.536397
0.536398
0.536398
0.536399
0.536399
0.536399
0.536399
0.536399
0.536399
0.536399
0.536399
0.536400
0.536400
0.536400
0.536399
0.536400
0.536400
0.536400
0.536400
0.536400
0.536399
0.536398
0.536398
0.536400
0.536400
0.536399
0.536401
0.536400
0.536400
0.536400
0.536400
0.536401
0.536400
0.536400
0.536400
0.536399
0.536407
0.536406
0.536406
0.536405
0.536405
0.536406
0.536406
0.536406
0.536406
0.536406
0.536407
0.536407
0.536406
0.536406
0.536406
0.536405
0.536405
0.536404
0.536404
0.536404
0.536404
0.536403
0.536403
0.536403
0.536403
0.536402
0.536402
0.536402
0.536402
0.536402
0.536401
0.536401
0.536401
0.536401
0.536401
0.536401
0.536401
0.536400
0.536400
0.536400
0.536400
0.536400
0.536400
0.536400
0.536400
0.536400
0.536400
0.536400
0.536400
0.536400
0.536400
0.536401
0.536401
0.536401
0.536401
0.536401
0.536401
0.536401
0.536401
0.536401
0.536401
0.536402
0.536402
0.536402
0.536402
0.536402
0.536402
0.536402
0.536402
0.536403
0.536403
0.536403
0.536403
0.536403
0.536403
0.536403
0.536404
0.536404
0.536404
0.536404
0.536404
0.536404
0.536404
0.536405
0.536405
0.536405
0.536405
0.536405
0.536405
0.536405
0.536406
0.536406
0.536406
0.536406
0.536406
0.536406
0.536406
0.536407
0.536407
0.536407
0.536407
0.536407
0.536407
0.536407
0.536407
0.536408
0.536408
0.536408
0.536408
0.536408
0.536408
0.536408
0.536408
0.536408
0.536409
0.536409
0.536409
0.536409
0.536409
0.536409
0.536409
0.536409
0.536409
0.536409
0.536410
0.536410
0.536410
0.536410
0.536410
0.536410
0.536410
0.536410
0.536410
0.536410
0.536410
0.536410
0.536410
0.536410
0.536411
0.536411
0.536411
0.536411
0.536411
0.536411
0.536411
0.536411
0.536411
0.536411
0.536411
0.536411
0.536411
0.536411
0.536411
0.536412
0.536412
0.536412
0.536412
0.536412
0.536412
0.536412
0.536412
0.536412
0.536412
0.536412
0.536412
0.536412
0.536412
0.536412
0.536412
0.536412
0.536412
0.536412
0.536412
0.536412
0.536412
0.536412
0.536412
0.536412
0.536412
0.536412
0.536412
0.536412
0.536412
0.536413
0.536413
0.536413
0.536413
0.536413
0.536413
0.536413
0.536413
0.536413
0.536413
0.536413
0.536413
0.536413
0.536413
0.536413
0.536413
0.536413
0.536413
0.536413
0.536413
0.536413
0.536413
0.536413
0.536413
0.536413
0.536413
0.536413
0.536413
0.536412
0.536412
0.536412
0.536412
0.536412
0.536412
0.536412
0.536412
0.536412
0.536412
0.536412
0.536412
0.536412
0.536412
0.536412
0.536412
0.536412
0.536412
0.536412
0.536412
0.536412
0.536412
0.536412
0.536412
0.536412
0.536412
0.536412
0.536412
0.536412
0.536412
0.536412
0.536411
0.536411
0.536411
0.536411
0.536411
0.536411
0.536411
0.536411
0.536411
0.536411
0.536411
0.536411
0.536411
0.536411
0.536411
0.536411
0.536411
0.536410
0.536410
0.536410
0.536410
0.536410
0.536410
0.536410
0.536410
0.536410
0.536410
0.536410
0.536410
0.536410
0.536410
0.536409
0.536409
0.536409
0.536409
0.536409
0.536409
0.536409
0.536409
0.536409
0.536409
0.536409
0.536409
0.536408
0.536408
0.536408
0.536408
0.536408
0.536408
0.536408
0.536408
0.536408
0.536408
0.536407
0.536407
0.536407
0.536407
0.536407
0.536407
0.536407
0.536407
0.536407
0.536407
0.536406
0.536406
0.536406
0.536406
0.536406
0.536406
0.536406
0.536406
0.536405
0.536405
0.536405
0.536405
0.536405
0.536405
0.536405
0.536405
0.536405
0.536404
0.536404
0.536404
0.536404
0.536404
0.536404
0.536404
0.536403
0.536403
0.536403
0.536403
0.536403
0.536403
0.536403
0.536403
0.536402
0.536402
0.536402
0.536402
0.536402
0.536402
0.536402
0.536401
0.536401
0.536401
0.536401
0.536401
0.536401
0.536401
0.536400
0.536400
0.536400
0.536400
0.536400
0.536400
0.536399
0.536399
0.536399
0.536399
0.536399
0.536399
0.536398
0.536398
0.536398
0.536398
0.536398
0.536398
0.536398
0.536397
0.536397
0.536397
0.536397
0.536397
0.536396
0.536396
0.536396
0.536396
0.536396
0.536396
0.536395
0.536395
0.536395
0.536395
0.536395
0.536395
0.536394
0.536394
0.536394
0.536394
0.536394
0.536393
0.536393
0.536393
0.536393
0.536393
0.536393
0.536392
0.536392
0.536392
0.536392
0.536392
0.536391
0.536391
0.536391
0.536391
0.536391
0.536390
0.536390
0.536390
0.536390
0.536390
0.536389
0.536389
0.536389
0.536389
0.536389
0.536388
0.536388
0.536388
0.536388
0.536388
0.536387
0.536387
0.536387
0.536387
0.536386
0.536386
0.536386
0.536386
0.536386
0.536385
0.536385
0.536385
0.536385
0.536385
0.536384
0.536384
0.536384
0.536384
0.536383
0.536383
0.536383
0.536383
0.536383
0.536382
0.536382
0.536382
0.536382
0.536381
0.536381
0.536381
0.536381
0.536381
0.536380
0.536380
0.536380
0.536380
0.536379
0.536379
0.536379
0.536379
0.536378
0.536378
0.536378
0.536378
0.536377
0.536377
0.536377
0.536377
0.536376
0.536376
0.536376
0.536376
0.536375
0.536375
0.536375
0.536375
0.536374
0.536374
0.536374
0.536374
0.536373
0.536373
0.536373
0.536373
0.536372
0.536372
0.536372
0.536372
0.536371
0.536371
0.536371
0.536371
0.536370
0.536370
0.536370
0.536370
0.536369
0.536369
0.536369
0.536369
0.536368
0.536368
0.536368
0.536368
0.536367
0.536367
0.536367
0.536366
0.536366
0.536366
0.536366
0.536365
0.536365
0.536365
0.536365
0.536364
0.536364
0.536364
0.536363
0.536363
0.536363
0.536363
0.536362
0.536362
0.536362
0.536362
0.536361
0.536361
0.536361
0.536360
0.536360
0.536360
0.536360
0.536359
0.536359
0.536359
0.536358
0.536358
0.536358
0.536358
0.536357
0.536357
0.536357
0.536356
0.536356
0.536356
0.536356
0.536355
0.536355
0.536355
0.536354
0.536354
0.536354
0.536354
0.536353
0.536353
0.536353
0.536352
0.536352
0.536352
0.536351
0.536351
0.536351
0.536351
0.536350
0.536350
0.536350
0.536349
0.536349
0.536349
0.536348
0.536348
0.536348
0.536348
0.536347
0.536347
0.536347
0.536346
0.536346
0.536346
0.536345
0.536345
0.536345
0.536344
0.536344
0.536344
0.536344
0.536343
0.536343
0.536343
0.536342
0.536342
0.536342
0.536341
0.536341
0.536341
0.536340
0.536340
0.536340
0.536339
0.536339
0.536339
0.536338
0.536338
0.536338
0.536338
0.536337
0.536337
0.536337
0.536336
0.536336
0.536336
0.536335
0.536335
0.536335
0.536334
0.536334
0.536334
0.536333
0.536333
0.536333
0.536332
0.536332
0.536332
0.536331
0.536331
0.536331
0.536330
0.536330
0.536330
0.536330
0.536329
0.536329
0.536329
0.536328
0.536328
0.536328
0.536327
0.536327
0.536327
0.536326
0.536326
0.536326
0.536325
0.536325
0.536325
0.536324
0.536324
0.536324
0.536323
0.536323
0.536323
0.536322
0.536322
0.536322
0.536321
0.536321
0.536321
0.536320
0.536320
0.536320
0.536319
0.536319
0.536318
0.536318
0.536318
0.536317
0.536317
0.536317
0.536316
0.536316
0.536316
0.536315
0.536315
0.536315
0.536314
0.536314
0.536314
0.536313
0.536313
0.536313
0.536312
0.536312
0.536311
0.536311
0.536311
0.536310
0.536310
0.536310
0.536309
0.536309
0.536309
0.536308
0.536308
0.536308
0.536307
0.536307
0.536306
0.536306
0.536306
0.536305
0.536305
0.536305
0.536304
0.536304
0.536304
0.536303
0.536303
0.536303
0.536302
0.536302
0.536301
0.536301
0.536301
0.536300
0.536300
0.536300
0.536299
0.536299
0.536299
0.536298
0.536298
0.536297
0.536297
0.536297
0.536296
0.536296
0.536296
0.536295
0.536295
0.536294
0.536294
0.536294
0.536293
0.536293
0.536293
0.536292
0.536292
0.536291
0.536291
0.536291
0.536290
0.536290
0.536290
0.536289
0.536289
0.536288
0.536288
0.536288
0.536287
0.536287
0.536287
0.536286
0.536286
0.536285
0.536285
0.536285
0.536284
0.536284
0.536284
0.536283
0.536283
0.536282
0.536282
0.536282
0.536281
0.536281
0.536280
0.536280
0.536280
0.536279
0.536279
0.536279
0.536278
0.536278
0.536277
0.536277
0.536277
0.536276
0.536276
0.536275
0.536275
0.536275
0.536274
0.536274
0.536274
0.536273
0.536273
0.536272
0.536272
0.536272
0.536271
0.536271
0.536270
0.536270
0.536270
0.536269
0.536269
0.536268
0.536268
0.536268
0.536267
0.536267
0.536266
0.536266
0.536266
0.536265
0.536265
0.536264
0.536264
0.536264
0.536263
0.536263
0.536262
0.536262
0.536262
0.536261
0.536261
0.536260
0.536260
0.536260
0.536259
0.536259
0.536258
0.536258
0.536258
0.536257
0.536257
0.536256
0.536256
0.536256
0.536255
0.536255
0.536254
0.536254
0.536254
0.536253
0.536253
0.536252
0.536252
0.536252
0.536251
0.536251
0.536250
0.536250
0.536250
0.536249
0.536249
0.536248
0.536248
0.536248
0.536247
0.536247
0.536246
0.536246
0.536246
0.536245
0.536245
0.536244
0.536244
0.536243
0.536243
0.536243
0.536242
0.536242
0.536241
0.536241
0.536241
0.536240
0.536240
0.536239
0.536239
0.536239
0.536238
0.536238
0.536237
0.536237
0.536236
0.536236
0.536236
0.536235
0.536235
0.536234
0.536234
0.536234
0.536233
0.536233
0.536232
0.536232
0.536231
0.536231
0.536231
0.536230
0.536230
0.536229
0.536229
0.536229
0.536228
0.536228
0.536227
0.536227
0.536226
0.536226
0.536226
0.536225
0.536225
0.536224
0.536224
0.536224
0.536223
0.536223
0.536222
0.536222
0.536221
0.536221
0.536221
0.536220
0.536220
0.536219
0.536219
0.536218
0.536218
0.536218
0.536217
0.536217
0.536216
0.536216
0.536215
0.536215
0.536215
0.536214
0.536214
0.536213
0.536213
0.536212
0.536212
0.536212
0.536211
0.536211
0.536210
0.536210
0.536209
0.536209
0.536209
0.536208
0.536208
0.536207
0.536207
0.536206
0.536206
0.536206
0.536205
0.536205
0.536204
0.536204
0.536203
0.536203
0.536203
0.536202
0.536202
0.536201
0.536201
0.536200
0.536200
0.536200
0.536199
0.536199
0.536198
0.536198
0.536197
0.536197
0.536196
0.536196
0.536196
0.536195
0.536195
0.536194
0.536194
0.536193
0.536193
0.536193
0.536192
0.536192
0.536191
0.536191
0.536190
0.536190
0.536189
0.536189
0.536189
0.536188
0.536188
0.536187
0.536187
0.536186
0.536186
0.536186
0.536185
0.536185
0.536184
0.536184
0.536183
0.536183
0.536182
0.536182
0.536182
0.536181
0.536181
0.536180
0.536180
0.536179
0.536179
0.536178
0.536178
0.536178
0.536177
0.536177
0.536176
0.536176
0.536175
0.536175
0.536174
0.536174
0.536174
0.536173
0.536173
0.536172
0.536172
0.536171
0.536171
0.536170
0.536170
0.536170
0.536169
0.536169
0.536168
0.536168
0.536167
0.536167
0.536166
0.536166
0.536166
0.536165
0.536165
0.536164
0.536164
0.536163
0.536163
0.536162
0.536162
0.536162
0.536161
0.536161
0.536160
0.536160
0.536159
0.536159
0.536158
0.536158
0.536157
0.536157
0.536157
0.536156
0.536156
0.536155
0.536155
0.536154
0.536154
0.536153
0.536153
0.536152
0.536152
0.536152
0.536151
0.536151
0.536150
0.536150
0.536149
0.536149
0.536148
0.536148
0.536148
0.536147
0.536147
0.536146
0.536146
0.536145
0.536145
0.536144
0.536144
0.536143
0.536143
0.536143
0.536142
0.536142
0.536141
0.536141
0.536140
0.536140
0.536139
0.536139
0.536138
0.536138
0.536137
0.536137
0.536137
0.536136
0.536136
0.536135
0.536135
0.536134
0.536134
0.536133
0.536133
0.536132
0.536132
0.536132
0.536131
0.536131
0.536130
0.536130
0.536129
0.536129
0.536128
0.536128
0.536127
0.536127
0.536126
0.536126
0.536126
0.536126
0.536125
0.536125
0.536124
0.536124
0.536123
0.536123
0.536122
0.536122
0.536121
0.536121
0.536121
0.536120
0.536120
0.536119
0.536119
0.536118
0.536118
0.536117
0.536117
0.536116
0.536116
0.536115
0.536115
0.536114
0.536114
0.536114
0.536113
0.536113
0.536112
0.536112
0.536111
0.536111
0.536110
0.536110
0.536109
0.536109
0.536108
0.536108
0.536108
0.536107
0.536107
0.536106
0.536106
0.536105
0.536105
0.536104
0.536104
0.536103
0.536103
0.536102
0.536102
0.536101
0.536101
0.536101
0.536100
0.536100
0.536099
0.536099
0.536098
0.536098
0.536097
0.536097
0.536096
0.536096
0.536095
0.536095
0.536094
0.536094
0.536094
0.536093
0.536093
0.536092
0.536092
0.536091
0.536091
0.536090
0.536090
0.536089
0.536089
0.536088
0.536088
0.536087
0.536087
0.536087
0.536086
0.536086
0.536085
0.536085
0.536084
0.536084
0.536083
0.536083
0.536082
0.536082
0.536081
0.536081
0.536080
0.536080
0.536080
0.536079
0.536079
0.536078
0.536078
0.536077
0.536077
0.536076
0.536076
0.536075
0.536075
0.536074
0.536074
0.536073
0.536073
0.536072
0.536072
0.536072
0.536071
0.536071
0.536070
0.536070
0.536069
0.536069
0.536068
0.536068
0.536067
0.536067
0.536066
0.536066
0.536065
0.536065
0.536064
0.536064
0.536063
0.536063
0.536063
0.536062
0.536062
0.536061
0.536061
0.536060
0.536060
0.536059
0.536059
0.536058
0.536058
0.536057
0.536057
0.536056
0.536056
0.536055
0.536055
0.536055
0.536054
0.536054
0.536053
0.536053
0.536052
0.536052
0.536051
0.536051
0.536050
0.536050
0.536049
0.536049
0.536048
0.536048
0.536047
0.536047
0.536046
0.536046
0.536045
0.536045
0.536045
0.536044
0.536044
0.536043
0.536043
0.536042
0.536042
0.536041
0.536041
0.536040
0.536040
0.536039
0.536039
0.536038
0.536038
0.536037
0.536037
0.536036
0.536036
0.536036
0.536035
0.536035
0.536034
0.536034
0.536033
0.536033
0.536032
0.536032
0.536031
0.536031
0.536030
0.536030
0.536029
0.536029
0.536028
0.536028
0.536027
0.536027
0.536026
0.536026
0.536026
0.536025
0.536025
0.536024
0.536024
0.536023
0.536023
0.536022
0.536022
0.536021
0.536021
0.536020
0.536020
0.536019
0.536019
0.536018
0.536018
0.536017
0.536017
0.536016
0.536016
0.536016
0.536015
0.536015
0.536014
0.536014
0.536013
0.536013
0.536012
0.536012
0.536011
0.536011
0.536010
0.536010
0.536009
0.536009
0.536008
0.536008
0.536007
0.536007
0.536006
0.536006
0.536005
0.536005
0.536005
0.536004
0.536004
0.536003
0.536003
0.536002
0.536002
0.536001
0.536001
0.536000
0.536000
0.535999
0.535999
0.535998
0.535998
0.535997
0.535997
0.535996
0.535996
0.535995
0.535995
0.535995
0.535994
0.535994
0.535993
0.535993
0.535992
0.535992
0.535991
0.535991
0.535990
0.535990
0.535989
0.535989
0.535988
0.535988
0.535987
0.535987
0.535986
0.535986
0.535985
0.535985
0.535984
0.535984
0.535984
0.535983
0.535983
0.535982
0.535982
0.535981
0.535981
0.535980
0.535980
0.535979
0.535979
0.535978
0.535978
0.535977
0.535977
0.535976
0.535976
0.535975
0.535975
0.535974
0.535974
0.535973
0.535973
0.535973
0.535972
0.535972
0.535971
0.535971
0.535970
0.535970
0.535969
0.535969
0.535968
0.535968
0.535967
0.535967
0.535966
0.535966
0.535965
0.535965
0.535964
0.535964
0.535963
0.535963
0.535962
0.535962
0.535961
0.535961
0.535961
0.535960
0.535960
0.535959
0.535959
0.535958
0.535958
0.535957
0.535957
0.535956
0.535956
0.535955
0.535955
0.535954
0.535954
0.535953
0.535953
0.535952
0.535952
0.535951
0.535951
0.535950
0.535950
0.535950
0.535949
0.535949
0.535948
0.535948
0.535947
0.535947
0.535946
0.535946
0.535945
0.535945
0.535944
0.535944
0.535943
0.535943
0.535942
0.535942
0.535941
0.535941
0.535940
0.535940
0.535939
0.535939
0.535939
0.535938
0.535938
0.535937
0.535937
0.535936
0.535936
0.535935
0.535935
0.535934
0.535934
0.535933
0.535933
0.535932
0.535932
0.535931
0.535931
0.535930
0.535930
0.535929
0.535929
0.535928
0.535928
0.535928
0.535927
0.535927
0.535926
0.535926
0.535925
0.535925
0.535924
0.535924
0.535923
0.535923
0.535922
0.535922
0.535921
0.535921
0.535920
0.535920
0.535919
0.535919
0.535918
0.535918
0.535918
0.535917
0.535917
0.535916
0.535916
0.535915
0.535915
0.535914
0.535914
0.535913
0.535913
0.535912
0.535912
0.535911
0.535911
0.535910
0.535910
0.535909
0.535909
0.535908
0.535908
0.535907
0.535907
0.535907
0.535906
0.535906
0.535905
0.535905
0.535904
0.535904
0.535903
0.535903
0.535902
0.535902
0.535901
0.535901
0.535900
0.535900
0.535899
0.535899
0.535898
0.535898
0.535897
0.535897
0.535897
0.535896
0.535896
0.535895
0.535895
0.535894
0.535894
0.535893
0.535893
0.535892
0.535892
0.535891
0.535891
0.535890
0.535890
0.535890
0.535889
0.535889
0.535888
0.535888
0.535887
0.535887
0.535887
0.535886
0.535886
0.535885
0.535885
0.535884
0.535884
0.535883
0.535883
0.535882
0.535882
0.535881
0.535881
0.535880
0.535880
0.535879
0.535879
0.535878
0.535878
0.535878
0.535877
0.535877
0.535876
0.535876
0.535875
0.535875
0.535874
0.535874
0.535873
0.535873
0.535872
0.535872
0.535871
0.535871
0.535870
0.535870
0.535869
0.535869
0.535869
0.535868
0.535868
0.535867
0.535867
0.535866
0.535866
0.535865
0.535865
0.535864
0.535864
0.535863
0.535863
0.535862
0.535862
0.535861
0.535861
0.535860
0.535860
0.535860
0.535859
0.535859
0.535858
0.535858
0.535857
0.535857
0.535856
0.535856
0.535855
0.535855
0.535854
0.535854
0.535853
0.535853
0.535852
0.535852
0.535851
0.535851
0.535851
0.535850
0.535850
0.535849
0.535849
0.535848
0.535848
0.535847
0.535847
0.535846
0.535846
0.535845
0.535845
0.535844
0.535844
0.535843
0.535843
0.535843
0.535842
0.535842
0.535841
0.535841
0.535840
0.535840
0.535839
0.535839
0.535838
0.535838
0.535837
0.535837
0.535836
0.535836
0.535835
0.535835
0.535835
0.535834
0.535834
0.535833
0.535833
0.535832
0.535832
0.535831
0.535831
0.535830
0.535830
0.535829
0.535829
0.535828
0.535828
0.535827
0.535827
0.535827
0.535826
0.535826
0.535825
0.535825
0.535824
0.535824
0.535823
0.535823
0.535822
0.535822
0.535821
0.535821
0.535820
0.535820
0.535820
0.535819
0.535819
0.535818
0.535818
0.535817
0.535817
0.535816
0.535816
0.535815
0.535815
0.535814
0.535814
0.535813
0.535813
0.535813
0.535812
0.535812
0.535811
0.535811
0.535810
0.535810
0.535809
0.535809
0.535808
0.535808
0.535807
0.535807
0.535806
0.535806
0.535806
0.535805
0.535805
0.535804
0.535804
0.535803
0.535803
0.535802
0.535802
0.535801
0.535801
0.535800
0.535800
0.535799
0.535799
0.535799
0.535798
0.535798
0.535797
0.535797
0.535796
0.535796
0.535795
0.535795
0.535794
0.535794
0.535793
0.535793
0.535792
0.535792
0.535792
0.535791
0.535791
0.535790
0.535790
0.535789
0.535789
0.535788
0.535788
0.535787
0.535787
0.535786
0.535786
0.535786
0.535785
0.535785
0.535784
0.535784
0.535783
0.535783
0.535782
0.535782
0.535781
0.535781
0.535780
0.535780
0.535779
0.535779
0.535779
0.535778
0.535778
0.535777
0.535777
0.535776
0.535776
0.535775
0.535775
0.535774
0.535774
0.535773
0.535773
0.535773
0.535772
0.535772
0.535771
0.535771
0.535770
0.535770
0.535769
0.535769
0.535768
0.535768
0.535767
0.535767
0.535767
0.535766
0.535766
0.535765
0.535765
0.535764
0.535764
0.535763
0.535763
0.535762
0.535762
0.535762
0.535761
0.535761
0.535760
0.535760
0.535759
0.535759
0.535758
0.535758
0.535757
0.535757
0.535756
0.535756
0.535756
0.535755
0.535755
0.535754
0.535754
0.535753
0.535753
0.535752
0.535752
0.535751
0.535751
0.535751
0.535750
0.535750
0.535749
0.535749
0.535748
0.535748
0.535747
0.535747
0.535746
0.535746
0.535745
0.535745
0.535745
0.535744
0.535744
0.535743
0.535743
0.535742
0.535742
0.535741
0.535741
0.535740
0.535740
0.535740
0.535739
0.535739
0.535738
0.535738
0.535737
0.535737
0.535736
0.535736
0.535735
0.535735
0.535735
0.535734
0.535734
0.535733
0.535733
0.535732
0.535732
0.535731
0.535731
0.535730
0.535730
0.535730
0.535729
0.535729
0.535728
0.535728
0.535727
0.535727
0.535726
0.535726
0.535725
0.535725
0.535725
0.535724
0.535724
0.535723
0.535723
0.535722
0.535722
0.535721
0.535721
0.535720
0.535720
0.535720
0.535719
0.535719
0.535718
0.535718
0.535717
0.535717
0.535716
0.535716
0.535715
0.535715
0.535715
0.535714
0.535714
0.535713
0.535713
0.535712
0.535712
0.535711
0.535711
0.535711
0.535710
0.535710
0.535709
0.535709
0.535708
0.535708
0.535707
0.535707
0.535706
0.535706
0.535706
0.535705
0.535705
0.535704
0.535704
0.535703
0.535703
0.535702
0.535702
0.535702
0.535701
0.535701
0.535700
0.535700
0.535699
0.535699
0.535698
0.535698
0.535697
0.535697
0.535697
0.535696
0.535696
0.535695
0.535695
0.535694
0.535694
0.535693
0.535693
0.535693
0.535692
0.535692
0.535691
0.535691
0.535690
0.535690
0.535689
0.535689
0.535689
0.535688
0.535688
0.535687
0.535687
0.535686
0.535686
0.535685
0.535685
0.535685
0.535684
0.535684
0.535683
0.535683
0.535682
0.535682
0.535681
0.535681
0.535681
0.535680
0.535680
0.535679
0.535679
0.535678
0.535678
0.535677
0.535677
0.535677
0.535676
0.535676
0.535675
0.535675
0.535674
0.535674
0.535673
0.535673
0.535673
0.535672
0.535672
0.535671
0.535671
0.535670
0.535670
0.535669
0.535669
0.535669
0.535668
0.535668
0.535667
0.535667
0.535666
0.535666
0.535665
0.535665
0.535665
0.535664
0.535664
0.535663
0.535663
0.535662
0.535662
0.535661
0.535661
0.535661
0.535660
0.535660
0.535660
0.535659
0.535659
0.535658
0.535658
0.535658
0.535657
0.535657
0.535656
0.535656
0.535655
0.535655
0.535654
0.535654
0.535654
0.535653
0.535653
0.535652
0.535652
0.535651
0.535651
0.535650
0.535650
0.535650
0.535649
0.535649
0.535648
0.535648
0.535647
0.535647
0.535647
0.535646
0.535646
0.535645
0.535645
0.535644
0.535644
0.535643
0.535643
0.535643
0.535642
0.535642
0.535641
0.535641
0.535640
0.535640
0.535640
0.535639
0.535639
0.535638
0.535638
0.535637
0.535637
0.535636
0.535636
0.535636
0.535635
0.535635
0.535634
0.535634
0.535633
0.535633
0.535633
0.535632
0.535632
0.535631
0.535631
0.535630
0.535630
0.535630
0.535629
0.535629
0.535628
0.535628
0.535627
0.535627
0.535626
0.535626
0.535626
0.535625
0.535625
0.535624
0.535624
0.535623
0.535623
0.535623
0.535622
0.535622
0.535621
0.535621
0.535620
0.535620
0.535620
0.535619
0.535619
0.535618
0.535618
0.535617
0.535617
0.535617
0.535616
0.535616
0.535615
0.535615
0.535614
0.535614
0.535614
0.535613
0.535613
0.535612
0.535612
0.535611
0.535611
0.535611
0.535610
0.535610
0.535609
0.535609
0.535608
0.535608
0.535608
0.535607
0.535607
0.535606
0.535606
0.535605
0.535605
0.535605
0.535604
0.535604
0.535603
0.535603
0.535602
0.535602
0.535602
0.535601
0.535601
0.535600
0.535600
0.535599
0.535599
0.535599
0.535598
0.535598
0.535597
0.535597
0.535596
0.535596
0.535596
0.535595
0.535595
0.535594
0.535594
0.535593
0.535593
0.535593
0.535592
0.535592
0.535591
0.535591
0.535590
0.535590
0.535590
0.535589
0.535589
0.535588
0.535588
0.535587
0.535587
0.535587
0.535586
0.535586
0.535585
0.535585
0.535584
0.535584
0.535584
0.535583
0.535583
0.535582
0.535582
0.535581
0.535581
0.535581
0.535580
0.535580
0.535579
0.535579
0.535579
0.535578
0.535578
0.535577
0.535577
0.535576
0.535576
0.535576
0.535575
0.535575
0.535574
0.535574
0.535573
0.535573
0.535573
0.535572
0.535572
0.535571
0.535571
0.535571
0.535570
0.535570
0.535569
0.535569
0.535568
0.535568
0.535568
0.535567
0.535567
0.535566
0.535566
0.535565
0.535565
0.535565
0.535564
0.535564
0.535563
0.535563
0.535563
0.535562
0.535562
0.535561
0.535561
0.535560
0.535560
0.535560
0.535559
0.535559
0.535558
0.535558
0.535558
0.535557
0.535557
0.535556
0.535556
0.535555
0.535555
0.535555
0.535554
0.535554
0.535553
0.535553
0.535552
0.535552
0.535552
0.535551
0.535551
0.535550
0.535550
0.535550
0.535549
0.535549
0.535548
0.535548
0.535547
0.535547
0.535547
0.535546
0.535546
0.535545
0.535545
0.535545
0.535544
0.535544
0.535543
0.535543
0.535543
0.535542
0.535542
0.535541
0.535541
0.535540
0.535540
0.535540
0.535539
0.535539
0.535538
0.535538
0.535538
0.535537
0.535537
0.535536
0.535536
0.535535
0.535535
0.535535
0.535534
0.535534
0.535533
0.535533
0.535533
0.535532
0.535532
0.535531
0.535531
0.535531
0.535530
0.535530
0.535529
0.535529
0.535528
0.535528
0.535528
0.535527
0.535527
0.535526
0.535526
0.535526
0.535525
0.535525
0.535524
0.535524
0.535524
0.535523
0.535523
0.535522
0.535522
0.535522
0.535521
0.535521
0.535520
0.535520
0.535519
0.535519
0.535519
0.535518
0.535518
0.535517
0.535517
0.535517
0.535516
0.535516
0.535515
0.535515
0.535515
0.535514
0.535514
0.535513
0.535513
0.535513
0.535512
0.535512
0.535511
0.535511
0.535510
0.535510
0.535510
0.535509
0.535509
0.535508
0.535508
0.535508
0.535507
0.535507
0.535506
0.535506
0.535506
0.535505
0.535505
0.535504
0.535504
0.535504
0.535503
0.535503
0.535502
0.535502
0.535502
0.535501
0.535501
0.535500
0.535500
0.535500
0.535499
0.535499
0.535498
0.535498
0.535498
0.535497
0.535497
0.535496
0.535496
0.535495
0.535495
0.535495
0.535494
0.535494
0.535493
0.535493
0.535493
0.535492
0.535492
0.535491
0.535491
0.535491
0.535490
0.535490
0.535489
0.535489
0.535489
0.535488
0.535488
0.535487
0.535487
0.535487
0.535486
0.535486
0.535485
0.535485
0.535485
0.535484
0.535484
0.535483
0.535483
0.535483
0.535482
0.535482
0.535481
0.535481
0.535481
0.535480
0.535480
0.535479
0.535479
0.535479
0.535478
0.535478
0.535477
0.535477
0.535477
0.535476
0.535476
0.535475
0.535475
0.535475
0.535474
0.535474
0.535473
0.535473
0.535473
0.535472
0.535472
0.535471
0.535471
0.535471
0.535470
0.535470
0.535469
0.535469
0.535469
0.535468
0.535468
0.535467
0.535467
0.535467
0.535466
0.535466
0.535466
0.535465
0.535465
0.535464
0.535464
0.535464
0.535463
0.535463
0.535462
0.535462
0.535462
0.535461
0.535461
0.535460
0.535460
0.535460
0.535459
0.535459
0.535458
0.535458
0.535458
0.535457
0.535457
0.535456
0.535456
0.535456
0.535455
0.535455
0.535454
0.535454
0.535454
0.535453
0.535453
0.535452
0.535452
0.535452
0.535452
0.535451
0.535451
0.535451
0.535450
0.535450
0.535449
0.535449
0.535449
0.535448
0.535448
0.535447
0.535447
0.535447
0.535446
0.535446
0.535445
0.535445
0.535445
0.535444
0.535444
0.535443
0.535443
0.535443
0.535442
0.535442
0.535442
0.535441
0.535441
0.535440
0.535440
0.535440
0.535439
0.535439
0.535438
0.535438
0.535438
0.535437
0.535437
0.535436
0.535436
0.535436
0.535435
0.535435
0.535435
0.535434
0.535434
0.535433
0.535433
0.535433
0.535432
0.535432
0.535431
0.535431
0.535431
0.535430
0.535430
0.535429
0.535429
0.535429
0.535428
0.535428
0.535428
0.535427
0.535427
0.535426
0.535426
0.535426
0.535425
0.535425
0.535424
0.535424
0.535424
0.535423
0.535423
0.535423
0.535422
0.535422
0.535421
0.535421
0.535421
0.535420
0.535420
0.535419
0.535419
0.535419
0.535418
0.535418
0.535418
0.535417
0.535417
0.535416
0.535416
0.535416
0.535415
0.535415
0.535414
0.535414
0.535414
0.535413
0.535413
0.535413
0.535412
0.535412
0.535411
0.535411
0.535411
0.535410
0.535410
0.535409
0.535409
0.535409
0.535408
0.535408
0.535408
0.535407
0.535407
0.535406
0.535406
0.535406
0.535405
0.535405
0.535404
0.535404
0.535404
0.535403
0.535403
0.535403
0.535402
0.535402
0.535401
0.535401
0.535401
0.535400
0.535400
0.535400
0.535399
0.535399
0.535398
0.535398
0.535398
0.535397
0.535397
0.535397
0.535396
0.535396
0.535395
0.535395
0.535395
0.535394
0.535394
0.535393
0.535393
0.535393
0.535392
0.535392
0.535392
0.535391
0.535391
0.535390
0.535390
0.535390
0.535389
0.535389
0.535389
0.535388
0.535388
0.535387
0.535387
0.535387
0.535386
0.535386
0.535386
0.535385
0.535385
0.535384
0.535384
0.535384
0.535383
0.535383
0.535383
0.535382
0.535382
0.535381
0.535381
0.535381
0.535380
0.535380
0.535380
0.535379
0.535379
0.535378
0.535378
0.535378
0.535377
0.535377
0.535377
0.535376
0.535376
0.535375
0.535375
0.535375
0.535374
0.535374
0.535374
0.535373
0.535373
0.535372
0.535372
0.535372
0.535371
0.535371
0.535371
0.535370
0.535370
0.535369
0.535369
0.535369
0.535368
0.535368
0.535368
0.535367
0.535367
0.535366
0.535366
0.535366
0.535365
0.535365
0.535365
0.535364
0.535364
0.535363
0.535363
0.535363
0.535362
0.535362
0.535362
0.535361
0.535361
0.535361
0.535360
0.535360
0.535359
0.535359
0.535359
0.535358
0.535358
0.535358
0.535357
0.535357
0.535356
0.535356
0.535356
0.535355
0.535355
0.535355
0.535354
0.535354
0.535353
0.535353
0.535353
0.535352
0.535352
0.535352
0.535351
0.535351
0.535351
0.535350
0.535350
0.535349
0.535349
0.535349
0.535348
0.535348
0.535348
0.535347
0.535347
0.535347
0.535346
0.535346
0.535345
0.535345
0.535345
0.535344
0.535344
0.535344
0.535343
0.535343
0.535342
0.535342
0.535342
0.535341
0.535341
0.535341
0.535340
0.535340
0.535340
0.535339
0.535339
0.535338
0.535338
0.535338
0.535337
0.535337
0.535337
0.535336
0.535336
0.535336
0.535335
0.535335
0.535334
0.535334
0.535334
0.535333
0.535333
0.535333
0.535332
0.535332
0.535332
0.535331
0.535331
0.535330
0.535330
0.535330
0.535329
0.535329
0.535329
0.535328
0.535328
0.535328
0.535327
0.535327
0.535326
0.535326
0.535326
0.535325
0.535325
0.535325
0.535324
0.535324
0.535324
0.535323
0.535323
0.535322
0.535322
0.535322
0.535321
0.535321
0.535321
0.535320
0.535320
0.535320
0.535319
0.535319
0.535319
0.535318
0.535318
0.535317
0.535317
0.535317
0.535316
0.535316
0.535316
0.535315
0.535315
0.535315
0.535314
0.535314
0.535313
0.535313
0.535313
0.535312
0.535312
0.535312
0.535311
0.535311
0.535311
0.535310
0.535310
0.535310
0.535309
0.535309
0.535308
0.535308
0.535308
0.535307
0.535307
0.535307
0.535306
0.535306
0.535306
0.535305
0.535305
0.535305
0.535304
0.535304
0.535303
0.535303
0.535303
0.535302
0.535302
0.535302
0.535301
0.535301
0.535301
0.535300
0.535300
0.535300
0.535299
0.535299
0.535298
0.535298
0.535298
0.535297
0.535297
0.535297
0.535296
0.535296
0.535296
0.535295
0.535295
0.535295
0.535294
0.535294
0.535293
0.535293
0.535293
0.535292
0.535292
0.535292
0.535291
0.535291
0.535291
0.535290
0.535290
0.535290
0.535289
0.535289
0.535289
0.535288
0.535288
0.535287
0.535287
0.535287
0.535286
0.535286
0.535286
0.535285
0.535285
0.535285
0.535284
0.535284
0.535284
0.535283
0.535283
0.535283
0.535282
0.535282
0.535281
0.535281
0.535281
0.535280
0.535280
0.535280
0.535279
0.535279
0.535279
0.535278
0.535278
0.535278
0.535277
0.535277
0.535277
0.535276
0.535276
0.535276
0.535275
0.535275
0.535274
0.535274
0.535274
0.535273
0.535273
0.535273
0.535272
0.535272
0.535272
0.535271
0.535271
0.535271
0.535270
0.535270
0.535270
0.535269
0.535269
0.535269
0.535268
0.535268
0.535268
0.535268
0.535267
0.535267
0.535266
0.535266
0.535266
0.535265
0.535265
0.535265
0.535264
0.535264
0.535264
0.535263
0.535263
0.535263
0.535262
0.535262
0.535262
0.535261
0.535261
0.535261
0.535260
0.535260
0.535260
0.535259
0.535259
0.535258
0.535258
0.535258
0.535257
0.535257
0.535257
0.535256
0.535256
0.535256
0.535255
0.535255
0.535255
0.535254
0.535254
0.535254
0.535253
0.535253
0.535253
0.535252
0.535252
0.535252
0.535251
0.535251
0.535251
0.535250
0.535250
0.535250
0.535249
0.535249
0.535248
0.535248
0.535248
0.535247
0.535247
0.535247
0.535246
0.535246
0.535246
0.535245
0.535245
0.535245
0.535244
0.535244
0.535244
0.535243
0.535243
0.535243
0.535242
0.535242
0.535242
0.535241
0.535241
0.535241
0.535240
0.535240
0.535240
0.535239
0.535239
0.535239
0.535238
0.535238
0.535238
0.535237
0.535237
0.535237
0.535236
0.535236
0.535235
0.535235
0.535235
0.535234
0.535234
0.535234
0.535233
0.535233
0.535233
0.535232
0.535232
0.535232
0.535231
0.535231
0.535231
0.535230
0.535230
0.535230
0.535229
0.535229
0.535229
0.535228
0.535228
0.535228
0.535227
0.535227
0.535227
0.535226
0.535226
0.535226
0.535225
0.535225
0.535225
0.535224
0.535224
0.535224
0.535223
0.535223
0.535223
0.535222
0.535222
0.535222
0.535221
0.535221
0.535221
0.535220
0.535220
0.535220
0.535219
0.535219
0.535219
0.535218
0.535218
0.535218
0.535217
0.535217
0.535217
0.535216
0.535216
0.535216
0.535215
0.535215
0.535215
0.535214
0.535214
0.535213
0.535213
0.535213
0.535212
0.535212
0.535212
0.535211
0.535211
0.535211
0.535210
0.535210
0.535210
0.535209
0.535209
0.535209
0.535208
0.535208
0.535208
0.535207
0.535207
0.535207
0.535206
0.535206
0.535206
0.535205
0.535205
0.535205
0.535204
0.535204
0.535204
0.535203
0.535203
0.535203
0.535202
0.535202
0.535202
0.535201
0.535201
0.535201
0.535200
0.535200
0.535200
0.535199
0.535199
0.535199
0.535198
0.535198
0.535198
0.535197
0.535197
0.535197
0.535196
0.535196
0.535196
0.535195
0.535195
0.535195
0.535194
0.535194
0.535194
0.535193
0.535193
0.535193
0.535193
0.535192
0.535192
0.535192
0.535191
0.535191
0.535191
0.535190
0.535190
0.535190
0.535189
0.535189
0.535189
0.535188
0.535188
0.535188
0.535187
0.535187
0.535187
0.535186
0.535186
0.535186
0.535185
0.535185
0.535185
0.535184
0.535184
0.535184
0.535183
0.535183
0.535183
0.535182
0.535182
0.535182
0.535181
0.535181
0.535181
0.535180
0.535180
0.535180
0.535179
0.535179
0.535179
0.535178
0.535178
0.535178
0.535177
0.535177
0.535177
0.535176
0.535176
0.535176
0.535175
0.535175
0.535175
0.535174
0.535174
0.535174
0.535173
0.535173
0.535173
0.535172
0.535172
0.535172
0.535171
0.535171
0.535171
0.535170
0.535170
0.535170
0.535170
0.535169
0.535169
0.535169
0.535168
0.535168
0.535168
0.535167
0.535167
0.535167
0.535166
0.535166
0.535166
0.535165
0.535165
0.535165
0.535164
0.535164
0.535164
0.535163
0.535163
0.535163
0.535162
0.535162
0.535162
0.535161
0.535161
0.535161
0.535160
0.535160
0.535160
0.535159
0.535159
0.535159
0.535158
0.535158
0.535158
0.535158
0.535157
0.535157
0.535157
0.535156
0.535156
0.535156
0.535155
0.535155
0.535155
0.535154
0.535154
0.535154
0.535153
0.535153
0.535153
0.535152
0.535152
0.535152
0.535151
0.535151
0.535151
0.535150
0.535150
0.535150
0.535149
0.535149
0.535149
0.535148
0.535148
0.535148
0.535148
0.535147
0.535147
0.535147
0.535146
0.535146
0.535146
0.535145
0.535145
0.535145
0.535144
0.535144
0.535144
0.535143
0.535143
0.535143
0.535142
0.535142
0.535142
0.535141
0.535141
0.535141
0.535140
0.535140
0.535140
0.535140
0.535139
0.535139
0.535139
0.535138
0.535138
0.535138
0.535137
0.535137
0.535137
0.535136
0.535136
0.535136
0.535135
0.535135
0.535135
0.535134
0.535134
0.535134
0.535133
0.535133
0.535133
0.535133
0.535132
0.535132
0.535132
0.535131
0.535131
0.535131
0.535130
0.535130
0.535130
0.535129
0.535129
0.535129
0.535128
0.535128
0.535128
0.535127
0.535127
0.535127
0.535126
0.535126
0.535126
0.535126
0.535125
0.535125
0.535125
0.535124
0.535124
0.535124
0.535123
0.535123
0.535123
0.535122
0.535122
0.535122
0.535121
0.535121
0.535121
0.535120
0.535120
0.535120
0.535120
0.535119
0.535119
0.535119
0.535118
0.535118
0.535118
0.535117
0.535117
0.535117
0.535116
0.535116
0.535116
0.535115
0.535115
0.535115
0.535115
0.535114
0.535114
0.535114
0.535113
0.535113
0.535113
0.535112
0.535112
0.535112
0.535111
0.535111
0.535111
0.535110
0.535110
0.535110
0.535109
0.535109
0.535109
0.535109
0.535108
0.535108
0.535108
0.535107
0.535107
0.535107
0.535106
0.535106
0.535106
0.535105
0.535105
0.535105
0.535104
0.535104
0.535104
0.535104
0.535103
0.535103
0.535103
0.535103
0.535102
0.535102
0.535102
0.535101
0.535101
0.535101
0.535100
0.535100
0.535100
0.535099
0.535099
0.535099
0.535099
0.535098
0.535098
0.535098
0.535097
0.535097
0.535097
0.535096
0.535096
0.535096
0.535095
0.535095
0.535095
0.535095
0.535094
0.535094
0.535094
0.535093
0.535093
0.535093
0.535092
0.535092
0.535092
0.535091
0.535091
0.535091
0.535091
0.535090
0.535090
0.535090
0.535089
0.535089
0.535089
0.535088
0.535088
0.535088
0.535087
0.535087
0.535087
0.535086
0.535086
0.535086
0.535086
0.535085
0.535085
0.535085
0.535084
0.535084
0.535084
0.535083
0.535083
0.535083
0.535082
0.535082
0.535082
0.535082
0.535081
0.535081
0.535081
0.535080
0.535080
0.535080
0.535079
0.535079
0.535079
0.535078
0.535078
0.535078
0.535078
0.535077
0.535077
0.535077
0.535076
0.535076
0.535076
0.535075
0.535075
0.535075
0.535075
0.535074
0.535074
0.535074
0.535073
0.535073
0.535073
0.535072
0.535072
0.535072
0.535071
0.535071
0.535071
0.535071
0.535070
0.535070
0.535070
0.535069
0.535069
0.535069
0.535068
0.535068
0.535068
0.535067
0.535067
0.535067
0.535067
0.535066
0.535066
0.535066
0.535065
0.535065
0.535065
0.535064
0.535064
0.535064
0.535064
0.535063
0.535063
0.535063
0.535062
0.535062
0.535062
0.535061
0.535061
0.535061
0.535060
0.535060
0.535060
0.535060
0.535059
0.535059
0.535059
0.535058
0.535058
0.535058
0.535057
0.535057
0.535057
0.535057
0.535056
0.535056
0.535056
0.535055
0.535055
0.535055
0.535054
0.535054
0.535054
0.535054
0.535053
0.535053
0.535053
0.535052
0.535052
0.535052
0.535051
0.535051
0.535051
0.535051
0.535050
0.535050
0.535050
0.535049
0.535049
0.535049
0.535048
0.535048
0.535048
0.535048
0.535047
0.535047
0.535047
0.535046
0.535046
0.535046
0.535045
0.535045
0.535045
0.535045
0.535044
0.535044
0.535044
0.535043
0.535043
0.535043
0.535042
0.535042
0.535042
0.535042
0.535041
0.535041
0.535041
0.535040
0.535040
0.535040
0.535039
0.535039
0.535039
0.535039
0.535038
0.535038
0.535038
0.535037
0.535037
0.535037
0.535036
0.535036
0.535036
0.535036
0.535035
0.535035
0.535035
0.535034
0.535034
0.535034
0.535033
0.535033
0.535033
0.535033
0.535032
0.535032
0.535032
0.535031
0.535031
0.535031
0.535030
0.535030
0.535030
0.535030
0.535029
0.535029
0.535029
0.535028
0.535028
0.535028
0.535027
0.535027
0.535027
0.535027
0.535026
0.535026
0.535026
0.535025
0.535025
0.535025
0.535025
0.535024
0.535024
0.535024
0.535023
0.535023
0.535023
0.535022
0.535022
0.535022
0.535022
0.535021
0.535021
0.535021
0.535020
0.535020
0.535020
0.535019
0.535019
0.535019
0.535019
0.535018
0.535018
0.535018
0.535017
0.535017
0.535017
0.535017
0.535016
0.535016
0.535016
0.535015
0.535015
0.535015
0.535014
0.535014
0.535014
0.535014
0.535013
0.535013
0.535013
0.535012
0.535012
0.535012
0.535012
0.535011
0.535011
0.535011
0.535010
0.535010
0.535010
0.535009
0.535009
0.535009
0.535009
0.535008
0.535008
0.535008
0.535007
0.535007
0.535007
0.535007
0.535006
0.535006
0.535006
0.535005
0.535005
0.535005
0.535004
0.535004
0.535004
0.535004
0.535003
0.535003
0.535003
0.535002
0.535002
0.535002
0.535002
0.535001
0.535001
0.535001
0.535000
0.535000
0.535000
0.535000
0.534999
0.534999
0.534999
0.534998
0.534998
0.534998
0.534997
0.534997
0.534997
0.534997
0.534996
0.534996
0.534996
0.534995
0.534995
0.534995
0.534995
0.534994
0.534994
0.534994
0.534993
0.534993
0.534993
0.534993
0.534992
0.534992
0.534992
0.534991
0.534991
0.534991
0.534990
0.534990
0.534990
0.534990
0.534989
0.534989
0.534989
0.534988
0.534988
0.534988
0.534988
0.534987
0.534987
0.534987
0.534986
0.534986
0.534986
0.534986
0.534985
0.534985
0.534985
0.534984
0.534984
0.534984
0.534984
0.534983
0.534983
0.534983
0.534982
0.534982
0.534982
0.534982
0.534981
0.534981
0.534981
0.534980
0.534980
0.534980
0.534979
0.534979
0.534979
0.534979
0.534978
0.534978
0.534978
0.534977
0.534977
0.534977
0.534977
0.534976
0.534976
0.534976
0.534975
0.534975
0.534975
0.534975
0.534974
0.534974
0.534974
0.534973
0.534973
0.534973
0.534973
0.534972
0.534972
0.534972
0.534971
0.534971
0.534971
0.534971
0.534970
0.534970
0.534970
0.534969
0.534969
0.534969
0.534969
0.534968
0.534968
0.534968
0.534967
0.534967
0.534967
0.534967
0.534966
0.534966
0.534966
0.534965
0.534965
0.534965
0.534965
0.534964
0.534964
0.534964
0.534963
0.534963
0.534963
0.534963
0.534962
0.534962
0.534962
0.534961
0.534961
0.534961
0.534961
0.534960
0.534960
0.534960
0.534959
0.534959
0.534959
0.534959
0.534958
0.534958
0.534958
0.534957
0.534957
0.534957
0.534957
0.534956
0.534956
0.534956
0.534955
0.534955
0.534955
0.534955
0.534955
0.534954
0.534954
0.534954
0.534953
0.534953
0.534953
0.534953
0.534952
0.534952
0.534952
0.534951
0.534951
0.534951
0.534951
0.534950
0.534950
0.534950
0.534949
0.534949
0.534949
0.534949
0.534948
0.534948
0.534948
0.534947
0.534947
0.534947
0.534947
0.534946
0.534946
0.534946
0.534946
0.534945
0.534945
0.534945
0.534944
0.534944
0.534944
0.534944
0.534943
0.534943
0.534943
0.534942
0.534942
0.534942
0.534942
0.534941
0.534941
0.534941
0.534940
0.534940
0.534940
0.534940
0.534939
0.534939
0.534939
0.534938
0.534938
0.534938
0.534938
0.534937
0.534937
0.534937
0.534936
0.534936
0.534936
0.534936
0.534935
0.534935
0.534935
0.534935
0.534934
0.534934
0.534934
0.534933
0.534933
0.534933
0.534933
0.534932
0.534932
0.534932
0.534931
0.534931
0.534931
0.534931
0.534930
0.534930
0.534930
0.534929
0.534929
0.534929
0.534929
0.534928
0.534928
0.534928
0.534928
0.534927
0.534927
0.534927
0.534926
0.534926
0.534926
0.534926
0.534925
0.534925
0.534925
0.534924
0.534924
0.534924
0.534924
0.534923
0.534923
0.534923
0.534922
0.534922
0.534922
0.534922
0.534921
0.534921
0.534921
0.534921
0.534920
0.534920
0.534920
0.534919
0.534919
0.534919
0.534919
0.534918
0.534918
0.534918
0.534917
0.534917
0.534917
0.534917
0.534916
0.534916
0.534916
0.534916
0.534915
0.534915
0.534915
0.534914
0.534914
0.534914
0.534914
0.534913
0.534913
0.534913
0.534912
0.534912
0.534912
0.534912
0.534911
0.534911
0.534911
0.534911
0.534910
0.534910
0.534910
0.534909
0.534909
0.534909
0.534909
0.534908
0.534908
0.534908
0.534907
0.534907
0.534907
0.534907
0.534906
0.534906
0.534906
0.534906
0.534905
0.534905
0.534905
0.534904
0.534904
0.534904
0.534904
0.534903
0.534903
0.534903
0.534902
0.534902
0.534902
0.534902
0.534901
0.534901
0.534901
0.534901
0.534900
0.534900
0.534900
0.534899
0.534899
0.534899
0.534899
0.534898
0.534898
0.534898
0.534898
0.534897
0.534897
0.534897
0.534896
0.534896
0.534896
0.534896
0.534895
0.534895
0.534895
0.534894
0.534894
0.534894
0.534894
0.534893
0.534893
0.534893
0.534893
0.534892
0.534892
0.534892
0.534891
0.534891
0.534891
0.534891
0.534890
0.534890
0.534890
0.534890
0.534889
0.534889
0.534889
0.534888
0.534888
0.534888
0.534888
0.534887
0.534887
0.534887
0.534887
0.534886
0.534886
0.534886
0.534885
0.534885
0.534885
0.534885
0.534884
0.534884
0.534884
0.534884
0.534883
0.534883
0.534883
0.534882
0.534882
0.534882
0.534882
0.534881
0.534881
0.534881
0.534881
0.534880
0.534880
0.534880
0.534879
0.534879
0.534879
0.534879
0.534878
0.534878
0.534878
0.534878
0.534877
0.534877
0.534877
0.534876
0.534876
0.534876
0.534876
0.534875
0.534875
0.534875
0.534875
0.534874
0.534874
0.534874
0.534873
0.534873
0.534873
0.534873
0.534872
0.534872
0.534872
0.534872
0.534871
0.534871
0.534871
0.534870
0.534870
0.534870
0.534870
0.534869
0.534869
0.534869
0.534869
0.534868
0.534868
0.534868
0.534867
0.534867
0.534867
0.534867
0.534866
0.534866
0.534866
0.534866
0.534865
0.534865
0.534865
0.534864
0.534864
0.534864
0.534864
0.534863
0.534863
0.534863
0.534863
0.534862
0.534862
0.534862
0.534862
0.534861
0.534861
0.534861
0.534860
0.534860
0.534860
0.534860
0.534859
0.534859
0.534859
0.534859
0.534858
0.534858
0.534858
0.534857
0.534857
0.534857
0.534857
0.534856
0.534856
0.534856
0.534856
0.534855
0.534855
0.534855
0.534854
0.534854
0.534854
0.534854
0.534853
0.534853
0.534853
0.534853
0.534852
0.534852
0.534852
0.534852
0.534851
0.534851
0.534851
0.534850
0.534850
0.534850
0.534850
0.534849
0.534849
0.534849
0.534849
0.534848
0.534848
0.534848
0.534848
0.534847
0.534847
0.534847
0.534846
0.534846
0.534846
0.534846
0.534845
0.534845
0.534845
0.534845
0.534844
0.534844
0.534844
0.534843
0.534843
0.534843
0.534843
0.534842
0.534842
0.534842
0.534842
0.534841
0.534841
0.534841
0.534841
0.534840
0.534840
0.534840
0.534839
0.534839
0.534839
0.534839
0.534838
0.534838
0.534838
0.534838
0.534837
0.534837
0.534837
0.534837
0.534836
0.534836
0.534836
0.534835
0.534835
0.534835
0.534835
0.534834
0.534834
0.534834
0.534834
0.534833
0.534833
0.534833
0.534833
0.534832
0.534832
0.534832
0.534831
0.534831
0.534831
0.534831
0.534830
0.534830
0.534830
0.534830
0.534829
0.534829
0.534829
0.534829
0.534828
0.534828
0.534828
0.534827
0.534827
0.534827
0.534827
0.534826
0.534826
0.534826
0.534826
0.534825
0.534825
0.534825
0.534825
0.534824
0.534824
0.534824
0.534823
0.534823
0.534823
0.534823
0.534822
0.534822
0.534822
0.534822
0.534821
0.534821
0.534821
0.534821
0.534820
0.534820
0.534820
0.534820
0.534819
0.534819
0.534819
0.534818
0.534818
0.534818
0.534818
0.534818
0.534817
0.534817
0.534817
0.534817
0.534816
0.534816
0.534816
0.534816
0.534815
0.534815
0.534815
0.534814
0.534814
0.534814
0.534814
0.534813
0.534813
0.534813
0.534813
0.534812
0.534812
0.534812
0.534812
0.534811
0.534811
0.534811
0.534811
0.534810
0.534810
0.534810
0.534809
0.534809
0.534809
0.534809
0.534808
0.534808
0.534808
0.534808
0.534807
0.534807
0.534807
0.534807
0.534806
0.534806
0.534806
0.534806
0.534805
0.534805
0.534805
0.534804
0.534804
0.534804
0.534804
0.534803
0.534803
0.534803
0.534803
0.534802
0.534802
0.534802
0.534802
0.534801
0.534801
0.534801
0.534801
0.534800
0.534800
0.534800
0.534799
0.534799
0.534799
0.534799
0.534798
0.534798
0.534798
0.534798
0.534797
0.534797
0.534797
0.534797
0.534796
0.534796
0.534796
0.534796
0.534795
0.534795
0.534795
0.534794
0.534794
0.534794
0.534794
0.534793
0.534793
0.534793
0.534793
0.534792
0.534792
0.534792
0.534792
0.534791
0.534791
0.534791
0.534791
0.534790
0.534790
0.534790
0.534790
0.534789
0.534789
0.534789
0.534788
0.534788
0.534788
0.534788
0.534787
0.534787
0.534787
0.534787
0.534786
0.534786
0.534786
0.534786
0.534785
0.534785
0.534785
0.534785
0.534784
0.534784
0.534784
0.534784
0.534783
0.534783
0.534783
0.534782
0.534782
0.534782
0.534782
0.534781
0.534781
0.534781
0.534781
0.534780
0.534780
0.534780
0.534780
0.534779
0.534779
0.534779
0.534779
0.534778
0.534778
0.534778
0.534778
0.534777
0.534777
0.534777
0.534776
0.534776
0.534776
0.534776
0.534775
0.534775
0.534775
0.534775
0.534774
0.534774
0.534774
0.534774
0.534773
0.534773
0.534773
0.534773
0.534772
0.534772
0.534772
0.534772
0.534771
0.534771
0.534771
0.534771
0.534770
0.534770
0.534770
0.534769
0.534769
0.534769
0.534769
0.534768
0.534768
0.534768
0.534768
0.534767
0.534767
0.534767
0.534767
0.534766
0.534766
0.534766
0.534766
0.534765
0.534765
0.534765
0.534765
0.534764
0.534764
0.534764
0.534764
0.534763
0.534763
0.534763
0.534763
0.534762
0.534762
0.534762
0.534761
0.534761
0.534761
0.534761
0.534760
0.534760
0.534760
0.534760
0.534759
0.534759
0.534759
0.534759
0.534758
0.534758
0.534758
0.534758
0.534757
0.534757
0.534757
0.534757
0.534756
0.534756
0.534756
0.534756
0.534755
0.534755
0.534755
0.534755
0.534754
0.534754
0.534754
0.534753
0.534753
0.534753
0.534753
0.534752
0.534752
0.534752
0.534752
0.534751
0.534751
0.534751
0.534751
0.534750
0.534750
0.534750
0.534750
0.534749
0.534749
0.534749
0.534749
0.534748
0.534748
0.534748
0.534748
0.534747
0.534747
0.534747
0.534747
0.534746
0.534746
0.534746
0.534746
0.534745
0.534745
0.534745
0.534744
0.534744
0.534744
0.534744
0.534743
0.534743
0.534743
0.534743
0.534742
0.534742
0.534742
0.534742
0.534741
0.534741
0.534741
0.534741
0.534740
0.534740
0.534740
0.534740
0.534739
0.534739
0.534739
0.534739
0.534738
0.534738
0.534738
0.534738
0.534737
0.534737
0.534737
0.534737
0.534736
0.534736
0.534736
0.534736
0.534735
0.534735
0.534735
0.534735
0.534734
0.534734
0.534734
0.534733
0.534733
0.534733
0.534733
0.534732
0.534732
0.534732
0.534732
0.534731
0.534731
0.534731
0.534731
0.534730
0.534730
0.534730
0.534730
0.534729
0.534729
0.534729
0.534729
0.534728
0.534728
0.534728
0.534728
0.534727
0.534727
0.534727
0.534727
0.534726
0.534726
0.534726
0.534726
0.534725
0.534725
0.534725
0.534725
0.534724
0.534724
0.534724
0.534724
0.534723
0.534723
0.534723
0.534723
0.534722
0.534722
0.534722
0.534722
0.534721
0.534721
0.534721
0.534720
0.534720
0.534720
0.534720
0.534719
0.534719
0.534719
0.534719
0.534718
0.534718
0.534718
0.534718
0.534717
0.534717
0.534717
0.534717
0.534716
0.534716
0.534716
0.534716
0.534715
0.534715
0.534715
0.534715
0.534714
0.534714
0.534714
0.534714
0.534713
0.534713
0.534713
0.534713
0.534712
0.534712
0.534712
0.534712
0.534711
0.534711
0.534711
0.534711
0.534710
0.534710
0.534710
0.534710
0.534709
0.534709
0.534709
0.534709
0.534708
0.534708
0.534708
0.534708
0.534707
0.534707
0.534707
0.534707
0.534706
0.534706
0.534706
0.534706
0.534705
0.534705
0.534705
0.534705
0.534704
0.534704
0.534704
0.534704
0.534703
0.534703
0.534703
0.534703
0.534702
0.534702
0.534702
0.534701
0.534701
0.534701
0.534701
0.534700
0.534700
0.534700
0.534700
0.534699
0.534699
0.534699
0.534699
0.534698
0.534698
0.534698
0.534698
0.534697
0.534697
0.534697
0.534697
0.534696
0.534696
0.534696
0.534696
0.534695
0.534695
0.534695
0.534695
0.534694
0.534694
0.534694
0.534694
0.534693
0.534693
0.534693
0.534693
0.534692
0.534692
0.534692
0.534692
0.534691
0.534691
0.534691
0.534691
0.534690
0.534690
0.534690
0.534690
0.534690
