-0.217634
0.520330
0.503997
0.499344
0.497620
0.496439
0.495328
0.494201
0.493047
0.491869
0.490672
0.489460
0.488237
0.487005
0.485767
0.484525
0.483280
0.482034
0.480789
0.479545
0.478305
0.477068
0.475836
0.474610
0.473390
0.472177
0.470972
0.469775
0.468587
0.467408
0.466238
0.465078
0.463927
0.462787
0.461657
0.460536
0.459426
0.458327
0.457237
0.456157
0.455088
0.454028
0.452978
0.451938
0.450907
0.449885
0.448872
0.447868
0.446872
0.445884
0.444905
0.443934
0.442969
0.442013
0.441063
0.440119
0.439183
0.438252
0.437327
0.436408
0.435494
0.434585
0.433681
0.432782
0.431886
0.430995
0.430108
0.429224
0.428343
0.427465
0.426590
0.425717
0.424847
0.423979
0.423113
0.422249
0.421386
0.420524
0.419664
0.418804
0.417946
0.417088
0.416230
0.415373
0.414516
0.413659
0.412802
0.411945
0.411088
0.410231
0.409372
0.408514
0.407655
0.406795
0.405934
0.405073
0.404210
0.403347
0.402482
0.401617
0.400751
0.399883
0.399014
0.398145
0.397274
0.396401
0.395528
0.394653
0.393777
0.392900
0.392022
0.391143
0.390262
0.389380
0.388497
0.387613
0.386728
0.385841
0.384954
0.384065
0.383175
0.382285
0.381393
0.380500
0.379607
0.378713
0.377817
0.376921
0.376024
0.375127
0.374229
0.373330
0.372430
0.371530
0.370629
0.369728
0.368827
0.367925
0.367022
0.366120
0.365217
0.364313
0.363410
0.362507
0.361603
0.360699
0.359796
0.358892
0.357988
0.357085
0.356182
0.355279
0.354376
0.353473
0.352571
0.351669
0.350768
0.349867
0.348967
0.348067
0.347167
0.346269
0.345371
0.344474
0.343577
0.342681
0.341786
0.340892
0.339999
0.339107
0.338216
0.337325
0.336436
0.335548
0.334661
0.333775
0.332890
0.332006
0.331123
0.330242
0.329362
0.328484
0.327606
0.326730
0.325856
0.324982
0.324110
0.323240
0.322371
0.321504
0.320638
0.319773
0.318910
0.318049
0.317189
0.316331
0.315475
0.314620
0.313766
0.312915
0.312065
0.311216
0.310370
0.309525
0.308681
0.307840
0.307000
0.306162
0.305326
0.304491
0.303658
0.302827
0.301998
0.301170
0.300345
0.299521
0.298699
0.297878
0.297059
0.296243
0.295428
0.294614
0.293803
0.292993
0.292185
0.291379
0.290575
0.289772
0.288971
0.288172
0.287375
0.286579
0.285785
0.284993
0.284203
0.283414
0.282627
0.281842
0.281059
0.280277
0.279497
0.278718
0.277942
0.277167
0.276393
0.275621
0.274851
0.274083
0.273316
0.272551
0.271787
0.271025
0.270265
0.269506
0.268748
0.267992
0.267238
0.266485
0.265734
0.264984
0.264236
0.263489
0.262743
0.261999
0.261257
0.260516
0.259776
0.259037
0.258300
0.257565
0.256830
0.256097
0.255366
0.254635
0.253906
0.253178
0.252452
0.251726
0.251002
0.250279
0.249558
0.248837
0.248118
0.247400
0.246683
0.245967
0.245252
0.244538
0.243825
0.243114
0.242403
0.241694
0.240985
0.240278
0.239571
0.238866
0.238161
0.237458
0.236755
0.236054
0.235353
0.234653
0.233954
0.233256
0.232559
0.231862
0.231167
0.230472
0.229778
0.229085
0.228393
0.227702
0.227011
0.226321
0.225632
0.224943
0.224255
0.223568
0.222882
0.222196
0.221511
0.220827
0.220143
0.219460
0.218778
0.218096
0.217415
0.216734
0.216054
0.215375
0.214696
0.214018
0.213340
0.212663
0.211986
0.211310
0.210635
0.209960
0.209286
0.208612
0.207938
0.207266
0.206593
0.205921
0.205250
0.204579
0.203909
0.203239
0.202569
0.201900
0.201232
0.200564
0.199896
0.199229
0.198562
0.197896
0.197230
0.196565
0.195900
0.195236
0.194572
0.193908
0.193245
0.192583
0.191920
0.191259
0.190597
0.189937
0.189276
0.188616
0.187957
0.187298
0.186639
0.185981
0.185324
0.184667
0.184010
0.183354
0.182698
0.182043
0.181389
0.180735
0.180081
0.179428
0.178775
0.178123
0.177472
0.176821
0.176170
0.175520
0.174871
0.174222
0.173574
0.172926
0.172279
0.171633
0.170987
0.170342
0.169697
0.169053
0.168410
0.167767
0.167125
0.166484
0.165843
0.165203
0.164563
0.163925
0.163287
0.162649
0.162013
0.161377
0.160742
0.160107
0.159474
0.158841
0.158208
0.157577
0.156946
0.156316
0.155687
0.155059
0.154431
0.153804
0.153178
0.152553
0.151928
0.151304
0.150682
0.150059
0.149438
0.148818
0.148198
0.147579
0.146961
0.146343
0.145727
0.145111
0.144496
0.143882
0.143268
0.142656
0.142044
0.141433
0.140822
0.140213
0.139604
0.138996
0.138388
0.137782
0.137176
0.136571
0.135966
0.135362
0.134759
0.134156
0.133555
0.132953
0.132353
0.131753
0.131154
0.130555
0.129957
0.129359
0.128762
0.128166
0.127570
0.126975
0.126380
0.125786
0.125192
0.124599
0.124006
0.123414
0.122822
0.122231
0.121640
0.121050
0.120460
0.119870
0.119281
0.118693
0.118105
0.117517
0.116930
0.116343
0.115756
0.115170
0.114584
0.113999
0.113414
0.112830
0.112246
0.111662
0.111079
0.110496
0.109914
0.109332
0.108751
0.108169
0.108169
0.107589
0.107009
0.106429
0.105849
0.105270
0.104692
0.104114
0.103536
0.102959
0.102382
0.101806
0.101230
0.100655
0.100080
0.099506
0.098932
0.098359
0.097786
0.097214
0.096642
0.096071
0.095500
0.094930
0.094360
0.093791
0.093222
0.092654
0.092087
0.091520
0.090954
0.090389
0.089823
0.089259
0.088695
0.088132
0.087570
0.087008
0.086446
0.085886
0.085326
0.084767
0.084208
0.083650
0.083093
0.082536
0.081981
0.081425
0.080871
0.080317
0.079765
0.079212
0.078661
0.078110
0.077561
0.077011
0.076463
0.075916
0.075369
0.074823
0.074278
0.073734
0.073191
0.072648
0.072107
0.071566
0.071026
0.070487
0.069949
0.069412
0.068876
0.068341
0.067806
0.067273
0.066741
0.066209
0.065679
0.065149
0.064621
0.064094
0.063567
0.063042
0.062518
0.061994
0.061472
0.060951
0.060431
0.059912
0.059394
0.058878
0.058362
0.057848
0.057334
0.056822
0.056311
0.055802
0.055293
0.054785
0.054279
0.053774
0.053270
0.052768
0.052266
0.051766
0.051267
0.050769
0.050273
0.049778
0.049284
0.048791
0.048300
0.047809
0.047321
0.046833
0.046347
0.045862
0.045378
0.044896
0.044415
0.043936
0.043457
0.042980
0.042505
0.042030
0.041557
0.041086
0.040616
0.040147
0.039679
0.039213
0.038748
0.038285
0.037822
0.037362
0.036902
0.036444
0.035988
0.035532
0.035078
0.034626
0.034175
0.033725
0.033276
0.032829
0.032383
0.031939
0.031496
0.031054
0.030614
0.030175
0.029737
0.029301
0.028866
0.028432
0.028000
0.027569
0.027139
0.026711
0.026284
0.025858
0.025433
0.025010
0.024588
0.024168
0.023748
0.023330
0.022913
0.022498
0.022083
0.021670
0.021258
0.020847
0.020438
0.020030
0.019623
0.019217
0.018812
0.018408
0.018006
0.017604
0.017204
0.016805
0.016407
0.016010
0.015614
0.015220
0.014826
0.014433
0.014041
0.013651
0.013261
0.012872
0.012485
0.012098
0.011712
0.011327
0.010943
0.010560
0.010178
0.009796
0.009416
0.009036
0.008657
0.008279
0.007902
0.007525
0.007149
0.006774
0.006399
0.006025
0.005652
0.005279
0.004907
0.004536
0.004165
0.003794
0.003424
0.003055
0.002686
0.002317
0.001949
0.001581
0.001214
0.000847
0.000480
0.000113
-0.000253
-0.000619
-0.000985
-0.001351
-0.001717
-0.002082
-0.002448
-0.002813
-0.003179
-0.003544
-0.003910
-0.004275
-0.004641
-0.005007
-0.005373
-0.005739
-0.006105
-0.006471
-0.006838
-0.007205
-0.007572
-0.007939
-0.008307
-0.008675
-0.009043
-0.009411
-0.009780
-0.010149
-0.010518
-0.010888
-0.011257
-0.011627
-0.011997
-0.012367
-0.012736
-0.013106
-0.013476
-0.013845
-0.014214
-0.014583
-0.014952
-0.015319
-0.015686
-0.016053
-0.016418
-0.016782
-0.017145
-0.017507
-0.017867
-0.018226
-0.018583
-0.018938
-0.019291
-0.019642
-0.019991
-0.020338
-0.020682
-0.021023
-0.021362
-0.021698
-0.022031
-0.022362
-0.022689
-0.023013
-0.023335
-0.023653
-0.023968
-0.024280
-0.024589
-0.024894
-0.025197
-0.025496
-0.025792
-0.026084
-0.026373
-0.026659
-0.026942
-0.027221
-0.027498
-0.027771
-0.028040
-0.028307
-0.028570
-0.028831
-0.029088
-0.029342
-0.029593
-0.029841
-0.030086
-0.030328
-0.030567
-0.030803
-0.031036
-0.031267
-0.031495
-0.031720
-0.031943
-0.032163
-0.032381
-0.032596
-0.032809
-0.033019
-0.033228
-0.033434
-0.033637
-0.033839
-0.034039
-0.034237
-0.034432
-0.034626
-0.034818
-0.035009
-0.035197
-0.035384
-0.035570
-0.035753
-0.035935
-0.036116
-0.036296
-0.036473
-0.036650
-0.036825
-0.036999
-0.037172
-0.037344
-0.037514
-0.037683
-0.037852
-0.038019
-0.038185
-0.038350
-0.038514
-0.038678
-0.038840
-0.039001
-0.039162
-0.039322
-0.039481
-0.039639
-0.039797
-0.039953
-0.040109
-0.040265
-0.040419
-0.040573
-0.040726
-0.040879
-0.041031
-0.041182
-0.041333
-0.041483
-0.041633
-0.041782
-0.041931
-0.042079
-0.042226
-0.042373
-0.042520
-0.042666
-0.042811
-0.042956
-0.043101
-0.043245
-0.043388
-0.043532
-0.043674
-0.043817
-0.043959
-0.044100
-0.044241
-0.044382
-0.044522
-0.044662
-0.044802
-0.044941
-0.045080
-0.045218
-0.045356
-0.045494
-0.045631
-0.045768
-0.045905
-0.046041
-0.046177
-0.046313
-0.046448
-0.046583
-0.046718
-0.046853
-0.046987
-0.047121
-0.047255
-0.047388
-0.047521
-0.047654
-0.047787
-0.047919
-0.048051
-0.048183
-0.048315
-0.048446
-0.048577
-0.048708
-0.048839
-0.048970
-0.049100
-0.049231
-0.049361
-0.049491
-0.049621
-0.049750
-0.049880
-0.050009
-0.050138
-0.050267
-0.050396
-0.050525
-0.050654
-0.050783
-0.050911
-0.051040
-0.051168
-0.051297
-0.051425
-0.051553
-0.051681
-0.051810
-0.051938
-0.052066
-0.052194
-0.052322
-0.052450
-0.052579
-0.052707
-0.052835
-0.052963
-0.053092
-0.053220
-0.053348
-0.053477
-0.053605
-0.053734
-0.053863
-0.053992
-0.054120
-0.054250
-0.054379
-0.054508
-0.054637
-0.054767
-0.054897
-0.055026
-0.055156
-0.055287
-0.055417
-0.055547
-0.055678
-0.055809
-0.055940
-0.056071
-0.056203
-0.056334
-0.056466
-0.056598
-0.056730
-0.056863
-0.056996
-0.057129
-0.057262
-0.057395
-0.057529
-0.057663
-0.057797
-0.057932
-0.057932
-0.058067
-0.058202
-0.058337
-0.058472
-0.058608
-0.058744
-0.058881
-0.059018
-0.059155
-0.059292
-0.059429
-0.059567
-0.059706
-0.059844
-0.059983
-0.060122
-0.060261
-0.060401
-0.060541
-0.060682
-0.060822
-0.060963
-0.061105
-0.061246
-0.061388
-0.061531
-0.061673
-0.061816
-0.061960
-0.062103
-0.062247
-0.062392
-0.062536
-0.062681
-0.062827
-0.062972
-0.063118
-0.063265
-0.063411
-0.063558
-0.063706
-0.063854
-0.064002
-0.064150
-0.064299
-0.064448
-0.064597
-0.064747
-0.064897
-0.065048
-0.065199
-0.065350
-0.065502
-0.065653
-0.065806
-0.065958
-0.066111
-0.066265
-0.066418
-0.066572
-0.066727
-0.066881
-0.067036
-0.067192
-0.067347
-0.067503
-0.067660
-0.067817
-0.067974
-0.068131
-0.068289
-0.068447
-0.068606
-0.068764
-0.068924
-0.069083
-0.069243
-0.069403
-0.069564
-0.069725
-0.069886
-0.070047
-0.070209
-0.070371
-0.070534
-0.070697
-0.070860
-0.071024
-0.071188
-0.071352
-0.071516
-0.071681
-0.071846
-0.072012
-0.072178
-0.072344
-0.072511
-0.072677
-0.072845
-0.073012
-0.073180
-0.073348
-0.073517
-0.073685
-0.073854
-0.074024
-0.074194
-0.074364
-0.074534
-0.074705
-0.074876
-0.075047
-0.075218
-0.075390
-0.075562
-0.075735
-0.075908
-0.076081
-0.076254
-0.076428
-0.076602
-0.076776
-0.076950
-0.077125
-0.077300
-0.077476
-0.077651
-0.077827
-0.078003
-0.078180
-0.078357
-0.078534
-0.078711
-0.078888
-0.079066
-0.079244
-0.079423
-0.079601
-0.079780
-0.079959
-0.080138
-0.080318
-0.080498
-0.080678
-0.080858
-0.081039
-0.081219
-0.081400
-0.081581
-0.081763
-0.081945
-0.082126
-0.082308
-0.082491
-0.082673
-0.082856
-0.083039
-0.083222
-0.083405
-0.083589
-0.083772
-0.083956
-0.084140
-0.084324
-0.084509
-0.084693
-0.084878
-0.085063
-0.085248
-0.085433
-0.085618
-0.085804
-0.085989
-0.086175
-0.086361
-0.086547
-0.086733
-0.086919
-0.087105
-0.087292
-0.087478
-0.087665
-0.087852
-0.088039
-0.088225
-0.088412
-0.088600
-0.088787
-0.088974
-0.089161
-0.089348
-0.089536
-0.089723
-0.089911
-0.090098
-0.090286
-0.090473
-0.090661
-0.090848
-0.091036
-0.091224
-0.091411
-0.091599
-0.091786
-0.091974
-0.092161
-0.092349
-0.092536
-0.092724
-0.092911
-0.093098
-0.093286
-0.093473
-0.093660
-0.093847
-0.094034
-0.094221
-0.094407
-0.094594
-0.094781
-0.094967
-0.095153
-0.095339
-0.095525
-0.095711
-0.095897
-0.096082
-0.096268
-0.096453
-0.096638
-0.096823
-0.097007
-0.097192
-0.097376
-0.097560
-0.097744
-0.097927
-0.098111
-0.098294
-0.098476
-0.098659
-0.098841
-0.099023
-0.099205
-0.099386
-0.099567
-0.099748
-0.099929
-0.100109
-0.100289
-0.100468
-0.100647
-0.100826
-0.101005
-0.101183
-0.101360
-0.101538
-0.101715
-0.101891
-0.102067
-0.102243
-0.102418
-0.102593
-0.102768
-0.102942
-0.103115
-0.103288
-0.103461
-0.103633
-0.103805
-0.103976
-0.104146
-0.104316
-0.104486
-0.104655
-0.104824
-0.104992
-0.105159
-0.105326
-0.105492
-0.105658
-0.105823
-0.105988
-0.106152
-0.106315
-0.106478
-0.106640
-0.106801
-0.106962
-0.107123
-0.107282
-0.107441
-0.107599
-0.107757
-0.107914
-0.108070
-0.108225
-0.108380
-0.108534
-0.108687
-0.108840
-0.108992
-0.109143
-0.109293
-0.109443
-0.109592
-0.109740
-0.109887
-0.110034
-0.110179
-0.110324
-0.110468
-0.110611
-0.110754
-0.110895
-0.111036
-0.111176
-0.111315
-0.111453
-0.111591
-0.111727
-0.111863
-0.111997
-0.112131
-0.112264
-0.112396
-0.112527
-0.112657
-0.112786
-0.112914
-0.113042
-0.113168
-0.113294
-0.113418
-0.113542
-0.113664
-0.113786
-0.113906
-0.114026
-0.114145
-0.114262
-0.114379
-0.114494
-0.114609
-0.114723
-0.114835
-0.114947
-0.115057
-0.115167
-0.115275
-0.115383
-0.115489
-0.115594
-0.115699
-0.115802
-0.115904
-0.116005
-0.116105
-0.116204
-0.116302
-0.116398
-0.116494
-0.116589
-0.116682
-0.116775
-0.116866
-0.116956
-0.117045
-0.117133
-0.117220
-0.117306
-0.117391
-0.117474
-0.117557
-0.117638
-0.117718
-0.117797
-0.117875
-0.117952
-0.118028
-0.118103
-0.118176
-0.118248
-0.118320
-0.118390
-0.118459
-0.118527
-0.118593
-0.118659
-0.118723
-0.118786
-0.118849
-0.118910
-0.118970
-0.119028
-0.119086
-0.119142
-0.119198
-0.119252
-0.119305
-0.119357
-0.119408
-0.119457
-0.119506
-0.119553
-0.119599
-0.119645
-0.119689
-0.119731
-0.119773
-0.119814
-0.119853
-0.119892
-0.119929
-0.119965
-0.120000
-0.120034
-0.120067
-0.120098
-0.120129
-0.120158
-0.120187
-0.120214
-0.120240
-0.120265
-0.120289
-0.120311
-0.120333
-0.120354
-0.120373
-0.120391
-0.120409
-0.120425
-0.120440
-0.120454
-0.120467
-0.120479
-0.120490
-0.120499
-0.120508
-0.120515
-0.120522
-0.120527
-0.120531
-0.120535
-0.120537
-0.120538
-0.120538
-0.120537
-0.120535
-0.120532
-0.120528
-0.120522
-0.120516
-0.120509
-0.120500
-0.120491
-0.120481
-0.120469
-0.120456
-0.120443
-0.120428
-0.120413
-0.120396
-0.120378
-0.120360
-0.120340
-0.120319
-0.120297
-0.120274
-0.120251
-0.120226
-0.120200
-0.120173
-0.120145
-0.120116
-0.120086
-0.120055
-0.120023
-0.119990
-0.119956
-0.119921
-0.119885
-0.119849
-0.119811
-0.119772
-0.119732
-0.119691
-0.119649
-0.119606
-0.119562
-0.119517
-0.119471
-0.119424
-0.119376
-0.119327
-0.119277
-0.119226
-0.119174
-0.119174
-0.119122
-0.119068
-0.119013
-0.118957
-0.118900
-0.118842
-0.118784
-0.118724
-0.118663
-0.118601
-0.118538
-0.118475
-0.118410
-0.118344
-0.118278
-0.118210
-0.118141
-0.118072
-0.118001
-0.117929
-0.117857
-0.117783
-0.117708
-0.117633
-0.117556
-0.117479
-0.117400
-0.117320
-0.117240
-0.117158
-0.117076
-0.116992
-0.116908
-0.116822
-0.116736
-0.116648
-0.116560
-0.116470
-0.116380
-0.116288
-0.116195
-0.116102
-0.116007
-0.115912
-0.115815
-0.115718
-0.115619
-0.115520
-0.115419
-0.115318
-0.115215
-0.115112
-0.115007
-0.114901
-0.114795
-0.114687
-0.114579
-0.114469
-0.114358
-0.114247
-0.114134
-0.114020
-0.113905
-0.113790
-0.113673
-0.113555
-0.113436
-0.113316
-0.113196
-0.113074
-0.112951
-0.112827
-0.112702
-0.112576
-0.112449
-0.112321
-0.112192
-0.112062
-0.111930
-0.111798
-0.111665
-0.111531
-0.111396
-0.111259
-0.111122
-0.110983
-0.110844
-0.110704
-0.110562
-0.110419
-0.110276
-0.110131
-0.109986
-0.109839
-0.109691
-0.109542
-0.109392
-0.109241
-0.109089
-0.108936
-0.108782
-0.108627
-0.108471
-0.108314
-0.108156
-0.107996
-0.107836
-0.107675
-0.107512
-0.107349
-0.107184
-0.107019
-0.106852
-0.106685
-0.106516
-0.106346
-0.106176
-0.106004
-0.105831
-0.105658
-0.105483
-0.105308
-0.105131
-0.104954
-0.104775
-0.104596
-0.104416
-0.104235
-0.104053
-0.103871
-0.103687
-0.103503
-0.103319
-0.103133
-0.102947
-0.102761
-0.102574
-0.102387
-0.102199
-0.102012
-0.101824
-0.101636
-0.101448
-0.101260
-0.101072
-0.100885
-0.100698
-0.100512
-0.100327
-0.100142
-0.099959
-0.099777
-0.099596
-0.099417
-0.099240
-0.099065
-0.098893
-0.098722
-0.098555
-0.098391
-0.098230
-0.098073
-0.097920
-0.097771
-0.097627
-0.097488
-0.097354
-0.097226
-0.097104
-0.096989
-0.096881
-0.096781
-0.096689
-0.096605
-0.096530
-0.096465
-0.096410
-0.096366
-0.096333
-0.096312
-0.096303
-0.096307
-0.096325
-0.096356
-0.096403
-0.096465
-0.096542
-0.096636
-0.096747
-0.096875
-0.097021
-0.097185
-0.097368
-0.097570
-0.097791
-0.098031
-0.098290
-0.098569
-0.098868
-0.099186
-0.099523
-0.099879
-0.100253
-0.100646
-0.101056
-0.101483
-0.101927
-0.102387
-0.102861
-0.103351
-0.103854
-0.104370
-0.104899
-0.105439
-0.105989
-0.106550
-0.107119
-0.107697
-0.108282
-0.108873
-0.109471
-0.110073
-0.110679
-0.111289
-0.111902
-0.112516
-0.113131
-0.113747
-0.114363
-0.114977
-0.115590
-0.116201
-0.116810
-0.117415
-0.118016
-0.118614
-0.119207
-0.119795
-0.120378
-0.120955
-0.121527
-0.122093
-0.122652
-0.123205
-0.123751
-0.124291
-0.124824
-0.125350
-0.125869
-0.126381
-0.126886
-0.127383
-0.127874
-0.128358
-0.128834
-0.129304
-0.129767
-0.130222
-0.130671
-0.131114
-0.131549
-0.131978
-0.132401
-0.132817
-0.133227
-0.133631
-0.134029
-0.134421
-0.134807
-0.135187
-0.135562
-0.135931
-0.136295
-0.136654
-0.137007
-0.137356
-0.137700
-0.138039
-0.138373
-0.138702
-0.139028
-0.139348
-0.139665
-0.139977
-0.140285
-0.140589
-0.140890
-0.141186
-0.141479
-0.141768
-0.142053
-0.142335
-0.142614
-0.142889
-0.143161
-0.143429
-0.143695
-0.143957
-0.144217
-0.144473
-0.144727
-0.144978
-0.145226
-0.145471
-0.145714
-0.145954
-0.146192
-0.146427
-0.146659
-0.146890
-0.147118
-0.147343
-0.147567
-0.147788
-0.148007
-0.148224
-0.148439
-0.148652
-0.148863
-0.149072
-0.149279
-0.149484
-0.149688
-0.149889
-0.150089
-0.150287
-0.150484
-0.150679
-0.150872
-0.151064
-0.151254
-0.151443
-0.151630
-0.151816
-0.152000
-0.152183
-0.152365
-0.152545
-0.152724
-0.152902
-0.153078
-0.153254
-0.153428
-0.153601
-0.153773
-0.153943
-0.154113
-0.154282
-0.154449
-0.154616
-0.154781
-0.154946
-0.155110
-0.155272
-0.155434
-0.155595
-0.155755
-0.155914
-0.156073
-0.156231
-0.156387
-0.156543
-0.156699
-0.156853
-0.157007
-0.157160
-0.157313
-0.157465
-0.157616
-0.157766
-0.157916
-0.158066
-0.158214
-0.158363
-0.158510
-0.158657
-0.158804
-0.158950
-0.159095
-0.159240
-0.159385
-0.159529
-0.159673
-0.159816
-0.159959
-0.160101
-0.160243
-0.160385
-0.160526
-0.160667
-0.160807
-0.160947
-0.161087
-0.161226
-0.161366
-0.161504
-0.161643
-0.161781
-0.161919
-0.162057
-0.162194
-0.162331
-0.162468
-0.162605
-0.162742
-0.162878
-0.163014
-0.163150
-0.163285
-0.163421
-0.163556
-0.163691
-0.163826
-0.163961
-0.164095
-0.164230
-0.164364
-0.164498
-0.164632
-0.164766
-0.164900
-0.165034
-0.165167
-0.165301
-0.165434
-0.165567
-0.165701
-0.165834
-0.165967
-0.166100
-0.166233
-0.166366
-0.166499
-0.166631
-0.166764
-0.166897
-0.167029
-0.167162
-0.167295
-0.167427
-0.167560
-0.167692
-0.167825
-0.167957
-0.168090
-0.168222
-0.168355
-0.168487
-0.168620
-0.168753
-0.168885
-0.169018
-0.169150
-0.169283
-0.169416
-0.169548
-0.169681
-0.169814
-0.169946
-0.170079
-0.170212
-0.170345
-0.170478
-0.170611
-0.170744
-0.170877
-0.171010
-0.171144
-0.171277
-0.171410
-0.171544
-0.171677
-0.171811
-0.171944
-0.172078
-0.172212
-0.172345
-0.172479
-0.172613
-0.172747
-0.172881
-0.173015
-0.173150
-0.173284
-0.173418
-0.173553
-0.173687
-0.173822
-0.173957
-0.174092
-0.174227
-0.174362
-0.174497
-0.174632
-0.174767
-0.174902
-0.175038
-0.175173
-0.175309
-0.175309
-0.175444
-0.175580
-0.175716
-0.175852
-0.175988
-0.176124
-0.176260
-0.176397
-0.176533
-0.176670
-0.176806
-0.176943
-0.177080
-0.177216
-0.177353
-0.177490
-0.177627
-0.177765
-0.177902
-0.178039
-0.178177
-0.178314
-0.178452
-0.178590
-0.178727
-0.178865
-0.179003
-0.179141
-0.179279
-0.179418
-0.179556
-0.179694
-0.179833
-0.179971
-0.180110
-0.180249
-0.180388
-0.180526
-0.180665
-0.180804
-0.180943
-0.181083
-0.181222
-0.181361
-0.181501
-0.181640
-0.181779
-0.181919
-0.182059
-0.182198
-0.182338
-0.182478
-0.182618
-0.182758
-0.182898
-0.183038
-0.183178
-0.183319
-0.183459
-0.183599
-0.183740
-0.183880
-0.184020
-0.184161
-0.184302
-0.184442
-0.184583
-0.184724
-0.184865
-0.185005
-0.185146
-0.185287
-0.185428
-0.185569
-0.185710
-0.185851
-0.185992
-0.186134
-0.186275
-0.186416
-0.186557
-0.186698
-0.186840
-0.186981
-0.187122
-0.187264
-0.187405
-0.187547
-0.187688
-0.187830
-0.187971
-0.188113
-0.188254
-0.188396
-0.188537
-0.188679
-0.188820
-0.188962
-0.189103
-0.189245
-0.189387
-0.189528
-0.189670
-0.189811
-0.189953
-0.190095
-0.190236
-0.190378
-0.190519
-0.190661
-0.190802
-0.190944
-0.191086
-0.191227
-0.191369
-0.191510
-0.191651
-0.191793
-0.191934
-0.192076
-0.192217
-0.192358
-0.192500
-0.192641
-0.192782
-0.192924
-0.193065
-0.193206
-0.193347
-0.193488
-0.193629
-0.193770
-0.193911
-0.194052
-0.194193
-0.194334
-0.194475
-0.194616
-0.194756
-0.194897
-0.195038
-0.195178
-0.195319
-0.195459
-0.195600
-0.195740
-0.195880
-0.196021
-0.196161
-0.196301
-0.196441
-0.196581
-0.196721
-0.196861
-0.197000
-0.197140
-0.197280
-0.197419
-0.197559
-0.197698
-0.197838
-0.197977
-0.198116
-0.198255
-0.198394
-0.198533
-0.198672
-0.198811
-0.198949
-0.199088
-0.199227
-0.199365
-0.199503
-0.199642
-0.199780
-0.199918
-0.200056
-0.200194
-0.200331
-0.200469
-0.200607
-0.200744
-0.200881
-0.201019
-0.201156
-0.201293
-0.201430
-0.201567
-0.201703
-0.201840
-0.201977
-0.202113
-0.202249
-0.202385
-0.202521
-0.202657
-0.202793
-0.202929
-0.203065
-0.203200
-0.203335
-0.203471
-0.203606
-0.203741
-0.203876
-0.204010
-0.204145
-0.204279
-0.204414
-0.204548
-0.204682
-0.204816
-0.204950
-0.205084
-0.205217
-0.205351
-0.205484
-0.205617
-0.205750
-0.205883
-0.206016
-0.206148
-0.206281
-0.206413
-0.206545
-0.206678
-0.206809
-0.206941
-0.207073
-0.207204
-0.207336
-0.207467
-0.207598
-0.207729
-0.207859
-0.207990
-0.208120
-0.208251
-0.208381
-0.208511
-0.208641
-0.208770
-0.208900
-0.209029
-0.209159
-0.209288
-0.209416
-0.209545
-0.209674
-0.209802
-0.209931
-0.210059
-0.210187
-0.210314
-0.210442
-0.210569
-0.210697
-0.210824
-0.210951
-0.211078
-0.211204
-0.211331
-0.211457
-0.211583
-0.211709
-0.211835
-0.211961
-0.212086
-0.212211
-0.212337
-0.212462
-0.212586
-0.212711
-0.212835
-0.212960
-0.213084
-0.213208
-0.213332
-0.213455
-0.213579
-0.213702
-0.213825
-0.213948
-0.214071
-0.214193
-0.214316
-0.214438
-0.214560
-0.214682
-0.214803
-0.214925
-0.215046
-0.215167
-0.215288
-0.215409
-0.215530
-0.215650
-0.215770
-0.215890
-0.216010
-0.216130
-0.216249
-0.216369
-0.216488
-0.216607
-0.216726
-0.216844
-0.216963
-0.217081
-0.217199
-0.217317
-0.217435
-0.217552
-0.217670
-0.217787
-0.217904
-0.218021
-0.218137
-0.218254
-0.218370
-0.218486
-0.218602
-0.218718
-0.218833
-0.218949
-0.219064
-0.219179
-0.219294
-0.219408
-0.219523
-0.219637
-0.219751
-0.219865
-0.219979
-0.220092
-0.220205
-0.220318
-0.220431
-0.220544
-0.220657
-0.220769
-0.220881
-0.220993
-0.221105
-0.221217
-0.221328
-0.221440
-0.221551
-0.221662
-0.221773
-0.221883
-0.221993
-0.222104
-0.222214
-0.222323
-0.222433
-0.222543
-0.222652
-0.222761
-0.222870
-0.222979
-0.223087
-0.223195
-0.223304
-0.223412
-0.223519
-0.223627
-0.223735
-0.223842
-0.223949
-0.224056
-0.224162
-0.224269
-0.224375
-0.224482
-0.224588
-0.224693
-0.224799
-0.224904
-0.225010
-0.225115
-0.225220
-0.225324
-0.225429
-0.225533
-0.225638
-0.225742
-0.225845
-0.225949
-0.226052
-0.226156
-0.226259
-0.226362
-0.226465
-0.226567
-0.226670
-0.226772
-0.226874
-0.226976
-0.227077
-0.227179
-0.227280
-0.227381
-0.227482
-0.227583
-0.227684
-0.227784
-0.227885
-0.227985
-0.228085
-0.228185
-0.228284
-0.228384
-0.228483
-0.228582
-0.228681
-0.228780
-0.228878
-0.228977
-0.229075
-0.229173
-0.229271
-0.229368
-0.229466
-0.229563
-0.229661
-0.229758
-0.229854
-0.229951
-0.230048
-0.230144
-0.230240
-0.230336
-0.230432
-0.230528
-0.230623
-0.230719
-0.230814
-0.230909
-0.231004
-0.231099
-0.231193
-0.231288
-0.231382
-0.231476
-0.231570
-0.231664
-0.231757
-0.231851
-0.231944
-0.232037
-0.232130
-0.232223
-0.232315
-0.232408
-0.232500
-0.232592
-0.232684
-0.232776
-0.232868
-0.232959
-0.233051
-0.233142
-0.233233
-0.233324
-0.233415
-0.233505
-0.233596
-0.233686
-0.233776
-0.233866
-0.233956
-0.234046
-0.234135
-0.234225
-0.234314
-0.234403
-0.234492
-0.234581
-0.234669
-0.234758
-0.234846
-0.234934
-0.235022
-0.235110
-0.235198
-0.235286
-0.235373
-0.235460
-0.235548
-0.235635
-0.235722
-0.235808
-0.235895
-0.235981
-0.236068
-0.236154
-0.236240
-0.236326
-0.236326
-0.236412
-0.236497
-0.236583
-0.236668
-0.236753
-0.236838
-0.236923
-0.237008
-0.237093
-0.237177
-0.237262
-0.237346
-0.237430
-0.237514
-0.237598
-0.237682
-0.237765
-0.237849
-0.237932
-0.238015
-0.238098
-0.238181
-0.238264
-0.238347
-0.238429
-0.238512
-0.238594
-0.238676
-0.238758
-0.238840
-0.238922
-0.239004
-0.239085
-0.239167
-0.239248
-0.239329
-0.239410
-0.239491
-0.239572
-0.239653
-0.239733
-0.239813
-0.239894
-0.239974
-0.240054
-0.240134
-0.240214
-0.240294
-0.240373
-0.240453
-0.240532
-0.240611
-0.240690
-0.240769
-0.240848
-0.240927
-0.241006
-0.241084
-0.241163
-0.241241
-0.241319
-0.241397
-0.241475
-0.241553
-0.241631
-0.241709
-0.241786
-0.241864
-0.241941
-0.242018
-0.242095
-0.242172
-0.242249
-0.242326
-0.242403
-0.242479
-0.242556
-0.242632
-0.242709
-0.242785
-0.242861
-0.242937
-0.243013
-0.243088
-0.243164
-0.243240
-0.243315
-0.243390
-0.243466
-0.243541
-0.243616
-0.243691
-0.243766
-0.243840
-0.243915
-0.243990
-0.244064
-0.244138
-0.244213
-0.244287
-0.244361
-0.244435
-0.244509
-0.244583
-0.244656
-0.244730
-0.244804
-0.244877
-0.244950
-0.245024
-0.245097
-0.245170
-0.245243
-0.245316
-0.245388
-0.245461
-0.245534
-0.245606
-0.245679
-0.245751
-0.245823
-0.245896
-0.245968
-0.246040
-0.246112
-0.246184
-0.246255
-0.246327
-0.246399
-0.246470
-0.246542
-0.246613
-0.246684
-0.246755
-0.246827
-0.246898
-0.246969
-0.247039
-0.247110
-0.247181
-0.247252
-0.247322
-0.247393
-0.247463
-0.247533
-0.247604
-0.247674
-0.247744
-0.247814
-0.247884
-0.247954
-0.248024
-0.248093
-0.248163
-0.248232
-0.248302
-0.248371
-0.248441
-0.248510
-0.248579
-0.248648
-0.248718
-0.248787
-0.248855
-0.248924
-0.248993
-0.249062
-0.249131
-0.249199
-0.249268
-0.249336
-0.249405
-0.249473
-0.249541
-0.249609
-0.249678
-0.249746
-0.249814
-0.249882
-0.249949
-0.250017
-0.250085
-0.250153
-0.250220
-0.250288
-0.250355
-0.250423
-0.250490
-0.250558
-0.250625
-0.250692
-0.250759
-0.250826
-0.250893
-0.250960
-0.251027
-0.251094
-0.251161
-0.251227
-0.251294
-0.251361
-0.251427
-0.251494
-0.251560
-0.251627
-0.251693
-0.251759
-0.251825
-0.251892
-0.251958
-0.252024
-0.252090
-0.252156
-0.252222
-0.252288
-0.252353
-0.252419
-0.252485
-0.252551
-0.252616
-0.252682
-0.252747
-0.252813
-0.252878
-0.252943
-0.253009
-0.253074
-0.253139
-0.253204
-0.253269
-0.253334
-0.253399
-0.253464
-0.253529
-0.253594
-0.253659
-0.253724
-0.253789
-0.253853
-0.253918
-0.253982
-0.254047
-0.254112
-0.254176
-0.254240
-0.254305
-0.254369
-0.254433
-0.254498
-0.254562
-0.254626
-0.254690
-0.254754
-0.254818
-0.254882
-0.254946
-0.255010
-0.255074
-0.255138
-0.255202
-0.255265
-0.255329
-0.255393
-0.255456
-0.255520
-0.255584
-0.255647
-0.255711
-0.255774
-0.255837
-0.255901
-0.255964
-0.256027
-0.256091
-0.256154
-0.256217
-0.256280
-0.256343
-0.256406
-0.256469
-0.256533
-0.256595
-0.256658
-0.256721
-0.256784
-0.256847
-0.256910
-0.256973
-0.257035
-0.257098
-0.257161
-0.257223
-0.257286
-0.257349
-0.257411
-0.257474
-0.257536
-0.257599
-0.257661
-0.257723
-0.257786
-0.257848
-0.257910
-0.257973
-0.258035
-0.258097
-0.258159
-0.258221
-0.258283
-0.258345
-0.258408
-0.258470
-0.258532
-0.258593
-0.258655
-0.258717
-0.258779
-0.258841
-0.258903
-0.258965
-0.259026
-0.259088
-0.259150
-0.259212
-0.259273
-0.259335
-0.259397
-0.259458
-0.259520
-0.259581
-0.259643
-0.259704
-0.259766
-0.259827
-0.259888
-0.259950
-0.260011
-0.260073
-0.260134
-0.260195
-0.260256
-0.260318
-0.260379
-0.260440
-0.260501
-0.260562
-0.260623
-0.260685
-0.260746
-0.260807
-0.260868
-0.260929
-0.260990
-0.261051
-0.261112
-0.261172
-0.261233
-0.261294
-0.261355
-0.261416
-0.261477
-0.261537
-0.261598
-0.261659
-0.261720
-0.261780
-0.261841
-0.261902
-0.261962
-0.262023
-0.262083
-0.262144
-0.262205
-0.262265
-0.262326
-0.262386
-0.262447
-0.262507
-0.262568
-0.262628
-0.262688
-0.262749
-0.262809
-0.262869
-0.262930
-0.262990
-0.263050
-0.263111
-0.263171
-0.263231
-0.263291
-0.263351
-0.263412
-0.263472
-0.263532
-0.263592
-0.263652
-0.263712
-0.263772
-0.263832
-0.263892
-0.263952
-0.264012
-0.264072
-0.264132
-0.264192
-0.264252
-0.264312
-0.264372
-0.264432
-0.264492
-0.264552
-0.264611
-0.264671
-0.264731
-0.264791
-0.264850
-0.264910
-0.264970
-0.265030
-0.265089
-0.265149
-0.265209
-0.265268
-0.265328
-0.265388
-0.265447
-0.265507
-0.265566
-0.265626
-0.265685
-0.265745
-0.265804
-0.265864
-0.265923
-0.265983
-0.266042
-0.266102
-0.266161
-0.266221
-0.266280
-0.266339
-0.266399
-0.266458
-0.266517
-0.266577
-0.266636
-0.266695
-0.266755
-0.266814
-0.266873
-0.266932
-0.266992
-0.267051
-0.267110
-0.267169
-0.267228
-0.267287
-0.267347
-0.267406
-0.267465
-0.267524
-0.267583
-0.267642
-0.267701
-0.267760
-0.267819
-0.267878
-0.267937
-0.267996
-0.268055
-0.268114
-0.268173
-0.268232
-0.268291
-0.268350
-0.268409
-0.268467
-0.268526
-0.268585
-0.268644
-0.268703
-0.268762
-0.268820
-0.268879
-0.268938
-0.268997
-0.269055
-0.269114
-0.269173
-0.269232
-0.269290
-0.269349
-0.269408
-0.269466
-0.269525
-0.269583
-0.269642
-0.269701
-0.269701
-0.269759
-0.269818
-0.269876
-0.269935
-0.269993
-0.270052
-0.270110
-0.270169
-0.270227
-0.270286
-0.270344
-0.270403
-0.270461
-0.270520
-0.270578
-0.270636
-0.270695
-0.270753
-0.270811
-0.270870
-0.270928
-0.270986
-0.271045
-0.271103
-0.271161
-0.271220
-0.271278
-0.271336
-0.271394
-0.271452
-0.271511
-0.271569
-0.271627
-0.271685
-0.271743
-0.271801
-0.271860
-0.271918
-0.271976
-0.272034
-0.272092
-0.272150
-0.272208
-0.272266
-0.272324
-0.272382
-0.272440
-0.272498
-0.272556
-0.272614
-0.272672
-0.272730
-0.272788
-0.272845
-0.272903
-0.272961
-0.273019
-0.273077
-0.273135
-0.273193
-0.273250
-0.273308
-0.273366
-0.273424
-0.273481
-0.273539
-0.273597
-0.273655
-0.273712
-0.273770
-0.273828
-0.273885
-0.273943
-0.274001
-0.274058
-0.274116
-0.274173
-0.274231
-0.274289
-0.274346
-0.274404
-0.274461
-0.274519
-0.274576
-0.274634
-0.274691
-0.274749
-0.274806
-0.274863
-0.274921
-0.274978
-0.275036
-0.275093
-0.275150
-0.275208
-0.275265
-0.275322
-0.275380
-0.275437
-0.275494
-0.275551
-0.275609
-0.275666
-0.275723
-0.275780
-0.275838
-0.275895
-0.275952
-0.276009
-0.276066
-0.276123
-0.276180
-0.276238
-0.276295
-0.276352
-0.276409
-0.276466
-0.276523
-0.276580
-0.276637
-0.276694
-0.276751
-0.276808
-0.276865
-0.276922
-0.276978
-0.277035
-0.277092
-0.277149
-0.277206
-0.277263
-0.277320
-0.277376
-0.277433
-0.277490
-0.277547
-0.277603
-0.277660
-0.277717
-0.277774
-0.277830
-0.277887
-0.277944
-0.278000
-0.278057
-0.278114
-0.278170
-0.278227
-0.278283
-0.278340
-0.278396
-0.278453
-0.278509
-0.278566
-0.278622
-0.278679
-0.278735
-0.278792
-0.278848
-0.278904
-0.278961
-0.279017
-0.279074
-0.279130
-0.279186
-0.279243
-0.279299
-0.279355
-0.279411
-0.279468
-0.279524
-0.279580
-0.279636
-0.279692
-0.279749
-0.279805
-0.279861
-0.279917
-0.279973
-0.280029
-0.280085
-0.280141
-0.280197
-0.280253
-0.280309
-0.280365
-0.280421
-0.280477
-0.280533
-0.280589
-0.280645
-0.280701
-0.280757
-0.280813
-0.280868
-0.280924
-0.280980
-0.281036
-0.281092
-0.281147
-0.281203
-0.281259
-0.281315
-0.281370
-0.281426
-0.281482
-0.281537
-0.281593
-0.281648
-0.281704
-0.281760
-0.281815
-0.281871
-0.281926
-0.281982
-0.282037
-0.282093
-0.282148
-0.282203
-0.282259
-0.282314
-0.282370
-0.282425
-0.282480
-0.282536
-0.282591
-0.282646
-0.282702
-0.282757
-0.282812
-0.282867
-0.282922
-0.282978
-0.283033
-0.283088
-0.283143
-0.283198
-0.283253
-0.283308
-0.283363
-0.283419
-0.283474
-0.283529
-0.283584
-0.283638
-0.283693
-0.283748
-0.283803
-0.283858
-0.283913
-0.283968
-0.284023
-0.284078
-0.284132
-0.284187
-0.284242
-0.284297
-0.284351
-0.284406
-0.284461
-0.284516
-0.284570
-0.284625
-0.284679
-0.284734
-0.284789
-0.284843
-0.284898
-0.284952
-0.285007
-0.285061
-0.285116
-0.285170
-0.285225
-0.285279
-0.285333
-0.285388
-0.285442
-0.285497
-0.285551
-0.285605
-0.285659
-0.285714
-0.285768
-0.285822
-0.285876
-0.285931
-0.285985
-0.286039
-0.286093
-0.286147
-0.286201
-0.286255
-0.286309
-0.286363
-0.286417
-0.286471
-0.286525
-0.286579
-0.286633
-0.286687
-0.286741
-0.286795
-0.286849
-0.286903
-0.286956
-0.287010
-0.287064
-0.287118
-0.287171
-0.287225
-0.287279
-0.287333
-0.287386
-0.287440
-0.287493
-0.287547
-0.287601
-0.287654
-0.287708
-0.287761
-0.287815
-0.287868
-0.287922
-0.287975
-0.288028
-0.288082
-0.288135
-0.288189
-0.288242
-0.288295
-0.288349
-0.288402
-0.288455
-0.288508
-0.288561
-0.288615
-0.288668
-0.288721
-0.288774
-0.288827
-0.288880
-0.288933
-0.288986
-0.289039
-0.289092
-0.289145
-0.289198
-0.289251
-0.289304
-0.289357
-0.289410
-0.289463
-0.289516
-0.289569
-0.289621
-0.289674
-0.289727
-0.289780
-0.289832
-0.289885
-0.289938
-0.289990
-0.290043
-0.290096
-0.290148
-0.290201
-0.290253
-0.290306
-0.290358
-0.290411
-0.290463
-0.290516
-0.290568
-0.290620
-0.290673
-0.290725
-0.290777
-0.290830
-0.290882
-0.290934
-0.290987
-0.291039
-0.291091
-0.291143
-0.291195
-0.291247
-0.291300
-0.291352
-0.291404
-0.291456
-0.291508
-0.291560
-0.291612
-0.291664
-0.291716
-0.291768
-0.291819
-0.291871
-0.291923
-0.291975
-0.292027
-0.292079
-0.292130
-0.292182
-0.292234
-0.292286
-0.292337
-0.292389
-0.292441
-0.292492
-0.292544
-0.292595
-0.292647
-0.292698
-0.292750
-0.292801
-0.292853
-0.292904
-0.292956
-0.293007
-0.293058
-0.293110
-0.293161
-0.293212
-0.293264
-0.293315
-0.293366
-0.293417
-0.293469
-0.293520
-0.293571
-0.293622
-0.293673
-0.293724
-0.293775
-0.293826
-0.293877
-0.293928
-0.293979
-0.294030
-0.294081
-0.294132
-0.294183
-0.294234
-0.294285
-0.294335
-0.294386
-0.294437
-0.294488
-0.294538
-0.294589
-0.294640
-0.294690
-0.294741
-0.294792
-0.294842
-0.294893
-0.294943
-0.294994
-0.295044
-0.295095
-0.295145
-0.295196
-0.295246
-0.295296
-0.295347
-0.295397
-0.295447
-0.295498
-0.295548
-0.295598
-0.295648
-0.295699
-0.295749
-0.295799
-0.295849
-0.295899
-0.295949
-0.295999
-0.296049
-0.296099
-0.296149
-0.296199
-0.296249
-0.296299
-0.296349
-0.296399
-0.296449
-0.296499
-0.296548
-0.296598
-0.296648
-0.296698
-0.296747
-0.296797
-0.296847
-0.296896
-0.296946
-0.296946
-0.296996
-0.297045
-0.297095
-0.297144
-0.297194
-0.297243
-0.297293
-0.297342
-0.297392
-0.297441
-0.297490
-0.297540
-0.297589
-0.297638
-0.297687
-0.297737
-0.297786
-0.297835
-0.297884
-0.297934
-0.297983
-0.298032
-0.298081
-0.298130
-0.298179
-0.298228
-0.298277
-0.298326
-0.298375
-0.298424
-0.298473
-0.298522
-0.298570
-0.298619
-0.298668
-0.298717
-0.298766
-0.298814
-0.298863
-0.298912
-0.298960
-0.299009
-0.299058
-0.299106
-0.299155
-0.299203
-0.299252
-0.299300
-0.299349
-0.299397
-0.299446
-0.299494
-0.299543
-0.299591
-0.299639
-0.299688
-0.299736
-0.299784
-0.299832
-0.299881
-0.299929
-0.299977
-0.300025
-0.300073
-0.300121
-0.300169
-0.300217
-0.300265
-0.300313
-0.300361
-0.300409
-0.300457
-0.300505
-0.300553
-0.300601
-0.300649
-0.300697
-0.300744
-0.300792
-0.300840
-0.300888
-0.300935
-0.300983
-0.301031
-0.301078
-0.301126
-0.301174
-0.301221
-0.301269
-0.301316
-0.301364
-0.301411
-0.301459
-0.301506
-0.301553
-0.301601
-0.301648
-0.301695
-0.301743
-0.301790
-0.301837
-0.301884
-0.301932
-0.301979
-0.302026
-0.302073
-0.302120
-0.302167
-0.302214
-0.302261
-0.302308
-0.302355
-0.302402
-0.302449
-0.302496
-0.302543
-0.302590
-0.302637
-0.302684
-0.302730
-0.302777
-0.302824
-0.302871
-0.302917
-0.302964
-0.303011
-0.303057
-0.303104
-0.303151
-0.303197
-0.303244
-0.303290
-0.303337
-0.303383
-0.303430
-0.303476
-0.303522
-0.303569
-0.303615
-0.303661
-0.303708
-0.303754
-0.303800
-0.303846
-0.303893
-0.303939
-0.303985
-0.304031
-0.304077
-0.304123
-0.304169
-0.304215
-0.304261
-0.304307
-0.304353
-0.304399
-0.304445
-0.304491
-0.304537
-0.304583
-0.304629
-0.304675
-0.304720
-0.304766
-0.304812
-0.304858
-0.304903
-0.304949
-0.304995
-0.305040
-0.305086
-0.305131
-0.305177
-0.305222
-0.305268
-0.305313
-0.305359
-0.305404
-0.305450
-0.305495
-0.305540
-0.305586
-0.305631
-0.305676
-0.305721
-0.305767
-0.305812
-0.305857
-0.305902
-0.305947
-0.305993
-0.306038
-0.306083
-0.306128
-0.306173
-0.306218
-0.306263
-0.306308
-0.306353
-0.306397
-0.306442
-0.306487
-0.306532
-0.306577
-0.306622
-0.306666
-0.306711
-0.306756
-0.306801
-0.306845
-0.306890
-0.306934
-0.306979
-0.307024
-0.307068
-0.307113
-0.307157
-0.307202
-0.307246
-0.307291
-0.307335
-0.307379
-0.307424
-0.307468
-0.307512
-0.307557
-0.307601
-0.307645
-0.307689
-0.307734
-0.307778
-0.307822
-0.307866
-0.307910
-0.307954
-0.307998
-0.308042
-0.308086
-0.308130
-0.308174
-0.308218
-0.308262
-0.308306
-0.308350
-0.308394
-0.308437
-0.308481
-0.308525
-0.308569
-0.308612
-0.308656
-0.308700
-0.308744
-0.308787
-0.308831
-0.308874
-0.308918
-0.308961
-0.309005
-0.309048
-0.309092
-0.309135
-0.309179
-0.309222
-0.309265
-0.309309
-0.309352
-0.309395
-0.309439
-0.309482
-0.309525
-0.309568
-0.309612
-0.309655
-0.309698
-0.309741
-0.309784
-0.309827
-0.309870
-0.309913
-0.309956
-0.309999
-0.310042
-0.310085
-0.310128
-0.310171
-0.310214
-0.310257
-0.310299
-0.310342
-0.310385
-0.310428
-0.310470
-0.310513
-0.310556
-0.310598
-0.310641
-0.310684
-0.310726
-0.310769
-0.310811
-0.310854
-0.310896
-0.310939
-0.310981
-0.311024
-0.311066
-0.311108
-0.311151
-0.311193
-0.311235
-0.311278
-0.311320
-0.311362
-0.311404
-0.311446
-0.311489
-0.311531
-0.311573
-0.311615
-0.311657
-0.311699
-0.311741
-0.311783
-0.311825
-0.311867
-0.311909
-0.311951
-0.311993
-0.312035
-0.312076
-0.312118
-0.312160
-0.312202
-0.312244
-0.312285
-0.312327
-0.312369
-0.312410
-0.312452
-0.312494
-0.312535
-0.312577
-0.312618
-0.312660
-0.312701
-0.312743
-0.312784
-0.312826
-0.312867
-0.312908
-0.312950
-0.312991
-0.313032
-0.313074
-0.313115
-0.313156
-0.313197
-0.313239
-0.313280
-0.313321
-0.313362
-0.313403
-0.313444
-0.313485
-0.313526
-0.313567
-0.313608
-0.313649
-0.313690
-0.313731
-0.313772
-0.313813
-0.313854
-0.313895
-0.313935
-0.313976
-0.314017
-0.314058
-0.314098
-0.314139
-0.314180
-0.314220
-0.314261
-0.314302
-0.314342
-0.314383
-0.314423
-0.314464
-0.314504
-0.314545
-0.314585
-0.314626
-0.314666
-0.314706
-0.314747
-0.314787
-0.314827
-0.314868
-0.314908
-0.314948
-0.314988
-0.315029
-0.315069
-0.315109
-0.315149
-0.315189
-0.315229
-0.315269
-0.315309
-0.315349
-0.315389
-0.315429
-0.315469
-0.315509
-0.315549
-0.315589
-0.315629
-0.315669
-0.315708
-0.315748
-0.315788
-0.315828
-0.315867
-0.315907
-0.315947
-0.315986
-0.316026
-0.316066
-0.316105
-0.316145
-0.316184
-0.316224
-0.316263
-0.316303
-0.316342
-0.316382
-0.316421
-0.316461
-0.316500
-0.316539
-0.316579
-0.316618
-0.316657
-0.316696
-0.316736
-0.316775
-0.316814
-0.316853
-0.316892
-0.316932
-0.316971
-0.317010
-0.317049
-0.317088
-0.317127
-0.317166
-0.317205
-0.317244
-0.317283
-0.317322
-0.317360
-0.317399
-0.317438
-0.317477
-0.317516
-0.317555
-0.317593
-0.317632
-0.317671
-0.317709
-0.317748
-0.317787
-0.317825
-0.317864
-0.317902
-0.317941
-0.317980
-0.318018
-0.318057
-0.318095
-0.318133
-0.318172
-0.318210
-0.318249
-0.318287
-0.318325
-0.318364
-0.318402
-0.318440
-0.318478
-0.318517
-0.318555
-0.318593
-0.318631
-0.318669
-0.318708
-0.318746
-0.318784
-0.318784
-0.318822
-0.318860
-0.318898
-0.318936
-0.318974
-0.319012
-0.319050
-0.319087
-0.319125
-0.319163
-0.319201
-0.319239
-0.319277
-0.319314
-0.319352
-0.319390
-0.319428
-0.319465
-0.319503
-0.319541
-0.319578
-0.319616
-0.319653
-0.319691
-0.319728
-0.319766
-0.319803
-0.319841
-0.319878
-0.319916
-0.319953
-0.319991
-0.320028
-0.320065
-0.320103
-0.320140
-0.320177
-0.320214
-0.320252
-0.320289
-0.320326
-0.320363
-0.320400
-0.320438
-0.320475
-0.320512
-0.320549
-0.320586
-0.320623
-0.320660
-0.320697
-0.320734
-0.320771
-0.320808
-0.320845
-0.320881
-0.320918
-0.320955
-0.320992
-0.321029
-0.321065
-0.321102
-0.321139
-0.321176
-0.321212
-0.321249
-0.321286
-0.321322
-0.321359
-0.321395
-0.321432
-0.321469
-0.321505
-0.321542
-0.321578
-0.321614
-0.321651
-0.321687
-0.321724
-0.321760
-0.321796
-0.321833
-0.321869
-0.321905
-0.321942
-0.321978
-0.322014
-0.322050
-0.322086
-0.322123
-0.322159
-0.322195
-0.322231
-0.322267
-0.322303
-0.322339
-0.322375
-0.322411
-0.322447
-0.322483
-0.322519
-0.322555
-0.322591
-0.322627
-0.322663
-0.322698
-0.322734
-0.322770
-0.322806
-0.322841
-0.322877
-0.322913
-0.322949
-0.322984
-0.323020
-0.323055
-0.323091
-0.323127
-0.323162
-0.323198
-0.323233
-0.323269
-0.323304
-0.323340
-0.323375
-0.323411
-0.323446
-0.323481
-0.323517
-0.323552
-0.323587
-0.323623
-0.323658
-0.323693
-0.323728
-0.323764
-0.323799
-0.323834
-0.323869
-0.323904
-0.323939
-0.323975
-0.324010
-0.324045
-0.324080
-0.324115
-0.324150
-0.324185
-0.324220
-0.324255
-0.324289
-0.324324
-0.324359
-0.324394
-0.324429
-0.324464
-0.324498
-0.324533
-0.324568
-0.324603
-0.324637
-0.324672
-0.324707
-0.324741
-0.324776
-0.324811
-0.324845
-0.324880
-0.324914
-0.324949
-0.324983
-0.325018
-0.325052
-0.325087
-0.325121
-0.325156
-0.325190
-0.325224
-0.325259
-0.325293
-0.325327
-0.325362
-0.325396
-0.325430
-0.325464
-0.325499
-0.325533
-0.325567
-0.325601
-0.325635
-0.325669
-0.325703
-0.325738
-0.325772
-0.325806
-0.325840
-0.325874
-0.325908
-0.325942
-0.325975
-0.326009
-0.326043
-0.326077
-0.326111
-0.326145
-0.326179
-0.326212
-0.326246
-0.326280
-0.326314
-0.326347
-0.326381
-0.326415
-0.326448
-0.326482
-0.326516
-0.326549
-0.326583
-0.326616
-0.326650
-0.326684
-0.326717
-0.326751
-0.326784
-0.326817
-0.326851
-0.326884
-0.326918
-0.326951
-0.326984
-0.327018
-0.327051
-0.327084
-0.327118
-0.327151
-0.327184
-0.327217
-0.327250
-0.327284
-0.327317
-0.327350
-0.327383
-0.327416
-0.327449
-0.327482
-0.327515
-0.327548
-0.327581
-0.327614
-0.327647
-0.327680
-0.327713
-0.327746
-0.327779
-0.327812
-0.327845
-0.327877
-0.327910
-0.327943
-0.327976
-0.328009
-0.328041
-0.328074
-0.328107
-0.328139
-0.328172
-0.328205
-0.328237
-0.328270
-0.328303
-0.328335
-0.328368
-0.328400
-0.328433
-0.328465
-0.328498
-0.328530
-0.328563
-0.328595
-0.328627
-0.328660
-0.328692
-0.328724
-0.328757
-0.328789
-0.328821
-0.328854
-0.328886
-0.328918
-0.328950
-0.328982
-0.329015
-0.329047
-0.329079
-0.329111
-0.329143
-0.329175
-0.329207
-0.329239
-0.329271
-0.329303
-0.329335
-0.329367
-0.329399
-0.329431
-0.329463
-0.329495
-0.329527
-0.329559
-0.329590
-0.329622
-0.329654
-0.329686
-0.329718
-0.329749
-0.329781
-0.329813
-0.329844
-0.329876
-0.329908
-0.329939
-0.329971
-0.330003
-0.330034
-0.330066
-0.330097
-0.330129
-0.330160
-0.330192
-0.330223
-0.330255
-0.330286
-0.330317
-0.330349
-0.330380
-0.330412
-0.330443
-0.330474
-0.330505
-0.330537
-0.330568
-0.330599
-0.330631
-0.330662
-0.330693
-0.330724
-0.330755
-0.330786
-0.330817
-0.330849
-0.330880
-0.330911
-0.330942
-0.330973
-0.331004
-0.331035
-0.331066
-0.331097
-0.331128
-0.331159
-0.331189
-0.331220
-0.331251
-0.331282
-0.331313
-0.331344
-0.331375
-0.331405
-0.331436
-0.331467
-0.331498
-0.331528
-0.331559
-0.331590
-0.331620
-0.331651
-0.331681
-0.331712
-0.331743
-0.331773
-0.331804
-0.331834
-0.331865
-0.331895
-0.331926
-0.331956
-0.331987
-0.332017
-0.332047
-0.332078
-0.332108
-0.332139
-0.332169
-0.332199
-0.332229
-0.332260
-0.332290
-0.332320
-0.332350
-0.332381
-0.332411
-0.332441
-0.332471
-0.332501
-0.332531
-0.332562
-0.332592
-0.332622
-0.332652
-0.332682
-0.332712
-0.332742
-0.332772
-0.332802
-0.332832
-0.332862
-0.332892
-0.332921
-0.332951
-0.332981
-0.333011
-0.333041
-0.333071
-0.333100
-0.333130
-0.333160
-0.333190
-0.333219
-0.333249
-0.333279
-0.333308
-0.333338
-0.333368
-0.333397
-0.333427
-0.333457
-0.333486
-0.333516
-0.333545
-0.333575
-0.333604
-0.333634
-0.333663
-0.333693
-0.333722
-0.333751
-0.333781
-0.333810
-0.333840
-0.333869
-0.333898
-0.333927
-0.333957
-0.333986
-0.334015
-0.334045
-0.334074
-0.334103
-0.334132
-0.334161
-0.334190
-0.334220
-0.334249
-0.334278
-0.334307
-0.334336
-0.334365
-0.334394
-0.334423
-0.334452
-0.334481
-0.334510
-0.334539
-0.334568
-0.334597
-0.334626
-0.334655
-0.334683
-0.334712
-0.334741
-0.334770
-0.334799
-0.334828
-0.334856
-0.334885
-0.334914
-0.334943
-0.334971
-0.335000
-0.335029
-0.335057
-0.335086
-0.335114
-0.335143
-0.335172
-0.335200
-0.335229
-0.335257
-0.335286
-0.335286
-0.335314
-0.335343
-0.335371
-0.335400
-0.335428
-0.335457
-0.335485
-0.335513
-0.335542
-0.335570
-0.335598
-0.335627
-0.335655
-0.335683
-0.335712
-0.335740
-0.335768
-0.335796
-0.335824
-0.335853
-0.335881
-0.335909
-0.335937
-0.335965
-0.335993
-0.336021
-0.336050
-0.336078
-0.336106
-0.336134
-0.336162
-0.336190
-0.336218
-0.336246
-0.336274
-0.336301
-0.336329
-0.336357
-0.336385
-0.336413
-0.336441
-0.336469
-0.336496
-0.336524
-0.336552
-0.336580
-0.336608
-0.336635
-0.336663
-0.336691
-0.336718
-0.336746
-0.336774
-0.336801
-0.336829
-0.336857
-0.336884
-0.336912
-0.336939
-0.336967
-0.336994
-0.337022
-0.337049
-0.337077
-0.337104
-0.337132
-0.337159
-0.337187
-0.337214
-0.337241
-0.337269
-0.337296
-0.337323
-0.337351
-0.337378
-0.337405
-0.337433
-0.337460
-0.337487
-0.337514
-0.337541
-0.337569
-0.337596
-0.337623
-0.337650
-0.337677
-0.337704
-0.337731
-0.337759
-0.337786
-0.337813
-0.337840
-0.337867
-0.337894
-0.337921
-0.337948
-0.337975
-0.338002
-0.338028
-0.338055
-0.338082
-0.338109
-0.338136
-0.338163
-0.338190
-0.338217
-0.338243
-0.338270
-0.338297
-0.338324
-0.338350
-0.338377
-0.338404
-0.338430
-0.338457
-0.338484
-0.338510
-0.338537
-0.338564
-0.338590
-0.338617
-0.338643
-0.338670
-0.338697
-0.338723
-0.338750
-0.338776
-0.338803
-0.338829
-0.338855
-0.338882
-0.338908
-0.338935
-0.338961
-0.338987
-0.339014
-0.339040
-0.339066
-0.339093
-0.339119
-0.339145
-0.339172
-0.339198
-0.339224
-0.339250
-0.339276
-0.339303
-0.339329
-0.339355
-0.339381
-0.339407
-0.339433
-0.339459
-0.339486
-0.339512
-0.339538
-0.339564
-0.339590
-0.339616
-0.339642
-0.339668
-0.339694
-0.339720
-0.339746
-0.339771
-0.339797
-0.339823
-0.339849
-0.339875
-0.339901
-0.339927
-0.339952
-0.339978
-0.340004
-0.340030
-0.340056
-0.340081
-0.340107
-0.340133
-0.340158
-0.340184
-0.340210
-0.340235
-0.340261
-0.340287
-0.340312
-0.340338
-0.340363
-0.340389
-0.340414
-0.340440
-0.340465
-0.340491
-0.340516
-0.340542
-0.340567
-0.340593
-0.340618
-0.340644
-0.340669
-0.340694
-0.340720
-0.340745
-0.340771
-0.340796
-0.340821
-0.340846
-0.340872
-0.340897
-0.340922
-0.340947
-0.340973
-0.340998
-0.341023
-0.341048
-0.341073
-0.341099
-0.341124
-0.341149
-0.341174
-0.341199
-0.341224
-0.341249
-0.341274
-0.341299
-0.341324
-0.341349
-0.341374
-0.341399
-0.341424
-0.341449
-0.341474
-0.341499
-0.341524
-0.341549
-0.341574
-0.341599
-0.341623
-0.341648
-0.341673
-0.341698
-0.341723
-0.341747
-0.341772
-0.341797
-0.341822
-0.341846
-0.341871
-0.341896
-0.341920
-0.341945
-0.341970
-0.341994
-0.342019
-0.342044
-0.342068
-0.342093
-0.342117
-0.342142
-0.342166
-0.342191
-0.342215
-0.342240
-0.342264
-0.342289
-0.342313
-0.342338
-0.342362
-0.342387
-0.342411
-0.342435
-0.342460
-0.342484
-0.342508
-0.342533
-0.342557
-0.342581
-0.342606
-0.342630
-0.342654
-0.342678
-0.342703
-0.342727
-0.342751
-0.342775
-0.342799
-0.342823
-0.342848
-0.342872
-0.342896
-0.342920
-0.342944
-0.342968
-0.342992
-0.343016
-0.343040
-0.343064
-0.343088
-0.343112
-0.343136
-0.343160
-0.343184
-0.343208
-0.343232
-0.343256
-0.343280
-0.343304
-0.343328
-0.343351
-0.343375
-0.343399
-0.343423
-0.343447
-0.343471
-0.343494
-0.343518
-0.343542
-0.343566
-0.343589
-0.343613
-0.343637
-0.343660
-0.343684
-0.343708
-0.343731
-0.343755
-0.343778
-0.343802
-0.343826
-0.343849
-0.343873
-0.343896
-0.343920
-0.343943
-0.343967
-0.343990
-0.344014
-0.344037
-0.344061
-0.344084
-0.344108
-0.344131
-0.344154
-0.344178
-0.344201
-0.344224
-0.344248
-0.344271
-0.344294
-0.344318
-0.344341
-0.344364
-0.344388
-0.344411
-0.344434
-0.344457
-0.344480
-0.344504
-0.344527
-0.344550
-0.344573
-0.344596
-0.344619
-0.344643
-0.344666
-0.344689
-0.344712
-0.344735
-0.344758
-0.344781
-0.344804
-0.344827
-0.344850
-0.344873
-0.344896
-0.344919
-0.344942
-0.344965
-0.344988
-0.345011
-0.345034
-0.345056
-0.345079
-0.345102
-0.345125
-0.345148
-0.345171
-0.345193
-0.345216
-0.345239
-0.345262
-0.345284
-0.345307
-0.345330
-0.345353
-0.345375
-0.345398
-0.345421
-0.345443
-0.345466
-0.345489
-0.345511
-0.345534
-0.345556
-0.345579
-0.345602
-0.345624
-0.345647
-0.345669
-0.345692
-0.345714
-0.345737
-0.345759
-0.345782
-0.345804
-0.345827
-0.345849
-0.345871
-0.345894
-0.345916
-0.345939
-0.345961
-0.345983
-0.346006
-0.346028
-0.346050
-0.346073
-0.346095
-0.346117
-0.346139
-0.346162
-0.346184
-0.346206
-0.346228
-0.346250
-0.346273
-0.346295
-0.346317
-0.346339
-0.346361
-0.346383
-0.346406
-0.346428
-0.346450
-0.346472
-0.346494
-0.346516
-0.346538
-0.346560
-0.346582
-0.346604
-0.346626
-0.346648
-0.346670
-0.346692
-0.346714
-0.346736
-0.346758
-0.346780
-0.346801
-0.346823
-0.346845
-0.346867
-0.346889
-0.346911
-0.346932
-0.346954
-0.346976
-0.346998
-0.347020
-0.347041
-0.347063
-0.347085
-0.347106
-0.347128
-0.347150
-0.347172
-0.347193
-0.347215
-0.347237
-0.347258
-0.347280
-0.347301
-0.347323
-0.347345
-0.347366
-0.347388
-0.347409
-0.347431
-0.347452
-0.347474
-0.347495
-0.347517
-0.347538
-0.347560
-0.347581
-0.347603
-0.347624
-0.347645
-0.347645
-0.347667
-0.347688
-0.347709
-0.347731
-0.347752
-0.347774
-0.347795
-0.347816
-0.347837
-0.347859
-0.347880
-0.347901
-0.347923
-0.347944
-0.347965
-0.347986
-0.348007
-0.348029
-0.348050
-0.348071
-0.348092
-0.348113
-0.348134
-0.348156
-0.348177
-0.348198
-0.348219
-0.348240
-0.348261
-0.348282
-0.348303
-0.348324
-0.348345
-0.348366
-0.348387
-0.348408
-0.348429
-0.348450
-0.348471
-0.348492
-0.348513
-0.348534
-0.348555
-0.348575
-0.348596
-0.348617
-0.348638
-0.348659
-0.348680
-0.348700
-0.348721
-0.348742
-0.348763
-0.348784
-0.348804
-0.348825
-0.348846
-0.348867
-0.348887
-0.348908
-0.348929
-0.348949
-0.348970
-0.348991
-0.349011
-0.349032
-0.349053
-0.349073
-0.349094
-0.349114
-0.349135
-0.349155
-0.349176
-0.349196
-0.349217
-0.349238
-0.349258
-0.349279
-0.349299
-0.349319
-0.349340
-0.349360
-0.349381
-0.349401
-0.349422
-0.349442
-0.349462
-0.349483
-0.349503
-0.349523
-0.349544
-0.349564
-0.349584
-0.349605
-0.349625
-0.349645
-0.349666
-0.349686
-0.349706
-0.349726
-0.349747
-0.349767
-0.349787
-0.349807
-0.349827
-0.349848
-0.349868
-0.349888
-0.349908
-0.349928
-0.349948
-0.349968
-0.349988
-0.350008
-0.350029
-0.350049
-0.350069
-0.350089
-0.350109
-0.350129
-0.350149
-0.350169
-0.350189
-0.350209
-0.350229
-0.350249
-0.350268
-0.350288
-0.350308
-0.350328
-0.350348
-0.350368
-0.350388
-0.350408
-0.350428
-0.350447
-0.350467
-0.350487
-0.350507
-0.350527
-0.350546
-0.350566
-0.350586
-0.350606
-0.350625
-0.350645
-0.350665
-0.350684
-0.350704
-0.350724
-0.350744
-0.350763
-0.350783
-0.350802
-0.350822
-0.350842
-0.350861
-0.350881
-0.350900
-0.350920
-0.350940
-0.350959
-0.350979
-0.350998
-0.351018
-0.351037
-0.351057
-0.351076
-0.351096
-0.351115
-0.351135
-0.351154
-0.351173
-0.351193
-0.351212
-0.351232
-0.351251
-0.351270
-0.351290
-0.351309
-0.351328
-0.351348
-0.351367
-0.351386
-0.351406
-0.351425
-0.351444
-0.351464
-0.351483
-0.351502
-0.351521
-0.351541
-0.351560
-0.351579
-0.351598
-0.351617
-0.351636
-0.351656
-0.351675
-0.351694
-0.351713
-0.351732
-0.351751
-0.351770
-0.351789
-0.351809
-0.351828
-0.351847
-0.351866
-0.351885
-0.351904
-0.351923
-0.351942
-0.351961
-0.351980
-0.351999
-0.352018
-0.352037
-0.352056
-0.352074
-0.352093
-0.352112
-0.352131
-0.352150
-0.352169
-0.352188
-0.352207
-0.352225
-0.352244
-0.352263
-0.352282
-0.352301
-0.352320
-0.352338
-0.352357
-0.352376
-0.352395
-0.352413
-0.352432
-0.352451
-0.352470
-0.352488
-0.352507
-0.352526
-0.352544
-0.352563
-0.352582
-0.352600
-0.352619
-0.352637
-0.352656
-0.352675
-0.352693
-0.352712
-0.352730
-0.352749
-0.352767
-0.352786
-0.352804
-0.352823
-0.352841
-0.352860
-0.352878
-0.352897
-0.352915
-0.352934
-0.352952
-0.352971
-0.352989
-0.353008
-0.353026
-0.353044
-0.353063
-0.353081
-0.353099
-0.353118
-0.353136
-0.353154
-0.353173
-0.353191
-0.353209
-0.353228
-0.353246
-0.353264
-0.353282
-0.353301
-0.353319
-0.353337
-0.353355
-0.353374
-0.353392
-0.353410
-0.353428
-0.353446
-0.353465
-0.353483
-0.353501
-0.353519
-0.353537
-0.353555
-0.353573
-0.353591
-0.353609
-0.353628
-0.353646
-0.353664
-0.353682
-0.353700
-0.353718
-0.353736
-0.353754
-0.353772
-0.353790
-0.353808
-0.353826
-0.353844
-0.353861
-0.353879
-0.353897
-0.353915
-0.353933
-0.353951
-0.353969
-0.353987
-0.354005
-0.354023
-0.354040
-0.354058
-0.354076
-0.354094
-0.354112
-0.354129
-0.354147
-0.354165
-0.354183
-0.354200
-0.354218
-0.354236
-0.354254
-0.354271
-0.354289
-0.354307
-0.354324
-0.354342
-0.354360
-0.354377
-0.354395
-0.354413
-0.354430
-0.354448
-0.354466
-0.354483
-0.354501
-0.354518
-0.354536
-0.354554
-0.354571
-0.354589
-0.354606
-0.354624
-0.354641
-0.354659
-0.354676
-0.354694
-0.354711
-0.354729
-0.354746
-0.354764
-0.354781
-0.354798
-0.354816
-0.354833
-0.354851
-0.354868
-0.354885
-0.354903
-0.354920
-0.354937
-0.354955
-0.354972
-0.354989
-0.355007
-0.355024
-0.355041
-0.355059
-0.355076
-0.355093
-0.355110
-0.355128
-0.355145
-0.355162
-0.355179
-0.355197
-0.355214
-0.355231
-0.355248
-0.355265
-0.355282
-0.355300
-0.355317
-0.355334
-0.355351
-0.355368
-0.355385
-0.355402
-0.355419
-0.355436
-0.355454
-0.355471
-0.355488
-0.355505
-0.355522
-0.355539
-0.355556
-0.355573
-0.355590
-0.355607
-0.355624
-0.355641
-0.355658
-0.355675
-0.355692
-0.355708
-0.355725
-0.355742
-0.355759
-0.355776
-0.355793
-0.355810
-0.355827
-0.355844
-0.355860
-0.355877
-0.355894
-0.355911
-0.355928
-0.355945
-0.355961
-0.355978
-0.355995
-0.356012
-0.356028
-0.356045
-0.356062
-0.356079
-0.356095
-0.356112
-0.356129
-0.356145
-0.356162
-0.356179
-0.356195
-0.356212
-0.356229
-0.356245
-0.356262
-0.356279
-0.356295
-0.356312
-0.356328
-0.356345
-0.356362
-0.356378
-0.356395
-0.356411
-0.356428
-0.356444
-0.356461
-0.356477
-0.356494
-0.356510
-0.356527
-0.356543
-0.356560
-0.356576
-0.356593
-0.356609
-0.356626
-0.356642
-0.356658
-0.356675
-0.356691
-0.356708
-0.356724
-0.356740
-0.356757
-0.356773
-0.356789
-0.356806
-0.356822
-0.356838
-0.356855
-0.356871
-0.356887
-0.356904
-0.356920
-0.356936
-0.356952
-0.356969
-0.356969
-0.356985
-0.357001
-0.357017
-0.357034
-0.357050
-0.357066
-0.357082
-0.357098
-0.357115
-0.357131
-0.357147
-0.357163
-0.357179
-0.357195
-0.357211
-0.357227
-0.357244
-0.357260
-0.357276
-0.357292
-0.357308
-0.357324
-0.357340
-0.357356
-0.357372
-0.357388
-0.357404
-0.357420
-0.357436
-0.357452
-0.357468
-0.357484
-0.357500
-0.357516
-0.357532
-0.357548
-0.357564
-0.357580
-0.357596
-0.357611
-0.357627
-0.357643
-0.357659
-0.357675
-0.357691
-0.357707
-0.357723
-0.357738
-0.357754
-0.357770
-0.357786
-0.357802
-0.357817
-0.357833
-0.357849
-0.357865
-0.357880
-0.357896
-0.357912
-0.357928
-0.357943
-0.357959
-0.357975
-0.357991
-0.358006
-0.358022
-0.358038
-0.358053
-0.358069
-0.358085
-0.358100
-0.358116
-0.358131
-0.358147
-0.358163
-0.358178
-0.358194
-0.358209
-0.358225
-0.358241
-0.358256
-0.358272
-0.358287
-0.358303
-0.358318
-0.358334
-0.358349
-0.358365
-0.358380
-0.358396
-0.358411
-0.358427
-0.358442
-0.358458
-0.358473
-0.358488
-0.358504
-0.358519
-0.358535
-0.358550
-0.358565
-0.358581
-0.358596
-0.358612
-0.358627
-0.358642
-0.358658
-0.358673
-0.358688
-0.358704
-0.358719
-0.358734
-0.358749
-0.358765
-0.358780
-0.358795
-0.358811
-0.358826
-0.358841
-0.358856
-0.358872
-0.358887
-0.358902
-0.358917
-0.358932
-0.358948
-0.358963
-0.358978
-0.358993
-0.359008
-0.359023
-0.359038
-0.359054
-0.359069
-0.359084
-0.359099
-0.359114
-0.359129
-0.359144
-0.359159
-0.359174
-0.359189
-0.359204
-0.359220
-0.359235
-0.359250
-0.359265
-0.359280
-0.359295
-0.359310
-0.359325
-0.359340
-0.359355
-0.359369
-0.359384
-0.359399
-0.359414
-0.359429
-0.359444
-0.359459
-0.359474
-0.359489
-0.359504
-0.359519
-0.359534
-0.359548
-0.359563
-0.359578
-0.359593
-0.359608
-0.359623
-0.359637
-0.359652
-0.359667
-0.359682
-0.359697
-0.359711
-0.359726
-0.359741
-0.359756
-0.359770
-0.359785
-0.359800
-0.359815
-0.359829
-0.359844
-0.359859
-0.359874
-0.359888
-0.359903
-0.359918
-0.359932
-0.359947
-0.359962
-0.359976
-0.359991
-0.360005
-0.360020
-0.360035
-0.360049
-0.360064
-0.360078
-0.360093
-0.360108
-0.360122
-0.360137
-0.360151
-0.360166
-0.360180
-0.360195
-0.360209
-0.360224
-0.360238
-0.360253
-0.360267
-0.360282
-0.360296
-0.360311
-0.360325
-0.360340
-0.360354
-0.360369
-0.360383
-0.360397
-0.360412
-0.360426
-0.360441
-0.360455
-0.360469
-0.360484
-0.360498
-0.360512
-0.360527
-0.360541
-0.360555
-0.360570
-0.360584
-0.360598
-0.360613
-0.360627
-0.360641
-0.360656
-0.360670
-0.360684
-0.360698
-0.360713
-0.360727
-0.360741
-0.360755
-0.360770
-0.360784
-0.360798
-0.360812
-0.360826
-0.360841
-0.360855
-0.360869
-0.360883
-0.360897
-0.360911
-0.360926
-0.360940
-0.360954
-0.360968
-0.360982
-0.360996
-0.361010
-0.361024
-0.361038
-0.361052
-0.361067
-0.361081
-0.361095
-0.361109
-0.361123
-0.361137
-0.361151
-0.361165
-0.361179
-0.361193
-0.361207
-0.361221
-0.361235
-0.361249
-0.361263
-0.361277
-0.361291
-0.361305
-0.361318
-0.361332
-0.361346
-0.361360
-0.361374
-0.361388
-0.361402
-0.361416
-0.361430
-0.361444
-0.361457
-0.361471
-0.361485
-0.361499
-0.361513
-0.361527
-0.361540
-0.361554
-0.361568
-0.361582
-0.361596
-0.361609
-0.361623
-0.361637
-0.361651
-0.361664
-0.361678
-0.361692
-0.361706
-0.361719
-0.361733
-0.361747
-0.361761
-0.361774
-0.361788
-0.361802
-0.361815
-0.361829
-0.361843
-0.361856
-0.361870
-0.361884
-0.361897
-0.361911
-0.361924
-0.361938
-0.361952
-0.361965
-0.361979
-0.361992
-0.362006
-0.362020
-0.362033
-0.362047
-0.362060
-0.362074
-0.362087
-0.362101
-0.362114
-0.362128
-0.362141
-0.362155
-0.362168
-0.362182
-0.362195
-0.362209
-0.362222
-0.362236
-0.362249
-0.362263
-0.362276
-0.362289
-0.362303
-0.362316
-0.362330
-0.362343
-0.362357
-0.362370
-0.362383
-0.362397
-0.362410
-0.362423
-0.362437
-0.362450
-0.362463
-0.362477
-0.362490
-0.362503
-0.362517
-0.362530
-0.362543
-0.362557
-0.362570
-0.362583
-0.362596
-0.362610
-0.362623
-0.362636
-0.362649
-0.362663
-0.362676
-0.362689
-0.362702
-0.362716
-0.362729
-0.362742
-0.362755
-0.362768
-0.362781
-0.362795
-0.362808
-0.362821
-0.362834
-0.362847
-0.362860
-0.362873
-0.362887
-0.362900
-0.362913
-0.362926
-0.362939
-0.362952
-0.362965
-0.362978
-0.362991
-0.363004
-0.363017
-0.363030
-0.363044
-0.363057
-0.363070
-0.363083
-0.363096
-0.363109
-0.363122
-0.363135
-0.363148
-0.363161
-0.363174
-0.363186
-0.363199
-0.363212
-0.363225
-0.363238
-0.363251
-0.363264
-0.363277
-0.363290
-0.363303
-0.363316
-0.363329
-0.363342
-0.363354
-0.363367
-0.363380
-0.363393
-0.363406
-0.363419
-0.363432
-0.363444
-0.363457
-0.363470
-0.363483
-0.363496
-0.363508
-0.363521
-0.363534
-0.363547
-0.363560
-0.363572
-0.363585
-0.363598
-0.363611
-0.363623
-0.363636
-0.363649
-0.363662
-0.363674
-0.363687
-0.363700
-0.363712
-0.363725
-0.363738
-0.363750
-0.363763
-0.363776
-0.363788
-0.363801
-0.363814
-0.363826
-0.363839
-0.363852
-0.363864
-0.363877
-0.363889
-0.363902
-0.363915
-0.363927
-0.363940
-0.363952
-0.363965
-0.363977
-0.363990
-0.364003
-0.364015
-0.364028
-0.364040
-0.364053
-0.364065
-0.364078
-0.364090
-0.364090
-0.364103
-0.364115
-0.364128
-0.364140
-0.364153
-0.364165
-0.364177
-0.364190
-0.364202
-0.364215
-0.364227
-0.364240
-0.364252
-0.364265
-0.364277
-0.364289
-0.364302
-0.364314
-0.364326
-0.364339
-0.364351
-0.364364
-0.364376
-0.364388
-0.364401
-0.364413
-0.364425
-0.364438
-0.364450
-0.364462
-0.364475
-0.364487
-0.364499
-0.364511
-0.364524
-0.364536
-0.364548
-0.364561
-0.364573
-0.364585
-0.364597
-0.364609
-0.364622
-0.364634
-0.364646
-0.364658
-0.364671
-0.364683
-0.364695
-0.364707
-0.364719
-0.364732
-0.364744
-0.364756
-0.364768
-0.364780
-0.364792
-0.364804
-0.364817
-0.364829
-0.364841
-0.364853
-0.364865
-0.364877
-0.364889
-0.364901
-0.364913
-0.364925
-0.364938
-0.364950
-0.364962
-0.364974
-0.364986
-0.364998
-0.365010
-0.365022
-0.365034
-0.365046
-0.365058
-0.365070
-0.365082
-0.365094
-0.365106
-0.365118
-0.365130
-0.365142
-0.365154
-0.365166
-0.365178
-0.365190
-0.365202
-0.365213
-0.365225
-0.365237
-0.365249
-0.365261
-0.365273
-0.365285
-0.365297
-0.365309
-0.365321
-0.365332
-0.365344
-0.365356
-0.365368
-0.365380
-0.365392
-0.365404
-0.365415
-0.365427
-0.365439
-0.365451
-0.365463
-0.365474
-0.365486
-0.365498
-0.365510
-0.365522
-0.365533
-0.365545
-0.365557
-0.365569
-0.365580
-0.365592
-0.365604
-0.365616
-0.365627
-0.365639
-0.365651
-0.365662
-0.365674
-0.365686
-0.365697
-0.365709
-0.365721
-0.365732
-0.365744
-0.365756
-0.365767
-0.365779
-0.365791
-0.365802
-0.365814
-0.365826
-0.365837
-0.365849
-0.365860
-0.365872
-0.365884
-0.365895
-0.365907
-0.365918
-0.365930
-0.365942
-0.365953
-0.365965
-0.365976
-0.365988
-0.365999
-0.366011
-0.366022
-0.366034
-0.366045
-0.366057
-0.366068
-0.366080
-0.366091
-0.366103
-0.366114
-0.366126
-0.366137
-0.366149
-0.366160
-0.366172
-0.366183
-0.366194
-0.366206
-0.366217
-0.366229
-0.366240
-0.366252
-0.366263
-0.366274
-0.366286
-0.366297
-0.366308
-0.366320
-0.366331
-0.366343
-0.366354
-0.366365
-0.366377
-0.366388
-0.366399
-0.366411
-0.366422
-0.366433
-0.366445
-0.366456
-0.366467
-0.366479
-0.366490
-0.366501
-0.366512
-0.366524
-0.366535
-0.366546
-0.366557
-0.366569
-0.366580
-0.366591
-0.366602
-0.366614
-0.366625
-0.366636
-0.366647
-0.366658
-0.366670
-0.366681
-0.366692
-0.366703
-0.366714
-0.366726
-0.366737
-0.366748
-0.366759
-0.366770
-0.366781
-0.366792
-0.366804
-0.366815
-0.366826
-0.366837
-0.366848
-0.366859
-0.366870
-0.366881
-0.366892
-0.366904
-0.366915
-0.366926
-0.366937
-0.366948
-0.366959
-0.366970
-0.366981
-0.366992
-0.367003
-0.367014
-0.367025
-0.367036
-0.367047
-0.367058
-0.367069
-0.367080
-0.367091
-0.367102
-0.367113
-0.367124
-0.367135
-0.367146
-0.367157
-0.367168
-0.367179
-0.367190
-0.367201
-0.367212
-0.367223
-0.367234
-0.367244
-0.367255
-0.367266
-0.367277
-0.367288
-0.367299
-0.367310
-0.367321
-0.367332
-0.367342
-0.367353
-0.367364
-0.367375
-0.367386
-0.367397
-0.367408
-0.367418
-0.367429
-0.367440
-0.367451
-0.367462
-0.367472
-0.367483
-0.367494
-0.367505
-0.367516
-0.367526
-0.367537
-0.367548
-0.367559
-0.367569
-0.367580
-0.367591
-0.367602
-0.367612
-0.367623
-0.367634
-0.367644
-0.367655
-0.367666
-0.367677
-0.367687
-0.367698
-0.367709
-0.367719
-0.367730
-0.367741
-0.367751
-0.367762
-0.367773
-0.367783
-0.367794
-0.367805
-0.367815
-0.367826
-0.367836
-0.367847
-0.367858
-0.367868
-0.367879
-0.367890
-0.367900
-0.367911
-0.367921
-0.367932
-0.367942
-0.367953
-0.367964
-0.367974
-0.367985
-0.367995
-0.368006
-0.368016
-0.368027
-0.368037
-0.368048
-0.368058
-0.368069
-0.368079
-0.368090
-0.368100
-0.368111
-0.368121
-0.368132
-0.368142
-0.368153
-0.368163
-0.368174
-0.368184
-0.368195
-0.368205
-0.368215
-0.368226
-0.368236
-0.368247
-0.368257
-0.368268
-0.368278
-0.368288
-0.368299
-0.368309
-0.368320
-0.368330
-0.368340
-0.368351
-0.368361
-0.368371
-0.368382
-0.368392
-0.368402
-0.368413
-0.368423
-0.368433
-0.368444
-0.368454
-0.368464
-0.368475
-0.368485
-0.368495
-0.368506
-0.368516
-0.368526
-0.368536
-0.368547
-0.368557
-0.368567
-0.368578
-0.368588
-0.368598
-0.368608
-0.368618
-0.368629
-0.368639
-0.368649
-0.368659
-0.368670
-0.368680
-0.368690
-0.368700
-0.368710
-0.368721
-0.368731
-0.368741
-0.368751
-0.368761
-0.368771
-0.368782
-0.368792
-0.368802
-0.368812
-0.368822
-0.368832
-0.368843
-0.368853
-0.368863
-0.368873
-0.368883
-0.368893
-0.368903
-0.368913
-0.368923
-0.368933
-0.368944
-0.368954
-0.368964
-0.368974
-0.368984
-0.368994
-0.369004
-0.369014
-0.369024
-0.369034
-0.369044
-0.369054
-0.369064
-0.369074
-0.369084
-0.369094
-0.369104
-0.369114
-0.369124
-0.369134
-0.369144
-0.369154
-0.369164
-0.369174
-0.369184
-0.369194
-0.369204
-0.369214
-0.369224
-0.369234
-0.369244
-0.369254
-0.369264
-0.369273
-0.369283
-0.369293
-0.369303
-0.369313
-0.369323
-0.369333
-0.369343
-0.369353
-0.369363
-0.369372
-0.369382
-0.369392
-0.369402
-0.369412
-0.369422
-0.369432
-0.369441
-0.369451
-0.369461
-0.369471
-0.369481
-0.369491
-0.369500
-0.369510
-0.369520
-0.369530
-0.369540
-0.369549
-0.369559
-0.369569
-0.369579
-0.369588
-0.369598
-0.369608
-0.369608
