-0.911092
-0.911982
-0.912816
-0.910821
-0.907612
-0.904872
-0.902957
-0.901750
-0.901084
-0.900832
-0.900897
-0.901206
-0.901702
-0.902338
-0.903074
-0.903879
-0.904723
-0.905579
-0.906422
-0.907229
-0.907974
-0.908636
-0.909193
-0.909625
-0.909915
-0.910051
-0.910025
-0.909833
-0.909472
-0.908943
-0.908243
-0.907371
-0.906327
-0.905112
-0.903733
-0.902200
-0.900530
-0.898742
-0.896858
-0.894898
-0.892883
-0.890834
-0.888765
-0.886692
-0.884623
-0.882564
-0.880516
-0.878471
-0.876419
-0.874346
-0.872237
-0.870084
-0.867886
-0.865649
-0.863383
-0.861102
-0.858824
-0.856572
-0.854373
-0.852263
-0.850289
-0.848513
-0.847016
-0.845882
-0.845166
-0.844880
-0.844983
-0.845404
-0.846066
-0.846901
-0.847855
-0.848892
-0.849988
-0.851128
-0.852303
-0.853508
-0.854740
-0.855997
-0.857279
-0.858585
-0.859916
-0.861269
-0.862646
-0.864045
-0.865466
-0.866908
-0.868370
-0.869851
-0.871351
-0.872868
-0.874403
-0.875955
-0.877523
-0.879109
-0.880712
-0.882333
-0.883973
-0.885632
-0.887309
-0.889003
-0.890709
-0.892419
-0.894124
-0.895817
-0.897497
-0.899165
-0.900820
-0.902460
-0.904084
-0.905690
-0.907281
-0.908857
-0.910421
-0.911978
-0.913533
-0.915095
-0.916670
-0.918265
-0.919878
-0.921520
-0.923276
-0.924803
-0.925847
-0.927152
-0.928304
-0.929484
-0.931195
-0.932541
-0.933224
-0.933908
-0.934701
-0.935441
-0.936134
-0.936807
-0.937459
-0.938096
-0.938731
-0.939372
-0.940026
-0.940693
-0.941373
-0.942064
-0.942763
-0.943470
-0.944184
-0.944906
-0.945635
-0.946372
-0.947119
-0.947875
-0.948642
-0.949419
-0.950207
-0.951006
-0.951816
-0.952637
-0.953468
-0.954311
-0.955164
-0.956028
-0.956903
-0.957788
-0.958683
-0.959590
-0.960507
-0.961435
-0.962374
-0.963325
-0.964286
-0.965260
-0.966245
-0.967242
-0.968252
-0.969274
-0.970310
-0.971359
-0.972421
-0.973497
-0.974588
-0.975692
-0.976812
-0.977946
-0.979095
-0.980259
-0.981438
-0.982631
-0.983839
-0.985061
-0.986298
-0.987550
-0.988815
-0.990094
-0.991386
-0.992690
-0.994007
-0.995335
-0.996674
-0.998022
-0.999381
-1.000748
-1.002124
-1.003508
-1.004900
-1.006300
-1.007708
-1.009124
-1.010545
-1.011970
-1.013399
-1.014829
-1.016261
-1.017692
-1.019124
-1.020557
-1.021993
-1.023432
-1.024870
-1.026307
-1.027742
-1.029177
-1.030612
-1.032051
-1.033492
-1.034935
-1.036376
-1.037814
-1.039250
-1.040682
-1.042112
-1.043541
-1.044968
-1.046397
-1.047827
-1.049260
-1.050696
-1.052135
-1.053578
-1.055023
-1.056469
-1.057916
-1.059364
-1.060813
-1.062262
-1.063707
-1.064744
-1.066463
-1.067958
-1.069362
-1.069079
-1.071729
-1.073860
-1.074254
-1.075273
-1.076471
-1.077616
-1.078715
-1.079790
-1.080838
-1.081867
-1.082875
-1.083868
-1.084845
-1.085813
-1.086768
-1.087718
-1.088659
-1.089599
-1.090531
-1.091463
-1.092390
-1.093319
-1.094244
-1.095171
-1.096095
-1.097021
-1.097945
-1.098870
-1.099795
-1.100720
-1.101646
-1.102572
-1.103499
-1.104426
-1.105353
-1.106282
-1.107212
-1.108144
-1.109077
-1.110009
-1.110941
-1.111870
-1.112796
-1.113718
-1.114635
-1.115548
-1.116456
-1.117359
-1.118256
-1.119148
-1.120034
-1.120034
-1.120914
-1.121786
-1.122651
-1.123508
-1.124357
-1.125197
-1.126027
-1.126847
-1.127656
-1.128455
-1.129245
-1.130031
-1.130815
-1.131602
-1.132393
-1.133187
-1.133984
-1.134784
-1.135585
-1.136387
-1.137189
-1.137990
-1.138791
-1.139589
-1.140387
-1.141182
-1.141976
-1.142766
-1.143555
-1.144336
-1.145119
-1.145891
-1.146669
-1.147428
-1.148202
-1.148948
-1.149719
-1.150450
-1.151219
-1.151935
-1.152701
-1.153409
-1.154170
-1.154882
-1.155638
-1.156365
-1.157127
-1.157877
-1.158654
-1.159434
-1.160239
-1.161059
-1.161906
-1.162778
-1.163684
-1.164622
-1.165601
-1.166620
-1.167682
-1.168788
-1.169926
-1.171103
-1.172291
-1.173493
-1.174696
-1.175887
-1.177074
-1.178249
-1.179381
-1.180527
-1.181575
-1.182653
-1.183598
-1.184555
-1.185380
-1.186179
-1.186869
-1.187512
-1.188084
-1.188622
-1.189124
-1.189605
-1.190068
-1.190512
-1.190946
-1.191360
-1.191778
-1.192170
-1.192586
-1.192959
-1.193387
-1.193740
-1.194188
-1.194516
-1.194976
-1.195283
-1.195739
-1.196041
-1.196479
-1.196793
-1.197205
-1.197534
-1.197916
-1.198253
-1.198605
-1.198936
-1.199262
-1.199577
-1.199881
-1.200174
-1.200456
-1.200728
-1.200988
-1.201236
-1.201473
-1.201698
-1.201911
-1.202113
-1.202303
-1.202483
-1.202652
-1.202810
-1.202959
-1.203098
-1.203227
-1.203348
-1.203459
-1.203562
-1.203656
-1.203740
-1.203815
-1.203881
-1.203937
-1.203984
-1.204020
-1.204046
-1.204061
-1.204065
-1.204058
-1.204038
-1.204006
-1.203962
-1.203904
-1.203834
-1.203752
-1.203656
-1.203548
-1.203429
-1.203299
-1.203160
-1.203012
-1.202859
-1.202703
-1.202546
-1.202391
-1.202243
-1.202105
-1.201981
-1.201875
-1.201790
-1.201730
-1.201697
-1.201694
-1.201722
-1.201784
-1.201879
-1.202009
-1.202172
-1.202368
-1.202598
-1.202858
-1.203149
-1.203468
-1.203814
-1.204184
-1.204578
-1.204992
-1.205425
-1.205874
-1.206337
-1.206812
-1.207297
-1.207790
-1.208288
-1.208790
-1.209294
-1.209797
-1.210300
-1.210798
-1.211292
-1.211780
-1.212260
-1.212732
-1.213193
-1.213644
-1.214083
-1.214509
-1.214921
-1.215320
-1.215703
-1.216072
-1.216425
-1.216762
-1.217084
-1.217389
-1.217678
-1.217952
-1.218209
-1.218452
-1.218679
-1.218893
-1.219092
-1.219278
-1.219452
-1.219615
-1.219768
-1.219911
-1.220047
-1.220176
-1.220299
-1.220420
-1.220538
-1.220655
-1.220773
-1.220894
-1.221019
-1.221149
-1.221286
-1.221431
-1.221585
-1.221749
-1.221924
-1.222110
-1.222308
-1.222518
-1.222741
-1.222976
-1.223223
-1.223481
-1.223751
-1.224031
-1.224322
-1.224622
-1.224931
-1.225248
-1.225574
-1.225907
-1.226249
-1.226601
-1.226966
-1.227351
-1.227774
-1.228278
-1.228988
-1.230191
-1.231590
-1.232405
-1.233038
-1.233641
-1.234222
-1.234775
-1.235291
-1.235767
-1.236200
-1.236589
-1.236931
-1.237226
-1.237473
-1.237673
-1.237826
-1.237931
-1.237992
-1.238007
-1.237980
-1.237913
-1.237807
-1.237665
-1.237491
-1.237289
-1.237063
-1.236819
-1.236561
-1.236295
-1.236029
-1.235767
-1.235516
-1.235282
-1.235068
-1.234879
-1.234718
-1.234585
-1.234483
-1.234411
-1.234368
-1.234355
-1.234368
-1.234408
-1.234472
-1.234559
-1.234559
-1.234666
-1.234793
-1.234936
-1.235095
-1.235267
-1.235452
-1.235647
-1.235850
-1.236061
-1.236278
-1.236500
-1.236725
-1.236951
-1.237179
-1.237406
-1.237632
-1.237856
-1.238076
-1.238292
-1.238503
-1.238709
-1.238908
-1.239100
-1.239286
-1.239463
-1.239633
-1.239794
-1.239946
-1.240091
-1.240227
-1.240354
-1.240473
-1.240585
-1.240689
-1.240786
-1.240876
-1.240960
-1.241039
-1.241113
-1.241183
-1.241250
-1.241314
-1.241377
-1.241438
-1.241499
-1.241560
-1.241623
-1.241687
-1.241754
-1.241823
-1.241895
-1.241972
-1.242052
-1.242136
-1.242226
-1.242319
-1.242418
-1.242522
-1.242630
-1.242743
-1.242862
-1.242984
-1.243112
-1.243244
-1.243380
-1.243519
-1.243663
-1.243810
-1.243961
-1.244115
-1.244271
-1.244431
-1.244592
-1.244756
-1.244922
-1.245090
-1.245259
-1.245430
-1.245603
-1.245777
-1.245951
-1.246127
-1.246304
-1.246482
-1.246660
-1.246840
-1.247020
-1.247201
-1.247383
-1.247565
-1.247749
-1.247933
-1.248118
-1.248305
-1.248492
-1.248680
-1.248870
-1.249060
-1.249252
-1.249445
-1.249640
-1.249836
-1.250033
-1.250232
-1.250433
-1.250635
-1.250838
-1.251044
-1.251251
-1.251460
-1.251670
-1.251883
-1.252097
-1.252313
-1.252530
-1.252750
-1.252971
-1.253194
-1.253419
-1.253645
-1.253873
-1.254103
-1.254334
-1.254567
-1.254802
-1.255038
-1.255276
-1.255515
-1.255756
-1.255998
-1.256242
-1.256488
-1.256734
-1.256982
-1.257232
-1.257483
-1.257735
-1.257989
-1.258244
-1.258501
-1.258759
-1.259018
-1.259278
-1.259540
-1.259804
-1.260068
-1.260334
-1.260602
-1.260871
-1.261141
-1.261413
-1.261686
-1.261960
-1.262236
-1.262514
-1.262792
-1.263073
-1.263354
-1.263638
-1.263922
-1.264208
-1.264496
-1.264785
-1.265076
-1.265368
-1.265661
-1.265956
-1.266252
-1.266549
-1.266848
-1.267148
-1.267450
-1.267752
-1.268056
-1.268361
-1.268667
-1.268974
-1.269282
-1.269590
-1.269900
-1.270210
-1.270521
-1.270832
-1.271144
-1.271456
-1.271769
-1.272082
-1.272395
-1.272708
-1.273022
-1.273335
-1.273649
-1.273962
-1.274276
-1.274589
-1.274902
-1.275215
-1.275529
-1.275842
-1.276155
-1.276468
-1.276781
-1.277094
-1.277408
-1.277722
-1.278036
-1.278350
-1.278665
-1.278981
-1.279298
-1.279615
-1.279933
-1.280252
-1.280573
-1.280895
-1.281219
-1.281544
-1.281872
-1.282201
-1.282534
-1.282869
-1.283207
-1.283550
-1.283896
-1.284247
-1.284603
-1.284966
-1.285335
-1.285713
-1.286099
-1.286496
-1.286903
-1.287321
-1.287750
-1.288189
-1.288635
-1.289083
-1.289528
-1.289964
-1.290386
-1.290789
-1.291172
-1.291533
-1.291872
-1.292190
-1.292487
-1.292766
-1.293027
-1.293271
-1.293500
-1.293715
-1.293917
-1.294108
-1.294290
-1.294463
-1.294628
-1.294787
-1.294941
-1.295091
-1.295238
-1.295383
-1.295529
-1.295676
-1.295827
-1.295983
-1.296147
-1.296320
-1.296505
-1.296704
-1.296918
-1.297149
-1.297398
-1.297668
-1.297958
-1.298269
-1.298603
-1.298958
-1.299336
-1.299736
-1.300157
-1.300599
