0.720881
0.718050
0.716668
0.715823
0.715144
0.714546
0.714006
0.713509
0.713048
0.712623
0.712233
0.711874
0.711543
0.711232
0.710928
0.710615
0.710274
0.709878
0.709399
0.708803
0.708056
0.707123
0.705975
0.704588
0.702947
0.701053
0.698923
0.696586
0.694086
0.691475
0.688808
0.686141
0.683524
0.681005
0.678621
0.676402
0.674366
0.672524
0.670873
0.669407
0.668113
0.666975
0.665974
0.665091
0.664310
0.663614
0.662990
0.662428
0.661925
0.661477
0.661084
0.660747
0.660460
0.660216
0.660007
0.659821
0.659648
0.659470
0.659268
0.659016
0.658677
0.658205
0.657539
0.656625
0.655430
0.653961
0.652261
0.650399
0.648441
0.646447
0.644456
0.642496
0.640582
0.638721
0.636915
0.635166
0.633471
0.631828
0.630235
0.628689
0.627188
0.625730
0.624312
0.622933
0.621592
0.620285
0.619013
0.617773
0.616565
0.615386
0.614236
0.613113
0.612017
0.610945
0.609897
0.608872
0.607868
0.606885
0.605921
0.604975
0.604046
0.603133
0.602234
0.601349
0.600476
0.599615
0.598765
0.597926
0.597096
0.596275
0.595461
0.594655
0.593855
0.593061
0.592273
0.591489
0.590711
0.589936
0.589165
0.588398
0.587632
0.586872
0.586130
0.585385
0.584618
0.583891
0.583140
0.582389
0.581690
0.580984
0.580258
0.579548
0.578856
0.578180
0.577526
0.576899
0.576302
0.575741
0.575220
0.574743
0.574314
0.573933
0.573601
0.573316
0.573076
0.572877
0.572717
0.572590
0.572494
0.572424
0.572376
0.572348
0.572335
0.572335
0.572345
0.572363
0.572385
0.572409
0.572434
0.572457
0.572476
0.572488
0.572491
0.572482
0.572461
0.572424
0.572369
0.572296
0.572201
0.572086
0.571947
0.571784
0.571596
0.571383
0.571144
0.570879
0.570588
0.570272
0.569931
0.569565
0.569175
0.568763
0.568328
0.567874
0.567403
0.566915
0.566413
0.565898
0.565370
0.564832
0.564285
0.563731
0.563172
0.562610
0.562047
0.561487
0.560931
0.560381
0.559840
0.559308
0.558786
0.558274
0.557768
0.557267
0.556769
0.556273
0.555785
0.555309
0.554851
0.554415
0.554006
0.553631
0.553287
0.552960
0.552633
0.552311
0.552005
0.551719
0.551453
0.551197
0.550935
0.550646
0.550324
0.549982
0.549636
0.549293
0.548958
0.548630
0.548308
0.547993
0.547683
0.547378
0.547077
0.546781
0.546487
0.546197
0.545910
0.545626
0.545344
0.545065
0.544787
0.544512
0.544239
0.543965
0.543724
0.543460
0.543148
0.542883
0.542790
0.542591
0.542267
0.542027
0.541742
0.541442
0.541185
0.540921
0.540639
0.540344
0.540038
0.539725
0.539405
0.539079
0.538747
0.538411
0.538070
0.537726
0.537380
0.537031
0.536680
0.536329
0.535975
0.535621
0.535265
0.534908
0.534549
0.534188
0.533823
0.533454
0.533080
0.532700
0.532313
0.531920
0.531521
0.531118
0.530713
0.530306
0.529900
0.529496
0.529095
0.528698
0.528305
0.527916
0.527532
0.527153
0.526777
0.526406
0.526039
0.525675
0.525317
0.524966
0.524966
0.524621
0.524286
0.523961
0.523645
0.523341
0.523048
0.522767
0.522500
0.522249
0.522016
0.521803
0.521613
0.521444
0.521294
0.521162
0.521044
0.520940
0.520847
0.520765
0.520694
0.520631
0.520577
0.520531
0.520492
0.520459
0.520432
0.520410
0.520394
0.520382
0.520375
0.520371
0.520373
0.520377
0.520386
0.520395
0.520411
0.520423
0.520445
0.520459
0.520485
0.520501
0.520531
0.520548
0.520580
0.520598
0.520631
0.520650
0.520685
0.520708
0.520745
0.520773
0.520814
0.520848
0.520896
0.520934
0.520989
0.521028
0.521086
0.521121
0.521181
0.521212
0.521271
0.521299
0.521355
0.521379
0.521430
0.521451
0.521496
0.521516
0.521556
0.521578
0.521614
0.521639
0.521672
0.521701
0.521733
0.521766
0.521799
0.521833
0.521865
0.521896
0.521927
0.521955
0.521983
0.522007
0.522032
0.522053
0.522074
0.522089
0.522107
0.522115
0.522131
0.522134
0.522149
0.522150
0.522162
0.522164
0.522172
0.522176
0.522178
0.522183
0.522183
0.522188
0.522187
0.522192
0.522193
0.522198
0.522201
0.522207
0.522212
0.522219
0.522226
0.522234
0.522243
0.522254
0.522265
0.522276
0.522289
0.522302
0.522316
0.522331
0.522346
0.522361
0.522376
0.522392
0.522408
0.522425
0.522441
0.522459
0.522476
0.522494
0.522512
0.522531
0.522550
0.522570
0.522590
0.522611
0.522632
0.522655
0.522678
0.522702
0.522726
0.522751
0.522777
0.522803
0.522831
0.522858
0.522886
0.522914
0.522943
0.522972
0.523000
0.523028
0.523056
0.523083
0.523109
0.523134
0.523158
0.523180
0.523200
0.523219
0.523235
0.523250
0.523262
0.523273
0.523281
0.523287
0.523291
0.523293
0.523293
0.523292
0.523289
0.523284
0.523278
0.523271
0.523262
0.523253
0.523243
0.523232
0.523221
0.523210
0.523198
0.523185
0.523173
0.523161
0.523149
0.523136
0.523124
0.523112
0.523101
0.523089
0.523078
0.523067
0.523056
0.523046
0.523036
0.523027
0.523018
0.523009
0.523000
0.522992
0.522984
0.522977
0.522970
0.522963
0.522956
0.522950
0.522944
0.522938
0.522933
0.522927
0.522922
0.522916
0.522910
0.522905
0.522899
0.522892
0.522886
0.522879
0.522871
0.522862
0.522853
0.522843
0.522832
0.522819
0.522806
0.522791
0.522775
0.522757
0.522737
0.522716
0.522694
0.522669
0.522643
0.522616
0.522586
0.522555
0.522522
0.522487
0.522451
0.522414
0.522375
0.522334
0.522293
0.522250
0.522207
0.522162
0.522116
0.522069
0.522021
0.521970
0.521916
0.521854
0.521770
0.521636
0.521513
0.521497
0.521483
0.521433
0.521379
0.521328
0.521280
0.521233
0.521188
0.521146
0.521106
0.521069
0.521033
0.521000
0.520968
0.520939
0.520911
0.520884
0.520860
0.520836
0.520814
0.520792
0.520771
0.520751
0.520730
0.520709
0.520687
0.520663
0.520638
0.520611
0.520582
0.520550
0.520514
0.520476
0.520434
0.520390
0.520341
0.520290
0.520236
0.520179
0.520119
0.520057
0.519992
0.519925
0.519925
0.519855
0.519784
0.519711
0.519637
0.519560
0.519483
0.519404
0.519323
0.519242
0.519160
0.519076
0.518992
0.518907
0.518821
0.518735
0.518648
0.518561
0.518473
0.518385
0.518296
0.518207
0.518118
0.518029
0.517939
0.517849
0.517759
0.517669
0.517579
0.517489
0.517398
0.517308
0.517217
0.517126
0.517034
0.516943
0.516851
0.516759
0.516667
0.516574
0.516481
0.516387
0.516293
0.516198
0.516102
0.516006
0.515910
0.515812
0.515714
0.515616
0.515516
0.515416
0.515315
0.515213
0.515111
0.515008
0.514904
0.514800
0.514694
0.514588
0.514482
0.514375
0.514267
0.514159
0.514050
0.513941
0.513831
0.513721
0.513611
0.513500
0.513389
0.513277
0.513166
0.513053
0.512941
0.512828
0.512716
0.512603
0.512489
0.512376
0.512263
0.512149
0.512035
0.511921
0.511807
0.511693
0.511578
0.511464
0.511349
0.511235
0.511120
0.511005
0.510890
0.510775
0.510660
0.510545
0.510430
0.510315
0.510199
0.510084
0.509968
0.509853
0.509737
0.509621
0.509506
0.509390
0.509274
0.509158
0.509042
0.508927
0.508811
0.508695
0.508579
0.508463
0.508347
0.508232
0.508116
0.508000
0.507885
0.507770
0.507654
0.507539
0.507424
0.507309
0.507194
0.507079
0.506965
0.506850
0.506736
0.506622
0.506508
0.506394
0.506281
0.506168
0.506055
0.505942
0.505829
0.505717
0.505605
0.505493
0.505382
0.505270
0.505159
0.505049
0.504938
0.504828
0.504718
0.504609
0.504499
0.504390
0.504282
0.504174
0.504066
0.503958
0.503851
0.503744
0.503637
0.503531
0.503425
0.503319
0.503214
0.503109
0.503005
0.502901
0.502797
0.502694
0.502591
0.502488
0.502386
0.502284
0.502183
0.502082
0.501982
0.501882
0.501782
0.501683
0.501584
0.501486
0.501388
0.501290
0.501194
0.501097
0.501001
0.500905
0.500810
0.500716
0.500622
0.500528
0.500435
0.500342
0.500250
0.500159
0.500068
0.499977
0.499887
0.499797
0.499708
0.499619
0.499531
0.499444
0.499357
0.499270
0.499184
0.499098
0.499013
0.498928
0.498844
0.498760
0.498677
0.498594
0.498511
0.498429
0.498348
0.498267
0.498187
0.498106
0.498027
0.497948
0.497869
0.497791
0.497713
0.497636
0.497559
0.497483
0.497407
0.497331
0.497256
0.497182
0.497108
0.497034
0.496961
0.496888
0.496816
0.496744
0.496673
0.496603
0.496534
0.496467
0.496401
0.496337
0.496274
0.496214
0.496155
0.496098
0.496042
0.495987
0.495934
0.495882
0.495831
0.495781
0.495732
0.495684
0.495637
0.495591
0.495546
0.495502
0.495458
0.495415
0.495372
0.495330
0.495289
0.495248
0.495207
0.495166
0.495126
0.495085
0.495045
0.495004
0.494964
0.494923
0.494882
0.494841
0.494799
0.494757
0.494715
0.494673
0.494630
0.494588
0.494545
0.494501
0.494458
0.494414
