0.781504
-0.585822
-0.591510
-0.592446
-0.592068
-0.591369
-0.590558
-0.589686
-0.588769
-0.587817
-0.586838
-0.585838
-0.584824
-0.583799
-0.582770
-0.581738
-0.580708
-0.579682
-0.578663
-0.577653
-0.576653
-0.575664
-0.574689
-0.573727
-0.572780
-0.571848
-0.570931
-0.570030
-0.569145
-0.568276
-0.567423
-0.566586
-0.565765
-0.564960
-0.564170
-0.563396
-0.562637
-0.561893
-0.561163
-0.560448
-0.559748
-0.559061
-0.558387
-0.557727
-0.557080
-0.556445
-0.555823
-0.555213
-0.554615
-0.554028
-0.553453
-0.552889
-0.552336
-0.551793
-0.551261
-0.550739
-0.550226
-0.549724
-0.549230
-0.548747
-0.548272
-0.547806
-0.547349
-0.546900
-0.546460
-0.546028
-0.545604
-0.545187
-0.544779
-0.544378
-0.543985
-0.543599
-0.543220
-0.542848
-0.542483
-0.542125
-0.541774
-0.541429
-0.541091
-0.540759
-0.540433
-0.540114
-0.539800
-0.539493
-0.539192
-0.538896
-0.538606
-0.538322
-0.538043
-0.537770
-0.537502
-0.537239
-0.536982
-0.536730
-0.536483
-0.536241
-0.536004
-0.535773
-0.535545
-0.535323
-0.535106
-0.534893
-0.534685
-0.534481
-0.534282
-0.534087
-0.533897
-0.533711
-0.533529
-0.533352
-0.533179
-0.533010
-0.532845
-0.532685
-0.532528
-0.532375
-0.532226
-0.532081
-0.531940
-0.531803
-0.531670
-0.531540
-0.531414
-0.531291
-0.531172
-0.531057
-0.530945
-0.530837
-0.530732
-0.530631
-0.530533
-0.530438
-0.530347
-0.530259
-0.530174
-0.530092
-0.530013
-0.529938
-0.529865
-0.529796
-0.529730
-0.529666
-0.529606
-0.529548
-0.529494
-0.529442
-0.529393
-0.529347
-0.529303
-0.529263
-0.529225
-0.529189
-0.529156
-0.529126
-0.529099
-0.529074
-0.529051
-0.529031
-0.529014
-0.528998
-0.528986
-0.528975
-0.528967
-0.528962
-0.528958
-0.528957
-0.528958
-0.528961
-0.528967
-0.528975
-0.528984
-0.528996
-0.529010
-0.529026
-0.529044
-0.529065
-0.529087
-0.529111
-0.529137
-0.529165
-0.529195
-0.529227
-0.529261
-0.529296
-0.529334
-0.529373
-0.529414
-0.529457
-0.529501
-0.529548
-0.529596
-0.529645
-0.529697
-0.529750
-0.529805
-0.529861
-0.529919
-0.529979
-0.530040
-0.530103
-0.530167
-0.530233
-0.530300
-0.530369
-0.530440
-0.530512
-0.530585
-0.530660
-0.530736
-0.530814
-0.530893
-0.530974
-0.531056
-0.531139
-0.531224
-0.531310
-0.531398
-0.531486
-0.531576
-0.531668
-0.531761
-0.531855
-0.531950
-0.532047
-0.532145
-0.532244
-0.532345
-0.532446
-0.532549
-0.532653
-0.532759
-0.532865
-0.532973
-0.533082
-0.533192
-0.533304
-0.533416
-0.533530
-0.533645
-0.533761
-0.533878
-0.533996
-0.534116
-0.534236
-0.534358
-0.534481
-0.534605
-0.534730
-0.534856
-0.534983
-0.535111
-0.535241
-0.535371
-0.535503
-0.535635
-0.535769
-0.535904
-0.536039
-0.536176
-0.536314
-0.536453
-0.536593
-0.536734
-0.536876
-0.537019
-0.537163
-0.537308
-0.537454
-0.537601
-0.537749
-0.537898
-0.538048
-0.538199
-0.538350
-0.538503
-0.538657
-0.538812
-0.538968
-0.539125
-0.539283
-0.539441
-0.539601
-0.539762
-0.539923
-0.540086
-0.540249
-0.540413
-0.540579
-0.540745
-0.540912
-0.541080
-0.541249
-0.541419
-0.541590
-0.541762
-0.541934
-0.542108
-0.542282
-0.542458
-0.542634
-0.542811
-0.542989
-0.543168
-0.543348
-0.543528
-0.543710
-0.543892
-0.544075
-0.544259
-0.544444
-0.544630
-0.544816
-0.545004
-0.545192
-0.545381
-0.545571
-0.545762
-0.545953
-0.546146
-0.546339
-0.546533
-0.546728
-0.546923
-0.547120
-0.547317
-0.547515
-0.547713
-0.547913
-0.548113
-0.548314
-0.548516
-0.548718
-0.548921
-0.549125
-0.549330
-0.549535
-0.549741
-0.549948
-0.550155
-0.550363
-0.550572
-0.550782
-0.550992
-0.551203
-0.551414
-0.551626
-0.551839
-0.552052
-0.552266
-0.552481
-0.552696
-0.552912
-0.553128
-0.553345
-0.553562
-0.553780
-0.553999
-0.554218
-0.554438
-0.554658
-0.554878
-0.555099
-0.555321
-0.555543
-0.555765
-0.555988
-0.556211
-0.556435
-0.556659
-0.556884
-0.557109
-0.557334
-0.557559
-0.557785
-0.558011
-0.558237
-0.558464
-0.558691
-0.558918
-0.559146
-0.559373
-0.559601
-0.559829
-0.560057
-0.560285
-0.560514
-0.560742
-0.560971
-0.561199
-0.561428
-0.561656
-0.561885
-0.562113
-0.562342
-0.562570
-0.562799
-0.563027
-0.563255
-0.563483
-0.563710
-0.563938
-0.564165
-0.564392
-0.564619
-0.564845
-0.565071
-0.565297
-0.565522
-0.565747
-0.565971
-0.566195
-0.566418
-0.566641
-0.566864
-0.567085
-0.567306
-0.567527
-0.567747
-0.567966
-0.568184
-0.568402
-0.568619
-0.568835
-0.569050
-0.569264
-0.569477
-0.569690
-0.569902
-0.570112
-0.570322
-0.570530
-0.570738
-0.570944
-0.571149
-0.571353
-0.571556
-0.571758
-0.571959
-0.572158
-0.572356
-0.572553
-0.572748
-0.572942
-0.573135
-0.573327
-0.573517
-0.573705
-0.573892
-0.574078
-0.574262
-0.574445
-0.574626
-0.574806
-0.574984
-0.575160
-0.575335
-0.575508
-0.575680
-0.575850
-0.576019
-0.576186
-0.576351
-0.576514
-0.576676
-0.576836
-0.576995
-0.577152
-0.577307
-0.577460
-0.577612
-0.577762
-0.577910
-0.578057
-0.578202
-0.578345
-0.578486
-0.578626
-0.578764
-0.578900
-0.579034
-0.579167
-0.579298
-0.579427
-0.579555
-0.579681
-0.579805
-0.579928
-0.580048
-0.580168
-0.580285
-0.580401
-0.580515
-0.580628
-0.580739
-0.580848
-0.580956
-0.581062
-0.581166
-0.581269
-0.581371
-0.581371
-0.581471
-0.581569
-0.581666
-0.581762
-0.581855
-0.581948
-0.582039
-0.582129
-0.582217
-0.582304
-0.582390
-0.582474
-0.582557
-0.582639
-0.582719
-0.582798
-0.582876
-0.582953
-0.583029
-0.583103
-0.583176
-0.583249
-0.583320
-0.583390
-0.583459
-0.583527
-0.583594
-0.583661
-0.583726
-0.583790
-0.583853
-0.583916
-0.583978
-0.584038
-0.584098
-0.584158
-0.584216
-0.584274
-0.584331
-0.584387
-0.584443
-0.584497
-0.584551
-0.584605
-0.584658
-0.584710
-0.584762
-0.584813
-0.584863
-0.584913
-0.584962
-0.585011
-0.585059
-0.585107
-0.585154
-0.585200
-0.585246
-0.585292
-0.585337
-0.585381
-0.585425
-0.585469
-0.585512
-0.585554
-0.585596
-0.585638
-0.585678
-0.585719
-0.585759
-0.585798
-0.585837
-0.585876
-0.585914
-0.585951
-0.585988
-0.586025
-0.586061
-0.586096
-0.586131
-0.586165
-0.586199
-0.586232
-0.586265
-0.586297
-0.586328
-0.586359
-0.586389
-0.586419
-0.586448
-0.586477
-0.586504
-0.586532
-0.586558
-0.586584
-0.586609
-0.586634
-0.586658
-0.586681
-0.586704
-0.586725
-0.586747
-0.586767
-0.586787
-0.586806
-0.586824
-0.586841
-0.586858
-0.586873
-0.586889
-0.586903
-0.586916
-0.586929
-0.586941
-0.586952
-0.586962
-0.586971
-0.586979
-0.586987
-0.586994
-0.587000
-0.587004
-0.587008
-0.587012
-0.587014
-0.587015
-0.587016
-0.587015
-0.587014
-0.587011
-0.587008
-0.587004
-0.586999
-0.586993
-0.586985
-0.586977
-0.586969
-0.586959
-0.586948
-0.586936
-0.586923
-0.586909
-0.586895
-0.586879
-0.586862
-0.586845
-0.586826
-0.586806
-0.586786
-0.586764
-0.586742
-0.586719
-0.586694
-0.586669
-0.586643
-0.586615
-0.586587
-0.586558
-0.586528
-0.586497
-0.586465
-0.586432
-0.586399
-0.586364
-0.586328
-0.586292
-0.586255
-0.586216
-0.586177
-0.586137
-0.586096
-0.586054
-0.586012
-0.585968
-0.585924
-0.585879
-0.585833
-0.585786
-0.585738
-0.585690
-0.585641
-0.585591
-0.585540
-0.585488
-0.585436
-0.585383
-0.585329
-0.585274
-0.585219
-0.585162
-0.585105
-0.585048
-0.584989
-0.584930
-0.584870
-0.584810
-0.584748
-0.584686
-0.584624
-0.584560
-0.584496
-0.584431
-0.584366
-0.584299
-0.584232
-0.584164
-0.584096
-0.584026
-0.583956
-0.583885
-0.583813
-0.583741
-0.583667
-0.583593
-0.583518
-0.583441
-0.583364
-0.583286
-0.583207
-0.583127
-0.583046
-0.582963
-0.582879
-0.582794
-0.582708
-0.582620
-0.582531
-0.582440
-0.582348
-0.582254
-0.582158
-0.582060
-0.581960
-0.581859
-0.581754
-0.581648
-0.581539
-0.581427
-0.581313
-0.581195
-0.581075
-0.580951
-0.580824
-0.580693
-0.580558
-0.580419
-0.580276
-0.580129
-0.579977
-0.579820
-0.579659
-0.579492
-0.579319
-0.579141
-0.578957
-0.578768
-0.578572
-0.578370
-0.578161
-0.577946
-0.577724
-0.577496
-0.577261
-0.577020
-0.576772
-0.576518
-0.576258
-0.575992
-0.575720
-0.575444
-0.575162
-0.574877
-0.574587
-0.574295
-0.574000
-0.573704
-0.573407
-0.573110
-0.572813
-0.572518
-0.572226
-0.571937
-0.571652
-0.571373
-0.571100
-0.570834
-0.570575
-0.570326
-0.570085
-0.569855
-0.569636
-0.569428
-0.569233
-0.569050
-0.568881
-0.568725
-0.568584
-0.568457
-0.568346
-0.568251
-0.568171
-0.568107
-0.568060
-0.568030
-0.568016
-0.568019
-0.568040
-0.568078
-0.568134
-0.568207
-0.568297
-0.568405
-0.568531
-0.568674
-0.568835
-0.569013
-0.569208
-0.569421
-0.569650
-0.569896
-0.570159
-0.570439
-0.570735
-0.571047
-0.571375
-0.571718
-0.572077
-0.572451
-0.572840
-0.573244
-0.573662
-0.574094
-0.574540
-0.575000
-0.575473
-0.575959
-0.576458
-0.576969
-0.577492
-0.578027
-0.578574
-0.579133
-0.579702
-0.580283
-0.580874
-0.581475
-0.582087
-0.582708
-0.583339
-0.583979
-0.584629
-0.585287
-0.585954
-0.586630
-0.587314
-0.588006
-0.588705
-0.589413
-0.590127
-0.590849
-0.591578
-0.592313
-0.593056
-0.593804
-0.594559
-0.595320
-0.596087
-0.596859
-0.597637
-0.598420
-0.599209
-0.600002
-0.600800
-0.601603
-0.602411
-0.603222
-0.604038
-0.604859
-0.605682
-0.606510
-0.607342
-0.608176
-0.609015
-0.609856
-0.610701
-0.611548
-0.612398
-0.613251
-0.614106
-0.614964
-0.615824
-0.616687
-0.617551
-0.618417
-0.619286
-0.620155
-0.621027
-0.621900
-0.622774
-0.623650
-0.624527
-0.625404
-0.626283
-0.627163
-0.628044
-0.628925
-0.629807
-0.630689
-0.631572
-0.632455
-0.633338
-0.634221
-0.635105
-0.635988
-0.636872
-0.637755
-0.638638
-0.639521
-0.640403
-0.641285
-0.642166
-0.643047
-0.643927
-0.644807
-0.645685
-0.646563
-0.647440
-0.648316
-0.649190
-0.650064
-0.650937
-0.651808
-0.652678
-0.653547
-0.654415
-0.655281
-0.656146
-0.657009
-0.657870
-0.658731
-0.659589
-0.660446
-0.661301
-0.662154
-0.663006
-0.663856
-0.664704
-0.665550
-0.666394
-0.667236
-0.668076
-0.668915
-0.669751
-0.670585
-0.671417
-0.672246
-0.673074
-0.673899
-0.674723
-0.675544
-0.676362
-0.677179
-0.677993
-0.678805
-0.679614
-0.680421
-0.681226
-0.682028
-0.682828
-0.683625
-0.684420
-0.685212
-0.686002
-0.686789
-0.687574
-0.688356
-0.689136
-0.689913
-0.690688
-0.691460
-0.692229
-0.692996
-0.693760
-0.694521
-0.695280
-0.696036
-0.696790
-0.697541
-0.698289
-0.699034
-0.699777
-0.700517
-0.701255
-0.701990
-0.702722
-0.703451
-0.704178
-0.704902
-0.705623
-0.706342
-0.706342
-0.707058
-0.707771
-0.708481
-0.709189
-0.709894
-0.710597
-0.711296
-0.711993
-0.712688
-0.713380
-0.714069
-0.714755
-0.715439
-0.716120
-0.716798
-0.717474
-0.718147
-0.718818
-0.719486
-0.720151
-0.720814
-0.721474
-0.722131
-0.722786
-0.723439
-0.724089
-0.724736
-0.725381
-0.726023
-0.726663
-0.727300
-0.727935
-0.728567
-0.729197
-0.729824
-0.730449
-0.731072
-0.731692
-0.732310
-0.732925
-0.733538
-0.734148
-0.734756
-0.735362
-0.735966
-0.736567
-0.737166
-0.737763
-0.738357
-0.738949
-0.739539
-0.740126
-0.740712
-0.741295
-0.741876
-0.742455
-0.743031
-0.743606
-0.744178
-0.744749
-0.745317
-0.745883
-0.746447
-0.747009
-0.747569
-0.748126
-0.748682
-0.749236
-0.749788
-0.750338
-0.750886
-0.751432
-0.751976
-0.752518
-0.753058
-0.753596
-0.754133
-0.754667
-0.755200
-0.755731
-0.756260
-0.756788
-0.757313
-0.757837
-0.758359
-0.758879
-0.759398
-0.759915
-0.760430
-0.760943
-0.761455
-0.761965
-0.762474
-0.762981
-0.763486
-0.763990
-0.764492
-0.764992
-0.765491
-0.765989
-0.766484
-0.766979
-0.767472
-0.767963
-0.768453
-0.768941
-0.769428
-0.769914
-0.770398
-0.770881
-0.771362
-0.771842
-0.772320
-0.772797
-0.773273
-0.773748
-0.774221
-0.774693
-0.775163
-0.775633
-0.776101
-0.776567
-0.777033
-0.777497
-0.777960
-0.778422
-0.778883
-0.779342
-0.779800
-0.780257
-0.780713
-0.781168
-0.781622
-0.782074
-0.782526
-0.782976
-0.783426
-0.783874
-0.784321
-0.784767
-0.785212
-0.785656
-0.786099
-0.786541
-0.786982
-0.787422
-0.787861
-0.788299
-0.788736
-0.789173
-0.789608
-0.790042
-0.790476
-0.790908
-0.791340
-0.791771
-0.792200
-0.792629
-0.793058
-0.793485
-0.793911
-0.794337
-0.794762
-0.795186
-0.795609
-0.796031
-0.796453
-0.796874
-0.797294
-0.797714
-0.798132
-0.798550
-0.798967
-0.799384
-0.799799
-0.800214
-0.800629
-0.801042
-0.801455
-0.801868
-0.802279
-0.802690
-0.803101
-0.803511
-0.803920
-0.804328
-0.804736
-0.805143
-0.805550
-0.805956
-0.806361
-0.806766
-0.807171
-0.807575
-0.807978
-0.808380
-0.808783
-0.809184
-0.809585
-0.809986
-0.810386
-0.810785
-0.811184
-0.811583
-0.811981
-0.812378
-0.812776
-0.813172
-0.813568
-0.813964
-0.814359
-0.814754
-0.815148
-0.815542
-0.815936
-0.816329
-0.816721
-0.817114
-0.817505
-0.817897
-0.818288
-0.818678
-0.819069
-0.819458
-0.819848
-0.820237
-0.820626
-0.821014
-0.821402
-0.821790
-0.822177
-0.822564
-0.822950
-0.823337
-0.823722
-0.824108
-0.824493
-0.824878
-0.825263
-0.825647
-0.826031
-0.826414
-0.826798
-0.827181
-0.827563
-0.827946
-0.828328
-0.828710
-0.829091
-0.829473
-0.829853
-0.830234
-0.830615
-0.830995
-0.831374
-0.831754
-0.832133
-0.832512
-0.832891
-0.833270
-0.833648
-0.834026
-0.834404
-0.834781
-0.835158
-0.835535
-0.835912
-0.836288
-0.836664
-0.837040
-0.837416
-0.837792
-0.838167
-0.838542
-0.838916
-0.839291
-0.839665
-0.840039
-0.840413
-0.840786
-0.841160
-0.841533
-0.841906
-0.842278
-0.842651
-0.843023
-0.843394
-0.843766
-0.844137
-0.844509
-0.844879
-0.845250
-0.845621
-0.845991
-0.846361
-0.846730
-0.847100
-0.847469
-0.847838
-0.848207
-0.848575
-0.848943
-0.849311
-0.849679
-0.850047
-0.850414
-0.850781
-0.851148
-0.851514
-0.851880
-0.852246
-0.852612
-0.852977
-0.853343
-0.853707
-0.854072
-0.854436
-0.854801
-0.855164
-0.855528
-0.855891
-0.856254
-0.856617
-0.856979
-0.857341
-0.857703
-0.858065
-0.858426
-0.858787
-0.859147
-0.859508
-0.859868
-0.860227
-0.860587
-0.860946
-0.861304
-0.861663
-0.862021
-0.862379
-0.862736
-0.863093
-0.863450
-0.863806
-0.864162
-0.864518
-0.864873
-0.865228
-0.865583
-0.865937
-0.866291
-0.866645
-0.866998
-0.867350
-0.867703
-0.868055
-0.868406
-0.868757
-0.869108
-0.869459
-0.869808
-0.870158
-0.870507
-0.870856
-0.871204
-0.871552
-0.871899
-0.872246
-0.872593
-0.872939
-0.873285
-0.873630
-0.873975
-0.874319
-0.874663
-0.875006
-0.875349
-0.875691
-0.876033
-0.876375
-0.876716
-0.877056
-0.877396
-0.877735
-0.878074
-0.878413
-0.878751
-0.879088
-0.879425
-0.879761
-0.880097
-0.880433
-0.880767
-0.881102
-0.881435
-0.881769
-0.882101
-0.882433
-0.882765
-0.883096
-0.883426
-0.883756
-0.884085
-0.884414
-0.884742
-0.885070
-0.885397
-0.885723
-0.886049
-0.886375
-0.886699
-0.887023
-0.887347
-0.887670
-0.887992
-0.888314
-0.888635
-0.888955
-0.889275
-0.889594
-0.889913
-0.890231
-0.890548
-0.890865
-0.891181
-0.891497
-0.891812
-0.892126
-0.892440
-0.892753
-0.893065
-0.893377
-0.893688
-0.893999
-0.894309
-0.894618
-0.894927
-0.895235
-0.895542
-0.895849
-0.896155
-0.896460
-0.896765
-0.897069
-0.897373
-0.897675
-0.897978
-0.898279
-0.898580
-0.898880
-0.899180
-0.899479
-0.899777
-0.900075
-0.900371
-0.900668
-0.900963
-0.901258
-0.901553
-0.901846
-0.902139
-0.902432
-0.902723
-0.903014
-0.903305
-0.903594
-0.903883
-0.904172
-0.904460
-0.904747
-0.905033
-0.905319
-0.905604
-0.905888
-0.906172
-0.906455
-0.906737
-0.907019
-0.907300
-0.907580
-0.907860
-0.908139
-0.908417
-0.908695
-0.908972
-0.909248
-0.909524
-0.909799
-0.910073
-0.910347
-0.910620
-0.910892
-0.911164
-0.911434
-0.911705
-0.911974
-0.912243
-0.912511
-0.912778
-0.913045
-0.913045
-0.913311
-0.913577
-0.913841
-0.914105
-0.914368
-0.914631
-0.914893
-0.915154
-0.915414
-0.915674
-0.915933
-0.916191
-0.916449
-0.916705
-0.916961
-0.917217
-0.917471
-0.917725
-0.917978
-0.918231
-0.918482
-0.918733
-0.918983
-0.919232
-0.919481
-0.919729
-0.919976
-0.920222
-0.920467
-0.920712
-0.920956
-0.921199
-0.921441
-0.921683
-0.921923
-0.922163
-0.922402
-0.922640
-0.922878
-0.923114
-0.923350
-0.923584
-0.923818
-0.924051
-0.924284
-0.924515
-0.924745
-0.924975
-0.925203
-0.925431
-0.925658
-0.925884
-0.926109
-0.926333
-0.926556
-0.926778
-0.926999
-0.927219
-0.927438
-0.927657
-0.927874
-0.928090
-0.928305
-0.928520
-0.928733
-0.928945
-0.929156
-0.929366
-0.929575
-0.929783
-0.929990
-0.930196
-0.930401
-0.930604
-0.930807
-0.931008
-0.931209
-0.931408
-0.931606
-0.931803
-0.931999
-0.932194
-0.932388
-0.932580
-0.932772
-0.932962
-0.933151
-0.933339
-0.933526
-0.933711
-0.933896
-0.934079
-0.934261
-0.934442
-0.934622
-0.934801
-0.934979
-0.935156
-0.935331
-0.935506
-0.935679
-0.935852
-0.936023
-0.936193
-0.936363
-0.936531
-0.936698
-0.936865
-0.937031
-0.937195
-0.937359
-0.937522
-0.937685
-0.937846
-0.938007
-0.938168
-0.938327
-0.938486
-0.938645
-0.938803
-0.938961
-0.939119
-0.939276
-0.939433
-0.939589
-0.939746
-0.939903
-0.940059
-0.940216
-0.940373
-0.940529
-0.940687
-0.940844
-0.941002
-0.941160
-0.941319
-0.941478
-0.941637
-0.941797
-0.941958
-0.942120
-0.942282
-0.942445
-0.942608
-0.942773
-0.942938
-0.943103
-0.943270
-0.943437
-0.943605
-0.943774
-0.943943
-0.944113
-0.944284
-0.944455
-0.944626
-0.944799
-0.944971
-0.945144
-0.945317
-0.945490
-0.945664
-0.945837
-0.946011
-0.946184
-0.946358
-0.946531
-0.946704
-0.946877
-0.947050
-0.947222
-0.947394
-0.947566
-0.947738
-0.947910
-0.948082
-0.948254
-0.948427
-0.948601
-0.948775
-0.948952
-0.949130
-0.949311
-0.949496
-0.949684
-0.949876
-0.950074
-0.950277
-0.950487
-0.950705
-0.950931
-0.951166
-0.951411
-0.951666
-0.951932
-0.952209
-0.952497
-0.952797
-0.953107
-0.953427
-0.953757
-0.954095
-0.954441
-0.954792
-0.955148
-0.955506
-0.955864
-0.956220
-0.956573
-0.956921
-0.957261
-0.957593
-0.957914
-0.958223
-0.958519
-0.958802
-0.959070
-0.959324
-0.959563
-0.959788
-0.959999
-0.960197
-0.960383
-0.960558
-0.960723
-0.960880
-0.961030
-0.961174
-0.961316
-0.961455
-0.961594
-0.961735
-0.961878
-0.962025
-0.962179
-0.962339
-0.962507
-0.962684
-0.962871
-0.963068
-0.963276
-0.963496
-0.963727
-0.963971
-0.964226
-0.964494
-0.964774
-0.965065
-0.965368
-0.965682
-0.966007
-0.966343
-0.966689
-0.967045
-0.967410
-0.967784
-0.968167
-0.968557
-0.968955
-0.969361
-0.969773
-0.970191
-0.970615
-0.971045
-0.971479
-0.971919
-0.972362
-0.972810
-0.973261
-0.973716
-0.974173
-0.974634
-0.975096
-0.975561
-0.976028
-0.976496
-0.976966
-0.977436
-0.977908
-0.978380
-0.978853
-0.979326
-0.979798
-0.980271
-0.980744
-0.981215
-0.981687
-0.982157
-0.982627
-0.983095
-0.983563
-0.984029
-0.984493
-0.984956
-0.985418
-0.985877
-0.986335
-0.986791
-0.987245
-0.987697
-0.988147
-0.988595
-0.989041
-0.989484
-0.989926
-0.990365
-0.990801
-0.991236
-0.991668
-0.992097
-0.992524
-0.992949
-0.993372
-0.993792
-0.994209
-0.994624
-0.995037
-0.995448
-0.995856
-0.996261
-0.996665
-0.997066
-0.997464
-0.997861
-0.998255
-0.998647
-0.999037
-0.999424
-0.999809
-1.000192
-1.000574
-1.000952
-1.001329
-1.001704
-1.002077
-1.002448
-1.002817
-1.003184
-1.003549
-1.003913
-1.004274
-1.004634
-1.004992
-1.005348
-1.005703
-1.006056
-1.006407
-1.006757
-1.007105
-1.007452
-1.007797
-1.008141
-1.008483
-1.008824
-1.009163
-1.009501
-1.009838
-1.010173
-1.010507
-1.010840
-1.011172
-1.011502
-1.011831
-1.012160
-1.012486
-1.012812
-1.013137
-1.013461
-1.013783
-1.014105
-1.014426
-1.014745
-1.015064
-1.015382
-1.015698
-1.016014
-1.016329
-1.016643
-1.016956
-1.017269
-1.017580
-1.017891
-1.018201
-1.018510
-1.018819
-1.019126
-1.019433
-1.019739
-1.020045
-1.020350
-1.020654
-1.020957
-1.021260
-1.021562
-1.021863
-1.022164
-1.022464
-1.022764
-1.023063
-1.023361
-1.023659
-1.023956
-1.024253
-1.024549
-1.024844
-1.025139
-1.025433
-1.025727
-1.026021
-1.026313
-1.026606
-1.026897
-1.027189
-1.027479
-1.027770
-1.028060
-1.028349
-1.028638
-1.028926
-1.029214
-1.029501
-1.029788
-1.030075
-1.030361
-1.030647
-1.030932
-1.031217
-1.031501
-1.031785
-1.032068
-1.032351
-1.032634
-1.032916
-1.033198
-1.033479
-1.033760
-1.034041
-1.034321
-1.034601
-1.034880
-1.035159
-1.035438
-1.035716
-1.035994
-1.036271
-1.036548
-1.036825
-1.037101
-1.037377
-1.037653
-1.037928
-1.038203
-1.038477
-1.038751
-1.039025
-1.039298
-1.039571
-1.039844
-1.040116
-1.040388
-1.040659
-1.040930
-1.041201
-1.041472
-1.041742
-1.042011
-1.042281
-1.042550
-1.042818
-1.043087
-1.043355
-1.043622
-1.043890
-1.044157
-1.044423
-1.044689
-1.044955
-1.045221
-1.045486
-1.045751
-1.046016
-1.046280
-1.046544
-1.046807
-1.047071
-1.047333
-1.047596
-1.047858
-1.048120
-1.048382
-1.048643
-1.048904
-1.049164
-1.049425
-1.049685
-1.049944
-1.050203
-1.050462
-1.050721
-1.050721
-1.050979
-1.051237
-1.051495
-1.051752
-1.052009
-1.052266
-1.052522
-1.052778
-1.053034
-1.053289
-1.053545
-1.053799
-1.054054
-1.054308
-1.054562
-1.054815
-1.055068
-1.055321
-1.055574
-1.055826
-1.056078
-1.056330
-1.056581
-1.056832
-1.057083
-1.057333
-1.057583
-1.057833
-1.058082
-1.058332
-1.058581
-1.058829
-1.059077
-1.059325
-1.059573
-1.059820
-1.060067
-1.060314
-1.060560
-1.060806
-1.061052
-1.061298
-1.061543
-1.061788
-1.062032
-1.062277
-1.062521
-1.062764
-1.063008
-1.063251
-1.063494
-1.063736
-1.063978
-1.064220
-1.064462
-1.064703
-1.064944
-1.065185
-1.065426
-1.065666
-1.065906
-1.066145
-1.066384
-1.066623
-1.066862
-1.067100
-1.067338
-1.067576
-1.067814
-1.068051
-1.068288
-1.068525
-1.068761
-1.068997
-1.069233
-1.069468
-1.069704
-1.069938
-1.070173
-1.070407
-1.070642
-1.070875
-1.071109
-1.071342
-1.071575
-1.071808
-1.072040
-1.072272
-1.072504
-1.072735
-1.072966
-1.073197
-1.073428
-1.073658
-1.073889
-1.074118
-1.074348
-1.074577
-1.074806
-1.075035
-1.075263
-1.075491
-1.075719
-1.075947
-1.076174
-1.076401
-1.076628
-1.076854
-1.077081
-1.077307
-1.077532
-1.077758
-1.077983
-1.078207
-1.078432
-1.078656
-1.078880
-1.079104
-1.079327
-1.079551
-1.079774
-1.079996
-1.080219
-1.080441
-1.080662
-1.080884
-1.081105
-1.081326
-1.081547
-1.081767
-1.081988
-1.082208
-1.082427
-1.082647
-1.082866
-1.083085
-1.083303
-1.083522
-1.083740
-1.083957
-1.084175
-1.084392
-1.084609
-1.084826
-1.085042
-1.085258
-1.085474
-1.085690
-1.085905
-1.086121
-1.086335
-1.086550
-1.086764
-1.086978
-1.087192
-1.087406
-1.087619
-1.087832
-1.088045
-1.088257
-1.088470
-1.088682
-1.088893
-1.089105
-1.089316
-1.089527
-1.089738
-1.089948
-1.090158
-1.090368
-1.090578
-1.090787
-1.090996
-1.091205
-1.091414
-1.091622
-1.091830
-1.092038
-1.092245
-1.092453
-1.092660
-1.092867
-1.093073
-1.093279
-1.093485
-1.093691
-1.093897
-1.094102
-1.094307
-1.094512
-1.094716
-1.094920
-1.095124
-1.095328
-1.095532
-1.095735
-1.095938
-1.096141
-1.096343
-1.096545
-1.096747
-1.096949
-1.097151
-1.097352
-1.097553
-1.097753
-1.097954
-1.098154
-1.098354
-1.098554
-1.098753
-1.098953
-1.099152
-1.099350
-1.099549
-1.099747
-1.099945
-1.100143
-1.100340
-1.100537
-1.100734
-1.100931
-1.101128
-1.101324
-1.101520
-1.101716
-1.101911
-1.102106
-1.102301
-1.102496
-1.102691
-1.102885
-1.103079
-1.103273
-1.103467
-1.103660
-1.103853
-1.104046
-1.104238
-1.104431
-1.104623
-1.104815
-1.105006
-1.105198
-1.105389
-1.105580
-1.105770
-1.105961
-1.106151
-1.106341
-1.106531
-1.106720
-1.106909
-1.107098
-1.107287
-1.107476
-1.107664
-1.107852
-1.108040
-1.108227
-1.108415
-1.108602
-1.108789
-1.108975
-1.109162
-1.109348
-1.109534
-1.109719
-1.109905
-1.110090
-1.110275
-1.110460
-1.110644
-1.110828
-1.111013
-1.111196
-1.111380
-1.111563
-1.111746
-1.111929
-1.112112
-1.112294
-1.112477
-1.112659
-1.112840
-1.113022
-1.113203
-1.113384
-1.113565
-1.113746
-1.113926
-1.114106
-1.114286
-1.114466
-1.114645
-1.114824
-1.115003
-1.115182
-1.115361
-1.115539
-1.115717
-1.115895
-1.116073
-1.116250
-1.116427
-1.116604
-1.116781
-1.116958
-1.117134
-1.117310
-1.117486
-1.117662
-1.117837
-1.118012
-1.118187
-1.118362
-1.118537
-1.118711
-1.118885
-1.119059
-1.119233
-1.119406
-1.119579
-1.119752
-1.119925
-1.120098
-1.120270
-1.120442
-1.120614
-1.120786
-1.120957
-1.121129
-1.121300
-1.121471
-1.121641
-1.121812
-1.121982
-1.122152
-1.122322
-1.122492
-1.122661
-1.122830
-1.122999
-1.123168
-1.123336
-1.123505
-1.123673
-1.123841
-1.124008
-1.124176
-1.124343
-1.124510
-1.124677
-1.124844
-1.125010
-1.125177
-1.125343
-1.125509
-1.125674
-1.125840
-1.126005
-1.126170
-1.126335
-1.126500
-1.126664
-1.126828
-1.126992
-1.127156
-1.127320
-1.127483
-1.127646
-1.127809
-1.127972
-1.128135
-1.128297
-1.128460
-1.128622
-1.128783
-1.128945
-1.129107
-1.129268
-1.129429
-1.129590
-1.129750
-1.129911
-1.130071
-1.130231
-1.130391
-1.130551
-1.130710
-1.130870
-1.131029
-1.131188
-1.131347
-1.131505
-1.131663
-1.131822
-1.131980
-1.132137
-1.132295
-1.132452
-1.132610
-1.132767
-1.132924
-1.133080
-1.133237
-1.133393
-1.133549
-1.133705
-1.133861
-1.134017
-1.134172
-1.134327
-1.134482
-1.134637
-1.134792
-1.134946
-1.135100
-1.135255
-1.135409
-1.135562
-1.135716
-1.135869
-1.136023
-1.136176
-1.136328
-1.136481
-1.136634
-1.136786
-1.136938
-1.137090
-1.137242
-1.137394
-1.137545
-1.137696
-1.137848
-1.137999
-1.138149
-1.138300
-1.138450
-1.138601
-1.138751
-1.138901
-1.139050
-1.139200
-1.139349
-1.139499
-1.139648
-1.139797
-1.139946
-1.140094
-1.140243
-1.140391
-1.140539
-1.140687
-1.140835
-1.140982
-1.141130
-1.141277
-1.141424
-1.141571
-1.141718
-1.141864
-1.142011
-1.142157
-1.142303
-1.142449
-1.142595
-1.142741
-1.142886
-1.143032
-1.143177
-1.143322
-1.143467
-1.143612
-1.143756
-1.143901
-1.144045
-1.144189
-1.144333
-1.144477
-1.144620
-1.144764
-1.144907
-1.145050
-1.145193
-1.145336
-1.145479
-1.145622
-1.145764
-1.145906
-1.146049
-1.146191
-1.146332
-1.146474
-1.146616
-1.146757
-1.146898
-1.147040
-1.147040
-1.147181
-1.147321
-1.147462
-1.147603
-1.147743
-1.147883
-1.148023
-1.148163
-1.148303
-1.148443
-1.148582
-1.148722
-1.148861
-1.149000
-1.149139
-1.149278
-1.149417
-1.149555
-1.149694
-1.149832
-1.149970
-1.150108
-1.150246
-1.150384
-1.150522
-1.150659
-1.150796
-1.150934
-1.151071
-1.151208
-1.151345
-1.151481
-1.151618
-1.151754
-1.151891
-1.152027
-1.152163
-1.152299
-1.152434
-1.152570
-1.152706
-1.152841
-1.152976
-1.153111
-1.153246
-1.153381
-1.153516
-1.153651
-1.153785
-1.153920
-1.154054
-1.154188
-1.154322
-1.154456
-1.154590
-1.154723
-1.154857
-1.154990
-1.155124
-1.155257
-1.155390
-1.155523
-1.155656
-1.155788
-1.155921
-1.156053
-1.156186
-1.156318
-1.156450
-1.156582
-1.156714
-1.156845
-1.156977
-1.157109
-1.157240
-1.157371
-1.157502
-1.157633
-1.157764
-1.157895
-1.158026
-1.158157
-1.158287
-1.158417
-1.158548
-1.158678
-1.158808
-1.158938
-1.159068
-1.159197
-1.159327
-1.159456
-1.159586
-1.159715
-1.159844
-1.159973
-1.160102
-1.160231
-1.160360
-1.160489
-1.160617
-1.160746
-1.160874
-1.161002
-1.161130
-1.161258
-1.161386
-1.161514
-1.161642
-1.161769
-1.161897
-1.162024
-1.162151
-1.162279
-1.162406
-1.162533
-1.162660
-1.162786
-1.162913
-1.163040
-1.163166
-1.163292
-1.163419
-1.163545
-1.163671
-1.163797
-1.163923
-1.164049
-1.164174
-1.164300
-1.164426
-1.164551
-1.164676
-1.164802
-1.164927
-1.165052
-1.165177
-1.165302
-1.165426
-1.165551
-1.165676
-1.165800
-1.165924
-1.166049
-1.166173
-1.166297
-1.166421
-1.166545
-1.166669
-1.166793
-1.166916
-1.167040
-1.167163
-1.167287
-1.167410
-1.167533
-1.167656
-1.167780
-1.167902
-1.168025
-1.168148
-1.168271
-1.168393
-1.168516
-1.168638
-1.168761
-1.168883
-1.169005
-1.169127
-1.169249
-1.169371
-1.169493
-1.169615
-1.169737
-1.169858
-1.169980
-1.170101
-1.170222
-1.170344
-1.170465
-1.170586
-1.170707
-1.170828
-1.170949
-1.171070
-1.171190
-1.171311
-1.171431
-1.171552
-1.171672
-1.171793
-1.171913
-1.172033
-1.172153
-1.172273
-1.172393
-1.172513
-1.172632
-1.172752
-1.172872
-1.172991
-1.173111
-1.173230
-1.173349
-1.173468
-1.173588
-1.173707
-1.173826
-1.173945
-1.174063
-1.174182
-1.174301
-1.174419
-1.174538
-1.174656
-1.174775
-1.174893
-1.175011
-1.175130
-1.175248
-1.175366
-1.175484
-1.175602
-1.175719
-1.175837
-1.175955
-1.176072
-1.176190
-1.176307
-1.176425
-1.176542
-1.176659
-1.176776
-1.176893
-1.177010
-1.177127
-1.177244
-1.177361
-1.177478
-1.177595
-1.177711
-1.177828
-1.177944
-1.178061
-1.178177
-1.178293
-1.178409
-1.178525
-1.178642
-1.178758
-1.178873
-1.178989
-1.179105
-1.179221
-1.179337
-1.179452
-1.179568
-1.179683
-1.179798
-1.179914
-1.180029
-1.180144
-1.180259
-1.180374
-1.180489
-1.180604
-1.180719
-1.180834
-1.180949
-1.181063
-1.181178
-1.181293
-1.181407
-1.181522
-1.181636
-1.181750
-1.181864
-1.181979
-1.182093
-1.182207
-1.182321
-1.182435
-1.182548
-1.182662
-1.182776
-1.182890
-1.183003
-1.183117
-1.183230
-1.183344
-1.183457
-1.183570
-1.183684
-1.183797
-1.183910
-1.184023
-1.184136
-1.184249
-1.184362
-1.184474
-1.184587
-1.184700
-1.184813
-1.184925
-1.185038
-1.185150
-1.185262
-1.185375
-1.185487
-1.185599
-1.185711
-1.185823
-1.185935
-1.186047
-1.186159
-1.186271
-1.186383
-1.186495
-1.186606
-1.186718
-1.186830
-1.186941
-1.187052
-1.187164
-1.187275
-1.187386
-1.187498
-1.187609
-1.187720
-1.187831
-1.187942
-1.188053
-1.188164
-1.188274
-1.188385
-1.188496
-1.188606
-1.188717
-1.188827
-1.188938
-1.189048
-1.189159
-1.189269
-1.189379
-1.189489
-1.189599
-1.189709
-1.189819
-1.189929
-1.190039
-1.190149
-1.190259
-1.190369
-1.190478
-1.190588
-1.190697
-1.190807
-1.190916
-1.191026
-1.191135
-1.191244
-1.191353
-1.191463
-1.191572
-1.191681
-1.191790
-1.191899
-1.192008
-1.192116
-1.192225
-1.192334
-1.192442
-1.192551
-1.192660
-1.192768
-1.192876
-1.192985
-1.193093
-1.193201
-1.193310
-1.193418
-1.193526
-1.193634
-1.193742
-1.193850
-1.193958
-1.194065
-1.194173
-1.194281
-1.194389
-1.194496
-1.194604
-1.194711
-1.194819
-1.194926
-1.195033
-1.195141
-1.195248
-1.195355
-1.195462
-1.195569
-1.195676
-1.195783
-1.195890
-1.195997
-1.196104
-1.196210
-1.196317
-1.196424
-1.196530
-1.196637
-1.196743
-1.196850
-1.196956
-1.197062
-1.197168
-1.197275
-1.197381
-1.197487
-1.197593
-1.197699
-1.197805
-1.197910
-1.198016
-1.198122
-1.198228
-1.198333
-1.198439
-1.198544
-1.198650
-1.198755
-1.198861
-1.198966
-1.199071
-1.199176
-1.199282
-1.199387
-1.199492
-1.199597
-1.199702
-1.199806
-1.199911
-1.200016
-1.200121
-1.200225
-1.200330
-1.200435
-1.200539
-1.200643
-1.200748
-1.200852
-1.200956
-1.201061
-1.201165
-1.201269
-1.201373
-1.201477
-1.201581
-1.201685
-1.201789
-1.201892
-1.201996
-1.202100
-1.202203
-1.202307
-1.202410
-1.202514
-1.202617
-1.202721
-1.202824
-1.202927
-1.203030
-1.203134
-1.203237
-1.203340
-1.203443
-1.203545
-1.203648
-1.203751
-1.203854
-1.203957
-1.204059
-1.204162
-1.204264
-1.204367
-1.204469
-1.204571
-1.204674
-1.204776
-1.204878
-1.204980
-1.205082
-1.205184
-1.205286
-1.205388
-1.205490
-1.205592
-1.205694
-1.205795
-1.205795
-1.205897
-1.205999
-1.206100
-1.206202
-1.206303
-1.206404
-1.206506
-1.206607
-1.206708
-1.206809
-1.206910
-1.207011
-1.207112
-1.207213
-1.207314
-1.207415
-1.207516
-1.207616
-1.207717
-1.207818
-1.207918
-1.208019
-1.208119
-1.208219
-1.208320
-1.208420
-1.208520
-1.208620
-1.208720
-1.208820
-1.208920
-1.209020
-1.209120
-1.209220
-1.209319
-1.209419
-1.209519
-1.209618
-1.209718
-1.209817
-1.209917
-1.210016
-1.210115
-1.210215
-1.210314
-1.210413
-1.210512
-1.210611
-1.210710
-1.210809
-1.210908
-1.211006
-1.211105
-1.211204
-1.211302
-1.211401
-1.211499
-1.211598
-1.211696
-1.211794
-1.211893
-1.211991
-1.212089
-1.212187
-1.212285
-1.212383
-1.212481
-1.212579
-1.212677
-1.212774
-1.212872
-1.212970
-1.213067
-1.213165
-1.213262
-1.213360
-1.213457
-1.213554
-1.213651
-1.213749
-1.213846
-1.213943
-1.214040
-1.214137
-1.214233
-1.214330
-1.214427
-1.214524
-1.214620
-1.214717
-1.214813
-1.214910
-1.215006
-1.215103
-1.215199
-1.215295
-1.215391
-1.215487
-1.215583
-1.215679
-1.215775
-1.215871
-1.215967
-1.216063
-1.216158
-1.216254
-1.216350
-1.216445
-1.216541
-1.216636
-1.216731
-1.216827
-1.216922
-1.217017
-1.217112
-1.217207
-1.217302
-1.217397
-1.217492
-1.217587
-1.217681
-1.217776
-1.217871
-1.217965
-1.218060
-1.218154
-1.218249
-1.218343
-1.218437
-1.218531
-1.218626
-1.218720
-1.218814
-1.218908
-1.219002
-1.219095
-1.219189
-1.219283
-1.219377
-1.219470
-1.219564
-1.219657
-1.219751
-1.219844
-1.219937
-1.220031
-1.220124
-1.220217
-1.220310
-1.220403
-1.220496
-1.220589
-1.220682
-1.220774
-1.220867
-1.220960
-1.221052
-1.221145
-1.221237
-1.221330
-1.221422
-1.221514
-1.221606
-1.221698
-1.221791
-1.221883
-1.221975
-1.222066
-1.222158
-1.222250
-1.222342
-1.222433
-1.222525
-1.222617
-1.222708
-1.222799
-1.222891
-1.222982
-1.223073
-1.223164
-1.223256
-1.223347
-1.223438
-1.223528
-1.223619
-1.223710
-1.223801
-1.223892
-1.223982
-1.224073
-1.224163
-1.224254
-1.224344
-1.224434
-1.224524
-1.224615
-1.224705
-1.224795
-1.224885
-1.224975
-1.225065
-1.225154
-1.225244
-1.225334
-1.225423
-1.225513
-1.225602
-1.225692
-1.225781
-1.225870
-1.225960
-1.226049
-1.226138
-1.226227
-1.226316
-1.226405
-1.226494
-1.226583
-1.226671
-1.226760
-1.226849
-1.226937
-1.227026
-1.227114
-1.227202
-1.227291
-1.227379
-1.227467
-1.227555
-1.227643
-1.227731
-1.227819
-1.227907
-1.227995
-1.228083
-1.228170
-1.228258
-1.228345
-1.228433
-1.228520
-1.228608
-1.228695
-1.228782
-1.228869
-1.228956
-1.229043
-1.229130
-1.229217
-1.229304
-1.229391
-1.229478
-1.229564
-1.229651
-1.229737
-1.229824
-1.229910
-1.229997
-1.230083
-1.230169
-1.230255
-1.230341
-1.230427
-1.230513
-1.230599
-1.230685
-1.230771
-1.230856
-1.230942
-1.231028
-1.231113
-1.231199
-1.231284
-1.231369
-1.231454
-1.231540
-1.231625
-1.231710
-1.231795
-1.231880
-1.231965
-1.232049
-1.232134
-1.232219
-1.232304
-1.232388
-1.232473
-1.232557
-1.232641
-1.232726
-1.232810
-1.232894
-1.232978
-1.233062
-1.233146
-1.233230
-1.233314
-1.233398
-1.233481
-1.233565
-1.233649
-1.233732
-1.233816
-1.233899
-1.233982
-1.234066
-1.234149
-1.234232
-1.234315
-1.234398
-1.234481
-1.234564
-1.234647
-1.234730
-1.234812
-1.234895
-1.234977
-1.235060
-1.235142
-1.235225
-1.235307
-1.235389
-1.235471
-1.235554
-1.235636
-1.235718
-1.235800
-1.235881
-1.235963
-1.236045
-1.236127
-1.236208
-1.236290
-1.236371
-1.236453
-1.236534
-1.236615
-1.236697
-1.236778
-1.236859
-1.236940
-1.237021
-1.237102
-1.237183
-1.237263
-1.237344
-1.237425
-1.237505
-1.237586
-1.237666
-1.237747
-1.237827
-1.237907
-1.237987
-1.238067
-1.238148
-1.238228
-1.238308
-1.238387
-1.238467
-1.238547
-1.238627
-1.238706
-1.238786
-1.238865
-1.238945
-1.239024
-1.239103
-1.239183
-1.239262
-1.239341
-1.239420
-1.239499
-1.239578
-1.239657
-1.239735
-1.239814
-1.239893
-1.239971
-1.240050
-1.240128
-1.240207
-1.240285
-1.240363
-1.240442
-1.240520
-1.240598
-1.240676
-1.240754
-1.240832
-1.240910
-1.240987
-1.241065
-1.241143
-1.241220
-1.241298
-1.241375
-1.241453
-1.241530
-1.241607
-1.241684
-1.241762
-1.241839
-1.241916
-1.241993
-1.242069
-1.242146
-1.242223
-1.242300
-1.242376
-1.242453
-1.242529
-1.242606
-1.242682
-1.242758
-1.242835
-1.242911
-1.242987
-1.243063
-1.243139
-1.243215
-1.243291
-1.243367
-1.243442
-1.243518
-1.243594
-1.243669
-1.243745
-1.243820
-1.243895
-1.243971
-1.244046
-1.244121
-1.244196
-1.244271
-1.244346
-1.244421
-1.244496
-1.244571
-1.244645
-1.244720
-1.244795
-1.244869
-1.244944
-1.245018
-1.245092
-1.245167
-1.245241
-1.245315
-1.245389
-1.245463
-1.245537
-1.245611
-1.245685
-1.245759
-1.245832
-1.245906
-1.245980
-1.246053
-1.246127
-1.246200
-1.246273
-1.246347
-1.246420
-1.246493
-1.246566
-1.246639
-1.246712
-1.246785
-1.246858
-1.246931
-1.247003
-1.247076
-1.247149
-1.247221
-1.247293
-1.247366
-1.247438
-1.247511
-1.247583
-1.247655
-1.247727
-1.247799
-1.247871
-1.247943
-1.248015
-1.248087
-1.248158
-1.248230
-1.248302
-1.248373
-1.248445
-1.248516
-1.248587
-1.248659
-1.248730
-1.248801
-1.248872
-1.248943
-1.249014
-1.249014
-1.249085
-1.249156
-1.249227
-1.249297
-1.249368
-1.249439
-1.249509
-1.249580
-1.249650
-1.249721
-1.249791
-1.249861
-1.249931
-1.250001
-1.250071
-1.250141
-1.250211
-1.250281
-1.250351
-1.250421
-1.250491
-1.250560
-1.250630
-1.250699
-1.250769
-1.250838
-1.250907
-1.250977
-1.251046
-1.251115
-1.251184
-1.251253
-1.251322
-1.251391
-1.251460
-1.251529
-1.251597
-1.251666
-1.251735
-1.251803
-1.251872
-1.251940
-1.252009
-1.252077
-1.252145
-1.252213
-1.252281
-1.252349
-1.252417
-1.252485
-1.252553
-1.252621
-1.252689
-1.252757
-1.252824
-1.252892
-1.252959
-1.253027
-1.253094
-1.253162
-1.253229
-1.253296
-1.253363
-1.253430
-1.253497
-1.253564
-1.253631
-1.253698
-1.253765
-1.253832
-1.253898
-1.253965
-1.254032
-1.254098
-1.254165
-1.254231
-1.254297
-1.254364
-1.254430
-1.254496
-1.254562
-1.254628
-1.254694
-1.254760
-1.254826
-1.254892
-1.254958
-1.255023
-1.255089
-1.255154
-1.255220
-1.255285
-1.255351
-1.255416
-1.255481
-1.255547
-1.255612
-1.255677
-1.255742
-1.255807
-1.255872
-1.255937
-1.256002
-1.256066
-1.256131
-1.256196
-1.256260
-1.256325
-1.256389
-1.256454
-1.256518
-1.256582
-1.256647
-1.256711
-1.256775
-1.256839
-1.256903
-1.256967
-1.257031
-1.257095
-1.257159
-1.257222
-1.257286
-1.257350
-1.257413
-1.257477
-1.257540
-1.257603
-1.257667
-1.257730
-1.257793
-1.257856
-1.257919
-1.257983
-1.258046
-1.258108
-1.258171
-1.258234
-1.258297
-1.258360
-1.258422
-1.258485
-1.258547
-1.258610
-1.258672
-1.258735
-1.258797
-1.258859
-1.258921
-1.258984
-1.259046
-1.259108
-1.259170
-1.259232
-1.259293
-1.259355
-1.259417
-1.259479
-1.259540
-1.259602
-1.259663
-1.259725
-1.259786
-1.259848
-1.259909
-1.259970
-1.260031
-1.260093
-1.260154
-1.260215
-1.260276
-1.260337
-1.260397
-1.260458
-1.260519
-1.260580
-1.260640
-1.260701
-1.260762
-1.260822
-1.260882
-1.260943
-1.261003
-1.261063
-1.261124
-1.261184
-1.261244
-1.261304
-1.261364
-1.261424
-1.261484
-1.261544
-1.261603
-1.261663
-1.261723
-1.261782
-1.261842
-1.261901
-1.261961
-1.262020
-1.262080
-1.262139
-1.262198
-1.262257
-1.262316
-1.262376
-1.262435
-1.262494
-1.262552
-1.262611
-1.262670
-1.262729
-1.262788
-1.262846
-1.262905
-1.262963
-1.263022
-1.263080
-1.263139
-1.263197
-1.263255
-1.263314
-1.263372
-1.263430
-1.263488
-1.263546
-1.263604
-1.263662
-1.263720
-1.263777
-1.263835
-1.263893
-1.263951
-1.264008
-1.264066
-1.264123
-1.264181
-1.264238
-1.264295
-1.264353
-1.264410
-1.264467
-1.264524
-1.264581
-1.264638
-1.264695
-1.264752
-1.264809
-1.264866
-1.264923
-1.264979
-1.265036
-1.265093
-1.265149
-1.265206
-1.265262
-1.265319
-1.265375
-1.265431
-1.265487
-1.265544
-1.265600
-1.265656
-1.265712
-1.265768
-1.265824
-1.265880
-1.265936
-1.265991
-1.266047
-1.266103
-1.266159
-1.266214
-1.266270
-1.266325
-1.266381
-1.266436
-1.266491
-1.266547
-1.266602
-1.266657
-1.266712
-1.266767
-1.266822
-1.266877
-1.266932
-1.266987
-1.267042
-1.267097
-1.267152
-1.267206
-1.267261
-1.267315
-1.267370
-1.267425
-1.267479
-1.267533
-1.267588
-1.267642
-1.267696
-1.267750
-1.267805
-1.267859
-1.267913
-1.267967
-1.268021
-1.268075
-1.268129
-1.268182
-1.268236
-1.268290
-1.268343
-1.268397
-1.268451
-1.268504
-1.268558
-1.268611
-1.268664
-1.268718
-1.268771
-1.268824
-1.268877
-1.268931
-1.268984
-1.269037
-1.269090
-1.269143
-1.269195
-1.269248
-1.269301
-1.269354
-1.269407
-1.269459
-1.269512
-1.269564
-1.269617
-1.269669
-1.269722
-1.269774
-1.269826
-1.269879
-1.269931
-1.269983
-1.270035
-1.270087
-1.270139
-1.270191
-1.270243
-1.270295
-1.270347
-1.270399
-1.270451
-1.270502
-1.270554
-1.270606
-1.270657
-1.270709
-1.270760
-1.270812
-1.270863
-1.270914
-1.270966
-1.271017
-1.271068
-1.271119
-1.271170
-1.271221
-1.271272
-1.271323
-1.271374
-1.271425
-1.271476
-1.271527
-1.271578
-1.271628
-1.271679
-1.271729
-1.271780
-1.271831
-1.271881
-1.271931
-1.271982
-1.272032
-1.272082
-1.272133
-1.272183
-1.272233
-1.272283
-1.272333
-1.272383
-1.272433
-1.272483
-1.272533
-1.272583
-1.272633
-1.272682
-1.272732
-1.272782
-1.272831
-1.272881
-1.272930
-1.272980
-1.273029
-1.273079
-1.273128
-1.273177
-1.273226
-1.273276
-1.273325
-1.273374
-1.273423
-1.273472
-1.273521
-1.273570
-1.273619
-1.273668
-1.273717
-1.273765
-1.273814
-1.273863
-1.273911
-1.273960
-1.274009
-1.274057
-1.274106
-1.274154
-1.274202
-1.274251
-1.274299
-1.274347
-1.274395
-1.274444
-1.274492
-1.274540
-1.274588
-1.274636
-1.274684
-1.274732
-1.274780
-1.274827
-1.274875
-1.274923
-1.274971
-1.275018
-1.275066
-1.275113
-1.275161
-1.275208
-1.275256
-1.275303
-1.275351
-1.275398
-1.275445
-1.275492
-1.275539
-1.275587
-1.275634
-1.275681
-1.275728
-1.275775
-1.275822
-1.275869
-1.275915
-1.275962
-1.276009
-1.276056
-1.276102
-1.276149
-1.276196
-1.276242
-1.276289
-1.276335
-1.276382
-1.276428
-1.276474
-1.276521
-1.276567
-1.276613
-1.276659
-1.276705
-1.276752
-1.276798
-1.276844
-1.276890
-1.276936
-1.276981
-1.277027
-1.277073
-1.277119
-1.277165
-1.277210
-1.277256
-1.277302
-1.277347
-1.277393
-1.277438
-1.277484
-1.277529
-1.277574
-1.277574
-1.277620
-1.277665
-1.277710
-1.277756
-1.277801
-1.277846
-1.277891
-1.277936
-1.277981
-1.278026
-1.278071
-1.278116
-1.278161
-1.278205
-1.278250
-1.278295
-1.278340
-1.278384
-1.278429
-1.278473
-1.278518
-1.278563
-1.278607
-1.278651
-1.278696
-1.278740
-1.278784
-1.278829
-1.278873
-1.278917
-1.278961
-1.279005
-1.279049
-1.279093
-1.279137
-1.279181
-1.279225
-1.279269
-1.279313
-1.279357
-1.279401
-1.279444
-1.279488
-1.279532
-1.279575
-1.279619
-1.279662
-1.279706
-1.279749
-1.279793
-1.279836
-1.279879
-1.279923
-1.279966
-1.280009
-1.280052
-1.280095
-1.280139
-1.280182
-1.280225
-1.280268
-1.280311
-1.280354
-1.280396
-1.280439
-1.280482
-1.280525
-1.280568
-1.280610
-1.280653
-1.280696
-1.280738
-1.280781
-1.280823
-1.280866
-1.280908
-1.280951
-1.280993
-1.281035
-1.281078
-1.281120
-1.281162
-1.281204
-1.281246
-1.281288
-1.281331
-1.281373
-1.281415
-1.281456
-1.281498
-1.281540
-1.281582
-1.281624
-1.281666
-1.281707
-1.281749
-1.281791
-1.281832
-1.281874
-1.281916
-1.281957
-1.281999
-1.282040
-1.282082
-1.282123
-1.282164
-1.282206
-1.282247
-1.282288
-1.282329
-1.282370
-1.282412
-1.282453
-1.282494
-1.282535
-1.282576
-1.282617
-1.282658
-1.282698
-1.282739
-1.282780
-1.282821
-1.282862
-1.282902
-1.282943
-1.282984
-1.283024
-1.283065
-1.283105
-1.283146
-1.283186
-1.283227
-1.283267
-1.283307
-1.283348
-1.283388
-1.283428
-1.283468
-1.283509
-1.283549
-1.283589
-1.283629
-1.283669
-1.283709
-1.283749
-1.283789
-1.283829
-1.283869
-1.283909
-1.283948
-1.283988
-1.284028
-1.284068
-1.284107
-1.284147
-1.284186
-1.284226
-1.284266
-1.284305
-1.284344
-1.284384
-1.284423
-1.284463
-1.284502
-1.284541
-1.284581
-1.284620
-1.284659
-1.284698
-1.284737
-1.284776
-1.284815
-1.284854
-1.284893
-1.284932
-1.284971
-1.285010
-1.285049
-1.285088
-1.285127
-1.285165
-1.285204
-1.285243
-1.285281
-1.285320
-1.285359
-1.285397
-1.285436
-1.285474
-1.285513
-1.285551
-1.285590
-1.285628
-1.285666
-1.285705
-1.285743
-1.285781
-1.285819
-1.285857
-1.285896
-1.285934
-1.285972
-1.286010
-1.286048
-1.286086
-1.286124
-1.286162
-1.286199
-1.286237
-1.286275
-1.286313
-1.286351
-1.286388
-1.286426
-1.286464
-1.286501
-1.286539
-1.286576
-1.286614
-1.286651
-1.286689
-1.286726
-1.286764
-1.286801
-1.286838
-1.286876
-1.286913
-1.286950
-1.286987
-1.287025
-1.287062
-1.287099
-1.287136
-1.287173
-1.287210
-1.287247
-1.287284
-1.287321
-1.287358
-1.287395
-1.287432
-1.287468
-1.287505
-1.287542
-1.287579
-1.287615
-1.287652
-1.287688
-1.287725
-1.287762
-1.287798
-1.287835
-1.287871
-1.287908
-1.287944
-1.287980
-1.288017
-1.288053
-1.288089
-1.288125
-1.288162
-1.288198
-1.288234
-1.288270
-1.288306
-1.288342
-1.288378
-1.288414
-1.288450
-1.288486
-1.288522
-1.288558
-1.288594
-1.288630
-1.288666
-1.288701
-1.288737
-1.288773
-1.288809
-1.288844
-1.288880
-1.288915
-1.288951
-1.288986
-1.289022
-1.289057
-1.289093
-1.289128
-1.289164
-1.289199
-1.289234
-1.289270
-1.289305
-1.289340
-1.289375
-1.289411
-1.289446
-1.289481
-1.289516
-1.289551
-1.289586
-1.289621
-1.289656
-1.289691
-1.289726
-1.289761
-1.289796
-1.289830
-1.289865
-1.289900
-1.289935
-1.289969
-1.290004
-1.290039
-1.290073
-1.290108
-1.290143
-1.290177
-1.290212
-1.290246
-1.290280
-1.290315
-1.290349
-1.290384
-1.290418
-1.290452
-1.290487
-1.290521
-1.290555
-1.290589
-1.290623
-1.290658
-1.290692
-1.290726
-1.290760
-1.290794
-1.290828
-1.290862
-1.290896
-1.290930
-1.290964
-1.290997
-1.291031
-1.291065
-1.291099
-1.291133
-1.291166
-1.291200
-1.291234
-1.291267
-1.291301
-1.291335
-1.291368
-1.291402
-1.291435
-1.291469
-1.291502
-1.291536
-1.291569
-1.291602
-1.291636
-1.291669
-1.291702
-1.291735
-1.291769
-1.291802
-1.291835
-1.291868
-1.291901
-1.291934
-1.291967
-1.292001
-1.292034
-1.292067
-1.292099
-1.292132
-1.292165
-1.292198
-1.292231
-1.292264
-1.292297
-1.292329
-1.292362
-1.292395
-1.292428
-1.292460
-1.292493
-1.292525
-1.292558
-1.292591
-1.292623
-1.292656
-1.292688
-1.292721
-1.292753
-1.292785
-1.292818
-1.292850
-1.292882
-1.292915
-1.292947
-1.292979
-1.293011
-1.293044
-1.293076
-1.293108
-1.293140
-1.293172
-1.293204
-1.293236
-1.293268
-1.293300
-1.293332
-1.293364
-1.293396
-1.293428
-1.293460
-1.293492
-1.293523
-1.293555
-1.293587
-1.293619
-1.293650
-1.293682
-1.293714
-1.293745
-1.293777
-1.293808
-1.293840
-1.293871
-1.293903
-1.293934
-1.293966
-1.293997
-1.294029
-1.294060
-1.294091
-1.294123
-1.294154
-1.294185
-1.294216
-1.294248
-1.294279
-1.294310
-1.294341
-1.294372
-1.294403
-1.294434
-1.294466
-1.294497
-1.294528
-1.294558
-1.294589
-1.294620
-1.294651
-1.294682
-1.294713
-1.294744
-1.294775
-1.294805
-1.294836
-1.294867
-1.294897
-1.294928
-1.294959
-1.294989
-1.295020
-1.295051
-1.295081
-1.295112
-1.295142
-1.295173
-1.295203
-1.295233
-1.295264
-1.295294
-1.295325
-1.295355
-1.295385
-1.295415
-1.295446
-1.295476
-1.295506
-1.295536
-1.295567
-1.295597
-1.295627
-1.295657
-1.295687
-1.295717
-1.295747
-1.295777
-1.295807
-1.295837
-1.295867
-1.295897
-1.295927
-1.295956
-1.295986
-1.295986
-1.296016
-1.296046
-1.296076
-1.296105
-1.296135
-1.296165
-1.296194
-1.296224
-1.296254
-1.296283
-1.296313
-1.296342
-1.296372
-1.296401
-1.296431
-1.296460
-1.296490
-1.296519
-1.296548
-1.296578
-1.296607
-1.296636
-1.296666
-1.296695
-1.296724
-1.296753
-1.296783
-1.296812
-1.296841
-1.296870
-1.296899
-1.296928
-1.296957
-1.296986
-1.297015
-1.297044
-1.297073
-1.297102
-1.297131
-1.297160
-1.297189
-1.297218
-1.297246
-1.297275
-1.297304
-1.297333
-1.297362
-1.297390
-1.297419
-1.297448
-1.297476
-1.297505
-1.297533
-1.297562
-1.297591
-1.297619
-1.297648
-1.297676
-1.297705
-1.297733
-1.297761
-1.297790
-1.297818
-1.297847
-1.297875
-1.297903
-1.297931
-1.297960
-1.297988
-1.298016
-1.298044
-1.298073
-1.298101
-1.298129
-1.298157
-1.298185
-1.298213
-1.298241
-1.298269
-1.298297
-1.298325
-1.298353
-1.298381
-1.298409
-1.298437
-1.298465
-1.298493
-1.298520
-1.298548
-1.298576
-1.298604
-1.298631
-1.298659
-1.298687
-1.298715
-1.298742
-1.298770
-1.298797
-1.298825
-1.298853
-1.298880
-1.298908
-1.298935
-1.298963
-1.298990
-1.299017
-1.299045
-1.299072
-1.299100
-1.299127
-1.299154
-1.299182
-1.299209
-1.299236
-1.299263
-1.299291
-1.299318
-1.299345
-1.299372
-1.299399
-1.299426
-1.299454
-1.299481
-1.299508
-1.299535
-1.299562
-1.299589
-1.299616
-1.299643
-1.299670
-1.299696
-1.299723
-1.299750
-1.299777
-1.299804
-1.299831
-1.299858
-1.299884
-1.299911
-1.299938
-1.299964
-1.299991
-1.300018
-1.300044
-1.300071
-1.300098
-1.300124
-1.300151
-1.300177
-1.300204
-1.300230
-1.300257
-1.300283
-1.300310
-1.300336
-1.300362
-1.300389
-1.300415
-1.300442
-1.300468
-1.300494
-1.300520
-1.300547
-1.300573
-1.300599
-1.300625
-1.300651
-1.300678
-1.300704
-1.300730
-1.300756
-1.300782
-1.300808
-1.300834
-1.300860
-1.300886
-1.300912
-1.300938
-1.300964
-1.300990
-1.301016
-1.301042
-1.301067
-1.301093
-1.301119
-1.301145
-1.301171
-1.301196
-1.301222
-1.301248
-1.301274
-1.301299
-1.301325
-1.301350
-1.301376
-1.301402
-1.301427
-1.301453
-1.301478
-1.301504
-1.301529
-1.301555
-1.301580
-1.301606
-1.301631
-1.301657
-1.301682
-1.301707
-1.301733
-1.301758
-1.301783
-1.301808
-1.301834
-1.301859
-1.301884
-1.301909
-1.301935
-1.301960
-1.301985
-1.302010
-1.302035
-1.302060
-1.302085
-1.302110
-1.302135
-1.302160
-1.302185
-1.302210
-1.302235
-1.302260
-1.302285
-1.302310
-1.302335
-1.302360
-1.302385
-1.302409
-1.302434
-1.302459
-1.302484
-1.302509
-1.302533
-1.302558
-1.302583
-1.302607
-1.302632
-1.302657
-1.302681
-1.302706
-1.302730
-1.302755
-1.302780
-1.302804
-1.302829
-1.302853
-1.302878
-1.302902
-1.302926
-1.302951
-1.302975
-1.303000
-1.303024
-1.303048
-1.303073
-1.303097
-1.303121
-1.303145
-1.303170
-1.303194
-1.303218
-1.303242
-1.303266
-1.303291
-1.303315
-1.303339
-1.303363
-1.303387
-1.303411
-1.303435
-1.303459
-1.303483
-1.303507
-1.303531
-1.303555
-1.303579
-1.303603
-1.303627
-1.303651
-1.303675
-1.303698
-1.303722
-1.303746
-1.303770
-1.303794
-1.303817
-1.303841
-1.303865
-1.303889
-1.303912
-1.303936
-1.303960
-1.303983
-1.304007
-1.304030
-1.304054
-1.304077
-1.304101
-1.304125
-1.304148
-1.304172
-1.304195
-1.304218
-1.304242
-1.304265
-1.304289
-1.304312
-1.304335
-1.304359
-1.304382
-1.304405
-1.304429
-1.304452
-1.304475
-1.304499
-1.304522
-1.304545
-1.304568
-1.304591
-1.304614
-1.304638
-1.304661
-1.304684
-1.304707
-1.304730
-1.304753
-1.304776
-1.304799
-1.304822
-1.304845
-1.304868
-1.304891
-1.304914
-1.304937
-1.304960
-1.304983
-1.305005
-1.305028
-1.305051
-1.305074
-1.305097
-1.305119
-1.305142
-1.305165
-1.305188
-1.305210
-1.305233
-1.305256
-1.305278
-1.305301
-1.305324
-1.305346
-1.305369
-1.305391
-1.305414
-1.305436
-1.305459
-1.305482
-1.305504
-1.305526
-1.305549
-1.305571
-1.305594
-1.305616
-1.305639
-1.305661
-1.305683
-1.305706
-1.305728
-1.305750
-1.305773
-1.305795
-1.305817
-1.305839
-1.305861
-1.305884
-1.305906
-1.305928
-1.305950
-1.305972
-1.305994
-1.306017
-1.306039
-1.306061
-1.306083
-1.306105
-1.306127
-1.306149
-1.306171
-1.306193
-1.306215
-1.306237
-1.306259
-1.306280
-1.306302
-1.306324
-1.306346
-1.306368
-1.306390
-1.306412
-1.306433
-1.306455
-1.306477
-1.306499
-1.306520
-1.306542
-1.306564
-1.306585
-1.306607
-1.306629
-1.306650
-1.306672
-1.306694
-1.306715
-1.306737
-1.306758
-1.306780
-1.306801
-1.306823
-1.306844
-1.306866
-1.306887
-1.306909
-1.306930
-1.306952
-1.306973
-1.306994
-1.307016
-1.307037
-1.307058
-1.307080
-1.307101
-1.307122
-1.307143
-1.307165
-1.307186
-1.307207
-1.307228
-1.307250
-1.307271
-1.307292
-1.307313
-1.307334
-1.307355
-1.307376
-1.307397
-1.307418
-1.307440
-1.307461
-1.307482
-1.307503
-1.307524
-1.307545
-1.307565
-1.307586
-1.307607
-1.307628
-1.307649
-1.307670
-1.307691
-1.307712
-1.307733
-1.307753
-1.307774
-1.307795
-1.307816
-1.307836
-1.307857
-1.307878
-1.307899
-1.307919
-1.307940
-1.307961
-1.307981
-1.308002
-1.308022
-1.308043
-1.308064
-1.308084
-1.308105
-1.308125
-1.308146
-1.308166
-1.308187
-1.308207
-1.308228
-1.308248
-1.308269
-1.308289
-1.308309
-1.308330
-1.308330
-1.308350
-1.308371
-1.308391
-1.308411
-1.308432
-1.308452
-1.308472
-1.308492
-1.308513
-1.308533
-1.308553
-1.308573
-1.308594
-1.308614
-1.308634
-1.308654
-1.308674
-1.308694
-1.308714
-1.308734
-1.308754
-1.308775
-1.308795
-1.308815
-1.308835
-1.308855
-1.308875
-1.308895
-1.308915
-1.308934
-1.308954
-1.308974
-1.308994
-1.309014
-1.309034
-1.309054
-1.309074
-1.309093
-1.309113
-1.309133
-1.309153
-1.309173
-1.309192
-1.309212
-1.309232
-1.309252
-1.309271
-1.309291
-1.309311
-1.309330
-1.309350
-1.309369
-1.309389
-1.309409
-1.309428
-1.309448
-1.309467
-1.309487
-1.309506
-1.309526
-1.309545
-1.309565
-1.309584
-1.309604
-1.309623
-1.309643
-1.309662
-1.309681
-1.309701
-1.309720
-1.309740
-1.309759
-1.309778
-1.309797
-1.309817
-1.309836
-1.309855
-1.309875
-1.309894
-1.309913
-1.309932
-1.309951
-1.309971
-1.309990
-1.310009
-1.310028
-1.310047
-1.310066
-1.310085
-1.310104
-1.310123
-1.310143
-1.310162
-1.310181
-1.310200
-1.310219
-1.310238
-1.310257
-1.310276
-1.310294
-1.310313
-1.310332
-1.310351
-1.310370
-1.310389
-1.310408
-1.310427
-1.310445
-1.310464
-1.310483
-1.310502
-1.310521
-1.310539
-1.310558
-1.310577
-1.310596
-1.310614
-1.310633
-1.310652
-1.310670
-1.310689
-1.310708
-1.310726
-1.310745
-1.310763
-1.310782
-1.310801
-1.310819
-1.310838
-1.310856
-1.310875
-1.310893
-1.310912
-1.310930
-1.310949
-1.310967
-1.310986
-1.311004
-1.311022
-1.311041
-1.311059
-1.311078
-1.311096
-1.311114
-1.311133
-1.311151
-1.311169
-1.311187
-1.311206
-1.311224
-1.311242
-1.311260
-1.311279
-1.311297
-1.311315
-1.311333
-1.311351
-1.311370
-1.311388
-1.311406
-1.311424
-1.311442
-1.311460
-1.311478
-1.311496
-1.311514
-1.311532
-1.311550
-1.311568
-1.311586
-1.311604
-1.311622
-1.311640
-1.311658
-1.311676
-1.311694
-1.311712
-1.311730
-1.311748
-1.311766
-1.311784
-1.311801
-1.311819
-1.311837
-1.311855
-1.311873
-1.311890
-1.311908
-1.311926
-1.311944
-1.311961
-1.311979
-1.311997
-1.312014
-1.312032
-1.312050
-1.312067
-1.312085
-1.312103
-1.312120
-1.312138
-1.312155
-1.312173
-1.312191
-1.312208
-1.312226
-1.312243
-1.312261
-1.312278
-1.312296
-1.312313
-1.312330
-1.312348
-1.312365
-1.312383
-1.312400
-1.312418
-1.312435
-1.312452
-1.312470
-1.312487
-1.312504
-1.312522
-1.312539
-1.312556
-1.312573
-1.312591
-1.312608
-1.312625
-1.312642
-1.312660
-1.312677
-1.312694
-1.312711
-1.312728
-1.312746
-1.312763
-1.312780
-1.312797
-1.312814
-1.312831
-1.312848
-1.312865
-1.312882
-1.312899
-1.312916
-1.312933
-1.312950
-1.312967
-1.312984
-1.313001
-1.313018
-1.313035
-1.313052
-1.313069
-1.313086
-1.313103
-1.313120
-1.313137
-1.313153
-1.313170
-1.313187
-1.313204
-1.313221
-1.313237
-1.313254
-1.313271
-1.313288
-1.313304
-1.313321
-1.313338
-1.313355
-1.313371
-1.313388
-1.313405
-1.313421
-1.313438
-1.313455
-1.313471
-1.313488
-1.313504
-1.313521
-1.313538
-1.313554
-1.313571
-1.313587
-1.313604
-1.313620
-1.313637
-1.313653
-1.313670
-1.313686
-1.313703
-1.313719
-1.313736
-1.313752
-1.313768
-1.313785
-1.313801
-1.313817
-1.313834
-1.313850
-1.313867
-1.313883
-1.313899
-1.313915
-1.313932
-1.313948
-1.313964
-1.313981
-1.313997
-1.314013
-1.314029
-1.314045
-1.314062
-1.314078
-1.314094
-1.314110
-1.314126
-1.314142
-1.314158
-1.314175
-1.314191
-1.314207
-1.314223
-1.314239
-1.314255
-1.314271
-1.314287
-1.314303
-1.314319
-1.314335
-1.314351
-1.314367
-1.314383
-1.314399
-1.314415
-1.314431
-1.314447
-1.314463
-1.314478
-1.314494
-1.314510
-1.314526
-1.314542
-1.314558
-1.314574
-1.314589
-1.314605
-1.314621
-1.314637
-1.314652
-1.314668
-1.314684
-1.314700
-1.314715
-1.314731
-1.314747
-1.314762
-1.314778
-1.314794
-1.314809
-1.314825
-1.314841
-1.314856
-1.314872
-1.314887
-1.314903
-1.314919
-1.314934
-1.314950
-1.314965
-1.314981
-1.314996
-1.315012
-1.315027
-1.315043
-1.315058
-1.315074
-1.315089
-1.315105
-1.315120
-1.315135
-1.315151
-1.315166
-1.315182
-1.315197
-1.315212
-1.315228
-1.315243
-1.315258
-1.315274
-1.315289
-1.315304
-1.315319
-1.315335
-1.315350
-1.315365
-1.315380
-1.315396
-1.315411
-1.315426
-1.315441
-1.315456
-1.315472
-1.315487
-1.315502
-1.315517
-1.315532
-1.315547
-1.315562
-1.315577
-1.315592
-1.315607
-1.315623
-1.315638
-1.315653
-1.315668
-1.315683
-1.315698
-1.315713
-1.315728
-1.315743
-1.315758
-1.315772
-1.315787
-1.315802
-1.315817
-1.315832
-1.315847
-1.315862
-1.315877
-1.315892
-1.315906
-1.315921
-1.315936
-1.315951
-1.315966
-1.315981
-1.315995
-1.316010
-1.316025
-1.316040
-1.316054
-1.316069
-1.316084
-1.316099
-1.316113
-1.316128
-1.316143
-1.316157
-1.316172
-1.316187
-1.316201
-1.316216
-1.316230
-1.316245
-1.316260
-1.316274
-1.316289
-1.316303
-1.316318
-1.316332
-1.316347
-1.316361
-1.316376
-1.316390
-1.316405
-1.316419
-1.316434
-1.316448
-1.316463
-1.316477
-1.316492
-1.316506
-1.316520
-1.316535
-1.316549
-1.316564
-1.316578
-1.316592
-1.316607
-1.316621
-1.316635
-1.316650
-1.316664
-1.316678
-1.316692
-1.316707
-1.316721
-1.316735
-1.316749
-1.316764
-1.316778
-1.316792
-1.316806
-1.316820
-1.316835
-1.316849
-1.316849
-1.316863
-1.316877
-1.316891
-1.316905
-1.316919
-1.316933
-1.316948
-1.316962
-1.316976
-1.316990
-1.317004
-1.317018
-1.317032
-1.317046
-1.317060
-1.317074
-1.317088
-1.317102
-1.317116
-1.317130
-1.317144
-1.317158
-1.317172
-1.317185
-1.317199
-1.317213
-1.317227
-1.317241
-1.317255
-1.317269
-1.317283
-1.317296
-1.317310
-1.317324
-1.317338
-1.317352
-1.317365
-1.317379
-1.317393
-1.317407
-1.317420
-1.317434
-1.317448
-1.317462
-1.317475
-1.317489
-1.317503
-1.317516
-1.317530
-1.317544
-1.317557
-1.317571
-1.317585
-1.317598
-1.317612
-1.317625
-1.317639
-1.317652
-1.317666
-1.317680
-1.317693
-1.317707
-1.317720
-1.317734
-1.317747
-1.317761
-1.317774
-1.317788
-1.317801
-1.317815
-1.317828
-1.317841
-1.317855
-1.317868
-1.317882
-1.317895
-1.317908
-1.317922
-1.317935
-1.317949
-1.317962
-1.317975
-1.317989
-1.318002
-1.318015
-1.318028
-1.318042
-1.318055
-1.318068
-1.318082
-1.318095
-1.318108
-1.318121
-1.318135
-1.318148
-1.318161
-1.318174
-1.318187
-1.318200
-1.318214
-1.318227
-1.318240
-1.318253
-1.318266
-1.318279
-1.318292
-1.318305
-1.318319
-1.318332
-1.318345
-1.318358
-1.318371
-1.318384
-1.318397
-1.318410
-1.318423
-1.318436
-1.318449
-1.318462
-1.318475
-1.318488
-1.318501
-1.318514
-1.318527
-1.318540
-1.318552
-1.318565
-1.318578
-1.318591
-1.318604
-1.318617
-1.318630
-1.318643
-1.318655
-1.318668
-1.318681
-1.318694
-1.318707
-1.318719
-1.318732
-1.318745
-1.318758
-1.318770
-1.318783
-1.318796
-1.318809
-1.318821
-1.318834
-1.318847
-1.318859
-1.318872
-1.318885
-1.318897
-1.318910
-1.318923
-1.318935
-1.318948
-1.318961
-1.318973
-1.318986
-1.318998
-1.319011
-1.319024
-1.319036
-1.319049
-1.319061
-1.319074
-1.319086
-1.319099
-1.319111
-1.319124
-1.319136
-1.319149
-1.319161
-1.319174
-1.319186
-1.319198
-1.319211
-1.319223
-1.319236
-1.319248
-1.319261
-1.319273
-1.319285
-1.319298
-1.319310
-1.319322
-1.319335
-1.319347
-1.319359
-1.319372
-1.319384
-1.319396
-1.319409
-1.319421
-1.319433
-1.319445
-1.319458
-1.319470
-1.319482
-1.319494
-1.319506
-1.319519
-1.319531
-1.319543
-1.319555
-1.319567
-1.319580
-1.319592
-1.319604
-1.319616
-1.319628
-1.319640
-1.319652
-1.319664
-1.319676
-1.319689
-1.319701
-1.319713
-1.319725
-1.319737
-1.319749
-1.319761
-1.319773
-1.319785
-1.319797
-1.319809
-1.319821
-1.319833
-1.319845
-1.319857
-1.319869
-1.319880
-1.319892
-1.319904
-1.319916
-1.319928
-1.319940
-1.319952
-1.319964
-1.319976
-1.319987
-1.319999
-1.320011
-1.320023
-1.320035
-1.320047
-1.320058
-1.320070
-1.320082
-1.320094
-1.320106
-1.320117
-1.320129
-1.320141
-1.320153
-1.320164
-1.320176
-1.320188
-1.320199
-1.320211
-1.320223
-1.320234
-1.320246
-1.320258
-1.320269
-1.320281
-1.320293
-1.320304
-1.320316
-1.320327
-1.320339
-1.320351
-1.320362
-1.320374
-1.320385
-1.320397
-1.320408
-1.320420
-1.320431
-1.320443
-1.320454
-1.320466
-1.320477
-1.320489
-1.320500
-1.320512
-1.320523
-1.320535
-1.320546
-1.320558
-1.320569
-1.320581
-1.320592
-1.320603
-1.320615
-1.320626
-1.320637
-1.320649
-1.320660
-1.320672
-1.320683
-1.320694
-1.320705
-1.320717
-1.320728
-1.320739
-1.320751
-1.320762
-1.320773
-1.320784
-1.320796
-1.320807
-1.320818
-1.320829
-1.320841
-1.320852
-1.320863
-1.320874
-1.320885
-1.320897
-1.320908
-1.320919
-1.320930
-1.320941
-1.320952
-1.320964
-1.320975
-1.320986
-1.320997
-1.321008
-1.321019
-1.321030
-1.321041
-1.321052
-1.321063
-1.321074
-1.321085
-1.321096
-1.321107
-1.321118
-1.321129
-1.321140
-1.321151
-1.321162
-1.321173
-1.321184
-1.321195
-1.321206
-1.321217
-1.321228
-1.321239
-1.321250
-1.321261
-1.321272
-1.321283
-1.321294
-1.321304
-1.321315
-1.321326
-1.321337
-1.321348
-1.321359
-1.321369
-1.321380
-1.321391
-1.321402
-1.321413
-1.321423
-1.321434
-1.321445
-1.321456
-1.321467
-1.321477
-1.321488
-1.321499
-1.321509
-1.321520
-1.321531
-1.321542
-1.321552
-1.321563
-1.321574
-1.321584
-1.321595
-1.321606
-1.321616
-1.321627
-1.321637
-1.321648
-1.321659
-1.321669
-1.321680
-1.321690
-1.321701
-1.321712
-1.321722
-1.321733
-1.321743
-1.321754
-1.321764
-1.321775
-1.321785
-1.321796
-1.321806
-1.321817
-1.321827
-1.321838
-1.321848
-1.321859
-1.321869
-1.321880
-1.321890
-1.321900
-1.321911
-1.321921
-1.321932
-1.321942
-1.321952
-1.321963
-1.321973
-1.321984
-1.321994
-1.322004
-1.322015
-1.322025
-1.322035
-1.322046
-1.322056
-1.322066
-1.322076
-1.322087
-1.322097
-1.322107
-1.322118
-1.322128
-1.322138
-1.322148
-1.322159
-1.322169
-1.322179
-1.322189
-1.322199
-1.322210
-1.322220
-1.322230
-1.322240
-1.322250
-1.322260
-1.322271
-1.322281
-1.322291
-1.322301
-1.322311
-1.322321
-1.322331
-1.322341
-1.322351
-1.322362
-1.322372
-1.322382
-1.322392
-1.322402
-1.322412
-1.322422
-1.322432
-1.322442
-1.322452
-1.322462
-1.322472
-1.322482
-1.322492
-1.322502
-1.322512
-1.322522
-1.322532
-1.322542
-1.322552
-1.322561
-1.322571
-1.322581
-1.322591
-1.322601
-1.322611
-1.322621
-1.322631
-1.322641
-1.322650
-1.322660
-1.322670
-1.322680
-1.322690
-1.322700
-1.322709
-1.322719
-1.322729
-1.322739
-1.322749
-1.322758
-1.322758
-1.322768
-1.322778
-1.322788
-1.322797
-1.322807
-1.322817
-1.322827
-1.322836
-1.322846
-1.322856
-1.322865
-1.322875
-1.322885
-1.322894
-1.322904
-1.322914
-1.322923
-1.322933
-1.322943
-1.322952
-1.322962
-1.322972
-1.322981
-1.322991
-1.323000
-1.323010
-1.323020
-1.323029
-1.323039
-1.323048
-1.323058
-1.323067
-1.323077
-1.323086
-1.323096
-1.323105
-1.323115
-1.323124
-1.323134
-1.323143
-1.323153
-1.323162
-1.323172
-1.323181
-1.323191
-1.323200
-1.323210
-1.323219
-1.323228
-1.323238
-1.323247
-1.323257
-1.323266
-1.323275
-1.323285
-1.323294
-1.323303
-1.323313
-1.323322
-1.323331
-1.323341
-1.323350
-1.323359
-1.323369
-1.323378
-1.323387
-1.323397
-1.323406
-1.323415
-1.323424
-1.323434
-1.323443
-1.323452
-1.323461
-1.323471
-1.323480
-1.323489
-1.323498
-1.323508
-1.323517
-1.323526
-1.323535
-1.323544
-1.323553
-1.323563
-1.323572
-1.323581
-1.323590
-1.323599
-1.323608
-1.323617
-1.323627
-1.323636
-1.323645
-1.323654
-1.323663
-1.323672
-1.323681
-1.323690
-1.323699
-1.323708
-1.323717
-1.323726
-1.323735
-1.323744
-1.323753
-1.323762
-1.323771
-1.323780
-1.323789
-1.323798
-1.323807
-1.323816
-1.323825
-1.323834
-1.323843
-1.323852
-1.323861
-1.323870
-1.323879
-1.323888
-1.323897
-1.323905
-1.323914
-1.323923
-1.323932
-1.323941
-1.323950
-1.323959
-1.323968
-1.323976
-1.323985
-1.323994
-1.324003
-1.324012
-1.324020
-1.324029
-1.324038
-1.324047
-1.324056
-1.324064
-1.324073
-1.324082
-1.324091
-1.324099
-1.324108
-1.324117
-1.324126
-1.324134
-1.324143
-1.324152
-1.324160
-1.324169
-1.324178
-1.324187
-1.324195
-1.324204
-1.324212
-1.324221
-1.324230
-1.324238
-1.324247
-1.324256
-1.324264
-1.324273
-1.324282
-1.324290
-1.324299
-1.324307
-1.324316
-1.324324
-1.324333
-1.324342
-1.324350
-1.324359
-1.324367
-1.324376
-1.324384
-1.324393
-1.324401
-1.324410
-1.324418
-1.324427
-1.324435
-1.324444
-1.324452
-1.324461
-1.324469
-1.324478
-1.324486
-1.324494
-1.324503
-1.324511
-1.324520
-1.324528
-1.324536
-1.324545
-1.324553
-1.324562
-1.324570
-1.324578
-1.324587
-1.324595
-1.324603
-1.324612
-1.324620
-1.324628
-1.324637
-1.324645
-1.324653
-1.324662
-1.324670
-1.324678
-1.324687
-1.324695
-1.324703
-1.324711
-1.324720
-1.324728
-1.324736
-1.324744
-1.324753
-1.324761
-1.324769
-1.324777
-1.324786
-1.324794
-1.324802
-1.324810
-1.324818
-1.324827
-1.324835
-1.324843
-1.324851
-1.324859
-1.324867
-1.324875
-1.324884
-1.324892
-1.324900
-1.324908
-1.324916
-1.324924
-1.324932
-1.324940
-1.324948
-1.324956
-1.324965
-1.324973
-1.324981
-1.324989
-1.324997
-1.325005
-1.325013
-1.325021
-1.325029
-1.325037
-1.325045
-1.325053
-1.325061
-1.325069
-1.325077
-1.325085
-1.325093
-1.325101
-1.325109
-1.325117
-1.325125
-1.325132
-1.325140
-1.325148
-1.325156
-1.325164
-1.325172
-1.325180
-1.325188
-1.325196
-1.325204
-1.325211
-1.325219
-1.325227
-1.325235
-1.325243
-1.325251
-1.325259
-1.325266
-1.325274
-1.325282
-1.325290
-1.325298
-1.325305
-1.325313
-1.325321
-1.325329
-1.325337
-1.325344
-1.325352
-1.325360
-1.325368
-1.325375
-1.325383
-1.325391
-1.325398
-1.325406
-1.325414
-1.325422
-1.325429
-1.325437
-1.325445
-1.325452
-1.325460
-1.325468
-1.325475
-1.325483
-1.325491
-1.325498
-1.325506
-1.325514
-1.325521
-1.325529
-1.325536
-1.325544
-1.325552
-1.325559
-1.325567
-1.325574
-1.325582
-1.325590
-1.325597
-1.325605
-1.325612
-1.325620
-1.325627
-1.325635
-1.325642
-1.325650
-1.325657
-1.325665
-1.325672
-1.325680
-1.325687
-1.325695
-1.325702
-1.325710
-1.325717
-1.325725
-1.325732
-1.325740
-1.325747
-1.325755
-1.325762
-1.325769
-1.325777
-1.325784
-1.325792
-1.325799
-1.325806
-1.325814
-1.325821
-1.325829
-1.325836
-1.325843
-1.325851
-1.325858
-1.325865
-1.325873
-1.325880
-1.325887
-1.325895
-1.325902
-1.325909
-1.325917
-1.325924
-1.325931
-1.325939
-1.325946
-1.325953
-1.325960
-1.325968
-1.325975
-1.325982
-1.325989
-1.325997
-1.326004
-1.326011
-1.326018
-1.326026
-1.326033
-1.326040
-1.326047
-1.326054
-1.326062
-1.326069
-1.326076
-1.326083
-1.326090
-1.326097
-1.326105
-1.326112
-1.326119
-1.326126
-1.326133
-1.326140
-1.326147
-1.326155
-1.326162
-1.326169
-1.326176
-1.326183
-1.326190
-1.326197
-1.326204
-1.326211
-1.326218
-1.326225
-1.326232
-1.326239
-1.326246
-1.326254
-1.326261
-1.326268
-1.326275
-1.326282
-1.326289
-1.326296
-1.326303
-1.326310
-1.326317
-1.326324
-1.326331
-1.326337
-1.326344
-1.326351
-1.326358
-1.326365
-1.326372
-1.326379
-1.326386
-1.326393
-1.326400
-1.326407
-1.326414
-1.326421
-1.326427
-1.326434
-1.326441
-1.326448
-1.326455
-1.326462
-1.326469
-1.326476
-1.326482
-1.326489
-1.326496
-1.326503
-1.326510
-1.326517
-1.326523
-1.326530
-1.326537
-1.326544
-1.326551
-1.326557
-1.326564
-1.326571
-1.326578
-1.326584
-1.326591
-1.326598
-1.326605
-1.326611
-1.326618
-1.326625
-1.326632
-1.326638
-1.326645
-1.326652
-1.326658
-1.326665
-1.326672
-1.326679
-1.326685
-1.326692
-1.326699
-1.326705
-1.326712
-1.326719
-1.326725
-1.326732
-1.326738
-1.326745
-1.326752
-1.326758
-1.326765
-1.326772
-1.326778
-1.326785
-1.326791
-1.326798
-1.326798
