0.684413
0.696700
0.698097
0.697564
0.696918
0.696501
0.696343
0.696417
0.696689
0.697125
0.697698
0.698384
0.699159
0.700007
0.700912
0.701860
0.702839
0.703840
0.704856
0.705878
0.706901
0.707920
0.708931
0.709931
0.710916
0.711884
0.712834
0.713763
0.714671
0.715557
0.716419
0.717257
0.718072
0.718862
0.719628
0.720369
0.721087
0.721780
0.722450
0.723096
0.723719
0.724320
0.724898
0.725455
0.725990
0.726505
0.726999
0.727473
0.727928
0.728364
0.728782
0.729182
0.729564
0.729930
0.730279
0.730613
0.730930
0.731233
0.731521
0.731795
0.732055
0.732302
0.732536
0.732757
0.732966
0.733164
0.733349
0.733524
0.733688
0.733841
0.733984
0.734118
0.734241
0.734356
0.734461
0.734558
0.734646
0.734726
0.734799
0.734863
0.734920
0.734970
0.735013
0.735049
0.735079
0.735102
0.735119
0.735130
0.735136
0.735135
0.735130
0.735119
0.735104
0.735083
0.735058
0.735029
0.734995
0.734957
0.734915
0.734869
0.734820
0.734767
0.734710
0.734651
0.734588
0.734522
0.734454
0.734383
0.734310
0.734234
0.734155
0.734075
0.733993
0.733909
0.733823
0.733735
0.733647
0.733556
0.733465
0.733372
0.733278
0.733184
0.733088
0.732992
0.732896
0.732798
0.732701
0.732603
0.732506
0.732408
0.732310
0.732212
0.732115
0.732018
0.731922
0.731826
0.731731
0.731636
0.731542
0.731450
0.731358
0.731268
0.731178
0.731090
0.731003
0.730918
0.730834
0.730752
0.730672
0.730593
0.730516
0.730442
0.730369
0.730298
0.730229
0.730163
0.730098
0.730037
0.729977
0.729920
0.729866
0.729814
0.729765
0.729718
0.729675
0.729634
0.729596
0.729561
0.729529
0.729500
0.729474
0.729451
0.729431
0.729415
0.729402
0.729392
0.729386
0.729383
0.729384
0.729388
0.729396
0.729407
0.729422
0.729440
0.729462
0.729488
0.729518
0.729551
0.729589
0.729630
0.729675
0.729724
0.729777
0.729834
0.729894
0.729959
0.730028
0.730101
0.730179
0.730260
0.730345
0.730435
0.730529
0.730627
0.730729
0.730836
0.730947
0.731062
0.731181
0.731305
0.731433
0.731566
0.731703
0.731844
0.731990
0.732140
0.732295
0.732454
0.732618
0.732786
0.732959
0.733137
0.733319
0.733505
0.733697
0.733892
0.734093
0.734298
0.734508
0.734722
0.734942
0.735166
0.735394
0.735628
0.735866
0.736109
0.736357
0.736610
0.736868
0.737130
0.737398
0.737670
0.737947
0.738230
0.738517
0.738809
0.739106
0.739409
0.739716
0.740029
0.740346
0.740669
0.740997
0.741330
0.741668
0.742012
0.742360
0.742714
0.743074
0.743439
0.743809
0.744184
0.744565
0.744952
0.745343
0.745741
0.746144
0.746552
0.746967
0.747387
0.747812
0.748243
0.748680
0.749123
0.749572
0.750026
0.750487
0.750953
0.751426
0.751904
0.752389
0.752879
0.753376
0.753879
0.754388
0.754904
0.755426
0.755954
0.756489
0.757030
0.757578
0.758132
0.758694
0.759261
0.759836
0.760417
0.761005
0.761601
0.762203
0.762812
0.763428
0.764052
0.764682
0.765320
0.765966
0.766618
0.767279
0.767947
0.768622
0.769305
0.769996
0.770695
0.771402
0.772117
0.772839
0.773570
0.774310
0.775057
0.775813
0.776577
0.777350
0.778132
0.778922
0.779722
0.780530
0.781347
0.782173
0.783008
0.783853
0.784707
0.785571
0.786444
0.787327
0.788220
0.789122
0.790035
0.790958
0.791891
0.792834
0.793788
0.794752
0.795727
0.796713
0.797710
0.798718
0.799737
0.800767
0.801809
0.802862
0.803927
0.805004
0.806093
0.807194
0.808307
0.809432
0.810571
0.811721
0.812885
0.814062
0.815251
0.816454
0.817671
0.818901
0.820145
0.821403
0.822674
0.823961
0.825261
0.826576
0.827906
0.829251
0.830612
0.831987
0.833378
0.834785
0.836208
0.837646
0.839101
0.840573
0.842061
0.843567
0.845089
0.846629
0.848186
0.849761
0.851354
0.852965
0.854594
0.856243
0.857910
0.859596
0.861302
0.863027
0.864772
0.866537
0.868323
0.870129
0.871956
0.873804
0.875674
0.877565
0.879478
0.881413
0.883371
0.885352
0.887355
0.889382
0.891433
0.893507
0.895606
0.897729
0.899877
0.902050
0.904249
0.906473
0.908723
0.911000
0.913304
0.915634
0.917992
0.920377
0.922791
0.925233
0.927704
0.930203
0.932732
0.935291
0.937880
0.940499
0.943149
0.945829
0.948542
0.951286
0.954062
0.956871
0.959712
0.962587
0.965495
0.968436
0.971412
0.974422
0.977467
0.980547
0.983662
0.986813
0.990000
0.993223
0.996482
0.999778
1.003110
1.006480
1.009887
1.013332
1.016814
1.020334
1.023892
1.027488
1.031122
1.034794
1.038505
1.042254
1.046041
1.049867
1.053731
1.057632
1.061573
1.065550
1.069566
1.073619
1.077710
1.081838
1.086002
1.090203
1.094441
1.098714
1.103022
1.107365
1.111743
1.116154
1.120599
1.125077
1.129586
1.134128
1.138700
1.143302
1.147934
1.152594
1.157282
1.161997
1.166738
1.171505
1.176296
1.181110
1.185947
1.190806
1.195685
1.200583
1.205500
1.210435
1.215386
1.215386
1.220353
1.225333
1.230328
1.235334
1.240351
1.245379
1.250415
1.255459
1.260510
1.265567
1.270628
1.275692
1.280759
1.285828
1.290896
1.295964
1.301030
1.306093
1.311152
1.316207
1.321255
1.326297
1.331331
1.336357
1.341372
1.346378
1.351372
1.356354
1.361323
1.366278
1.371219
1.376144
1.381053
1.385946
1.390821
1.395678
1.400516
1.405335
1.410134
1.414912
1.419670
1.424405
1.429119
1.433810
1.438478
1.443122
1.447743
1.452339
1.456911
1.461457
1.465979
1.470474
1.474944
1.479387
1.483804
1.488195
1.492558
1.496894
1.501203
1.505484
1.509738
1.513964
1.518162
1.522332
1.526474
1.530587
1.534673
1.538730
1.542758
1.546758
1.550730
1.554674
1.558589
1.562475
1.566333
1.570163
1.573964
1.577737
1.581482
1.585199
1.588887
1.592548
1.596180
1.599785
1.603362
1.606911
1.610433
1.613927
1.617394
1.620834
1.624246
1.627632
1.630991
1.634323
1.637628
1.640908
1.644161
1.647388
1.650589
1.653764
1.656914
1.660038
1.663137
1.666211
1.669260
1.672284
1.675283
1.678258
1.681209
1.684136
1.687039
1.689918
1.692774
1.695606
1.698415
1.701202
1.703965
1.706706
1.709424
1.712120
1.714794
1.717446
1.720076
1.722685
1.725272
1.727838
1.730383
1.732908
1.735412
1.737895
1.740358
1.742801
1.745224
1.747627
1.750011
1.752375
1.754720
1.757046
1.759353
1.761642
1.763912
1.766164
1.768397
1.770613
1.772810
1.774990
1.777153
1.779298
1.781426
1.783537
1.785632
1.787709
1.789770
1.791815
1.793844
1.795856
1.797853
1.799834
1.801800
1.803750
1.805685
1.807604
1.809509
1.811399
1.813275
1.815136
1.816983
1.818815
1.820634
1.822439
1.824230
1.826007
1.827771
1.829522
1.831260
1.832984
1.834696
1.836395
1.838082
1.839756
1.841418
1.843067
1.844705
1.846331
1.847945
1.849548
1.851139
1.852719
1.854288
1.855846
1.857392
1.858929
1.860454
1.861969
1.863474
1.864968
1.866453
1.867927
1.869392
1.870847
1.872292
1.873729
1.875156
1.876573
1.877982
1.879382
1.880774
1.882156
1.883531
1.884897
1.886255
1.887605
1.888947
1.890281
1.891608
1.892927
1.894239
1.895544
1.896842
1.898133
1.899417
1.900695
1.901966
1.903231
1.904490
1.905742
1.906989
1.908231
1.909466
1.910697
1.911922
1.913141
1.914356
1.915567
1.916772
1.917973
1.919170
1.920362
1.921550
1.922735
1.923915
1.925092
1.926266
1.927436
1.928603
1.929767
1.930928
1.932087
1.933242
1.934396
1.935547
1.936695
1.937842
1.938987
1.940131
1.941272
1.942413
1.943552
1.944690
1.945827
1.946964
1.948100
1.949236
1.950373
1.951509
1.952646
1.953784
1.954923
1.956064
1.957206
1.958351
1.959498
1.960648
1.961800
1.962957
1.964117
1.965281
1.966449
1.967622
1.968800
1.969982
1.971170
1.972363
1.973561
1.974764
1.975972
1.977185
1.978403
1.979626
1.980853
1.982085
1.983320
1.984559
1.985800
1.987045
1.988291
1.989540
1.990790
1.992040
1.993291
1.994542
1.995792
1.997041
1.998288
1.999534
2.000777
2.002016
2.003253
2.004486
2.005714
2.006938
2.008157
2.009371
2.010579
2.011781
2.012976
2.014166
2.015348
2.016524
2.017692
2.018853
2.020006
2.021151
2.022289
2.023418
2.024540
2.025653
2.026757
2.027854
2.028942
2.030022
2.031093
2.032155
2.033209
2.034255
2.035292
2.036321
2.037341
2.038353
2.039357
2.040352
2.041340
2.042319
2.043290
2.044253
2.045209
2.046156
2.047096
2.048029
2.048954
2.049871
2.050782
2.051685
2.052581
2.053470
2.054353
2.055228
2.056097
2.056960
2.057816
2.058666
2.059510
2.060347
2.061179
2.062005
2.062825
2.063639
2.064448
2.065252
2.066050
2.066843
2.067631
2.068413
2.069191
2.069964
2.070732
2.071495
2.072254
2.073009
2.073758
2.074504
2.075245
2.075982
2.076715
2.077444
2.078169
2.078890
2.079607
2.080321
2.081030
2.081736
2.082438
2.083137
2.083832
2.084524
2.085213
2.085898
2.086579
2.087258
2.087933
2.088605
2.089274
2.089940
2.090602
2.091262
2.091918
2.092572
2.093222
2.093870
2.094514
2.095156
2.095795
2.096430
2.097063
2.097693
2.098320
2.098944
2.099566
2.100184
2.100799
2.101412
2.102022
2.102629
2.103233
2.103834
2.104432
2.105027
2.105619
2.106209
2.106795
2.107379
2.107959
2.108536
2.109111
2.109682
2.110251
2.110816
2.111378
2.111937
2.112493
2.113046
2.113596
2.114142
2.114686
2.115226
2.115762
2.116296
2.116826
2.117353
2.117877
2.118398
2.118915
2.119428
2.119939
2.120445
2.120949
2.121449
2.121946
2.122439
2.122928
2.123414
2.123897
2.124376
2.124852
2.125324
2.125792
2.126257
2.126719
2.127177
2.127631
2.128082
2.128529
2.128973
2.129413
2.129849
2.130282
2.130711
2.131137
2.131559
2.131977
2.132392
2.132804
2.133211
2.133616
2.134016
2.134414
2.134807
2.135197
2.135584
2.135967
2.136347
2.136723
2.137096
2.137465
2.137831
2.138193
2.138552
2.138908
2.139260
2.139260
2.139609
2.139954
2.140296
2.140635
2.140971
2.141303
2.141632
2.141958
2.142281
2.142600
2.142917
2.143230
2.143540
2.143847
2.144150
2.144451
2.144749
2.145044
2.145335
2.145624
2.145910
2.146193
2.146473
2.146750
2.147024
2.147295
2.147564
2.147830
2.148093
2.148353
2.148611
2.148865
2.149118
2.149367
2.149614
2.149858
2.150100
2.150339
2.150576
2.150810
2.151041
2.151270
2.151497
2.151721
2.151943
2.152163
2.152380
2.152594
2.152807
2.153017
2.153225
2.153431
2.153634
2.153835
2.154034
2.154231
2.154425
2.154618
2.154808
2.154997
2.155183
2.155367
2.155549
2.155730
2.155908
2.156084
2.156258
2.156431
2.156601
2.156770
2.156936
2.157101
2.157264
2.157425
2.157585
2.157742
2.157898
2.158052
2.158204
2.158355
2.158504
2.158651
2.158797
2.158940
2.159083
2.159223
2.159362
2.159500
2.159636
2.159770
2.159903
2.160034
2.160164
2.160292
2.160419
2.160544
2.160668
2.160790
2.160911
2.161031
2.161149
2.161266
2.161381
2.161495
2.161608
2.161719
2.161829
2.161938
2.162046
2.162152
2.162257
2.162361
2.162463
2.162564
2.162664
2.162763
2.162861
2.162957
2.163052
2.163146
2.163239
2.163331
2.163422
2.163512
2.163600
2.163688
2.163774
2.163859
2.163943
2.164026
2.164109
2.164190
2.164270
2.164349
2.164427
2.164504
2.164580
2.164655
2.164729
2.164803
2.164875
2.164946
2.165017
2.165086
2.165155
2.165223
2.165290
2.165356
2.165421
2.165485
2.165549
2.165611
2.165673
2.165734
2.165794
2.165854
2.165912
2.165970
2.166027
2.166083
2.166139
2.166193
2.166247
2.166300
2.166353
2.166405
2.166456
2.166506
2.166556
2.166605
2.166653
2.166701
2.166748
2.166794
2.166839
2.166884
2.166929
2.166972
2.167016
2.167058
2.167100
2.167141
2.167182
2.167222
2.167261
2.167300
2.167339
2.167376
2.167414
2.167450
2.167486
2.167522
2.167557
2.167591
2.167625
2.167659
2.167692
2.167725
2.167757
2.167788
2.167819
2.167850
2.167880
2.167909
2.167939
2.167967
2.167996
2.168024
2.168051
2.168078
2.168105
2.168131
2.168157
2.168182
2.168207
2.168231
2.168256
2.168280
2.168303
2.168326
2.168349
2.168371
2.168393
2.168415
2.168436
2.168457
2.168478
2.168498
2.168518
2.168538
2.168557
2.168576
2.168595
2.168614
2.168632
2.168650
2.168667
2.168685
2.168702
2.168719
2.168735
2.168752
2.168768
2.168784
2.168799
2.168815
2.168830
2.168845
2.168859
2.168874
2.168888
2.168902
2.168916
2.168930
2.168943
2.168957
2.168970
2.168983
2.168995
2.169008
2.169020
2.169033
2.169045
2.169057
2.169069
2.169080
2.169092
2.169103
2.169114
2.169126
2.169137
2.169147
2.169158
2.169169
2.169180
2.169190
2.169200
2.169211
2.169221
2.169231
2.169241
2.169251
2.169261
2.169270
2.169280
2.169290
2.169299
2.169309
2.169318
2.169328
2.169337
2.169347
2.169356
2.169365
2.169375
2.169384
2.169393
2.169402
2.169411
2.169421
2.169430
2.169439
2.169448
2.169457
2.169466
2.169475
2.169485
2.169494
2.169503
2.169512
2.169521
2.169531
2.169540
2.169549
2.169559
2.169568
2.169578
2.169587
2.169597
2.169606
2.169616
2.169626
2.169635
2.169645
2.169655
2.169665
2.169675
2.169685
2.169696
2.169706
2.169716
2.169727
2.169737
2.169748
2.169759
2.169770
2.169781
2.169792
2.169803
2.169814
2.169826
2.169837
2.169849
2.169860
2.169872
2.169884
2.169897
2.169909
2.169921
2.169934
2.169947
2.169959
2.169972
2.169985
2.169999
2.170012
2.170026
2.170040
2.170054
2.170068
2.170082
2.170096
2.170111
2.170126
2.170141
2.170156
2.170171
2.170187
2.170202
2.170218
2.170234
2.170251
2.170267
2.170284
2.170300
2.170318
2.170335
2.170352
2.170370
2.170388
2.170406
2.170424
2.170443
2.170461
2.170480
2.170500
2.170519
2.170539
2.170559
2.170579
2.170599
2.170620
2.170640
2.170661
2.170683
2.170704
2.170726
2.170748
2.170770
2.170793
2.170816
2.170839
2.170862
2.170885
2.170909
2.170933
2.170957
2.170982
2.171007
2.171032
2.171057
2.171082
2.171108
2.171134
2.171161
2.171187
2.171214
2.171241
2.171269
2.171297
2.171325
2.171353
2.171381
2.171410
2.171439
2.171468
2.171498
2.171528
2.171558
2.171588
2.171619
2.171650
2.171681
2.171713
2.171745
2.171777
2.171809
2.171842
2.171875
2.171908
2.171941
2.171975
2.172009
2.172043
2.172078
2.172113
2.172148
2.172183
2.172219
2.172255
2.172291
2.172328
2.172364
2.172401
2.172439
2.172476
2.172514
2.172552
2.172591
2.172629
2.172668
2.172707
2.172747
2.172787
2.172827
2.172867
2.172907
2.172948
2.172989
2.173031
2.173072
2.173114
2.173156
2.173199
2.173241
2.173284
2.173327
2.173371
2.173414
2.173458
2.173502
2.173547
2.173591
2.173636
2.173681
2.173727
2.173772
2.173818
2.173864
2.173911
2.173957
2.174004
2.174051
2.174099
2.174146
2.174194
2.174242
2.174290
2.174339
2.174339
2.174388
2.174437
2.174486
2.174535
2.174585
2.174635
2.174685
2.174735
2.174786
2.174837
2.174888
2.174939
2.174990
2.175042
2.175094
2.175146
2.175198
2.175251
2.175303
2.175356
2.175410
2.175463
2.175517
2.175570
2.175624
2.175679
2.175733
2.175788
2.175842
2.175897
2.175953
2.176008
2.176064
2.176120
2.176176
2.176232
2.176288
2.176345
2.176402
2.176459
2.176516
2.176573
2.176631
2.176688
2.176746
2.176805
2.176863
2.176921
2.176980
2.177039
2.177098
2.177157
2.177217
2.177276
2.177336
2.177396
2.177456
2.177516
2.177577
2.177637
2.177698
2.177759
2.177820
2.177882
2.177943
2.178005
2.178067
2.178129
2.178191
2.178253
2.178316
2.178378
2.178441
2.178504
2.178567
2.178630
2.178694
2.178757
2.178821
2.178885
2.178948
2.179013
2.179077
2.179141
2.179206
2.179270
2.179335
2.179400
2.179465
2.179530
2.179595
2.179660
2.179726
2.179791
2.179857
2.179923
2.179988
2.180054
2.180120
2.180187
2.180253
2.180319
2.180385
2.180452
2.180519
2.180585
2.180652
2.180719
2.180786
2.180853
2.180920
2.180988
2.181055
2.181123
2.181190
2.181258
2.181326
2.181394
2.181463
2.181531
2.181600
2.181669
2.181739
2.181809
2.181879
2.181949
2.182020
2.182092
2.182164
2.182237
2.182310
2.182384
2.182459
2.182535
2.182612
2.182690
2.182770
2.182850
2.182932
2.183016
2.183101
2.183189
2.183278
2.183370
2.183464
2.183561
2.183660
2.183763
2.183869
2.183978
2.184091
2.184209
2.184330
2.184457
2.184588
2.184725
2.184868
2.185017
2.185172
2.185335
2.185505
2.185683
2.185869
2.186064
2.186269
2.186483
2.186708
2.186945
2.187193
2.187453
2.187726
2.188013
2.188314
2.188629
2.188960
2.189306
2.189669
2.190048
2.190444
2.190857
2.191288
2.191736
2.192202
2.192685
2.193186
2.193702
2.194235
2.194784
2.195346
2.195922
2.196510
2.197108
2.197716
2.198331
2.198951
2.199575
2.200201
2.200827
2.201450
2.202070
2.202684
2.203291
2.203890
2.204479
2.205057
2.205624
2.206179
2.206723
2.207254
2.207774
2.208282
2.208780
2.209268
2.209747
2.210218
2.210681
2.211138
2.211590
2.212038
2.212483
2.212925
2.213366
2.213807
2.214248
2.214691
2.215135
2.215581
2.216031
2.216485
2.216943
2.217406
2.217873
2.218347
2.218826
2.219311
2.219802
2.220300
2.220804
2.221315
2.221832
2.222355
2.222885
2.223421
2.223962
2.224510
2.225062
2.225620
2.226183
2.226750
2.227320
2.227894
2.228472
2.229051
2.229633
2.230217
2.230802
2.231387
2.231973
2.232558
2.233143
2.233726
2.234308
2.234888
2.235466
2.236040
2.236611
2.237178
2.237742
2.238301
2.238855
2.239404
2.239948
2.240486
2.241018
2.241544
2.242063
2.242576
2.243082
2.243582
2.244074
2.244558
2.245036
2.245505
2.245967
2.246422
2.246869
2.247308
2.247739
2.248162
2.248577
2.248984
2.249384
2.249776
2.250160
2.250536
2.250904
2.251264
2.251618
2.251963
2.252301
2.252631
2.252955
2.253271
2.253580
2.253882
2.254177
2.254465
2.254746
2.255021
2.255290
2.255552
2.255807
2.256057
2.256301
2.256539
2.256771
2.256997
2.257218
2.257433
2.257643
2.257848
2.258048
2.258243
2.258433
2.258619
2.258800
2.258976
2.259148
2.259315
2.259479
2.259638
2.259794
2.259945
2.260093
2.260237
2.260377
2.260515
2.260648
2.260778
2.260906
2.261029
2.261150
2.261268
2.261383
2.261496
2.261605
2.261712
2.261816
2.261918
2.262017
2.262114
2.262208
2.262300
2.262390
2.262478
2.262564
2.262648
2.262729
2.262809
2.262887
2.262963
2.263037
2.263110
2.263181
2.263250
2.263318
2.263384
2.263448
2.263511
2.263573
2.263633
2.263692
2.263749
2.263805
2.263860
2.263914
2.263966
2.264018
2.264068
2.264117
2.264165
2.264211
2.264257
2.264302
2.264346
2.264388
2.264430
2.264471
2.264511
2.264550
2.264588
2.264625
2.264662
2.264697
2.264732
2.264766
2.264799
2.264832
2.264864
2.264895
2.264925
2.264955
2.264983
2.265012
2.265039
2.265066
2.265092
2.265118
2.265143
2.265168
2.265191
2.265215
2.265237
2.265259
2.265281
2.265302
2.265322
2.265342
2.265362
2.265381
2.265399
2.265417
2.265434
2.265451
2.265467
2.265483
2.265499
2.265514
2.265528
2.265542
2.265556
2.265569
2.265582
2.265594
2.265606
2.265618
2.265629
2.265640
2.265650
2.265660
2.265670
2.265679
2.265688
2.265696
2.265704
2.265712
2.265719
2.265726
2.265733
2.265739
2.265745
2.265750
2.265756
2.265760
2.265765
2.265769
2.265773
2.265777
2.265780
2.265783
2.265786
2.265788
2.265790
2.265792
2.265793
2.265794
2.265795
2.265796
2.265796
2.265796
2.265796
2.265796
2.265795
2.265794
2.265792
2.265791
2.265789
2.265787
2.265785
2.265782
2.265779
2.265776
2.265773
2.265769
2.265765
2.265761
2.265757
2.265753
2.265748
2.265743
2.265738
2.265733
2.265727
2.265721
2.265715
2.265709
2.265702
2.265696
2.265689
2.265689
2.265682
2.265675
2.265667
2.265660
2.265652
2.265644
2.265636
2.265628
2.265619
2.265610
2.265602
2.265593
2.265583
2.265574
2.265564
2.265555
2.265545
2.265535
2.265525
2.265514
2.265504
2.265493
2.265483
2.265472
2.265461
2.265449
2.265438
2.265427
2.265415
2.265403
2.265391
2.265379
2.265367
2.265355
2.265343
2.265330
2.265318
2.265305
2.265292
2.265279
2.265266
2.265253
2.265240
2.265227
2.265213
2.265200
2.265186
2.265172
2.265158
2.265145
2.265131
2.265116
2.265102
2.265088
2.265074
2.265059
2.265045
2.265030
2.265016
2.265001
2.264986
2.264971
2.264956
2.264941
2.264926
2.264911
2.264896
2.264881
2.264866
2.264850
2.264835
2.264819
2.264804
2.264788
2.264773
2.264757
2.264742
2.264726
2.264710
2.264694
2.264679
2.264663
2.264647
2.264631
2.264615
2.264599
2.264583
2.264567
2.264551
2.264535
2.264519
2.264503
2.264487
2.264471
2.264455
2.264439
2.264423
2.264406
2.264390
2.264374
2.264358
2.264342
2.264326
2.264310
2.264293
2.264277
2.264261
2.264245
2.264229
2.264213
2.264197
2.264181
2.264164
2.264148
2.264132
2.264116
2.264100
2.264084
2.264068
2.264052
2.264037
2.264021
2.264005
2.263989
2.263973
2.263957
2.263942
2.263926
2.263910
2.263895
2.263879
2.263864
2.263848
2.263833
2.263817
2.263802
2.263786
2.263771
2.263756
2.263741
2.263726
2.263711
2.263695
2.263680
2.263666
2.263651
2.263636
2.263621
2.263606
2.263592
2.263577
2.263563
2.263548
2.263534
2.263519
2.263505
2.263491
2.263477
2.263463
2.263449
2.263435
2.263421
2.263407
2.263393
2.263380
2.263366
2.263353
2.263339
2.263326
2.263313
2.263300
2.263286
2.263273
2.263260
2.263248
2.263235
2.263222
2.263210
2.263197
2.263185
2.263172
2.263160
2.263148
2.263136
2.263124
2.263112
2.263100
2.263089
2.263077
2.263065
2.263054
2.263043
2.263031
2.263020
2.263009
2.262998
2.262988
2.262977
2.262966
2.262956
2.262945
2.262935
2.262925
2.262915
2.262905
2.262895
2.262885
2.262875
2.262866
2.262856
2.262847
2.262838
2.262828
2.262819
2.262810
2.262802
2.262793
2.262784
2.262776
2.262767
2.262759
2.262751
2.262743
2.262735
2.262727
2.262720
2.262712
2.262705
2.262697
2.262690
2.262683
2.262676
2.262669
2.262662
2.262656
2.262649
2.262643
2.262637
2.262630
2.262624
2.262619
2.262613
2.262607
2.262602
2.262596
2.262591
2.262586
2.262581
2.262576
2.262571
2.262566
2.262562
2.262557
2.262553
2.262549
2.262545
2.262541
2.262537
2.262533
2.262530
2.262526
2.262523
2.262520
2.262517
2.262514
2.262511
2.262509
2.262506
2.262504
2.262501
2.262499
2.262497
2.262495
2.262494
2.262492
2.262490
2.262489
2.262488
2.262487
2.262486
2.262485
2.262484
2.262484
2.262483
2.262483
2.262483
2.262482
2.262483
2.262483
2.262483
2.262483
2.262484
2.262485
2.262486
2.262487
2.262488
2.262489
2.262490
2.262492
2.262493
2.262495
2.262497
2.262499
2.262501
2.262503
2.262506
2.262508
2.262511
2.262514
2.262516
2.262519
2.262523
2.262526
2.262529
2.262533
2.262537
2.262540
2.262544
2.262548
2.262553
2.262557
2.262561
2.262566
2.262571
2.262575
2.262580
2.262585
2.262591
2.262596
2.262601
2.262607
2.262613
2.262619
2.262625
2.262631
2.262637
2.262643
2.262650
2.262656
2.262663
2.262670
2.262677
2.262684
2.262691
2.262698
2.262706
2.262713
2.262721
2.262729
2.262737
2.262745
2.262753
2.262761
2.262770
2.262778
2.262787
2.262796
2.262805
2.262814
2.262823
2.262832
2.262842
2.262851
2.262861
2.262870
2.262880
2.262890
2.262900
2.262911
2.262921
2.262931
2.262942
2.262953
2.262963
2.262974
2.262985
2.262997
2.263008
2.263019
2.263031
2.263042
2.263054
2.263066
2.263078
2.263090
2.263102
2.263114
2.263126
2.263139
2.263151
2.263164
2.263177
2.263190
2.263203
2.263216
2.263229
2.263243
2.263256
2.263270
2.263283
2.263297
2.263311
2.263325
2.263339
2.263353
2.263367
2.263382
2.263396
2.263411
2.263425
2.263440
2.263455
2.263470
2.263485
2.263500
2.263516
2.263531
2.263546
2.263562
2.263578
2.263593
2.263609
2.263625
2.263641
2.263657
2.263674
2.263690
2.263706
2.263723
2.263740
2.263756
2.263773
2.263790
2.263807
2.263824
2.263841
2.263858
2.263876
2.263893
2.263911
2.263928
2.263946
2.263964
2.263982
2.264000
2.264018
2.264036
2.264054
2.264072
2.264090
2.264109
2.264127
2.264146
2.264165
2.264184
2.264202
2.264221
2.264240
2.264259
2.264279
2.264298
2.264317
2.264336
2.264356
2.264375
2.264395
2.264415
2.264434
2.264454
2.264474
2.264494
2.264514
2.264534
2.264555
2.264575
2.264595
2.264616
2.264636
2.264657
2.264677
2.264698
2.264719
2.264739
2.264760
2.264781
2.264802
2.264823
2.264844
2.264866
2.264887
2.264908
2.264930
2.264951
2.264972
2.264994
2.265016
2.265037
2.265059
2.265081
2.265081
2.265103
2.265125
2.265147
2.265169
2.265191
2.265213
2.265235
2.265257
2.265280
2.265302
2.265324
2.265347
2.265369
2.265392
2.265414
2.265437
2.265460
2.265482
2.265505
2.265528
2.265551
2.265574
2.265597
2.265620
2.265643
2.265666
2.265689
2.265713
2.265736
2.265759
2.265782
2.265806
2.265829
2.265853
2.265876
2.265900
2.265923
2.265947
2.265971
2.265994
2.266018
2.266042
2.266066
2.266089
2.266113
2.266137
2.266161
2.266185
2.266209
2.266233
2.266257
2.266281
2.266305
2.266330
2.266354
2.266378
2.266402
2.266427
2.266451
2.266475
2.266500
2.266524
2.266548
2.266573
2.266597
2.266622
2.266646
2.266671
2.266695
2.266720
2.266745
2.266769
2.266794
2.266819
2.266843
2.266868
2.266893
2.266918
2.266942
2.266967
2.266992
2.267017
2.267042
2.267067
2.267091
2.267116
2.267141
2.267166
2.267191
2.267216
2.267241
2.267266
2.267291
2.267316
2.267341
2.267366
2.267391
2.267416
2.267441
2.267466
2.267491
2.267516
2.267541
2.267566
2.267592
2.267617
2.267642
2.267667
2.267692
2.267717
2.267742
2.267767
2.267793
2.267818
2.267843
2.267868
2.267893
2.267918
2.267943
2.267969
2.267994
2.268019
2.268044
2.268069
2.268094
2.268119
2.268145
2.268170
2.268195
2.268220
2.268245
2.268270
2.268295
2.268320
2.268346
2.268371
2.268396
2.268421
2.268446
2.268471
2.268496
2.268521
2.268546
2.268571
2.268596
2.268621
2.268646
2.268671
2.268696
2.268721
2.268746
2.268771
2.268796
2.268821
2.268846
2.268871
2.268896
2.268921
2.268945
2.268970
2.268995
2.269020
2.269045
2.269069
2.269094
2.269119
2.269144
2.269168
2.269193
2.269218
2.269242
2.269267
2.269292
2.269316
2.269341
2.269365
2.269390
2.269414
2.269439
2.269463
2.269488
2.269512
2.269537
2.269561
2.269585
2.269610
2.269634
2.269658
2.269682
2.269707
2.269731
2.269755
2.269779
2.269803
2.269827
2.269851
2.269875
2.269899
2.269923
2.269947
2.269971
2.269995
2.270019
2.270043
2.270067
2.270091
2.270114
2.270138
2.270162
2.270185
2.270209
2.270233
2.270256
2.270280
2.270303
2.270327
2.270350
2.270373
2.270397
2.270420
2.270443
2.270467
2.270490
2.270513
2.270536
2.270559
2.270582
2.270606
2.270629
2.270651
2.270674
2.270697
2.270720
2.270743
2.270766
2.270789
2.270811
2.270834
2.270857
2.270879
2.270902
2.270924
2.270947
2.270969
2.270992
2.271014
2.271036
2.271059
2.271081
2.271103
2.271125
2.271147
2.271169
2.271191
2.271213
2.271235
2.271257
2.271279
2.271301
2.271323
2.271344
2.271366
2.271388
2.271409
2.271431
2.271452
2.271474
2.271495
2.271517
2.271538
2.271559
2.271581
2.271602
2.271623
2.271644
2.271665
2.271686
2.271707
2.271728
2.271749
2.271770
2.271791
2.271811
2.271832
2.271853
2.271873
2.271894
2.271914
2.271935
2.271955
2.271975
2.271996
2.272016
2.272036
2.272056
2.272076
2.272097
2.272117
2.272137
2.272156
2.272176
2.272196
2.272216
2.272236
2.272255
2.272275
2.272294
2.272314
2.272333
2.272353
2.272372
2.272391
2.272411
2.272430
2.272449
2.272468
2.272487
2.272506
2.272525
2.272544
2.272563
2.272582
2.272600
2.272619
2.272638
2.272656
2.272675
2.272693
2.272712
2.272730
2.272748
2.272767
2.272785
2.272803
2.272821
2.272839
2.272857
2.272875
2.272893
2.272911
2.272929
2.272946
2.272964
2.272982
2.272999
2.273017
2.273034
2.273052
2.273069
2.273086
2.273103
2.273121
2.273138
2.273155
2.273172
2.273189
2.273206
2.273223
2.273239
2.273256
2.273273
2.273289
2.273306
2.273323
2.273339
2.273355
2.273372
2.273388
2.273404
2.273421
2.273437
2.273453
2.273469
2.273485
2.273501
2.273517
2.273532
2.273548
2.273564
2.273579
2.273595
2.273611
2.273626
2.273641
2.273657
2.273672
2.273687
2.273702
2.273718
2.273733
2.273748
2.273763
2.273778
2.273792
2.273807
2.273822
2.273837
2.273851
2.273866
2.273880
2.273895
2.273909
2.273924
2.273938
2.273952
2.273966
2.273980
2.273994
2.274008
2.274022
2.274036
2.274050
2.274064
2.274078
2.274091
2.274105
2.274118
2.274132
2.274145
2.274159
2.274172
2.274185
2.274199
2.274212
2.274225
2.274238
2.274251
2.274264
2.274277
2.274290
2.274302
2.274315
2.274328
2.274340
2.274353
2.274365
2.274378
2.274390
2.274403
2.274415
2.274427
2.274439
2.274451
2.274463
2.274475
2.274487
2.274499
2.274511
2.274523
2.274535
2.274546
2.274558
2.274569
2.274581
2.274592
2.274604
2.274615
2.274626
2.274638
2.274649
2.274660
2.274671
2.274682
2.274693
2.274704
2.274715
2.274726
2.274736
2.274747
2.274758
2.274768
2.274779
2.274789
2.274800
2.274810
2.274820
2.274831
2.274841
2.274851
2.274861
2.274871
2.274881
2.274891
2.274901
2.274911
2.274920
2.274930
2.274940
2.274949
2.274959
2.274969
2.274978
2.274987
2.274997
2.275006
2.275015
2.275024
2.275034
2.275043
2.275043
2.275052
2.275061
2.275070
2.275079
2.275087
2.275096
2.275105
2.275114
2.275122
2.275131
2.275139
2.275148
2.275156
2.275165
2.275173
2.275181
2.275189
2.275198
2.275206
2.275214
2.275222
2.275230
2.275238
2.275246
2.275253
2.275261
2.275269
2.275277
2.275284
2.275292
2.275299
2.275307
2.275314
2.275321
2.275329
2.275336
2.275343
2.275350
2.275358
2.275365
2.275372
2.275379
2.275386
2.275393
2.275399
2.275406
2.275413
2.275420
2.275426
2.275433
2.275439
2.275446
2.275452
2.275459
2.275465
2.275471
2.275478
2.275484
2.275490
2.275496
2.275502
2.275508
2.275514
2.275520
2.275526
2.275532
2.275538
2.275544
2.275549
2.275555
2.275561
2.275566
2.275572
2.275577
2.275583
2.275588
2.275593
2.275599
2.275604
2.275609
2.275614
2.275619
2.275624
2.275629
2.275634
2.275639
2.275644
2.275649
2.275654
2.275659
2.275664
2.275668
2.275673
2.275677
2.275682
2.275687
2.275691
2.275695
2.275700
2.275704
2.275708
2.275713
2.275717
2.275721
2.275725
2.275729
2.275733
2.275737
2.275741
2.275745
2.275749
2.275753
2.275757
2.275761
2.275764
2.275768
2.275772
2.275775
2.275779
2.275782
2.275786
2.275789
2.275793
2.275796
2.275799
2.275803
2.275806
2.275809
2.275812
2.275815
2.275818
2.275822
2.275825
2.275827
2.275830
2.275833
2.275836
2.275839
2.275842
2.275844
2.275847
2.275850
2.275852
2.275855
2.275858
2.275860
2.275863
2.275865
2.275867
2.275870
2.275872
2.275874
2.275877
2.275879
2.275881
2.275883
2.275885
2.275887
2.275889
2.275891
2.275893
2.275895
2.275897
2.275899
2.275901
2.275903
2.275905
2.275906
2.275908
2.275910
2.275911
2.275913
2.275914
2.275916
2.275917
2.275919
2.275920
2.275922
2.275923
2.275924
2.275925
2.275927
2.275928
2.275929
2.275930
2.275931
2.275932
2.275933
2.275935
2.275935
2.275936
2.275937
2.275938
2.275939
2.275940
2.275941
2.275941
2.275942
2.275943
2.275944
2.275944
2.275945
2.275945
2.275946
2.275946
2.275947
2.275947
2.275948
2.275948
2.275948
2.275949
2.275949
2.275949
2.275950
2.275950
2.275950
2.275950
2.275950
2.275950
2.275950
2.275950
2.275950
2.275950
2.275950
2.275950
2.275950
2.275950
2.275950
2.275950
2.275949
2.275949
2.275949
2.275948
2.275948
2.275948
2.275947
2.275947
2.275946
2.275946
2.275946
2.275945
2.275944
2.275944
2.275943
2.275943
2.275942
2.275941
2.275940
2.275940
2.275939
2.275938
2.275937
2.275936
2.275936
2.275935
2.275934
2.275933
2.275932
2.275931
2.275930
2.275929
2.275928
2.275927
2.275925
2.275924
2.275923
2.275922
2.275921
2.275919
2.275918
2.275917
2.275915
2.275914
2.275913
2.275911
2.275910
2.275908
2.275907
2.275906
2.275904
2.275902
2.275901
2.275899
2.275898
2.275896
2.275894
2.275893
2.275891
2.275889
2.275888
2.275886
2.275884
2.275882
2.275880
2.275879
2.275877
2.275875
2.275873
2.275871
2.275869
2.275867
2.275865
2.275863
2.275861
2.275859
2.275857
2.275855
2.275852
2.275850
2.275848
2.275846
2.275844
2.275841
2.275839
2.275837
2.275835
2.275832
2.275830
2.275828
2.275825
2.275823
2.275820
2.275818
2.275815
2.275813
2.275811
2.275808
2.275805
2.275803
2.275800
2.275798
2.275795
2.275792
2.275790
2.275787
2.275784
2.275782
2.275779
2.275776
2.275774
2.275771
2.275768
2.275765
2.275762
2.275759
2.275757
2.275754
2.275751
2.275748
2.275745
2.275742
2.275739
2.275736
2.275733
2.275730
2.275727
2.275724
2.275721
2.275718
2.275715
2.275712
2.275708
2.275705
2.275702
2.275699
2.275696
2.275692
2.275689
2.275686
2.275683
2.275679
2.275676
2.275673
2.275669
2.275666
2.275663
2.275659
2.275656
2.275652
2.275649
2.275646
2.275642
2.275639
2.275635
2.275632
2.275628
2.275625
2.275621
2.275617
2.275614
2.275610
2.275607
2.275603
2.275599
2.275596
2.275592
2.275588
2.275585
2.275581
2.275577
2.275574
2.275570
2.275566
2.275562
2.275558
2.275555
2.275551
2.275547
2.275543
2.275539
2.275535
2.275532
2.275528
2.275524
2.275520
2.275516
2.275512
2.275508
2.275504
2.275500
2.275496
2.275492
2.275488
2.275484
2.275480
2.275476
2.275472
2.275468
2.275463
2.275459
2.275455
2.275451
2.275447
2.275443
2.275439
2.275434
2.275430
2.275426
2.275422
2.275417
2.275413
2.275409
2.275405
2.275400
2.275396
2.275392
2.275388
2.275383
2.275379
2.275374
2.275370
2.275366
2.275361
2.275357
2.275353
2.275348
2.275344
2.275339
2.275335
2.275330
2.275326
2.275321
2.275317
2.275312
2.275308
2.275303
2.275299
2.275294
2.275290
2.275285
2.275281
2.275276
2.275271
2.275267
2.275262
2.275258
2.275253
2.275248
2.275244
2.275239
2.275234
2.275230
2.275225
2.275220
2.275216
2.275211
2.275206
2.275201
2.275197
2.275192
2.275187
2.275182
2.275178
2.275173
2.275168
2.275163
2.275158
2.275154
2.275149
2.275149
2.275144
2.275139
2.275134
2.275129
2.275124
2.275119
2.275115
2.275110
2.275105
2.275100
2.275095
2.275090
2.275085
2.275080
2.275075
2.275070
2.275065
2.275060
2.275055
2.275050
2.275045
2.275040
2.275035
2.275030
2.275025
2.275020
2.275015
2.275010
2.275005
2.275000
2.274995
2.274989
2.274984
2.274979
2.274974
2.274969
2.274964
2.274959
2.274954
2.274948
2.274943
2.274938
2.274933
2.274928
2.274922
2.274917
2.274912
2.274907
2.274902
2.274896
2.274891
2.274886
2.274881
2.274875
2.274870
2.274865
2.274860
2.274854
2.274849
2.274844
2.274838
2.274833
2.274828
2.274822
2.274817
2.274812
2.274806
2.274801
2.274796
2.274790
2.274785
2.274780
2.274774
2.274769
2.274763
2.274758
2.274753
2.274747
2.274742
2.274736
2.274731
2.274726
2.274720
2.274715
2.274709
2.274704
2.274698
2.274693
2.274687
2.274682
2.274676
2.274671
2.274665
2.274660
2.274654
2.274649
2.274643
2.274638
2.274632
2.274627
2.274621
2.274616
2.274610
2.274605
2.274599
2.274593
2.274588
2.274582
2.274577
2.274571
2.274565
2.274560
2.274554
2.274549
2.274543
2.274537
2.274532
2.274526
2.274521
2.274515
2.274509
2.274504
2.274498
2.274492
2.274487
2.274481
2.274475
2.274470
2.274464
2.274458
2.274453
2.274447
2.274441
2.274435
2.274430
2.274424
2.274418
2.274413
2.274407
2.274401
2.274395
2.274390
2.274384
2.274378
2.274372
2.274367
2.274361
2.274355
2.274349
2.274343
2.274338
2.274332
2.274326
2.274320
2.274315
2.274309
2.274303
2.274297
2.274291
2.274285
2.274280
2.274274
2.274268
2.274262
2.274256
2.274250
2.274245
2.274239
2.274233
2.274227
2.274221
2.274215
2.274209
2.274204
2.274198
2.274192
2.274186
2.274180
2.274174
2.274168
2.274162
2.274156
2.274151
2.274145
2.274139
2.274133
2.274127
2.274121
2.274115
2.274109
2.274103
2.274097
2.274091
2.274085
2.274079
2.274073
2.274067
2.274061
2.274055
2.274049
2.274044
2.274038
2.274032
2.274026
2.274020
2.274014
2.274008
2.274002
2.273996
2.273990
2.273984
2.273978
2.273972
2.273966
2.273960
2.273954
2.273947
2.273941
2.273935
2.273929
2.273923
2.273917
2.273911
2.273905
2.273899
2.273893
2.273887
2.273881
2.273875
2.273869
2.273863
2.273857
2.273851
2.273845
2.273838
2.273832
2.273826
2.273820
2.273814
2.273808
2.273802
2.273796
2.273790
2.273784
2.273777
2.273771
2.273765
2.273759
2.273753
2.273747
2.273741
2.273735
2.273729
2.273722
2.273716
2.273710
2.273704
2.273698
2.273692
2.273686
2.273679
2.273673
2.273667
2.273661
2.273655
2.273649
2.273642
2.273636
2.273630
2.273624
2.273618
2.273611
2.273605
2.273599
2.273593
2.273587
2.273581
2.273574
2.273568
2.273562
2.273556
2.273550
2.273543
2.273537
2.273531
2.273525
2.273518
2.273512
2.273506
2.273500
2.273494
2.273487
2.273481
2.273475
2.273469
2.273462
2.273456
2.273450
2.273444
2.273437
2.273431
2.273425
2.273419
2.273412
2.273406
2.273400
2.273394
2.273387
2.273381
2.273375
2.273368
2.273362
2.273356
2.273350
2.273343
2.273337
2.273331
2.273324
2.273318
2.273312
2.273306
2.273299
2.273293
2.273287
2.273280
2.273274
2.273268
2.273261
2.273255
2.273249
2.273242
2.273236
2.273230
2.273223
2.273217
2.273211
2.273204
2.273198
2.273192
2.273185
2.273179
2.273173
2.273166
2.273160
2.273154
2.273147
2.273141
2.273135
2.273128
2.273122
2.273116
2.273109
2.273103
2.273097
2.273090
2.273084
2.273077
2.273071
2.273065
2.273058
2.273052
2.273046
2.273039
2.273033
2.273026
2.273020
2.273014
2.273007
2.273001
2.272994
2.272988
2.272982
2.272975
2.272969
2.272962
2.272956
2.272950
2.272943
2.272937
2.272930
2.272924
2.272917
2.272911
2.272905
2.272898
2.272892
2.272885
2.272879
2.272873
2.272866
2.272860
2.272853
2.272847
2.272840
2.272834
2.272827
2.272821
2.272815
2.272808
2.272802
2.272795
2.272789
2.272782
2.272776
2.272769
2.272763
2.272756
2.272750
2.272743
2.272737
2.272731
2.272724
2.272718
2.272711
2.272705
2.272698
2.272692
2.272685
2.272679
2.272672
2.272666
2.272659
2.272653
2.272646
2.272640
2.272633
2.272627
2.272620
2.272614
2.272607
2.272601
2.272594
2.272588
2.272581
2.272575
2.272568
2.272562
2.272555
2.272549
2.272542
2.272536
2.272529
2.272523
2.272516
2.272509
2.272503
2.272496
2.272490
2.272483
2.272477
2.272470
2.272464
2.272457
2.272451
2.272444
2.272438
2.272431
2.272424
2.272418
2.272411
2.272405
2.272398
2.272392
2.272385
2.272379
2.272372
2.272365
2.272359
2.272352
2.272346
2.272339
2.272333
2.272326
2.272319
2.272313
2.272306
2.272300
2.272293
2.272287
2.272280
2.272273
2.272267
2.272260
2.272254
2.272247
2.272240
2.272234
2.272227
2.272221
2.272214
2.272207
2.272201
2.272194
2.272188
2.272181
2.272174
2.272168
2.272161
2.272154
2.272154
2.272148
2.272141
2.272135
2.272128
2.272121
2.272115
2.272108
2.272102
2.272095
2.272088
2.272082
2.272075
2.272068
2.272062
2.272055
2.272048
2.272042
2.272035
2.272028
2.272022
2.272015
2.272009
2.272002
2.271995
2.271989
2.271982
2.271975
2.271969
2.271962
2.271955
2.271949
2.271942
2.271935
2.271929
2.271922
2.271915
2.271909
2.271902
2.271895
2.271889
2.271882
2.271875
2.271869
2.271862
2.271855
2.271848
2.271842
2.271835
2.271828
2.271822
2.271815
2.271808
2.271802
2.271795
2.271788
2.271782
2.271775
2.271768
2.271761
2.271755
2.271748
2.271741
2.271735
2.271728
2.271721
2.271714
2.271708
2.271701
2.271694
2.271688
2.271681
2.271674
2.271667
2.271661
2.271654
2.271647
2.271640
2.271634
2.271627
2.271620
2.271613
2.271607
2.271600
2.271593
2.271587
2.271580
2.271573
2.271566
2.271560
2.271553
2.271546
2.271539
2.271533
2.271526
2.271519
2.271512
2.271505
2.271499
2.271492
2.271485
2.271478
2.271472
2.271465
2.271458
2.271451
2.271445
2.271438
2.271431
2.271424
2.271417
2.271411
2.271404
2.271397
2.271390
2.271383
2.271377
2.271370
2.271363
2.271356
2.271349
2.271343
2.271336
2.271329
2.271322
2.271315
2.271309
2.271302
2.271295
2.271288
2.271281
2.271275
2.271268
2.271261
2.271254
2.271247
2.271240
2.271234
2.271227
2.271220
2.271213
2.271206
2.271200
2.271193
2.271186
2.271179
2.271172
2.271165
2.271159
2.271152
2.271145
2.271138
2.271131
2.271124
2.271117
2.271111
2.271104
2.271097
2.271090
2.271083
2.271076
2.271069
2.271063
2.271056
2.271049
2.271042
2.271035
2.271028
2.271021
2.271015
2.271008
2.271001
2.270994
2.270987
2.270980
2.270973
2.270966
2.270959
2.270953
2.270946
2.270939
2.270932
2.270925
2.270918
2.270911
2.270904
2.270897
2.270891
2.270884
2.270877
2.270870
2.270863
2.270856
2.270849
2.270842
2.270835
2.270828
2.270821
2.270815
2.270808
2.270801
2.270794
2.270787
2.270780
2.270773
2.270766
2.270759
2.270752
2.270745
2.270738
2.270731
2.270725
2.270718
2.270711
2.270704
2.270697
2.270690
2.270683
2.270676
2.270669
2.270662
2.270655
2.270648
2.270641
2.270634
2.270627
2.270620
2.270613
2.270606
2.270599
2.270592
2.270585
2.270579
2.270572
2.270565
2.270558
2.270551
2.270544
2.270537
2.270530
2.270523
2.270516
2.270509
2.270502
2.270495
2.270488
2.270481
2.270474
2.270467
2.270460
2.270453
2.270446
2.270439
2.270432
2.270425
2.270418
2.270411
2.270404
2.270397
2.270390
2.270383
2.270376
2.270369
2.270362
2.270355
2.270348
2.270341
2.270334
2.270327
2.270320
2.270313
2.270306
2.270299
2.270292
2.270285
2.270278
2.270270
2.270263
2.270256
2.270249
2.270242
2.270235
2.270228
2.270221
2.270214
2.270207
2.270200
2.270193
2.270186
2.270179
2.270172
2.270165
2.270158
2.270151
2.270144
2.270137
2.270130
2.270122
2.270115
2.270108
2.270101
2.270094
2.270087
2.270080
2.270073
2.270066
2.270059
2.270052
2.270045
2.270038
2.270030
2.270023
2.270016
2.270009
2.270002
2.269995
2.269988
2.269981
2.269974
2.269967
2.269960
2.269952
2.269945
2.269938
2.269931
2.269924
2.269917
2.269910
2.269903
2.269896
2.269888
2.269881
2.269874
2.269867
2.269860
2.269853
2.269846
2.269839
2.269831
2.269824
2.269817
2.269810
2.269803
2.269796
2.269789
2.269782
2.269774
2.269767
2.269760
2.269753
2.269746
2.269739
2.269732
2.269724
2.269717
2.269710
2.269703
2.269696
2.269689
2.269681
2.269674
2.269667
2.269660
2.269653
2.269646
2.269638
2.269631
2.269624
2.269617
2.269610
2.269603
2.269595
2.269588
2.269581
2.269574
2.269567
2.269560
2.269552
2.269545
2.269538
2.269531
2.269524
2.269516
2.269509
2.269502
2.269495
2.269488
2.269480
2.269473
2.269466
2.269459
2.269452
2.269444
2.269437
2.269430
2.269423
2.269416
2.269408
2.269401
2.269394
2.269387
2.269379
2.269372
2.269365
2.269358
2.269351
2.269343
2.269336
2.269329
2.269322
2.269314
2.269307
2.269300
2.269293
2.269285
2.269278
2.269271
2.269264
2.269257
2.269249
2.269242
2.269235
2.269228
2.269220
2.269213
2.269206
2.269198
2.269191
2.269184
2.269177
2.269169
2.269162
2.269155
2.269148
2.269140
2.269133
2.269126
2.269119
2.269111
2.269104
2.269097
2.269089
2.269082
2.269075
2.269068
2.269060
2.269053
2.269046
2.269038
2.269031
2.269024
2.269017
2.269009
2.269002
2.268995
2.268987
2.268980
2.268973
2.268965
2.268958
2.268951
2.268944
2.268936
2.268929
2.268922
2.268914
2.268907
2.268900
2.268892
2.268885
2.268878
2.268870
2.268863
2.268856
2.268848
2.268841
2.268834
2.268826
2.268819
2.268812
2.268804
2.268797
2.268790
2.268782
2.268775
2.268768
2.268760
2.268753
2.268746
2.268738
2.268731
2.268724
2.268716
2.268709
2.268702
2.268694
2.268687
2.268679
2.268672
2.268665
2.268665
2.268657
2.268650
2.268643
2.268635
2.268628
2.268621
2.268613
2.268606
2.268598
2.268591
2.268584
2.268576
2.268569
2.268562
2.268554
2.268547
2.268539
2.268532
2.268525
2.268517
2.268510
2.268502
2.268495
2.268488
2.268480
2.268473
2.268465
2.268458
2.268451
2.268443
2.268436
2.268428
2.268421
2.268414
2.268406
2.268399
2.268391
2.268384
2.268376
2.268369
2.268362
2.268354
2.268347
2.268339
2.268332
2.268325
2.268317
2.268310
2.268302
2.268295
2.268287
2.268280
2.268272
2.268265
2.268258
2.268250
2.268243
2.268235
2.268228
2.268220
2.268213
2.268205
2.268198
2.268191
2.268183
2.268176
2.268168
2.268161
2.268153
2.268146
2.268138
2.268131
2.268123
2.268116
2.268109
2.268101
2.268094
2.268086
2.268079
2.268071
2.268064
2.268056
2.268049
2.268041
2.268034
2.268026
2.268019
2.268011
2.268004
2.267996
2.267989
2.267981
2.267974
2.267966
2.267959
2.267951
2.267944
2.267936
2.267929
2.267921
2.267914
2.267906
2.267899
2.267891
2.267884
2.267876
2.267869
2.267861
2.267854
2.267846
2.267839
2.267831
2.267824
2.267816
2.267809
2.267801
2.267794
2.267786
2.267779
2.267771
2.267764
2.267756
2.267749
2.267741
2.267733
2.267726
2.267718
2.267711
2.267703
2.267696
2.267688
2.267681
2.267673
2.267666
2.267658
2.267650
2.267643
2.267635
2.267628
2.267620
2.267613
2.267605
2.267598
2.267590
2.267583
2.267575
2.267567
2.267560
2.267552
2.267545
2.267537
2.267530
2.267522
2.267514
2.267507
2.267499
2.267492
2.267484
2.267477
2.267469
2.267461
2.267454
2.267446
2.267439
2.267431
2.267423
2.267416
2.267408
2.267401
2.267393
2.267386
2.267378
2.267370
2.267363
2.267355
2.267348
2.267340
2.267332
2.267325
2.267317
2.267310
2.267302
2.267294
2.267287
2.267279
2.267271
2.267264
2.267256
2.267249
2.267241
2.267233
2.267226
2.267218
2.267211
2.267203
2.267195
2.267188
2.267180
2.267172
2.267165
2.267157
2.267150
2.267142
2.267134
2.267127
2.267119
2.267111
2.267104
2.267096
2.267088
2.267081
2.267073
2.267066
2.267058
2.267050
2.267043
2.267035
2.267027
2.267020
2.267012
2.267004
2.266997
2.266989
2.266981
2.266974
2.266966
2.266958
2.266951
2.266943
2.266935
2.266928
2.266920
2.266912
2.266905
2.266897
2.266889
2.266882
2.266874
2.266866
2.266859
2.266851
2.266843
2.266836
2.266828
2.266820
2.266813
2.266805
2.266797
2.266790
2.266782
2.266774
2.266767
2.266759
2.266751
2.266744
2.266736
2.266728
2.266720
2.266713
2.266705
2.266697
2.266690
2.266682
2.266674
2.266667
2.266659
2.266651
2.266643
2.266636
2.266628
2.266620
2.266613
2.266605
2.266597
2.266590
2.266582
2.266574
2.266566
2.266559
2.266551
2.266543
2.266536
2.266528
2.266520
2.266512
2.266505
2.266497
2.266489
2.266481
2.266474
2.266466
2.266458
2.266451
2.266443
2.266435
2.266427
2.266420
2.266412
2.266404
2.266396
2.266389
2.266381
2.266373
2.266365
2.266358
2.266350
2.266342
2.266334
2.266327
2.266319
2.266311
2.266303
2.266296
2.266288
2.266280
2.266272
2.266265
2.266257
2.266249
2.266241
2.266234
2.266226
2.266218
2.266210
2.266203
2.266195
2.266187
2.266179
2.266172
2.266164
2.266156
2.266148
2.266140
2.266133
2.266125
2.266117
2.266109
2.266102
2.266094
2.266086
2.266078
2.266070
2.266063
2.266055
2.266047
2.266039
2.266032
2.266024
2.266016
2.266008
2.266000
2.265993
2.265985
2.265977
2.265969
2.265961
2.265954
2.265946
2.265938
2.265930
2.265922
2.265915
2.265907
2.265899
2.265891
2.265883
2.265876
2.265868
2.265860
2.265852
2.265844
2.265837
2.265829
2.265821
2.265813
2.265805
2.265798
2.265790
2.265782
2.265774
2.265766
2.265758
2.265751
2.265743
2.265735
2.265727
2.265719
2.265712
2.265704
2.265696
2.265688
2.265680
2.265672
2.265665
2.265657
2.265649
2.265641
2.265633
2.265625
2.265618
2.265610
2.265602
2.265594
2.265586
2.265578
2.265571
2.265563
2.265555
2.265547
2.265539
2.265531
2.265523
2.265516
2.265508
2.265500
2.265492
2.265484
2.265476
2.265469
2.265461
2.265453
2.265445
2.265437
2.265429
2.265421
2.265414
2.265406
2.265398
2.265390
2.265382
2.265374
2.265366
2.265359
2.265351
2.265343
2.265335
2.265327
2.265319
2.265311
2.265304
2.265296
2.265288
2.265280
2.265272
2.265264
2.265256
2.265248
2.265241
2.265233
2.265225
2.265217
2.265209
2.265201
2.265193
2.265185
2.265178
2.265170
2.265162
2.265154
2.265146
2.265138
2.265130
2.265122
2.265114
2.265107
2.265099
2.265091
2.265083
2.265075
2.265067
2.265059
2.265051
2.265043
2.265036
2.265028
2.265020
2.265012
2.265004
2.264996
2.264988
2.264980
2.264972
2.264965
2.264957
2.264949
2.264941
2.264933
2.264925
2.264917
2.264909
2.264901
2.264893
2.264885
2.264878
2.264870
2.264862
2.264854
2.264846
2.264838
2.264838
2.264830
2.264822
2.264814
2.264806
2.264798
2.264791
2.264783
2.264775
2.264767
2.264759
2.264751
2.264743
2.264735
2.264727
2.264719
2.264711
2.264703
2.264696
2.264688
2.264680
2.264672
2.264664
2.264656
2.264648
2.264640
2.264632
2.264624
2.264616
2.264608
2.264600
2.264592
2.264585
2.264577
2.264569
2.264561
2.264553
2.264545
2.264537
2.264529
2.264521
2.264513
2.264505
2.264497
2.264489
2.264481
2.264473
2.264465
2.264458
2.264450
2.264442
2.264434
2.264426
2.264418
2.264410
2.264402
2.264394
2.264386
2.264378
2.264370
2.264362
2.264354
2.264346
2.264338
2.264330
2.264322
2.264315
2.264307
2.264299
2.264291
2.264283
2.264275
2.264267
2.264259
2.264251
2.264243
2.264235
2.264227
2.264219
2.264211
2.264203
2.264195
2.264187
2.264179
2.264171
2.264163
2.264155
2.264147
2.264139
2.264131
2.264123
2.264116
2.264108
2.264100
2.264092
2.264084
2.264076
2.264068
2.264060
2.264052
2.264044
2.264036
2.264028
2.264020
2.264012
2.264004
2.263996
2.263988
2.263980
2.263972
2.263964
2.263956
2.263948
2.263940
2.263932
2.263924
2.263916
2.263908
2.263900
2.263892
2.263884
2.263876
2.263868
2.263860
2.263852
2.263844
2.263836
2.263828
2.263820
2.263812
2.263805
2.263797
2.263789
2.263781
2.263773
2.263765
2.263757
2.263749
2.263741
2.263733
2.263725
2.263717
2.263709
2.263701
2.263693
2.263685
2.263677
2.263669
2.263661
2.263653
2.263645
2.263637
2.263629
2.263621
2.263613
2.263605
2.263597
2.263589
2.263581
2.263573
2.263565
2.263557
2.263549
2.263541
2.263533
2.263525
2.263517
2.263509
2.263501
2.263493
2.263485
2.263477
2.263469
2.263461
2.263453
2.263445
2.263437
2.263429
2.263421
2.263413
2.263405
2.263397
2.263389
2.263381
2.263373
2.263365
2.263357
2.263349
2.263341
2.263333
2.263325
2.263317
2.263309
2.263301
2.263293
2.263285
2.263277
2.263269
2.263261
2.263253
2.263245
2.263237
2.263229
2.263221
2.263213
2.263205
2.263197
2.263189
2.263181
2.263173
2.263164
2.263156
2.263148
2.263140
2.263132
2.263124
2.263116
2.263108
2.263100
2.263092
2.263084
2.263076
2.263068
2.263060
2.263052
2.263044
2.263036
2.263028
2.263020
2.263012
2.263004
2.262996
2.262988
2.262980
2.262972
2.262964
2.262956
2.262948
2.262940
2.262932
2.262924
2.262916
2.262908
2.262900
2.262892
2.262884
2.262876
2.262868
2.262860
2.262852
2.262844
2.262836
2.262828
2.262820
2.262812
2.262804
2.262796
2.262788
2.262780
2.262771
2.262763
2.262755
2.262747
2.262739
2.262731
2.262723
2.262715
2.262707
2.262699
2.262691
2.262683
2.262675
2.262667
2.262659
2.262651
2.262643
2.262635
2.262627
2.262619
2.262611
2.262603
2.262595
2.262587
2.262579
2.262571
2.262563
2.262555
2.262547
2.262539
2.262531
2.262523
2.262515
2.262507
2.262498
2.262490
2.262482
2.262474
2.262466
2.262458
2.262450
2.262442
2.262434
2.262426
2.262418
2.262410
2.262402
2.262394
2.262386
2.262378
2.262370
2.262362
2.262354
2.262346
2.262338
2.262330
2.262322
2.262314
2.262306
2.262298
2.262290
2.262282
2.262273
2.262265
2.262257
2.262249
2.262241
2.262233
2.262225
2.262217
2.262209
2.262201
2.262193
2.262185
2.262177
2.262169
2.262161
2.262153
2.262145
2.262137
2.262129
2.262121
2.262113
2.262105
2.262097
2.262089
2.262081
2.262073
2.262065
2.262056
2.262048
2.262040
2.262032
2.262024
2.262016
2.262008
2.262000
2.261992
2.261984
2.261976
2.261968
2.261960
2.261952
2.261944
2.261936
2.261928
2.261920
2.261912
2.261904
2.261896
2.261888
2.261880
2.261872
2.261864
2.261856
2.261847
2.261839
2.261831
2.261823
2.261815
2.261807
2.261799
2.261791
2.261783
2.261775
2.261767
2.261759
2.261751
2.261743
2.261735
2.261727
2.261719
2.261711
2.261703
2.261695
2.261687
2.261679
2.261671
2.261663
2.261655
2.261646
2.261638
2.261630
2.261622
2.261614
2.261606
2.261598
2.261590
2.261582
2.261574
2.261566
2.261558
2.261550
2.261542
2.261534
2.261526
2.261518
2.261510
2.261502
2.261494
2.261486
2.261478
2.261470
2.261462
2.261454
2.261446
2.261437
2.261429
2.261421
2.261413
2.261405
2.261397
2.261389
2.261381
2.261373
2.261365
2.261357
2.261349
2.261341
2.261333
2.261325
2.261317
2.261309
2.261301
2.261293
2.261285
2.261277
2.261269
2.261261
2.261253
2.261245
2.261237
2.261228
2.261220
2.261212
2.261204
2.261196
2.261188
2.261180
2.261172
2.261164
2.261156
2.261148
2.261140
2.261132
2.261124
2.261116
2.261108
2.261100
2.261092
2.261084
2.261076
2.261068
2.261060
2.261052
2.261044
2.261036
2.261028
2.261020
2.261012
2.261004
2.260996
2.260987
2.260979
2.260971
2.260963
2.260955
2.260947
2.260939
2.260931
2.260923
2.260915
2.260907
2.260899
2.260891
2.260883
2.260875
2.260867
2.260859
2.260851
2.260843
2.260843
2.260835
2.260827
2.260819
2.260811
2.260803
2.260795
2.260787
2.260779
2.260771
2.260763
2.260755
2.260747
2.260739
2.260731
2.260723
2.260714
2.260706
2.260698
2.260690
2.260682
2.260674
2.260666
2.260658
2.260650
2.260642
2.260634
2.260626
2.260618
2.260610
2.260602
2.260594
2.260586
2.260578
2.260570
2.260562
2.260554
2.260546
2.260538
2.260530
2.260522
2.260514
2.260506
2.260498
2.260490
2.260482
2.260474
2.260466
2.260458
2.260450
2.260442
2.260434
2.260426
2.260418
2.260410
2.260402
2.260394
2.260386
2.260378
2.260370
2.260362
2.260354
2.260346
2.260338
2.260329
2.260321
2.260313
2.260305
2.260297
2.260289
2.260281
2.260273
2.260265
2.260257
2.260249
2.260241
2.260233
2.260225
2.260217
2.260209
2.260201
2.260193
2.260185
2.260177
2.260169
2.260161
2.260153
2.260145
2.260137
2.260129
2.260121
2.260113
2.260105
2.260097
2.260089
2.260081
2.260073
2.260065
2.260057
2.260049
2.260041
2.260033
2.260025
2.260017
2.260009
2.260001
2.259993
2.259985
2.259977
2.259969
2.259961
2.259953
2.259945
2.259937
2.259929
2.259921
2.259913
2.259905
2.259897
2.259889
2.259881
2.259873
2.259865
2.259857
2.259849
2.259841
2.259833
2.259825
2.259817
2.259809
2.259801
2.259793
2.259785
2.259777
2.259769
2.259761
2.259753
2.259745
2.259737
2.259729
2.259721
2.259713
2.259705
2.259697
2.259689
2.259681
2.259673
2.259665
2.259657
2.259649
2.259641
2.259633
2.259625
2.259617
2.259609
2.259601
2.259593
2.259586
2.259578
2.259570
2.259562
2.259554
2.259546
2.259538
2.259530
2.259522
2.259514
2.259506
2.259498
2.259490
2.259482
2.259474
2.259466
2.259458
2.259450
2.259442
2.259434
2.259426
2.259418
2.259410
2.259402
2.259394
2.259386
2.259378
2.259370
2.259362
2.259354
2.259346
2.259338
2.259330
2.259322
2.259314
2.259306
2.259298
2.259290
2.259282
2.259274
2.259267
2.259259
2.259251
2.259243
2.259235
2.259227
2.259219
2.259211
2.259203
2.259195
2.259187
2.259179
2.259171
2.259163
2.259155
2.259147
2.259139
2.259131
2.259123
2.259115
2.259107
2.259099
2.259091
2.259083
2.259075
2.259068
2.259060
2.259052
2.259044
2.259036
2.259028
2.259020
2.259012
2.259004
2.258996
2.258988
2.258980
2.258972
2.258964
2.258956
2.258948
2.258940
2.258932
2.258924
2.258916
2.258909
2.258901
2.258893
2.258885
2.258877
2.258869
2.258861
2.258853
2.258845
2.258837
2.258829
2.258821
2.258813
2.258805
2.258797
2.258789
2.258781
2.258774
2.258766
2.258758
2.258750
2.258742
2.258734
2.258726
2.258718
2.258710
2.258702
2.258694
2.258686
2.258678
2.258670
2.258662
2.258655
2.258647
2.258639
2.258631
2.258623
2.258615
2.258607
2.258599
2.258591
2.258583
2.258575
2.258567
2.258559
2.258552
2.258544
2.258536
2.258528
2.258520
2.258512
2.258504
2.258496
2.258488
2.258480
2.258472
2.258464
2.258457
2.258449
2.258441
2.258433
2.258425
2.258417
2.258409
2.258401
2.258393
2.258385
2.258377
2.258370
2.258362
2.258354
2.258346
2.258338
2.258330
2.258322
2.258314
2.258306
2.258298
2.258290
2.258283
2.258275
2.258267
2.258259
2.258251
2.258243
2.258235
2.258227
2.258219
2.258212
2.258204
2.258196
2.258188
2.258180
2.258172
2.258164
2.258156
2.258148
2.258140
2.258133
2.258125
2.258117
2.258109
2.258101
2.258093
2.258085
2.258077
2.258069
2.258062
2.258054
2.258046
2.258038
2.258030
2.258022
2.258014
2.258006
2.257999
2.257991
2.257983
2.257975
2.257967
2.257959
2.257951
2.257943
2.257936
2.257928
2.257920
2.257912
2.257904
2.257896
2.257888
2.257880
2.257873
2.257865
2.257857
2.257849
2.257841
2.257833
2.257825
2.257818
2.257810
2.257802
2.257794
2.257786
2.257778
2.257770
2.257762
2.257755
2.257747
2.257739
2.257731
2.257723
2.257715
2.257707
2.257700
2.257692
2.257684
2.257676
2.257668
2.257660
2.257653
2.257645
2.257637
2.257629
2.257621
2.257613
2.257605
2.257598
2.257590
2.257582
2.257574
2.257566
2.257558
2.257551
2.257543
2.257535
2.257527
2.257519
2.257511
2.257503
2.257496
2.257488
2.257480
2.257472
2.257464
2.257456
2.257449
2.257441
2.257433
2.257425
2.257417
2.257409
2.257402
2.257394
2.257386
2.257378
2.257370
2.257363
2.257355
2.257347
2.257339
2.257331
2.257323
2.257316
2.257308
2.257300
2.257292
2.257284
2.257277
2.257269
2.257261
2.257253
2.257245
2.257237
2.257230
2.257222
2.257214
2.257206
2.257198
2.257191
2.257183
2.257175
2.257167
2.257159
2.257152
2.257144
2.257136
2.257128
2.257120
2.257113
2.257105
2.257097
2.257089
2.257081
2.257074
2.257066
2.257058
2.257050
2.257042
2.257035
2.257027
2.257019
2.257011
2.257003
2.256996
2.256988
2.256980
2.256972
2.256964
2.256957
2.256949
2.256941
2.256933
2.256926
2.256918
2.256910
2.256902
2.256894
2.256887
2.256887
2.256879
2.256871
2.256863
2.256856
2.256848
2.256840
2.256832
2.256824
2.256817
2.256809
2.256801
2.256793
2.256786
2.256778
2.256770
2.256762
2.256755
2.256747
2.256739
2.256731
2.256723
2.256716
2.256708
2.256700
2.256692
2.256685
2.256677
2.256669
2.256661
2.256654
2.256646
2.256638
2.256630
2.256623
2.256615
2.256607
2.256599
2.256592
2.256584
2.256576
2.256568
2.256561
2.256553
2.256545
2.256537
2.256530
2.256522
2.256514
2.256506
2.256499
2.256491
2.256483
2.256475
2.256468
2.256460
2.256452
2.256445
2.256437
2.256429
2.256421
2.256414
2.256406
2.256398
2.256390
2.256383
2.256375
2.256367
2.256360
2.256352
2.256344
2.256336
2.256329
2.256321
2.256313
2.256305
2.256298
2.256290
2.256282
2.256275
2.256267
2.256259
2.256251
2.256244
2.256236
2.256228
2.256221
2.256213
2.256205
2.256197
2.256190
2.256182
2.256174
2.256167
2.256159
2.256151
2.256144
2.256136
2.256128
2.256120
2.256113
2.256105
2.256097
2.256090
2.256082
2.256074
2.256067
2.256059
2.256051
2.256044
2.256036
2.256028
2.256020
2.256013
2.256005
2.255997
2.255990
2.255982
2.255974
2.255967
2.255959
2.255951
2.255944
2.255936
2.255928
2.255921
2.255913
2.255905
2.255898
2.255890
2.255882
2.255875
2.255867
2.255859
2.255852
2.255844
2.255836
2.255829
2.255821
2.255813
2.255806
2.255798
2.255790
2.255783
2.255775
2.255767
2.255760
2.255752
2.255744
2.255737
2.255729
2.255721
2.255714
2.255706
2.255698
2.255691
2.255683
2.255675
2.255668
2.255660
2.255652
2.255645
2.255637
2.255630
2.255622
2.255614
2.255607
2.255599
2.255591
2.255584
2.255576
2.255568
2.255561
2.255553
2.255545
2.255538
2.255530
2.255523
2.255515
2.255507
2.255500
2.255492
2.255484
2.255477
2.255469
2.255462
2.255454
2.255446
2.255439
2.255431
2.255423
2.255416
2.255408
2.255401
2.255393
2.255385
2.255378
2.255370
2.255363
2.255355
2.255347
2.255340
2.255332
2.255325
2.255317
2.255309
2.255302
2.255294
2.255286
2.255279
2.255271
2.255264
2.255256
2.255248
2.255241
2.255233
2.255226
2.255218
2.255211
2.255203
2.255195
2.255188
2.255180
2.255173
2.255165
2.255157
2.255150
2.255142
2.255135
2.255127
2.255119
2.255112
2.255104
2.255097
2.255089
2.255082
2.255074
2.255066
2.255059
2.255051
2.255044
2.255036
2.255029
2.255021
2.255013
2.255006
2.254998
2.254991
2.254983
2.254976
2.254968
2.254960
2.254953
2.254945
2.254938
2.254930
2.254923
2.254915
2.254908
2.254900
2.254892
2.254885
2.254877
2.254870
2.254862
2.254855
2.254847
2.254840
2.254832
2.254825
2.254817
2.254809
2.254802
2.254794
2.254787
2.254779
2.254772
2.254764
2.254757
2.254749
2.254742
2.254734
2.254727
2.254719
2.254711
2.254704
2.254696
2.254689
2.254681
2.254674
2.254666
2.254659
2.254651
2.254644
2.254636
2.254629
2.254621
2.254614
2.254606
2.254599
2.254591
2.254584
2.254576
2.254569
2.254561
2.254554
2.254546
2.254539
2.254531
2.254524
2.254516
2.254509
2.254501
2.254494
2.254486
2.254479
2.254471
2.254464
2.254456
2.254449
2.254441
2.254434
2.254426
2.254419
2.254411
2.254404
2.254396
2.254389
2.254381
2.254374
2.254366
2.254359
2.254351
2.254344
2.254336
2.254329
2.254321
2.254314
2.254306
2.254299
2.254291
2.254284
2.254276
2.254269
2.254261
2.254254
2.254247
2.254239
2.254232
2.254224
2.254217
2.254209
2.254202
2.254194
2.254187
2.254179
2.254172
2.254164
2.254157
2.254149
2.254142
2.254135
2.254127
2.254120
2.254112
2.254105
2.254097
2.254090
2.254082
2.254075
2.254068
2.254060
2.254053
2.254045
2.254038
2.254030
2.254023
2.254015
2.254008
2.254001
2.253993
2.253986
2.253978
2.253971
2.253963
2.253956
2.253949
2.253941
2.253934
2.253926
2.253919
2.253911
2.253904
2.253897
2.253889
2.253882
2.253874
2.253867
2.253859
2.253852
2.253845
2.253837
2.253830
2.253822
2.253815
2.253808
2.253800
2.253793
2.253785
2.253778
2.253771
2.253763
2.253756
2.253748
2.253741
2.253734
2.253726
2.253719
2.253711
2.253704
2.253697
2.253689
2.253682
2.253674
2.253667
2.253660
2.253652
2.253645
2.253637
2.253630
2.253623
2.253615
2.253608
2.253601
2.253593
2.253586
2.253578
2.253571
2.253564
2.253556
2.253549
2.253542
2.253534
2.253527
2.253519
2.253512
2.253505
2.253497
2.253490
2.253483
2.253475
2.253468
2.253461
2.253453
2.253446
2.253438
2.253431
2.253424
2.253416
2.253409
2.253402
2.253394
2.253387
2.253380
2.253372
2.253365
2.253358
2.253350
2.253343
2.253336
2.253328
2.253321
2.253314
2.253306
2.253299
2.253292
2.253284
2.253277
2.253270
2.253262
2.253255
2.253248
2.253240
2.253233
2.253226
2.253218
2.253211
2.253204
2.253196
2.253189
2.253182
2.253174
2.253167
2.253160
2.253152
2.253145
2.253138
2.253130
2.253123
2.253116
2.253116
