-0.895844
-0.887183
-0.881590
-0.882438
-0.887553
-0.893741
-0.899595
-0.904802
-0.909391
-0.913456
-0.917085
-0.920347
-0.923294
-0.925967
-0.928398
-0.930613
-0.932629
-0.934464
-0.936128
-0.937632
-0.938984
-0.940191
-0.941259
-0.942193
-0.943002
-0.943692
-0.944273
-0.944751
-0.945134
-0.945427
-0.945634
-0.945753
-0.945783
-0.945724
-0.945575
-0.945341
-0.945028
-0.944645
-0.944202
-0.943707
-0.943172
-0.942604
-0.942010
-0.941396
-0.940765
-0.940118
-0.939456
-0.938778
-0.938078
-0.937352
-0.936597
-0.935814
-0.935012
-0.934203
-0.933397
-0.932609
-0.931853
-0.931143
-0.930499
-0.929943
-0.929506
-0.929224
-0.929140
-0.929288
-0.929685
-0.930325
-0.931176
-0.932196
-0.933336
-0.934555
-0.935820
-0.937111
-0.938414
-0.939720
-0.941023
-0.942322
-0.943614
-0.944897
-0.946173
-0.947438
-0.948694
-0.949940
-0.951176
-0.952400
-0.953613
-0.954815
-0.956005
-0.957184
-0.958352
-0.959508
-0.960654
-0.961789
-0.962914
-0.964031
-0.965139
-0.966241
-0.967336
-0.968428
-0.969517
-0.970603
-0.971689
-0.972772
-0.973853
-0.974933
-0.976010
-0.977085
-0.978157
-0.979223
-0.980285
-0.981340
-0.982388
-0.983429
-0.984465
-0.985496
-0.986525
-0.987555
-0.988592
-0.989636
-0.990686
-0.991749
-0.992858
-0.993831
-0.994648
-0.995496
-0.996357
-0.997142
-0.998180
-0.999177
-0.999829
-1.000458
-1.001161
-1.001840
-1.002491
-1.003132
-1.003760
-1.004375
-1.004980
-1.005577
-1.006164
-1.006739
-1.007299
-1.007842
-1.008366
-1.008874
-1.009364
-1.009840
-1.010304
-1.010759
-1.011206
-1.011647
-1.012085
-1.012520
-1.012954
-1.013387
-1.013820
-1.014254
-1.014689
-1.015125
-1.015562
-1.016001
-1.016441
-1.016884
-1.017328
-1.017776
-1.018226
-1.018679
-1.019135
-1.019594
-1.020058
-1.020526
-1.020998
-1.021475
-1.021958
-1.022446
-1.022941
-1.023442
-1.023951
-1.024467
-1.024991
-1.025523
-1.026064
-1.026615
-1.027174
-1.027743
-1.028321
-1.028909
-1.029507
-1.030114
-1.030731
-1.031358
-1.031994
-1.032640
-1.033294
-1.033957
-1.034628
-1.035306
-1.035991
-1.036681
-1.037378
-1.038079
-1.038786
-1.039496
-1.040211
-1.040930
-1.041654
-1.042381
-1.043109
-1.043838
-1.044567
-1.045292
-1.046015
-1.046733
-1.047446
-1.048156
-1.048866
-1.049573
-1.050275
-1.050971
-1.051660
-1.052345
-1.053025
-1.053705
-1.054384
-1.055060
-1.055730
-1.056394
-1.057051
-1.057702
-1.058346
-1.058984
-1.059619
-1.060252
-1.060883
-1.061515
-1.062147
-1.062780
-1.063412
-1.064043
-1.064672
-1.065297
-1.065920
-1.066539
-1.067156
-1.067780
-1.067871
-1.068659
-1.069584
-1.070178
-1.068168
-1.069951
-1.071716
-1.071002
-1.071300
-1.071705
-1.071975
-1.072185
-1.072368
-1.072524
-1.072657
-1.072764
-1.072853
-1.072920
-1.072975
-1.073015
-1.073048
-1.073070
-1.073089
-1.073102
-1.073115
-1.073124
-1.073135
-1.073144
-1.073156
-1.073167
-1.073180
-1.073193
-1.073207
-1.073220
-1.073233
-1.073243
-1.073252
-1.073259
-1.073264
-1.073269
-1.073277
-1.073290
-1.073312
-1.073343
-1.073379
-1.073421
-1.073465
-1.073510
-1.073556
-1.073601
-1.073645
-1.073687
-1.073728
-1.073767
-1.073803
-1.073836
-1.073836
-1.073865
-1.073891
-1.073913
-1.073930
-1.073941
-1.073947
-1.073945
-1.073935
-1.073916
-1.073891
-1.073860
-1.073831
-1.073808
-1.073797
-1.073799
-1.073815
-1.073844
-1.073884
-1.073934
-1.073994
-1.074064
-1.074140
-1.074226
-1.074318
-1.074420
-1.074524
-1.074640
-1.074753
-1.074883
-1.075000
-1.075144
-1.075259
-1.075419
-1.075524
-1.075705
-1.075790
-1.075995
-1.076049
-1.076283
-1.076298
-1.076557
-1.076538
-1.076811
-1.076778
-1.077057
-1.077034
-1.077317
-1.077320
-1.077614
-1.077648
-1.077964
-1.078032
-1.078385
-1.078489
-1.078895
-1.079037
-1.079513
-1.079687
-1.080242
-1.080429
-1.081056
-1.081215
-1.081880
-1.081959
-1.082624
-1.082610
-1.083230
-1.083156
-1.083660
-1.083547
-1.083867
-1.083690
-1.083778
-1.083495
-1.083311
-1.082863
-1.082400
-1.081765
-1.081110
-1.080386
-1.079690
-1.078979
-1.078317
-1.077645
-1.077039
-1.076412
-1.075885
-1.075305
-1.074883
-1.074339
-1.074039
-1.073510
-1.073330
-1.072791
-1.072694
-1.072147
-1.072078
-1.071573
-1.071491
-1.071073
-1.070959
-1.070630
-1.070476
-1.070209
-1.070014
-1.069775
-1.069551
-1.069314
-1.069072
-1.068825
-1.068571
-1.068311
-1.068045
-1.067773
-1.067494
-1.067210
-1.066921
-1.066627
-1.066328
-1.066026
-1.065722
-1.065415
-1.065107
-1.064798
-1.064487
-1.064175
-1.063861
-1.063544
-1.063225
-1.062902
-1.062575
-1.062243
-1.061906
-1.061562
-1.061211
-1.060851
-1.060483
-1.060104
-1.059715
-1.059314
-1.058901
-1.058474
-1.058035
-1.057581
-1.057113
-1.056631
-1.056135
-1.055626
-1.055106
-1.054575
-1.054036
-1.053492
-1.052946
-1.052403
-1.051866
-1.051341
-1.050834
-1.050349
-1.049893
-1.049470
-1.049086
-1.048745
-1.048450
-1.048203
-1.048007
-1.047864
-1.047773
-1.047734
-1.047746
-1.047809
-1.047920
-1.048077
-1.048278
-1.048520
-1.048800
-1.049115
-1.049461
-1.049835
-1.050233
-1.050651
-1.051087
-1.051536
-1.051995
-1.052461
-1.052931
-1.053401
-1.053870
-1.054333
-1.054790
-1.055237
-1.055672
-1.056094
-1.056501
-1.056890
-1.057261
-1.057613
-1.057943
-1.058252
-1.058538
-1.058800
-1.059039
-1.059253
-1.059443
-1.059608
-1.059749
-1.059865
-1.059957
-1.060026
-1.060071
-1.060095
-1.060097
-1.060079
-1.060042
-1.059988
-1.059918
-1.059833
-1.059736
-1.059629
-1.059513
-1.059391
-1.059265
-1.059138
-1.059011
-1.058888
-1.058771
-1.058662
-1.058563
-1.058477
-1.058405
-1.058348
-1.058309
-1.058288
-1.058287
-1.058305
-1.058344
-1.058403
-1.058483
-1.058582
-1.058701
-1.058838
-1.058993
-1.059165
-1.059351
-1.059553
-1.059768
-1.059997
-1.060238
-1.060493
-1.060765
-1.061060
-1.061390
-1.061786
-1.062331
-1.063254
-1.065088
-1.067179
-1.068056
-1.068621
-1.069153
-1.069667
-1.070141
-1.070561
-1.070920
-1.071214
-1.071441
-1.071597
-1.071681
-1.071694
-1.071634
-1.071502
-1.071300
-1.071029
-1.070691
-1.070289
-1.069826
-1.069307
-1.068735
-1.068118
-1.067460
-1.066771
-1.066057
-1.065328
-1.064593
-1.063863
-1.063147
-1.062456
-1.061797
-1.061177
-1.060602
-1.060077
-1.059602
-1.059180
-1.058810
-1.058490
-1.058219
-1.057994
-1.057812
-1.057670
-1.057566
-1.057566
-1.057496
-1.057456
-1.057443
-1.057456
-1.057490
-1.057542
-1.057611
-1.057692
-1.057785
-1.057886
-1.057993
-1.058105
-1.058218
-1.058331
-1.058442
-1.058549
-1.058652
-1.058747
-1.058835
-1.058914
-1.058982
-1.059039
-1.059084
-1.059116
-1.059135
-1.059140
-1.059132
-1.059109
-1.059072
-1.059021
-1.058956
-1.058879
-1.058789
-1.058687
-1.058574
-1.058450
-1.058318
-1.058178
-1.058032
-1.057879
-1.057723
-1.057563
-1.057402
-1.057241
-1.057080
-1.056921
-1.056765
-1.056613
-1.056467
-1.056326
-1.056192
-1.056065
-1.055945
-1.055834
-1.055731
-1.055637
-1.055551
-1.055475
-1.055407
-1.055347
-1.055296
-1.055254
-1.055219
-1.055192
-1.055172
-1.055159
-1.055152
-1.055152
-1.055157
-1.055168
-1.055184
-1.055204
-1.055229
-1.055257
-1.055289
-1.055325
-1.055363
-1.055404
-1.055448
-1.055494
-1.055542
-1.055591
-1.055643
-1.055697
-1.055752
-1.055809
-1.055868
-1.055928
-1.055990
-1.056054
-1.056119
-1.056186
-1.056255
-1.056326
-1.056399
-1.056474
-1.056551
-1.056630
-1.056712
-1.056796
-1.056882
-1.056972
-1.057063
-1.057158
-1.057256
-1.057356
-1.057459
-1.057565
-1.057674
-1.057786
-1.057901
-1.058019
-1.058140
-1.058264
-1.058391
-1.058521
-1.058654
-1.058790
-1.058928
-1.059070
-1.059214
-1.059361
-1.059510
-1.059663
-1.059817
-1.059975
-1.060134
-1.060297
-1.060461
-1.060628
-1.060798
-1.060969
-1.061143
-1.061319
-1.061497
-1.061677
-1.061859
-1.062044
-1.062230
-1.062418
-1.062609
-1.062801
-1.062996
-1.063192
-1.063390
-1.063591
-1.063793
-1.063997
-1.064204
-1.064412
-1.064622
-1.064834
-1.065048
-1.065264
-1.065482
-1.065702
-1.065924
-1.066148
-1.066374
-1.066601
-1.066831
-1.067063
-1.067296
-1.067532
-1.067769
-1.068008
-1.068249
-1.068491
-1.068736
-1.068982
-1.069229
-1.069478
-1.069728
-1.069980
-1.070233
-1.070487
-1.070743
-1.070999
-1.071256
-1.071514
-1.071773
-1.072032
-1.072292
-1.072552
-1.072812
-1.073073
-1.073334
-1.073594
-1.073855
-1.074115
-1.074376
-1.074636
-1.074896
-1.075155
-1.075414
-1.075673
-1.075932
-1.076190
-1.076448
-1.076706
-1.076964
-1.077222
-1.077480
-1.077738
-1.077997
-1.078255
-1.078515
-1.078775
-1.079035
-1.079297
-1.079560
-1.079824
-1.080089
-1.080356
-1.080625
-1.080896
-1.081170
-1.081446
-1.081726
-1.082008
-1.082295
-1.082586
-1.082881
-1.083183
-1.083490
-1.083805
-1.084128
-1.084459
-1.084802
-1.085155
-1.085522
-1.085902
-1.086296
-1.086704
-1.087122
-1.087548
-1.087973
-1.088391
-1.088793
-1.089171
-1.089522
-1.089842
-1.090133
-1.090393
-1.090625
-1.090831
-1.091011
-1.091169
-1.091305
-1.091422
-1.091522
-1.091605
-1.091676
-1.091734
-1.091781
-1.091820
-1.091851
-1.091877
-1.091899
-1.091918
-1.091937
-1.091957
-1.091981
-1.092012
-1.092051
-1.092102
-1.092167
-1.092248
-1.092349
-1.092472
-1.092617
-1.092789
-1.092986
-1.093212
-1.093465
-1.093748
-1.094060
-1.094400
-1.094769
-1.095166
-1.095589
