0.571118
0.559150
0.589440
0.598765
0.603265
0.606567
0.609419
0.612000
0.614366
0.616547
0.618565
0.620436
0.622177
0.623800
0.625317
0.626739
0.628075
0.629334
0.630522
0.631647
0.632715
0.633730
0.634699
0.635626
0.636514
0.637367
0.638189
0.638982
0.639750
0.640494
0.641217
0.641921
0.642608
0.643278
0.643935
0.644578
0.645210
0.645831
0.646442
0.647044
0.647638
0.648224
0.648804
0.649377
0.649945
0.650507
0.651065
0.651618
0.652167
0.652712
0.653253
0.653792
0.654327
0.654859
0.655389
0.655917
0.656442
0.656966
0.657487
0.658007
0.658525
0.659042
0.659558
0.660072
0.660585
0.661096
0.661607
0.662118
0.662627
0.663135
0.663643
0.664151
0.664658
0.665164
0.665670
0.666176
0.666682
0.667188
0.667693
0.668198
0.668704
0.669209
0.669715
0.670221
0.670727
0.671233
0.671739
0.672246
0.672754
0.673261
0.673770
0.674279
0.674788
0.675298
0.675809
0.676321
0.676833
0.677346
0.677860
0.678375
0.678891
0.679408
0.679925
0.680444
0.680964
0.681485
0.682007
0.682530
0.683054
0.683580
0.684107
0.684634
0.685164
0.685694
0.686226
0.686759
0.687294
0.687829
0.688366
0.688905
0.689445
0.689986
0.690529
0.691073
0.691619
0.692166
0.692714
0.693264
0.693815
0.694368
0.694922
0.695477
0.696034
0.696592
0.697152
0.697713
0.698276
0.698840
0.699405
0.699972
0.700540
0.701109
0.701680
0.702252
0.702826
0.703400
0.703976
0.704554
0.705132
0.705712
0.706293
0.706875
0.707458
0.708043
0.708629
0.709216
0.709804
0.710393
0.710983
0.711574
0.712167
0.712760
0.713354
0.713950
0.714546
0.715144
0.715742
0.716341
0.716941
0.717542
0.718144
0.718747
0.719350
0.719955
0.720560
0.721166
0.721772
0.722379
0.722988
0.723596
0.724206
0.724816
0.725427
0.726038
0.726650
0.727262
0.727876
0.728489
0.729103
0.729718
0.730333
0.730949
0.731565
0.732182
0.732799
0.733416
0.734034
0.734652
0.735271
0.735889
0.736509
0.737128
0.737748
0.738368
0.738989
0.739609
0.740230
0.740851
0.741473
0.742094
0.742716
0.743338
0.743960
0.744582
0.745205
0.745827
0.746450
0.747073
0.747696
0.748319
0.748942
0.749565
0.750188
0.750811
0.751434
0.752057
0.752680
0.753303
0.753926
0.754549
0.755172
0.755795
0.756418
0.757041
0.757664
0.758287
0.758909
0.759532
0.760154
0.760776
0.761398
0.762020
0.762642
0.763263
0.763885
0.764506
0.765127
0.765748
0.766368
0.766989
0.767609
0.768229
0.768848
0.769468
0.770087
0.770706
0.771324
0.771942
0.772560
0.773178
0.773795
0.774412
0.775029
0.775645
0.776261
0.776876
0.777491
0.778106
0.778720
0.779334
0.779948
0.780561
0.781173
0.781785
0.782397
0.783008
0.783619
0.784229
0.784839
0.785448
0.786056
0.786664
0.787272
0.787879
0.788485
0.789091
0.789696
0.790301
0.790905
0.791508
0.792110
0.792712
0.793313
0.793914
0.794514
0.795113
0.795711
0.796308
0.796905
0.797501
0.798096
0.798691
0.799284
0.799877
0.800468
0.801059
0.801649
0.802238
0.802826
0.803413
0.803999
0.804584
0.805168
0.805751
0.806333
0.806914
0.807493
0.808072
0.808649
0.809226
0.809801
0.810375
0.810947
0.811519
0.812089
0.812658
0.813225
0.813791
0.814356
0.814920
0.815482
0.816042
0.816602
0.817159
0.817716
0.818270
0.818823
0.819375
0.819925
0.820473
0.821020
0.821565
0.822109
0.822651
0.823191
0.823729
0.824266
0.824800
0.825333
0.825865
0.826394
0.826921
0.827447
0.827971
0.828493
0.829012
0.829530
0.830046
0.830560
0.831072
0.831582
0.832090
0.832596
0.833100
0.833602
0.834102
0.834600
0.835095
0.835589
0.836080
0.836570
0.837057
0.837543
0.838026
0.838507
0.838986
0.839463
0.839938
0.840411
0.840882
0.841351
0.841818
0.842283
0.842746
0.843207
0.843666
0.844124
0.844579
0.845033
0.845485
0.845935
0.846384
0.846831
0.847277
0.847721
0.848163
0.848604
0.849044
0.849482
0.849920
0.850356
0.850791
0.851225
0.851658
0.852091
0.852522
0.852953
0.853384
0.853814
0.854244
0.854673
0.855103
0.855532
0.855961
0.856391
0.856821
0.857252
0.857683
0.858114
0.858547
0.858981
0.859415
0.859851
0.860289
0.860728
0.861168
0.861611
0.862055
0.862502
0.862950
0.863402
0.863855
0.864312
0.864771
0.865234
0.865700
0.866169
0.866641
0.867117
0.867597
0.868081
0.868569
0.869061
0.869558
0.870059
0.870564
0.871075
0.871590
0.872110
0.872636
0.873167
0.873703
0.874244
0.874792
0.875344
0.875903
0.876468
0.877038
0.877614
0.878197
0.878785
0.879380
0.879981
0.880589
0.881202
0.881822
0.882448
0.883081
0.883720
0.884365
0.885016
0.885674
0.886338
0.887008
0.887685
0.888367
0.889056
0.889751
0.890451
0.891157
0.891870
0.892587
0.893310
0.894039
0.894773
0.895512
0.896256
0.897005
0.897758
0.898516
0.899279
0.900046
0.900817
0.901592
0.902370
0.903153
0.903938
0.904727
0.905519
0.906313
0.906313
0.907110
0.907910
0.908712
0.909516
0.910321
0.911129
0.911938
0.912748
0.913559
0.914370
0.915183
0.915996
0.916809
0.917622
0.918435
0.919248
0.920060
0.920871
0.921681
0.922491
0.923299
0.924106
0.924911
0.925714
0.926515
0.927315
0.928112
0.928907
0.929699
0.930488
0.931275
0.932058
0.932839
0.933616
0.934391
0.935161
0.935928
0.936692
0.937452
0.938208
0.938960
0.939708
0.940451
0.941191
0.941927
0.942658
0.943385
0.944107
0.944825
0.945538
0.946247
0.946951
0.947651
0.948345
0.949035
0.949720
0.950401
0.951076
0.951747
0.952413
0.953074
0.953730
0.954381
0.955028
0.955669
0.956306
0.956937
0.957564
0.958186
0.958803
0.959415
0.960023
0.960625
0.961223
0.961815
0.962403
0.962987
0.963565
0.964139
0.964708
0.965273
0.965833
0.966388
0.966939
0.967485
0.968027
0.968564
0.969097
0.969625
0.970149
0.970669
0.971184
0.971696
0.972203
0.972705
0.973204
0.973699
0.974189
0.974676
0.975159
0.975637
0.976112
0.976583
0.977050
0.977514
0.977974
0.978430
0.978882
0.979331
0.979777
0.980219
0.980657
0.981092
0.981524
0.981952
0.982378
0.982800
0.983218
0.983634
0.984047
0.984456
0.984863
0.985266
0.985667
0.986065
0.986460
0.986852
0.987242
0.987629
0.988013
0.988395
0.988774
0.989150
0.989524
0.989896
0.990265
0.990632
0.990997
0.991360
0.991720
0.992078
0.992434
0.992788
0.993140
0.993490
0.993838
0.994184
0.994528
0.994870
0.995211
0.995550
0.995887
0.996223
0.996557
0.996889
0.997220
0.997550
0.997878
0.998205
0.998530
0.998854
0.999177
0.999499
0.999820
1.000140
1.000458
1.000776
1.001092
1.001408
1.001723
1.002038
1.002351
1.002664
1.002976
1.003288
1.003599
1.003910
1.004220
1.004530
1.004839
1.005149
1.005458
1.005767
1.006077
1.006386
1.006695
1.007005
1.007314
1.007624
1.007935
1.008246
1.008557
1.008869
1.009182
1.009495
1.009810
1.010125
1.010442
1.010759
1.011078
1.011398
1.011720
1.012043
1.012367
1.012694
1.013022
1.013353
1.013686
1.014020
1.014358
1.014698
1.015040
1.015386
1.015734
1.016085
1.016440
1.016799
1.017161
1.017527
1.017897
1.018271
1.018649
1.019033
1.019421
1.019815
1.020213
1.020618
1.021028
1.021445
1.021867
1.022297
1.022734
1.023178
1.023629
1.024089
1.024556
1.025033
1.025518
1.026013
1.026517
1.027032
1.027556
1.028092
1.028639
1.029197
1.029767
1.030350
1.030945
1.031554
1.032175
1.032811
1.033460
1.034124
1.034802
1.035496
1.036204
1.036927
1.037666
1.038420
1.039190
1.039975
1.040775
1.041590
1.042420
1.043265
1.044124
1.044997
1.045883
1.046781
1.047692
1.048614
1.049546
1.050489
1.051440
1.052400
1.053367
1.054341
1.055320
1.056304
1.057292
1.058283
1.059276
1.060271
1.061267
1.062264
1.063259
1.064254
1.065248
1.066239
1.067228
1.068214
1.069198
1.070177
1.071153
1.072124
1.073091
1.074054
1.075012
1.075964
1.076912
1.077854
1.078790
1.079721
1.080646
1.081565
1.082478
1.083384
1.084285
1.085179
1.086066
1.086947
1.087822
1.088689
1.089550
1.090404
1.091252
1.092092
1.092926
1.093752
1.094572
1.095385
1.096191
1.096990
1.097783
1.098568
1.099347
1.100118
1.100884
1.101642
1.102394
1.103139
1.103878
1.104610
1.105336
1.106055
1.106768
1.107475
1.108176
1.108870
1.109559
1.110241
1.110918
1.111589
1.112254
1.112913
1.113567
1.114215
1.114857
1.115495
1.116126
1.116753
1.117374
1.117990
1.118601
1.119207
1.119808
1.120403
1.120994
1.121581
1.122162
1.122739
1.123310
1.123878
1.124441
1.124999
1.125552
1.126102
1.126647
1.127187
1.127723
1.128255
1.128783
1.129307
1.129826
1.130341
1.130853
1.131360
1.131863
1.132362
1.132857
1.133349
1.133836
1.134320
1.134799
1.135275
1.135748
1.136216
1.136681
1.137142
1.137599
1.138053
1.138503
1.138949
1.139392
1.139831
1.140267
1.140699
1.141127
1.141552
1.141974
1.142392
1.142806
1.143217
1.143625
1.144029
1.144430
1.144827
1.145221
1.145611
1.145998
1.146381
1.146762
1.147138
1.147512
1.147882
1.148248
1.148611
1.148971
1.149328
1.149681
1.150031
1.150377
1.150720
1.151060
1.151397
1.151730
1.152060
1.152386
1.152709
1.153029
1.153346
1.153659
1.153969
1.154275
1.154579
1.154879
1.155176
1.155469
1.155760
1.156047
1.156330
1.156611
1.156888
1.157162
1.157433
1.157701
1.157965
1.158226
1.158485
1.158739
1.158991
1.159240
1.159485
1.159727
1.159967
1.160203
1.160436
1.160666
1.160893
1.161116
1.161337
1.161555
1.161769
1.161981
1.162190
1.162396
1.162599
1.162798
1.162995
1.163190
1.163381
1.163569
1.163755
1.163937
1.164117
1.164295
1.164469
1.164641
1.164810
1.164976
1.165139
1.165300
1.165459
1.165614
1.165767
1.165918
1.166066
1.166211
1.166354
1.166495
1.166633
1.166768
1.166902
1.167032
1.167161
1.167287
1.167411
1.167532
1.167652
1.167652
1.167769
1.167884
1.167996
1.168107
1.168215
1.168321
1.168426
1.168528
1.168628
1.168726
1.168822
1.168916
1.169008
1.169099
1.169187
1.169274
1.169358
1.169441
1.169522
1.169602
1.169679
1.169755
1.169830
1.169902
1.169973
1.170042
1.170110
1.170176
1.170241
1.170304
1.170365
1.170425
1.170484
1.170541
1.170597
1.170651
1.170704
1.170756
1.170806
1.170855
1.170903
1.170949
1.170994
1.171038
1.171081
1.171123
1.171163
1.171202
1.171241
1.171278
1.171314
1.171349
1.171382
1.171415
1.171447
1.171478
1.171508
1.171537
1.171565
1.171592
1.171618
1.171643
1.171668
1.171691
1.171714
1.171736
1.171757
1.171778
1.171797
1.171816
1.171834
1.171851
1.171868
1.171884
1.171899
1.171914
1.171928
1.171941
1.171953
1.171965
1.171977
1.171988
1.171998
1.172008
1.172017
1.172025
1.172034
1.172041
1.172048
1.172055
1.172061
1.172066
1.172072
1.172076
1.172080
1.172084
1.172088
1.172091
1.172093
1.172096
1.172097
1.172099
1.172100
1.172101
1.172101
1.172101
1.172101
1.172100
1.172100
1.172098
1.172097
1.172095
1.172093
1.172091
1.172088
1.172086
1.172083
1.172079
1.172076
1.172072
1.172068
1.172064
1.172059
1.172055
1.172050
1.172045
1.172040
1.172035
1.172029
1.172024
1.172018
1.172012
1.172006
1.172000
1.171993
1.171987
1.171980
1.171974
1.171967
1.171960
1.171953
1.171946
1.171938
1.171931
1.171924
1.171916
1.171908
1.171901
1.171893
1.171885
1.171877
1.171870
1.171862
1.171854
1.171845
1.171837
1.171829
1.171821
1.171813
1.171805
1.171796
1.171788
1.171780
1.171771
1.171763
1.171755
1.171746
1.171738
1.171729
1.171721
1.171713
1.171704
1.171696
1.171687
1.171679
1.171671
1.171662
1.171654
1.171646
1.171637
1.171629
1.171621
1.171613
1.171604
1.171596
1.171588
1.171580
1.171572
1.171564
1.171556
1.171548
1.171540
1.171532
1.171524
1.171516
1.171509
1.171501
1.171493
1.171486
1.171478
1.171470
1.171463
1.171455
1.171448
1.171441
1.171434
1.171426
1.171419
1.171412
1.171405
1.171398
1.171391
1.171384
1.171377
1.171371
1.171364
1.171357
1.171351
1.171344
1.171338
1.171331
1.171325
1.171319
1.171312
1.171306
1.171300
1.171294
1.171288
1.171282
1.171276
1.171271
1.171265
1.171259
1.171254
1.171248
1.171243
1.171237
1.171232
1.171227
1.171221
1.171216
1.171211
1.171206
1.171201
1.171196
1.171191
1.171186
1.171181
1.171176
1.171172
1.171167
1.171162
1.171158
1.171153
1.171149
1.171145
1.171140
1.171136
1.171132
1.171127
1.171123
1.171119
1.171115
1.171111
1.171107
1.171103
1.171099
1.171095
1.171091
1.171087
1.171083
1.171079
1.171076
1.171072
1.171068
1.171064
1.171061
1.171057
1.171053
1.171050
1.171046
1.171042
1.171039
1.171035
1.171031
1.171028
1.171024
1.171021
1.171017
1.171013
1.171010
1.171006
1.171002
1.170999
1.170995
1.170991
1.170988
1.170984
1.170980
1.170976
1.170972
1.170969
1.170965
1.170961
1.170957
1.170953
1.170949
1.170945
1.170941
1.170936
1.170932
1.170928
1.170923
1.170919
1.170914
1.170910
1.170905
1.170900
1.170896
1.170891
1.170886
1.170881
1.170875
1.170870
1.170865
1.170859
1.170854
1.170848
1.170842
1.170836
1.170830
1.170824
1.170818
1.170811
1.170805
1.170798
1.170791
1.170784
1.170777
1.170769
1.170762
1.170754
1.170747
1.170739
1.170730
1.170722
1.170714
1.170705
1.170696
1.170687
1.170678
1.170668
1.170658
1.170648
1.170638
1.170628
1.170617
1.170606
1.170595
1.170584
1.170573
1.170561
1.170549
1.170536
1.170524
1.170511
1.170498
1.170485
1.170471
1.170457
1.170443
1.170428
1.170413
1.170398
1.170383
1.170367
1.170351
1.170335
1.170318
1.170301
1.170283
1.170266
1.170248
1.170229
1.170211
1.170191
1.170172
1.170152
1.170132
1.170111
1.170090
1.170069
1.170047
1.170025
1.170002
1.169980
1.169956
1.169932
1.169908
1.169884
1.169859
1.169833
1.169807
1.169781
1.169754
1.169727
1.169699
1.169671
1.169643
1.169614
1.169584
1.169554
1.169524
1.169493
1.169462
1.169430
1.169398
1.169365
1.169332
1.169298
1.169264
1.169229
1.169194
1.169158
1.169122
1.169085
1.169047
1.169010
1.168971
1.168932
1.168893
1.168853
1.168813
1.168772
1.168730
1.168688
1.168645
1.168602
1.168559
1.168514
1.168469
1.168424
1.168378
1.168332
1.168285
1.168237
1.168189
1.168140
1.168091
1.168041
1.167991
1.167940
1.167888
1.167836
1.167784
1.167731
1.167677
1.167622
1.167567
1.167512
1.167456
1.167399
1.167342
1.167284
1.167226
1.167167
1.167107
1.167047
1.166986
1.166925
1.166863
1.166801
1.166737
1.166674
1.166610
1.166545
1.166480
1.166414
1.166347
1.166280
1.166212
1.166144
1.166075
1.166006
1.165936
1.165865
1.165794
1.165722
1.165650
1.165577
1.165504
1.165430
1.165355
1.165280
1.165205
1.165128
1.165051
1.164974
1.164896
1.164896
1.164818
1.164739
1.164659
1.164579
1.164498
1.164417
1.164335
1.164253
1.164170
1.164086
1.164002
1.163918
1.163833
1.163747
1.163661
1.163574
1.163487
1.163399
1.163311
1.163222
1.163133
1.163043
1.162953
1.162862
1.162771
1.162679
1.162586
1.162493
1.162400
1.162306
1.162212
1.162117
1.162022
1.161926
1.161829
1.161733
1.161635
1.161538
1.161439
1.161341
1.161242
1.161142
1.161042
1.160941
1.160840
1.160739
1.160637
1.160535
1.160432
1.160329
1.160226
1.160122
1.160017
1.159912
1.159807
1.159701
1.159595
1.159489
1.159382
1.159275
1.159168
1.159060
1.158951
1.158843
1.158734
1.158624
1.158515
1.158405
1.158294
1.158184
1.158073
1.157961
1.157850
1.157738
1.157626
1.157513
1.157401
1.157288
1.157174
1.157061
1.156947
1.156833
1.156719
1.156605
1.156490
1.156375
1.156261
1.156146
1.156030
1.155915
1.155800
1.155684
1.155568
1.155453
1.155337
1.155221
1.155105
1.154989
1.154873
1.154757
1.154641
1.154525
1.154409
1.154293
1.154178
1.154062
1.153946
1.153831
1.153716
1.153601
1.153486
1.153371
1.153257
1.153143
1.153029
1.152916
1.152802
1.152689
1.152577
1.152465
1.152353
1.152242
1.152131
1.152020
1.151910
1.151801
1.151692
1.151584
1.151476
1.151369
1.151262
1.151156
1.151051
1.150946
1.150842
1.150739
1.150636
1.150534
1.150433
1.150333
1.150234
1.150135
1.150037
1.149940
1.149844
1.149749
1.149655
1.149562
1.149470
1.149379
1.149289
1.149201
1.149113
1.149027
1.148942
1.148859
1.148777
1.148697
1.148618
1.148541
1.148465
1.148392
1.148321
1.148251
1.148184
1.148119
1.148057
1.147997
1.147940
1.147885
1.147833
1.147784
1.147738
1.147695
1.147654
1.147617
1.147583
1.147552
1.147523
1.147498
1.147474
1.147453
1.147434
1.147417
1.147400
1.147385
1.147369
1.147354
1.147337
1.147318
1.147298
1.147274
1.147247
1.147216
1.147179
1.147138
1.147091
1.147038
1.146979
1.146913
1.146842
1.146764
1.146681
1.146594
1.146502
1.146407
1.146310
1.146211
1.146113
1.146015
1.145920
1.145828
1.145740
1.145658
1.145583
1.145515
1.145456
1.145406
1.145367
1.145338
1.145320
1.145313
1.145319
1.145336
1.145365
1.145406
1.145459
1.145524
1.145600
1.145688
1.145785
1.145894
1.146011
1.146138
1.146274
1.146418
1.146569
1.146727
1.146892
1.147062
1.147237
1.147417
1.147600
1.147787
1.147977
1.148169
1.148364
1.148559
1.148755
1.148952
1.149149
1.149346
1.149542
1.149737
1.149930
1.150122
1.150312
1.150500
1.150686
1.150868
1.151049
1.151226
1.151399
1.151570
1.151737
1.151901
1.152061
1.152217
1.152369
1.152517
1.152662
1.152802
1.152938
1.153070
1.153198
1.153322
1.153442
1.153558
1.153669
1.153776
1.153880
1.153979
1.154074
1.154166
1.154253
1.154336
1.154416
1.154492
1.154564
1.154632
1.154697
1.154758
1.154815
1.154869
1.154920
1.154967
1.155011
1.155051
1.155089
1.155123
1.155155
1.155183
1.155208
1.155231
1.155251
1.155268
1.155282
1.155294
1.155303
1.155309
1.155313
1.155315
1.155314
1.155312
1.155306
1.155299
1.155290
1.155278
1.155264
1.155249
1.155231
1.155212
1.155191
1.155168
1.155143
1.155116
1.155088
1.155059
1.155027
1.154994
1.154960
1.154924
1.154887
1.154848
1.154808
1.154766
1.154724
1.154680
1.154635
1.154588
1.154541
1.154492
1.154442
1.154391
1.154339
1.154287
1.154233
1.154178
1.154122
1.154065
1.154007
1.153949
1.153889
1.153829
1.153768
1.153706
1.153643
1.153580
1.153515
1.153450
1.153385
1.153318
1.153251
1.153184
1.153115
1.153046
1.152977
1.152907
1.152836
1.152765
1.152693
1.152620
1.152547
1.152474
1.152400
1.152326
1.152251
1.152175
1.152099
1.152023
1.151946
1.151869
1.151791
1.151713
1.151635
1.151556
1.151477
1.151397
1.151317
1.151237
1.151156
1.151075
1.150994
1.150912
1.150830
1.150748
1.150665
1.150582
1.150499
1.150416
1.150332
1.150248
1.150163
1.150079
1.149994
1.149909
1.149823
1.149738
1.149652
1.149566
1.149479
1.149393
1.149306
1.149219
1.149132
1.149044
1.148957
1.148869
1.148781
1.148693
1.148604
1.148516
1.148427
1.148338
1.148249
1.148160
1.148070
1.147981
1.147891
1.147801
1.147711
1.147621
1.147530
1.147440
1.147349
1.147259
1.147168
1.147077
1.146986
1.146894
1.146803
1.146712
1.146620
1.146528
1.146437
1.146345
1.146253
1.146160
1.146068
1.145976
1.145884
1.145791
1.145699
1.145606
1.145513
1.145420
1.145327
1.145235
1.145142
1.145048
1.144955
1.144862
1.144769
1.144675
1.144582
1.144488
1.144395
1.144301
1.144208
1.144114
1.144020
1.143927
1.143833
1.143739
1.143645
1.143551
1.143457
1.143363
1.143269
1.143175
1.143081
1.142987
1.142893
1.142798
1.142704
1.142610
1.142516
1.142422
1.142327
1.142233
1.142139
1.142045
1.141950
1.141856
1.141762
1.141667
1.141573
1.141479
1.141384
1.141384
1.141290
1.141196
1.141101
1.141007
1.140913
1.140819
1.140724
1.140630
1.140536
1.140442
1.140348
1.140253
1.140159
1.140065
1.139971
1.139877
1.139783
1.139689
1.139595
1.139501
1.139407
1.139313
1.139219
1.139125
1.139031
1.138938
1.138844
1.138750
1.138656
1.138563
1.138469
1.138376
1.138282
1.138189
1.138095
1.138002
1.137909
1.137815
1.137722
1.137629
1.137536
1.137443
1.137350
1.137257
1.137164
1.137071
1.136978
1.136886
1.136793
1.136700
1.136608
1.136515
1.136423
1.136331
1.136238
1.136146
1.136054
1.135962
1.135870
1.135778
1.135686
1.135594
1.135503
1.135411
1.135320
1.135228
1.135137
1.135045
1.134954
1.134863
1.134772
1.134681
1.134590
1.134499
1.134408
1.134318
1.134227
1.134136
1.134046
1.133956
1.133865
1.133775
1.133685
1.133595
1.133505
1.133415
1.133326
1.133236
1.133147
1.133057
1.132968
1.132878
1.132789
1.132700
1.132611
1.132522
1.132434
1.132345
1.132256
1.132168
1.132079
1.131991
1.131903
1.131815
1.131727
1.131639
1.131551
1.131464
1.131376
1.131288
1.131201
1.131114
1.131027
1.130940
1.130853
1.130766
1.130679
1.130592
1.130506
1.130420
1.130333
1.130247
1.130161
1.130075
1.129989
1.129903
1.129818
1.129732
1.129647
1.129561
1.129476
1.129391
1.129306
1.129221
1.129137
1.129052
1.128968
1.128883
1.128799
1.128715
1.128631
1.128547
1.128463
1.128379
1.128296
1.128212
1.128129
1.128046
1.127963
1.127880
1.127797
1.127714
1.127631
1.127549
1.127467
1.127384
1.127302
1.127220
1.127138
1.127057
1.126975
1.126893
1.126812
1.126731
1.126649
1.126568
1.126488
1.126407
1.126326
1.126246
1.126165
1.126085
1.126005
1.125925
1.125845
1.125765
1.125685
1.125606
1.125526
1.125447
1.125368
1.125289
1.125210
1.125131
1.125052
1.124974
1.124896
1.124817
1.124739
1.124661
1.124583
1.124505
1.124428
1.124350
1.124273
1.124196
1.124118
1.124041
1.123965
1.123888
1.123811
1.123735
1.123658
1.123582
1.123506
1.123430
1.123354
1.123278
1.123203
1.123127
1.123052
1.122977
1.122902
1.122827
1.122752
1.122677
1.122603
1.122528
1.122454
1.122380
1.122306
1.122232
1.122158
1.122084
1.122011
1.121937
1.121864
1.121791
1.121718
1.121645
1.121572
1.121500
1.121427
1.121355
1.121283
1.121210
1.121138
1.121067
1.120995
1.120923
1.120852
1.120780
1.120709
1.120638
1.120567
1.120496
1.120426
1.120355
1.120285
1.120214
1.120144
1.120074
1.120004
1.119934
1.119865
1.119795
1.119726
1.119656
1.119587
1.119518
1.119449
1.119380
1.119312
1.119243
1.119175
1.119106
1.119038
1.118970
1.118902
1.118834
1.118767
1.118699
1.118632
1.118565
1.118497
1.118430
1.118364
1.118297
1.118230
1.118164
1.118097
1.118031
1.117965
1.117899
1.117833
1.117767
1.117701
1.117636
1.117570
1.117505
1.117440
1.117375
1.117310
1.117245
1.117181
1.117116
1.117052
1.116987
1.116923
1.116859
1.116795
1.116731
1.116668
1.116604
1.116541
1.116477
1.116414
1.116351
1.116288
1.116225
1.116162
1.116100
1.116037
1.115975
1.115913
1.115850
1.115788
1.115727
1.115665
1.115603
1.115542
1.115480
1.115419
1.115358
1.115297
1.115236
1.115175
1.115114
1.115054
1.114993
1.114933
1.114872
1.114812
1.114752
1.114692
1.114633
1.114573
1.114513
1.114454
1.114395
1.114335
1.114276
1.114217
1.114158
1.114100
1.114041
1.113982
1.113924
1.113866
1.113807
1.113749
1.113691
1.113634
1.113576
1.113518
1.113461
1.113403
1.113346
1.113289
1.113232
1.113175
1.113118
1.113061
1.113004
1.112948
1.112891
1.112835
1.112779
1.112723
1.112667
1.112611
1.112555
1.112499
1.112444
1.112388
1.112333
1.112278
1.112223
1.112168
1.112113
1.112058
1.112003
1.111948
1.111894
1.111840
1.111785
1.111731
1.111677
1.111623
1.111569
1.111515
1.111462
1.111408
1.111354
1.111301
1.111248
1.111195
1.111142
1.111089
1.111036
1.110983
1.110930
1.110878
1.110825
1.110773
1.110720
1.110668
1.110616
1.110564
1.110512
1.110461
1.110409
1.110357
1.110306
1.110254
1.110203
1.110152
1.110101
1.110050
1.109999
1.109948
1.109897
1.109847
1.109796
1.109746
1.109695
1.109645
1.109595
1.109545
1.109495
1.109445
1.109395
1.109345
1.109296
1.109246
1.109197
1.109148
1.109098
1.109049
1.109000
1.108951
1.108902
1.108853
1.108805
1.108756
1.108708
1.108659
1.108611
1.108563
1.108514
1.108466
1.108418
1.108370
1.108323
1.108275
1.108227
1.108180
1.108132
1.108085
1.108037
1.107990
1.107943
1.107896
1.107849
1.107802
1.107755
1.107709
1.107662
1.107616
1.107569
1.107523
1.107476
1.107430
1.107384
1.107338
1.107292
1.107246
1.107200
1.107155
1.107109
1.107063
1.107018
1.106972
1.106927
1.106882
1.106837
1.106792
1.106747
1.106702
1.106657
1.106612
1.106567
1.106523
1.106478
1.106434
1.106389
1.106345
1.106301
1.106257
1.106257
1.106213
1.106169
1.106125
1.106081
1.106037
1.105993
1.105950
1.105906
1.105863
1.105819
1.105776
1.105733
1.105689
1.105646
1.105603
1.105560
1.105517
1.105474
1.105432
1.105389
1.105346
1.105304
1.105261
1.105219
1.105177
1.105134
1.105092
1.105050
1.105008
1.104966
1.104924
1.104882
1.104840
1.104799
1.104757
1.104716
1.104674
1.104633
1.104591
1.104550
1.104509
1.104467
1.104426
1.104385
1.104344
1.104303
1.104263
1.104222
1.104181
1.104140
1.104100
1.104059
1.104019
1.103978
1.103938
1.103898
1.103858
1.103817
1.103777
1.103737
1.103697
1.103657
1.103618
1.103578
1.103538
1.103498
1.103459
1.103419
1.103380
1.103340
1.103301
1.103262
1.103223
1.103183
1.103144
1.103105
1.103066
1.103027
1.102988
1.102950
1.102911
1.102872
1.102833
1.102795
1.102756
1.102718
1.102679
1.102641
1.102603
1.102565
1.102526
1.102488
1.102450
1.102412
1.102374
1.102336
1.102298
1.102261
1.102223
1.102185
1.102147
1.102110
1.102072
1.102035
1.101997
1.101960
1.101923
1.101885
1.101848
1.101811
1.101774
1.101737
1.101700
1.101663
1.101626
1.101589
1.101552
1.101516
1.101479
1.101442
1.101406
1.101369
1.101333
1.101296
1.101260
1.101223
1.101187
1.101151
1.101115
1.101079
1.101042
1.101006
1.100970
1.100934
1.100899
1.100863
1.100827
1.100791
1.100755
1.100720
1.100684
1.100649
1.100613
1.100578
1.100542
1.100507
1.100471
1.100436
1.100401
1.100366
1.100330
1.100295
1.100260
1.100225
1.100190
1.100155
1.100120
1.100086
1.100051
1.100016
1.099981
1.099947
1.099912
1.099877
1.099843
1.099808
1.099774
1.099740
1.099705
1.099671
1.099637
1.099602
1.099568
1.099534
1.099500
1.099466
1.099432
1.099398
1.099364
1.099330
1.099296
1.099262
1.099229
1.099195
1.099161
1.099127
1.099094
1.099060
1.099027
1.098993
1.098960
1.098926
1.098893
1.098860
1.098826
1.098793
1.098760
1.098727
1.098694
1.098660
1.098627
1.098594
1.098561
1.098528
1.098496
1.098463
1.098430
1.098397
1.098364
1.098332
1.098299
1.098266
1.098234
1.098201
1.098168
1.098136
1.098104
1.098071
1.098039
1.098006
1.097974
1.097942
1.097910
1.097877
1.097845
1.097813
1.097781
1.097749
1.097717
1.097685
1.097653
1.097621
1.097589
1.097557
1.097525
1.097494
1.097462
1.097430
1.097398
1.097367
1.097335
1.097304
1.097272
1.097241
1.097209
1.097178
1.097146
1.097115
1.097083
1.097052
1.097021
1.096990
1.096958
1.096927
1.096896
1.096865
1.096834
1.096803
1.096772
1.096741
1.096710
1.096679
1.096648
1.096617
1.096586
1.096556
1.096525
1.096494
1.096463
1.096433
1.096402
1.096372
1.096341
1.096310
1.096280
1.096249
1.096219
1.096189
1.096158
1.096128
1.096098
1.096067
1.096037
1.096007
1.095977
1.095946
1.095916
1.095886
1.095856
1.095826
1.095796
1.095766
1.095736
1.095706
1.095676
1.095646
1.095617
1.095587
1.095557
1.095527
1.095497
1.095468
1.095438
1.095408
1.095379
1.095349
1.095320
1.095290
1.095261
1.095231
1.095202
1.095172
1.095143
1.095114
1.095084
1.095055
1.095026
1.094997
1.094967
1.094938
1.094909
1.094880
1.094851
1.094822
1.094793
1.094764
1.094735
1.094706
1.094677
1.094648
1.094619
1.094590
1.094561
1.094533
1.094504
1.094475
1.094446
1.094418
1.094389
1.094360
1.094332
1.094303
1.094275
1.094246
1.094218
1.094189
1.094161
1.094132
1.094104
1.094076
1.094047
1.094019
1.093991
1.093962
1.093934
1.093906
1.093878
1.093850
1.093822
1.093793
1.093765
1.093737
1.093709
1.093681
1.093653
1.093625
1.093597
1.093570
1.093542
1.093514
1.093486
1.093458
1.093430
1.093403
1.093375
1.093347
1.093320
1.093292
1.093264
1.093237
1.093209
1.093182
1.093154
1.093127
1.093099
1.093072
1.093044
1.093017
1.092990
1.092962
1.092935
1.092908
1.092880
1.092853
1.092826
1.092799
1.092772
1.092745
1.092717
1.092690
1.092663
1.092636
1.092609
1.092582
1.092555
1.092528
1.092501
1.092474
1.092448
1.092421
1.092394
1.092367
1.092340
1.092314
1.092287
1.092260
1.092234
1.092207
1.092180
1.092154
1.092127
1.092100
1.092074
1.092047
1.092021
1.091995
1.091968
1.091942
1.091915
1.091889
1.091863
1.091836
1.091810
1.091784
1.091757
1.091731
1.091705
1.091679
1.091653
1.091627
1.091600
1.091574
1.091548
1.091522
1.091496
1.091470
1.091444
1.091418
1.091392
1.091367
1.091341
1.091315
1.091289
1.091263
1.091237
1.091212
1.091186
1.091160
1.091135
1.091109
1.091083
1.091058
1.091032
1.091006
1.090981
1.090955
1.090930
1.090904
1.090879
1.090853
1.090828
1.090803
1.090777
1.090752
1.090727
1.090701
1.090676
1.090651
1.090626
1.090600
1.090575
1.090550
1.090525
1.090500
1.090475
1.090450
1.090425
1.090400
1.090375
1.090350
1.090325
1.090300
1.090275
1.090250
1.090225
1.090200
1.090175
1.090151
1.090126
1.090126
1.090101
1.090076
1.090052
1.090027
1.090002
1.089978
1.089953
1.089928
1.089904
1.089879
1.089855
1.089830
1.089806
1.089781
1.089757
1.089732
1.089708
1.089684
1.089659
1.089635
1.089611
1.089586
1.089562
1.089538
1.089514
1.089489
1.089465
1.089441
1.089417
1.089393
1.089369
1.089345
1.089321
1.089297
1.089273
1.089249
1.089225
1.089201
1.089177
1.089153
1.089129
1.089105
1.089081
1.089057
1.089034
1.089010
1.088986
1.088962
1.088939
1.088915
1.088891
1.088868
1.088844
1.088821
1.088797
1.088774
1.088750
1.088726
1.088703
1.088680
1.088656
1.088633
1.088609
1.088586
1.088563
1.088539
1.088516
1.088493
1.088469
1.088446
1.088423
1.088400
1.088376
1.088353
1.088330
1.088307
1.088284
1.088261
1.088238
1.088215
1.088192
1.088169
1.088146
1.088123
1.088100
1.088077
1.088054
1.088031
1.088008
1.087986
1.087963
1.087940
1.087917
1.087895
1.087872
1.087849
1.087827
1.087804
1.087781
1.087759
1.087736
1.087713
1.087691
1.087668
1.087646
1.087623
1.087601
1.087578
1.087556
1.087534
1.087511
1.087489
1.087467
1.087444
1.087422
1.087400
1.087377
1.087355
1.087333
1.087311
1.087289
1.087266
1.087244
1.087222
1.087200
1.087178
1.087156
1.087134
1.087112
1.087090
1.087068
1.087046
1.087024
1.087002
1.086980
1.086959
1.086937
1.086915
1.086893
1.086871
1.086849
1.086828
1.086806
1.086784
1.086763
1.086741
1.086719
1.086698
1.086676
1.086655
1.086633
1.086611
1.086590
1.086568
1.086547
1.086525
1.086504
1.086483
1.086461
1.086440
1.086419
1.086397
1.086376
1.086355
1.086333
1.086312
1.086291
1.086270
1.086248
1.086227
1.086206
1.086185
1.086164
1.086143
1.086122
1.086101
1.086079
1.086058
1.086037
1.086016
1.085996
1.085975
1.085954
1.085933
1.085912
1.085891
1.085870
1.085849
1.085829
1.085808
1.085787
1.085766
1.085746
1.085725
1.085704
1.085684
1.085663
1.085642
1.085622
1.085601
1.085580
1.085560
1.085539
1.085519
1.085498
1.085478
1.085457
1.085437
1.085417
1.085396
1.085376
1.085356
1.085335
1.085315
1.085295
1.085274
1.085254
1.085234
1.085214
1.085193
1.085173
1.085153
1.085133
1.085113
1.085093
1.085073
1.085052
1.085032
1.085012
1.084992
1.084972
1.084952
1.084932
1.084913
1.084893
1.084873
1.084853
1.084833
1.084813
1.084793
1.084773
1.084754
1.084734
1.084714
1.084694
1.084675
1.084655
1.084635
1.084616
1.084596
1.084576
1.084557
1.084537
1.084518
1.084498
1.084479
1.084459
1.084440
1.084420
1.084401
1.084381
1.084362
1.084342
1.084323
1.084304
1.084284
1.084265
1.084246
1.084226
1.084207
1.084188
1.084169
1.084149
1.084130
1.084111
1.084092
1.084073
1.084054
1.084035
1.084015
1.083996
1.083977
1.083958
1.083939
1.083920
1.083901
1.083882
1.083863
1.083844
1.083826
1.083807
1.083788
1.083769
1.083750
1.083731
1.083712
1.083694
1.083675
1.083656
1.083637
1.083619
1.083600
1.083581
1.083563
1.083544
1.083525
1.083507
1.083488
1.083470
1.083451
1.083432
1.083414
1.083395
1.083377
1.083358
1.083340
1.083322
1.083303
1.083285
1.083266
1.083248
1.083230
1.083211
1.083193
1.083175
1.083156
1.083138
1.083120
1.083102
1.083083
1.083065
1.083047
1.083029
1.083011
1.082993
1.082974
1.082956
1.082938
1.082920
1.082902
1.082884
1.082866
1.082848
1.082830
1.082812
1.082794
1.082776
1.082758
1.082740
1.082723
1.082705
1.082687
1.082669
1.082651
1.082633
1.082616
1.082598
1.082580
1.082562
1.082545
1.082527
1.082509
1.082492
1.082474
1.082456
1.082439
1.082421
1.082403
1.082386
1.082368
1.082351
1.082333
1.082316
1.082298
1.082281
1.082263
1.082246
1.082228
1.082211
1.082194
1.082176
1.082159
1.082141
1.082124
1.082107
1.082090
1.082072
1.082055
1.082038
1.082020
1.082003
1.081986
1.081969
1.081952
1.081934
1.081917
1.081900
1.081883
1.081866
1.081849
1.081832
1.081815
1.081798
1.081781
1.081764
1.081747
1.081730
1.081713
1.081696
1.081679
1.081662
1.081645
1.081628
1.081611
1.081594
1.081578
1.081561
1.081544
1.081527
1.081510
1.081494
1.081477
1.081460
1.081443
1.081427
1.081410
1.081393
1.081377
1.081360
1.081343
1.081327
1.081310
1.081294
1.081277
1.081261
1.081244
1.081227
1.081211
1.081194
1.081178
1.081161
1.081145
1.081129
1.081112
1.081096
1.081079
1.081063
1.081047
1.081030
1.081014
1.080998
1.080981
1.080965
1.080949
1.080932
1.080916
1.080900
1.080884
1.080868
1.080851
1.080835
1.080819
1.080803
1.080787
1.080771
1.080754
1.080738
1.080722
1.080706
1.080690
1.080674
1.080658
1.080642
1.080626
1.080610
1.080594
1.080578
1.080562
1.080546
1.080530
1.080514
1.080499
1.080483
1.080467
1.080451
1.080435
1.080419
1.080404
1.080388
1.080372
1.080356
1.080340
1.080325
1.080309
1.080293
1.080278
1.080262
1.080246
1.080231
1.080231
1.080215
1.080199
1.080184
1.080168
1.080152
1.080137
1.080121
1.080106
1.080090
1.080075
1.080059
1.080044
1.080028
1.080013
1.079997
1.079982
1.079966
1.079951
1.079936
1.079920
1.079905
1.079889
1.079874
1.079859
1.079843
1.079828
1.079813
1.079798
1.079782
1.079767
1.079752
1.079736
1.079721
1.079706
1.079691
1.079676
1.079660
1.079645
1.079630
1.079615
1.079600
1.079585
1.079570
1.079555
1.079540
1.079524
1.079509
1.079494
1.079479
1.079464
1.079449
1.079434
1.079419
1.079404
1.079389
1.079374
1.079360
1.079345
1.079330
1.079315
1.079300
1.079285
1.079270
1.079255
1.079241
1.079226
1.079211
1.079196
1.079181
1.079167
1.079152
1.079137
1.079122
1.079108
1.079093
1.079078
1.079064
1.079049
1.079034
1.079020
1.079005
1.078990
1.078976
1.078961
1.078946
1.078932
1.078917
1.078903
1.078888
1.078874
1.078859
1.078845
1.078830
1.078816
1.078801
1.078787
1.078772
1.078758
1.078743
1.078729
1.078715
1.078700
1.078686
1.078671
1.078657
1.078643
1.078628
1.078614
1.078600
1.078585
1.078571
1.078557
1.078543
1.078528
1.078514
1.078500
1.078486
1.078471
1.078457
1.078443
1.078429
1.078415
1.078400
1.078386
1.078372
1.078358
1.078344
1.078330
1.078316
1.078302
1.078287
1.078273
1.078259
1.078245
1.078231
1.078217
1.078203
1.078189
1.078175
1.078161
1.078147
1.078133
1.078119
1.078105
1.078092
1.078078
1.078064
1.078050
1.078036
1.078022
1.078008
1.077994
1.077981
1.077967
1.077953
1.077939
1.077925
1.077911
1.077898
1.077884
1.077870
1.077856
1.077843
1.077829
1.077815
1.077802
1.077788
1.077774
1.077760
1.077747
1.077733
1.077719
1.077706
1.077692
1.077679
1.077665
1.077651
1.077638
1.077624
1.077611
1.077597
1.077584
1.077570
1.077557
1.077543
1.077529
1.077516
1.077503
1.077489
1.077476
1.077462
1.077449
1.077435
1.077422
1.077408
1.077395
1.077382
1.077368
1.077355
1.077341
1.077328
1.077315
1.077301
1.077288
1.077275
1.077261
1.077248
1.077235
1.077222
1.077208
1.077195
1.077182
1.077168
1.077155
1.077142
1.077129
1.077116
1.077102
1.077089
1.077076
1.077063
1.077050
1.077037
1.077023
1.077010
1.076997
1.076984
1.076971
1.076958
1.076945
1.076932
1.076919
1.076905
1.076892
1.076879
1.076866
1.076853
1.076840
1.076827
1.076814
1.076801
1.076788
1.076775
1.076762
1.076749
1.076736
1.076724
1.076711
1.076698
1.076685
1.076672
1.076659
1.076646
1.076633
1.076620
1.076608
1.076595
1.076582
1.076569
1.076556
1.076543
1.076531
1.076518
1.076505
1.076492
1.076479
1.076467
1.076454
1.076441
1.076428
1.076416
1.076403
1.076390
1.076378
1.076365
1.076352
1.076339
1.076327
1.076314
1.076302
1.076289
1.076276
1.076264
1.076251
1.076238
1.076226
1.076213
1.076201
1.076188
1.076175
1.076163
1.076150
1.076138
1.076125
1.076113
1.076100
1.076088
1.076075
1.076063
1.076050
1.076038
1.076025
1.076013
1.076000
1.075988
1.075975
1.075963
1.075951
1.075938
1.075926
1.075913
1.075901
1.075889
1.075876
1.075864
1.075851
1.075839
1.075827
1.075814
1.075802
1.075790
1.075777
1.075765
1.075753
1.075741
1.075728
1.075716
1.075704
1.075691
1.075679
1.075667
1.075655
1.075643
1.075630
1.075618
1.075606
1.075594
1.075581
1.075569
1.075557
1.075545
1.075533
1.075521
1.075509
1.075496
1.075484
1.075472
1.075460
1.075448
1.075436
1.075424
1.075412
1.075400
1.075387
1.075375
1.075363
1.075351
1.075339
1.075327
1.075315
1.075303
1.075291
1.075279
1.075267
1.075255
1.075243
1.075231
1.075219
1.075207
1.075195
1.075183
1.075171
1.075159
1.075148
1.075136
1.075124
1.075112
1.075100
1.075088
1.075076
1.075064
1.075052
1.075040
1.075029
1.075017
1.075005
1.074993
1.074981
1.074969
1.074958
1.074946
1.074934
1.074922
1.074910
1.074899
1.074887
1.074875
1.074863
1.074852
1.074840
1.074828
1.074816
1.074805
1.074793
1.074781
1.074769
1.074758
1.074746
1.074734
1.074723
1.074711
1.074699
1.074688
1.074676
1.074664
1.074653
1.074641
1.074629
1.074618
1.074606
1.074595
1.074583
1.074571
1.074560
1.074548
1.074537
1.074525
1.074514
1.074502
1.074490
1.074479
1.074467
1.074456
1.074444
1.074433
1.074421
1.074410
1.074398
1.074387
1.074375
1.074364
1.074352
1.074341
1.074329
1.074318
1.074306
1.074295
1.074284
1.074272
1.074261
1.074249
1.074238
1.074226
1.074215
1.074204
1.074192
1.074181
1.074169
1.074158
1.074147
1.074135
1.074124
1.074113
1.074101
1.074090
1.074079
1.074067
1.074056
1.074045
1.074033
1.074022
1.074011
1.074000
1.073988
1.073977
1.073966
1.073954
1.073943
1.073932
1.073921
1.073909
1.073898
1.073887
1.073876
1.073865
1.073853
1.073842
1.073831
1.073820
1.073809
1.073797
1.073786
1.073775
1.073764
1.073753
1.073742
1.073730
1.073719
1.073708
1.073708
1.073697
1.073686
1.073675
1.073664
1.073653
1.073641
1.073630
1.073619
1.073608
1.073597
1.073586
1.073575
1.073564
1.073553
1.073542
1.073531
1.073520
1.073509
1.073498
1.073487
1.073476
1.073464
1.073453
1.073442
1.073431
1.073420
1.073409
1.073399
1.073388
1.073377
1.073366
1.073355
1.073344
1.073333
1.073322
1.073311
1.073300
1.073289
1.073278
1.073267
1.073256
1.073245
1.073234
1.073223
1.073213
1.073202
1.073191
1.073180
1.073169
1.073158
1.073147
1.073136
1.073126
1.073115
1.073104
1.073093
1.073082
1.073071
1.073061
1.073050
1.073039
1.073028
1.073017
1.073007
1.072996
1.072985
1.072974
1.072963
1.072953
1.072942
1.072931
1.072920
1.072910
1.072899
1.072888
1.072877
1.072867
1.072856
1.072845
1.072835
1.072824
1.072813
1.072802
1.072792
1.072781
1.072770
1.072760
1.072749
1.072738
1.072728
1.072717
1.072706
1.072696
1.072685
1.072674
1.072664
1.072653
1.072642
1.072632
1.072621
1.072611
1.072600
1.072589
1.072579
1.072568
1.072558
1.072547
1.072536
1.072526
1.072515
1.072505
1.072494
1.072484
1.072473
1.072462
1.072452
1.072441
1.072431
1.072420
1.072410
1.072399
1.072389
1.072378
1.072368
1.072357
1.072347
1.072336
1.072326
1.072315
1.072305
1.072294
1.072284
1.072273
1.072263
1.072252
1.072242
1.072231
1.072221
1.072211
1.072200
1.072190
1.072179
1.072169
1.072158
1.072148
1.072138
1.072127
1.072117
1.072106
1.072096
1.072086
1.072075
1.072065
1.072054
1.072044
1.072034
1.072023
1.072013
1.072003
1.071992
1.071982
1.071972
1.071961
1.071951
1.071941
1.071930
1.071920
1.071910
1.071899
1.071889
1.071879
1.071868
1.071858
1.071848
1.071837
1.071827
1.071817
1.071807
1.071796
1.071786
1.071776
1.071766
1.071755
1.071745
1.071735
1.071725
1.071714
1.071704
1.071694
1.071684
1.071673
1.071663
1.071653
1.071643
1.071633
1.071622
1.071612
1.071602
1.071592
1.071582
1.071571
1.071561
1.071551
1.071541
1.071531
1.071521
1.071510
1.071500
1.071490
1.071480
1.071470
1.071460
1.071449
1.071439
1.071429
1.071419
1.071409
1.071399
1.071389
1.071379
1.071369
1.071358
1.071348
1.071338
1.071328
1.071318
1.071308
1.071298
1.071288
1.071278
1.071268
1.071258
1.071248
1.071237
1.071227
1.071217
1.071207
1.071197
1.071187
1.071177
1.071167
1.071157
1.071147
1.071137
1.071127
1.071117
1.071107
1.071097
1.071087
1.071077
1.071067
1.071057
1.071047
1.071037
1.071027
1.071017
1.071007
1.070997
1.070987
1.070977
1.070967
1.070957
1.070947
1.070937
1.070927
1.070918
1.070908
1.070898
1.070888
1.070878
1.070868
1.070858
1.070848
1.070838
1.070828
1.070818
1.070808
1.070799
1.070789
1.070779
1.070769
1.070759
1.070749
1.070739
1.070729
1.070719
1.070710
1.070700
1.070690
1.070680
1.070670
1.070660
1.070650
1.070641
1.070631
1.070621
1.070611
1.070601
1.070591
1.070582
1.070572
1.070562
1.070552
1.070542
1.070533
1.070523
1.070513
1.070503
1.070493
1.070484
1.070474
1.070464
1.070454
1.070444
1.070435
1.070425
1.070415
1.070405
1.070396
1.070386
1.070376
1.070366
1.070357
1.070347
1.070337
1.070327
1.070318
1.070308
1.070298
1.070288
1.070279
1.070269
1.070259
1.070249
1.070240
1.070230
1.070220
1.070211
1.070201
1.070191
1.070182
1.070172
1.070162
1.070152
1.070143
1.070133
1.070123
1.070114
1.070104
1.070094
1.070085
1.070075
1.070065
1.070056
1.070046
1.070037
1.070027
1.070017
1.070008
1.069998
1.069988
1.069979
1.069969
1.069959
1.069950
1.069940
1.069931
1.069921
1.069911
1.069902
1.069892
1.069883
1.069873
1.069863
1.069854
1.069844
1.069835
1.069825
1.069815
1.069806
1.069796
1.069787
1.069777
1.069768
1.069758
1.069749
1.069739
1.069729
1.069720
1.069710
1.069701
1.069691
1.069682
1.069672
1.069663
1.069653
1.069644
1.069634
1.069625
1.069615
1.069606
1.069596
1.069586
1.069577
1.069567
1.069558
1.069548
1.069539
1.069530
1.069520
1.069511
1.069501
1.069492
1.069482
1.069473
1.069463
1.069454
1.069444
1.069435
1.069425
1.069416
1.069406
1.069397
1.069387
1.069378
1.069369
1.069359
1.069350
1.069340
1.069331
1.069321
1.069312
1.069303
1.069293
1.069284
1.069274
1.069265
1.069255
1.069246
1.069237
1.069227
1.069218
1.069208
1.069199
1.069190
1.069180
1.069171
1.069161
1.069152
1.069143
1.069133
1.069124
1.069115
1.069105
1.069096
1.069086
1.069077
1.069068
1.069058
1.069049
1.069040
1.069030
1.069021
1.069012
1.069002
1.068993
1.068984
1.068974
1.068965
1.068956
1.068946
1.068937
1.068928
1.068918
1.068909
1.068900
1.068890
1.068881
1.068872
1.068862
1.068853
1.068844
1.068835
1.068825
1.068816
1.068807
1.068797
1.068788
1.068779
1.068770
1.068760
1.068751
1.068742
1.068732
1.068723
1.068714
1.068705
1.068695
1.068686
1.068686
1.068677
1.068668
1.068658
1.068649
1.068640
1.068631
1.068621
1.068612
1.068603
1.068594
1.068585
1.068575
1.068566
1.068557
1.068548
1.068538
1.068529
1.068520
1.068511
1.068502
1.068492
1.068483
1.068474
1.068465
1.068456
1.068446
1.068437
1.068428
1.068419
1.068410
1.068400
1.068391
1.068382
1.068373
1.068364
1.068355
1.068345
1.068336
1.068327
1.068318
1.068309
1.068300
1.068290
1.068281
1.068272
1.068263
1.068254
1.068245
1.068236
1.068226
1.068217
1.068208
1.068199
1.068190
1.068181
1.068172
1.068162
1.068153
1.068144
1.068135
1.068126
1.068117
1.068108
1.068099
1.068090
1.068080
1.068071
1.068062
1.068053
1.068044
1.068035
1.068026
1.068017
1.068008
1.067999
1.067990
1.067980
1.067971
1.067962
1.067953
1.067944
1.067935
1.067926
1.067917
1.067908
1.067899
1.067890
1.067881
1.067872
1.067863
1.067854
1.067845
1.067835
1.067826
1.067817
1.067808
1.067799
1.067790
1.067781
1.067772
1.067763
1.067754
1.067745
1.067736
1.067727
1.067718
1.067709
1.067700
1.067691
1.067682
1.067673
1.067664
1.067655
1.067646
1.067637
1.067628
1.067619
1.067610
1.067601
1.067592
1.067583
1.067574
1.067565
1.067556
1.067547
1.067538
1.067529
1.067520
1.067511
1.067502
1.067493
1.067484
1.067475
1.067466
1.067458
1.067449
1.067440
1.067431
1.067422
1.067413
1.067404
1.067395
1.067386
1.067377
1.067368
1.067359
1.067350
1.067341
1.067332
1.067323
1.067314
1.067306
1.067297
1.067288
1.067279
1.067270
1.067261
1.067252
1.067243
1.067234
1.067225
1.067216
1.067208
1.067199
1.067190
1.067181
1.067172
1.067163
1.067154
1.067145
1.067136
1.067127
1.067119
1.067110
1.067101
1.067092
1.067083
1.067074
1.067065
1.067056
1.067048
1.067039
1.067030
1.067021
1.067012
1.067003
1.066994
1.066986
1.066977
1.066968
1.066959
1.066950
1.066941
1.066933
1.066924
1.066915
1.066906
1.066897
1.066888
1.066880
1.066871
1.066862
1.066853
1.066844
1.066835
1.066827
1.066818
1.066809
1.066800
1.066791
1.066782
1.066774
1.066765
1.066756
1.066747
1.066738
1.066730
1.066721
1.066712
1.066703
1.066694
1.066686
1.066677
1.066668
1.066659
1.066651
1.066642
1.066633
1.066624
1.066615
1.066607
1.066598
1.066589
1.066580
1.066572
1.066563
1.066554
1.066545
1.066537
1.066528
1.066519
1.066510
1.066502
1.066493
1.066484
1.066475
1.066467
1.066458
1.066449
1.066440
1.066432
1.066423
1.066414
1.066405
1.066397
1.066388
1.066379
1.066370
1.066362
1.066353
1.066344
1.066336
1.066327
1.066318
1.066309
1.066301
1.066292
1.066283
1.066275
1.066266
1.066257
1.066248
1.066240
1.066231
1.066222
1.066214
1.066205
1.066196
1.066188
1.066179
1.066170
1.066162
1.066153
1.066144
1.066135
1.066127
1.066118
1.066109
1.066101
1.066092
1.066083
1.066075
1.066066
1.066057
1.066049
1.066040
1.066031
1.066023
1.066014
1.066005
1.065997
1.065988
1.065980
1.065971
1.065962
1.065954
1.065945
1.065936
1.065928
1.065919
1.065910
1.065902
1.065893
1.065884
1.065876
1.065867
1.065859
1.065850
1.065841
1.065833
1.065824
1.065815
1.065807
1.065798
1.065790
1.065781
1.065772
1.065764
1.065755
1.065747
1.065738
1.065729
1.065721
1.065712
1.065704
1.065695
1.065686
1.065678
1.065669
1.065661
1.065652
1.065643
1.065635
1.065626
1.065618
1.065609
1.065601
1.065592
1.065583
1.065575
1.065566
1.065558
1.065549
1.065541
1.065532
1.065523
1.065515
1.065506
1.065498
1.065489
1.065481
1.065472
1.065464
1.065455
1.065446
1.065438
1.065429
1.065421
1.065412
1.065404
1.065395
1.065387
1.065378
1.065370
1.065361
1.065352
1.065344
1.065335
1.065327
1.065318
1.065310
1.065301
1.065293
1.065284
1.065276
1.065267
1.065259
1.065250
1.065242
1.065233
1.065225
1.065216
1.065208
1.065199
1.065191
1.065182
1.065174
1.065165
1.065157
1.065148
1.065140
1.065131
1.065123
1.065114
1.065106
1.065097
1.065089
1.065080
1.065072
1.065063
1.065055
1.065046
1.065038
1.065029
1.065021
1.065012
1.065004
1.064995
1.064987
1.064979
1.064970
1.064962
1.064953
1.064945
1.064936
1.064928
1.064919
1.064911
1.064902
1.064894
1.064885
1.064877
1.064869
1.064860
1.064852
1.064843
1.064835
1.064826
1.064818
1.064809
1.064801
1.064793
1.064784
1.064776
1.064767
1.064759
1.064750
1.064742
1.064734
1.064725
1.064717
1.064708
1.064700
1.064692
1.064683
1.064675
1.064666
1.064658
1.064649
1.064641
1.064633
1.064624
1.064616
1.064607
1.064599
1.064591
1.064582
1.064574
1.064565
1.064557
1.064549
1.064540
1.064532
1.064523
1.064515
1.064507
1.064498
1.064490
1.064482
1.064473
1.064465
1.064456
1.064448
1.064440
1.064431
1.064423
1.064415
1.064406
1.064398
1.064389
1.064381
1.064373
1.064364
1.064356
1.064348
1.064339
1.064331
1.064323
1.064314
1.064314
1.064306
1.064298
1.064289
1.064281
1.064272
1.064264
1.064256
1.064247
1.064239
1.064231
1.064222
1.064214
1.064206
1.064197
1.064189
1.064181
1.064172
1.064164
1.064156
1.064147
1.064139
1.064131
1.064122
1.064114
1.064106
1.064098
1.064089
1.064081
1.064073
1.064064
1.064056
1.064048
1.064039
1.064031
1.064023
1.064014
1.064006
1.063998
1.063990
1.063981
1.063973
1.063965
1.063956
1.063948
1.063940
1.063931
1.063923
1.063915
1.063907
1.063898
1.063890
1.063882
1.063873
1.063865
1.063857
1.063849
1.063840
1.063832
1.063824
1.063816
1.063807
1.063799
1.063791
1.063782
1.063774
1.063766
1.063758
1.063749
1.063741
1.063733
1.063725
1.063716
1.063708
1.063700
1.063692
1.063683
1.063675
1.063667
1.063659
1.063650
1.063642
1.063634
1.063626
1.063617
1.063609
1.063601
1.063593
1.063584
1.063576
1.063568
1.063560
1.063552
1.063543
1.063535
1.063527
1.063519
1.063510
1.063502
1.063494
1.063486
1.063478
1.063469
1.063461
1.063453
1.063445
1.063437
1.063428
1.063420
1.063412
1.063404
1.063395
1.063387
1.063379
1.063371
1.063363
1.063354
1.063346
1.063338
1.063330
1.063322
1.063313
1.063305
1.063297
1.063289
1.063281
1.063273
1.063264
1.063256
1.063248
1.063240
1.063232
1.063223
1.063215
1.063207
1.063199
1.063191
1.063183
1.063174
1.063166
1.063158
1.063150
1.063142
1.063134
1.063125
1.063117
1.063109
1.063101
1.063093
1.063085
1.063076
1.063068
1.063060
1.063052
1.063044
1.063036
1.063028
1.063019
1.063011
1.063003
1.062995
1.062987
1.062979
1.062971
1.062962
1.062954
1.062946
1.062938
1.062930
1.062922
1.062914
1.062906
1.062897
1.062889
1.062881
1.062873
1.062865
1.062857
1.062849
1.062841
1.062832
1.062824
1.062816
1.062808
1.062800
1.062792
1.062784
1.062776
1.062768
1.062759
1.062751
1.062743
1.062735
1.062727
1.062719
1.062711
1.062703
1.062695
1.062687
1.062678
1.062670
1.062662
1.062654
1.062646
1.062638
1.062630
1.062622
1.062614
1.062606
1.062598
1.062590
1.062581
1.062573
1.062565
1.062557
1.062549
1.062541
1.062533
1.062525
1.062517
1.062509
1.062501
1.062493
1.062485
1.062477
1.062468
1.062460
1.062452
1.062444
1.062436
1.062428
1.062420
1.062412
1.062404
1.062396
1.062388
1.062380
1.062372
1.062364
1.062356
1.062348
1.062340
1.062332
1.062324
1.062316
1.062307
1.062299
1.062291
1.062283
1.062275
1.062267
1.062259
1.062251
1.062243
1.062235
1.062227
1.062219
1.062211
1.062203
1.062195
1.062187
1.062179
1.062171
1.062163
1.062155
1.062147
1.062139
1.062131
1.062123
1.062115
1.062107
1.062099
1.062091
1.062083
1.062075
1.062067
1.062059
1.062051
1.062043
1.062035
1.062027
1.062019
1.062011
1.062003
1.061995
1.061987
1.061979
1.061971
1.061963
1.061955
1.061947
1.061939
1.061931
1.061923
1.061915
1.061907
1.061899
1.061891
1.061883
1.061875
1.061867
1.061859
1.061851
1.061843
1.061835
1.061827
1.061819
1.061811
1.061804
1.061796
1.061788
1.061780
1.061772
1.061764
1.061756
1.061748
1.061740
1.061732
1.061724
1.061716
1.061708
1.061700
1.061692
1.061684
1.061676
1.061668
1.061660
1.061652
1.061645
1.061637
1.061629
1.061621
1.061613
1.061605
1.061597
1.061589
1.061581
1.061573
1.061565
1.061557
1.061549
1.061541
1.061533
1.061526
1.061518
1.061510
1.061502
1.061494
1.061486
1.061478
1.061470
1.061462
1.061454
1.061446
1.061439
1.061431
1.061423
1.061415
1.061407
1.061399
1.061391
1.061383
1.061375
1.061367
1.061359
1.061352
1.061344
1.061336
1.061328
1.061320
1.061312
1.061304
1.061296
1.061288
1.061281
1.061273
1.061265
1.061257
1.061249
1.061241
1.061233
1.061225
1.061218
1.061210
1.061202
1.061194
1.061186
1.061178
1.061170
1.061162
1.061155
1.061147
1.061139
1.061131
1.061123
1.061115
1.061107
1.061100
1.061092
1.061084
1.061076
1.061068
1.061060
1.061052
1.061045
1.061037
1.061029
1.061021
1.061013
1.061005
1.060997
1.060990
1.060982
1.060974
1.060966
1.060958
1.060950
1.060943
1.060935
1.060927
1.060919
1.060911
1.060903
1.060896
1.060888
1.060880
1.060872
1.060864
1.060856
1.060849
1.060841
1.060833
1.060825
1.060817
1.060810
1.060802
1.060794
1.060786
1.060778
1.060770
1.060763
1.060755
1.060747
1.060739
1.060731
1.060724
1.060716
1.060708
1.060700
1.060692
1.060685
1.060677
1.060669
1.060661
1.060653
1.060646
1.060638
1.060630
1.060622
1.060614
1.060607
1.060599
1.060591
1.060583
1.060576
1.060568
1.060560
1.060552
1.060544
1.060537
1.060529
1.060521
1.060513
1.060506
1.060498
1.060490
1.060482
1.060474
1.060467
1.060459
1.060451
1.060443
1.060436
1.060428
1.060420
1.060412
1.060405
1.060397
1.060389
1.060381
1.060374
1.060366
1.060358
1.060350
1.060343
1.060335
1.060327
1.060319
1.060312
1.060304
1.060304
1.060296
1.060288
1.060281
1.060273
1.060265
1.060257
1.060250
1.060242
1.060234
1.060226
1.060219
1.060211
1.060203
1.060196
1.060188
1.060180
1.060172
1.060165
1.060157
1.060149
1.060141
1.060134
1.060126
1.060118
1.060111
1.060103
1.060095
1.060087
1.060080
1.060072
1.060064
1.060057
1.060049
1.060041
1.060033
1.060026
1.060018
1.060010
1.060003
1.059995
1.059987
1.059980
1.059972
1.059964
1.059956
1.059949
1.059941
1.059933
1.059926
1.059918
1.059910
1.059903
1.059895
1.059887
1.059880
1.059872
1.059864
1.059857
1.059849
1.059841
1.059834
1.059826
1.059818
1.059810
1.059803
1.059795
1.059787
1.059780
1.059772
1.059764
1.059757
1.059749
1.059741
1.059734
1.059726
1.059718
1.059711
1.059703
1.059696
1.059688
1.059680
1.059673
1.059665
1.059657
1.059650
1.059642
1.059634
1.059627
1.059619
1.059611
1.059604
1.059596
1.059588
1.059581
1.059573
1.059566
1.059558
1.059550
1.059543
1.059535
1.059527
1.059520
1.059512
1.059504
1.059497
1.059489
1.059482
1.059474
1.059466
1.059459
1.059451
1.059443
1.059436
1.059428
1.059421
1.059413
1.059405
1.059398
1.059390
1.059383
1.059375
1.059367
1.059360
1.059352
1.059344
1.059337
1.059329
1.059322
1.059314
1.059306
1.059299
1.059291
1.059284
1.059276
1.059268
1.059261
1.059253
1.059246
1.059238
1.059231
1.059223
1.059215
1.059208
1.059200
1.059193
1.059185
1.059177
1.059170
1.059162
1.059155
1.059147
1.059140
1.059132
1.059124
1.059117
1.059109
1.059102
1.059094
1.059087
1.059079
1.059071
1.059064
1.059056
1.059049
1.059041
1.059034
1.059026
1.059018
1.059011
1.059003
1.058996
1.058988
1.058981
1.058973
1.058966
1.058958
1.058950
1.058943
1.058935
1.058928
1.058920
1.058913
1.058905
1.058898
1.058890
1.058883
1.058875
1.058867
1.058860
1.058852
1.058845
1.058837
1.058830
1.058822
1.058815
1.058807
1.058800
1.058792
1.058785
1.058777
1.058770
1.058762
1.058755
1.058747
1.058739
1.058732
1.058724
1.058717
1.058709
1.058702
1.058694
1.058687
1.058679
1.058672
1.058664
1.058657
1.058649
1.058642
1.058634
1.058627
1.058619
1.058612
1.058604
1.058597
1.058589
1.058582
1.058574
1.058567
1.058559
1.058552
1.058544
1.058537
1.058529
1.058522
1.058514
1.058507
1.058499
1.058492
1.058484
1.058477
1.058469
1.058462
1.058455
1.058447
1.058440
1.058432
1.058425
1.058417
1.058410
1.058402
1.058395
1.058387
1.058380
1.058372
1.058365
1.058357
1.058350
1.058342
1.058335
1.058328
1.058320
1.058313
1.058305
1.058298
1.058290
1.058283
1.058275
1.058268
1.058260
1.058253
1.058246
1.058238
1.058231
1.058223
1.058216
1.058208
1.058201
1.058193
1.058186
1.058179
1.058171
1.058164
1.058156
1.058149
1.058141
1.058134
1.058127
1.058119
1.058112
1.058104
1.058097
1.058089
1.058082
1.058075
1.058067
1.058060
1.058052
1.058045
1.058037
1.058030
1.058023
1.058015
1.058008
1.058000
1.057993
1.057986
1.057978
1.057971
1.057963
1.057956
1.057948
1.057941
1.057934
1.057926
1.057919
1.057911
1.057904
1.057897
1.057889
1.057882
1.057874
1.057867
1.057860
1.057852
1.057845
1.057838
1.057830
1.057823
1.057815
1.057808
1.057801
1.057793
1.057786
1.057778
1.057771
1.057764
1.057756
1.057749
1.057742
1.057734
1.057727
1.057719
1.057712
1.057705
1.057697
1.057690
1.057683
1.057675
1.057668
1.057661
1.057653
1.057646
1.057638
1.057631
1.057624
1.057616
1.057609
1.057602
1.057594
1.057587
1.057580
1.057572
1.057565
1.057558
1.057550
1.057543
1.057535
1.057528
1.057521
1.057513
1.057506
1.057499
1.057491
1.057484
1.057477
1.057469
1.057462
1.057455
1.057447
1.057440
1.057433
1.057425
1.057418
1.057411
1.057403
1.057396
1.057389
1.057381
1.057374
1.057367
1.057360
1.057352
1.057345
1.057338
1.057330
1.057323
1.057316
1.057308
1.057301
1.057294
1.057286
1.057279
1.057272
1.057264
1.057257
1.057250
1.057243
1.057235
1.057228
1.057221
1.057213
1.057206
1.057199
1.057191
1.057184
1.057177
1.057170
1.057162
1.057155
1.057148
1.057140
1.057133
1.057126
1.057119
1.057111
1.057104
1.057097
1.057089
1.057082
1.057075
1.057068
1.057060
1.057053
1.057046
1.057038
1.057031
1.057024
1.057017
1.057009
1.057002
1.056995
1.056988
1.056980
1.056973
1.056966
1.056959
1.056951
1.056944
1.056937
1.056930
1.056922
1.056915
1.056908
1.056900
1.056893
1.056886
1.056879
1.056871
1.056864
1.056857
1.056850
1.056843
1.056835
1.056828
1.056821
1.056814
1.056806
1.056799
1.056792
1.056785
1.056777
1.056770
1.056763
1.056756
1.056748
1.056741
1.056734
1.056727
1.056720
1.056712
1.056705
1.056698
1.056691
1.056683
1.056676
1.056669
1.056662
1.056655
1.056647
1.056640
1.056633
1.056626
1.056618
1.056611
1.056604
1.056597
1.056590
1.056582
1.056575
1.056575
1.056568
1.056561
1.056554
1.056546
1.056539
1.056532
1.056525
1.056518
1.056510
1.056503
1.056496
1.056489
1.056482
1.056474
1.056467
1.056460
1.056453
1.056446
1.056439
1.056431
1.056424
1.056417
1.056410
1.056403
1.056395
1.056388
1.056381
1.056374
1.056367
1.056360
1.056352
1.056345
1.056338
1.056331
1.056324
1.056317
1.056309
1.056302
1.056295
1.056288
1.056281
1.056274
1.056266
1.056259
1.056252
1.056245
1.056238
1.056231
1.056223
1.056216
1.056209
1.056202
1.056195
1.056188
1.056181
1.056173
1.056166
1.056159
1.056152
1.056145
1.056138
1.056131
1.056123
1.056116
1.056109
1.056102
1.056095
1.056088
1.056081
1.056073
1.056066
1.056059
1.056052
1.056045
1.056038
1.056031
1.056024
1.056016
1.056009
1.056002
1.055995
1.055988
1.055981
1.055974
1.055967
1.055960
1.055952
1.055945
1.055938
1.055931
1.055924
1.055917
1.055910
1.055903
1.055896
1.055888
1.055881
1.055874
1.055867
1.055860
1.055853
1.055846
1.055839
1.055832
1.055825
1.055817
1.055810
1.055803
1.055796
1.055789
1.055782
1.055775
1.055768
1.055761
1.055754
1.055747
1.055740
1.055732
1.055725
1.055718
1.055711
1.055704
1.055697
1.055690
1.055683
1.055676
1.055669
1.055662
1.055655
1.055648
1.055641
1.055633
1.055626
1.055619
1.055612
1.055605
1.055598
1.055591
1.055584
1.055577
1.055570
1.055563
1.055556
1.055549
1.055542
1.055535
1.055528
1.055521
1.055514
1.055506
1.055499
1.055492
1.055485
1.055478
1.055471
1.055464
1.055457
1.055450
1.055443
1.055436
1.055429
1.055422
1.055415
1.055408
1.055401
1.055394
1.055387
1.055380
1.055373
1.055366
1.055359
1.055352
1.055345
1.055338
1.055331
1.055324
1.055317
1.055310
1.055303
1.055296
1.055289
1.055282
1.055275
1.055268
1.055261
1.055254
1.055247
1.055239
1.055232
1.055225
1.055218
1.055211
1.055204
1.055197
1.055190
1.055183
1.055176
1.055169
1.055163
1.055156
1.055149
1.055142
1.055135
1.055128
1.055121
1.055114
1.055107
1.055100
1.055093
1.055086
1.055079
1.055072
1.055065
1.055058
1.055051
1.055044
1.055037
1.055030
1.055023
1.055016
1.055009
1.055002
1.054995
1.054988
1.054981
1.054974
1.054967
1.054960
1.054953
1.054946
1.054939
1.054932
1.054925
1.054918
1.054911
1.054904
1.054898
1.054891
1.054884
1.054877
1.054870
1.054863
1.054856
1.054849
1.054842
1.054835
1.054828
1.054821
1.054814
1.054807
1.054800
1.054793
1.054786
1.054779
1.054773
1.054766
1.054759
1.054752
1.054745
1.054738
1.054731
1.054724
1.054717
1.054710
1.054703
1.054696
1.054689
1.054682
1.054676
1.054669
1.054662
1.054655
1.054648
1.054641
1.054634
1.054627
1.054620
1.054613
1.054606
1.054599
1.054593
1.054586
1.054579
1.054572
1.054565
1.054558
1.054551
1.054544
1.054537
1.054530
1.054524
1.054517
1.054510
1.054503
1.054496
1.054489
1.054482
1.054475
1.054468
1.054462
1.054455
1.054448
1.054441
1.054434
1.054427
1.054420
1.054413
1.054406
1.054400
1.054393
1.054386
1.054379
1.054372
1.054365
1.054358
1.054351
1.054345
1.054338
1.054331
1.054324
1.054317
1.054310
1.054303
1.054297
1.054290
1.054283
1.054276
1.054269
1.054262
1.054255
1.054249
1.054242
1.054235
1.054228
1.054221
1.054214
1.054207
1.054201
1.054194
1.054187
1.054180
1.054173
1.054166
1.054160
1.054153
1.054146
1.054139
1.054132
1.054125
1.054119
1.054112
1.054105
1.054098
1.054091
1.054084
1.054078
1.054071
1.054064
1.054057
1.054050
1.054043
1.054037
1.054030
1.054023
1.054016
1.054009
1.054003
1.053996
1.053989
1.053982
1.053975
1.053968
1.053962
1.053955
1.053948
1.053941
1.053934
1.053928
1.053921
1.053914
1.053907
1.053900
1.053894
1.053887
1.053880
1.053873
1.053866
1.053860
1.053853
1.053846
1.053839
1.053832
1.053826
1.053819
1.053812
1.053805
1.053799
1.053792
1.053785
1.053778
1.053771
1.053765
1.053758
1.053751
1.053744
1.053737
1.053731
1.053724
1.053717
1.053710
1.053704
1.053697
1.053690
1.053683
1.053677
1.053670
1.053663
1.053656
1.053650
1.053643
1.053636
1.053629
1.053622
1.053616
1.053609
1.053602
1.053595
1.053589
1.053582
1.053575
1.053568
1.053562
1.053555
1.053548
1.053541
1.053535
1.053528
1.053521
1.053515
1.053508
1.053501
1.053494
1.053488
1.053481
1.053474
1.053467
1.053461
1.053454
1.053447
1.053440
1.053434
1.053427
1.053420
1.053414
1.053407
1.053400
1.053393
1.053387
1.053380
1.053373
1.053366
1.053360
1.053353
1.053346
1.053340
1.053333
1.053326
1.053319
1.053313
1.053306
1.053299
1.053293
1.053286
1.053279
1.053273
1.053266
1.053259
1.053252
1.053246
1.053239
1.053232
1.053226
1.053219
1.053212
1.053206
1.053199
1.053192
1.053186
1.053179
1.053172
1.053165
1.053159
1.053152
1.053145
1.053139
1.053132
1.053125
1.053119
1.053112
1.053112
