-0.261602
-0.332688
-0.368018
-0.383557
-0.387422
-0.385916
-0.382073
-0.376987
-0.371014
-0.364293
-0.356923
-0.348996
-0.340603
-0.331826
-0.322730
-0.313365
-0.303762
-0.293936
-0.283886
-0.273594
-0.263032
-0.252156
-0.240912
-0.229236
-0.217058
-0.204303
-0.190902
-0.176796
-0.161944
-0.146331
-0.129979
-0.112950
-0.095345
-0.077299
-0.058964
-0.040497
-0.022034
-0.003684
0.014488
0.032464
0.050269
0.067972
0.085681
0.103536
0.121708
0.140399
0.159832
0.180230
0.201790
0.224656
0.248900
0.274515
0.301441
0.329588
0.358845
0.389085
0.420177
0.451992
0.484413
0.517319
0.550545
0.583840
0.616864
0.649295
0.680956
0.711819
0.741934
0.771354
0.800115
0.828222
0.855663
0.882414
0.908446
0.933732
0.958247
0.981975
1.004902
1.027024
1.048340
1.068854
1.088577
1.107521
1.125703
1.143140
1.159852
1.175862
1.191191
1.205861
1.219896
1.233316
1.246146
1.258404
1.270114
1.281294
1.291963
1.302139
1.311841
1.321084
1.329887
1.338267
1.346245
1.353847
1.361101
1.368033
1.374655
1.380961
1.386947
1.392621
1.398002
1.403113
1.407978
1.412615
1.417038
1.421260
1.425288
1.429130
1.432791
1.436278
1.439604
1.442812
1.445915
1.448566
1.451421
1.455151
1.458593
1.462394
1.466041
1.468096
1.469499
1.471247
1.472998
1.474650
1.476314
1.478015
1.479752
1.481540
1.483383
1.485275
1.487203
1.489152
1.491101
1.493035
1.494942
1.496811
1.498641
1.500428
1.502172
1.503875
1.505535
1.507154
1.508731
1.510268
1.511765
1.513221
1.514639
1.516018
1.517359
1.518662
1.519928
1.521157
1.522350
1.523507
1.524628
1.525714
1.526765
1.527780
1.528761
1.529707
1.530619
1.531496
1.532339
1.533148
1.533922
1.534663
1.535369
1.536042
1.536681
1.537287
1.537859
1.538397
1.538903
1.539375
1.539814
1.540221
1.540595
1.540936
1.541245
1.541522
1.541767
1.541980
1.542162
1.542312
1.542431
1.542518
1.542574
1.542600
1.542594
1.542558
1.542491
1.542394
1.542266
1.542108
1.541918
1.541698
1.541447
1.541164
1.540850
1.540504
1.540126
1.539715
1.539271
1.538794
1.538283
1.537736
1.537154
1.536535
1.535879
1.535183
1.534448
1.533670
1.532848
1.531981
1.531066
1.530102
1.529086
1.528018
1.526895
1.525715
1.524474
1.523170
1.521798
1.520353
1.518827
1.517213
1.515500
1.513681
1.511745
1.509687
1.507504
1.505194
1.502762
1.500214
1.497561
1.494825
1.492080
1.489966
1.487397
1.484748
1.481946
1.483269
1.479937
1.476968
1.478405
1.481137
1.484035
1.486405
1.488178
1.489435
1.490300
1.490840
1.491133
1.491207
1.491116
1.490865
1.490499
1.490008
1.489432
1.488758
1.488021
1.487204
1.486342
1.485418
1.484460
1.483458
1.482431
1.481378
1.480308
1.479224
1.478133
1.477037
1.475939
1.474840
1.473742
1.472643
1.471541
1.470433
1.469313
1.468170
1.466993
1.465771
1.464496
1.463161
1.461766
1.460307
1.458786
1.457205
1.455565
1.453871
1.452124
1.450329
1.450329
1.448488
1.446606
1.444687
1.442733
1.440749
1.438738
1.436705
1.434654
1.432593
1.430529
1.428473
1.426433
1.424414
1.422420
1.420451
1.418506
1.416584
1.414684
1.412805
1.410946
1.409107
1.407288
1.405492
1.403719
1.401970
1.400246
1.398551
1.396879
1.395240
1.393622
1.392042
1.390474
1.388955
1.387431
1.385975
1.384484
1.383095
1.381623
1.380308
1.378838
1.377604
1.376123
1.374971
1.373472
1.372384
1.370860
1.369803
1.368248
1.367196
1.365613
1.364566
1.362976
1.361969
1.360399
1.359483
1.357962
1.357189
1.355736
1.355147
1.353758
1.353333
1.351970
1.351519
1.350107
1.349236
1.347665
1.346141
1.344235
1.342225
1.339779
1.337521
1.334525
1.332056
1.328722
1.325947
1.322499
1.319449
1.316081
1.313034
1.310041
1.307413
1.305032
1.302993
1.301184
1.299629
1.298230
1.297018
1.295898
1.294914
1.293973
1.293110
1.292283
1.291429
1.290706
1.289737
1.289129
1.287957
1.287428
1.286085
1.285543
1.284148
1.283509
1.282163
1.281391
1.280150
1.279262
1.278143
1.277202
1.276192
1.275264
1.274343
1.273473
1.272638
1.271850
1.271114
1.270435
1.269821
1.269278
1.268813
1.268429
1.268127
1.267907
1.267765
1.267694
1.267687
1.267736
1.267835
1.267975
1.268150
1.268355
1.268585
1.268838
1.269110
1.269400
1.269706
1.270027
1.270362
1.270712
1.271075
1.271453
1.271845
1.272251
1.272670
1.273104
1.273551
1.274011
1.274485
1.274970
1.275466
1.275973
1.276489
1.277011
1.277539
1.278071
1.278604
1.279136
1.279663
1.280184
1.280694
1.281191
1.281672
1.282132
1.282570
1.282982
1.283365
1.283717
1.284038
1.284324
1.284575
1.284792
1.284974
1.285122
1.285237
1.285320
1.285373
1.285399
1.285400
1.285378
1.285336
1.285278
1.285205
1.285122
1.285032
1.284936
1.284839
1.284743
1.284651
1.284564
1.284485
1.284415
1.284357
1.284312
1.284281
1.284264
1.284262
1.284277
1.284308
1.284355
1.284419
1.284499
1.284596
1.284708
1.284836
1.284980
1.285139
1.285313
1.285500
1.285702
1.285917
1.286144
1.286384
1.286636
1.286900
1.287174
1.287459
1.287754
1.288058
1.288371
1.288693
1.289022
1.289358
1.289701
1.290049
1.290402
1.290759
1.291120
1.291483
1.291847
1.292212
1.292577
1.292940
1.293300
1.293658
1.294011
1.294360
1.294704
1.295042
1.295373
1.295699
1.296019
1.296332
1.296641
1.296944
1.297242
1.297537
1.297828
1.298116
1.298400
1.298682
1.298961
1.299235
1.299503
1.299760
1.299991
1.300142
1.299911
1.299218
1.299585
1.300082
1.300758
1.301498
1.302175
1.302755
1.303252
1.303689
1.304077
1.304426
1.304742
1.305035
1.305311
1.305577
1.305840
1.306105
1.306377
1.306660
1.306958
1.307274
1.307611
1.307971
1.308354
1.308762
1.309195
1.309653
1.310136
1.310641
1.311168
1.311713
1.312275
1.312849
1.313433
1.314021
1.314611
1.315199
1.315782
1.316357
1.316920
1.317471
1.318008
1.318529
1.318529
1.319033
1.319519
1.319988
1.320440
1.320873
1.321289
1.321688
1.322070
1.322436
1.322786
1.323122
1.323443
1.323750
1.324044
1.324326
1.324596
1.324855
1.325104
1.325342
1.325572
1.325792
1.326004
1.326209
1.326406
1.326597
1.326781
1.326960
1.327134
1.327304
1.327470
1.327632
1.327791
1.327948
1.328103
1.328256
1.328408
1.328559
1.328711
1.328862
1.329013
1.329165
1.329317
1.329470
1.329625
1.329780
1.329935
1.330092
1.330249
1.330407
1.330565
1.330722
1.330880
1.331037
1.331193
1.331348
1.331501
1.331652
1.331802
1.331949
1.332093
1.332235
1.332374
1.332509
1.332641
1.332770
1.332895
1.333017
1.333136
1.333250
1.333362
1.333469
1.333574
1.333675
1.333772
1.333867
1.333959
1.334047
1.334133
1.334217
1.334298
1.334376
1.334453
1.334527
1.334600
1.334671
1.334740
1.334808
1.334874
1.334939
1.335003
1.335066
1.335128
1.335190
1.335250
1.335310
1.335369
1.335428
1.335486
1.335543
1.335600
1.335657
1.335713
1.335769
1.335824
1.335879
1.335934
1.335989
1.336043
1.336096
1.336149
1.336202
1.336255
1.336307
1.336358
1.336410
1.336460
1.336511
1.336561
1.336611
1.336660
1.336708
1.336757
1.336805
1.336852
1.336900
1.336946
1.336993
1.337039
1.337085
1.337130
1.337175
1.337220
1.337265
1.337309
1.337353
1.337397
1.337441
1.337484
1.337528
1.337571
1.337614
1.337657
1.337699
1.337742
1.337785
1.337827
1.337870
1.337912
1.337954
1.337997
1.338039
1.338081
1.338124
1.338166
1.338209
1.338251
1.338293
1.338336
1.338378
1.338421
1.338464
1.338506
1.338549
1.338592
1.338635
1.338678
1.338721
1.338764
1.338807
1.338850
1.338894
1.338937
1.338981
1.339025
1.339069
1.339113
1.339157
1.339201
1.339245
1.339290
1.339334
1.339379
1.339424
1.339470
1.339515
1.339561
1.339607
1.339653
1.339699
1.339746
1.339793
1.339841
1.339888
1.339936
1.339985
1.340034
1.340083
1.340133
1.340183
1.340234
1.340285
1.340337
1.340389
1.340442
1.340496
1.340550
1.340605
1.340660
1.340716
1.340773
1.340830
1.340888
1.340947
1.341006
1.341066
1.341126
1.341187
1.341248
1.341310
1.341372
1.341434
1.341496
1.341558
1.341621
1.341682
1.341744
1.341804
1.341863
1.341921
1.341977
1.342031
1.342083
1.342131
1.342177
1.342221
1.342264
1.342309
1.342359
1.342419
1.342490
1.342574
1.342667
1.342768
1.342872
1.342977
1.343081
1.343182
1.343282
1.343380
1.343480
1.343583
1.343690
1.343804
1.343927
1.344060
1.344205
1.344362
1.344532
1.344716
1.344915
1.345127
1.345355
1.345596
1.345851
1.346119
1.346399
1.346690
1.346991
1.347302
1.347621
1.347946
1.348277
1.348613
1.348952
1.349293
1.349635
1.349978
1.350320
1.350660
1.350999
1.351334
