-0.099725
-0.091201
-0.086974
-0.087034
-0.089856
-0.094146
-0.099140
-0.104435
-0.109813
-0.115146
-0.120358
-0.125400
-0.130243
-0.134873
-0.139283
-0.143473
-0.147445
-0.151204
-0.154753
-0.158095
-0.161231
-0.164163
-0.166893
-0.169425
-0.171761
-0.173910
-0.175879
-0.177678
-0.179318
-0.180809
-0.182161
-0.183386
-0.184496
-0.185505
-0.186428
-0.187282
-0.188084
-0.188849
-0.189592
-0.190325
-0.191057
-0.191795
-0.192542
-0.193303
-0.194079
-0.194866
-0.195660
-0.196451
-0.197230
-0.197986
-0.198704
-0.199374
-0.199990
-0.200549
-0.201049
-0.201493
-0.201883
-0.202224
-0.202521
-0.202779
-0.203006
-0.203207
-0.203390
-0.203559
-0.203717
-0.203868
-0.204014
-0.204158
-0.204303
-0.204448
-0.204595
-0.204744
-0.204895
-0.205049
-0.205205
-0.205364
-0.205527
-0.205694
-0.205866
-0.206043
-0.206225
-0.206414
-0.206609
-0.206811
-0.207019
-0.207234
-0.207457
-0.207686
-0.207922
-0.208166
-0.208416
-0.208674
-0.208938
-0.209210
-0.209488
-0.209773
-0.210066
-0.210365
-0.210671
-0.210983
-0.211300
-0.211621
-0.211945
-0.212270
-0.212595
-0.212922
-0.213250
-0.213581
-0.213912
-0.214245
-0.214578
-0.214912
-0.215247
-0.215584
-0.215923
-0.216265
-0.216609
-0.216957
-0.217307
-0.217661
-0.218025
-0.218375
-0.218689
-0.219041
-0.219335
-0.219688
-0.220071
-0.220408
-0.220740
-0.221073
-0.221388
-0.221702
-0.222021
-0.222342
-0.222668
-0.223002
-0.223348
-0.223708
-0.224085
-0.224478
-0.224885
-0.225304
-0.225729
-0.226155
-0.226576
-0.226990
-0.227391
-0.227778
-0.228150
-0.228504
-0.228841
-0.229160
-0.229463
-0.229748
-0.230017
-0.230269
-0.230507
-0.230730
-0.230939
-0.231135
-0.231318
-0.231490
-0.231650
-0.231799
-0.231937
-0.232067
-0.232187
-0.232299
-0.232403
-0.232499
-0.232589
-0.232673
-0.232752
-0.232825
-0.232894
-0.232958
-0.233019
-0.233076
-0.233131
-0.233183
-0.233233
-0.233281
-0.233327
-0.233373
-0.233417
-0.233460
-0.233503
-0.233545
-0.233586
-0.233628
-0.233669
-0.233711
-0.233752
-0.233794
-0.233836
-0.233878
-0.233920
-0.233962
-0.234005
-0.234047
-0.234090
-0.234133
-0.234176
-0.234219
-0.234262
-0.234306
-0.234350
-0.234393
-0.234436
-0.234478
-0.234519
-0.234559
-0.234597
-0.234634
-0.234672
-0.234709
-0.234744
-0.234779
-0.234812
-0.234845
-0.234878
-0.234911
-0.234946
-0.234981
-0.235016
-0.235050
-0.235083
-0.235114
-0.235145
-0.235175
-0.235204
-0.235232
-0.235260
-0.235286
-0.235312
-0.235337
-0.235362
-0.235385
-0.235408
-0.235431
-0.235452
-0.235473
-0.235493
-0.235512
-0.235523
-0.235536
-0.235565
-0.235584
-0.235557
-0.235569
-0.235611
-0.235607
-0.235624
-0.235629
-0.235631
-0.235635
-0.235639
-0.235645
-0.235651
-0.235657
-0.235664
-0.235671
-0.235677
-0.235684
-0.235691
-0.235698
-0.235704
-0.235710
-0.235716
-0.235722
-0.235727
-0.235732
-0.235737
-0.235741
-0.235745
-0.235748
-0.235750
-0.235752
-0.235754
-0.235754
-0.235754
-0.235753
-0.235751
-0.235749
-0.235747
-0.235745
-0.235743
-0.235742
-0.235742
-0.235743
-0.235746
-0.235750
-0.235756
-0.235765
-0.235776
-0.235791
-0.235810
-0.235833
-0.235862
-0.235896
-0.235896
-0.235938
-0.235986
-0.236044
-0.236111
-0.236190
-0.236283
-0.236391
-0.236516
-0.236659
-0.236819
-0.236993
-0.237176
-0.237364
-0.237553
-0.237739
-0.237920
-0.238095
-0.238259
-0.238409
-0.238540
-0.238647
-0.238727
-0.238777
-0.238793
-0.238774
-0.238715
-0.238616
-0.238473
-0.238289
-0.238058
-0.237790
-0.237476
-0.237136
-0.236755
-0.236364
-0.235936
-0.235519
-0.235064
-0.234642
-0.234179
-0.233767
-0.233310
-0.232915
-0.232480
-0.232107
-0.231704
-0.231350
-0.230972
-0.230622
-0.230253
-0.229883
-0.229495
-0.229086
-0.228650
-0.228216
-0.227761
-0.227344
-0.226910
-0.226536
-0.226134
-0.225806
-0.225438
-0.225152
-0.224818
-0.224570
-0.224270
-0.224053
-0.223786
-0.223593
-0.223357
-0.223182
-0.222974
-0.222813
-0.222633
-0.222483
-0.222326
-0.222187
-0.222048
-0.221922
-0.221800
-0.221689
-0.221582
-0.221482
-0.221386
-0.221297
-0.221210
-0.221130
-0.221048
-0.220976
-0.220898
-0.220832
-0.220755
-0.220693
-0.220616
-0.220556
-0.220478
-0.220416
-0.220341
-0.220277
-0.220204
-0.220137
-0.220066
-0.219997
-0.219927
-0.219855
-0.219785
-0.219712
-0.219641
-0.219568
-0.219496
-0.219423
-0.219350
-0.219278
-0.219205
-0.219133
-0.219060
-0.218988
-0.218917
-0.218845
-0.218775
-0.218705
-0.218635
-0.218567
-0.218499
-0.218431
-0.218365
-0.218299
-0.218233
-0.218168
-0.218104
-0.218041
-0.217978
-0.217915
-0.217853
-0.217792
-0.217731
-0.217670
-0.217610
-0.217550
-0.217491
-0.217432
-0.217373
-0.217315
-0.217257
-0.217200
-0.217143
-0.217087
-0.217032
-0.216977
-0.216922
-0.216869
-0.216816
-0.216763
-0.216712
-0.216661
-0.216611
-0.216562
-0.216513
-0.216466
-0.216419
-0.216373
-0.216328
-0.216283
-0.216240
-0.216197
-0.216155
-0.216113
-0.216072
-0.216032
-0.215993
-0.215954
-0.215916
-0.215878
-0.215841
-0.215805
-0.215769
-0.215734
-0.215699
-0.215665
-0.215631
-0.215598
-0.215566
-0.215534
-0.215502
-0.215471
-0.215440
-0.215410
-0.215381
-0.215351
-0.215323
-0.215294
-0.215266
-0.215239
-0.215212
-0.215185
-0.215159
-0.215132
-0.215107
-0.215081
-0.215056
-0.215032
-0.215007
-0.214983
-0.214959
-0.214935
-0.214912
-0.214889
-0.214866
-0.214843
-0.214821
-0.214798
-0.214776
-0.214755
-0.214733
-0.214711
-0.214690
-0.214669
-0.214648
-0.214627
-0.214606
-0.214585
-0.214565
-0.214544
-0.214524
-0.214503
-0.214483
-0.214463
-0.214443
-0.214423
-0.214402
-0.214382
-0.214363
-0.214343
-0.214323
-0.214303
-0.214284
-0.214265
-0.214246
-0.214227
-0.214208
-0.214190
-0.214172
-0.214154
-0.214137
-0.214120
-0.214103
-0.214086
-0.214070
-0.214054
-0.214037
-0.214021
-0.214004
-0.213986
-0.213963
-0.213927
-0.213896
-0.213896
-0.213891
-0.213874
-0.213857
-0.213841
-0.213827
-0.213813
-0.213800
-0.213787
-0.213775
-0.213764
-0.213754
-0.213744
-0.213734
-0.213724
-0.213715
-0.213706
-0.213698
-0.213689
-0.213681
-0.213672
-0.213663
-0.213655
-0.213646
-0.213636
-0.213626
-0.213616
-0.213605
-0.213593
-0.213581
-0.213567
-0.213553
-0.213538
-0.213522
-0.213505
-0.213487
-0.213468
-0.213448
-0.213427
-0.213406
-0.213384
-0.213361
-0.213337
-0.213337
-0.213312
-0.213287
-0.213261
-0.213234
-0.213207
-0.213179
-0.213150
-0.213120
-0.213090
-0.213059
-0.213028
-0.212996
-0.212963
-0.212930
-0.212896
-0.212861
-0.212826
-0.212791
-0.212754
-0.212717
-0.212680
-0.212642
-0.212604
-0.212565
-0.212525
-0.212485
-0.212445
-0.212404
-0.212362
-0.212321
-0.212278
-0.212235
-0.212192
-0.212148
-0.212104
-0.212059
-0.212014
-0.211968
-0.211922
-0.211876
-0.211829
-0.211781
-0.211734
-0.211685
-0.211637
-0.211587
-0.211538
-0.211488
-0.211437
-0.211386
-0.211335
-0.211283
-0.211231
-0.211178
-0.211125
-0.211072
-0.211019
-0.210965
-0.210910
-0.210856
-0.210801
-0.210745
-0.210690
-0.210634
-0.210578
-0.210521
-0.210465
-0.210408
-0.210351
-0.210294
-0.210236
-0.210178
-0.210121
-0.210063
-0.210004
-0.209946
-0.209887
-0.209829
-0.209770
-0.209711
-0.209652
-0.209592
-0.209533
-0.209473
-0.209414
-0.209354
-0.209294
-0.209234
-0.209174
-0.209114
-0.209054
-0.208993
-0.208933
-0.208873
-0.208812
-0.208752
-0.208691
-0.208630
-0.208570
-0.208509
-0.208448
-0.208387
-0.208326
-0.208266
-0.208205
-0.208144
-0.208083
-0.208022
-0.207961
-0.207900
-0.207840
-0.207779
-0.207718
-0.207657
-0.207596
-0.207536
-0.207475
-0.207415
-0.207354
-0.207294
-0.207234
-0.207173
-0.207113
-0.207053
-0.206993
-0.206933
-0.206874
-0.206814
-0.206755
-0.206695
-0.206636
-0.206577
-0.206518
-0.206459
-0.206400
-0.206342
-0.206284
-0.206226
-0.206168
-0.206110
-0.206052
-0.205995
-0.205937
-0.205880
-0.205823
-0.205767
-0.205710
-0.205654
-0.205598
-0.205542
-0.205486
-0.205431
-0.205376
-0.205321
-0.205266
-0.205212
-0.205157
-0.205103
-0.205049
-0.204996
-0.204943
-0.204889
-0.204837
-0.204784
-0.204732
-0.204680
-0.204628
-0.204576
-0.204525
-0.204474
-0.204423
-0.204373
-0.204323
-0.204273
-0.204223
-0.204174
-0.204125
-0.204076
-0.204027
-0.203979
-0.203931
-0.203883
-0.203836
-0.203789
-0.203742
-0.203696
-0.203650
-0.203604
-0.203558
-0.203513
-0.203468
-0.203423
-0.203379
-0.203335
-0.203291
-0.203247
-0.203204
-0.203161
-0.203119
-0.203076
-0.203034
-0.202993
-0.202951
-0.202910
-0.202869
-0.202829
-0.202789
-0.202749
-0.202709
-0.202670
-0.202631
-0.202592
-0.202553
-0.202515
-0.202477
-0.202440
-0.202403
-0.202366
-0.202329
-0.202292
-0.202256
-0.202220
-0.202185
-0.202149
-0.202114
-0.202080
-0.202045
-0.202011
-0.201977
-0.201944
-0.201910
-0.201877
-0.201845
-0.201812
-0.201781
-0.201749
-0.201718
-0.201688
-0.201659
-0.201630
-0.201602
-0.201575
-0.201548
-0.201521
-0.201496
-0.201471
-0.201446
-0.201422
-0.201399
-0.201376
-0.201353
-0.201331
-0.201310
-0.201289
-0.201268
-0.201248
-0.201229
-0.201210
-0.201191
-0.201173
-0.201155
-0.201137
-0.201120
-0.201103
-0.201087
-0.201071
-0.201055
-0.201040
-0.201025
-0.201010
-0.200995
-0.200981
-0.200967
-0.200954
-0.200940
-0.200927
-0.200914
-0.200902
-0.200890
-0.200878
-0.200866
