0.283881
0.302914
0.309605
0.310738
0.309718
0.308172
0.306639
0.305234
0.303955
0.302782
0.301698
0.300694
0.299764
0.298907
0.298123
0.297411
0.296774
0.296213
0.295731
0.295330
0.295012
0.294780
0.294634
0.294576
0.294607
0.294725
0.294931
0.295223
0.295602
0.296070
0.296632
0.297295
0.298066
0.298951
0.299953
0.301069
0.302294
0.303616
0.305023
0.306499
0.308031
0.309602
0.311201
0.312813
0.314429
0.316040
0.317639
0.319225
0.320798
0.322361
0.323917
0.325470
0.327017
0.328555
0.330077
0.331573
0.333034
0.334442
0.335775
0.337001
0.338074
0.338930
0.339501
0.339731
0.339595
0.339107
0.338310
0.337265
0.336034
0.334672
0.333220
0.331708
0.330155
0.328574
0.326971
0.325352
0.323721
0.322080
0.320431
0.318776
0.317118
0.315459
0.313802
0.312148
0.310501
0.308862
0.307234
0.305619
0.304018
0.302434
0.300868
0.299320
0.297793
0.296285
0.294799
0.293334
0.291889
0.290466
0.289062
0.287680
0.286319
0.284979
0.283660
0.282363
0.281086
0.279830
0.278596
0.277385
0.276197
0.275032
0.273890
0.272771
0.271673
0.270595
0.269537
0.268495
0.267468
0.266454
0.265452
0.264460
0.263485
0.262552
0.261543
0.260722
0.259725
0.258920
0.258199
0.257277
0.256365
0.255553
0.254715
0.253844
0.252949
0.252014
0.251026
0.249978
0.248865
0.247685
0.246444
0.245146
0.243801
0.242417
0.241002
0.239561
0.238100
0.236623
0.235133
0.233632
0.232122
0.230602
0.229074
0.227537
0.225991
0.224436
0.222872
0.221299
0.219715
0.218121
0.216516
0.214900
0.213272
0.211633
0.209982
0.208318
0.206641
0.204951
0.203247
0.201530
0.199799
0.198053
0.196293
0.194519
0.192729
0.190925
0.189105
0.187271
0.185420
0.183555
0.181674
0.179778
0.177866
0.175939
0.173997
0.172039
0.170066
0.168079
0.166077
0.164060
0.162029
0.159983
0.157924
0.155852
0.153766
0.151668
0.149558
0.147437
0.145305
0.143163
0.141011
0.138850
0.136680
0.134503
0.132317
0.130123
0.127922
0.125713
0.123500
0.121282
0.119061
0.116838
0.114616
0.112395
0.110175
0.107956
0.105736
0.103516
0.101300
0.099088
0.096882
0.094680
0.092483
0.090288
0.088096
0.085910
0.083732
0.081564
0.079407
0.077262
0.075130
0.073010
0.070902
0.068806
0.066719
0.064643
0.062574
0.060514
0.058461
0.056416
0.054379
0.052351
0.050331
0.048322
0.046327
0.044359
0.042791
0.040886
0.038757
0.036822
0.036443
0.033328
0.030708
0.029893
0.028575
0.027136
0.025771
0.024464
0.023191
0.021958
0.020755
0.019591
0.018454
0.017352
0.016271
0.015221
0.014189
0.013184
0.012193
0.011226
0.010272
0.009339
0.008418
0.007515
0.006624
0.005750
0.004888
0.004042
0.003208
0.002390
0.001586
0.000796
0.000021
-0.000739
-0.001484
-0.002216
-0.002936
-0.003648
-0.004352
-0.005050
-0.005740
-0.006423
-0.007098
-0.007762
-0.008417
-0.009061
-0.009694
-0.010317
-0.010928
-0.011528
-0.012117
-0.012693
-0.012693
-0.013257
-0.013809
-0.014348
-0.014873
-0.015384
-0.015880
-0.016361
-0.016827
-0.017276
-0.017710
-0.018132
-0.018546
-0.018957
-0.019369
-0.019785
-0.020205
-0.020627
-0.021051
-0.021475
-0.021900
-0.022324
-0.022746
-0.023168
-0.023586
-0.024004
-0.024417
-0.024831
-0.025235
-0.025644
-0.026037
-0.026442
-0.026819
-0.027222
-0.027578
-0.027983
-0.028311
-0.028722
-0.029013
-0.029434
-0.029684
-0.030112
-0.030325
-0.030754
-0.030947
-0.031371
-0.031567
-0.031988
-0.032199
-0.032627
-0.032859
-0.033306
-0.033565
-0.034046
-0.034339
-0.034873
-0.035205
-0.035810
-0.036184
-0.036874
-0.037280
-0.038053
-0.038461
-0.039290
-0.039660
-0.040512
-0.040832
-0.041670
-0.041970
-0.042730
-0.043025
-0.043650
-0.043910
-0.044357
-0.044534
-0.044767
-0.044801
-0.044800
-0.044661
-0.044488
-0.044253
-0.044027
-0.043782
-0.043566
-0.043333
-0.043146
-0.042933
-0.042795
-0.042604
-0.042539
-0.042364
-0.042390
-0.042214
-0.042332
-0.042135
-0.042315
-0.042100
-0.042294
-0.042105
-0.042279
-0.042156
-0.042293
-0.042239
-0.042332
-0.042324
-0.042373
-0.042380
-0.042396
-0.042395
-0.042385
-0.042366
-0.042336
-0.042296
-0.042244
-0.042183
-0.042110
-0.042027
-0.041934
-0.041831
-0.041718
-0.041597
-0.041468
-0.041332
-0.041189
-0.041040
-0.040885
-0.040723
-0.040555
-0.040380
-0.040199
-0.040010
-0.039813
-0.039608
-0.039393
-0.039169
-0.038935
-0.038690
-0.038433
-0.038163
-0.037880
-0.037584
-0.037273
-0.036947
-0.036605
-0.036248
-0.035874
-0.035485
-0.035081
-0.034662
-0.034230
-0.033786
-0.033333
-0.032873
-0.032410
-0.031947
-0.031489
-0.031042
-0.030610
-0.030198
-0.029813
-0.029460
-0.029143
-0.028866
-0.028633
-0.028446
-0.028308
-0.028219
-0.028181
-0.028193
-0.028254
-0.028363
-0.028519
-0.028719
-0.028961
-0.029243
-0.029562
-0.029914
-0.030296
-0.030705
-0.031137
-0.031590
-0.032059
-0.032541
-0.033034
-0.033533
-0.034036
-0.034539
-0.035042
-0.035539
-0.036030
-0.036512
-0.036983
-0.037441
-0.037885
-0.038312
-0.038722
-0.039112
-0.039482
-0.039832
-0.040159
-0.040464
-0.040746
-0.041004
-0.041238
-0.041448
-0.041634
-0.041797
-0.041936
-0.042052
-0.042145
-0.042217
-0.042268
-0.042299
-0.042312
-0.042307
-0.042286
-0.042251
-0.042203
-0.042145
-0.042078
-0.042005
-0.041927
-0.041848
-0.041769
-0.041692
-0.041621
-0.041557
-0.041502
-0.041459
-0.041429
-0.041413
-0.041414
-0.041432
-0.041468
-0.041522
-0.041596
-0.041689
-0.041801
-0.041931
-0.042080
-0.042245
-0.042427
-0.042624
-0.042836
-0.043061
-0.043298
-0.043547
-0.043808
-0.044081
-0.044370
-0.044679
-0.045023
-0.045431
-0.045984
-0.046910
-0.048735
-0.050817
-0.051694
-0.052261
-0.052794
-0.053308
-0.053781
-0.054198
-0.054554
-0.054844
-0.055063
-0.055211
-0.055286
-0.055286
-0.055212
-0.055064
-0.054842
-0.054549
-0.054186
-0.053757
-0.053263
-0.052711
-0.052104
-0.051447
-0.050749
-0.050015
-0.049255
-0.048478
-0.047693
-0.046912
-0.046143
-0.045398
-0.044685
-0.044011
-0.043381
-0.042801
-0.042272
-0.041796
-0.041372
-0.040999
-0.040674
-0.040396
-0.040162
-0.039968
-0.039811
-0.039811
-0.039688
-0.039596
-0.039531
-0.039491
-0.039471
-0.039470
-0.039484
-0.039511
-0.039548
-0.039593
-0.039642
-0.039695
-0.039748
-0.039800
-0.039849
-0.039893
-0.039931
-0.039961
-0.039981
-0.039990
-0.039988
-0.039972
-0.039943
-0.039900
-0.039842
-0.039768
-0.039679
-0.039575
-0.039454
-0.039319
-0.039168
-0.039003
-0.038824
-0.038633
-0.038429
-0.038214
-0.037989
-0.037755
-0.037514
-0.037267
-0.037015
-0.036760
-0.036503
-0.036245
-0.035988
-0.035733
-0.035481
-0.035233
-0.034991
-0.034754
-0.034525
-0.034303
-0.034089
-0.033884
-0.033688
-0.033501
-0.033323
-0.033154
-0.032994
-0.032844
-0.032702
-0.032570
-0.032445
-0.032328
-0.032219
-0.032118
-0.032023
-0.031935
-0.031852
-0.031775
-0.031704
-0.031637
-0.031574
-0.031516
-0.031461
-0.031410
-0.031361
-0.031316
-0.031273
-0.031232
-0.031194
-0.031157
-0.031123
-0.031090
-0.031059
-0.031030
-0.031003
-0.030977
-0.030953
-0.030930
-0.030910
-0.030891
-0.030874
-0.030859
-0.030846
-0.030836
-0.030828
-0.030822
-0.030818
-0.030817
-0.030819
-0.030823
-0.030831
-0.030841
-0.030854
-0.030870
-0.030889
-0.030911
-0.030937
-0.030965
-0.030997
-0.031031
-0.031069
-0.031110
-0.031154
-0.031201
-0.031252
-0.031305
-0.031361
-0.031420
-0.031482
-0.031547
-0.031615
-0.031685
-0.031758
-0.031833
-0.031911
-0.031992
-0.032075
-0.032160
-0.032248
-0.032338
-0.032431
-0.032525
-0.032622
-0.032721
-0.032821
-0.032924
-0.033030
-0.033137
-0.033246
-0.033357
-0.033470
-0.033585
-0.033702
-0.033821
-0.033942
-0.034065
-0.034190
-0.034317
-0.034446
-0.034576
-0.034709
-0.034844
-0.034980
-0.035119
-0.035260
-0.035402
-0.035547
-0.035693
-0.035841
-0.035992
-0.036144
-0.036298
-0.036454
-0.036611
-0.036771
-0.036932
-0.037094
-0.037259
-0.037424
-0.037592
-0.037760
-0.037930
-0.038102
-0.038274
-0.038447
-0.038621
-0.038796
-0.038972
-0.039148
-0.039325
-0.039502
-0.039679
-0.039857
-0.040035
-0.040212
-0.040389
-0.040567
-0.040743
-0.040920
-0.041096
-0.041272
-0.041447
-0.041622
-0.041796
-0.041970
-0.042144
-0.042317
-0.042490
-0.042663
-0.042836
-0.043008
-0.043181
-0.043354
-0.043527
-0.043701
-0.043875
-0.044051
-0.044227
-0.044404
-0.044582
-0.044762
-0.044944
-0.045128
-0.045313
-0.045502
-0.045693
-0.045888
-0.046086
-0.046288
-0.046495
-0.046707
-0.046924
-0.047149
-0.047381
-0.047622
-0.047872
-0.048134
-0.048408
-0.048696
-0.048999
-0.049317
-0.049648
-0.049992
-0.050342
-0.050693
-0.051034
-0.051358
-0.051655
-0.051922
-0.052156
-0.052357
-0.052525
-0.052663
-0.052773
-0.052855
-0.052913
-0.052948
-0.052963
-0.052960
-0.052940
-0.052905
-0.052859
-0.052802
-0.052735
-0.052662
-0.052583
-0.052501
-0.052417
-0.052333
-0.052251
-0.052175
-0.052106
-0.052047
-0.052002
-0.051973
-0.051962
-0.051973
-0.052008
-0.052070
-0.052158
-0.052277
-0.052425
-0.052605
-0.052817
-0.053060
-0.053335
-0.053640
-0.053975
-0.054340
