-0.544314
0.250793
0.251596
0.251624
0.251579
0.251523
0.251462
0.251396
0.251326
0.251250
0.251167
0.251076
0.250978
0.250872
0.250758
0.250637
0.250507
0.250371
0.250228
0.250079
0.249924
0.249764
0.249599
0.249430
0.249258
0.249083
0.248905
0.248725
0.248543
0.248360
0.248176
0.247991
0.247806
0.247621
0.247435
0.247250
0.247066
0.246882
0.246698
0.246516
0.246334
0.246154
0.245975
0.245797
0.245621
0.245446
0.245272
0.245100
0.244929
0.244760
0.244593
0.244427
0.244262
0.244100
0.243938
0.243779
0.243621
0.243465
0.243310
0.243157
0.243006
0.242856
0.242707
0.242560
0.242415
0.242271
0.242129
0.241988
0.241849
0.241711
0.241574
0.241439
0.241305
0.241173
0.241042
0.240912
0.240784
0.240657
0.240531
0.240406
0.240283
0.240161
0.240040
0.239920
0.239802
0.239684
0.239568
0.239453
0.239339
0.239226
0.239114
0.239003
0.238893
0.238785
0.238677
0.238570
0.238464
0.238359
0.238256
0.238153
0.238051
0.237950
0.237850
0.237750
0.237652
0.237554
0.237458
0.237362
0.237267
0.237173
0.237080
0.236987
0.236895
0.236804
0.236714
0.236625
0.236536
0.236448
0.236361
0.236275
0.236189
0.236104
0.236020
0.235937
0.235854
0.235772
0.235690
0.235610
0.235529
0.235450
0.235371
0.235293
0.235216
0.235139
0.235063
0.234987
0.234912
0.234838
0.234764
0.234691
0.234618
0.234547
0.234475
0.234405
0.234334
0.234265
0.234196
0.234128
0.234060
0.233992
0.233926
0.233860
0.233794
0.233729
0.233665
0.233601
0.233537
0.233474
0.233412
0.233350
0.233289
0.233228
0.233168
0.233109
0.233050
0.232991
0.232933
0.232875
0.232818
0.232762
0.232706
0.232650
0.232595
0.232540
0.232486
0.232433
0.232380
0.232327
0.232275
0.232224
0.232172
0.232122
0.232072
0.232022
0.231973
0.231924
0.231876
0.231828
0.231781
0.231734
0.231688
0.231642
0.231596
0.231551
0.231507
0.231463
0.231419
0.231376
0.231334
0.231291
0.231250
0.231208
0.231168
0.231127
0.231087
0.231048
0.231009
0.230970
0.230932
0.230894
0.230857
0.230820
0.230784
0.230748
0.230712
0.230677
0.230642
0.230608
0.230574
0.230541
0.230508
0.230475
0.230443
0.230412
0.230380
0.230350
0.230319
0.230289
0.230260
0.230230
0.230202
0.230173
0.230146
0.230118
0.230091
0.230064
0.230038
0.230012
0.229987
0.229962
0.229937
0.229913
0.229890
0.229866
0.229843
0.229821
0.229799
0.229777
0.229756
0.229735
0.229714
0.229694
0.229674
0.229655
0.229636
0.229618
0.229599
0.229582
0.229564
0.229548
0.229531
0.229515
0.229499
0.229484
0.229469
0.229454
0.229440
0.229426
0.229413
0.229400
0.229387
0.229375
0.229363
0.229352
0.229341
0.229330
0.229320
0.229310
0.229300
0.229291
0.229282
0.229274
0.229266
0.229259
0.229251
0.229244
0.229238
0.229232
0.229226
0.229221
0.229216
0.229211
0.229207
0.229203
0.229200
0.229197
0.229194
0.229191
0.229189
0.229188
0.229186
0.229186
0.229185
0.229185
0.229185
0.229186
0.229186
0.229188
0.229189
0.229191
0.229194
0.229196
0.229199
0.229203
0.229207
0.229211
0.229215
0.229220
0.229225
0.229230
0.229236
0.229242
0.229249
0.229256
0.229263
0.229270
0.229278
0.229286
0.229295
0.229304
0.229313
0.229322
0.229332
0.229342
0.229353
0.229363
0.229374
0.229386
0.229397
0.229409
0.229422
0.229434
0.229447
0.229460
0.229474
0.229488
0.229502
0.229516
0.229530
0.229545
0.229560
0.229576
0.229592
0.229607
0.229624
0.229640
0.229657
0.229674
0.229691
0.229708
0.229726
0.229744
0.229762
0.229780
0.229799
0.229818
0.229837
0.229856
0.229876
0.229895
0.229915
0.229935
0.229955
0.229976
0.229996
0.230017
0.230038
0.230059
0.230080
0.230101
0.230123
0.230144
0.230166
0.230188
0.230210
0.230232
0.230254
0.230276
0.230299
0.230321
0.230344
0.230366
0.230389
0.230412
0.230435
0.230457
0.230480
0.230503
0.230526
0.230549
0.230572
0.230595
0.230618
0.230641
0.230664
0.230687
0.230710
0.230733
0.230756
0.230779
0.230801
0.230824
0.230847
0.230869
0.230892
0.230914
0.230937
0.230959
0.230981
0.231003
0.231025
0.231047
0.231069
0.231090
0.231112
0.231133
0.231154
0.231175
0.231196
0.231217
0.231237
0.231258
0.231278
0.231298
0.231318
0.231338
0.231357
0.231377
0.231396
0.231415
0.231434
0.231452
0.231471
0.231489
0.231507
0.231525
0.231543
0.231560
0.231578
0.231595
0.231612
0.231629
0.231646
0.231662
0.231678
0.231695
0.231711
0.231727
0.231742
0.231758
0.231773
0.231789
0.231804
0.231819
0.231834
0.231849
0.231863
0.231878
0.231892
0.231907
0.231921
0.231935
0.231950
0.231964
0.231978
0.231992
0.232006
0.232020
0.232034
0.232048
0.232063
0.232077
0.232091
0.232105
0.232119
0.232134
0.232148
0.232163
0.232177
0.232192
0.232207
0.232222
0.232238
0.232253
0.232269
0.232285
0.232301
0.232317
0.232334
0.232351
0.232351
0.232368
0.232386
0.232404
0.232422
0.232441
0.232460
0.232479
0.232499
0.232519
0.232540
0.232562
0.232583
0.232606
0.232629
0.232652
0.232677
0.232701
0.232727
0.232753
0.232780
0.232808
0.232836
0.232865
0.232895
0.232926
0.232958
0.232991
0.233024
0.233059
0.233094
0.233131
0.233169
0.233207
0.233247
0.233288
0.233330
0.233373
0.233418
0.233464
0.233511
0.233559
0.233609
0.233660
0.233713
0.233767
0.233822
0.233879
0.233938
0.233998
0.234060
0.234123
0.234188
0.234255
0.234324
0.234394
0.234466
0.234540
0.234616
0.234694
0.234773
0.234855
0.234939
0.235025
0.235113
0.235203
0.235295
0.235389
0.235486
0.235584
0.235685
0.235789
0.235895
0.236003
0.236113
0.236226
0.236342
0.236460
0.236581
0.236704
0.236830
0.236958
0.237089
0.237223
0.237360
0.237499
0.237642
0.237787
0.237935
0.238086
0.238240
0.238397
0.238557
0.238720
0.238886
0.239056
0.239228
0.239404
0.239583
0.239765
0.239951
0.240140
0.240332
0.240527
0.240727
0.240929
0.241135
0.241345
0.241558
0.241775
0.241995
0.242220
0.242447
0.242679
0.242914
0.243154
0.243397
0.243643
0.243894
0.244149
0.244408
0.244671
0.244937
0.245208
0.245483
0.245763
0.246046
0.246334
0.246625
0.246921
0.247222
0.247527
0.247836
0.248149
0.248468
0.248790
0.249117
0.249449
0.249785
0.250126
0.250471
0.250822
0.251176
0.251536
0.251901
0.252270
0.252644
0.253023
0.253407
0.253796
0.254190
0.254590
0.254994
0.255403
0.255817
0.256237
0.256662
0.257092
0.257527
0.257968
0.258414
0.258866
0.259322
0.259785
0.260253
0.260726
0.261205
0.261690
0.262180
0.262676
0.263178
0.263686
0.264199
0.264718
0.265243
0.265774
0.266311
0.266854
0.267404
0.267959
0.268520
0.269087
0.269661
0.270241
0.270827
0.271420
0.272019
0.272624
0.273236
0.273855
0.274480
0.275111
0.275750
0.276395
0.277046
0.277705
0.278370
0.279043
0.279722
0.280408
0.281102
0.281802
0.282510
0.283225
0.283947
0.284677
0.285414
0.286158
0.286910
0.287670
0.288437
0.289212
0.289995
0.290786
0.291585
0.292392
0.293207
0.294030
0.294861
0.295701
0.296550
0.297406
0.298272
0.299146
0.300030
0.300922
0.301823
0.302734
0.303654
0.304583
0.305522
0.306471
0.307429
0.308398
0.309377
0.310366
0.311365
0.312376
0.313397
0.314429
0.315473
0.316528
0.317595
0.318674
0.319765
0.320868
0.321985
0.323114
0.324257
0.325413
0.326584
0.327768
0.328968
0.330183
0.331413
0.332660
0.333923
0.335203
0.336501
0.337817
0.339152
0.340507
0.341881
0.343277
0.344694
0.346134
0.347597
0.349085
0.350598
0.352138
0.353705
0.355301
0.356926
0.358583
0.360272
0.361995
0.363752
0.365546
0.367377
0.369247
0.371157
0.373108
0.375102
0.377138
0.379219
0.381345
0.383517
0.385735
0.387999
0.390310
0.392667
0.395072
0.397522
0.400018
0.402560
0.405146
0.407776
0.410448
0.413162
0.415916
0.418709
0.421540
0.424408
0.427310
0.430247
0.433216
0.436216
0.439245
0.442303
0.445388
0.448499
0.451635
0.454794
0.457975
0.461177
0.464400
0.467642
0.470901
0.474179
0.477472
0.480781
0.484105
0.487443
0.490795
0.494159
0.497535
0.500922
0.504320
0.507728
0.511146
0.514573
0.518009
0.521452
0.524903
0.528362
0.531827
0.535298
0.538776
0.542259
0.545746
0.549239
0.552735
0.556236
0.559740
0.563247
0.566757
0.570270
0.573784
0.577301
0.580818
0.584337
0.587856
0.591376
0.594896
0.598415
0.601934
0.605452
0.608969
0.612484
0.615997
0.619508
0.623016
0.626522
0.630024
0.633523
0.637019
0.640510
0.643997
0.647479
0.650957
0.654429
0.657896
0.661357
0.664812
0.668261
0.671703
0.675139
0.678567
0.681989
0.685402
0.688808
0.692206
0.695595
0.698976
0.702348
0.705711
0.709065
0.712410
0.715745
0.719070
0.722385
0.725690
0.728984
0.732268
0.735541
0.738802
0.742053
0.745293
0.748521
0.751737
0.754941
0.758134
0.761314
0.764482
0.767637
0.770781
0.773911
0.777029
0.780133
0.783225
0.786303
0.789369
0.792420
0.795459
0.798484
0.801495
0.804492
0.807476
0.810446
0.813402
0.816343
0.819271
0.822185
0.825084
0.827969
0.830840
0.833696
0.836538
0.839366
0.842179
0.844977
0.847761
0.850531
0.853285
0.856026
0.858751
0.861462
0.864159
0.866840
0.869507
0.872160
0.874797
0.877421
0.880029
0.882623
0.885202
0.887767
0.890317
0.892852
0.895373
0.897880
0.900371
0.902849
0.905312
0.907761
0.910195
0.912615
0.915021
0.917412
0.919789
0.922152
0.924501
0.926836
0.929157
0.931464
0.933757
0.936036
0.938301
0.940552
0.942790
0.945014
0.947224
0.949421
0.951605
0.953775
0.955931
0.958075
0.960205
0.962322
0.964426
0.966516
0.968594
0.970659
0.972711
0.974750
0.976777
0.978791
0.980792
0.982781
0.984758
0.986722
0.988673
0.990613
0.992540
0.994456
0.996359
0.998250
1.000130
1.001998
1.003854
1.003854
1.005698
1.007531
1.009352
1.011162
1.012961
1.014748
1.016524
1.018289
1.020043
1.021786
1.023518
1.025239
1.026949
1.028649
1.030338
1.032017
1.033685
1.035342
1.036990
1.038627
1.040254
1.041871
1.043477
1.045074
1.046661
1.048238
1.049806
1.051363
1.052911
1.054450
1.055979
1.057499
1.059009
1.060510
1.062002
1.063485
1.064959
1.066424
1.067879
1.069326
1.070765
1.072194
1.073615
1.075028
1.076431
1.077827
1.079214
1.080592
1.081963
1.083325
1.084679
1.086025
1.087363
1.088693
1.090016
1.091330
1.092637
1.093936
1.095228
1.096511
1.097788
1.099057
1.100318
1.101573
1.102820
1.104059
1.105292
1.106518
1.107736
1.108948
1.110153
1.111350
1.112541
1.113726
1.114903
1.116074
1.117239
1.118397
1.119548
1.120693
1.121832
1.122964
1.124090
1.125210
1.126324
1.127432
1.128533
1.129629
1.130718
1.131802
1.132880
1.133952
1.135019
1.136079
1.137134
1.138184
1.139228
1.140266
1.141299
1.142327
1.143349
1.144365
1.145377
1.146383
1.147384
1.148380
1.149371
1.150357
1.151338
1.152314
1.153285
1.154251
1.155212
1.156168
1.157120
1.158067
1.159009
1.159947
1.160880
1.161808
1.162732
1.163652
1.164567
1.165477
1.166384
1.167286
1.168183
1.169077
1.169966
1.170851
1.171732
1.172609
1.173481
1.174350
1.175215
1.176075
1.176932
1.177785
1.178634
1.179479
1.180321
1.181159
1.181992
1.182823
1.183649
1.184472
1.185292
1.186107
1.186920
1.187728
1.188534
1.189335
1.190134
1.190929
1.191720
1.192509
1.193294
1.194075
1.194854
1.195629
1.196401
1.197170
1.197936
1.198699
1.199458
1.200215
1.200969
1.201719
1.202467
1.203211
1.203953
1.204692
1.205428
1.206161
1.206891
1.207618
1.208343
1.209065
1.209784
1.210501
1.211214
1.211926
1.212634
1.213340
1.214043
1.214744
1.215442
1.216137
1.216831
1.217521
1.218209
1.218895
1.219578
1.220259
1.220938
1.221614
1.222287
1.222959
1.223628
1.224295
1.224959
1.225621
1.226281
1.226939
1.227595
1.228248
1.228899
1.229549
1.230196
1.230840
1.231483
1.232124
1.232762
1.233399
1.234034
1.234666
1.235297
1.235925
1.236552
1.237176
1.237799
1.238420
1.239039
1.239655
1.240270
1.240884
1.241495
1.242105
1.242712
1.243318
1.243922
1.244524
1.245125
1.245724
1.246321
1.246916
1.247510
1.248101
1.248692
1.249280
1.249867
1.250452
1.251036
1.251617
1.252198
1.252776
1.253353
1.253929
1.254503
1.255075
1.255646
1.256215
1.256783
1.257349
1.257914
1.258477
1.259039
1.259599
1.260158
1.260715
1.261271
1.261825
1.262378
1.262930
1.263480
1.264029
1.264576
1.265122
1.265667
1.266210
1.266752
1.267293
1.267832
1.268370
1.268907
1.269442
1.269976
1.270509
1.271040
1.271570
1.272099
1.272627
1.273153
1.273679
1.274203
1.274725
1.275247
1.275767
1.276286
1.276804
1.277321
1.277836
1.278351
1.278864
1.279376
1.279887
1.280397
1.280906
1.281413
1.281920
1.282425
1.282929
1.283432
1.283934
1.284435
1.284935
1.285434
1.285932
1.286428
1.286924
1.287419
1.287912
1.288405
1.288896
1.289387
1.289876
1.290365
1.290852
1.291339
1.291824
1.292309
1.292792
1.293275
1.293757
1.294237
1.294717
1.295196
1.295674
1.296151
1.296627
1.297102
1.297576
1.298050
1.298522
1.298994
1.299464
1.299934
1.300403
1.300871
1.301338
1.301804
1.302270
1.302734
1.303198
1.303661
1.304123
1.304584
1.305045
1.305504
1.305963
1.306421
1.306878
1.307335
1.307791
1.308245
1.308699
1.309153
1.309605
1.310057
1.310508
1.310958
1.311408
1.311857
1.312305
1.312752
1.313198
1.313644
1.314089
1.314534
1.314978
1.315421
1.315863
1.316305
1.316746
1.317186
1.317625
1.318064
1.318503
1.318940
1.319377
1.319813
1.320249
1.320684
1.321118
1.321552
1.321985
1.322418
1.322849
1.323281
1.323711
1.324141
1.324571
1.325000
1.325428
1.325856
1.326283
1.326709
1.327135
1.327560
1.327985
1.328409
1.328833
1.329256
1.329679
1.330101
1.330523
1.330944
1.331364
1.331784
1.332204
1.332623
1.333041
1.333459
1.333876
1.334293
1.334710
1.335126
1.335541
1.335957
1.336371
1.336785
1.337199
1.337612
1.338025
1.338437
1.338849
1.339261
1.339672
1.340083
1.340493
1.340903
1.341312
1.341721
1.342130
1.342538
1.342946
1.343353
1.343760
1.344167
1.344573
1.344979
1.345385
1.345790
1.346195
1.346600
1.347004
1.347408
1.347812
1.348215
1.348618
1.349021
1.349423
1.349825
1.350227
1.350629
1.351030
1.351431
1.351832
1.352232
1.352632
1.353032
1.353432
1.353831
1.354230
1.354629
1.355028
1.355427
1.355825
1.356223
1.356621
1.357019
1.357416
1.357813
1.358211
1.358608
1.359004
1.359401
1.359798
1.360194
1.360590
1.360986
1.361382
1.361778
1.362174
1.362570
1.362965
1.363361
1.363756
1.364151
1.364546
1.364942
1.365337
1.365732
1.366127
1.366522
1.366917
1.367311
1.367706
1.368101
1.368101
1.368496
1.368891
1.369286
1.369681
1.370076
1.370471
1.370866
1.371261
1.371656
1.372051
1.372447
1.372842
1.373238
1.373633
1.374029
1.374425
1.374821
1.375217
1.375613
1.376010
1.376406
1.376803
1.377200
1.377597
1.377994
1.378392
1.378790
1.379188
1.379586
1.379985
1.380383
1.380783
1.381182
1.381582
1.381982
1.382382
1.382782
1.383183
1.383585
1.383986
1.384388
1.384791
1.385194
1.385597
1.386001
1.386405
1.386809
1.387214
1.387620
1.388026
1.388432
1.388839
1.389246
1.389654
1.390063
1.390472
1.390882
1.391292
1.391703
1.392115
1.392527
1.392939
1.393353
1.393767
1.394182
1.394597
1.395014
1.395431
1.395848
1.396267
1.396686
1.397106
1.397527
1.397949
1.398372
1.398795
1.399220
1.399645
1.400071
1.400499
1.400927
1.401356
1.401786
1.402217
1.402650
1.403083
1.403517
1.403953
1.404389
1.404827
1.405266
1.405706
1.406148
1.406590
1.407034
1.407479
1.407926
1.408374
1.408823
1.409274
1.409726
1.410179
1.410634
1.411090
1.411548
1.412008
1.412469
1.412932
1.413397
1.413863
1.414331
1.414800
1.415272
1.415745
1.416221
1.416698
1.417177
1.417658
1.418141
1.418627
1.419114
1.419604
1.420096
1.420590
1.421086
1.421585
1.422086
1.422590
1.423096
1.423605
1.424116
1.424630
1.425147
1.425666
1.426189
1.426714
1.427241
1.427772
1.428306
1.428843
1.429382
1.429925
1.430471
1.431020
1.431572
1.432127
1.432685
1.433246
1.433811
1.434379
1.434950
1.435524
1.436101
1.436682
1.437266
1.437853
1.438444
1.439038
1.439636
1.440236
1.440841
1.441449
1.442060
1.442676
1.443295
1.443918
1.444545
1.445176
1.445812
1.446452
1.447097
1.447747
1.448402
1.449063
1.449730
1.450403
1.451082
1.451769
1.452463
1.453165
1.453875
1.454594
1.455323
1.456061
1.456810
1.457570
1.458342
1.459126
1.459923
1.460734
1.461558
1.462397
1.463251
1.464121
1.465006
1.465909
1.466829
1.467766
1.468722
1.469696
1.470689
1.471701
1.472733
1.473785
1.474858
1.475952
1.477066
1.478202
1.479360
1.480540
1.481742
1.482966
1.484212
1.485480
1.486770
1.488082
1.489415
1.490770
1.492145
1.493540
1.494954
1.496387
1.497838
1.499305
1.500788
1.502285
1.503796
1.505318
1.506852
1.508394
1.509944
1.511501
1.513063
1.514628
1.516196
1.517764
1.519332
1.520897
1.522459
1.524017
1.525569
1.527113
1.528650
1.530177
1.531695
1.533201
1.534696
1.536177
1.537646
1.539100
1.540540
1.541964
1.543373
1.544765
1.546140
1.547499
1.548840
1.550163
1.551467
1.552754
1.554021
1.555270
1.556499
1.557710
1.558901
1.560072
1.561224
1.562356
1.563468
1.564560
1.565633
1.566685
1.567718
1.568731
1.569724
1.570698
1.571652
1.572586
1.573501
1.574396
1.575273
1.576130
1.576969
1.577788
1.578589
1.579372
1.580137
1.580883
1.581612
1.582323
1.583017
1.583694
1.584354
1.584998
1.585625
1.586236
1.586831
1.587410
1.587974
1.588523
1.589057
1.589577
1.590082
1.590574
1.591051
1.591515
1.591966
1.592404
1.592830
1.593243
1.593643
1.594032
1.594409
1.594775
1.595130
1.595474
1.595807
1.596130
1.596443
1.596746
1.597040
1.597324
1.597599
1.597864
1.598122
1.598370
1.598611
1.598843
1.599068
1.599285
1.599494
1.599696
1.599891
1.600080
1.600261
1.600436
1.600605
1.600768
1.600925
1.601076
1.601221
1.601361
1.601495
1.601624
1.601749
1.601868
1.601983
1.602093
1.602198
1.602300
1.602397
1.602490
1.602579
1.602664
1.602745
1.602823
1.602897
1.602968
1.603036
1.603100
1.603161
1.603220
1.603275
1.603328
1.603377
1.603425
1.603469
1.603511
1.603551
1.603588
1.603623
1.603656
1.603687
1.603715
1.603742
1.603767
1.603790
1.603811
1.603830
1.603847
1.603863
1.603878
1.603890
1.603902
1.603912
1.603920
1.603927
1.603933
1.603937
1.603941
1.603943
1.603944
1.603943
1.603942
1.603940
1.603936
1.603932
1.603927
1.603921
1.603914
1.603906
1.603897
1.603887
1.603877
1.603866
1.603854
1.603842
1.603828
1.603815
1.603800
1.603785
1.603769
1.603753
1.603736
1.603719
1.603701
1.603682
1.603663
1.603644
1.603624
1.603604
1.603583
1.603562
1.603540
1.603518
1.603496
1.603473
1.603450
1.603427
1.603403
1.603379
1.603355
1.603330
1.603305
1.603280
1.603255
1.603229
1.603203
1.603176
1.603150
1.603123
1.603096
1.603069
1.603042
1.603014
1.602986
1.602958
1.602930
1.602902
1.602873
1.602844
1.602815
1.602786
1.602757
1.602728
1.602698
1.602669
1.602639
1.602609
1.602579
1.602549
1.602519
1.602488
1.602458
1.602427
1.602396
1.602365
1.602335
1.602303
1.602272
1.602241
1.602210
1.602178
1.602147
1.602115
1.602084
1.602052
1.602020
1.601988
1.601956
1.601924
1.601892
1.601860
1.601828
1.601796
1.601763
1.601731
1.601698
1.601666
1.601633
1.601601
1.601568
1.601535
1.601503
1.601470
1.601437
1.601404
1.601371
1.601338
1.601338
1.601305
1.601272
1.601239
1.601206
1.601173
1.601139
1.601106
1.601073
1.601040
1.601006
1.600973
1.600939
1.600906
1.600872
1.600839
1.600805
1.600772
1.600738
1.600705
1.600671
1.600637
1.600604
1.600570
1.600536
1.600502
1.600469
1.600435
1.600401
1.600367
1.600333
1.600299
1.600265
1.600232
1.600198
1.600164
1.600130
1.600096
1.600062
1.600028
1.599993
1.599959
1.599925
1.599891
1.599857
1.599823
1.599789
1.599755
1.599720
1.599686
1.599652
1.599618
1.599584
1.599549
1.599515
1.599481
1.599447
1.599412
1.599378
1.599344
1.599309
1.599275
1.599241
1.599206
1.599172
1.599137
1.599103
1.599069
1.599034
1.599000
1.598965
1.598931
1.598896
1.598862
1.598828
1.598793
1.598759
1.598724
1.598690
1.598655
1.598620
1.598586
1.598551
1.598517
1.598482
1.598448
1.598413
1.598379
1.598344
1.598309
1.598275
1.598240
1.598205
1.598171
1.598136
1.598101
1.598067
1.598032
1.597998
1.597963
1.597928
1.597893
1.597859
1.597824
1.597789
1.597755
1.597720
1.597685
1.597650
1.597616
1.597581
1.597546
1.597511
1.597477
1.597442
1.597407
1.597372
1.597337
1.597303
1.597268
1.597233
1.597198
1.597163
1.597128
1.597094
1.597059
1.597024
1.596989
1.596954
1.596919
1.596884
1.596850
1.596815
1.596780
1.596745
1.596710
1.596675
1.596640
1.596605
1.596570
1.596535
1.596500
1.596465
1.596431
1.596396
1.596361
1.596326
1.596291
1.596256
1.596221
1.596186
1.596151
1.596116
1.596081
1.596046
1.596011
1.595976
1.595941
1.595906
1.595871
1.595836
1.595800
1.595765
1.595730
1.595695
1.595660
1.595625
1.595590
1.595555
1.595520
1.595485
1.595450
1.595415
1.595379
1.595344
1.595309
1.595274
1.595239
1.595204
1.595169
1.595133
1.595098
1.595063
1.595028
1.594993
1.594958
1.594922
1.594887
1.594852
1.594817
1.594782
1.594746
1.594711
1.594676
1.594641
1.594606
1.594570
1.594535
1.594500
1.594465
1.594429
1.594394
1.594359
1.594324
1.594288
1.594253
1.594218
1.594182
1.594147
1.594112
1.594077
1.594041
1.594006
1.593971
1.593935
1.593900
1.593865
1.593829
1.593794
1.593759
1.593723
1.593688
1.593652
1.593617
1.593582
1.593546
1.593511
1.593476
1.593440
1.593405
1.593369
1.593334
1.593298
1.593263
1.593228
1.593192
1.593157
1.593121
1.593086
1.593050
1.593015
1.592979
1.592944
1.592909
1.592873
1.592838
1.592802
1.592767
1.592731
1.592696
1.592660
1.592625
1.592589
1.592554
1.592518
1.592482
1.592447
1.592411
1.592376
1.592340
1.592305
1.592269
1.592234
1.592198
1.592162
1.592127
1.592091
1.592056
1.592020
1.591984
1.591949
1.591913
1.591878
1.591842
1.591806
1.591771
1.591735
1.591700
1.591664
1.591628
1.591593
1.591557
1.591521
1.591486
1.591450
1.591414
1.591379
1.591343
1.591307
1.591271
1.591236
1.591200
1.591164
1.591129
1.591093
1.591057
1.591022
1.590986
1.590950
1.590914
1.590879
1.590843
1.590807
1.590771
1.590736
1.590700
1.590664
1.590628
1.590593
1.590557
1.590521
1.590485
1.590449
1.590414
1.590378
1.590342
1.590306
1.590270
1.590235
1.590199
1.590163
1.590127
1.590091
1.590055
1.590020
1.589984
1.589948
1.589912
1.589876
1.589840
1.589804
1.589769
1.589733
1.589697
1.589661
1.589625
1.589589
1.589553
1.589517
1.589482
1.589446
1.589410
1.589374
1.589338
1.589302
1.589266
1.589230
1.589194
1.589158
1.589122
1.589087
1.589051
1.589015
1.588979
1.588943
1.588907
1.588871
1.588835
1.588799
1.588763
1.588727
1.588691
1.588655
1.588619
1.588583
1.588547
1.588511
1.588475
1.588439
1.588403
1.588367
1.588331
1.588295
1.588259
1.588223
1.588187
1.588151
1.588115
1.588079
1.588043
1.588007
1.587971
1.587935
1.587899
1.587863
1.587827
1.587791
1.587755
1.587719
1.587683
1.587647
1.587611
1.587575
1.587539
1.587503
1.587467
1.587431
1.587395
1.587359
1.587323
1.587287
1.587251
1.587215
1.587179
1.587143
1.587106
1.587070
1.587034
1.586998
1.586962
1.586926
1.586890
1.586854
1.586818
1.586782
1.586746
1.586710
1.586674
1.586638
1.586602
1.586566
1.586529
1.586493
1.586457
1.586421
1.586385
1.586349
1.586313
1.586277
1.586241
1.586205
1.586169
1.586133
1.586097
1.586060
1.586024
1.585988
1.585952
1.585916
1.585880
1.585844
1.585808
1.585772
1.585736
1.585700
1.585664
1.585628
1.585591
1.585555
1.585519
1.585483
1.585447
1.585411
1.585375
1.585339
1.585303
1.585267
1.585231
1.585195
1.585159
1.585123
1.585087
1.585050
1.585014
1.584978
1.584942
1.584906
1.584870
1.584834
1.584798
1.584762
1.584726
1.584690
1.584654
1.584618
1.584582
1.584546
1.584510
1.584474
1.584438
1.584402
1.584366
1.584330
1.584294
1.584258
1.584222
1.584186
1.584149
1.584113
1.584077
1.584041
1.584005
1.583969
1.583933
1.583897
1.583861
1.583825
1.583789
1.583753
1.583718
1.583718
1.583682
1.583646
1.583610
1.583574
1.583538
1.583502
1.583466
1.583430
1.583394
1.583358
1.583322
1.583286
1.583250
1.583214
1.583178
1.583142
1.583106
1.583070
1.583035
1.582999
1.582963
1.582927
1.582891
1.582855
1.582819
1.582783
1.582747
1.582711
1.582676
1.582640
1.582604
1.582568
1.582532
1.582496
1.582461
1.582425
1.582389
1.582353
1.582317
1.582281
1.582246
1.582210
1.582174
1.582138
1.582102
1.582067
1.582031
1.581995
1.581959
1.581924
1.581888
1.581852
1.581816
1.581781
1.581745
1.581709
1.581673
1.581638
1.581602
1.581566
1.581531
1.581495
1.581459
1.581424
1.581388
1.581352
1.581317
1.581281
1.581245
1.581210
1.581174
1.581138
1.581103
1.581067
1.581032
1.580996
1.580960
1.580925
1.580889
1.580854
1.580818
1.580783
1.580747
1.580712
1.580676
1.580641
1.580605
1.580570
1.580534
1.580499
1.580463
1.580428
1.580392
1.580357
1.580321
1.580286
1.580250
1.580215
1.580180
1.580144
1.580109
1.580074
1.580038
1.580003
1.579967
1.579932
1.579897
1.579861
1.579826
1.579791
1.579756
1.579720
1.579685
1.579650
1.579614
1.579579
1.579544
1.579509
1.579473
1.579438
1.579403
1.579368
1.579333
1.579298
1.579262
1.579227
1.579192
1.579157
1.579122
1.579087
1.579052
1.579017
1.578981
1.578946
1.578911
1.578876
1.578841
1.578806
1.578771
1.578736
1.578701
1.578666
1.578631
1.578596
1.578561
1.578526
1.578491
1.578457
1.578422
1.578387
1.578352
1.578317
1.578282
1.578247
1.578212
1.578178
1.578143
1.578108
1.578073
1.578039
1.578004
1.577969
1.577934
1.577900
1.577865
1.577830
1.577795
1.577761
1.577726
1.577691
1.577657
1.577622
1.577588
1.577553
1.577518
1.577484
1.577449
1.577415
1.577380
1.577346
1.577311
1.577277
1.577242
1.577208
1.577173
1.577139
1.577104
1.577070
1.577035
1.577001
1.576967
1.576932
1.576898
1.576864
1.576829
1.576795
1.576761
1.576726
1.576692
1.576658
1.576624
1.576589
1.576555
1.576521
1.576487
1.576453
1.576419
1.576384
1.576350
1.576316
1.576282
1.576248
1.576214
1.576180
1.576146
1.576112
1.576078
1.576044
1.576010
1.575976
1.575942
1.575908
1.575874
1.575840
1.575806
1.575772
1.575739
1.575705
1.575671
1.575637
1.575603
1.575570
1.575536
1.575502
1.575468
1.575435
1.575401
1.575367
1.575333
1.575300
1.575266
1.575233
1.575199
1.575165
1.575132
1.575098
1.575065
1.575031
1.574998
1.574964
1.574931
1.574897
1.574864
1.574830
1.574797
1.574764
1.574730
1.574697
1.574663
1.574630
1.574597
1.574564
1.574530
1.574497
1.574464
1.574431
1.574397
1.574364
1.574331
1.574298
1.574265
1.574232
1.574198
1.574165
1.574132
1.574099
1.574066
1.574033
1.574000
1.573967
1.573934
1.573901
1.573868
1.573835
1.573802
1.573770
1.573737
1.573704
1.573671
1.573638
1.573605
1.573573
1.573540
1.573507
1.573475
1.573442
1.573409
1.573376
1.573344
1.573311
1.573279
1.573246
1.573213
1.573181
1.573148
1.573116
1.573083
1.573051
1.573018
1.572986
1.572954
1.572921
1.572889
1.572856
1.572824
1.572792
1.572759
1.572727
1.572695
1.572663
1.572630
1.572598
1.572566
1.572534
1.572502
1.572469
1.572437
1.572405
1.572373
1.572341
1.572309
1.572277
1.572245
1.572213
1.572181
1.572149
1.572117
1.572085
1.572053
1.572022
1.571990
1.571958
1.571926
1.571894
1.571862
1.571831
1.571799
1.571767
1.571736
1.571704
1.571672
1.571641
1.571609
1.571577
1.571546
1.571514
1.571483
1.571451
1.571420
1.571388
1.571357
1.571325
1.571294
1.571263
1.571231
1.571200
1.571169
1.571137
1.571106
1.571075
1.571044
1.571012
1.570981
1.570950
1.570919
1.570888
1.570857
1.570825
1.570794
1.570763
1.570732
1.570701
1.570670
1.570639
1.570608
1.570577
1.570546
1.570516
1.570485
1.570454
1.570423
1.570392
1.570361
1.570331
1.570300
1.570269
1.570239
1.570208
1.570177
1.570147
1.570116
1.570085
1.570055
1.570024
1.569994
1.569963
1.569933
1.569902
1.569872
1.569841
1.569811
1.569781
1.569750
1.569720
1.569690
1.569659
1.569629
1.569599
1.569568
1.569538
1.569508
1.569478
1.569448
1.569418
1.569388
1.569357
1.569327
1.569297
1.569267
1.569237
1.569207
1.569177
1.569148
1.569118
1.569088
1.569058
1.569028
1.568998
1.568968
1.568939
1.568909
1.568879
1.568849
1.568820
1.568790
1.568760
1.568731
1.568701
1.568672
1.568642
1.568613
1.568583
1.568554
1.568524
1.568495
1.568465
1.568436
1.568406
1.568377
1.568348
1.568319
1.568289
1.568260
1.568231
1.568201
1.568172
1.568143
1.568114
1.568085
1.568056
1.568027
1.567998
1.567969
1.567940
1.567911
1.567882
1.567853
1.567824
1.567795
1.567766
1.567737
1.567708
1.567679
1.567651
1.567622
1.567593
1.567564
1.567536
1.567507
1.567478
1.567450
1.567421
1.567393
1.567364
1.567335
1.567307
1.567278
1.567250
1.567221
1.567221
1.567193
1.567165
1.567136
1.567108
1.567080
1.567051
1.567023
1.566995
1.566966
1.566938
1.566910
1.566882
1.566854
1.566826
1.566797
1.566769
1.566741
1.566713
1.566685
1.566657
1.566629
1.566601
1.566573
1.566546
1.566518
1.566490
1.566462
1.566434
1.566406
1.566379
1.566351
1.566323
1.566295
1.566268
1.566240
1.566213
1.566185
1.566157
1.566130
1.566102
1.566075
1.566047
1.566020
1.565992
1.565965
1.565938
1.565910
1.565883
1.565856
1.565828
1.565801
1.565774
1.565746
1.565719
1.565692
1.565665
1.565638
1.565611
1.565584
1.565556
1.565529
1.565502
1.565475
1.565448
1.565421
1.565395
1.565368
1.565341
1.565314
1.565287
1.565260
1.565233
1.565207
1.565180
1.565153
1.565127
1.565100
1.565073
1.565047
1.565020
1.564993
1.564967
1.564940
1.564914
1.564887
1.564861
1.564834
1.564808
1.564782
1.564755
1.564729
1.564703
1.564676
1.564650
1.564624
1.564597
1.564571
1.564545
1.564519
1.564493
1.564467
1.564441
1.564414
1.564388
1.564362
1.564336
1.564310
1.564284
1.564259
1.564233
1.564207
1.564181
1.564155
1.564129
1.564103
1.564078
1.564052
1.564026
1.564001
1.563975
1.563949
1.563924
1.563898
1.563872
1.563847
1.563821
1.563796
1.563770
1.563745
1.563719
1.563694
1.563669
1.563643
1.563618
1.563592
1.563567
1.563542
1.563517
1.563491
1.563466
1.563441
1.563416
1.563391
1.563366
1.563340
1.563315
1.563290
1.563265
1.563240
1.563215
1.563190
1.563165
1.563141
1.563116
1.563091
1.563066
1.563041
1.563016
1.562992
1.562967
1.562942
1.562917
1.562893
1.562868
1.562843
1.562819
1.562794
1.562770
1.562745
1.562721
1.562696
1.562672
1.562647
1.562623
1.562598
1.562574
1.562550
1.562525
1.562501
1.562477
1.562452
1.562428
1.562404
1.562380
1.562356
1.562331
1.562307
1.562283
1.562259
1.562235
1.562211
1.562187
1.562163
1.562139
1.562115
1.562091
1.562067
1.562043
1.562020
1.561996
1.561972
1.561948
1.561924
1.561901
1.561877
1.561853
1.561830
1.561806
1.561782
1.561759
1.561735
1.561711
1.561688
1.561664
1.561641
1.561617
1.561594
1.561571
1.561547
1.561524
1.561500
1.561477
1.561454
1.561431
1.561407
1.561384
1.561361
1.561338
1.561314
1.561291
1.561268
1.561245
1.561222
1.561199
1.561176
1.561153
1.561130
1.561107
1.561084
1.561061
1.561038
1.561015
1.560992
1.560970
1.560947
1.560924
1.560901
1.560878
1.560856
1.560833
1.560810
1.560788
1.560765
1.560742
1.560720
1.560697
1.560675
1.560652
1.560630
1.560607
1.560585
1.560562
1.560540
1.560518
1.560495
1.560473
1.560451
1.560428
1.560406
1.560384
1.560361
1.560339
1.560317
1.560295
1.560273
1.560251
1.560228
1.560206
1.560184
1.560162
1.560140
1.560118
1.560096
1.560074
1.560052
1.560031
1.560009
1.559987
1.559965
1.559943
1.559921
1.559900
1.559878
1.559856
1.559834
1.559813
1.559791
1.559769
1.559748
1.559726
1.559705
1.559683
1.559662
1.559640
1.559619
1.559597
1.559576
1.559554
1.559533
1.559511
1.559490
1.559469
1.559447
1.559426
1.559405
1.559384
1.559362
1.559341
1.559320
1.559299
1.559278
1.559257
1.559235
1.559214
1.559193
1.559172
1.559151
1.559130
1.559109
1.559088
1.559067
1.559047
1.559026
1.559005
1.558984
1.558963
1.558942
1.558922
1.558901
1.558880
1.558859
1.558839
1.558818
1.558797
1.558777
1.558756
1.558735
1.558715
1.558694
1.558674
1.558653
1.558633
1.558612
1.558592
1.558572
1.558551
1.558531
1.558510
1.558490
1.558470
1.558449
1.558429
1.558409
1.558389
1.558369
1.558348
1.558328
1.558308
1.558288
1.558268
1.558248
1.558228
1.558208
1.558188
1.558168
1.558148
1.558128
1.558108
1.558088
1.558068
1.558048
1.558028
1.558008
1.557989
1.557969
1.557949
1.557929
1.557909
1.557890
1.557870
1.557850
1.557831
1.557811
1.557792
1.557772
1.557752
1.557733
1.557713
1.557694
1.557674
1.557655
1.557635
1.557616
1.557597
1.557577
1.557558
1.557538
1.557519
1.557500
1.557481
1.557461
1.557442
1.557423
1.557404
1.557384
1.557365
1.557346
1.557327
1.557308
1.557289
1.557270
1.557251
1.557232
1.557213
1.557194
1.557175
1.557156
1.557137
1.557118
1.557099
1.557080
1.557062
1.557043
1.557024
1.557005
1.556986
1.556968
1.556949
1.556930
1.556912
1.556893
1.556874
1.556856
1.556837
1.556818
1.556800
1.556781
1.556763
1.556744
1.556726
1.556707
1.556689
1.556671
1.556652
1.556634
1.556615
1.556597
1.556579
1.556560
1.556542
1.556524
1.556506
1.556487
1.556469
1.556451
1.556433
1.556415
1.556397
1.556378
1.556360
1.556342
1.556324
1.556306
1.556288
1.556270
1.556252
1.556234
1.556216
1.556198
1.556180
1.556163
1.556145
1.556127
1.556109
1.556091
1.556073
1.556056
1.556038
1.556020
1.556003
1.555985
1.555967
1.555950
1.555932
1.555914
1.555897
1.555879
1.555862
1.555844
1.555844
1.555827
1.555809
1.555792
1.555774
1.555757
1.555739
1.555722
1.555704
1.555687
1.555670
1.555652
1.555635
1.555618
1.555601
1.555583
1.555566
1.555549
1.555532
1.555514
1.555497
1.555480
1.555463
1.555446
1.555429
1.555412
1.555395
1.555378
1.555361
1.555344
1.555327
1.555310
1.555293
1.555276
1.555259
1.555242
1.555225
1.555208
1.555192
1.555175
1.555158
1.555141
1.555124
1.555108
1.555091
1.555074
1.555058
1.555041
1.555024
1.555008
1.554991
1.554975
1.554958
1.554941
1.554925
1.554908
1.554892
1.554875
1.554859
1.554842
1.554826
1.554810
1.554793
1.554777
1.554760
1.554744
1.554728
1.554712
1.554695
1.554679
1.554663
1.554646
1.554630
1.554614
1.554598
1.554582
1.554566
1.554549
1.554533
1.554517
1.554501
1.554485
1.554469
1.554453
1.554437
1.554421
1.554405
1.554389
1.554373
1.554357
1.554341
1.554326
1.554310
1.554294
1.554278
1.554262
1.554246
1.554231
1.554215
1.554199
1.554183
1.554168
1.554152
1.554136
1.554121
1.554105
1.554090
1.554074
1.554058
1.554043
1.554027
1.554012
1.553996
1.553981
1.553965
1.553950
1.553934
1.553919
1.553903
1.553888
1.553873
1.553857
1.553842
1.553827
1.553811
1.553796
1.553781
1.553766
1.553750
1.553735
1.553720
1.553705
1.553690
1.553674
1.553659
1.553644
1.553629
1.553614
1.553599
1.553584
1.553569
1.553554
1.553539
1.553524
1.553509
1.553494
1.553479
1.553464
1.553449
1.553434
1.553419
1.553404
1.553390
1.553375
1.553360
1.553345
1.553330
1.553316
1.553301
1.553286
1.553272
1.553257
1.553242
1.553228
1.553213
1.553198
1.553184
1.553169
1.553154
1.553140
1.553125
1.553111
1.553096
1.553082
1.553067
1.553053
1.553038
1.553024
1.553010
1.552995
1.552981
1.552966
1.552952
1.552938
1.552924
1.552909
1.552895
1.552881
1.552866
1.552852
1.552838
1.552824
1.552810
1.552795
1.552781
1.552767
1.552753
1.552739
1.552725
1.552711
1.552697
1.552683
1.552669
1.552655
1.552641
1.552627
1.552613
1.552599
1.552585
1.552571
1.552557
1.552543
1.552529
1.552515
1.552501
1.552488
1.552474
1.552460
1.552446
1.552433
1.552419
1.552405
1.552391
1.552378
1.552364
1.552350
1.552337
1.552323
1.552309
1.552296
1.552282
1.552269
1.552255
1.552242
1.552228
1.552214
1.552201
1.552187
1.552174
1.552161
1.552147
1.552134
1.552120
1.552107
1.552094
1.552080
1.552067
1.552053
1.552040
1.552027
1.552014
1.552000
1.551987
1.551974
1.551961
1.551947
1.551934
1.551921
1.551908
1.551895
1.551882
1.551868
1.551855
1.551842
1.551829
1.551816
1.551803
1.551790
1.551777
1.551764
1.551751
1.551738
1.551725
1.551712
1.551699
1.551686
1.551673
1.551661
1.551648
1.551635
1.551622
1.551609
1.551596
1.551584
1.551571
1.551558
1.551545
1.551533
1.551520
1.551507
1.551494
1.551482
1.551469
1.551456
1.551444
1.551431
1.551419
1.551406
1.551393
1.551381
1.551368
1.551356
1.551343
1.551331
1.551318
1.551306
1.551293
1.551281
1.551268
1.551256
1.551244
1.551231
1.551219
1.551207
1.551194
1.551182
1.551170
1.551157
1.551145
1.551133
1.551120
1.551108
1.551096
1.551084
1.551071
1.551059
1.551047
1.551035
1.551023
1.551011
1.550999
1.550986
1.550974
1.550962
1.550950
1.550938
1.550926
1.550914
1.550902
1.550890
1.550878
1.550866
1.550854
1.550842
1.550830
1.550818
1.550807
1.550795
1.550783
1.550771
1.550759
1.550747
1.550735
1.550724
1.550712
1.550700
1.550688
1.550677
1.550665
1.550653
1.550641
1.550630
1.550618
1.550606
1.550595
1.550583
1.550571
1.550560
1.550548
1.550537
1.550525
1.550513
1.550502
1.550490
1.550479
1.550467
1.550456
1.550444
1.550433
1.550421
1.550410
1.550399
1.550387
1.550376
1.550364
1.550353
1.550342
1.550330
1.550319
1.550308
1.550296
1.550285
1.550274
1.550263
1.550251
1.550240
1.550229
1.550218
1.550206
1.550195
1.550184
1.550173
1.550162
1.550151
1.550139
1.550128
1.550117
1.550106
1.550095
1.550084
1.550073
1.550062
1.550051
1.550040
1.550029
1.550018
1.550007
1.549996
1.549985
1.549974
1.549963
1.549952
1.549941
1.549931
1.549920
1.549909
1.549898
1.549887
1.549876
1.549866
1.549855
1.549844
1.549833
1.549823
1.549812
1.549801
1.549790
1.549780
1.549769
1.549758
1.549748
1.549737
1.549726
1.549716
1.549705
1.549694
1.549684
1.549673
1.549663
1.549652
1.549642
1.549631
1.549621
1.549610
1.549600
1.549589
1.549579
1.549568
1.549558
1.549547
1.549537
1.549527
1.549516
1.549506
1.549495
1.549485
1.549475
1.549464
1.549454
1.549444
1.549433
1.549423
1.549413
1.549403
1.549392
1.549382
1.549372
1.549362
1.549352
1.549341
1.549331
1.549321
1.549311
1.549301
1.549291
1.549280
1.549270
1.549260
1.549250
1.549240
1.549230
1.549220
1.549210
1.549200
1.549190
1.549180
1.549170
1.549160
1.549150
1.549140
1.549140
1.549130
1.549120
1.549110
1.549100
1.549091
1.549081
1.549071
1.549061
1.549051
1.549041
1.549032
1.549022
1.549012
1.549002
1.548992
1.548983
1.548973
1.548963
1.548953
1.548944
1.548934
1.548924
1.548915
1.548905
1.548895
1.548886
1.548876
1.548866
1.548857
1.548847
1.548838
1.548828
1.548818
1.548809
1.548799
1.548790
1.548780
1.548771
1.548761
1.548752
1.548742
1.548733
1.548723
1.548714
1.548705
1.548695
1.548686
1.548676
1.548667
1.548658
1.548648
1.548639
1.548630
1.548620
1.548611
1.548602
1.548592
1.548583
1.548574
1.548564
1.548555
1.548546
1.548537
1.548528
1.548518
1.548509
1.548500
1.548491
1.548482
1.548472
1.548463
1.548454
1.548445
1.548436
1.548427
1.548418
1.548409
1.548400
1.548391
1.548382
1.548373
1.548364
1.548355
1.548346
1.548337
1.548328
1.548319
1.548310
1.548301
1.548292
1.548283
1.548274
1.548265
1.548256
1.548247
1.548238
1.548230
1.548221
1.548212
1.548203
1.548194
1.548185
1.548177
1.548168
1.548159
1.548150
1.548142
1.548133
1.548124
1.548115
1.548107
1.548098
1.548089
1.548081
1.548072
1.548063
1.548055
1.548046
1.548037
1.548029
1.548020
1.548011
1.548003
1.547994
1.547986
1.547977
1.547969
1.547960
1.547952
1.547943
1.547935
1.547926
1.547918
1.547909
1.547901
1.547892
1.547884
1.547875
1.547867
1.547859
1.547850
1.547842
1.547833
1.547825
1.547817
1.547808
1.547800
1.547792
1.547783
1.547775
1.547767
1.547758
1.547750
1.547742
1.547734
1.547725
1.547717
1.547709
1.547701
1.547692
1.547684
1.547676
1.547668
1.547660
1.547652
1.547643
1.547635
1.547627
1.547619
1.547611
1.547603
1.547595
1.547587
1.547579
1.547570
1.547562
1.547554
1.547546
1.547538
1.547530
1.547522
1.547514
1.547506
1.547498
1.547490
1.547482
1.547474
1.547467
1.547459
1.547451
1.547443
1.547435
1.547427
1.547419
1.547411
1.547403
1.547396
1.547388
1.547380
1.547372
1.547364
1.547356
1.547349
1.547341
1.547333
1.547325
1.547318
1.547310
1.547302
1.547294
1.547287
1.547279
1.547271
1.547264
1.547256
1.547248
1.547241
1.547233
1.547225
1.547218
1.547210
1.547202
1.547195
1.547187
1.547180
1.547172
1.547165
1.547157
1.547149
1.547142
1.547134
1.547127
1.547119
1.547112
1.547104
1.547097
1.547089
1.547082
1.547074
1.547067
1.547060
1.547052
1.547045
1.547037
1.547030
1.547023
1.547015
1.547008
1.547000
1.546993
1.546986
1.546978
1.546971
1.546964
1.546956
1.546949
1.546942
1.546935
1.546927
1.546920
1.546913
1.546906
1.546898
1.546891
1.546884
1.546877
1.546869
1.546862
1.546855
1.546848
1.546841
1.546834
1.546826
1.546819
1.546812
1.546805
1.546798
1.546791
1.546784
1.546777
1.546770
1.546762
1.546755
1.546748
1.546741
1.546734
1.546727
1.546720
1.546713
1.546706
1.546699
1.546692
1.546685
1.546678
1.546671
1.546664
1.546657
1.546651
1.546644
1.546637
1.546630
1.546623
1.546616
1.546609
1.546602
1.546595
1.546589
1.546582
1.546575
1.546568
1.546561
1.546554
1.546548
1.546541
1.546534
1.546527
1.546521
1.546514
1.546507
1.546500
1.546494
1.546487
1.546480
1.546473
1.546467
1.546460
1.546453
1.546447
1.546440
1.546433
1.546427
1.546420
1.546413
1.546407
1.546400
1.546393
1.546387
1.546380
1.546374
1.546367
1.546361
1.546354
1.546347
1.546341
1.546334
1.546328
1.546321
1.546315
1.546308
1.546302
1.546295
1.546289
1.546282
1.546276
1.546269
1.546263
1.546257
1.546250
1.546244
1.546237
1.546231
1.546224
1.546218
1.546212
1.546205
1.546199
1.546193
1.546186
1.546180
1.546174
1.546167
1.546161
1.546155
1.546148
1.546142
1.546136
1.546129
1.546123
1.546117
1.546111
1.546104
1.546098
1.546092
1.546086
1.546079
1.546073
1.546067
1.546061
1.546055
1.546049
1.546042
1.546036
1.546030
1.546024
1.546018
1.546012
1.546005
1.545999
1.545993
1.545987
1.545981
1.545975
1.545969
1.545963
1.545957
1.545951
1.545945
1.545939
1.545933
1.545927
1.545921
1.545915
1.545909
1.545903
1.545897
1.545891
1.545885
1.545879
1.545873
1.545867
1.545861
1.545855
1.545849
1.545843
1.545837
1.545831
1.545825
1.545819
1.545814
1.545808
1.545802
1.545796
1.545790
1.545784
1.545778
1.545773
1.545767
1.545761
1.545755
1.545749
1.545744
1.545738
1.545732
1.545726
1.545720
1.545715
1.545709
1.545703
1.545697
1.545692
1.545686
1.545680
1.545675
1.545669
1.545663
1.545658
1.545652
1.545646
1.545641
1.545635
1.545629
1.545624
1.545618
1.545612
1.545607
1.545601
1.545595
1.545590
1.545584
1.545579
1.545573
1.545568
1.545562
1.545556
1.545551
1.545545
1.545540
1.545534
1.545529
1.545523
1.545518
1.545512
1.545507
1.545501
1.545496
1.545490
1.545485
1.545479
1.545474
1.545469
1.545463
1.545458
1.545452
1.545447
1.545441
1.545436
1.545431
1.545425
1.545420
1.545420
1.545414
1.545409
1.545404
1.545398
1.545393
1.545388
1.545382
1.545377
1.545372
1.545366
1.545361
1.545356
1.545351
1.545345
1.545340
1.545335
1.545329
1.545324
1.545319
1.545314
1.545308
1.545303
1.545298
1.545293
1.545288
1.545282
1.545277
1.545272
1.545267
1.545262
1.545256
1.545251
1.545246
1.545241
1.545236
1.545231
1.545226
1.545220
1.545215
1.545210
1.545205
1.545200
1.545195
1.545190
1.545185
1.545180
1.545175
1.545170
1.545165
1.545159
1.545154
1.545149
1.545144
1.545139
1.545134
1.545129
1.545124
1.545119
1.545114
1.545109
1.545104
1.545099
1.545094
1.545090
1.545085
1.545080
1.545075
1.545070
1.545065
1.545060
1.545055
1.545050
1.545045
1.545040
1.545035
1.545031
1.545026
1.545021
1.545016
1.545011
1.545006
1.545001
1.544997
1.544992
1.544987
1.544982
1.544977
1.544973
1.544968
1.544963
1.544958
1.544953
1.544949
1.544944
1.544939
1.544934
1.544930
1.544925
1.544920
1.544915
1.544911
1.544906
1.544901
1.544896
1.544892
1.544887
1.544882
1.544878
1.544873
1.544868
1.544864
1.544859
1.544854
1.544850
1.544845
1.544841
1.544836
1.544831
1.544827
1.544822
1.544817
1.544813
1.544808
1.544804
1.544799
1.544795
1.544790
1.544785
1.544781
1.544776
1.544772
1.544767
1.544763
1.544758
1.544754
1.544749
1.544745
1.544740
1.544736
1.544731
1.544727
1.544722
1.544718
1.544713
1.544709
1.544704
1.544700
1.544695
1.544691
1.544687
1.544682
1.544678
1.544673
1.544669
1.544665
1.544660
1.544656
1.544651
1.544647
1.544643
1.544638
1.544634
1.544630
1.544625
1.544621
1.544617
1.544612
1.544608
1.544604
1.544599
1.544595
1.544591
1.544586
1.544582
1.544578
1.544573
1.544569
1.544565
1.544561
1.544556
1.544552
1.544548
1.544544
1.544539
1.544535
1.544531
1.544527
1.544523
1.544518
1.544514
1.544510
1.544506
1.544502
1.544497
1.544493
1.544489
1.544485
1.544481
1.544477
1.544472
1.544468
1.544464
1.544460
1.544456
1.544452
1.544448
1.544444
1.544439
1.544435
1.544431
1.544427
1.544423
1.544419
1.544415
1.544411
1.544407
1.544403
1.544399
1.544395
1.544391
1.544387
1.544383
1.544379
1.544375
1.544371
1.544367
1.544363
1.544359
1.544355
1.544351
1.544347
1.544343
1.544339
1.544335
1.544331
1.544327
1.544323
1.544319
1.544315
1.544311
1.544307
1.544303
1.544299
1.544295
1.544291
1.544288
1.544284
1.544280
1.544276
1.544272
1.544268
1.544264
1.544260
1.544257
1.544253
1.544249
1.544245
1.544241
1.544237
1.544233
1.544230
1.544226
1.544222
1.544218
1.544214
1.544211
1.544207
1.544203
1.544199
1.544195
1.544192
1.544188
1.544184
1.544180
1.544177
1.544173
1.544169
1.544165
1.544162
1.544158
1.544154
1.544151
1.544147
1.544143
1.544139
1.544136
1.544132
1.544128
1.544125
1.544121
1.544117
1.544114
1.544110
1.544106
1.544103
1.544099
1.544095
1.544092
1.544088
1.544084
1.544081
1.544077
1.544074
1.544070
1.544066
1.544063
1.544059
1.544056
1.544052
1.544048
1.544045
1.544041
1.544038
1.544034
1.544031
1.544027
1.544024
1.544020
1.544016
1.544013
1.544009
1.544006
1.544002
1.543999
1.543995
1.543992
1.543988
1.543985
1.543981
1.543978
1.543974
1.543971
1.543968
1.543964
1.543961
1.543957
1.543954
1.543950
1.543947
1.543943
1.543940
1.543936
1.543933
1.543930
1.543926
1.543923
1.543919
1.543916
1.543913
1.543909
1.543906
1.543902
1.543899
1.543896
1.543892
1.543889
1.543886
1.543882
1.543879
1.543876
1.543872
1.543869
1.543866
1.543862
1.543859
1.543856
1.543852
1.543849
1.543846
1.543842
1.543839
1.543836
1.543833
1.543829
1.543826
1.543823
1.543819
1.543816
1.543813
1.543810
1.543806
1.543803
1.543800
1.543797
1.543793
1.543790
1.543787
1.543784
1.543781
1.543777
1.543774
1.543771
1.543768
1.543765
1.543761
1.543758
1.543755
1.543752
1.543749
1.543746
1.543742
1.543739
1.543736
1.543733
1.543730
1.543727
1.543724
1.543720
1.543717
1.543714
1.543711
1.543708
1.543705
1.543702
1.543699
1.543695
1.543692
1.543689
1.543686
1.543683
1.543680
1.543677
1.543674
1.543671
1.543668
1.543665
1.543662
1.543659
1.543656
1.543653
1.543650
1.543647
1.543644
1.543640
1.543637
1.543634
1.543631
1.543628
1.543625
1.543622
1.543619
1.543616
1.543614
1.543611
1.543608
1.543605
1.543602
1.543599
1.543596
1.543593
1.543590
1.543587
1.543584
1.543581
1.543578
1.543575
1.543572
1.543569
1.543566
1.543563
1.543561
1.543558
1.543555
1.543552
1.543549
1.543546
1.543543
1.543540
1.543537
1.543535
1.543532
1.543529
1.543526
1.543523
1.543520
1.543517
1.543515
1.543512
1.543509
1.543506
1.543503
1.543500
1.543498
1.543495
1.543492
1.543489
1.543486
1.543484
1.543481
1.543478
1.543475
1.543472
1.543470
1.543467
1.543464
1.543461
1.543458
1.543456
1.543453
1.543453
1.543450
1.543447
1.543445
1.543442
1.543439
1.543437
1.543434
1.543431
1.543428
1.543426
1.543423
1.543420
1.543417
1.543415
1.543412
1.543409
1.543407
1.543404
1.543401
1.543399
1.543396
1.543393
1.543391
1.543388
1.543385
1.543383
1.543380
1.543377
1.543375
1.543372
1.543369
1.543367
1.543364
1.543361
1.543359
1.543356
1.543354
1.543351
1.543348
1.543346
1.543343
1.543341
1.543338
1.543335
1.543333
1.543330
1.543328
1.543325
1.543323
1.543320
1.543317
1.543315
1.543312
1.543310
1.543307
1.543305
1.543302
1.543300
1.543297
1.543294
1.543292
1.543289
1.543287
1.543284
1.543282
1.543279
1.543277
1.543274
1.543272
1.543269
1.543267
1.543264
1.543262
1.543259
1.543257
1.543254
1.543252
1.543249
1.543247
1.543245
1.543242
1.543240
1.543237
1.543235
1.543232
1.543230
1.543227
1.543225
1.543223
1.543220
1.543218
1.543215
1.543213
1.543210
1.543208
1.543206
1.543203
1.543201
1.543198
1.543196
1.543194
1.543191
1.543189
1.543186
1.543184
1.543182
1.543179
1.543177
1.543175
1.543172
1.543170
1.543168
1.543165
1.543163
1.543161
1.543158
1.543156
1.543154
1.543151
1.543149
1.543147
1.543144
1.543142
1.543140
1.543137
1.543135
1.543133
1.543130
1.543128
1.543126
1.543124
1.543121
1.543119
1.543117
1.543114
1.543112
1.543110
1.543108
1.543105
1.543103
1.543101
1.543099
1.543096
1.543094
1.543092
1.543090
1.543087
1.543085
1.543083
1.543081
1.543079
1.543076
1.543074
1.543072
1.543070
1.543067
1.543065
1.543063
1.543061
1.543059
1.543056
1.543054
1.543052
1.543050
1.543048
1.543046
1.543043
1.543041
1.543039
1.543037
1.543035
1.543033
1.543030
1.543028
1.543026
1.543024
1.543022
1.543020
1.543018
1.543015
1.543013
1.543011
1.543009
1.543007
1.543005
1.543003
1.543001
1.542999
1.542996
1.542994
1.542992
1.542990
1.542988
1.542986
1.542984
1.542982
1.542980
1.542978
1.542976
1.542974
1.542971
1.542969
1.542967
1.542965
1.542963
1.542961
1.542959
1.542957
1.542955
1.542953
1.542951
1.542949
1.542947
1.542945
1.542943
1.542941
1.542939
1.542937
1.542935
1.542933
1.542931
1.542929
1.542927
1.542925
1.542923
1.542921
1.542919
1.542917
1.542915
1.542913
1.542911
1.542909
1.542907
1.542905
1.542903
1.542901
1.542899
1.542897
1.542895
1.542893
1.542891
1.542889
1.542887
1.542886
1.542884
1.542882
1.542880
1.542878
1.542876
1.542874
1.542872
1.542870
1.542868
1.542866
1.542864
1.542862
1.542861
1.542859
1.542857
1.542855
1.542853
1.542851
1.542849
1.542847
1.542845
1.542844
1.542842
1.542840
1.542838
1.542836
1.542834
1.542832
1.542831
1.542829
1.542827
1.542825
1.542823
1.542821
1.542820
1.542818
1.542816
1.542814
1.542812
1.542810
1.542809
1.542807
1.542805
1.542803
1.542801
1.542799
1.542798
1.542796
1.542794
1.542792
1.542790
1.542789
1.542787
1.542785
1.542783
1.542782
1.542780
1.542778
1.542776
1.542774
1.542773
1.542771
1.542769
1.542767
1.542766
1.542764
1.542762
1.542760
1.542759
1.542757
1.542755
1.542753
1.542752
1.542750
1.542748
1.542746
1.542745
1.542743
1.542741
1.542740
1.542738
1.542736
1.542734
1.542733
1.542731
1.542729
1.542728
1.542726
1.542724
1.542723
1.542721
1.542719
1.542718
1.542716
1.542714
1.542712
1.542711
1.542709
1.542707
1.542706
1.542704
1.542702
1.542701
1.542699
1.542698
1.542696
1.542694
1.542693
1.542691
1.542689
1.542688
1.542686
1.542684
1.542683
1.542681
1.542679
1.542678
1.542676
1.542675
1.542673
1.542671
1.542670
1.542668
1.542667
1.542665
1.542663
1.542662
1.542660
1.542659
1.542657
1.542655
1.542654
1.542652
1.542651
1.542649
1.542648
1.542646
1.542644
1.542643
1.542641
1.542640
1.542638
1.542637
1.542635
1.542633
1.542632
1.542630
1.542629
1.542627
1.542626
1.542624
1.542623
1.542621
1.542620
1.542618
1.542617
1.542615
1.542613
1.542612
1.542610
1.542609
1.542607
1.542606
1.542604
1.542603
1.542601
1.542600
1.542598
1.542597
1.542595
1.542594
1.542592
1.542591
1.542589
1.542588
1.542586
1.542585
1.542584
1.542582
1.542581
1.542579
1.542578
1.542576
1.542575
1.542573
1.542572
1.542570
1.542569
1.542567
1.542566
1.542565
1.542563
1.542562
1.542560
1.542559
1.542557
1.542556
1.542554
1.542553
1.542552
1.542550
1.542549
1.542547
1.542546
1.542545
1.542543
1.542542
1.542540
1.542539
1.542538
1.542536
1.542535
1.542533
1.542532
1.542531
1.542529
1.542528
1.542526
1.542525
1.542524
1.542522
1.542521
1.542519
1.542518
1.542517
1.542515
1.542514
1.542513
1.542511
1.542510
1.542509
1.542507
1.542506
1.542504
1.542503
1.542502
1.542500
1.542499
1.542498
1.542496
1.542495
1.542494
1.542492
1.542491
1.542490
1.542488
1.542487
1.542486
1.542484
1.542483
1.542482
1.542481
1.542479
1.542478
1.542477
1.542477
1.542475
1.542474
1.542473
1.542471
1.542470
1.542469
1.542468
1.542466
1.542465
1.542464
1.542462
1.542461
1.542460
1.542459
1.542457
1.542456
1.542455
1.542453
1.542452
1.542451
1.542450
1.542448
1.542447
1.542446
1.542445
1.542443
1.542442
1.542441
1.542440
1.542438
1.542437
1.542436
1.542435
1.542433
1.542432
1.542431
1.542430
1.542429
1.542427
1.542426
1.542425
1.542424
1.542422
1.542421
1.542420
1.542419
1.542418
1.542416
1.542415
1.542414
1.542413
1.542412
1.542410
1.542409
1.542408
1.542407
1.542406
1.542404
1.542403
1.542402
1.542401
1.542400
1.542398
1.542397
1.542396
1.542395
1.542394
1.542393
1.542391
1.542390
1.542389
1.542388
1.542387
1.542386
1.542384
1.542383
1.542382
1.542381
1.542380
1.542379
1.542378
1.542376
1.542375
1.542374
1.542373
1.542372
1.542371
1.542370
1.542369
1.542367
1.542366
1.542365
1.542364
1.542363
1.542362
1.542361
1.542360
1.542358
1.542357
1.542356
1.542355
1.542354
1.542353
1.542352
1.542351
1.542350
1.542349
1.542347
1.542346
1.542345
1.542344
1.542343
1.542342
1.542341
1.542340
1.542339
1.542338
1.542337
1.542336
1.542334
1.542333
1.542332
1.542331
1.542330
1.542329
1.542328
1.542327
1.542326
1.542325
1.542324
1.542323
1.542322
1.542321
1.542320
1.542319
1.542318
1.542316
1.542315
1.542314
1.542313
1.542312
1.542311
1.542310
1.542309
1.542308
1.542307
1.542306
1.542305
1.542304
1.542303
1.542302
1.542301
1.542300
1.542299
1.542298
1.542297
1.542296
1.542295
1.542294
1.542293
1.542292
1.542291
1.542290
1.542289
1.542288
1.542287
1.542286
1.542285
1.542284
1.542283
1.542282
1.542281
1.542280
1.542279
1.542278
1.542277
1.542276
1.542275
1.542274
1.542273
1.542272
1.542271
1.542270
1.542269
1.542268
1.542268
1.542267
1.542266
1.542265
1.542264
1.542263
1.542262
1.542261
1.542260
1.542259
1.542258
1.542257
1.542256
1.542255
1.542254
1.542253
1.542252
1.542251
1.542251
1.542250
1.542249
1.542248
1.542247
1.542246
1.542245
1.542244
1.542243
1.542242
1.542241
1.542240
1.542240
1.542239
1.542238
1.542237
1.542236
1.542235
1.542234
1.542233
1.542232
1.542231
1.542231
1.542230
1.542229
1.542228
1.542227
1.542226
1.542225
1.542224
1.542223
1.542223
1.542222
1.542221
1.542220
1.542219
1.542218
1.542217
1.542216
1.542216
1.542215
1.542214
1.542213
1.542212
1.542211
1.542210
1.542210
1.542209
1.542208
1.542207
1.542206
1.542205
1.542204
1.542204
1.542203
1.542202
1.542201
1.542200
1.542199
1.542199
1.542198
1.542197
1.542196
1.542195
1.542194
1.542194
1.542193
1.542192
1.542191
1.542190
1.542189
1.542189
1.542188
1.542187
1.542186
1.542185
1.542185
1.542184
1.542183
1.542182
1.542181
1.542180
1.542180
1.542179
1.542178
1.542177
1.542176
1.542176
1.542175
1.542174
1.542173
1.542173
1.542172
1.542171
1.542170
1.542169
1.542169
1.542168
1.542167
1.542166
1.542165
1.542165
1.542164
1.542163
1.542162
1.542162
1.542161
1.542160
1.542159
1.542159
1.542158
1.542157
1.542156
1.542155
1.542155
1.542154
1.542153
1.542152
1.542152
1.542151
1.542150
1.542149
1.542149
1.542148
1.542147
1.542146
1.542146
1.542145
1.542144
1.542143
1.542143
1.542142
1.542141
1.542141
1.542140
1.542139
1.542138
1.542138
1.542137
1.542136
1.542135
1.542135
1.542134
1.542133
1.542133
1.542132
1.542131
1.542130
1.542130
1.542129
1.542128
1.542128
1.542127
1.542126
1.542125
1.542125
1.542124
1.542123
1.542123
1.542122
1.542121
1.542121
1.542120
1.542119
1.542119
1.542118
1.542117
1.542116
1.542116
1.542115
1.542114
1.542114
1.542113
1.542112
1.542112
1.542111
1.542110
1.542110
1.542109
1.542108
1.542108
1.542107
1.542106
1.542106
1.542105
1.542104
1.542104
1.542103
1.542102
1.542102
1.542101
1.542100
1.542100
1.542099
1.542098
1.542098
1.542097
1.542096
1.542096
1.542095
1.542094
1.542094
1.542093
1.542093
1.542092
1.542091
1.542091
1.542090
1.542089
1.542089
1.542088
1.542087
1.542087
1.542086
1.542086
1.542085
1.542084
1.542084
1.542083
1.542082
1.542082
1.542081
1.542081
1.542080
1.542079
1.542079
1.542078
1.542077
1.542077
1.542076
1.542076
1.542075
1.542074
1.542074
1.542073
1.542073
1.542072
1.542071
1.542071
1.542070
1.542070
1.542069
1.542068
1.542068
1.542067
1.542067
1.542066
1.542065
1.542065
1.542064
1.542064
1.542063
1.542063
1.542062
1.542061
1.542061
1.542060
1.542060
1.542059
1.542058
1.542058
1.542057
1.542057
1.542056
1.542056
1.542055
1.542054
1.542054
1.542053
1.542053
1.542052
1.542052
1.542051
1.542051
1.542050
1.542049
1.542049
1.542048
1.542048
1.542047
1.542047
1.542046
1.542046
1.542045
1.542044
1.542044
1.542043
1.542043
1.542042
1.542042
1.542041
1.542041
1.542040
1.542040
1.542039
1.542038
1.542038
1.542038
1.542037
1.542037
1.542036
1.542036
1.542035
1.542035
1.542034
1.542034
1.542033
1.542033
1.542032
1.542032
1.542031
1.542031
1.542030
1.542030
1.542029
1.542028
1.542028
1.542027
1.542027
1.542026
1.542026
1.542025
1.542025
1.542024
1.542024
1.542023
1.542023
1.542022
1.542022
1.542021
1.542021
1.542020
1.542020
1.542019
1.542019
1.542018
1.542018
1.542017
1.542017
1.542016
1.542016
1.542015
1.542015
1.542014
1.542014
1.542013
1.542013
1.542012
1.542012
1.542012
1.542011
1.542011
1.542010
1.542010
1.542009
1.542009
1.542008
1.542008
1.542007
1.542007
1.542006
1.542006
1.542005
1.542005
1.542004
1.542004
1.542004
1.542003
1.542003
1.542002
1.542002
1.542001
1.542001
1.542000
1.542000
1.541999
1.541999
1.541998
1.541998
1.541998
1.541997
1.541997
1.541996
1.541996
1.541995
1.541995
1.541994
1.541994
1.541994
1.541993
1.541993
1.541992
1.541992
1.541991
1.541991
1.541990
1.541990
1.541990
1.541989
1.541989
1.541988
1.541988
1.541987
1.541987
1.541987
1.541986
1.541986
1.541985
1.541985
1.541984
1.541984
1.541984
1.541983
1.541983
1.541982
1.541982
1.541981
1.541981
1.541981
1.541980
1.541980
1.541979
1.541979
1.541979
1.541978
1.541978
1.541977
1.541977
1.541977
1.541976
1.541976
1.541975
1.541975
1.541975
1.541974
1.541974
1.541973
1.541973
1.541973
1.541972
1.541972
1.541971
1.541971
1.541971
1.541970
1.541970
1.541969
1.541969
1.541969
1.541968
1.541968
1.541967
1.541967
1.541967
1.541966
1.541966
1.541966
1.541965
1.541965
1.541964
1.541964
1.541964
1.541963
1.541963
1.541963
1.541962
1.541962
1.541961
1.541961
1.541961
1.541960
1.541960
1.541960
1.541959
1.541959
1.541958
1.541958
1.541958
1.541957
1.541957
1.541957
1.541956
1.541956
1.541956
1.541955
1.541955
1.541954
1.541954
1.541954
1.541953
1.541953
1.541953
1.541952
1.541952
1.541952
1.541951
1.541951
1.541951
1.541950
1.541950
1.541950
1.541949
1.541949
1.541949
1.541948
1.541948
1.541948
1.541947
1.541947
1.541946
1.541946
1.541946
1.541945
1.541945
1.541945
1.541944
1.541944
1.541944
1.541943
1.541943
1.541943
1.541943
1.541942
1.541942
1.541942
1.541941
1.541941
1.541941
1.541940
1.541940
1.541940
1.541939
1.541939
1.541939
1.541938
1.541938
1.541938
1.541937
1.541937
1.541937
1.541936
1.541936
1.541936
1.541935
1.541935
1.541935
1.541935
1.541934
1.541934
1.541934
1.541933
1.541933
1.541933
1.541932
1.541932
1.541932
1.541931
1.541931
1.541931
1.541931
1.541930
1.541930
1.541930
1.541929
1.541929
1.541929
1.541929
1.541928
1.541928
1.541928
1.541927
1.541927
1.541927
1.541926
1.541926
1.541926
1.541926
1.541925
1.541925
1.541925
1.541924
1.541924
1.541924
1.541924
1.541923
1.541923
1.541923
1.541922
1.541922
1.541922
1.541922
1.541921
1.541921
1.541921
1.541921
1.541920
1.541920
1.541920
1.541919
1.541919
1.541919
1.541919
1.541918
1.541918
1.541918
1.541918
1.541917
1.541917
1.541917
1.541917
1.541916
1.541916
1.541916
1.541915
1.541915
1.541915
1.541915
1.541914
1.541914
1.541914
1.541914
1.541913
1.541913
1.541913
1.541913
1.541912
1.541912
1.541912
1.541912
1.541911
1.541911
1.541911
1.541911
1.541910
1.541910
1.541910
1.541910
1.541909
1.541909
1.541909
1.541909
1.541908
1.541908
1.541908
1.541908
1.541907
1.541907
1.541907
1.541907
1.541907
1.541906
1.541906
1.541906
1.541906
1.541905
1.541905
1.541905
1.541905
1.541904
1.541904
1.541904
1.541904
1.541903
1.541903
1.541903
1.541903
1.541903
1.541902
1.541902
1.541902
1.541902
1.541901
1.541901
1.541901
1.541901
1.541901
1.541900
1.541900
1.541900
1.541900
1.541899
1.541899
1.541899
1.541899
1.541899
1.541898
1.541898
1.541898
1.541898
1.541898
1.541897
1.541897
1.541897
1.541897
1.541896
1.541896
1.541896
1.541896
1.541896
1.541895
1.541895
1.541895
1.541895
1.541895
1.541894
1.541894
1.541894
1.541894
1.541894
1.541893
1.541893
1.541893
1.541893
1.541893
1.541892
1.541892
1.541892
1.541892
1.541892
1.541891
1.541891
1.541891
1.541891
1.541891
1.541890
1.541890
1.541890
1.541890
1.541890
1.541890
1.541889
1.541889
1.541889
1.541889
1.541889
1.541888
1.541888
1.541888
1.541888
1.541888
1.541888
1.541887
1.541887
1.541887
1.541887
1.541887
1.541886
1.541886
1.541886
1.541886
1.541886
1.541886
1.541885
1.541885
1.541885
1.541885
1.541885
1.541884
1.541884
1.541884
1.541884
1.541884
1.541884
1.541883
1.541883
1.541883
1.541883
1.541883
1.541883
1.541882
1.541882
1.541882
1.541882
1.541882
1.541882
1.541881
1.541881
1.541881
1.541881
1.541881
1.541881
1.541881
1.541880
1.541880
1.541880
1.541880
1.541880
1.541880
1.541879
1.541879
1.541879
1.541879
1.541879
1.541879
1.541878
1.541878
1.541878
