-0.621856
0.120260
0.116770
0.116323
0.116746
0.117436
0.118253
0.119156
0.120124
0.121142
0.122197
0.123278
0.124377
0.125485
0.126597
0.127706
0.128810
0.129905
0.130987
0.132056
0.133110
0.134147
0.135167
0.136170
0.137154
0.138121
0.139070
0.140000
0.140914
0.141809
0.142688
0.143550
0.144396
0.145225
0.146039
0.146838
0.147622
0.148391
0.149146
0.149888
0.150616
0.151331
0.152034
0.152724
0.153402
0.154068
0.154723
0.155367
0.156000
0.156623
0.157235
0.157837
0.158430
0.159012
0.159586
0.160150
0.160706
0.161253
0.161791
0.162321
0.162843
0.163357
0.163864
0.164363
0.164854
0.165338
0.165816
0.166286
0.166749
0.167206
0.167657
0.168101
0.168539
0.168971
0.169397
0.169817
0.170232
0.170641
0.171044
0.171442
0.171835
0.172223
0.172606
0.172983
0.173356
0.173725
0.174088
0.174447
0.174801
0.175151
0.175497
0.175839
0.176176
0.176509
0.176838
0.177164
0.177485
0.177802
0.178116
0.178426
0.178732
0.179035
0.179335
0.179630
0.179923
0.180212
0.180497
0.180780
0.181059
0.181335
0.181608
0.181878
0.182144
0.182408
0.182669
0.182927
0.183182
0.183434
0.183683
0.183930
0.184173
0.184414
0.184653
0.184888
0.185121
0.185352
0.185580
0.185805
0.186028
0.186248
0.186466
0.186682
0.186895
0.187105
0.187314
0.187520
0.187723
0.187925
0.188124
0.188321
0.188515
0.188708
0.188898
0.189086
0.189272
0.189455
0.189637
0.189816
0.189994
0.190169
0.190342
0.190513
0.190683
0.190850
0.191015
0.191178
0.191339
0.191498
0.191656
0.191811
0.191964
0.192116
0.192265
0.192413
0.192559
0.192703
0.192845
0.192985
0.193123
0.193260
0.193394
0.193527
0.193658
0.193788
0.193915
0.194041
0.194165
0.194287
0.194407
0.194526
0.194643
0.194758
0.194871
0.194983
0.195093
0.195201
0.195307
0.195412
0.195515
0.195617
0.195716
0.195814
0.195911
0.196005
0.196098
0.196189
0.196279
0.196367
0.196453
0.196538
0.196621
0.196703
0.196782
0.196860
0.196937
0.197012
0.197085
0.197156
0.197226
0.197295
0.197361
0.197426
0.197490
0.197552
0.197612
0.197671
0.197728
0.197783
0.197837
0.197889
0.197940
0.197989
0.198036
0.198082
0.198127
0.198169
0.198210
0.198250
0.198288
0.198324
0.198359
0.198392
0.198424
0.198454
0.198482
0.198509
0.198534
0.198558
0.198580
0.198600
0.198619
0.198637
0.198652
0.198667
0.198679
0.198690
0.198700
0.198708
0.198714
0.198719
0.198722
0.198724
0.198724
0.198722
0.198719
0.198714
0.198708
0.198700
0.198691
0.198680
0.198667
0.198653
0.198637
0.198620
0.198601
0.198581
0.198559
0.198535
0.198510
0.198483
0.198455
0.198425
0.198394
0.198360
0.198326
0.198290
0.198252
0.198212
0.198171
0.198129
0.198085
0.198039
0.197992
0.197943
0.197892
0.197840
0.197787
0.197731
0.197675
0.197616
0.197556
0.197495
0.197432
0.197367
0.197300
0.197233
0.197163
0.197092
0.197019
0.196945
0.196869
0.196792
0.196712
0.196632
0.196550
0.196466
0.196380
0.196293
0.196205
0.196114
0.196023
0.195929
0.195834
0.195737
0.195639
0.195539
0.195438
0.195335
0.195231
0.195124
0.195017
0.194907
0.194796
0.194684
0.194570
0.194454
0.194336
0.194218
0.194097
0.193975
0.193851
0.193726
0.193599
0.193471
0.193341
0.193209
0.193076
0.192941
0.192805
0.192667
0.192527
0.192386
0.192244
0.192100
0.191954
0.191807
0.191658
0.191507
0.191355
0.191202
0.191047
0.190890
0.190732
0.190573
0.190411
0.190249
0.190085
0.189919
0.189752
0.189583
0.189413
0.189241
0.189068
0.188893
0.188717
0.188540
0.188361
0.188180
0.187998
0.187815
0.187630
0.187444
0.187256
0.187067
0.186877
0.186685
0.186492
0.186298
0.186102
0.185905
0.185706
0.185506
0.185305
0.185103
0.184899
0.184694
0.184488
0.184281
0.184072
0.183862
0.183651
0.183439
0.183226
0.183011
0.182796
0.182579
0.182361
0.182142
0.181922
0.181701
0.181479
0.181256
0.181032
0.180807
0.180581
0.180354
0.180126
0.179897
0.179668
0.179437
0.179206
0.178974
0.178741
0.178507
0.178273
0.178038
0.177802
0.177565
0.177328
0.177090
0.176852
0.176613
0.176373
0.176133
0.175892
0.175650
0.175409
0.175166
0.174923
0.174680
0.174436
0.174192
0.173948
0.173703
0.173458
0.173212
0.172966
0.172720
0.172474
0.172227
0.171980
0.171733
0.171485
0.171238
0.170990
0.170742
0.170494
0.170245
0.169997
0.169748
0.169499
0.169251
0.169002
0.168753
0.168504
0.168255
0.168005
0.167756
0.167507
0.167258
0.167008
0.166759
0.166510
0.166261
0.166012
0.165762
0.165513
0.165264
0.165015
0.164766
0.164517
0.164269
0.164020
0.163772
0.163523
0.163275
0.163027
0.162779
0.162531
0.162283
0.162036
0.161789
0.161541
0.161295
0.161048
0.160801
0.160555
0.160309
0.160064
0.159818
0.159573
0.159328
0.159083
0.158839
0.158595
0.158351
0.158108
0.157865
0.157622
0.157379
0.157379
0.157137
0.156895
0.156654
0.156412
0.156172
0.155931
0.155691
0.155451
0.155211
0.154972
0.154732
0.154493
0.154255
0.154016
0.153778
0.153540
0.153303
0.153065
0.152827
0.152590
0.152353
0.152116
0.151879
0.151642
0.151405
0.151168
0.150931
0.150693
0.150456
0.150219
0.149981
0.149744
0.149506
0.149268
0.149029
0.148790
0.148551
0.148312
0.148072
0.147831
0.147590
0.147349
0.147107
0.146865
0.146621
0.146378
0.146133
0.145888
0.145642
0.145395
0.145148
0.144899
0.144650
0.144400
0.144149
0.143897
0.143644
0.143390
0.143135
0.142879
0.142622
0.142363
0.142104
0.141843
0.141582
0.141319
0.141055
0.140790
0.140523
0.140255
0.139986
0.139716
0.139444
0.139172
0.138897
0.138622
0.138345
0.138067
0.137788
0.137507
0.137225
0.136941
0.136656
0.136370
0.136083
0.135794
0.135504
0.135213
0.134920
0.134626
0.134330
0.134034
0.133736
0.133436
0.133136
0.132834
0.132531
0.132226
0.131921
0.131614
0.131306
0.130997
0.130687
0.130375
0.130062
0.129749
0.129434
0.129118
0.128801
0.128483
0.128164
0.127844
0.127523
0.127201
0.126878
0.126555
0.126230
0.125905
0.125578
0.125251
0.124923
0.124595
0.124265
0.123935
0.123605
0.123273
0.122942
0.122609
0.122276
0.121943
0.121608
0.121274
0.120939
0.120604
0.120268
0.119932
0.119596
0.119259
0.118922
0.118585
0.118248
0.117910
0.117573
0.117235
0.116897
0.116560
0.116222
0.115884
0.115547
0.115209
0.114872
0.114534
0.114197
0.113860
0.113524
0.113187
0.112851
0.112516
0.112180
0.111845
0.111511
0.111177
0.110843
0.110510
0.110177
0.109845
0.109514
0.109183
0.108853
0.108524
0.108195
0.107867
0.107540
0.107213
0.106887
0.106563
0.106238
0.105915
0.105593
0.105272
0.104951
0.104631
0.104313
0.103995
0.103679
0.103363
0.103048
0.102735
0.102422
0.102111
0.101800
0.101491
0.101183
0.100876
0.100570
0.100265
0.099961
0.099659
0.099357
0.099057
0.098757
0.098459
0.098162
0.097866
0.097571
0.097277
0.096985
0.096693
0.096402
0.096113
0.095824
0.095537
0.095250
0.094964
0.094680
0.094396
0.094113
0.093831
0.093549
0.093269
0.092989
0.092710
0.092431
0.092154
0.091876
0.091600
0.091323
0.091048
0.090772
0.090497
0.090222
0.089948
0.089674
0.089399
0.089125
0.088852
0.088578
0.088304
0.088030
0.087756
0.087482
0.087208
0.086935
0.086661
0.086387
0.086113
0.085840
0.085566
0.085293
0.085021
0.084749
0.084479
0.084209
0.083941
0.083675
0.083411
0.083149
0.082891
0.082636
0.082386
0.082140
0.081901
0.081667
0.081441
0.081223
0.081015
0.080817
0.080630
0.080457
0.080297
0.080152
0.080024
0.079915
0.079824
0.079755
0.079708
0.079684
0.079686
0.079714
0.079770
0.079855
0.079971
0.080118
0.080298
0.080511
0.080759
0.081042
0.081362
0.081719
0.082112
0.082544
0.083014
0.083523
0.084070
0.084657
0.085283
0.085947
0.086651
0.087393
0.088175
0.088994
0.089852
0.090747
0.091680
0.092649
0.093654
0.094695
0.095772
0.096882
0.098026
0.099204
0.100413
0.101654
0.102925
0.104227
0.105557
0.106915
0.108301
0.109713
0.111150
0.112612
0.114098
0.115607
0.117137
0.118689
0.120262
0.121853
0.123464
0.125092
0.126737
0.128399
0.130076
0.131768
0.133474
0.135193
0.136926
0.138670
0.140426
0.142192
0.143969
0.145755
0.147550
0.149354
0.151166
0.152986
0.154812
0.156645
0.158484
0.160329
0.162179
0.164034
0.165894
0.167758
0.169625
0.171496
0.173371
0.175248
0.177128
0.179009
0.180893
0.182779
0.184666
0.186555
0.188444
0.190335
0.192226
0.194117
0.196009
0.197901
0.199792
0.201684
0.203574
0.205465
0.207354
0.209243
0.211131
0.213017
0.214902
0.216786
0.218668
0.220549
0.222428
0.224305
0.226181
0.228054
0.229925
0.231794
0.233661
0.235526
0.237388
0.239248
0.241105
0.242959
0.244811
0.246660
0.248507
0.250350
0.252191
0.254028
0.255863
0.257695
0.259523
0.261348
0.263171
0.264989
0.266805
0.268617
0.270426
0.272232
0.274034
0.275832
0.277627
0.279418
0.281206
0.282990
0.284771
0.286548
0.288321
0.290090
0.291856
0.293618
0.295376
0.297130
0.298880
0.300626
0.302368
0.304106
0.305841
0.307571
0.309297
0.311019
0.312737
0.314451
0.316161
0.317867
0.319568
0.321265
0.322958
0.324647
0.326332
0.328012
0.329688
0.331360
0.333027
0.334690
0.336349
0.338003
0.339653
0.341299
0.342940
0.344577
0.346209
0.347837
0.349461
0.351080
0.352694
0.354304
0.355910
0.357511
0.359108
0.360700
0.362288
0.363872
0.365450
0.367025
0.368594
0.370160
0.371721
0.373277
0.374829
0.376376
0.377919
0.379457
0.380991
0.382520
0.384045
0.385565
0.387080
0.388592
0.390098
0.391601
0.393098
0.394592
0.396081
0.397565
0.399045
0.400520
0.401991
0.403458
0.404920
0.406377
0.407830
0.409279
0.410724
0.412164
0.413599
0.415030
0.416457
0.417880
0.417880
0.419298
0.420711
0.422121
0.423526
0.424927
0.426323
0.427715
0.429103
0.430487
0.431866
0.433241
0.434612
0.435978
0.437341
0.438699
0.440053
0.441402
0.442748
0.444089
0.445426
0.446759
0.448088
0.449413
0.450734
0.452050
0.453363
0.454671
0.455975
0.457276
0.458572
0.459864
0.461152
0.462436
0.463716
0.464993
0.466265
0.467533
0.468797
0.470058
0.471314
0.472567
0.473815
0.475060
0.476301
0.477538
0.478771
0.480000
0.481225
0.482447
0.483665
0.484879
0.486089
0.487295
0.488498
0.489697
0.490892
0.492084
0.493272
0.494456
0.495636
0.496813
0.497986
0.499155
0.500321
0.501483
0.502641
0.503796
0.504948
0.506095
0.507239
0.508380
0.509517
0.510650
0.511780
0.512907
0.514030
0.515149
0.516265
0.517378
0.518487
0.519592
0.520695
0.521793
0.522889
0.523981
0.525069
0.526155
0.527236
0.528315
0.529390
0.530462
0.531531
0.532596
0.533658
0.534716
0.535772
0.536824
0.537873
0.538919
0.539961
0.541001
0.542037
0.543070
0.544099
0.545126
0.546149
0.547170
0.548187
0.549201
0.550212
0.551220
0.552225
0.553226
0.554225
0.555221
0.556213
0.557203
0.558190
0.559173
0.560154
0.561132
0.562106
0.563078
0.564047
0.565013
0.565976
0.566936
0.567893
0.568848
0.569799
0.570748
0.571694
0.572637
0.573577
0.574514
0.575449
0.576381
0.577310
0.578236
0.579159
0.580080
0.580998
0.581914
0.582826
0.583736
0.584644
0.585548
0.586450
0.587350
0.588246
0.589140
0.590032
0.590921
0.591807
0.592691
0.593572
0.594451
0.595327
0.596200
0.597071
0.597940
0.598806
0.599670
0.600531
0.601389
0.602246
0.603099
0.603951
0.604800
0.605646
0.606490
0.607332
0.608171
0.609008
0.609843
0.610675
0.611505
0.612333
0.613158
0.613981
0.614802
0.615621
0.616437
0.617251
0.618062
0.618872
0.619679
0.620484
0.621287
0.622088
0.622886
0.623683
0.624477
0.625269
0.626059
0.626846
0.627632
0.628416
0.629197
0.629976
0.630753
0.631529
0.632302
0.633073
0.633842
0.634609
0.635374
0.636137
0.636898
0.637657
0.638414
0.639169
0.639922
0.640673
0.641422
0.642169
0.642915
0.643658
0.644399
0.645139
0.645877
0.646612
0.647346
0.648078
0.648809
0.649537
0.650264
0.650988
0.651711
0.652432
0.653152
0.653869
0.654585
0.655299
0.656011
0.656722
0.657431
0.658138
0.658843
0.659546
0.660248
0.660948
0.661647
0.662344
0.663039
0.663732
0.664424
0.665114
0.665802
0.666489
0.667175
0.667858
0.668540
0.669221
0.669899
0.670577
0.671252
0.671926
0.672599
0.673270
0.673939
0.674607
0.675273
0.675938
0.676601
0.677263
0.677923
0.678582
0.679239
0.679895
0.680550
0.681203
0.681854
0.682504
0.683152
0.683800
0.684445
0.685090
0.685732
0.686374
0.687014
0.687653
0.688290
0.688926
0.689560
0.690193
0.690825
0.691456
0.692085
0.692712
0.693339
0.693964
0.694588
0.695210
0.695832
0.696451
0.697070
0.697687
0.698303
0.698918
0.699532
0.700144
0.700755
0.701365
0.701973
0.702580
0.703186
0.703791
0.704395
0.704997
0.705598
0.706198
0.706797
0.707395
0.707991
0.708586
0.709180
0.709773
0.710365
0.710956
0.711545
0.712133
0.712720
0.713306
0.713891
0.714475
0.715058
0.715639
0.716220
0.716799
0.717377
0.717954
0.718530
0.719105
0.719679
0.720252
0.720824
0.721395
0.721964
0.722533
0.723100
0.723667
0.724232
0.724797
0.725360
0.725922
0.726484
0.727044
0.727603
0.728161
0.728719
0.729275
0.729830
0.730385
0.730938
0.731490
0.732042
0.732592
0.733141
0.733690
0.734237
0.734784
0.735329
0.735874
0.736417
0.736960
0.737502
0.738042
0.738582
0.739121
0.739659
0.740196
0.740732
0.741267
0.741802
0.742335
0.742867
0.743399
0.743930
0.744459
0.744988
0.745516
0.746043
0.746569
0.747094
0.747619
0.748142
0.748665
0.749187
0.749707
0.750227
0.750746
0.751265
0.751782
0.752298
0.752814
0.753329
0.753843
0.754356
0.754868
0.755379
0.755890
0.756399
0.756908
0.757416
0.757923
0.758430
0.758935
0.759440
0.759943
0.760446
0.760949
0.761450
0.761950
0.762450
0.762949
0.763447
0.763944
0.764440
0.764936
0.765431
0.765925
0.766418
0.766910
0.767402
0.767892
0.768382
0.768872
0.769360
0.769847
0.770334
0.770820
0.771305
0.771790
0.772273
0.772756
0.773238
0.773719
0.774200
0.774679
0.775158
0.775637
0.776114
0.776590
0.777066
0.777541
0.778016
0.778489
0.778962
0.779434
0.779905
0.780375
0.780845
0.781314
0.781782
0.782250
0.782716
0.783182
0.783647
0.784112
0.784575
0.785038
0.785501
0.785962
0.786423
0.786883
0.787342
0.787800
0.788258
0.788715
0.789171
0.789627
0.790082
0.790536
0.790989
0.791442
0.791894
0.792345
0.792795
0.793245
0.793694
0.794142
0.794590
0.795037
0.795483
0.795928
0.796373
0.796817
0.797261
0.797703
0.798145
0.798586
0.799027
0.799467
0.799906
0.800344
0.800782
0.801219
0.801655
0.801655
0.802091
0.802526
0.802960
0.803394
0.803827
0.804259
0.804691
0.805122
0.805552
0.805982
0.806410
0.806839
0.807266
0.807693
0.808119
0.808545
0.808970
0.809394
0.809818
0.810241
0.810663
0.811085
0.811505
0.811926
0.812346
0.812765
0.813183
0.813601
0.814018
0.814434
0.814850
0.815265
0.815680
0.816094
0.816507
0.816920
0.817332
0.817743
0.818154
0.818565
0.818974
0.819383
0.819792
0.820199
0.820607
0.821013
0.821419
0.821824
0.822229
0.822633
0.823037
0.823440
0.823842
0.824244
0.824645
0.825046
0.825446
0.825846
0.826245
0.826643
0.827041
0.827438
0.827835
0.828231
0.828626
0.829021
0.829416
0.829810
0.830203
0.830596
0.830988
0.831380
0.831771
0.832161
0.832552
0.832941
0.833330
0.833719
0.834107
0.834495
0.834882
0.835268
0.835654
0.836040
0.836425
0.836810
0.837194
0.837577
0.837961
0.838343
0.838726
0.839108
0.839489
0.839870
0.840251
0.840631
0.841010
0.841390
0.841769
0.842147
0.842526
0.842903
0.843281
0.843658
0.844035
0.844412
0.844788
0.845164
0.845540
0.845915
0.846290
0.846665
0.847040
0.847415
0.847789
0.848164
0.848538
0.848912
0.849287
0.849661
0.850035
0.850409
0.850783
0.851158
0.851532
0.851907
0.852282
0.852657
0.853033
0.853409
0.853785
0.854162
0.854539
0.854917
0.855296
0.855675
0.856055
0.856436
0.856817
0.857200
0.857584
0.857968
0.858354
0.858741
0.859130
0.859519
0.859910
0.860303
0.860697
0.861093
0.861491
0.861890
0.862292
0.862695
0.863100
0.863508
0.863917
0.864329
0.864743
0.865159
0.865577
0.865998
0.866422
0.866847
0.867276
0.867706
0.868139
0.868574
0.869012
0.869451
0.869893
0.870337
0.870782
0.871230
0.871679
0.872129
0.872581
0.873033
0.873487
0.873940
0.874394
0.874849
0.875303
0.875756
0.876209
0.876662
0.877114
0.877565
0.878016
0.878466
0.878917
0.879367
0.879818
0.880270
0.880723
0.881179
0.881639
0.882102
0.882570
0.883043
0.883523
0.884011
0.884506
0.885010
0.885523
0.886045
0.886578
0.887121
0.887674
0.888237
0.888811
0.889394
0.889988
0.890591
0.891202
0.891822
0.892450
0.893085
0.893727
0.894375
0.895028
0.895686
0.896348
0.897013
0.897681
0.898351
0.899022
0.899694
0.900366
0.901038
0.901708
0.902377
0.903043
0.903706
0.904366
0.905022
0.905673
0.906319
0.906960
0.907594
0.908223
0.908844
0.909458
0.910065
0.910664
0.911255
0.911837
0.912411
0.912975
0.913530
0.914076
0.914612
0.915139
0.915655
0.916161
0.916657
0.917143
0.917619
0.918084
0.918538
0.918982
0.919416
0.919839
0.920252
0.920655
0.921047
0.921428
0.921800
0.922161
0.922513
0.922854
0.923186
0.923508
0.923820
0.924123
0.924417
0.924702
0.924977
0.925244
0.925502
0.925752
0.925994
0.926227
0.926452
0.926670
0.926880
0.927082
0.927277
0.927465
0.927647
0.927821
0.927989
0.928151
0.928306
0.928456
0.928599
0.928737
0.928869
0.928997
0.929118
0.929235
0.929347
0.929454
0.929557
0.929655
0.929749
0.929839
0.929925
0.930007
0.930086
0.930160
0.930232
0.930300
0.930364
0.930426
0.930485
0.930541
0.930593
0.930644
0.930692
0.930737
0.930780
0.930820
0.930859
0.930895
0.930929
0.930961
0.930992
0.931020
0.931047
0.931072
0.931096
0.931118
0.931138
0.931157
0.931175
0.931191
0.931206
0.931220
0.931233
0.931244
0.931255
0.931264
0.931273
0.931280
0.931287
0.931293
0.931298
0.931302
0.931305
0.931307
0.931309
0.931310
0.931311
0.931310
0.931309
0.931308
0.931306
0.931303
0.931300
0.931296
0.931292
0.931287
0.931282
0.931277
0.931271
0.931264
0.931257
0.931250
0.931242
0.931234
0.931226
0.931217
0.931208
0.931198
0.931189
0.931178
0.931168
0.931157
0.931146
0.931135
0.931124
0.931112
0.931100
0.931087
0.931075
0.931062
0.931049
0.931036
0.931022
0.931008
0.930994
0.930980
0.930966
0.930951
0.930936
0.930921
0.930906
0.930891
0.930875
0.930859
0.930843
0.930827
0.930811
0.930794
0.930778
0.930761
0.930744
0.930727
0.930710
0.930692
0.930675
0.930657
0.930639
0.930621
0.930603
0.930585
0.930566
0.930548
0.930529
0.930510
0.930491
0.930472
0.930453
0.930434
0.930415
0.930395
0.930376
0.930356
0.930336
0.930316
0.930296
0.930276
0.930256
0.930235
0.930215
0.930195
0.930174
0.930153
0.930133
0.930112
0.930091
0.930070
0.930049
0.930028
0.930007
0.929985
0.929964
0.929943
0.929921
0.929900
0.929878
0.929857
0.929835
0.929813
0.929792
0.929770
0.929748
0.929726
0.929704
0.929682
0.929660
0.929638
0.929616
0.929594
0.929572
0.929550
0.929528
0.929506
0.929484
0.929462
0.929440
0.929417
0.929395
0.929373
0.929351
0.929329
0.929307
0.929284
0.929262
0.929240
0.929218
0.929196
0.929174
0.929152
0.929129
0.929107
0.929085
0.929063
0.929041
0.929019
0.928997
0.928976
0.928954
0.928932
0.928910
0.928888
0.928867
0.928845
0.928845
0.928823
0.928802
0.928780
0.928759
0.928737
0.928716
0.928695
0.928673
0.928652
0.928631
0.928610
0.928589
0.928568
0.928547
0.928526
0.928505
0.928485
0.928464
0.928444
0.928423
0.928403
0.928382
0.928362
0.928342
0.928322
0.928302
0.928282
0.928262
0.928242
0.928223
0.928203
0.928184
0.928164
0.928145
0.928126
0.928107
0.928088
0.928069
0.928050
0.928031
0.928013
0.927994
0.927976
0.927958
0.927939
0.927921
0.927903
0.927886
0.927868
0.927850
0.927833
0.927815
0.927798
0.927781
0.927764
0.927747
0.927730
0.927713
0.927697
0.927680
0.927664
0.927648
0.927631
0.927615
0.927600
0.927584
0.927568
0.927553
0.927537
0.927522
0.927507
0.927492
0.927477
0.927462
0.927448
0.927433
0.927419
0.927405
0.927391
0.927377
0.927363
0.927349
0.927336
0.927322
0.927309
0.927296
0.927283
0.927270
0.927258
0.927245
0.927233
0.927220
0.927208
0.927196
0.927184
0.927172
0.927161
0.927149
0.927138
0.927127
0.927116
0.927105
0.927094
0.927083
0.927073
0.927063
0.927053
0.927042
0.927033
0.927023
0.927013
0.927004
0.926994
0.926985
0.926976
0.926967
0.926959
0.926950
0.926941
0.926933
0.926925
0.926917
0.926909
0.926901
0.926894
0.926886
0.926879
0.926872
0.926865
0.926858
0.926851
0.926845
0.926838
0.926832
0.926826
0.926820
0.926814
0.926808
0.926803
0.926797
0.926792
0.926787
0.926782
0.926777
0.926772
0.926768
0.926764
0.926759
0.926755
0.926751
0.926747
0.926744
0.926740
0.926737
0.926734
0.926730
0.926727
0.926725
0.926722
0.926719
0.926717
0.926715
0.926713
0.926711
0.926709
0.926707
0.926706
0.926704
0.926703
0.926702
0.926701
0.926700
0.926700
0.926699
0.926699
0.926698
0.926698
0.926698
0.926698
0.926699
0.926699
0.926700
0.926700
0.926701
0.926702
0.926703
0.926704
0.926706
0.926707
0.926709
0.926711
0.926713
0.926715
0.926717
0.926719
0.926722
0.926724
0.926727
0.926730
0.926733
0.926736
0.926739
0.926743
0.926746
0.926750
0.926754
0.926757
0.926761
0.926766
0.926770
0.926774
0.926779
0.926784
0.926788
0.926793
0.926798
0.926804
0.926809
0.926814
0.926820
0.926826
0.926831
0.926837
0.926843
0.926849
0.926856
0.926862
0.926869
0.926875
0.926882
0.926889
0.926896
0.926903
0.926911
0.926918
0.926926
0.926933
0.926941
0.926949
0.926957
0.926965
0.926973
0.926981
0.926990
0.926998
0.927007
0.927016
0.927025
0.927034
0.927043
0.927052
0.927062
0.927071
0.927081
0.927090
0.927100
0.927110
0.927120
0.927130
0.927141
0.927151
0.927161
0.927172
0.927183
0.927193
0.927204
0.927215
0.927226
0.927238
0.927249
0.927260
0.927272
0.927284
0.927295
0.927307
0.927319
0.927331
0.927343
0.927356
0.927368
0.927380
0.927393
0.927406
0.927418
0.927431
0.927444
0.927457
0.927470
0.927484
0.927497
0.927511
0.927524
0.927538
0.927551
0.927565
0.927579
0.927593
0.927607
0.927622
0.927636
0.927650
0.927665
0.927679
0.927694
0.927709
0.927724
0.927739
0.927754
0.927769
0.927784
0.927799
0.927815
0.927830
0.927846
0.927862
0.927877
0.927893
0.927909
0.927925
0.927941
0.927958
0.927974
0.927990
0.928007
0.928023
0.928040
0.928056
0.928073
0.928090
0.928107
0.928124
0.928141
0.928158
0.928176
0.928193
0.928211
0.928228
0.928246
0.928263
0.928281
0.928299
0.928317
0.928335
0.928353
0.928371
0.928389
0.928408
0.928426
0.928445
0.928463
0.928482
0.928500
0.928519
0.928538
0.928557
0.928576
0.928595
0.928614
0.928633
0.928653
0.928672
0.928692
0.928711
0.928731
0.928750
0.928770
0.928790
0.928810
0.928830
0.928850
0.928870
0.928890
0.928910
0.928930
0.928951
0.928971
0.928991
0.929012
0.929033
0.929053
0.929074
0.929095
0.929116
0.929137
0.929158
0.929179
0.929200
0.929221
0.929242
0.929264
0.929285
0.929307
0.929328
0.929350
0.929371
0.929393
0.929415
0.929437
0.929459
0.929481
0.929503
0.929525
0.929547
0.929569
0.929591
0.929614
0.929636
0.929659
0.929681
0.929704
0.929726
0.929749
0.929772
0.929794
0.929817
0.929840
0.929863
0.929886
0.929909
0.929932
0.929956
0.929979
0.930002
0.930026
0.930049
0.930073
0.930096
0.930120
0.930143
0.930167
0.930191
0.930215
0.930238
0.930262
0.930286
0.930310
0.930334
0.930358
0.930383
0.930407
0.930431
0.930455
0.930480
0.930504
0.930529
0.930553
0.930578
0.930602
0.930627
0.930652
0.930677
0.930702
0.930726
0.930751
0.930776
0.930801
0.930826
0.930852
0.930877
0.930902
0.930927
0.930952
0.930978
0.931003
0.931029
0.931054
0.931080
0.931105
0.931131
0.931157
0.931182
0.931208
0.931234
0.931260
0.931286
0.931312
0.931338
0.931364
0.931390
0.931416
0.931442
0.931468
0.931495
0.931521
0.931547
0.931574
0.931600
0.931627
0.931653
0.931680
0.931706
0.931733
0.931760
0.931787
0.931813
0.931840
0.931867
0.931894
0.931921
0.931921
0.931948
0.931975
0.932002
0.932029
0.932056
0.932083
0.932111
0.932138
0.932165
0.932193
0.932220
0.932247
0.932275
0.932302
0.932330
0.932357
0.932385
0.932413
0.932440
0.932468
0.932496
0.932524
0.932552
0.932579
0.932607
0.932635
0.932663
0.932691
0.932719
0.932748
0.932776
0.932804
0.932832
0.932860
0.932889
0.932917
0.932945
0.932974
0.933002
0.933031
0.933059
0.933088
0.933116
0.933145
0.933173
0.933202
0.933231
0.933259
0.933288
0.933317
0.933346
0.933375
0.933404
0.933433
0.933462
0.933491
0.933520
0.933549
0.933578
0.933607
0.933636
0.933665
0.933694
0.933724
0.933753
0.933782
0.933812
0.933841
0.933870
0.933900
0.933929
0.933959
0.933988
0.934018
0.934048
0.934077
0.934107
0.934137
0.934166
0.934196
0.934226
0.934256
0.934286
0.934315
0.934345
0.934375
0.934405
0.934435
0.934465
0.934495
0.934525
0.934555
0.934586
0.934616
0.934646
0.934676
0.934706
0.934737
0.934767
0.934797
0.934828
0.934858
0.934888
0.934919
0.934949
0.934980
0.935010
0.935041
0.935071
0.935102
0.935133
0.935163
0.935194
0.935225
0.935255
0.935286
0.935317
0.935348
0.935378
0.935409
0.935440
0.935471
0.935502
0.935533
0.935564
0.935595
0.935626
0.935657
0.935688
0.935719
0.935750
0.935781
0.935813
0.935844
0.935875
0.935906
0.935937
0.935969
0.936000
0.936031
0.936063
0.936094
0.936125
0.936157
0.936188
0.936220
0.936251
0.936283
0.936314
0.936346
0.936377
0.936409
0.936441
0.936472
0.936504
0.936536
0.936567
0.936599
0.936631
0.936663
0.936694
0.936726
0.936758
0.936790
0.936822
0.936854
0.936886
0.936918
0.936949
0.936981
0.937013
0.937045
0.937077
0.937110
0.937142
0.937174
0.937206
0.937238
0.937270
0.937302
0.937334
0.937367
0.937399
0.937431
0.937463
0.937496
0.937528
0.937560
0.937592
0.937625
0.937657
0.937690
0.937722
0.937754
0.937787
0.937819
0.937852
0.937884
0.937917
0.937949
0.937982
0.938014
0.938047
0.938079
0.938112
0.938145
0.938177
0.938210
0.938243
0.938275
0.938308
0.938341
0.938373
0.938406
0.938439
0.938472
0.938504
0.938537
0.938570
0.938603
0.938636
0.938669
0.938701
0.938734
0.938767
0.938800
0.938833
0.938866
0.938899
0.938932
0.938965
0.938998
0.939031
0.939064
0.939097
0.939130
0.939163
0.939196
0.939229
0.939262
0.939295
0.939329
0.939362
0.939395
0.939428
0.939461
0.939494
0.939528
0.939561
0.939594
0.939627
0.939660
0.939694
0.939727
0.939760
0.939794
0.939827
0.939860
0.939893
0.939927
0.939960
0.939993
0.940027
0.940060
0.940094
0.940127
0.940160
0.940194
0.940227
0.940261
0.940294
0.940328
0.940361
0.940394
0.940428
0.940461
0.940495
0.940528
0.940562
0.940595
0.940629
0.940662
0.940696
0.940730
0.940763
0.940797
0.940830
0.940864
0.940897
0.940931
0.940965
0.940998
0.941032
0.941065
0.941099
0.941133
0.941166
0.941200
0.941234
0.941267
0.941301
0.941335
0.941368
0.941402
0.941436
0.941470
0.941503
0.941537
0.941571
0.941604
0.941638
0.941672
0.941706
0.941739
0.941773
0.941807
0.941841
0.941874
0.941908
0.941942
0.941976
0.942010
0.942043
0.942077
0.942111
0.942145
0.942179
0.942212
0.942246
0.942280
0.942314
0.942348
0.942381
0.942415
0.942449
0.942483
0.942517
0.942551
0.942584
0.942618
0.942652
0.942686
0.942720
0.942754
0.942788
0.942821
0.942855
0.942889
0.942923
0.942957
0.942991
0.943025
0.943058
0.943092
0.943126
0.943160
0.943194
0.943228
0.943262
0.943296
0.943329
0.943363
0.943397
0.943431
0.943465
0.943499
0.943533
0.943567
0.943601
0.943634
0.943668
0.943702
0.943736
0.943770
0.943804
0.943838
0.943872
0.943905
0.943939
0.943973
0.944007
0.944041
0.944075
0.944109
0.944143
0.944176
0.944210
0.944244
0.944278
0.944312
0.944346
0.944379
0.944413
0.944447
0.944481
0.944515
0.944549
0.944583
0.944616
0.944650
0.944684
0.944718
0.944752
0.944785
0.944819
0.944853
0.944887
0.944921
0.944954
0.944988
0.945022
0.945056
0.945090
0.945123
0.945157
0.945191
0.945225
0.945258
0.945292
0.945326
0.945360
0.945393
0.945427
0.945461
0.945495
0.945528
0.945562
0.945596
0.945629
0.945663
0.945697
0.945730
0.945764
0.945798
0.945831
0.945865
0.945899
0.945932
0.945966
0.946000
0.946033
0.946067
0.946101
0.946134
0.946168
0.946201
0.946235
0.946268
0.946302
0.946336
0.946369
0.946403
0.946436
0.946470
0.946503
0.946537
0.946570
0.946604
0.946637
0.946671
0.946704
0.946738
0.946771
0.946805
0.946838
0.946871
0.946905
0.946938
0.946972
0.947005
0.947038
0.947072
0.947105
0.947138
0.947172
0.947205
0.947238
0.947272
0.947305
0.947338
0.947372
0.947405
0.947438
0.947471
0.947505
0.947538
0.947571
0.947604
0.947638
0.947671
0.947704
0.947737
0.947770
0.947803
0.947837
0.947870
0.947903
0.947936
0.947969
0.947969
0.948002
0.948035
0.948068
0.948101
0.948134
0.948167
0.948200
0.948233
0.948266
0.948299
0.948332
0.948365
0.948398
0.948431
0.948464
0.948497
0.948530
0.948563
0.948595
0.948628
0.948661
0.948694
0.948727
0.948760
0.948792
0.948825
0.948858
0.948891
0.948923
0.948956
0.948989
0.949021
0.949054
0.949087
0.949119
0.949152
0.949185
0.949217
0.949250
0.949282
0.949315
0.949347
0.949380
0.949412
0.949445
0.949477
0.949510
0.949542
0.949575
0.949607
0.949640
0.949672
0.949704
0.949737
0.949769
0.949801
0.949834
0.949866
0.949898
0.949931
0.949963
0.949995
0.950027
0.950060
0.950092
0.950124
0.950156
0.950188
0.950220
0.950252
0.950285
0.950317
0.950349
0.950381
0.950413
0.950445
0.950477
0.950509
0.950541
0.950573
0.950605
0.950636
0.950668
0.950700
0.950732
0.950764
0.950796
0.950828
0.950859
0.950891
0.950923
0.950955
0.950986
0.951018
0.951050
0.951081
0.951113
0.951145
0.951176
0.951208
0.951239
0.951271
0.951303
0.951334
0.951366
0.951397
0.951429
0.951460
0.951491
0.951523
0.951554
0.951586
0.951617
0.951648
0.951680
0.951711
0.951742
0.951773
0.951805
0.951836
0.951867
0.951898
0.951929
0.951961
0.951992
0.952023
0.952054
0.952085
0.952116
0.952147
0.952178
0.952209
0.952240
0.952271
0.952302
0.952333
0.952364
0.952395
0.952425
0.952456
0.952487
0.952518
0.952549
0.952579
0.952610
0.952641
0.952671
0.952702
0.952733
0.952763
0.952794
0.952825
0.952855
0.952886
0.952916
0.952947
0.952977
0.953008
0.953038
0.953069
0.953099
0.953129
0.953160
0.953190
0.953220
0.953251
0.953281
0.953311
0.953341
0.953372
0.953402
0.953432
0.953462
0.953492
0.953522
0.953552
0.953582
0.953612
0.953642
0.953672
0.953702
0.953732
0.953762
0.953792
0.953822
0.953852
0.953882
0.953912
0.953941
0.953971
0.954001
0.954031
0.954060
0.954090
0.954120
0.954149
0.954179
0.954209
0.954238
0.954268
0.954297
0.954327
0.954356
0.954386
0.954415
0.954445
0.954474
0.954503
0.954533
0.954562
0.954591
0.954621
0.954650
0.954679
0.954708
0.954737
0.954767
0.954796
0.954825
0.954854
0.954883
0.954912
0.954941
0.954970
0.954999
0.955028
0.955057
0.955086
0.955115
0.955144
0.955172
0.955201
0.955230
0.955259
0.955288
0.955316
0.955345
0.955374
0.955402
0.955431
0.955460
0.955488
0.955517
0.955545
0.955574
0.955602
0.955631
0.955659
0.955688
0.955716
0.955744
0.955773
0.955801
0.955829
0.955858
0.955886
0.955914
0.955942
0.955970
0.955999
0.956027
0.956055
0.956083
0.956111
0.956139
0.956167
0.956195
0.956223
0.956251
0.956279
0.956307
0.956335
0.956362
0.956390
0.956418
0.956446
0.956474
0.956501
0.956529
0.956557
0.956584
0.956612
0.956640
0.956667
0.956695
0.956722
0.956750
0.956777
0.956805
0.956832
0.956859
0.956887
0.956914
0.956941
0.956969
0.956996
0.957023
0.957051
0.957078
0.957105
0.957132
0.957159
0.957186
0.957213
0.957240
0.957268
0.957295
0.957322
0.957348
0.957375
0.957402
0.957429
0.957456
0.957483
0.957510
0.957536
0.957563
0.957590
0.957617
0.957643
0.957670
0.957697
0.957723
0.957750
0.957776
0.957803
0.957830
0.957856
0.957882
0.957909
0.957935
0.957962
0.957988
0.958014
0.958041
0.958067
0.958093
0.958120
0.958146
0.958172
0.958198
0.958224
0.958250
0.958276
0.958302
0.958329
0.958355
0.958381
0.958406
0.958432
0.958458
0.958484
0.958510
0.958536
0.958562
0.958588
0.958613
0.958639
0.958665
0.958690
0.958716
0.958742
0.958767
0.958793
0.958819
0.958844
0.958870
0.958895
0.958921
0.958946
0.958971
0.958997
0.959022
0.959047
0.959073
0.959098
0.959123
0.959149
0.959174
0.959199
0.959224
0.959249
0.959274
0.959299
0.959325
0.959350
0.959375
0.959400
0.959425
0.959449
0.959474
0.959499
0.959524
0.959549
0.959574
0.959599
0.959623
0.959648
0.959673
0.959697
0.959722
0.959747
0.959771
0.959796
0.959820
0.959845
0.959870
0.959894
0.959918
0.959943
0.959967
0.959992
0.960016
0.960040
0.960065
0.960089
0.960113
0.960137
0.960162
0.960186
0.960210
0.960234
0.960258
0.960282
0.960306
0.960330
0.960354
0.960378
0.960402
0.960426
0.960450
0.960474
0.960498
0.960522
0.960546
0.960569
0.960593
0.960617
0.960641
0.960664
0.960688
0.960712
0.960735
0.960759
0.960782
0.960806
0.960829
0.960853
0.960876
0.960900
0.960923
0.960947
0.960970
0.960993
0.961017
0.961040
0.961063
0.961086
0.961110
0.961133
0.961156
0.961179
0.961202
0.961225
0.961248
0.961271
0.961295
0.961318
0.961340
0.961363
0.961386
0.961409
0.961432
0.961455
0.961478
0.961501
0.961523
0.961546
0.961569
0.961592
0.961614
0.961637
0.961659
0.961682
0.961705
0.961727
0.961750
0.961772
0.961795
0.961817
0.961840
0.961862
0.961884
0.961907
0.961929
0.961951
0.961974
0.961996
0.962018
0.962018
0.962040
0.962063
0.962085
0.962107
0.962129
0.962151
0.962173
0.962195
0.962217
0.962239
0.962261
0.962283
0.962305
0.962327
0.962349
0.962371
0.962392
0.962414
0.962436
0.962458
0.962480
0.962501
0.962523
0.962545
0.962566
0.962588
0.962609
0.962631
0.962653
0.962674
0.962696
0.962717
0.962738
0.962760
0.962781
0.962803
0.962824
0.962845
0.962867
0.962888
0.962909
0.962930
0.962952
0.962973
0.962994
0.963015
0.963036
0.963057
0.963078
0.963099
0.963120
0.963141
0.963162
0.963183
0.963204
0.963225
0.963246
0.963267
0.963288
0.963308
0.963329
0.963350
0.963371
0.963391
0.963412
0.963433
0.963453
0.963474
0.963495
0.963515
0.963536
0.963556
0.963577
0.963597
0.963618
0.963638
0.963659
0.963679
0.963699
0.963720
0.963740
0.963760
0.963781
0.963801
0.963821
0.963841
0.963861
0.963882
0.963902
0.963922
0.963942
0.963962
0.963982
0.964002
0.964022
0.964042
0.964062
0.964082
0.964102
0.964122
0.964141
0.964161
0.964181
0.964201
0.964221
0.964240
0.964260
0.964280
0.964300
0.964319
0.964339
0.964358
0.964378
0.964398
0.964417
0.964437
0.964456
0.964476
0.964495
0.964515
0.964534
0.964553
0.964573
0.964592
0.964611
0.964631
0.964650
0.964669
0.964688
0.964708
0.964727
0.964746
0.964765
0.964784
0.964803
0.964822
0.964841
0.964861
0.964880
0.964899
0.964917
0.964936
0.964955
0.964974
0.964993
0.965012
0.965031
0.965050
0.965068
0.965087
0.965106
0.965125
0.965143
0.965162
0.965181
0.965199
0.965218
0.965237
0.965255
0.965274
0.965292
0.965311
0.965329
0.965348
0.965366
0.965385
0.965403
0.965421
0.965440
0.965458
0.965476
0.965495
0.965513
0.965531
0.965549
0.965568
0.965586
0.965604
0.965622
0.965640
0.965658
0.965676
0.965695
0.965713
0.965731
0.965749
0.965767
0.965785
0.965802
0.965820
0.965838
0.965856
0.965874
0.965892
0.965910
0.965927
0.965945
0.965963
0.965981
0.965998
0.966016
0.966034
0.966051
0.966069
0.966087
0.966104
0.966122
0.966139
0.966157
0.966174
0.966192
0.966209
0.966227
0.966244
0.966262
0.966279
0.966296
0.966314
0.966331
0.966348
0.966366
0.966383
0.966400
0.966417
0.966434
0.966452
0.966469
0.966486
0.966503
0.966520
0.966537
0.966554
0.966571
0.966588
0.966605
0.966622
0.966639
0.966656
0.966673
0.966690
0.966707
0.966724
0.966740
0.966757
0.966774
0.966791
0.966808
0.966824
0.966841
0.966858
0.966874
0.966891
0.966908
0.966924
0.966941
0.966957
0.966974
0.966991
0.967007
0.967024
0.967040
0.967057
0.967073
0.967089
0.967106
0.967122
0.967139
0.967155
0.967171
0.967187
0.967204
0.967220
0.967236
0.967252
0.967269
0.967285
0.967301
0.967317
0.967333
0.967349
0.967366
0.967382
0.967398
0.967414
0.967430
0.967446
0.967462
0.967478
0.967494
0.967510
0.967525
0.967541
0.967557
0.967573
0.967589
0.967605
0.967620
0.967636
0.967652
0.967668
0.967683
0.967699
0.967715
0.967730
0.967746
0.967762
0.967777
0.967793
0.967808
0.967824
0.967839
0.967855
0.967870
0.967886
0.967901
0.967917
0.967932
0.967948
0.967963
0.967978
0.967994
0.968009
0.968024
0.968040
0.968055
0.968070
0.968085
0.968101
0.968116
0.968131
0.968146
0.968161
0.968176
0.968192
0.968207
0.968222
0.968237
0.968252
0.968267
0.968282
0.968297
0.968312
0.968327
0.968342
0.968357
0.968371
0.968386
0.968401
0.968416
0.968431
0.968446
0.968460
0.968475
0.968490
0.968505
0.968519
0.968534
0.968549
0.968563
0.968578
0.968593
0.968607
0.968622
0.968636
0.968651
0.968666
0.968680
0.968695
0.968709
0.968724
0.968738
0.968752
0.968767
0.968781
0.968796
0.968810
0.968824
0.968839
0.968853
0.968867
0.968882
0.968896
0.968910
0.968924
0.968938
0.968953
0.968967
0.968981
0.968995
0.969009
0.969023
0.969038
0.969052
0.969066
0.969080
0.969094
0.969108
0.969122
0.969136
0.969150
0.969164
0.969178
0.969191
0.969205
0.969219
0.969233
0.969247
0.969261
0.969275
0.969288
0.969302
0.969316
0.969330
0.969343
0.969357
0.969371
0.969384
0.969398
0.969412
0.969425
0.969439
0.969453
0.969466
0.969480
0.969493
0.969507
0.969520
0.969534
0.969547
0.969561
0.969574
0.969588
0.969601
0.969614
0.969628
0.969641
0.969655
0.969668
0.969681
0.969694
0.969708
0.969721
0.969734
0.969748
0.969761
0.969774
0.969787
0.969800
0.969813
0.969827
0.969840
0.969853
0.969866
0.969879
0.969892
0.969905
0.969918
0.969931
0.969944
0.969957
0.969970
0.969983
0.969996
0.970009
0.970022
0.970035
0.970048
0.970061
0.970073
0.970086
0.970099
0.970112
0.970125
0.970137
0.970150
0.970163
0.970176
0.970188
0.970201
0.970214
0.970226
0.970239
0.970252
0.970264
0.970277
0.970289
0.970302
0.970315
0.970327
0.970340
0.970352
0.970365
0.970377
0.970390
0.970402
0.970415
0.970427
0.970439
0.970452
0.970452
0.970464
0.970476
0.970489
0.970501
0.970513
0.970526
0.970538
0.970550
0.970563
0.970575
0.970587
0.970599
0.970611
0.970624
0.970636
0.970648
0.970660
0.970672
0.970684
0.970696
0.970709
0.970721
0.970733
0.970745
0.970757
0.970769
0.970781
0.970793
0.970805
0.970817
0.970829
0.970840
0.970852
0.970864
0.970876
0.970888
0.970900
0.970912
0.970924
0.970935
0.970947
0.970959
0.970971
0.970982
0.970994
0.971006
0.971018
0.971029
0.971041
0.971053
0.971064
0.971076
0.971088
0.971099
0.971111
0.971122
0.971134
0.971145
0.971157
0.971169
0.971180
0.971192
0.971203
0.971215
0.971226
0.971237
0.971249
0.971260
0.971272
0.971283
0.971294
0.971306
0.971317
0.971328
0.971340
0.971351
0.971362
0.971374
0.971385
0.971396
0.971407
0.971419
0.971430
0.971441
0.971452
0.971463
0.971475
0.971486
0.971497
0.971508
0.971519
0.971530
0.971541
0.971552
0.971563
0.971574
0.971585
0.971596
0.971607
0.971618
0.971629
0.971640
0.971651
0.971662
0.971673
0.971684
0.971695
0.971706
0.971717
0.971727
0.971738
0.971749
0.971760
0.971771
0.971782
0.971792
0.971803
0.971814
0.971825
0.971835
0.971846
0.971857
0.971867
0.971878
0.971889
0.971899
0.971910
0.971921
0.971931
0.971942
0.971952
0.971963
0.971973
0.971984
0.971994
0.972005
0.972016
0.972026
0.972036
0.972047
0.972057
0.972068
0.972078
0.972089
0.972099
0.972109
0.972120
0.972130
0.972141
0.972151
0.972161
0.972172
0.972182
0.972192
0.972202
0.972213
0.972223
0.972233
0.972243
0.972254
0.972264
0.972274
0.972284
0.972294
0.972304
0.972315
0.972325
0.972335
0.972345
0.972355
0.972365
0.972375
0.972385
0.972395
0.972405
0.972415
0.972425
0.972435
0.972445
0.972455
0.972465
0.972475
0.972485
0.972495
0.972505
0.972515
0.972525
0.972535
0.972544
0.972554
0.972564
0.972574
0.972584
0.972593
0.972603
0.972613
0.972623
0.972633
0.972642
0.972652
0.972662
0.972671
0.972681
0.972691
0.972700
0.972710
0.972720
0.972729
0.972739
0.972749
0.972758
0.972768
0.972777
0.972787
0.972797
0.972806
0.972816
0.972825
0.972835
0.972844
0.972854
0.972863
0.972873
0.972882
0.972891
0.972901
0.972910
0.972920
0.972929
0.972938
0.972948
0.972957
0.972966
0.972976
0.972985
0.972994
0.973004
0.973013
0.973022
0.973032
0.973041
0.973050
0.973059
0.973068
0.973078
0.973087
0.973096
0.973105
0.973114
0.973124
0.973133
0.973142
0.973151
0.973160
0.973169
0.973178
0.973187
0.973196
0.973205
0.973214
0.973223
0.973232
0.973242
0.973251
0.973259
0.973268
0.973277
0.973286
0.973295
0.973304
0.973313
0.973322
0.973331
0.973340
0.973349
0.973358
0.973366
0.973375
0.973384
0.973393
0.973402
0.973411
0.973419
0.973428
0.973437
0.973446
0.973454
0.973463
0.973472
0.973481
0.973489
0.973498
0.973507
0.973515
0.973524
0.973533
0.973541
0.973550
0.973558
0.973567
0.973576
0.973584
0.973593
0.973601
0.973610
0.973619
0.973627
0.973636
0.973644
0.973653
0.973661
0.973670
0.973678
0.973686
0.973695
0.973703
0.973712
0.973720
0.973729
0.973737
0.973745
0.973754
0.973762
0.973770
0.973779
0.973787
0.973796
0.973804
0.973812
0.973820
0.973829
0.973837
0.973845
0.973853
0.973862
0.973870
0.973878
0.973886
0.973895
0.973903
0.973911
0.973919
0.973927
0.973935
0.973944
0.973952
0.973960
0.973968
0.973976
0.973984
0.973992
0.974000
0.974008
0.974016
0.974024
0.974032
0.974041
0.974049
0.974057
0.974065
0.974072
0.974080
0.974088
0.974096
0.974104
0.974112
0.974120
0.974128
0.974136
0.974144
0.974152
0.974160
0.974167
0.974175
0.974183
0.974191
0.974199
0.974207
0.974214
0.974222
0.974230
0.974238
0.974246
0.974253
0.974261
0.974269
0.974277
0.974284
0.974292
0.974300
0.974307
0.974315
0.974323
0.974330
0.974338
0.974346
0.974353
0.974361
0.974369
0.974376
0.974384
0.974391
0.974399
0.974406
0.974414
0.974422
0.974429
0.974437
0.974444
0.974452
0.974459
0.974467
0.974474
0.974482
0.974489
0.974496
0.974504
0.974511
0.974519
0.974526
0.974534
0.974541
0.974548
0.974556
0.974563
0.974570
0.974578
0.974585
0.974592
0.974600
0.974607
0.974614
0.974622
0.974629
0.974636
0.974644
0.974651
0.974658
0.974665
0.974672
0.974680
0.974687
0.974694
0.974701
0.974709
0.974716
0.974723
0.974730
0.974737
0.974744
0.974751
0.974759
0.974766
0.974773
0.974780
0.974787
0.974794
0.974801
0.974808
0.974815
0.974822
0.974829
0.974836
0.974843
0.974850
0.974857
0.974864
0.974871
0.974878
0.974885
0.974892
0.974899
0.974906
0.974913
0.974920
0.974927
0.974934
0.974941
0.974947
0.974954
0.974961
0.974968
0.974975
0.974982
0.974988
0.974995
0.975002
0.975009
0.975016
0.975022
0.975029
0.975036
0.975043
0.975050
0.975056
0.975063
0.975070
0.975076
0.975083
0.975083
0.975090
0.975097
0.975103
0.975110
0.975117
0.975123
0.975130
0.975137
0.975143
0.975150
0.975156
0.975163
0.975170
0.975176
0.975183
0.975189
0.975196
0.975202
0.975209
0.975215
0.975222
0.975229
0.975235
0.975242
0.975248
0.975255
0.975261
0.975267
0.975274
0.975280
0.975287
0.975293
0.975300
0.975306
0.975313
0.975319
0.975325
0.975332
0.975338
0.975344
0.975351
0.975357
0.975364
0.975370
0.975376
0.975382
0.975389
0.975395
0.975401
0.975408
0.975414
0.975420
0.975426
0.975433
0.975439
0.975445
0.975451
0.975458
0.975464
0.975470
0.975476
0.975482
0.975489
0.975495
0.975501
0.975507
0.975513
0.975519
0.975526
0.975532
0.975538
0.975544
0.975550
0.975556
0.975562
0.975568
0.975574
0.975580
0.975586
0.975593
0.975599
0.975605
0.975611
0.975617
0.975623
0.975629
0.975635
0.975641
0.975647
0.975653
0.975658
0.975664
0.975670
0.975676
0.975682
0.975688
0.975694
0.975700
0.975706
0.975712
0.975718
0.975723
0.975729
0.975735
0.975741
0.975747
0.975753
0.975759
0.975764
0.975770
0.975776
0.975782
0.975788
0.975793
0.975799
0.975805
0.975811
0.975816
0.975822
0.975828
0.975834
0.975839
0.975845
0.975851
0.975856
0.975862
0.975868
0.975873
0.975879
0.975885
0.975890
0.975896
0.975902
0.975907
0.975913
0.975919
0.975924
0.975930
0.975935
0.975941
0.975946
0.975952
0.975958
0.975963
0.975969
0.975974
0.975980
0.975985
0.975991
0.975996
0.976002
0.976007
0.976013
0.976018
0.976024
0.976029
0.976035
0.976040
0.976046
0.976051
0.976056
0.976062
0.976067
0.976073
0.976078
0.976083
0.976089
0.976094
0.976099
0.976105
0.976110
0.976116
0.976121
0.976126
0.976132
0.976137
0.976142
0.976147
0.976153
0.976158
0.976163
0.976169
0.976174
0.976179
0.976184
0.976190
0.976195
0.976200
0.976205
0.976210
0.976216
0.976221
0.976226
0.976231
0.976236
0.976242
0.976247
0.976252
0.976257
0.976262
0.976267
0.976272
0.976278
0.976283
0.976288
0.976293
0.976298
0.976303
0.976308
0.976313
0.976318
0.976323
0.976328
0.976333
0.976339
0.976344
0.976349
0.976354
0.976359
0.976364
0.976369
0.976374
0.976379
0.976384
0.976388
0.976393
0.976398
0.976403
0.976408
0.976413
0.976418
0.976423
0.976428
0.976433
0.976438
0.976443
0.976448
0.976452
0.976457
0.976462
0.976467
0.976472
0.976477
0.976482
0.976486
0.976491
0.976496
0.976501
0.976506
0.976510
0.976515
0.976520
0.976525
0.976530
0.976534
0.976539
0.976544
0.976549
0.976553
0.976558
0.976563
0.976567
0.976572
0.976577
0.976581
0.976586
0.976591
0.976596
0.976600
0.976605
0.976610
0.976614
0.976619
0.976623
0.976628
0.976633
0.976637
0.976642
0.976646
0.976651
0.976656
0.976660
0.976665
0.976669
0.976674
0.976679
0.976683
0.976688
0.976692
0.976697
0.976701
0.976706
0.976710
0.976715
0.976719
0.976724
0.976728
0.976733
0.976737
0.976742
0.976746
0.976750
0.976755
0.976759
0.976764
0.976768
0.976773
0.976777
0.976781
0.976786
0.976790
0.976795
0.976799
0.976803
0.976808
0.976812
0.976816
0.976821
0.976825
0.976829
0.976834
0.976838
0.976842
0.976847
0.976851
0.976855
0.976860
0.976864
0.976868
0.976872
0.976877
0.976881
0.976885
0.976889
0.976894
0.976898
0.976902
0.976906
0.976911
0.976915
0.976919
0.976923
0.976927
0.976932
0.976936
0.976940
0.976944
0.976948
0.976952
0.976956
0.976961
0.976965
0.976969
0.976973
0.976977
0.976981
0.976985
0.976989
0.976993
0.976998
0.977002
0.977006
0.977010
0.977014
0.977018
0.977022
0.977026
0.977030
0.977034
0.977038
0.977042
0.977046
0.977050
0.977054
0.977058
0.977062
0.977066
0.977070
0.977074
0.977078
0.977082
0.977086
0.977090
0.977094
0.977098
0.977101
0.977105
0.977109
0.977113
0.977117
0.977121
0.977125
0.977129
0.977133
0.977137
0.977140
0.977144
0.977148
0.977152
0.977156
0.977160
0.977163
0.977167
0.977171
0.977175
0.977179
0.977182
0.977186
0.977190
0.977194
0.977198
0.977201
0.977205
0.977209
0.977213
0.977216
0.977220
0.977224
0.977228
0.977231
0.977235
0.977239
0.977242
0.977246
0.977250
0.977253
0.977257
0.977261
0.977264
0.977268
0.977272
0.977275
0.977279
0.977283
0.977286
0.977290
0.977294
0.977297
0.977301
0.977304
0.977308
0.977312
0.977315
0.977319
0.977322
0.977326
0.977329
0.977333
0.977337
0.977340
0.977344
0.977347
0.977351
0.977354
0.977358
0.977361
0.977365
0.977368
0.977372
0.977375
0.977379
0.977382
0.977386
0.977389
0.977393
0.977396
0.977399
0.977403
0.977406
0.977410
0.977413
0.977417
0.977420
0.977423
0.977427
0.977430
0.977434
0.977437
0.977440
0.977444
0.977447
0.977450
0.977454
0.977457
0.977461
0.977464
0.977467
0.977471
0.977474
0.977477
0.977480
0.977484
0.977487
0.977490
0.977494
0.977497
0.977500
0.977504
0.977507
0.977507
0.977510
0.977513
0.977517
0.977520
0.977523
0.977526
0.977530
0.977533
0.977536
0.977539
0.977542
0.977546
0.977549
0.977552
0.977555
0.977558
0.977562
0.977565
0.977568
0.977571
0.977574
0.977577
0.977580
0.977584
0.977587
0.977590
0.977593
0.977596
0.977599
0.977602
0.977605
0.977608
0.977612
0.977615
0.977618
0.977621
0.977624
0.977627
0.977630
0.977633
0.977636
0.977639
0.977642
0.977645
0.977648
0.977651
0.977654
0.977657
0.977660
0.977663
0.977666
0.977669
0.977672
0.977675
0.977678
0.977681
0.977684
0.977687
0.977690
0.977693
0.977696
0.977699
0.977702
0.977705
0.977708
0.977710
0.977713
0.977716
0.977719
0.977722
0.977725
0.977728
0.977731
0.977734
0.977736
0.977739
0.977742
0.977745
0.977748
0.977751
0.977754
0.977756
0.977759
0.977762
0.977765
0.977768
0.977770
0.977773
0.977776
0.977779
0.977782
0.977784
0.977787
0.977790
0.977793
0.977795
0.977798
0.977801
0.977804
0.977806
0.977809
0.977812
0.977815
0.977817
0.977820
0.977823
0.977825
0.977828
0.977831
0.977833
0.977836
0.977839
0.977841
0.977844
0.977847
0.977849
0.977852
0.977855
0.977857
0.977860
0.977863
0.977865
0.977868
0.977871
0.977873
0.977876
0.977878
0.977881
0.977884
0.977886
0.977889
0.977891
0.977894
0.977896
0.977899
0.977902
0.977904
0.977907
0.977909
0.977912
0.977914
0.977917
0.977919
0.977922
0.977924
0.977927
0.977929
0.977932
0.977934
0.977937
0.977939
0.977942
0.977944
0.977947
0.977949
0.977952
0.977954
0.977956
0.977959
0.977961
0.977964
0.977966
0.977969
0.977971
0.977973
0.977976
0.977978
0.977981
0.977983
0.977985
0.977988
0.977990
0.977993
0.977995
0.977997
0.978000
0.978002
0.978004
0.978007
0.978009
0.978011
0.978014
0.978016
0.978018
0.978021
0.978023
0.978025
0.978028
0.978030
0.978032
0.978034
0.978037
0.978039
0.978041
0.978044
0.978046
0.978048
0.978050
0.978053
0.978055
0.978057
0.978059
0.978062
0.978064
0.978066
0.978068
0.978070
0.978073
0.978075
0.978077
0.978079
0.978081
0.978084
0.978086
0.978088
0.978090
0.978092
0.978094
0.978097
0.978099
0.978101
0.978103
0.978105
0.978107
0.978109
0.978112
0.978114
0.978116
0.978118
0.978120
0.978122
0.978124
0.978126
0.978128
0.978130
0.978132
0.978135
0.978137
0.978139
0.978141
0.978143
0.978145
0.978147
0.978149
0.978151
0.978153
0.978155
0.978157
0.978159
0.978161
0.978163
0.978165
0.978167
0.978169
0.978171
0.978173
0.978175
0.978177
0.978179
0.978181
0.978183
0.978185
0.978187
0.978189
0.978191
0.978193
0.978195
0.978196
0.978198
0.978200
0.978202
0.978204
0.978206
0.978208
0.978210
0.978212
0.978214
0.978216
0.978217
0.978219
0.978221
0.978223
0.978225
0.978227
0.978229
0.978230
0.978232
0.978234
0.978236
0.978238
0.978240
0.978241
0.978243
0.978245
0.978247
0.978249
0.978250
0.978252
0.978254
0.978256
0.978258
0.978259
0.978261
0.978263
0.978265
0.978266
0.978268
0.978270
0.978272
0.978273
0.978275
0.978277
0.978279
0.978280
0.978282
0.978284
0.978286
0.978287
0.978289
0.978291
0.978292
0.978294
0.978296
0.978297
0.978299
0.978301
0.978302
0.978304
0.978306
0.978307
0.978309
0.978311
0.978312
0.978314
0.978316
0.978317
0.978319
0.978320
0.978322
0.978324
0.978325
0.978327
0.978329
0.978330
0.978332
0.978333
0.978335
0.978336
0.978338
0.978340
0.978341
0.978343
0.978344
0.978346
0.978347
0.978349
0.978350
0.978352
0.978354
0.978355
0.978357
0.978358
0.978360
0.978361
0.978363
0.978364
0.978366
0.978367
0.978369
0.978370
0.978372
0.978373
0.978375
0.978376
0.978377
0.978379
0.978380
0.978382
0.978383
0.978385
0.978386
0.978388
0.978389
0.978390
0.978392
0.978393
0.978395
0.978396
0.978398
0.978399
0.978400
0.978402
0.978403
0.978404
0.978406
0.978407
0.978409
0.978410
0.978411
0.978413
0.978414
0.978415
0.978417
0.978418
0.978419
0.978421
0.978422
0.978423
0.978425
0.978426
0.978427
0.978429
0.978430
0.978431
0.978433
0.978434
0.978435
0.978437
0.978438
0.978439
0.978440
0.978442
0.978443
0.978444
0.978445
0.978447
0.978448
0.978449
0.978450
0.978452
0.978453
0.978454
0.978455
0.978457
0.978458
0.978459
0.978460
0.978461
0.978463
0.978464
0.978465
0.978466
0.978467
0.978469
0.978470
0.978471
0.978472
0.978473
0.978474
0.978476
0.978477
0.978478
0.978479
0.978480
0.978481
0.978482
0.978484
0.978485
0.978486
0.978487
0.978488
0.978489
0.978490
0.978491
0.978493
0.978494
0.978495
0.978496
0.978497
0.978498
0.978499
0.978500
0.978501
0.978502
0.978503
0.978504
0.978505
0.978506
0.978507
0.978509
0.978510
0.978511
0.978512
0.978513
0.978514
0.978515
0.978516
0.978517
0.978518
0.978519
0.978520
0.978521
0.978522
0.978523
0.978524
0.978525
0.978526
0.978527
0.978528
0.978528
0.978529
0.978530
0.978530
0.978531
0.978532
0.978533
0.978534
0.978535
0.978536
0.978537
0.978538
0.978539
0.978540
0.978541
0.978542
0.978543
0.978543
0.978544
0.978545
0.978546
0.978547
0.978548
0.978549
0.978550
0.978551
0.978551
0.978552
0.978553
0.978554
0.978555
0.978556
0.978557
0.978557
0.978558
0.978559
0.978560
0.978561
0.978562
0.978562
0.978563
0.978564
0.978565
0.978566
0.978566
0.978567
0.978568
0.978569
0.978570
0.978570
0.978571
0.978572
0.978573
0.978573
0.978574
0.978575
0.978576
0.978577
0.978577
0.978578
0.978579
0.978580
0.978580
0.978581
0.978582
0.978582
0.978583
0.978584
0.978585
0.978585
0.978586
0.978587
0.978587
0.978588
0.978589
0.978589
0.978590
0.978591
0.978592
0.978592
0.978593
0.978594
0.978594
0.978595
0.978596
0.978596
0.978597
0.978597
0.978598
0.978599
0.978599
0.978600
0.978601
0.978601
0.978602
0.978602
0.978603
0.978604
0.978604
0.978605
0.978606
0.978606
0.978607
0.978607
0.978608
0.978608
0.978609
0.978610
0.978610
0.978611
0.978611
0.978612
0.978612
0.978613
0.978614
0.978614
0.978615
0.978615
0.978616
0.978616
0.978617
0.978617
0.978618
0.978618
0.978619
0.978619
0.978620
0.978620
0.978621
0.978621
0.978622
0.978622
0.978623
0.978623
0.978624
0.978624
0.978625
0.978625
0.978626
0.978626
0.978627
0.978627
0.978627
0.978628
0.978628
0.978629
0.978629
0.978630
0.978630
0.978630
0.978631
0.978631
0.978632
0.978632
0.978633
0.978633
0.978633
0.978634
0.978634
0.978635
0.978635
0.978635
0.978636
0.978636
0.978636
0.978637
0.978637
0.978638
0.978638
0.978638
0.978639
0.978639
0.978639
0.978640
0.978640
0.978640
0.978641
0.978641
0.978641
0.978642
0.978642
0.978642
0.978643
0.978643
0.978643
0.978644
0.978644
0.978644
0.978644
0.978645
0.978645
0.978645
0.978646
0.978646
0.978646
0.978646
0.978647
0.978647
0.978647
0.978647
0.978648
0.978648
0.978648
0.978648
0.978649
0.978649
0.978649
0.978649
0.978650
0.978650
0.978650
0.978650
0.978650
0.978651
0.978651
0.978651
0.978651
0.978651
0.978652
0.978652
0.978652
0.978652
0.978652
0.978653
0.978653
0.978653
0.978653
0.978653
0.978653
0.978654
0.978654
0.978654
0.978654
0.978654
0.978654
0.978654
0.978655
0.978655
0.978655
0.978655
0.978655
0.978655
0.978655
0.978655
0.978656
0.978656
0.978656
0.978656
0.978656
0.978656
0.978656
0.978656
0.978656
0.978656
0.978656
0.978656
0.978657
0.978657
0.978657
0.978657
0.978657
0.978657
0.978657
0.978657
0.978657
0.978657
0.978657
0.978657
0.978657
0.978657
0.978657
0.978657
0.978657
0.978657
0.978657
0.978657
0.978657
0.978657
0.978657
0.978657
0.978657
0.978657
0.978657
0.978657
0.978657
0.978657
0.978657
0.978657
0.978657
0.978657
0.978657
0.978657
0.978657
0.978657
0.978657
0.978657
0.978657
0.978657
0.978657
0.978657
0.978656
0.978656
0.978656
0.978656
0.978656
0.978656
0.978656
0.978656
0.978656
0.978656
0.978656
0.978655
0.978655
0.978655
0.978655
0.978655
0.978655
0.978655
0.978655
0.978655
0.978654
0.978654
0.978654
0.978654
0.978654
0.978654
0.978654
0.978653
0.978653
0.978653
0.978653
0.978653
0.978653
0.978652
0.978652
0.978652
0.978652
0.978652
0.978651
0.978651
0.978651
0.978651
0.978651
0.978651
0.978650
0.978650
0.978650
0.978650
0.978649
0.978649
0.978649
0.978649
0.978649
0.978648
0.978648
0.978648
0.978648
0.978647
0.978647
0.978647
0.978647
0.978646
0.978646
0.978646
0.978646
0.978645
0.978645
0.978645
0.978644
0.978644
0.978644
0.978644
0.978643
0.978643
0.978643
0.978642
0.978642
0.978642
0.978642
0.978641
0.978641
0.978641
0.978640
0.978640
0.978640
0.978639
0.978639
0.978639
0.978638
0.978638
0.978638
0.978637
0.978637
0.978637
0.978636
0.978636
0.978635
0.978635
0.978635
0.978634
0.978634
0.978634
0.978633
0.978633
0.978632
0.978632
0.978632
0.978631
0.978631
0.978631
0.978630
0.978630
0.978629
0.978629
0.978628
0.978628
0.978628
0.978627
0.978627
0.978626
0.978626
0.978626
0.978625
0.978625
0.978624
0.978624
0.978623
0.978623
0.978622
0.978622
0.978622
0.978621
0.978621
0.978620
0.978620
0.978619
0.978619
0.978618
0.978618
0.978617
0.978617
0.978616
0.978616
0.978615
0.978615
0.978614
0.978614
0.978613
0.978613
0.978612
0.978612
0.978611
0.978611
0.978610
0.978610
0.978609
0.978609
0.978608
0.978608
0.978607
0.978606
0.978606
0.978605
0.978605
0.978604
0.978604
0.978603
0.978603
0.978602
0.978601
0.978601
0.978600
0.978600
0.978599
0.978599
0.978598
0.978597
0.978597
0.978596
0.978596
0.978595
0.978594
0.978594
0.978593
0.978593
0.978592
0.978591
0.978591
0.978590
0.978589
0.978589
0.978588
0.978588
0.978587
0.978586
0.978586
0.978585
0.978584
0.978584
0.978583
0.978583
0.978582
0.978582
0.978581
0.978580
0.978580
0.978579
0.978578
0.978578
0.978577
0.978576
0.978576
0.978575
0.978574
0.978574
0.978573
0.978572
0.978572
0.978571
0.978570
0.978569
0.978569
0.978568
0.978567
0.978567
0.978566
0.978565
0.978564
0.978564
0.978563
0.978562
0.978561
0.978561
0.978560
0.978559
0.978559
0.978558
0.978557
0.978556
0.978556
0.978555
0.978554
0.978553
0.978552
0.978552
0.978551
0.978550
0.978549
0.978549
0.978548
0.978547
0.978546
0.978545
0.978545
0.978544
0.978543
0.978542
0.978541
0.978541
0.978540
0.978539
0.978538
0.978537
0.978537
0.978536
0.978535
0.978534
0.978533
0.978532
0.978532
0.978531
0.978530
0.978529
0.978528
0.978527
0.978527
0.978526
0.978525
0.978524
0.978523
0.978522
0.978521
0.978520
0.978520
0.978519
0.978518
0.978517
0.978516
0.978515
0.978514
0.978513
0.978513
0.978512
0.978511
0.978510
0.978509
0.978508
0.978507
0.978506
0.978505
0.978504
0.978503
0.978503
0.978502
0.978501
0.978500
0.978499
0.978498
0.978497
0.978496
0.978495
0.978494
0.978493
0.978492
0.978491
0.978490
0.978489
0.978488
0.978487
0.978487
0.978486
0.978485
0.978484
0.978483
0.978482
0.978481
0.978480
0.978479
0.978478
0.978477
0.978476
0.978475
0.978474
0.978473
0.978472
0.978471
0.978470
0.978469
0.978468
0.978467
0.978466
0.978465
0.978464
0.978463
0.978462
0.978461
0.978460
0.978458
0.978457
0.978456
0.978455
0.978454
0.978453
0.978452
0.978451
0.978450
0.978449
0.978448
0.978447
0.978446
0.978445
0.978444
0.978443
0.978442
0.978441
0.978439
0.978438
0.978437
0.978436
0.978435
0.978434
0.978433
0.978432
0.978431
0.978430
0.978429
0.978427
0.978426
0.978425
0.978424
0.978423
0.978422
0.978421
0.978420
0.978419
0.978417
0.978416
0.978415
0.978414
0.978413
0.978412
0.978411
0.978409
0.978408
0.978407
0.978406
0.978405
0.978404
0.978403
0.978401
0.978400
0.978399
0.978398
0.978397
0.978396
0.978394
0.978393
0.978392
0.978391
0.978390
0.978388
0.978387
0.978386
0.978385
0.978384
0.978382
0.978381
0.978380
0.978379
0.978378
0.978376
0.978375
0.978374
0.978373
0.978372
0.978370
0.978369
0.978368
0.978367
0.978365
0.978364
0.978363
0.978362
0.978360
0.978359
0.978358
0.978357
0.978355
0.978354
0.978353
0.978352
0.978350
0.978349
0.978348
0.978347
0.978345
0.978344
0.978343
0.978342
0.978340
0.978339
0.978338
0.978336
0.978335
0.978334
0.978333
0.978331
0.978330
0.978329
0.978327
0.978326
0.978325
0.978323
0.978322
0.978321
0.978320
0.978318
0.978317
0.978316
0.978314
0.978313
0.978312
0.978310
0.978309
0.978308
0.978306
0.978305
0.978304
0.978302
0.978301
0.978300
0.978298
0.978297
0.978295
0.978294
0.978293
0.978291
0.978290
0.978289
0.978287
0.978286
0.978285
0.978283
0.978282
0.978280
0.978279
0.978278
0.978276
0.978275
0.978273
0.978272
0.978271
0.978269
0.978268
0.978266
0.978265
0.978264
0.978262
0.978261
0.978259
0.978258
0.978257
0.978255
0.978254
0.978252
0.978251
0.978249
0.978248
0.978247
0.978245
0.978244
0.978242
0.978241
0.978239
0.978238
0.978237
0.978235
0.978234
0.978232
0.978231
0.978229
0.978228
0.978226
0.978225
0.978223
0.978222
0.978220
0.978219
0.978217
0.978216
0.978215
0.978213
0.978212
0.978210
0.978209
0.978207
0.978206
0.978204
0.978203
0.978201
0.978200
0.978198
0.978197
0.978195
0.978194
0.978192
0.978190
0.978189
0.978187
0.978186
0.978184
0.978183
0.978181
0.978180
0.978178
0.978177
0.978175
0.978174
0.978172
0.978171
0.978169
0.978167
0.978166
0.978164
0.978163
0.978161
0.978160
0.978158
0.978157
0.978155
0.978153
0.978152
0.978150
0.978149
0.978147
0.978146
0.978144
0.978142
0.978141
0.978139
0.978138
0.978136
0.978134
0.978133
0.978131
0.978130
0.978128
0.978126
0.978125
0.978123
0.978122
0.978120
0.978118
0.978117
0.978115
0.978114
0.978112
0.978110
0.978109
0.978107
0.978105
0.978104
0.978102
0.978101
0.978099
0.978097
0.978096
0.978094
0.978092
0.978091
0.978089
0.978087
0.978086
0.978084
0.978082
0.978081
0.978079
0.978077
0.978076
0.978074
0.978072
0.978071
0.978069
0.978067
0.978066
0.978064
0.978062
0.978061
0.978059
0.978057
0.978056
0.978054
0.978052
0.978050
0.978049
0.978047
0.978045
0.978044
0.978042
0.978040
0.978038
0.978037
0.978035
0.978033
0.978032
0.978030
0.978028
0.978026
0.978025
0.978023
0.978021
0.978019
0.978018
0.978016
0.978014
0.978013
0.978011
0.978009
0.978007
0.978006
0.978004
0.978002
0.978000
0.977998
0.977997
0.977995
0.977993
0.977991
0.977990
0.977988
0.977986
0.977984
0.977983
0.977981
0.977979
0.977977
0.977975
0.977974
0.977972
0.977970
0.977968
0.977966
0.977965
0.977963
0.977961
0.977959
0.977957
0.977956
0.977954
0.977952
0.977952
