-0.822945
-0.829347
-0.830662
-0.832858
-0.836333
-0.840239
-0.844098
-0.847789
-0.851326
-0.854742
-0.858056
-0.861270
-0.864373
-0.867343
-0.870151
-0.872767
-0.875160
-0.877300
-0.879162
-0.880725
-0.881978
-0.882919
-0.883559
-0.883927
-0.884071
-0.884057
-0.883971
-0.883912
-0.883985
-0.884286
-0.884892
-0.885847
-0.887154
-0.888767
-0.890601
-0.892537
-0.894445
-0.896197
-0.897692
-0.898856
-0.899646
-0.900048
-0.900071
-0.899736
-0.899073
-0.898112
-0.896883
-0.895405
-0.893693
-0.891758
-0.889612
-0.887276
-0.884778
-0.882150
-0.879426
-0.876639
-0.873828
-0.871035
-0.868314
-0.865733
-0.863382
-0.861376
-0.859838
-0.858856
-0.858436
-0.858483
-0.858847
-0.859371
-0.859935
-0.860467
-0.860932
-0.861327
-0.861660
-0.861945
-0.862199
-0.862435
-0.862664
-0.862897
-0.863138
-0.863394
-0.863666
-0.863957
-0.864266
-0.864593
-0.864938
-0.865298
-0.865671
-0.866057
-0.866451
-0.866853
-0.867260
-0.867669
-0.868078
-0.868486
-0.868890
-0.869289
-0.869681
-0.870065
-0.870438
-0.870801
-0.871151
-0.871488
-0.871811
-0.872119
-0.872411
-0.872688
-0.872950
-0.873195
-0.873424
-0.873637
-0.873834
-0.874015
-0.874180
-0.874328
-0.874461
-0.874579
-0.874681
-0.874769
-0.874842
-0.874901
-0.874944
-0.874979
-0.875011
-0.875016
-0.875003
-0.874993
-0.874943
-0.874898
-0.874890
-0.874857
-0.874795
-0.874742
-0.874701
-0.874678
-0.874680
-0.874720
-0.874804
-0.874939
-0.875130
-0.875373
-0.875664
-0.875993
-0.876346
-0.876711
-0.877076
-0.877429
-0.877762
-0.878067
-0.878340
-0.878575
-0.878772
-0.878929
-0.879045
-0.879121
-0.879157
-0.879154
-0.879115
-0.879039
-0.878929
-0.878786
-0.878612
-0.878410
-0.878179
-0.877922
-0.877641
-0.877337
-0.877011
-0.876666
-0.876303
-0.875922
-0.875526
-0.875116
-0.874692
-0.874256
-0.873809
-0.873351
-0.872884
-0.872408
-0.871925
-0.871433
-0.870934
-0.870429
-0.869917
-0.869400
-0.868877
-0.868350
-0.867818
-0.867281
-0.866740
-0.866196
-0.865647
-0.865095
-0.864541
-0.863985
-0.863428
-0.862871
-0.862315
-0.861761
-0.861210
-0.860662
-0.860120
-0.859583
-0.859053
-0.858530
-0.858015
-0.857509
-0.857016
-0.856536
-0.856072
-0.855624
-0.855193
-0.854781
-0.854387
-0.854012
-0.853657
-0.853323
-0.853011
-0.852720
-0.852449
-0.852199
-0.851973
-0.851774
-0.851606
-0.851464
-0.851345
-0.851244
-0.851161
-0.851095
-0.851045
-0.851012
-0.850994
-0.850992
-0.851006
-0.851036
-0.851080
-0.851140
-0.851215
-0.851304
-0.851408
-0.851526
-0.851658
-0.851803
-0.851962
-0.852134
-0.852298
-0.852499
-0.852711
-0.852934
-0.853071
-0.853324
-0.853622
-0.853829
-0.854085
-0.854336
-0.854608
-0.854903
-0.855212
-0.855535
-0.855868
-0.856215
-0.856572
-0.856942
-0.857322
-0.857713
-0.858113
-0.858523
-0.858940
-0.859365
-0.859797
-0.860235
-0.860679
-0.861129
-0.861585
-0.862045
-0.862511
-0.862983
-0.863461
-0.863944
-0.864435
-0.864933
-0.865439
-0.865952
-0.866471
-0.866995
-0.867523
-0.868052
-0.868581
-0.869108
-0.869633
-0.870154
-0.870670
-0.871181
-0.871685
-0.872183
-0.872674
-0.873158
-0.873633
-0.874098
-0.874553
-0.874996
-0.874996
-0.875423
-0.875834
-0.876226
-0.876598
-0.876948
-0.877273
-0.877573
-0.877842
-0.878080
-0.878282
-0.878447
-0.878575
-0.878669
-0.878733
-0.878773
-0.878792
-0.878795
-0.878787
-0.878769
-0.878744
-0.878716
-0.878685
-0.878654
-0.878624
-0.878595
-0.878567
-0.878541
-0.878514
-0.878486
-0.878455
-0.878421
-0.878378
-0.878329
-0.878265
-0.878196
-0.878104
-0.878010
-0.877882
-0.877761
-0.877591
-0.877441
-0.877226
-0.877044
-0.876780
-0.876559
-0.876245
-0.875975
-0.875601
-0.875265
-0.874826
-0.874415
-0.873901
-0.873405
-0.872784
-0.872196
-0.871462
-0.870803
-0.869977
-0.869270
-0.868361
-0.867617
-0.866623
-0.865847
-0.864771
-0.863964
-0.862825
-0.861985
-0.860805
-0.859927
-0.858732
-0.857812
-0.856624
-0.855660
-0.854503
-0.853497
-0.852382
-0.851355
-0.850286
-0.849274
-0.848262
-0.847295
-0.846341
-0.845425
-0.844523
-0.843661
-0.842808
-0.842004
-0.841199
-0.840455
-0.839691
-0.839010
-0.838279
-0.837658
-0.836956
-0.836388
-0.835720
-0.835196
-0.834577
-0.834087
-0.833529
-0.833066
-0.832569
-0.832132
-0.831691
-0.831284
-0.830892
-0.830523
-0.830178
-0.829851
-0.829550
-0.829269
-0.829012
-0.828776
-0.828564
-0.828374
-0.828207
-0.828063
-0.827942
-0.827845
-0.827771
-0.827721
-0.827694
-0.827689
-0.827708
-0.827748
-0.827809
-0.827891
-0.827993
-0.828114
-0.828254
-0.828411
-0.828585
-0.828775
-0.828980
-0.829200
-0.829434
-0.829680
-0.829939
-0.830209
-0.830490
-0.830781
-0.831082
-0.831392
-0.831711
-0.832039
-0.832374
-0.832718
-0.833070
-0.833430
-0.833797
-0.834173
-0.834558
-0.834951
-0.835353
-0.835765
-0.836187
-0.836619
-0.837061
-0.837515
-0.837981
-0.838458
-0.838948
-0.839450
-0.839965
-0.840493
-0.841034
-0.841587
-0.842153
-0.842733
-0.843325
-0.843929
-0.844547
-0.845177
-0.845819
-0.846473
-0.847139
-0.847818
-0.848508
-0.849209
-0.849922
-0.850647
-0.851382
-0.852129
-0.852887
-0.853656
-0.854435
-0.855225
-0.856026
-0.856838
-0.857660
-0.858492
-0.859335
-0.860188
-0.861051
-0.861924
-0.862807
-0.863700
-0.864603
-0.865515
-0.866437
-0.867369
-0.868310
-0.869260
-0.870219
-0.871187
-0.872165
-0.873151
-0.874146
-0.875151
-0.876164
-0.877185
-0.878216
-0.879255
-0.880303
-0.881359
-0.882424
-0.883497
-0.884578
-0.885668
-0.886766
-0.887872
-0.888986
-0.890108
-0.891237
-0.892373
-0.893515
-0.894664
-0.895818
-0.896977
-0.898141
-0.899307
-0.900477
-0.901647
-0.902819
-0.903990
-0.905159
-0.906326
-0.907489
-0.908648
-0.909802
-0.910950
-0.912092
-0.913227
-0.914356
-0.915479
-0.916596
-0.917708
-0.918816
-0.919920
-0.921023
-0.922128
-0.923241
-0.924380
-0.925591
-0.926975
-0.928289
-0.929218
-0.930246
-0.931379
-0.932499
-0.933600
-0.934691
-0.935771
-0.936841
-0.937901
-0.938954
-0.939998
-0.941036
-0.942068
-0.943094
-0.944113
-0.945128
-0.946138
-0.947143
-0.948145
-0.949143
-0.950139
-0.951133
-0.952126
-0.953118
-0.954111
-0.955105
-0.956101
-0.957101
-0.958104
-0.959113
-0.960127
-0.961146
-0.962172
-0.963203
-0.964239
-0.965281
-0.966327
-0.967378
-0.968431
-0.969487
-0.970545
-0.971605
-0.972665
-0.972665
-0.973725
-0.974785
-0.975844
-0.976902
-0.977957
-0.979010
-0.980060
-0.981106
-0.982149
-0.983188
-0.984222
-0.985251
-0.986274
-0.987292
-0.988304
-0.989310
-0.990309
-0.991302
-0.992287
-0.993265
-0.994235
-0.995198
-0.996153
-0.997100
-0.998040
-0.998971
-0.999893
-1.000808
-1.001714
-1.002612
-1.003502
-1.004384
-1.005257
-1.006123
-1.006980
-1.007830
-1.008672
-1.009506
-1.010333
-1.011152
-1.011964
-1.012769
-1.013567
-1.014358
-1.015142
-1.015919
-1.016690
-1.017455
-1.018212
-1.018964
-1.019709
-1.020448
-1.021180
-1.021907
-1.022627
-1.023340
-1.024048
-1.024749
-1.025444
-1.026132
-1.026815
-1.027491
-1.028161
-1.028824
-1.029481
-1.030132
-1.030776
-1.031415
-1.032047
-1.032672
-1.033292
-1.033905
-1.034512
-1.035113
-1.035707
-1.036296
-1.036878
-1.037455
-1.038025
-1.038590
-1.039149
-1.039702
-1.040249
-1.040791
-1.041327
-1.041857
-1.042382
-1.042902
-1.043416
-1.043924
-1.044428
-1.044926
-1.045420
-1.045908
-1.046391
-1.046869
-1.047342
-1.047811
-1.048274
-1.048733
-1.049187
-1.049636
-1.050081
-1.050521
-1.050956
-1.051387
-1.051814
-1.052236
-1.052653
-1.053067
-1.053475
-1.053880
-1.054280
-1.054676
-1.055067
-1.055455
-1.055838
-1.056217
-1.056592
-1.056962
-1.057329
-1.057691
-1.058050
-1.058404
-1.058754
-1.059101
-1.059443
-1.059781
-1.060116
-1.060446
-1.060773
-1.061096
-1.061415
-1.061730
-1.062042
-1.062349
-1.062653
-1.062953
-1.063250
-1.063543
-1.063832
-1.064118
-1.064400
-1.064678
-1.064953
-1.065225
-1.065493
-1.065757
-1.066019
-1.066276
-1.066531
-1.066781
-1.067029
-1.067273
-1.067514
-1.067752
-1.067986
-1.068218
-1.068446
-1.068670
-1.068892
-1.069110
-1.069326
-1.069538
-1.069747
-1.069953
-1.070156
-1.070356
-1.070553
-1.070747
-1.070938
-1.071126
-1.071311
-1.071493
-1.071672
-1.071848
-1.072021
-1.072191
-1.072359
-1.072523
-1.072685
-1.072844
-1.073000
-1.073154
-1.073304
-1.073452
-1.073597
-1.073740
-1.073879
-1.074016
-1.074151
-1.074283
-1.074412
-1.074538
-1.074662
-1.074784
-1.074903
-1.075019
-1.075133
-1.075245
-1.075354
-1.075461
-1.075566
-1.075668
-1.075768
-1.075865
-1.075961
-1.076054
-1.076145
-1.076234
-1.076320
-1.076405
-1.076487
-1.076567
-1.076645
-1.076721
-1.076796
-1.076868
-1.076938
-1.077006
-1.077072
-1.077137
-1.077199
-1.077260
-1.077318
-1.077375
-1.077431
-1.077484
-1.077536
-1.077586
-1.077634
-1.077681
-1.077726
-1.077768
-1.077809
-1.077846
-1.077880
-1.077910
-1.077936
-1.077958
-1.077976
-1.077990
-1.078000
-1.078007
-1.078010
-1.078011
-1.078009
-1.078005
-1.077997
-1.077988
-1.077976
-1.077962
-1.077945
-1.077927
-1.077908
-1.077886
-1.077863
-1.077838
-1.077812
-1.077785
-1.077756
-1.077726
-1.077695
-1.077664
-1.077631
-1.077597
-1.077563
-1.077528
-1.077493
-1.077456
-1.077419
-1.077382
-1.077343
-1.077304
-1.077265
-1.077225
-1.077184
-1.077142
-1.077100
-1.077057
-1.077013
