0.294623
0.287534
0.285935
0.285515
0.285403
0.285448
0.285614
0.285879
0.286234
0.286671
0.287185
0.287767
0.288403
0.289075
0.289759
0.290428
0.291048
0.291581
0.291986
0.292218
0.292231
0.291984
0.291436
0.290561
0.289341
0.287778
0.285889
0.283712
0.281297
0.278704
0.275998
0.273244
0.270504
0.267832
0.265278
0.262878
0.260658
0.258634
0.256809
0.255180
0.253736
0.252463
0.251343
0.250359
0.249494
0.248734
0.248067
0.247483
0.246981
0.246559
0.246218
0.245959
0.245779
0.245671
0.245627
0.245639
0.245692
0.245769
0.245843
0.245876
0.245817
0.245595
0.245122
0.244319
0.243141
0.241593
0.239730
0.237636
0.235397
0.233090
0.230769
0.228472
0.226220
0.224025
0.221893
0.219824
0.217816
0.215869
0.213977
0.212138
0.210350
0.208608
0.206912
0.205258
0.203645
0.202070
0.200533
0.199032
0.197566
0.196133
0.194733
0.193364
0.192025
0.190715
0.189433
0.188178
0.186949
0.185745
0.184564
0.183406
0.182269
0.181152
0.180056
0.178978
0.177919
0.176876
0.175849
0.174837
0.173839
0.172854
0.171880
0.170917
0.169964
0.169020
0.168084
0.167155
0.166232
0.165316
0.164405
0.163499
0.162594
0.161700
0.160839
0.159968
0.159078
0.158229
0.157341
0.156461
0.155650
0.154831
0.153988
0.153161
0.152350
0.151554
0.150777
0.150021
0.149290
0.148589
0.147920
0.147287
0.146695
0.146143
0.145634
0.145166
0.144737
0.144345
0.143987
0.143660
0.143361
0.143086
0.142833
0.142599
0.142381
0.142176
0.141983
0.141800
0.141623
0.141452
0.141285
0.141120
0.140955
0.140787
0.140615
0.140436
0.140248
0.140050
0.139839
0.139614
0.139373
0.139114
0.138838
0.138542
0.138225
0.137886
0.137526
0.137143
0.136738
0.136311
0.135862
0.135392
0.134900
0.134388
0.133857
0.133309
0.132744
0.132166
0.131575
0.130973
0.130360
0.129739
0.129109
0.128474
0.127834
0.127194
0.126553
0.125916
0.125284
0.124659
0.124042
0.123437
0.122841
0.122256
0.121678
0.121104
0.120534
0.119966
0.119406
0.118858
0.118328
0.117820
0.117340
0.116893
0.116477
0.116077
0.115678
0.115284
0.114904
0.114545
0.114205
0.113875
0.113538
0.113174
0.112777
0.112360
0.111939
0.111522
0.111113
0.110712
0.110318
0.109931
0.109549
0.109173
0.108802
0.108435
0.108072
0.107713
0.107357
0.107005
0.106656
0.106309
0.105966
0.105625
0.105286
0.104947
0.104645
0.104321
0.103934
0.103605
0.103466
0.103190
0.102815
0.102541
0.102209
0.101849
0.101537
0.101223
0.100894
0.100555
0.100206
0.099851
0.099489
0.099122
0.098750
0.098374
0.097994
0.097612
0.097227
0.096840
0.096452
0.096063
0.095673
0.095282
0.094891
0.094498
0.094104
0.093708
0.093309
0.092907
0.092500
0.092087
0.091669
0.091245
0.090816
0.090383
0.089949
0.089515
0.089082
0.088651
0.088224
0.087802
0.087385
0.086972
0.086565
0.086163
0.085766
0.085374
0.084986
0.084603
0.084226
0.083856
0.083856
0.083494
0.083141
0.082799
0.082468
0.082149
0.081841
0.081546
0.081265
0.081001
0.080755
0.080529
0.080326
0.080144
0.079982
0.079837
0.079707
0.079591
0.079487
0.079393
0.079310
0.079236
0.079171
0.079114
0.079064
0.079020
0.078982
0.078950
0.078922
0.078899
0.078881
0.078867
0.078857
0.078849
0.078846
0.078843
0.078847
0.078847
0.078855
0.078858
0.078870
0.078874
0.078889
0.078893
0.078911
0.078916
0.078934
0.078941
0.078960
0.078972
0.078993
0.079010
0.079036
0.079058
0.079092
0.079119
0.079160
0.079189
0.079232
0.079259
0.079303
0.079327
0.079369
0.079391
0.079429
0.079447
0.079478
0.079493
0.079517
0.079530
0.079549
0.079561
0.079576
0.079588
0.079600
0.079614
0.079625
0.079640
0.079654
0.079669
0.079682
0.079694
0.079704
0.079713
0.079721
0.079726
0.079731
0.079732
0.079733
0.079727
0.079724
0.079712
0.079706
0.079689
0.079681
0.079662
0.079652
0.079633
0.079618
0.079601
0.079580
0.079564
0.079541
0.079524
0.079501
0.079485
0.079463
0.079447
0.079428
0.079412
0.079395
0.079381
0.079367
0.079354
0.079343
0.079332
0.079323
0.079315
0.079308
0.079302
0.079297
0.079292
0.079288
0.079285
0.079282
0.079280
0.079278
0.079276
0.079275
0.079275
0.079275
0.079276
0.079277
0.079279
0.079282
0.079286
0.079290
0.079295
0.079301
0.079307
0.079315
0.079323
0.079333
0.079343
0.079354
0.079365
0.079378
0.079390
0.079404
0.079418
0.079432
0.079446
0.079460
0.079474
0.079487
0.079499
0.079511
0.079521
0.079529
0.079537
0.079542
0.079545
0.079546
0.079545
0.079541
0.079536
0.079527
0.079517
0.079505
0.079490
0.079474
0.079455
0.079435
0.079414
0.079391
0.079367
0.079341
0.079315
0.079288
0.079261
0.079233
0.079205
0.079176
0.079148
0.079120
0.079091
0.079063
0.079035
0.079008
0.078981
0.078954
0.078928
0.078902
0.078877
0.078852
0.078828
0.078804
0.078781
0.078759
0.078737
0.078715
0.078694
0.078674
0.078654
0.078635
0.078616
0.078598
0.078580
0.078562
0.078545
0.078528
0.078512
0.078495
0.078479
0.078462
0.078446
0.078430
0.078413
0.078396
0.078378
0.078360
0.078341
0.078322
0.078301
0.078280
0.078258
0.078234
0.078209
0.078182
0.078154
0.078125
0.078094
0.078061
0.078027
0.077991
0.077953
0.077913
0.077872
0.077830
0.077786
0.077740
0.077693
0.077645
0.077595
0.077545
0.077494
0.077442
0.077389
0.077335
0.077280
0.077224
0.077167
0.077105
0.077034
0.076940
0.076790
0.076655
0.076643
0.076628
0.076574
0.076516
0.076462
0.076411
0.076362
0.076316
0.076273
0.076233
0.076196
0.076161
0.076130
0.076100
0.076073
0.076049
0.076026
0.076006
0.075987
0.075969
0.075953
0.075937
0.075922
0.075907
0.075891
0.075875
0.075858
0.075839
0.075818
0.075794
0.075767
0.075737
0.075704
0.075667
0.075627
0.075584
0.075537
0.075487
0.075435
0.075379
0.075321
0.075260
0.075198
0.075198
0.075133
0.075066
0.074998
0.074928
0.074857
0.074784
0.074711
0.074636
0.074560
0.074484
0.074407
0.074329
0.074251
0.074172
0.074093
0.074013
0.073933
0.073853
0.073773
0.073693
0.073613
0.073533
0.073452
0.073372
0.073292
0.073212
0.073132
0.073052
0.072972
0.072892
0.072812
0.072732
0.072652
0.072572
0.072492
0.072412
0.072331
0.072250
0.072169
0.072088
0.072006
0.071923
0.071840
0.071757
0.071673
0.071588
0.071503
0.071416
0.071330
0.071242
0.071153
0.071064
0.070974
0.070884
0.070792
0.070700
0.070607
0.070514
0.070420
0.070325
0.070229
0.070133
0.070036
0.069939
0.069842
0.069744
0.069645
0.069546
0.069447
0.069347
0.069247
0.069147
0.069047
0.068946
0.068845
0.068744
0.068642
0.068541
0.068439
0.068337
0.068235
0.068133
0.068031
0.067928
0.067826
0.067723
0.067621
0.067518
0.067415
0.067312
0.067209
0.067105
0.067002
0.066899
0.066795
0.066692
0.066588
0.066484
0.066380
0.066276
0.066172
0.066068
0.065964
0.065860
0.065756
0.065651
0.065547
0.065443
0.065338
0.065234
0.065129
0.065025
0.064920
0.064816
0.064712
0.064607
0.064503
0.064399
0.064294
0.064190
0.064086
0.063982
0.063878
0.063775
0.063671
0.063568
0.063464
0.063361
0.063258
0.063155
0.063053
0.062950
0.062848
0.062746
0.062644
0.062542
0.062441
0.062340
0.062239
0.062138
0.062038
0.061938
0.061838
0.061738
0.061639
0.061540
0.061441
0.061343
0.061245
0.061147
0.061049
0.060952
0.060855
0.060759
0.060662
0.060566
0.060471
0.060375
0.060280
0.060186
0.060091
0.059998
0.059904
0.059811
0.059718
0.059625
0.059533
0.059442
0.059350
0.059259
0.059169
0.059079
0.058989
0.058900
0.058811
0.058722
0.058634
0.058547
0.058460
0.058373
0.058287
0.058201
0.058116
0.058031
0.057947
0.057863
0.057779
0.057696
0.057614
0.057532
0.057450
0.057369
0.057289
0.057209
0.057129
0.057050
0.056971
0.056893
0.056816
0.056738
0.056662
0.056585
0.056510
0.056434
0.056359
0.056285
0.056211
0.056137
0.056064
0.055992
0.055920
0.055848
0.055777
0.055706
0.055635
0.055565
0.055496
0.055427
0.055358
0.055290
0.055222
0.055155
0.055088
0.055021
0.054955
0.054889
0.054824
0.054759
0.054695
0.054631
0.054567
0.054504
0.054442
0.054380
0.054320
0.054260
0.054202
0.054145
0.054091
0.054038
0.053988
0.053939
0.053892
0.053846
0.053802
0.053759
0.053717
0.053676
0.053637
0.053598
0.053560
0.053524
0.053488
0.053453
0.053418
0.053384
0.053351
0.053318
0.053286
0.053253
0.053221
0.053190
0.053158
0.053126
0.053094
0.053062
0.053030
0.052997
0.052964
0.052930
0.052896
0.052862
0.052827
0.052792
0.052756
0.052720
0.052684
0.052647
0.052609
0.052572
0.052534
