0.977823
0.977818
0.977237
0.973993
0.969650
0.965443
0.961768
0.958621
0.955898
0.953497
0.951348
0.949405
0.947646
0.946059
0.944645
0.943409
0.942359
0.941507
0.940863
0.940439
0.940242
0.940275
0.940533
0.941000
0.941649
0.942434
0.943294
0.944153
0.944925
0.945522
0.945865
0.945897
0.945596
0.944984
0.944128
0.943132
0.942114
0.941195
0.940474
0.940024
0.939890
0.940088
0.940615
0.941454
0.942580
0.943964
0.945581
0.947412
0.949443
0.951659
0.954045
0.956579
0.959230
0.961960
0.964732
0.967505
0.970235
0.972871
0.975349
0.977593
0.979500
0.980941
0.981778
0.981903
0.981302
0.980065
0.978359
0.976373
0.974267
0.972154
0.970103
0.968145
0.966290
0.964535
0.962871
0.961285
0.959767
0.958307
0.956895
0.955524
0.954188
0.952884
0.951608
0.950358
0.949133
0.947931
0.946753
0.945598
0.944467
0.943360
0.942278
0.941222
0.940191
0.939187
0.938210
0.937261
0.936339
0.935446
0.934581
0.933744
0.932937
0.932157
0.931407
0.930685
0.929992
0.929326
0.928689
0.928079
0.927495
0.926939
0.926409
0.925905
0.925426
0.924972
0.924543
0.924138
0.923757
0.923398
0.923060
0.922744
0.922449
0.922169
0.921899
0.921662
0.921461
0.921252
0.921092
0.920935
0.920731
0.920560
0.920437
0.920313
0.920181
0.920037
0.919870
0.919666
0.919412
0.919100
0.918719
0.918266
0.917743
0.917158
0.916519
0.915840
0.915133
0.914410
0.913681
0.912956
0.912240
0.911541
0.910862
0.910206
0.909575
0.908972
0.908396
0.907849
0.907330
0.906840
0.906378
0.905943
0.905536
0.905155
0.904800
0.904470
0.904164
0.903882
0.903622
0.903383
0.903165
0.902966
0.902786
0.902625
0.902480
0.902351
0.902238
0.902140
0.902056
0.901985
0.901926
0.901880
0.901846
0.901823
0.901810
0.901807
0.901813
0.901829
0.901853
0.901885
0.901924
0.901971
0.902025
0.902084
0.902148
0.902218
0.902290
0.902365
0.902442
0.902520
0.902598
0.902674
0.902749
0.902820
0.902889
0.902953
0.903013
0.903067
0.903113
0.903151
0.903179
0.903198
0.903207
0.903206
0.903195
0.903174
0.903143
0.903102
0.903052
0.902994
0.902928
0.902854
0.902774
0.902684
0.902584
0.902477
0.902363
0.902246
0.902124
0.901999
0.901870
0.901736
0.901599
0.901457
0.901310
0.901159
0.901003
0.900842
0.900676
0.900504
0.900328
0.900147
0.899960
0.899768
0.899572
0.899370
0.899182
0.898966
0.898746
0.898527
0.898382
0.898158
0.897897
0.897696
0.897476
0.897253
0.897042
0.896815
0.896571
0.896312
0.896044
0.895767
0.895483
0.895192
0.894895
0.894593
0.894285
0.893973
0.893656
0.893336
0.893013
0.892686
0.892357
0.892026
0.891692
0.891356
0.891018
0.890677
0.890334
0.889989
0.889639
0.889287
0.888930
0.888570
0.888207
0.887841
0.887473
0.887104
0.886736
0.886367
0.886001
0.885636
0.885274
0.884915
0.884558
0.884206
0.883856
0.883511
0.883170
0.882833
0.882502
0.882177
0.882177
0.881860
0.881551
0.881252
0.880964
0.880688
0.880424
0.880174
0.879941
0.879727
0.879534
0.879365
0.879219
0.879095
0.878990
0.878902
0.878826
0.878761
0.878705
0.878655
0.878612
0.878574
0.878542
0.878516
0.878497
0.878486
0.878483
0.878491
0.878513
0.878549
0.878602
0.878675
0.878770
0.878886
0.879029
0.879195
0.879393
0.879612
0.879867
0.880139
0.880453
0.880777
0.881150
0.881526
0.881953
0.882382
0.882860
0.883343
0.883874
0.884413
0.884991
0.885581
0.886203
0.886835
0.887507
0.888175
0.888890
0.889570
0.890306
0.890978
0.891724
0.892378
0.893134
0.893770
0.894534
0.895155
0.895921
0.896532
0.897295
0.897908
0.898664
0.899289
0.900036
0.900683
0.901413
0.902085
0.902798
0.903483
0.904178
0.904851
0.905515
0.906154
0.906779
0.907380
0.907967
0.908527
0.909075
0.909587
0.910094
0.910556
0.911023
0.911433
0.911865
0.912228
0.912627
0.912951
0.913315
0.913609
0.913927
0.914197
0.914466
0.914711
0.914938
0.915158
0.915352
0.915547
0.915713
0.915880
0.916023
0.916160
0.916280
0.916391
0.916488
0.916574
0.916648
0.916711
0.916762
0.916802
0.916831
0.916848
0.916853
0.916847
0.916829
0.916801
0.916761
0.916711
0.916650
0.916580
0.916501
0.916412
0.916316
0.916211
0.916099
0.915981
0.915856
0.915725
0.915589
0.915447
0.915302
0.915152
0.914998
0.914841
0.914680
0.914517
0.914350
0.914181
0.914009
0.913835
0.913658
0.913478
0.913295
0.913108
0.912919
0.912725
0.912527
0.912324
0.912116
0.911903
0.911683
0.911456
0.911223
0.910982
0.910734
0.910478
0.910214
0.909942
0.909661
0.909373
0.909077
0.908773
0.908462
0.908143
0.907818
0.907485
0.907146
0.906801
0.906450
0.906094
0.905732
0.905365
0.904993
0.904618
0.904237
0.903853
0.903466
0.903075
0.902680
0.902282
0.901881
0.901477
0.901071
0.900661
0.900249
0.899834
0.899417
0.898997
0.898574
0.898150
0.897722
0.897293
0.896861
0.896426
0.895989
0.895550
0.895108
0.894664
0.894217
0.893768
0.893315
0.892861
0.892403
0.891942
0.891478
0.891011
0.890540
0.890066
0.889588
0.889106
0.888620
0.888130
0.887636
0.887136
0.886632
0.886124
0.885610
0.885091
0.884566
0.884037
0.883502
0.882962
0.882418
0.881868
0.881314
0.880755
0.880193
0.879627
0.879058
0.878487
0.877913
0.877338
0.876762
0.876185
0.875607
0.875030
0.874453
0.873877
0.873302
0.872726
0.872152
0.871576
0.870999
0.870418
0.869826
0.869208
0.868517
0.867652
0.866843
0.866410
0.865918
0.865338
0.864758
0.864190
0.863630
0.863079
0.862538
0.862006
0.861482
0.860967
0.860459
0.859958
0.859464
0.858976
0.858493
0.858015
0.857541
0.857071
0.856603
0.856138
0.855673
0.855209
0.854744
0.854277
0.853807
0.853332
0.852853
0.852367
0.851874
0.851373
0.850863
0.850345
0.849819
0.849284
0.848741
0.848191
0.847634
0.847070
0.846501
0.845927
0.845349
0.844766
0.844766
0.844181
0.843593
0.843003
0.842411
0.841818
0.841224
0.840630
0.840036
0.839442
0.838850
0.838258
0.837668
0.837080
0.836494
0.835910
0.835329
0.834751
0.834176
0.833605
0.833036
0.832472
0.831911
0.831354
0.830801
0.830253
0.829708
0.829168
0.828631
0.828099
0.827572
0.827048
0.826529
0.826013
0.825502
0.824994
0.824490
0.823990
0.823494
0.823001
0.822512
0.822026
0.821543
0.821064
0.820587
0.820114
0.819644
0.819176
0.818712
0.818250
0.817792
0.817336
0.816883
0.816433
0.815987
0.815543
0.815102
0.814665
0.814231
0.813800
0.813373
0.812949
0.812529
0.812112
0.811699
0.811290
0.810884
0.810482
0.810084
0.809690
0.809300
0.808913
0.808531
0.808152
0.807778
0.807407
0.807041
0.806678
0.806319
0.805965
0.805614
0.805267
0.804923
0.804584
0.804248
0.803917
0.803589
0.803264
0.802943
0.802626
0.802312
0.802002
0.801696
0.801392
0.801093
0.800796
0.800503
0.800213
0.799927
0.799644
0.799364
0.799087
0.798813
0.798542
0.798275
0.798011
0.797749
0.797491
0.797236
0.796983
0.796734
0.796488
0.796244
0.796004
0.795766
0.795532
0.795300
0.795071
0.794845
0.794621
0.794401
0.794183
0.793968
0.793756
0.793547
0.793340
0.793137
0.792935
0.792737
0.792541
0.792348
0.792157
0.791969
0.791784
0.791601
0.791421
0.791243
0.791068
0.790896
0.790725
0.790558
0.790393
0.790230
0.790069
0.789911
0.789756
0.789602
0.789452
0.789303
0.789157
0.789013
0.788871
0.788731
0.788594
0.788459
0.788326
0.788195
0.788067
0.787940
0.787816
0.787694
0.787574
0.787456
0.787340
0.787227
0.787115
0.787005
0.786898
0.786792
0.786688
0.786587
0.786487
0.786390
0.786294
0.786201
0.786109
0.786019
0.785931
0.785846
0.785762
0.785680
0.785599
0.785521
0.785445
0.785370
0.785298
0.785227
0.785158
0.785091
0.785026
0.784962
0.784900
0.784840
0.784782
0.784725
0.784670
0.784617
0.784566
0.784516
0.784467
0.784421
0.784375
0.784332
0.784290
0.784249
0.784210
0.784172
0.784136
0.784102
0.784068
0.784036
0.784006
0.783977
0.783949
0.783922
0.783897
0.783873
0.783851
0.783829
0.783809
0.783791
0.783773
0.783756
0.783741
0.783727
0.783714
0.783702
0.783691
0.783681
0.783672
0.783665
0.783658
0.783652
0.783648
0.783645
0.783644
0.783645
0.783649
0.783656
0.783666
0.783680
0.783698
0.783718
0.783742
0.783769
0.783798
0.783829
0.783862
0.783897
0.783935
0.783973
0.784014
0.784056
0.784099
0.784143
0.784189
0.784235
0.784282
0.784330
0.784378
0.784428
0.784477
0.784527
0.784577
0.784628
0.784679
0.784729
0.784780
0.784831
0.784882
0.784933
0.784984
0.785035
0.785086
0.785137
0.785188
0.785239
0.785290
0.785342
0.785393
0.785445
0.785497
