-0.876819
-0.893433
-0.901762
-0.903024
-0.902201
-0.901506
-0.901415
-0.901855
-0.902667
-0.903732
-0.904978
-0.906373
-0.907912
-0.909601
-0.911450
-0.913472
-0.915671
-0.918051
-0.920608
-0.923333
-0.926214
-0.929232
-0.932363
-0.935577
-0.938834
-0.942089
-0.945290
-0.948380
-0.951304
-0.954009
-0.956454
-0.958605
-0.960439
-0.961943
-0.963106
-0.963923
-0.964387
-0.964495
-0.964244
-0.963634
-0.962669
-0.961359
-0.959723
-0.957790
-0.955608
-0.953236
-0.950731
-0.948145
-0.945553
-0.943058
-0.940728
-0.938561
-0.936515
-0.934535
-0.932562
-0.930538
-0.928395
-0.926052
-0.923412
-0.920372
-0.916853
-0.912865
-0.908546
-0.904107
-0.899712
-0.895424
-0.891234
-0.887113
-0.883037
-0.878991
-0.874968
-0.870964
-0.866978
-0.863013
-0.859071
-0.855158
-0.851279
-0.847438
-0.843643
-0.839899
-0.836212
-0.832588
-0.829032
-0.825549
-0.822145
-0.818823
-0.815588
-0.812443
-0.809390
-0.806431
-0.803570
-0.800806
-0.798142
-0.795579
-0.793118
-0.790762
-0.788515
-0.786382
-0.784366
-0.782472
-0.780698
-0.779034
-0.777446
-0.775866
-0.774233
-0.772548
-0.770857
-0.769201
-0.767594
-0.766031
-0.764500
-0.762990
-0.761493
-0.760005
-0.758527
-0.757067
-0.755647
-0.754315
-0.753186
-0.752225
-0.750795
-0.751192
-0.753320
-0.751728
-0.751663
-0.749256
-0.742839
-0.739894
-0.739907
-0.738571
-0.736806
-0.735441
-0.734177
-0.732913
-0.731718
-0.730573
-0.729441
-0.728305
-0.727152
-0.725972
-0.724765
-0.723538
-0.722305
-0.721083
-0.719885
-0.718718
-0.717586
-0.716486
-0.715416
-0.714372
-0.713352
-0.712353
-0.711373
-0.710410
-0.709462
-0.708527
-0.707603
-0.706690
-0.705787
-0.704891
-0.704003
-0.703122
-0.702248
-0.701379
-0.700517
-0.699660
-0.698809
-0.697964
-0.697125
-0.696292
-0.695466
-0.694645
-0.693832
-0.693024
-0.692223
-0.691429
-0.690640
-0.689858
-0.689081
-0.688309
-0.687542
-0.686778
-0.686018
-0.685260
-0.684503
-0.683747
-0.682991
-0.682232
-0.681470
-0.680704
-0.679932
-0.679153
-0.678366
-0.677569
-0.676762
-0.675943
-0.675111
-0.674263
-0.673400
-0.672518
-0.671617
-0.670693
-0.669746
-0.668773
-0.667772
-0.666742
-0.665684
-0.664597
-0.663479
-0.662329
-0.661145
-0.659927
-0.658671
-0.657369
-0.656021
-0.654626
-0.653185
-0.651696
-0.650155
-0.648557
-0.646896
-0.645167
-0.643368
-0.641501
-0.639566
-0.637561
-0.635481
-0.633321
-0.631076
-0.628739
-0.626306
-0.623771
-0.621135
-0.618402
-0.615582
-0.612688
-0.609736
-0.606739
-0.603709
-0.600655
-0.597586
-0.594516
-0.591499
-0.588809
-0.590861
-0.579215
-0.578714
-0.576493
-0.588578
-0.610558
-0.624807
-0.635865
-0.635181
-0.634278
-0.635253
-0.636033
-0.637209
-0.637893
-0.638929
-0.639499
-0.640470
-0.640949
-0.641878
-0.642270
-0.643154
-0.643470
-0.644290
-0.644561
-0.645291
-0.645560
-0.646176
-0.646480
-0.646986
-0.647339
-0.647779
-0.648179
-0.648618
-0.649074
-0.649570
-0.650111
-0.650703
-0.651341
-0.652005
-0.652653
-0.653230
-0.653688
-0.654014
-0.654224
-0.654345
-0.654403
-0.654418
-0.654404
-0.654371
-0.654327
-0.654276
-0.654224
-0.654171
-0.654120
-0.654072
-0.654025
-0.654025
-0.653981
-0.653938
-0.653895
-0.653853
-0.653810
-0.653767
-0.653724
-0.653683
-0.653650
-0.653632
-0.653637
-0.653667
-0.653713
-0.653765
-0.653813
-0.653860
-0.653898
-0.653941
-0.653972
-0.654020
-0.654039
-0.654099
-0.654092
-0.654180
-0.654122
-0.654273
-0.654111
-0.654397
-0.654036
-0.654589
-0.653864
-0.654907
-0.653546
-0.655439
-0.653037
-0.656291
-0.652316
-0.657567
-0.651452
-0.659280
-0.650665
-0.661215
-0.650267
-0.662932
-0.650422
-0.664128
-0.651025
-0.664938
-0.651897
-0.665699
-0.652930
-0.666700
-0.654069
-0.668163
-0.655284
-0.670268
-0.656539
-0.673156
-0.657802
-0.676775
-0.659090
-0.680436
-0.660423
-0.682691
-0.661592
-0.682781
-0.662376
-0.681335
-0.662913
-0.678998
-0.663469
-0.675907
-0.664150
-0.672140
-0.664807
-0.669047
-0.665755
-0.668232
-0.667409
-0.669078
-0.669004
-0.670246
-0.670261
-0.671545
-0.671451
-0.673124
-0.672565
-0.675073
-0.673457
-0.677529
-0.674041
-0.680603
-0.674472
-0.684119
-0.675208
-0.687251
-0.676668
-0.688948
-0.678744
-0.689170
-0.681109
-0.688633
-0.683485
-0.688016
-0.685521
-0.687729
-0.686918
-0.687785
-0.687662
-0.687938
-0.687947
-0.687994
-0.687966
-0.687922
-0.687860
-0.687800
-0.687754
-0.687735
-0.687753
-0.687813
-0.687918
-0.688069
-0.688265
-0.688502
-0.688776
-0.689086
-0.689426
-0.689793
-0.690185
-0.690597
-0.691028
-0.691476
-0.691938
-0.692413
-0.692901
-0.693399
-0.693908
-0.694428
-0.694957
-0.695497
-0.696047
-0.696608
-0.697180
-0.697764
-0.698360
-0.698968
-0.699591
-0.700227
-0.700878
-0.701544
-0.702225
-0.702921
-0.703631
-0.704354
-0.705088
-0.705831
-0.706580
-0.707331
-0.708080
-0.708824
-0.709557
-0.710275
-0.710974
-0.711650
-0.712300
-0.712921
-0.713510
-0.714065
-0.714584
-0.715067
-0.715513
-0.715921
-0.716291
-0.716624
-0.716920
-0.717181
-0.717406
-0.717598
-0.717758
-0.717887
-0.717987
-0.718060
-0.718108
-0.718132
-0.718135
-0.718118
-0.718083
-0.718032
-0.717967
-0.717890
-0.717802
-0.717706
-0.717603
-0.717495
-0.717383
-0.717269
-0.717155
-0.717041
-0.716930
-0.716823
-0.716721
-0.716624
-0.716535
-0.716453
-0.716380
-0.716317
-0.716264
-0.716221
-0.716189
-0.716168
-0.716159
-0.716161
-0.716175
-0.716199
-0.716235
-0.716281
-0.716337
-0.716403
-0.716477
-0.716558
-0.716646
-0.716740
-0.716837
-0.716937
-0.717038
-0.717139
-0.717238
-0.717332
-0.717421
-0.717503
-0.717574
-0.717635
-0.717683
-0.717717
-0.717735
-0.717736
-0.717719
-0.717683
-0.717628
-0.717552
-0.717457
-0.717342
-0.717207
-0.717053
-0.716880
-0.716688
-0.716478
-0.716249
-0.716001
-0.715731
-0.715434
-0.715101
-0.714714
-0.714259
-0.713982
-0.715973
-0.720511
-0.722073
-0.722307
-0.722056
-0.721710
-0.721371
-0.721047
-0.720740
-0.720456
-0.720206
-0.719996
-0.719830
-0.719713
-0.719648
-0.719635
-0.719676
-0.719769
-0.719910
-0.720097
-0.720324
-0.720586
-0.720876
-0.721189
-0.721518
-0.721858
-0.722203
-0.722549
-0.722894
-0.723235
-0.723572
-0.723906
-0.724237
-0.724567
-0.724897
-0.725226
-0.725557
-0.725888
-0.726220
-0.726550
-0.726879
-0.727206
-0.727529
-0.727848
-0.727848
-0.728161
-0.728468
-0.728769
-0.729062
-0.729348
-0.729625
-0.729894
-0.730154
-0.730406
-0.730649
-0.730883
-0.731109
-0.731327
-0.731536
-0.731738
-0.731933
-0.732122
-0.732304
-0.732481
-0.732653
-0.732822
-0.732987
-0.733149
-0.733310
-0.733470
-0.733630
-0.733791
-0.733952
-0.734116
-0.734283
-0.734453
-0.734626
-0.734804
-0.734986
-0.735174
-0.735367
-0.735565
-0.735770
-0.735980
-0.736195
-0.736417
-0.736645
-0.736878
-0.737117
-0.737361
-0.737611
-0.737866
-0.738125
-0.738389
-0.738658
-0.738930
-0.739206
-0.739486
-0.739768
-0.740054
-0.740341
-0.740631
-0.740923
-0.741217
-0.741511
-0.741807
-0.742104
-0.742402
-0.742699
-0.742997
-0.743296
-0.743594
-0.743892
-0.744189
-0.744487
-0.744784
-0.745080
-0.745376
-0.745671
-0.745966
-0.746261
-0.746555
-0.746849
-0.747142
-0.747435
-0.747728
-0.748020
-0.748313
-0.748605
-0.748898
-0.749190
-0.749483
-0.749776
-0.750069
-0.750363
-0.750656
-0.750951
-0.751246
-0.751541
-0.751837
-0.752133
-0.752430
-0.752727
-0.753025
-0.753324
-0.753623
-0.753923
-0.754223
-0.754524
-0.754825
-0.755126
-0.755428
-0.755731
-0.756034
-0.756337
-0.756640
-0.756944
-0.757248
-0.757552
-0.757856
-0.758161
-0.758466
-0.758771
-0.759076
-0.759381
-0.759686
-0.759992
-0.760297
-0.760603
-0.760909
-0.761215
-0.761521
-0.761827
-0.762134
-0.762441
-0.762748
-0.763055
-0.763362
-0.763670
-0.763978
-0.764287
-0.764596
-0.764906
-0.765216
-0.765526
-0.765838
-0.766149
-0.766462
-0.766775
-0.767089
-0.767404
-0.767720
-0.768036
-0.768353
-0.768672
-0.768991
-0.769312
-0.769633
-0.769955
-0.770279
-0.770604
-0.770930
-0.771257
-0.771585
-0.771914
-0.772245
-0.772576
-0.772909
-0.773243
-0.773579
-0.773915
-0.774252
-0.774591
-0.774930
-0.775270
-0.775611
-0.775953
-0.776295
-0.776638
-0.776981
-0.777325
-0.777669
-0.778013
-0.778356
-0.778700
-0.779044
-0.779387
-0.779729
-0.780071
-0.780413
-0.780753
-0.781093
-0.781432
-0.781770
-0.782108
-0.782444
-0.782780
-0.783115
-0.783450
-0.783784
-0.784117
-0.784451
-0.784784
-0.785117
-0.785450
-0.785784
-0.786118
-0.786453
-0.786789
-0.787127
-0.787465
-0.787805
-0.788147
-0.788491
-0.788838
-0.789187
-0.789539
-0.789894
-0.790253
-0.790616
-0.790984
-0.791357
-0.791736
-0.792121
-0.792513
-0.792913
-0.793322
-0.793741
-0.794172
-0.794616
-0.795074
-0.795550
-0.796045
-0.796562
-0.797103
-0.797671
-0.798269
-0.798897
-0.799554
-0.800235
-0.800930
-0.801621
-0.802283
-0.802887
-0.803409
-0.803832
-0.804154
-0.804384
-0.804541
-0.804644
-0.804712
-0.804759
-0.804797
-0.804832
-0.804866
-0.804901
-0.804934
-0.804963
-0.804985
-0.804995
-0.804992
-0.804969
-0.804926
-0.804859
-0.804766
-0.804645
-0.804498
-0.804322
-0.804120
-0.803891
-0.803638
-0.803363
-0.803065
-0.802748
-0.802413
-0.802061
-0.801694
-0.801312
-0.800918
-0.800512
-0.800096
-0.799671
-0.799237
-0.798797
-0.798351
-0.797900
