0.392533
0.414107
0.379949
0.381516
0.391326
0.396336
0.396772
0.395651
0.394215
0.392889
0.391761
0.390761
0.389752
0.388699
0.388181
0.387361
0.386589
0.388760
0.391815
0.394086
0.395627
0.396769
0.397866
0.399245
0.401194
0.403947
0.407635
0.412239
0.417583
0.423411
0.429498
0.435695
0.441929
0.448220
0.454492
0.459608
0.466899
0.475141
0.477241
0.475559
0.471403
0.465573
0.458567
0.450721
0.442317
0.433653
0.425071
0.416948
0.409650
0.403460
0.398522
0.394837
0.392347
0.391059
0.391080
0.392399
0.394703
0.397567
0.400655
0.403744
0.406676
0.409321
0.411598
0.413576
0.415476
0.417416
0.419362
0.421243
0.423014
0.424651
0.426146
0.427504
0.428735
0.429851
0.430864
0.431786
0.432626
0.433390
0.434084
0.434711
0.435277
0.435782
0.436228
0.436618
0.436953
0.437232
0.437458
0.437630
0.437747
0.437810
0.437816
0.437767
0.437661
0.437499
0.437282
0.437012
0.436691
0.436323
0.435909
0.435457
0.434972
0.434464
0.433943
0.433424
0.432929
0.432483
0.432124
0.431895
0.431854
0.432068
0.432615
0.433578
0.435012
0.436889
0.439036
0.441222
0.443227
0.444702
0.444961
0.443493
0.440710
0.436857
0.432546
0.427284
0.424904
0.420380
0.418015
0.416596
0.414636
0.412608
0.411405
0.411089
0.412240
0.402352
0.410488
0.413628
0.410047
0.413165
0.405430
0.419625
0.422791
0.414300
0.409209
0.403403
0.397368
0.393942
0.392304
0.391533
0.391136
0.390964
0.390689
0.390750
0.391003
0.387199
0.383456
0.378138
0.343619
0.370504
0.361587
0.343927
0.306379
0.337946
0.345445
0.335548
0.318797
0.193159
0.166567
0.157923
0.151185
0.144643
0.137136
0.127793
0.115945
0.100054
0.072204
0.060029
0.038908
0.036664
0.034822
0.035613
0.033267
0.030422
0.026905
0.023176
0.019584
0.016097
0.012787
0.009551
0.006535
0.003186
0.001200
-0.004315
-0.004365
-0.010089
-0.009451
-0.014951
-0.013328
-0.018845
-0.019123
-0.029604
-0.027766
-0.027190
-0.036224
-0.032195
-0.035251
-0.038750
-0.045858
-0.045043
-0.049068
-0.055411
-0.050774
-0.050678
-0.050327
-0.057375
-0.061351
-0.071275
-0.063877
-0.067472
-0.077959
-0.076382
-0.079327
-0.078587
-0.078588
-0.078588
-0.078589
-0.078589
-0.078590
-0.078593
-0.078598
-0.078607
-0.078621
-0.078639
-0.078664
-0.078695
-0.078733
-0.078779
-0.078834
-0.078901
-0.078981
-0.079079
-0.079199
-0.079347
-0.079531
-0.079763
-0.080056
-0.080431
-0.080917
-0.081565
-0.082491
-0.084158
-0.084308
-0.085285
-0.081782
-0.083501
-0.082024
-0.090996
-0.092255
-0.091220
-0.092781
-0.094616
-0.097355
-0.094708
-0.094191
-0.093596
-0.093606
-0.093606
-0.093607
-0.093608
-0.093608
-0.093610
-0.093611
-0.093612
-0.093613
-0.093615
-0.093617
-0.093620
-0.093623
-0.093627
-0.093632
-0.093637
-0.093643
-0.093650
-0.093659
-0.093668
-0.093679
-0.093692
-0.093706
-0.093722
-0.093741
-0.093762
-0.093787
-0.093816
-0.093851
-0.093893
-0.093949
-0.094031
-0.094099
-0.094127
-0.094198
-0.094101
-0.094101
-0.094101
-0.094101
-0.094101
-0.094101
-0.094101
-0.094101
-0.094101
-0.094101
-0.094101
-0.094101
-0.094101
-0.094101
-0.094101
-0.094101
-0.094101
-0.094101
-0.094100
-0.094100
-0.094100
-0.094100
-0.094100
-0.094100
-0.094100
-0.094100
-0.094100
-0.094100
-0.094100
-0.094100
-0.094100
-0.094100
-0.094100
-0.094100
-0.094100
-0.094100
-0.094100
-0.094100
-0.094100
-0.094100
-0.094100
-0.094100
-0.094100
-0.094100
-0.094100
-0.094100
-0.094100
-0.094100
-0.094100
-0.094100
-0.094100
-0.094100
-0.094099
-0.094099
-0.094099
-0.094099
-0.094099
-0.094099
-0.094099
-0.094099
-0.094099
-0.094099
-0.094099
-0.094099
-0.094099
-0.094099
-0.094099
-0.094099
-0.094099
-0.094099
-0.094099
-0.094099
-0.094099
-0.094099
-0.094099
-0.094099
-0.094099
-0.094099
-0.094099
-0.094099
-0.094099
-0.094099
-0.094099
-0.094099
-0.094099
-0.094099
-0.094099
-0.094099
-0.094099
-0.094099
-0.094099
-0.094099
-0.094099
-0.094099
-0.094099
-0.094099
-0.094099
-0.094099
-0.094099
-0.094098
-0.094098
-0.094098
-0.094098
-0.094098
-0.094098
-0.094098
-0.094098
-0.094098
-0.094098
-0.094098
-0.094098
-0.094098
-0.094098
-0.094098
-0.094098
-0.094098
-0.094098
-0.094098
-0.094098
-0.094098
-0.094098
-0.094098
-0.094098
-0.094098
-0.094098
-0.094098
-0.094098
-0.094098
-0.094098
-0.094098
-0.094098
-0.094098
-0.094098
-0.094098
-0.094098
-0.094098
-0.094098
-0.094098
-0.094098
-0.094098
-0.094098
-0.094098
-0.094098
-0.094098
-0.094098
-0.094098
-0.094098
-0.094098
-0.094098
-0.094098
-0.094098
-0.094098
-0.094098
-0.094098
-0.094098
-0.094098
-0.094098
-0.094097
-0.094097
-0.094097
-0.094097
-0.094097
-0.094097
-0.094097
-0.094097
-0.094097
-0.094097
-0.094097
-0.094097
-0.094097
-0.094097
-0.094097
-0.094097
-0.094097
-0.094097
-0.094097
-0.094097
-0.094097
-0.094097
-0.094097
-0.094097
-0.094097
-0.094097
-0.094097
-0.094097
-0.094097
-0.094097
-0.094097
-0.094097
-0.094097
-0.094097
-0.094097
-0.094097
-0.094097
-0.094097
-0.094097
-0.094097
-0.094097
-0.094097
-0.094097
-0.094097
-0.094097
-0.094097
-0.094097
-0.094097
-0.094097
-0.094097
-0.094097
-0.094097
-0.094097
-0.094097
-0.094097
-0.094097
-0.094097
-0.094097
-0.094097
-0.094097
-0.094097
-0.094097
-0.094097
-0.094097
-0.094097
-0.094097
-0.094097
-0.094097
-0.094096
-0.094096
-0.094096
-0.094096
-0.094096
-0.094096
-0.094096
-0.094096
-0.094096
-0.094096
-0.094096
-0.094096
-0.094096
-0.094096
-0.094096
-0.094096
-0.094096
-0.094096
-0.094096
-0.094096
-0.094096
-0.094096
-0.094096
-0.094096
-0.094096
-0.094096
-0.094096
-0.094096
-0.094096
-0.094096
-0.094096
-0.094096
-0.094096
-0.094096
-0.094096
-0.094096
-0.094096
-0.094096
-0.094096
-0.094096
-0.094096
-0.094096
-0.094096
-0.094096
-0.094096
-0.094096
-0.094096
-0.094096
-0.094096
-0.094096
-0.094096
-0.094096
-0.094096
-0.094096
-0.094096
-0.094096
-0.094096
-0.094096
-0.094096
-0.094096
-0.094096
-0.094096
-0.094096
-0.094096
-0.094096
-0.094096
-0.094096
-0.094096
-0.094096
-0.094096
-0.094096
-0.094096
-0.094096
-0.094096
-0.094095
-0.094095
-0.094095
-0.094095
-0.094095
-0.094095
-0.094095
-0.094095
-0.094095
-0.094095
-0.094095
-0.094095
-0.094095
-0.094095
-0.094095
-0.094095
-0.094095
-0.094095
-0.094095
-0.094095
-0.094095
-0.094095
-0.094095
-0.094095
-0.094095
-0.094095
-0.094095
-0.094095
-0.094095
-0.094095
-0.094095
-0.094095
-0.094095
-0.094095
-0.094095
-0.094095
-0.094095
-0.094095
-0.094095
-0.094095
-0.094095
-0.094095
-0.094095
-0.094095
-0.094095
-0.094095
-0.094095
-0.094095
-0.094095
-0.094095
-0.094095
-0.094095
-0.094095
-0.094095
-0.094095
-0.094095
-0.094095
-0.094095
-0.094095
-0.094095
-0.094095
-0.094095
-0.094095
-0.094095
-0.094095
-0.094095
-0.094095
-0.094095
-0.094095
-0.094095
-0.094095
-0.094095
-0.094095
-0.094095
-0.094095
-0.094095
-0.094095
-0.094095
-0.094095
-0.094094
-0.094094
-0.094094
-0.094094
-0.094094
-0.094094
-0.094094
-0.094094
-0.094094
-0.094094
-0.094094
-0.094094
-0.094094
-0.094094
-0.094094
-0.094094
-0.094094
-0.094094
-0.094094
-0.094094
-0.094094
-0.094094
-0.094094
-0.094094
-0.094094
-0.094094
-0.094094
-0.094094
-0.094094
-0.094094
-0.094094
-0.094094
-0.094094
-0.094094
-0.094094
-0.094094
-0.094094
-0.094094
-0.094094
-0.094094
-0.094094
-0.094094
-0.094094
-0.094094
-0.094094
-0.094094
-0.094094
-0.094094
-0.094094
-0.094094
-0.094094
-0.094094
-0.094094
-0.094094
-0.094094
-0.094094
-0.094094
-0.094094
-0.094094
-0.094094
-0.094094
-0.094094
-0.094094
-0.094094
-0.094094
-0.094094
-0.094094
-0.094094
-0.094094
-0.094094
-0.094094
-0.094094
-0.094094
-0.094094
-0.094094
-0.094094
-0.094094
-0.094094
-0.094094
-0.094094
-0.094094
-0.094094
-0.094093
-0.094093
-0.094093
-0.094093
-0.094093
-0.094093
-0.094093
-0.094093
-0.094093
-0.094093
-0.094093
-0.094093
-0.094093
-0.094093
-0.094093
-0.094093
-0.094093
-0.094093
-0.094093
-0.094093
-0.094093
-0.094093
-0.094093
-0.094093
-0.094093
-0.094093
-0.094093
-0.094093
-0.094093
-0.094093
-0.094093
-0.094093
-0.094093
-0.094093
-0.094093
-0.094093
-0.094093
-0.094093
-0.094093
-0.094093
-0.094093
-0.094093
-0.094093
-0.094093
-0.094093
-0.094093
-0.094093
-0.094093
-0.094093
-0.094093
-0.094093
-0.094093
-0.094093
-0.094093
-0.094093
-0.094093
-0.094093
-0.094093
-0.094093
-0.094093
-0.094093
-0.094093
-0.094093
-0.094093
-0.094093
-0.094093
-0.094093
-0.094093
-0.094093
-0.094093
-0.094093
-0.094093
-0.094093
-0.094093
-0.094093
-0.094093
-0.094093
-0.094093
-0.094093
-0.094093
-0.094093
-0.094092
-0.094092
-0.094092
-0.094092
-0.094092
-0.094092
-0.094092
-0.094092
-0.094092
-0.094092
-0.094092
-0.094092
-0.094092
-0.094092
-0.094092
-0.094092
-0.094092
-0.094092
-0.094092
-0.094092
-0.094092
-0.094092
-0.094092
-0.094092
-0.094092
-0.094092
-0.094092
-0.094092
-0.094092
-0.094092
-0.094092
-0.094092
-0.094092
-0.094092
-0.094092
-0.094092
-0.094092
-0.094092
-0.094092
-0.094092
-0.094092
-0.094092
-0.094092
-0.094092
-0.094092
-0.094092
-0.094092
-0.094092
-0.094092
-0.094092
-0.094092
-0.094092
-0.094092
-0.094092
-0.094092
-0.094092
-0.094092
-0.094092
-0.094092
-0.094092
-0.094092
-0.094092
-0.094092
-0.094092
-0.094092
-0.094092
-0.094092
-0.094092
-0.094092
-0.094092
-0.094092
-0.094092
-0.094092
-0.094092
-0.094092
-0.094091
-0.094091
-0.094091
-0.094091
-0.094091
-0.094091
-0.094091
-0.094091
-0.094091
-0.094091
-0.094091
-0.094091
-0.094091
-0.094091
-0.094091
-0.094091
-0.094091
-0.094091
-0.094091
-0.094091
-0.094091
-0.094091
-0.094091
-0.094091
-0.094091
-0.094091
-0.094091
-0.094091
-0.094091
-0.094091
-0.094091
-0.094091
-0.094091
-0.094091
-0.094091
-0.094091
-0.094091
-0.094091
-0.094091
-0.094091
-0.094091
-0.094091
-0.094091
-0.094091
-0.094091
-0.094091
-0.094091
-0.094091
-0.094091
-0.094091
-0.094091
-0.094091
-0.094091
-0.094091
-0.094091
-0.094091
-0.094090
-0.094090
-0.094090
-0.094090
-0.094090
-0.094090
-0.094090
-0.094090
-0.094090
-0.094090
-0.094090
-0.094090
-0.094090
-0.094090
-0.094090
-0.094090
-0.094090
-0.094090
-0.094090
-0.094090
-0.094090
-0.094090
-0.094090
-0.094090
-0.094090
-0.094090
-0.094090
-0.094089
-0.094089
-0.094089
-0.094089
-0.094089
-0.094089
-0.094089
-0.094089
-0.094089
-0.094089
-0.094089
-0.094089
-0.094089
-0.094088
-0.094088
-0.094088
-0.094088
-0.094088
-0.094088
-0.094087
-0.094087
-0.094087
-0.094087
-0.094086
-0.094086
-0.094086
-0.094085
-0.094085
-0.094085
-0.094084
-0.094084
-0.094083
-0.094083
-0.094082
-0.094082
-0.094081
-0.094080
-0.094080
-0.094079
-0.094078
-0.094077
-0.094077
-0.094076
-0.094075
-0.094074
-0.094073
-0.094072
-0.094072
-0.094071
-0.094070
-0.094069
-0.094068
-0.094067
-0.094066
-0.094065
-0.094064
-0.094063
-0.094062
-0.094061
-0.094060
-0.094059
-0.094057
-0.094056
-0.094055
-0.094054
-0.094053
-0.094052
-0.094051
-0.094050
-0.094048
-0.094047
-0.094046
-0.094045
-0.094044
-0.094042
-0.094041
-0.094040
-0.094039
-0.094037
-0.094036
-0.094035
-0.094034
-0.094032
-0.094031
-0.094030
-0.094028
-0.094027
-0.094026
-0.094024
-0.094023
-0.094022
-0.094020
-0.094019
-0.094018
-0.094016
-0.094015
-0.094013
-0.094012
-0.094011
-0.094009
-0.094008
-0.094006
-0.094005
-0.094003
-0.094002
-0.094000
-0.093999
-0.093997
-0.093996
-0.093994
-0.093993
-0.093991
-0.093990
-0.093988
-0.093987
-0.093985
-0.093984
-0.093982
-0.093980
-0.093979
-0.093977
-0.093975
-0.093974
-0.093972
-0.093970
-0.093969
-0.093967
-0.093965
-0.093963
-0.093962
-0.093960
-0.093958
-0.093956
-0.093954
-0.093952
-0.093950
-0.093948
-0.093946
-0.093944
-0.093942
-0.093940
-0.093937
-0.093935
-0.093933
-0.093931
-0.093928
-0.093926
-0.093923
-0.093921
-0.093918
-0.093915
-0.093913
-0.093910
-0.093907
-0.093904
-0.093901
-0.093898
-0.093894
-0.093891
-0.093888
-0.093884
-0.093881
-0.093877
-0.093873
-0.093869
-0.093865
-0.093861
-0.093857
-0.093852
-0.093848
-0.093843
-0.093838
-0.093833
-0.093828
-0.093823
-0.093818
-0.093812
-0.093807
-0.093802
-0.093797
-0.093791
-0.093786
-0.093781
-0.093776
-0.093771
-0.093766
-0.093761
-0.093756
-0.093751
-0.093746
-0.093741
-0.093736
-0.093732
-0.093727
-0.093723
-0.093718
-0.093714
-0.093710
-0.093705
-0.093701
-0.093697
-0.093693
-0.093689
-0.093685
-0.093682
-0.093678
-0.093674
-0.093671
-0.093667
-0.093664
-0.093661
-0.093658
-0.093655
-0.093652
-0.093649
-0.093647
-0.093645
-0.093643
-0.093640
-0.093638
-0.093635
-0.093633
-0.093630
-0.093627
-0.093624
-0.093622
-0.093619
-0.093616
-0.093613
-0.093610
-0.093607
-0.093604
-0.093601
-0.093598
-0.093594
-0.093591
-0.093588
-0.093585
-0.093582
-0.093579
-0.093576
-0.093572
-0.093569
-0.093566
-0.093563
-0.093560
-0.093557
-0.093554
-0.093551
-0.093548
-0.093545
-0.093542
-0.093539
-0.093536
-0.093533
-0.093531
-0.093528
-0.093525
-0.093522
-0.093519
-0.093517
-0.093514
-0.093511
-0.093509
-0.093506
-0.093503
-0.093501
-0.093498
-0.093496
-0.093493
-0.093491
-0.093488
-0.093486
-0.093483
-0.093481
-0.093479
-0.093477
-0.093474
-0.093472
-0.093470
-0.093468
-0.093466
-0.093463
-0.093461
-0.093459
-0.093457
-0.093455
-0.093453
-0.093451
-0.093450
-0.093448
-0.093446
-0.093444
-0.093442
-0.093441
-0.093439
-0.093437
-0.093436
-0.093434
-0.093433
-0.093431
-0.093430
-0.093428
-0.093427
-0.093425
-0.093424
-0.093422
-0.093421
-0.093420
-0.093418
-0.093417
-0.093416
-0.093415
-0.093413
-0.093412
-0.093411
-0.093410
-0.093409
-0.093408
-0.093407
-0.093406
-0.093405
-0.093404
-0.093403
-0.093403
-0.093402
-0.093401
-0.093401
-0.093400
-0.093400
-0.093400
-0.093399
-0.093408
-0.093408
-0.093408
-0.093408
-0.093408
-0.093408
-0.093409
-0.093409
-0.093409
-0.093408
-0.093408
-0.093408
-0.093408
-0.093408
-0.093407
-0.093407
-0.093407
-0.093406
-0.093406
-0.093406
-0.093405
-0.093405
-0.093405
-0.093405
-0.093404
-0.093404
-0.093404
-0.093403
-0.093403
-0.093402
-0.093402
-0.093402
-0.093401
-0.093401
-0.093401
-0.093401
-0.093400
-0.093400
-0.093400
-0.093399
-0.093399
-0.093399
-0.093398
-0.093398
-0.093398
-0.093397
-0.093397
-0.093397
-0.093396
-0.093396
-0.093396
-0.093395
-0.093395
-0.093395
-0.093394
-0.093394
-0.093394
-0.093394
-0.093393
-0.093393
-0.093393
-0.093392
-0.093392
-0.093392
-0.093392
-0.093391
-0.093391
-0.093391
-0.093391
-0.093390
-0.093390
-0.093390
-0.093389
-0.093389
-0.093389
-0.093389
-0.093388
-0.093388
-0.093388
-0.093388
-0.093387
-0.093387
-0.093387
-0.093387
-0.093386
-0.093386
-0.093386
-0.093386
-0.093385
-0.093385
-0.093385
-0.093385
-0.093384
-0.093384
-0.093384
-0.093384
-0.093384
-0.093383
-0.093383
-0.093383
-0.093383
-0.093382
-0.093382
-0.093382
-0.093382
-0.093381
-0.093381
-0.093381
-0.093381
-0.093381
-0.093380
-0.093380
-0.093380
-0.093380
-0.093379
-0.093379
-0.093379
-0.093379
-0.093379
-0.093378
-0.093378
-0.093378
-0.093378
-0.093378
-0.093377
-0.093377
-0.093377
-0.093377
-0.093377
-0.093376
-0.093376
-0.093376
-0.093376
-0.093376
-0.093375
-0.093375
-0.093375
-0.093375
-0.093375
-0.093374
-0.093374
-0.093374
-0.093374
-0.093374
-0.093373
-0.093373
-0.093373
-0.093373
-0.093373
-0.093372
-0.093372
-0.093372
-0.093372
-0.093372
-0.093372
-0.093371
-0.093371
-0.093371
-0.093371
-0.093371
-0.093370
-0.093370
-0.093370
-0.093370
-0.093370
-0.093370
-0.093369
-0.093369
-0.093369
-0.093369
-0.093369
-0.093369
-0.093369
-0.093368
-0.093368
-0.093368
-0.093368
-0.093368
-0.093367
-0.093367
-0.093367
-0.093367
-0.093367
-0.093367
-0.093366
-0.093366
-0.093366
-0.093366
-0.093366
-0.093366
-0.093365
-0.093365
-0.093365
-0.093365
-0.093365
-0.093365
-0.093365
-0.093364
-0.093364
-0.093364
-0.093364
-0.093364
-0.093364
-0.093363
-0.093363
-0.093363
-0.093363
-0.093363
-0.093363
-0.093362
-0.093362
-0.093362
-0.093362
-0.093362
-0.093362
-0.093362
-0.093361
-0.093361
-0.093361
-0.093361
-0.093361
-0.093361
-0.093360
-0.093360
-0.093360
-0.093360
-0.093360
-0.093360
-0.093360
-0.093359
-0.093359
-0.093359
-0.093359
-0.093359
-0.093359
-0.093359
-0.093358
-0.093358
-0.093358
-0.093358
-0.093358
-0.093358
-0.093358
-0.093357
-0.093357
-0.093357
-0.093357
-0.093357
-0.093357
-0.093357
-0.093357
-0.093356
-0.093356
-0.093356
-0.093356
-0.093356
-0.093356
-0.093356
-0.093355
-0.093355
-0.093355
-0.093355
-0.093355
-0.093355
-0.093355
-0.093354
-0.093354
-0.093354
-0.093354
-0.093354
-0.093354
-0.093354
-0.093354
-0.093353
-0.093353
-0.093353
-0.093353
-0.093353
-0.093353
-0.093353
-0.093353
-0.093352
-0.093352
-0.093352
-0.093352
-0.093352
-0.093352
-0.093352
-0.093352
-0.093351
-0.093351
-0.093351
-0.093351
-0.093351
-0.093351
-0.093351
-0.093351
-0.093350
-0.093350
-0.093350
-0.093350
-0.093350
-0.093350
-0.093350
-0.093350
-0.093349
-0.093349
-0.093349
-0.093349
-0.093349
-0.093349
-0.093349
-0.093349
-0.093348
-0.093348
-0.093348
-0.093348
-0.093348
-0.093348
-0.093348
-0.093348
-0.093347
-0.093347
-0.093347
-0.093347
-0.093347
-0.093347
-0.093347
-0.093347
-0.093347
-0.093346
-0.093346
-0.093346
-0.093346
-0.093346
-0.093346
-0.093346
-0.093346
-0.093346
-0.093345
-0.093345
-0.093345
-0.093345
-0.093345
-0.093345
-0.093345
-0.093345
-0.093345
-0.093344
-0.093344
-0.093344
-0.093344
-0.093344
-0.093344
-0.093344
-0.093344
-0.093343
-0.093343
-0.093343
-0.093343
-0.093343
-0.093343
-0.093343
-0.093343
-0.093343
-0.093343
-0.093342
-0.093342
-0.093342
-0.093342
-0.093342
-0.093342
-0.093342
-0.093342
-0.093342
-0.093341
-0.093341
-0.093341
-0.093341
-0.093341
-0.093341
-0.093341
-0.093341
-0.093341
-0.093340
-0.093340
-0.093340
-0.093340
-0.093340
-0.093340
-0.093340
-0.093340
-0.093340
-0.093340
-0.093339
-0.093339
-0.093339
-0.093339
-0.093339
-0.093339
-0.093339
-0.093339
-0.093339
-0.093338
-0.093338
-0.093338
-0.093338
-0.093338
-0.093338
-0.093338
-0.093338
-0.093338
-0.093338
-0.093337
-0.093337
-0.093337
-0.093337
-0.093337
-0.093337
-0.093337
-0.093337
-0.093337
-0.093337
-0.093336
-0.093336
-0.093336
-0.093336
-0.093336
-0.093336
-0.093336
-0.093336
-0.093336
-0.093336
-0.093335
-0.093335
-0.093335
-0.093335
-0.093335
-0.093335
-0.093335
-0.093335
-0.093335
-0.093335
-0.093334
-0.093334
-0.093334
-0.093334
-0.093334
-0.093334
-0.093334
-0.093334
-0.093334
-0.093334
-0.093334
-0.093333
-0.093333
-0.093333
-0.093333
-0.093333
-0.093333
-0.093333
-0.093333
-0.093333
-0.093333
-0.093332
-0.093332
-0.093332
-0.093332
-0.093332
-0.093332
-0.093332
-0.093332
-0.093332
-0.093332
-0.093332
-0.093331
-0.093331
-0.093331
-0.093331
-0.093331
-0.093331
-0.093331
-0.093331
-0.093331
-0.093331
-0.093331
-0.093330
-0.093330
-0.093330
-0.093330
-0.093330
-0.093330
-0.093330
-0.093330
-0.093330
-0.093330
-0.093330
-0.093329
-0.093329
-0.093329
-0.093329
-0.093329
-0.093329
-0.093329
-0.093329
-0.093329
-0.093329
-0.093329
-0.093328
-0.093328
-0.093328
-0.093328
-0.093328
-0.093328
-0.093328
-0.093328
-0.093328
-0.093328
-0.093328
-0.093327
-0.093327
-0.093327
-0.093327
-0.093327
-0.093327
-0.093327
-0.093327
-0.093327
-0.093327
-0.093327
-0.093327
-0.093326
-0.093326
-0.093326
-0.093326
-0.093326
-0.093326
-0.093326
-0.093326
-0.093326
-0.093326
-0.093326
-0.093325
-0.093325
-0.093325
-0.093325
-0.093325
-0.093325
-0.093325
-0.093325
-0.093325
-0.093325
-0.093325
-0.093325
-0.093324
-0.093324
-0.093324
-0.093324
-0.093324
-0.093324
-0.093324
-0.093324
-0.093324
-0.093324
-0.093324
-0.093324
-0.093323
-0.093323
-0.093323
-0.093323
-0.093323
-0.093323
-0.093323
-0.093323
-0.093323
-0.093323
-0.093323
-0.093323
-0.093322
-0.093322
-0.093322
-0.093322
-0.093322
-0.093322
-0.093322
-0.093322
-0.093322
-0.093322
-0.093322
-0.093322
-0.093321
-0.093321
-0.093321
-0.093321
-0.093321
-0.093321
-0.093321
-0.093321
-0.093321
-0.093321
-0.093321
-0.093321
-0.093320
-0.093320
-0.093320
-0.093320
-0.093320
-0.093320
-0.093320
-0.093320
-0.093320
-0.093320
-0.093320
-0.093320
-0.093320
-0.093319
-0.093319
-0.093319
-0.093319
-0.093319
-0.093319
-0.093319
-0.093319
-0.093319
-0.093319
-0.093319
-0.093319
-0.093319
-0.093318
-0.093318
-0.093318
-0.093318
-0.093318
-0.093318
-0.093318
-0.093318
-0.093318
-0.093318
-0.093318
-0.093318
-0.093317
-0.093317
-0.093317
-0.093317
-0.093317
-0.093317
-0.093317
-0.093317
-0.093317
-0.093317
-0.093317
-0.093317
-0.093317
-0.093316
-0.093316
-0.093316
-0.093316
-0.093316
-0.093316
-0.093316
-0.093316
-0.093316
-0.093316
-0.093316
-0.093316
-0.093316
-0.093315
-0.093315
-0.093315
-0.093315
-0.093315
-0.093315
-0.093315
-0.093315
-0.093315
-0.093315
-0.093315
-0.093315
-0.093315
-0.093315
-0.093315
-0.093314
-0.093314
-0.093314
-0.093314
-0.093314
-0.093314
-0.093314
-0.093314
-0.093314
-0.093314
-0.093314
-0.093314
-0.093314
-0.093313
-0.093313
-0.093313
-0.093313
-0.093313
-0.093313
-0.093313
-0.093313
-0.093313
-0.093313
-0.093313
-0.093313
-0.093313
-0.093313
-0.093312
-0.093312
-0.093312
-0.093312
-0.093312
-0.093312
-0.093312
-0.093312
-0.093312
-0.093312
-0.093312
-0.093312
-0.093312
-0.093311
-0.093311
-0.093311
-0.093311
-0.093311
-0.093311
-0.093311
-0.093311
-0.093311
-0.093311
-0.093311
-0.093311
-0.093311
-0.093311
-0.093310
-0.093310
-0.093310
-0.093310
-0.093310
-0.093310
-0.093310
-0.093310
-0.093310
-0.093310
-0.093310
-0.093310
-0.093310
-0.093310
-0.093309
-0.093309
-0.093309
-0.093309
-0.093309
-0.093309
-0.093309
-0.093309
-0.093309
-0.093309
-0.093309
-0.093309
-0.093309
-0.093309
-0.093308
-0.093308
-0.093308
-0.093308
-0.093308
-0.093308
-0.093308
-0.093308
-0.093308
-0.093308
-0.093308
-0.093308
-0.093308
-0.093308
-0.093308
-0.093307
-0.093307
-0.093307
-0.093307
-0.093307
-0.093307
-0.093307
-0.093307
-0.093307
-0.093307
-0.093307
-0.093307
-0.093307
-0.093307
-0.093306
-0.093306
-0.093306
-0.093306
-0.093306
-0.093306
-0.093306
-0.093306
-0.093306
-0.093306
-0.093306
-0.093306
-0.093306
-0.093306
-0.093306
-0.093305
-0.093305
-0.093305
-0.093305
-0.093305
-0.093305
-0.093305
-0.093305
-0.093305
-0.093305
-0.093305
-0.093305
-0.093305
-0.093305
-0.093305
-0.093304
-0.093304
-0.093304
-0.093304
-0.093304
-0.093304
-0.093304
-0.093304
-0.093304
-0.093304
-0.093304
-0.093304
-0.093304
-0.093304
-0.093304
-0.093303
-0.093303
-0.093303
-0.093303
-0.093303
-0.093303
-0.093303
-0.093303
-0.093303
-0.093303
-0.093303
-0.093303
-0.093303
-0.093303
-0.093303
-0.093302
-0.093302
-0.093302
-0.093302
-0.093302
-0.093302
-0.093302
-0.093302
-0.093302
-0.093302
-0.093302
-0.093302
-0.093302
-0.093302
-0.093302
-0.093301
-0.093301
-0.093301
-0.093301
-0.093301
-0.093301
-0.093301
-0.093301
-0.093301
-0.093301
-0.093301
-0.093301
-0.093301
-0.093301
-0.093301
-0.093300
-0.093300
-0.093300
-0.093300
-0.093300
-0.093300
-0.093300
-0.093300
-0.093300
-0.093300
-0.093300
-0.093300
-0.093300
-0.093300
-0.093300
-0.093300
-0.093299
-0.093299
-0.093299
-0.093299
-0.093299
-0.093299
-0.093299
-0.093299
-0.093299
-0.093299
-0.093299
-0.093299
-0.093299
-0.093299
-0.093299
-0.093299
-0.093298
-0.093298
-0.093298
-0.093298
-0.093298
-0.093298
-0.093298
-0.093298
-0.093298
-0.093298
-0.093298
-0.093298
-0.093298
-0.093298
-0.093298
-0.093298
-0.093297
-0.093297
-0.093297
-0.093297
-0.093297
-0.093297
-0.093297
-0.093297
-0.093297
-0.093297
-0.093297
-0.093297
-0.093297
-0.093297
-0.093297
-0.093297
-0.093297
-0.093296
-0.093296
-0.093296
-0.093296
-0.093296
-0.093296
-0.093296
-0.093296
-0.093296
-0.093296
-0.093296
-0.093296
-0.093296
-0.093296
-0.093296
-0.093296
-0.093296
-0.093295
-0.093295
-0.093295
-0.093295
-0.093295
-0.093295
-0.093295
-0.093295
-0.093295
-0.093295
-0.093295
-0.093295
-0.093295
-0.093295
-0.093295
-0.093295
-0.093295
-0.093295
-0.093294
-0.093294
-0.093294
-0.093294
-0.093294
-0.093294
-0.093294
-0.093294
-0.093294
-0.093294
-0.093294
-0.093294
-0.093294
-0.093294
-0.093294
-0.093294
-0.093294
-0.093294
-0.093293
-0.093293
-0.093293
-0.093293
-0.093293
-0.093293
-0.093293
-0.093293
-0.093293
-0.093293
-0.093293
-0.093293
-0.093293
-0.093293
-0.093293
-0.093293
-0.093293
-0.093293
-0.093292
-0.093292
-0.093292
-0.093292
-0.093292
-0.093292
-0.093292
-0.093292
-0.093292
-0.093292
-0.093292
-0.093292
-0.093292
-0.093292
-0.093292
-0.093292
-0.093292
-0.093292
-0.093291
-0.093291
-0.093291
-0.093291
-0.093291
-0.093291
-0.093291
-0.093291
-0.093291
-0.093291
-0.093291
-0.093291
-0.093291
-0.093291
-0.093291
-0.093291
-0.093291
-0.093290
-0.093290
-0.093290
-0.093290
-0.093290
-0.093290
-0.093290
-0.093290
-0.093290
-0.093290
-0.093290
-0.093290
-0.093290
-0.093290
-0.093290
-0.093290
-0.093290
-0.093289
-0.093289
-0.093289
-0.093289
-0.093289
-0.093289
-0.093289
-0.093289
-0.093289
-0.093289
-0.093289
-0.093289
-0.093289
-0.093289
-0.093289
-0.093289
-0.093289
-0.093289
-0.093288
-0.093288
-0.093288
-0.093288
-0.093288
-0.093288
-0.093288
-0.093288
-0.093288
-0.093288
-0.093288
-0.093288
-0.093288
-0.093288
-0.093288
-0.093288
-0.093288
-0.093288
-0.093287
-0.093287
-0.093287
-0.093287
-0.093287
-0.093287
-0.093287
-0.093287
-0.093287
-0.093287
-0.093287
-0.093287
-0.093287
-0.093287
-0.093287
-0.093287
-0.093287
-0.093286
-0.093286
-0.093286
-0.093286
-0.093286
-0.093286
-0.093286
-0.093286
-0.093286
-0.093286
-0.093286
-0.093286
-0.093286
-0.093286
-0.093286
-0.093286
-0.093286
-0.093286
-0.093285
-0.093285
-0.093285
-0.093285
-0.093285
-0.093285
-0.093285
-0.093285
-0.093285
-0.093285
-0.093285
-0.093285
-0.093285
-0.093285
-0.093285
-0.093285
-0.093285
-0.093285
-0.093284
-0.093284
-0.093284
-0.093284
-0.093284
-0.093284
-0.093284
-0.093284
-0.093284
-0.093284
-0.093284
-0.093284
-0.093284
-0.093284
-0.093284
-0.093284
-0.093284
-0.093284
-0.093283
-0.093283
-0.093283
-0.093283
-0.093283
-0.093283
-0.093283
-0.093283
-0.093283
-0.093283
-0.093283
-0.093283
-0.093283
-0.093283
-0.093283
-0.093283
-0.093283
-0.093283
-0.093282
-0.093282
-0.093282
-0.093282
-0.093282
-0.093282
-0.093282
-0.093282
-0.093282
-0.093282
-0.093282
-0.093282
-0.093282
-0.093282
-0.093282
-0.093282
-0.093282
-0.093282
-0.093281
-0.093281
-0.093281
-0.093281
-0.093281
-0.093281
-0.093281
-0.093281
-0.093281
-0.093281
-0.093281
-0.093281
-0.093281
-0.093281
-0.093281
-0.093281
-0.093281
-0.093280
-0.093280
-0.093280
-0.093280
-0.093280
-0.093280
-0.093280
-0.093280
-0.093280
-0.093280
-0.093280
-0.093280
-0.093280
-0.093280
-0.093280
-0.093280
-0.093280
-0.093280
-0.093279
-0.093279
-0.093279
-0.093279
-0.093279
-0.093279
-0.093279
-0.093279
-0.093279
-0.093279
-0.093279
-0.093279
-0.093279
-0.093279
-0.093279
-0.093279
-0.093279
-0.093279
-0.093278
-0.093278
-0.093278
-0.093278
-0.093278
-0.093278
-0.093278
-0.093278
-0.093278
-0.093278
-0.093278
-0.093278
-0.093278
-0.093278
-0.093278
-0.093278
-0.093278
-0.093277
-0.093277
-0.093277
-0.093277
-0.093277
-0.093277
-0.093277
-0.093277
-0.093277
-0.093277
-0.093277
-0.093277
-0.093277
-0.093277
-0.093277
-0.093277
-0.093277
-0.093277
-0.093276
-0.093276
-0.093276
-0.093276
-0.093276
-0.093276
-0.093276
-0.093276
-0.093276
-0.093276
-0.093276
-0.093276
-0.093276
-0.093276
-0.093276
-0.093276
-0.093276
-0.093276
-0.093275
-0.093275
-0.093275
-0.093275
-0.093275
-0.093275
-0.093275
-0.093275
-0.093275
-0.093275
-0.093275
-0.093275
-0.093275
-0.093275
-0.093275
-0.093275
-0.093275
-0.093275
-0.093274
-0.093274
-0.093274
-0.093274
-0.093274
-0.093274
-0.093274
-0.093274
-0.093274
-0.093274
-0.093274
-0.093274
-0.093274
-0.093274
-0.093274
-0.093274
-0.093274
-0.093274
-0.093273
-0.093273
-0.093273
-0.093273
-0.093273
-0.093273
-0.093273
-0.093273
-0.093273
-0.093273
-0.093273
-0.093273
-0.093273
-0.093273
-0.093273
-0.093273
-0.093273
-0.093272
-0.093272
-0.093272
-0.093272
-0.093272
-0.093272
-0.093272
-0.093272
-0.093272
-0.093272
-0.093272
-0.093272
-0.093272
-0.093272
-0.093272
-0.093272
-0.093272
-0.093272
-0.093271
-0.093271
-0.093271
-0.093271
-0.093271
-0.093271
-0.093271
-0.093271
-0.093271
-0.093271
-0.093271
-0.093271
-0.093271
-0.093271
-0.093271
-0.093271
-0.093271
-0.093271
-0.093270
-0.093270
-0.093270
-0.093270
-0.093270
-0.093270
-0.093270
-0.093270
-0.093270
-0.093270
-0.093270
-0.093270
-0.093270
-0.093270
-0.093270
-0.093270
-0.093270
-0.093270
-0.093269
-0.093269
-0.093269
-0.093269
-0.093269
-0.093269
-0.093269
-0.093269
-0.093269
-0.093269
-0.093269
-0.093269
-0.093269
-0.093269
-0.093269
-0.093269
-0.093269
-0.093269
-0.093268
-0.093268
-0.093268
-0.093268
-0.093268
-0.093268
-0.093268
-0.093268
-0.093268
-0.093268
-0.093268
-0.093268
-0.093268
-0.093268
-0.093268
-0.093268
-0.093268
-0.093268
-0.093267
-0.093267
-0.093267
-0.093267
-0.093267
-0.093267
-0.093267
-0.093267
-0.093267
-0.093267
-0.093267
-0.093267
-0.093267
-0.093267
-0.093267
-0.093267
-0.093267
-0.093267
-0.093266
-0.093266
-0.093266
-0.093266
-0.093266
-0.093266
-0.093266
-0.093266
-0.093266
-0.093266
-0.093266
-0.093266
-0.093266
-0.093266
-0.093266
-0.093266
-0.093266
-0.093266
-0.093265
-0.093265
-0.093265
-0.093265
-0.093265
-0.093265
-0.093265
-0.093265
-0.093265
-0.093265
-0.093265
-0.093265
-0.093265
-0.093265
-0.093265
-0.093265
-0.093265
-0.093265
-0.093264
-0.093264
-0.093264
-0.093264
-0.093264
-0.093264
-0.093264
-0.093264
-0.093264
-0.093264
-0.093264
-0.093264
-0.093264
-0.093264
-0.093264
-0.093264
-0.093264
-0.093264
-0.093263
-0.093263
-0.093263
-0.093263
-0.093263
-0.093263
-0.093263
-0.093263
-0.093263
-0.093263
-0.093263
-0.093263
-0.093263
-0.093263
-0.093263
-0.093263
-0.093263
-0.093263
-0.093262
-0.093262
-0.093262
-0.093262
-0.093262
-0.093262
-0.093262
-0.093262
-0.093262
-0.093262
-0.093262
-0.093262
-0.093262
-0.093262
-0.093262
-0.093262
-0.093262
-0.093262
-0.093261
-0.093261
-0.093261
-0.093261
-0.093261
-0.093261
-0.093261
-0.093261
-0.093261
-0.093261
-0.093261
-0.093261
-0.093261
-0.093261
-0.093261
-0.093261
-0.093261
-0.093261
-0.093260
-0.093260
-0.093260
-0.093260
-0.093260
-0.093260
-0.093260
-0.093260
-0.093260
-0.093260
-0.093260
-0.093260
-0.093260
-0.093260
-0.093260
-0.093260
-0.093260
-0.093260
-0.093259
-0.093259
-0.093259
-0.093259
-0.093259
-0.093259
-0.093259
-0.093259
-0.093259
-0.093259
-0.093259
-0.093259
-0.093259
-0.093259
-0.093259
-0.093259
-0.093259
-0.093259
-0.093258
-0.093258
-0.093258
-0.093258
-0.093258
-0.093258
-0.093258
-0.093258
-0.093258
-0.093258
-0.093258
-0.093258
-0.093258
-0.093258
-0.093258
-0.093258
-0.093258
-0.093258
-0.093257
-0.093257
-0.093257
-0.093257
-0.093257
-0.093257
-0.093257
-0.093257
-0.093257
-0.093257
-0.093257
-0.093257
-0.093257
-0.093257
-0.093257
-0.093257
-0.093257
-0.093257
-0.093256
-0.093256
-0.093256
-0.093256
-0.093256
-0.093256
-0.093256
-0.093256
-0.093256
-0.093256
-0.093256
-0.093256
-0.093256
-0.093256
-0.093256
-0.093256
-0.093256
-0.093256
-0.093256
-0.093255
-0.093255
-0.093255
-0.093255
-0.093255
-0.093255
-0.093255
-0.093255
-0.093255
-0.093255
-0.093255
-0.093255
-0.093255
-0.093255
-0.093255
-0.093255
-0.093255
-0.093255
-0.093255
-0.093254
-0.093254
-0.093254
-0.093254
-0.093254
-0.093254
-0.093254
-0.093254
-0.093254
-0.093254
-0.093254
-0.093254
-0.093254
-0.093254
-0.093254
-0.093254
-0.093254
-0.093254
-0.093253
-0.093253
-0.093253
-0.093253
-0.093253
-0.093253
-0.093253
-0.093253
-0.093253
-0.093253
-0.093253
-0.093253
-0.093253
-0.093253
-0.093253
-0.093253
-0.093253
-0.093253
-0.093252
-0.093252
-0.093252
-0.093252
-0.093252
-0.093252
-0.093252
-0.093252
-0.093252
-0.093252
-0.093252
-0.093252
-0.093252
-0.093252
-0.093252
-0.093252
-0.093252
-0.093252
-0.093251
-0.093251
-0.093251
-0.093251
-0.093251
-0.093251
-0.093251
-0.093251
-0.093251
-0.093251
-0.093251
-0.093251
-0.093251
-0.093251
-0.093251
-0.093251
-0.093251
-0.093251
-0.093250
-0.093250
-0.093250
-0.093250
-0.093250
-0.093250
-0.093250
-0.093250
-0.093250
-0.093250
-0.093250
-0.093250
-0.093250
-0.093250
-0.093250
-0.093250
-0.093250
-0.093250
-0.093250
-0.093249
-0.093249
-0.093249
-0.093249
-0.093249
-0.093249
-0.093249
-0.093249
-0.093249
-0.093249
-0.093249
-0.093249
-0.093249
-0.093249
-0.093249
-0.093249
-0.093249
-0.093249
-0.093248
-0.093248
-0.093248
-0.093248
-0.093248
-0.093248
-0.093248
-0.093248
-0.093248
-0.093248
-0.093248
-0.093248
-0.093248
-0.093248
-0.093248
-0.093248
-0.093248
-0.093248
-0.093247
-0.093247
-0.093247
-0.093247
-0.093247
-0.093247
-0.093247
-0.093247
-0.093247
-0.093247
-0.093247
-0.093247
-0.093247
-0.093247
-0.093247
-0.093247
-0.093247
-0.093247
-0.093247
-0.093246
-0.093246
-0.093246
-0.093246
-0.093246
-0.093246
-0.093246
-0.093246
-0.093246
-0.093246
-0.093246
-0.093246
-0.093246
-0.093246
-0.093246
-0.093246
-0.093246
-0.093246
-0.093245
-0.093245
-0.093245
-0.093245
-0.093245
-0.093245
-0.093245
-0.093245
-0.093245
-0.093245
-0.093245
-0.093245
-0.093245
-0.093245
-0.093245
-0.093245
-0.093245
-0.093245
-0.093244
-0.093244
-0.093244
-0.093244
-0.093244
-0.093244
-0.093244
-0.093244
-0.093244
-0.093244
-0.093244
-0.093244
-0.093244
-0.093244
-0.093244
-0.093244
-0.093244
-0.093244
-0.093244
-0.093243
-0.093243
-0.093243
-0.093243
-0.093243
-0.093243
-0.093243
-0.093243
-0.093243
-0.093243
-0.093243
-0.093243
-0.093243
-0.093243
-0.093243
-0.093243
-0.093243
-0.093243
-0.093242
-0.093242
-0.093242
-0.093242
-0.093242
-0.093242
-0.093242
-0.093242
-0.093242
-0.093242
-0.093242
-0.093242
-0.093242
-0.093242
-0.093242
-0.093242
-0.093242
-0.093242
-0.093241
-0.093241
-0.093241
-0.093241
-0.093241
-0.093241
-0.093241
-0.093241
-0.093241
-0.093241
-0.093241
-0.093241
-0.093241
-0.093241
-0.093241
-0.093241
-0.093241
-0.093241
-0.093241
-0.093240
-0.093240
-0.093240
-0.093240
-0.093240
-0.093240
-0.093240
-0.093240
-0.093240
-0.093240
-0.093240
-0.093240
-0.093240
-0.093240
-0.093240
-0.093240
-0.093240
-0.093240
-0.093239
-0.093239
-0.093239
-0.093239
-0.093239
-0.093239
-0.093239
-0.093239
-0.093239
-0.093239
-0.093239
-0.093239
-0.093239
-0.093239
-0.093239
-0.093239
-0.093239
-0.093239
-0.093239
-0.093238
-0.093238
-0.093238
-0.093238
-0.093238
-0.093238
-0.093238
-0.093238
-0.093238
-0.093238
-0.093238
-0.093238
-0.093238
-0.093238
-0.093238
-0.093238
-0.093238
-0.093238
-0.093237
-0.093237
-0.093237
-0.093237
-0.093237
-0.093237
-0.093237
-0.093237
-0.093237
-0.093237
-0.093237
-0.093237
-0.093237
-0.093237
-0.093237
-0.093237
-0.093237
-0.093237
-0.093237
-0.093236
-0.093236
-0.093236
-0.093236
-0.093236
-0.093236
-0.093236
-0.093236
-0.093236
-0.093236
-0.093236
-0.093236
-0.093236
-0.093236
-0.093236
-0.093236
-0.093236
-0.093236
-0.093235
-0.093235
-0.093235
-0.093235
-0.093235
-0.093235
-0.093235
-0.093235
-0.093235
-0.093235
-0.093235
-0.093235
-0.093235
-0.093235
-0.093235
-0.093235
-0.093235
-0.093235
-0.093235
-0.093234
-0.093234
-0.093234
-0.093234
-0.093234
-0.093234
-0.093234
-0.093234
-0.093234
-0.093234
-0.093234
-0.093234
-0.093234
-0.093234
-0.093234
-0.093234
-0.093234
-0.093234
-0.093233
-0.093233
-0.093233
-0.093233
-0.093233
-0.093233
-0.093233
-0.093233
-0.093233
-0.093233
-0.093233
-0.093233
-0.093233
-0.093233
-0.093233
-0.093233
-0.093233
-0.093233
-0.093233
-0.093232
-0.093232
-0.093232
-0.093232
-0.093232
-0.093232
-0.093232
-0.093232
-0.093232
-0.093232
-0.093232
-0.093232
-0.093232
-0.093232
-0.093232
-0.093232
-0.093232
-0.093232
-0.093231
-0.093231
-0.093231
-0.093231
-0.093231
-0.093231
-0.093231
-0.093231
-0.093231
-0.093231
-0.093231
-0.093231
-0.093231
-0.093231
-0.093231
-0.093231
-0.093231
-0.093231
-0.093231
-0.093230
-0.093230
-0.093230
-0.093230
-0.093230
-0.093230
-0.093230
-0.093230
-0.093230
-0.093230
-0.093230
-0.093230
-0.093230
-0.093230
-0.093230
-0.093230
-0.093230
-0.093230
-0.093230
-0.093229
-0.093229
-0.093229
-0.093229
-0.093229
-0.093229
-0.093229
-0.093229
-0.093229
-0.093229
-0.093229
-0.093229
-0.093229
-0.093229
-0.093229
-0.093229
-0.093229
-0.093229
-0.093229
-0.093228
-0.093228
-0.093228
-0.093228
-0.093228
-0.093228
-0.093228
-0.093228
-0.093228
-0.093228
-0.093228
-0.093228
-0.093228
-0.093228
-0.093228
-0.093228
-0.093228
-0.093228
-0.093228
-0.093227
-0.093227
-0.093227
-0.093227
-0.093227
-0.093227
-0.093227
-0.093227
-0.093227
-0.093227
-0.093227
-0.093227
-0.093227
-0.093227
-0.093227
-0.093227
-0.093227
-0.093227
-0.093227
-0.093226
-0.093226
-0.093226
-0.093226
-0.093226
-0.093226
-0.093226
-0.093226
-0.093226
-0.093226
-0.093226
-0.093226
-0.093226
-0.093226
-0.093226
-0.093226
-0.093226
-0.093226
-0.093225
-0.093225
-0.093225
-0.093225
-0.093225
-0.093225
-0.093225
-0.093225
-0.093225
-0.093225
-0.093225
-0.093225
-0.093225
-0.093225
-0.093225
-0.093225
-0.093225
-0.093225
-0.093225
-0.093224
-0.093224
-0.093224
-0.093224
-0.093224
-0.093224
-0.093224
-0.093224
-0.093224
-0.093224
-0.093224
-0.093224
-0.093224
-0.093224
-0.093224
-0.093224
-0.093224
-0.093224
-0.093224
-0.093223
-0.093223
-0.093223
-0.093223
-0.093223
-0.093223
-0.093223
-0.093223
-0.093223
-0.093223
-0.093223
-0.093223
-0.093223
-0.093223
-0.093223
-0.093223
-0.093223
-0.093223
-0.093223
-0.093222
-0.093222
-0.093222
-0.093222
-0.093222
-0.093222
-0.093222
-0.093222
-0.093222
-0.093222
-0.093222
-0.093222
-0.093222
-0.093222
-0.093222
-0.093222
-0.093222
-0.093222
-0.093221
-0.093221
-0.093221
-0.093221
-0.093221
-0.093221
-0.093221
-0.093221
-0.093221
-0.093221
-0.093221
-0.093221
-0.093221
-0.093221
-0.093221
-0.093221
-0.093221
-0.093221
-0.093221
-0.093220
-0.093220
-0.093220
-0.093220
-0.093220
-0.093220
-0.093220
-0.093220
-0.093220
-0.093220
-0.093220
-0.093220
-0.093220
-0.093220
-0.093220
-0.093220
-0.093220
-0.093220
-0.093220
-0.093219
-0.093219
-0.093219
-0.093219
-0.093219
-0.093219
-0.093219
-0.093219
-0.093219
-0.093219
-0.093219
-0.093219
-0.093219
-0.093219
-0.093219
-0.093219
-0.093219
-0.093219
-0.093219
-0.093218
-0.093218
-0.093218
-0.093218
-0.093218
-0.093218
-0.093218
-0.093218
-0.093218
-0.093218
-0.093218
-0.093218
-0.093218
-0.093218
-0.093218
-0.093218
-0.093218
-0.093218
-0.093218
-0.093217
-0.093217
-0.093217
-0.093217
-0.093217
-0.093217
-0.093217
-0.093217
-0.093217
-0.093217
-0.093217
-0.093217
-0.093217
-0.093217
-0.093217
-0.093217
-0.093217
-0.093217
-0.093217
-0.093216
-0.093216
-0.093216
-0.093216
-0.093216
-0.093216
-0.093216
-0.093216
-0.093216
-0.093216
-0.093216
-0.093216
-0.093216
-0.093216
-0.093216
-0.093216
-0.093216
-0.093216
-0.093216
-0.093215
-0.093215
-0.093215
-0.093215
-0.093215
-0.093215
-0.093215
-0.093215
-0.093215
-0.093215
-0.093215
-0.093215
-0.093215
-0.093215
-0.093215
-0.093215
-0.093215
-0.093215
-0.093214
-0.093214
-0.093214
-0.093214
-0.093214
-0.093214
-0.093214
-0.093214
-0.093214
-0.093214
-0.093214
-0.093214
-0.093214
-0.093214
-0.093214
-0.093214
-0.093214
-0.093214
-0.093214
-0.093213
-0.093213
-0.093213
-0.093213
-0.093213
-0.093213
-0.093213
-0.093213
-0.093213
-0.093213
-0.093213
-0.093213
-0.093213
-0.093213
-0.093213
-0.093213
-0.093213
-0.093213
-0.093213
-0.093212
-0.093212
-0.093212
-0.093212
-0.093212
-0.093212
-0.093212
-0.093212
-0.093212
-0.093212
-0.093212
-0.093212
-0.093212
-0.093212
-0.093212
-0.093212
-0.093212
-0.093212
-0.093212
-0.093211
-0.093211
-0.093211
-0.093211
-0.093211
-0.093211
-0.093211
-0.093211
-0.093211
-0.093211
-0.093211
-0.093211
-0.093211
-0.093211
-0.093211
-0.093211
-0.093211
-0.093211
-0.093211
-0.093210
-0.093210
-0.093210
-0.093210
-0.093210
-0.093210
-0.093210
-0.093210
-0.093210
-0.093210
-0.093210
-0.093210
-0.093210
-0.093210
-0.093210
-0.093210
-0.093210
-0.093210
-0.093210
-0.093209
-0.093209
-0.093209
-0.093209
-0.093209
-0.093209
-0.093209
-0.093209
-0.093209
-0.093209
-0.093209
-0.093209
-0.093209
-0.093209
-0.093209
-0.093209
-0.093209
-0.093209
-0.093209
-0.093209
-0.093208
-0.093208
-0.093208
-0.093208
-0.093208
-0.093208
-0.093208
-0.093208
-0.093208
-0.093208
-0.093208
-0.093208
-0.093208
-0.093208
-0.093208
-0.093208
-0.093208
-0.093208
-0.093208
-0.093207
-0.093207
-0.093207
-0.093207
-0.093207
-0.093207
-0.093207
-0.093207
-0.093207
-0.093207
-0.093207
-0.093207
-0.093207
-0.093207
-0.093207
-0.093207
-0.093207
-0.093207
-0.093207
-0.093206
-0.093206
-0.093206
-0.093206
-0.093206
-0.093206
-0.093206
-0.093206
-0.093206
-0.093206
-0.093206
-0.093206
-0.093206
-0.093206
-0.093206
-0.093206
-0.093206
-0.093206
-0.093206
-0.093205
-0.093205
-0.093205
-0.093205
-0.093205
-0.093205
-0.093205
-0.093205
-0.093205
-0.093205
-0.093205
-0.093205
-0.093205
-0.093205
-0.093205
-0.093205
-0.093205
-0.093205
-0.093205
-0.093204
-0.093204
-0.093204
-0.093204
-0.093204
-0.093204
-0.093204
-0.093204
-0.093204
-0.093204
-0.093204
-0.093204
-0.093204
-0.093204
-0.093204
-0.093204
-0.093204
-0.093204
-0.093204
-0.093203
-0.093203
-0.093203
-0.093203
-0.093203
-0.093203
-0.093203
-0.093203
-0.093203
-0.093203
-0.093203
-0.093203
-0.093203
-0.093203
-0.093203
-0.093203
-0.093203
-0.093203
-0.093203
-0.093203
-0.093203
-0.093202
-0.093202
-0.093202
-0.093202
-0.093202
-0.093202
-0.093202
-0.093202
-0.093202
-0.093202
-0.093202
-0.093202
-0.093202
-0.093202
-0.093202
-0.093202
-0.093202
-0.093202
-0.093202
-0.093201
-0.093201
-0.093201
-0.093201
-0.093201
-0.093201
-0.093201
-0.093201
-0.093201
-0.093201
-0.093201
-0.093201
-0.093201
-0.093201
-0.093201
-0.093201
-0.093201
-0.093201
-0.093201
-0.093200
-0.093200
-0.093200
-0.093200
-0.093200
-0.093200
-0.093200
-0.093200
-0.093200
-0.093200
-0.093200
-0.093200
-0.093200
-0.093200
-0.093200
-0.093200
-0.093200
-0.093200
-0.093200
-0.093200
-0.093199
-0.093199
-0.093199
-0.093199
-0.093199
-0.093199
-0.093199
-0.093199
-0.093199
-0.093199
-0.093199
-0.093199
-0.093199
-0.093199
-0.093199
-0.093199
-0.093199
-0.093199
-0.093199
-0.093198
-0.093198
-0.093198
-0.093198
-0.093198
-0.093198
-0.093198
-0.093198
-0.093198
-0.093198
-0.093198
-0.093198
-0.093198
-0.093198
-0.093198
-0.093198
-0.093198
-0.093198
-0.093198
-0.093197
-0.093197
-0.093197
-0.093197
-0.093197
-0.093197
-0.093197
-0.093197
-0.093197
-0.093197
-0.093197
-0.093197
-0.093197
-0.093197
-0.093197
-0.093197
-0.093197
-0.093197
-0.093197
-0.093197
-0.093196
-0.093196
-0.093196
-0.093196
-0.093196
-0.093196
-0.093196
-0.093196
-0.093196
-0.093196
-0.093196
-0.093196
-0.093196
-0.093196
-0.093196
-0.093196
-0.093196
-0.093196
-0.093196
-0.093195
-0.093195
-0.093195
-0.093195
-0.093195
-0.093195
-0.093195
-0.093195
-0.093195
-0.093195
-0.093195
-0.093195
-0.093195
-0.093195
-0.093195
-0.093195
-0.093195
-0.093195
-0.093195
-0.093195
-0.093194
-0.093194
-0.093194
-0.093194
-0.093194
-0.093194
-0.093194
-0.093194
-0.093194
-0.093194
-0.093194
-0.093194
-0.093194
-0.093194
-0.093194
-0.093194
-0.093194
-0.093194
-0.093194
-0.093193
-0.093193
-0.093193
-0.093193
-0.093193
-0.093193
-0.093193
-0.093193
-0.093193
-0.093193
-0.093193
-0.093193
-0.093193
-0.093193
-0.093193
-0.093193
-0.093193
-0.093193
-0.093193
-0.093193
-0.093192
-0.093192
-0.093192
-0.093192
-0.093192
-0.093192
-0.093192
-0.093192
-0.093192
-0.093192
-0.093192
-0.093192
-0.093192
-0.093192
-0.093192
-0.093192
-0.093192
-0.093192
-0.093192
-0.093191
-0.093191
-0.093191
-0.093191
-0.093191
-0.093191
-0.093191
-0.093191
-0.093191
-0.093191
-0.093191
-0.093191
-0.093191
-0.093191
-0.093191
-0.093191
-0.093191
-0.093191
-0.093191
-0.093191
-0.093190
-0.093190
-0.093190
-0.093190
-0.093190
-0.093190
-0.093190
-0.093190
-0.093190
-0.093190
-0.093190
-0.093190
-0.093190
-0.093190
-0.093190
-0.093190
-0.093190
-0.093190
-0.093190
-0.093190
-0.093189
-0.093189
-0.093189
-0.093189
-0.093189
-0.093189
-0.093189
-0.093189
-0.093189
-0.093189
-0.093189
-0.093189
-0.093189
-0.093189
-0.093189
-0.093189
-0.093189
-0.093189
-0.093189
-0.093188
-0.093188
-0.093188
-0.093188
-0.093188
-0.093188
-0.093188
-0.093188
-0.093188
-0.093188
-0.093188
-0.093188
-0.093188
-0.093188
-0.093188
-0.093188
-0.093188
-0.093188
-0.093188
-0.093188
-0.093187
-0.093187
-0.093187
-0.093187
-0.093187
-0.093187
-0.093187
-0.093187
-0.093187
-0.093187
-0.093187
-0.093187
-0.093187
-0.093187
-0.093187
-0.093187
-0.093187
-0.093187
-0.093187
-0.093187
-0.093186
-0.093186
-0.093186
-0.093186
-0.093186
-0.093186
-0.093186
-0.093186
-0.093186
-0.093186
-0.093186
-0.093186
-0.093186
-0.093186
-0.093186
-0.093186
-0.093186
-0.093186
-0.093186
-0.093186
-0.093185
-0.093185
-0.093185
-0.093185
-0.093185
-0.093185
-0.093185
-0.093185
-0.093185
-0.093185
-0.093185
-0.093185
-0.093185
-0.093185
-0.093185
-0.093185
-0.093185
-0.093185
-0.093185
-0.093185
-0.093184
-0.093184
-0.093184
-0.093184
-0.093184
-0.093184
-0.093184
-0.093184
-0.093184
-0.093184
-0.093184
-0.093184
-0.093184
-0.093184
-0.093184
-0.093184
-0.093184
-0.093184
-0.093184
-0.093184
-0.093183
-0.093183
-0.093183
-0.093183
-0.093183
-0.093183
-0.093183
-0.093183
-0.093183
-0.093183
-0.093183
-0.093183
-0.093183
-0.093183
-0.093183
-0.093183
-0.093183
-0.093183
-0.093183
-0.093183
-0.093182
-0.093182
-0.093182
-0.093182
-0.093182
-0.093182
-0.093182
-0.093182
-0.093182
-0.093182
-0.093182
-0.093182
-0.093182
-0.093182
-0.093182
-0.093182
-0.093182
-0.093182
-0.093182
-0.093182
-0.093181
-0.093181
-0.093181
-0.093181
-0.093181
-0.093181
-0.093181
-0.093181
-0.093181
-0.093181
-0.093181
-0.093181
-0.093181
-0.093181
-0.093181
-0.093181
-0.093181
-0.093181
-0.093181
-0.093181
-0.093180
-0.093180
-0.093180
-0.093180
-0.093180
-0.093180
-0.093180
-0.093180
-0.093180
-0.093180
-0.093180
-0.093180
-0.093180
-0.093180
-0.093180
-0.093180
-0.093180
-0.093180
-0.093180
-0.093180
-0.093179
-0.093179
-0.093179
-0.093179
-0.093179
-0.093179
-0.093179
-0.093179
-0.093179
-0.093179
-0.093179
-0.093179
-0.093179
-0.093179
-0.093179
-0.093179
-0.093179
-0.093179
-0.093179
-0.093179
-0.093178
-0.093178
-0.093178
-0.093178
-0.093178
-0.093178
-0.093178
-0.093178
-0.093178
-0.093178
-0.093178
-0.093178
-0.093178
-0.093178
-0.093178
-0.093178
-0.093178
-0.093178
-0.093178
-0.093178
-0.093177
-0.093177
-0.093177
-0.093177
-0.093177
-0.093177
-0.093177
-0.093177
-0.093177
-0.093177
-0.093177
-0.093177
-0.093177
-0.093177
-0.093177
-0.093177
-0.093177
-0.093177
-0.093177
-0.093177
-0.093177
-0.093177
-0.093176
-0.093176
-0.093176
-0.093176
-0.093176
-0.093176
-0.093176
-0.093176
-0.093176
-0.093176
-0.093176
-0.093176
-0.093176
-0.093176
-0.093176
-0.093176
-0.093176
-0.093176
-0.093176
-0.093176
-0.093175
-0.093175
-0.093175
-0.093175
-0.093175
-0.093175
-0.093175
-0.093175
-0.093175
-0.093175
-0.093175
-0.093175
-0.093175
-0.093175
-0.093175
-0.093175
-0.093175
-0.093175
-0.093175
-0.093175
-0.093175
-0.093174
-0.093174
-0.093174
-0.093174
-0.093174
-0.093174
-0.093174
-0.093174
-0.093174
-0.093174
-0.093174
-0.093174
-0.093174
-0.093174
-0.093174
-0.093174
-0.093174
-0.093174
-0.093174
-0.093174
-0.093174
-0.093173
-0.093173
-0.093173
-0.093173
-0.093173
-0.093173
-0.093173
-0.093173
-0.093173
-0.093173
-0.093173
-0.093173
-0.093173
-0.093173
-0.093173
-0.093173
-0.093173
-0.093173
-0.093173
-0.093173
-0.093173
-0.093172
-0.093172
-0.093172
-0.093172
-0.093172
-0.093172
-0.093172
-0.093172
-0.093172
-0.093172
-0.093172
-0.093172
-0.093172
-0.093172
-0.093172
-0.093172
-0.093172
-0.093172
-0.093172
-0.093172
-0.093172
-0.093172
-0.093171
-0.093171
-0.093171
-0.093171
-0.093171
-0.093171
-0.093171
-0.093171
-0.093171
-0.093171
-0.093171
-0.093171
-0.093171
-0.093171
-0.093171
-0.093171
-0.093171
-0.093171
-0.093171
-0.093171
-0.093171
-0.093171
-0.093171
-0.093171
-0.093171
-0.093171
-0.093171
-0.093171
-0.093171
-0.093171
-0.093171
-0.093171
-0.093171
-0.093171
-0.093171
-0.093171
-0.093171
-0.093171
-0.093171
-0.093171
-0.093171
-0.093171
-0.093171
-0.093171
-0.093171
-0.093171
-0.093171
-0.093171
-0.093171
-0.093171
-0.093171
-0.093170
-0.093170
-0.093170
-0.093170
-0.093170
-0.093170
-0.093170
-0.093170
-0.093170
-0.093170
-0.093170
-0.093170
-0.093170
-0.093170
-0.093170
-0.093170
-0.093170
-0.093170
-0.093170
-0.093170
-0.093170
-0.093170
-0.093170
-0.093170
-0.093170
-0.093170
-0.093170
-0.093170
-0.093170
-0.093170
-0.093170
-0.093170
-0.093170
-0.093170
-0.093170
-0.093170
-0.093170
-0.093170
-0.093170
-0.093170
-0.093170
-0.093170
-0.093170
-0.093170
-0.093170
-0.093170
-0.093170
-0.093170
-0.093170
-0.093170
-0.093170
-0.093170
-0.093170
-0.093170
-0.093170
-0.093170
-0.093170
-0.093170
-0.093170
-0.093170
-0.093170
-0.093170
-0.093170
-0.093170
-0.093170
-0.093170
-0.093170
-0.093170
-0.093170
-0.093170
-0.093170
-0.093170
-0.093170
-0.093170
-0.093170
-0.093170
-0.093170
-0.093170
-0.093170
-0.093170
-0.093170
-0.093170
-0.093170
-0.093170
-0.093170
-0.093170
-0.093170
-0.093170
-0.093170
-0.093170
-0.093170
-0.093170
-0.093170
-0.093170
-0.093170
-0.093170
-0.093170
-0.093170
-0.093170
-0.093170
-0.093170
-0.093170
-0.093170
-0.093170
-0.093170
-0.093170
-0.093170
-0.093170
-0.093170
-0.093170
-0.093169
-0.093169
-0.093169
-0.093169
-0.093169
-0.093169
-0.093169
-0.093169
-0.093169
-0.093169
-0.093169
-0.093169
-0.093169
-0.093169
-0.093169
-0.093169
-0.093169
-0.093169
-0.093169
-0.093169
-0.093169
-0.093169
-0.093169
-0.093169
-0.093169
-0.093169
-0.093169
-0.093169
-0.093169
-0.093169
-0.093169
-0.093169
-0.093169
-0.093169
-0.093169
-0.093169
-0.093169
-0.093169
-0.093169
-0.093169
-0.093169
-0.093169
-0.093169
-0.093169
-0.093169
-0.093168
-0.093167
-0.093167
-0.093167
-0.093167
-0.093167
-0.093167
-0.093167
-0.093167
-0.093167
-0.093167
-0.093167
-0.093167
-0.093167
-0.093167
-0.093167
-0.093167
-0.093167
-0.093167
-0.093167
-0.093167
-0.093167
-0.093167
-0.093167
-0.093167
-0.093167
-0.093167
-0.093167
-0.093167
-0.093167
-0.093167
-0.093167
-0.093167
-0.093167
-0.093167
-0.093167
-0.093167
-0.093167
-0.093167
-0.093167
-0.093167
-0.093167
-0.093167
-0.093167
-0.093167
-0.093167
-0.093167
-0.093167
-0.093167
-0.093167
-0.093167
-0.093167
-0.093167
-0.093167
-0.093167
-0.093167
-0.093167
-0.093167
-0.093167
-0.093167
-0.093167
-0.093167
-0.093167
-0.093167
-0.093167
-0.093167
-0.093167
-0.093167
-0.093167
-0.093167
-0.093167
-0.093167
-0.093167
-0.093167
-0.093167
-0.093167
-0.093167
-0.093167
-0.093167
-0.093167
-0.093167
-0.093167
-0.093167
-0.093167
-0.093167
-0.093167
-0.093167
-0.093167
-0.093167
-0.093167
-0.093167
-0.093167
-0.093167
-0.093167
-0.093167
-0.093167
-0.093167
-0.093167
-0.093167
-0.093167
-0.093167
-0.093167
-0.093167
-0.093167
-0.093167
-0.093167
-0.093167
-0.093167
-0.093167
-0.093167
-0.093167
-0.093167
-0.093167
-0.093167
-0.093167
-0.093167
-0.093167
-0.093167
-0.093167
-0.093167
-0.093167
-0.093167
-0.093167
-0.093167
-0.093167
-0.093167
-0.093167
-0.093167
-0.093167
-0.093167
-0.093167
-0.093167
-0.093167
-0.093167
-0.093167
-0.093167
-0.093167
-0.093167
-0.093167
-0.093167
-0.093167
-0.093167
-0.093167
-0.093167
-0.093167
-0.093167
-0.093167
-0.093167
-0.093167
-0.093167
-0.093167
-0.093167
-0.093167
-0.093167
-0.093167
-0.093167
-0.093167
-0.093167
-0.093167
-0.093167
-0.093167
-0.093167
-0.093167
-0.093167
-0.093167
-0.093167
-0.093167
-0.093167
-0.093167
-0.093167
-0.093167
-0.093167
-0.093167
-0.093167
-0.093167
-0.093167
-0.093167
-0.093167
-0.093167
-0.093167
-0.093167
-0.093167
-0.093167
-0.093167
-0.093167
-0.093167
-0.093167
-0.093167
-0.093167
-0.093167
-0.093167
-0.093167
-0.093167
-0.093167
-0.093167
-0.093167
-0.093167
-0.093167
-0.093167
-0.093167
-0.093167
-0.093167
-0.093167
-0.093167
-0.093167
-0.093167
-0.093167
-0.093167
-0.093167
-0.093167
-0.093167
-0.093167
-0.093167
-0.093167
-0.093167
-0.093167
-0.093167
-0.093167
-0.093167
-0.093167
-0.093167
-0.093167
-0.093167
-0.093167
-0.093167
-0.093167
-0.093167
-0.093167
-0.093167
-0.093167
-0.093167
-0.093167
-0.093167
-0.093167
-0.093167
-0.093167
-0.093167
-0.093167
-0.093167
-0.093167
-0.093167
-0.093167
-0.093167
-0.093167
-0.093167
-0.093167
-0.093167
-0.093167
-0.093167
-0.093167
-0.093167
-0.093167
-0.093167
-0.093167
-0.093167
-0.093167
-0.093167
-0.093167
-0.093167
-0.093167
-0.093167
-0.093167
-0.093167
-0.093167
-0.093167
-0.093167
-0.093167
-0.093167
-0.093167
-0.093167
-0.093167
-0.093167
-0.093167
-0.093167
-0.093167
-0.093167
-0.093167
-0.093167
-0.093167
-0.093167
-0.093167
-0.093167
-0.093167
-0.093167
-0.093167
-0.093167
-0.093167
-0.093167
-0.093167
-0.093167
-0.093167
-0.093167
-0.093167
-0.093167
-0.093167
-0.093167
-0.093167
-0.093167
-0.093167
-0.093167
-0.093167
-0.093167
-0.093167
-0.093167
-0.093167
-0.093167
-0.093167
-0.093167
-0.093167
-0.093167
-0.093167
-0.093167
-0.093167
-0.093167
-0.093167
-0.093167
-0.093167
-0.093167
-0.093167
-0.093167
-0.093167
-0.093167
-0.093167
-0.093167
-0.093167
-0.093167
-0.093167
-0.093167
-0.093167
-0.093167
-0.093167
-0.093167
-0.093167
-0.093167
-0.093167
-0.093167
-0.093167
-0.093167
-0.093167
-0.093167
-0.093167
-0.093167
-0.093167
-0.093167
-0.093167
-0.093167
-0.093167
-0.093167
-0.093167
-0.093167
-0.093167
-0.093167
-0.093167
-0.093167
-0.093167
-0.093167
-0.093167
-0.093167
-0.093167
-0.093167
-0.093167
-0.093167
-0.093167
-0.093167
-0.093167
-0.093167
-0.093167
-0.093167
-0.093167
-0.093167
-0.093167
-0.093167
-0.093167
-0.093167
-0.093167
-0.093167
-0.093167
-0.093167
-0.093167
-0.093167
-0.093167
-0.093167
-0.093167
-0.093167
-0.093167
-0.093167
-0.093167
-0.093167
-0.093167
-0.093167
-0.093167
-0.093167
-0.093167
-0.093167
-0.093167
-0.093167
-0.093167
-0.093167
-0.093167
-0.093167
-0.093167
-0.093167
-0.093167
-0.093167
-0.093167
-0.093167
-0.093167
-0.093167
-0.093167
-0.093167
-0.093167
-0.093167
-0.093167
-0.093167
-0.093167
-0.093167
-0.093167
-0.093167
-0.093167
-0.093167
-0.093167
-0.093167
-0.093167
-0.093167
-0.093167
-0.093167
-0.093167
-0.093167
-0.093167
-0.093167
-0.093167
-0.093167
-0.093167
-0.093167
-0.093167
-0.093167
-0.093167
-0.093167
-0.093167
-0.093167
-0.093167
-0.093167
-0.093167
-0.093167
-0.093167
-0.093167
-0.093167
-0.093167
-0.093167
-0.093167
-0.093167
-0.093167
-0.093167
-0.093167
-0.093167
-0.093167
-0.093167
-0.093167
-0.093167
-0.093167
-0.093167
-0.093167
-0.093167
-0.093167
-0.093167
-0.093167
-0.093167
-0.093167
-0.093167
-0.093167
-0.093167
-0.093167
-0.093167
-0.093167
-0.093167
-0.093167
-0.093167
-0.093167
-0.093167
-0.093167
-0.093167
-0.093167
-0.093167
-0.093167
-0.093167
-0.093167
-0.093167
-0.093167
-0.093167
-0.093167
-0.093167
-0.093167
-0.093167
-0.093167
-0.093167
-0.093167
-0.093167
-0.093167
-0.093167
-0.093167
-0.093167
-0.093167
-0.093167
-0.093167
-0.093167
-0.093167
-0.093167
-0.093167
-0.093167
-0.093167
-0.093167
-0.093167
-0.093168
-0.093168
-0.093168
-0.093168
-0.093168
-0.093168
-0.093168
-0.093168
-0.093168
-0.093168
-0.093168
-0.093168
-0.093168
-0.093168
-0.093168
-0.093168
-0.093168
-0.093168
-0.093168
-0.093168
-0.093168
-0.093168
-0.093168
-0.093168
-0.093168
-0.093168
-0.093168
-0.093168
-0.093168
-0.093168
-0.093168
-0.093168
-0.093168
-0.093168
-0.093168
-0.093168
-0.093168
-0.093168
-0.093168
-0.093168
-0.093168
-0.093168
-0.093168
-0.093168
-0.093168
-0.093168
-0.093168
-0.093168
-0.093168
-0.093168
-0.093168
-0.093168
-0.093168
-0.093168
-0.093168
-0.093168
-0.093168
-0.093168
-0.093168
-0.093168
-0.093168
-0.093168
-0.093168
-0.093168
-0.093168
-0.093168
-0.093168
-0.093168
-0.093168
-0.093168
-0.093168
-0.093168
-0.093168
-0.093168
-0.093168
-0.093168
-0.093168
-0.093168
-0.093168
-0.093168
-0.093168
-0.093168
-0.093168
-0.093168
-0.093168
-0.093168
-0.093168
-0.093168
-0.093168
-0.093168
-0.093168
-0.093168
-0.093168
-0.093168
-0.093168
-0.093168
-0.093168
-0.093168
-0.093168
-0.093168
-0.093168
-0.093168
-0.093168
-0.093168
-0.093168
-0.093168
-0.093168
-0.093168
-0.093168
-0.093168
-0.093168
-0.093168
-0.093168
-0.093168
-0.093168
-0.093168
-0.093168
-0.093168
-0.093168
-0.093168
-0.093168
-0.093168
-0.093168
-0.093168
-0.093168
-0.093168
-0.093168
-0.093168
-0.093168
-0.093168
-0.093168
-0.093168
-0.093168
-0.093168
-0.093168
-0.093168
-0.093168
-0.093168
-0.093168
-0.093168
-0.093168
-0.093168
-0.093168
-0.093168
-0.093168
-0.093168
-0.093168
-0.093168
-0.093168
-0.093168
-0.093168
-0.093168
-0.093168
-0.093168
-0.093168
-0.093168
-0.093168
-0.093168
-0.093168
-0.093168
-0.093168
-0.093168
-0.093168
-0.093168
-0.093168
-0.093168
-0.093168
-0.093168
-0.093168
-0.093168
-0.093168
-0.093168
-0.093168
-0.093168
-0.093168
-0.093168
-0.093168
-0.093168
-0.093168
-0.093168
-0.093168
-0.093168
-0.093168
-0.093168
-0.093168
-0.093168
-0.093168
-0.093168
-0.093168
-0.093168
-0.093168
-0.093168
-0.093168
-0.093168
-0.093168
-0.093168
-0.093168
-0.093168
-0.093168
-0.093168
-0.093168
-0.093168
-0.093168
-0.093168
-0.093168
-0.093168
-0.093168
-0.093168
-0.093168
-0.093168
-0.093168
-0.093168
-0.093168
-0.093168
-0.093168
-0.093168
-0.093168
-0.093168
-0.093168
-0.093168
-0.093168
-0.093168
-0.093168
-0.093168
-0.093168
-0.093168
-0.093168
-0.093168
-0.093168
-0.093168
-0.093168
-0.093168
-0.093168
-0.093168
-0.093168
-0.093168
-0.093168
-0.093168
-0.093168
-0.093168
-0.093168
-0.093168
-0.093168
-0.093168
-0.093168
-0.093168
-0.093168
-0.093168
-0.093168
-0.093168
-0.093168
-0.093168
-0.093168
-0.093168
-0.093168
-0.093168
-0.093168
-0.093168
-0.093168
-0.093168
-0.093168
-0.093168
-0.093168
-0.093168
-0.093168
-0.093168
-0.093168
-0.093168
-0.093168
-0.093168
-0.093168
-0.093168
-0.093168
-0.093168
-0.093168
-0.093168
-0.093168
-0.093168
-0.093168
-0.093168
-0.093168
-0.093168
-0.093168
-0.093168
-0.093168
-0.093168
-0.093168
-0.093168
-0.093168
-0.093168
-0.093168
-0.093168
-0.093168
-0.093168
-0.093168
-0.093168
-0.093168
-0.093168
-0.093168
-0.093168
-0.093168
-0.093168
-0.093168
-0.093168
-0.093168
-0.093168
-0.093168
-0.093168
-0.093168
-0.093168
-0.093168
-0.093168
-0.093168
-0.093168
-0.093168
-0.093168
-0.093168
-0.093168
-0.093168
-0.093168
-0.093168
-0.093168
-0.093168
-0.093168
-0.093168
-0.093168
-0.093168
-0.093168
-0.093168
-0.093168
-0.093168
-0.093168
-0.093168
-0.093168
-0.093168
-0.093168
-0.093168
-0.093168
-0.093168
-0.093168
-0.093168
-0.093168
-0.093168
-0.093168
-0.093168
-0.093168
-0.093168
-0.093168
-0.093168
-0.093168
-0.093168
-0.093168
-0.093168
-0.093168
-0.093168
-0.093168
-0.093168
-0.093168
-0.093168
-0.093168
-0.093168
-0.093168
-0.093168
-0.093168
-0.093168
-0.093168
-0.093168
-0.093168
-0.093168
-0.093168
-0.093168
-0.093168
-0.093168
-0.093168
-0.093168
-0.093168
-0.093168
-0.093168
-0.093168
-0.093168
-0.093168
-0.093168
-0.093168
-0.093168
-0.093168
-0.093168
-0.093168
-0.093168
-0.093168
-0.093168
-0.093168
-0.093168
-0.093168
-0.093168
-0.093168
-0.093168
-0.093168
-0.093168
-0.093168
-0.093168
-0.093168
-0.093168
-0.093168
-0.093168
-0.093168
-0.093168
-0.093168
-0.093168
-0.093168
-0.093168
-0.093168
-0.093168
-0.093168
-0.093168
-0.093168
-0.093168
-0.093168
-0.093168
-0.093168
-0.093168
-0.093168
-0.093168
-0.093168
-0.093168
-0.093168
-0.093168
-0.093168
-0.093168
-0.093168
-0.093168
-0.093168
-0.093168
-0.093168
-0.093168
-0.093168
-0.093168
-0.093168
-0.093168
-0.093168
-0.093168
-0.093168
-0.093168
-0.093168
-0.093168
-0.093168
-0.093168
-0.093168
-0.093168
-0.093168
-0.093168
-0.093168
-0.093168
-0.093168
-0.093168
-0.093168
-0.093168
-0.093168
-0.093168
-0.093168
-0.093168
-0.093168
-0.093168
-0.093168
-0.093168
-0.093168
-0.093168
-0.093168
-0.093168
-0.093168
-0.093168
-0.093168
-0.093168
-0.093168
-0.093168
-0.093168
-0.093168
-0.093168
-0.093168
-0.093168
-0.093168
-0.093168
-0.093168
-0.093168
-0.093168
-0.093168
-0.093168
-0.093168
-0.093168
-0.093168
-0.093168
-0.093168
-0.093168
-0.093168
-0.093168
-0.093168
-0.093168
-0.093168
-0.093168
-0.093168
-0.093168
-0.093168
-0.093168
-0.093168
-0.093168
-0.093168
-0.093168
-0.093168
-0.093168
-0.093168
-0.093168
-0.093168
-0.093168
-0.093168
-0.093168
-0.093168
-0.093168
-0.093168
-0.093168
-0.093168
-0.093168
-0.093168
-0.093168
-0.093168
-0.093168
-0.093168
-0.093168
-0.093168
-0.093168
-0.093168
-0.093168
-0.093168
-0.093168
-0.093168
-0.093168
-0.093168
-0.093168
-0.093168
-0.093168
-0.093168
-0.093168
-0.093168
-0.093168
-0.093168
-0.093168
-0.093168
-0.093168
-0.093168
-0.093168
-0.093168
-0.093168
-0.093168
-0.093168
-0.093168
-0.093168
-0.093168
-0.093168
-0.093168
-0.093168
-0.093168
-0.093168
-0.093168
-0.093168
-0.093168
-0.093168
-0.093168
-0.093168
-0.093168
-0.093168
-0.093168
-0.093168
-0.093168
-0.093168
-0.093168
-0.093168
-0.093168
-0.093168
-0.093168
-0.093168
-0.093168
-0.093168
-0.093168
-0.093168
-0.093168
-0.093168
-0.093168
-0.093168
-0.093168
-0.093168
-0.093168
-0.093168
-0.093168
-0.093168
-0.093168
-0.093168
-0.093168
-0.093168
-0.093168
-0.093168
-0.093168
-0.093168
-0.093168
-0.093168
-0.093168
-0.093168
-0.093168
-0.093168
-0.093168
-0.093168
-0.093168
-0.093168
-0.093168
-0.093168
-0.093168
-0.093168
-0.093168
-0.093168
-0.093168
-0.093168
-0.093168
-0.093168
-0.093168
-0.093168
-0.093168
-0.093168
-0.093168
-0.093168
-0.093168
-0.093168
-0.093168
-0.093168
-0.093168
-0.093168
-0.093168
-0.093168
-0.093168
-0.093168
-0.093168
-0.093168
-0.093168
-0.093168
-0.093168
-0.093168
-0.093168
-0.093168
-0.093168
-0.093168
-0.093168
-0.093168
-0.093168
-0.093168
-0.093168
-0.093168
-0.093168
-0.093168
-0.093168
-0.093168
-0.093168
-0.093168
-0.093168
-0.093168
-0.093168
-0.093168
-0.093168
-0.093168
-0.093168
-0.093168
-0.093168
-0.093168
-0.093168
-0.093168
-0.093168
-0.093168
-0.093168
-0.093168
-0.093168
-0.093168
-0.093168
-0.093168
-0.093168
-0.093168
-0.093168
-0.093168
-0.093168
-0.093168
-0.093168
-0.093168
-0.093168
-0.093168
-0.093168
-0.093168
-0.093168
-0.093168
-0.093168
-0.093168
-0.093168
-0.093168
-0.093168
-0.093168
-0.093168
-0.093168
-0.093168
-0.093168
-0.093168
-0.093168
-0.093168
-0.093168
-0.093168
-0.093168
-0.093168
-0.093168
-0.093168
-0.093168
-0.093168
-0.093168
-0.093168
-0.093168
-0.093168
-0.093168
-0.093168
-0.093168
-0.093168
-0.093168
-0.093168
-0.093168
-0.093168
-0.093168
-0.093168
-0.093168
-0.093168
-0.093168
-0.093168
-0.093168
-0.093168
-0.093168
-0.093168
-0.093168
-0.093168
-0.093168
-0.093168
-0.093168
-0.093168
-0.093168
-0.093168
-0.093168
-0.093168
-0.093168
-0.093168
-0.093168
-0.093168
-0.093168
-0.093168
-0.093168
-0.093168
-0.093168
-0.093168
-0.093168
-0.093168
-0.093168
-0.093168
-0.093168
-0.093168
-0.093168
-0.093168
-0.093168
-0.093168
-0.093168
-0.093168
-0.093168
-0.093168
-0.093168
-0.093168
-0.093168
-0.093168
-0.093168
-0.093168
-0.093168
-0.093168
-0.093168
-0.093168
-0.093168
-0.093168
-0.093168
-0.093168
-0.093168
-0.093168
-0.093168
-0.093168
-0.093168
-0.093168
-0.093168
-0.093168
-0.093168
-0.093168
-0.093168
-0.093168
-0.093168
-0.093168
-0.093168
-0.093168
-0.093168
-0.093168
-0.093168
-0.093168
-0.093168
-0.093168
-0.093168
-0.093168
-0.093168
-0.093168
-0.093168
-0.093168
-0.093168
-0.093168
-0.093168
-0.093168
-0.093168
-0.093168
-0.093168
-0.093168
-0.093168
-0.093168
-0.093168
-0.093168
-0.093168
-0.093168
-0.093168
-0.093168
-0.093168
-0.093168
-0.093168
-0.093168
-0.093168
-0.093168
-0.093168
-0.093168
-0.093168
-0.093168
-0.093168
-0.093168
-0.093168
-0.093168
-0.093168
-0.093168
-0.093168
-0.093168
-0.093168
-0.093168
-0.093168
-0.093168
-0.093168
-0.093168
-0.093168
-0.093168
-0.093168
-0.093168
-0.093168
-0.093168
-0.093168
-0.093168
-0.093168
-0.093168
-0.093168
-0.093168
-0.093168
-0.093168
-0.093168
-0.093168
-0.093168
-0.093168
-0.093168
-0.093168
-0.093168
-0.093168
-0.093168
-0.093168
-0.093168
-0.093168
-0.093168
-0.093168
-0.093168
-0.093168
-0.093168
-0.093168
-0.093168
-0.093168
-0.093168
-0.093168
-0.093168
-0.093168
-0.093168
-0.093168
-0.093168
-0.093168
-0.093168
-0.093168
-0.093168
-0.093168
-0.093168
-0.093168
-0.093168
-0.093168
-0.093168
-0.093168
-0.093168
-0.093168
-0.093168
-0.093168
-0.093168
-0.093168
-0.093168
-0.093168
-0.093168
-0.093168
-0.093168
-0.093168
-0.093168
-0.093168
-0.093168
-0.093168
-0.093168
-0.093168
-0.093168
-0.093168
-0.093168
-0.093168
-0.093168
-0.093168
-0.093168
-0.093168
-0.093168
-0.093168
-0.093168
-0.093168
-0.093168
-0.093168
-0.093168
-0.093168
-0.093168
-0.093168
-0.093168
-0.093168
-0.093168
-0.093168
-0.093168
-0.093168
-0.093168
-0.093168
-0.093168
-0.093168
-0.093168
-0.093168
-0.093168
-0.093168
-0.093168
-0.093168
-0.093168
-0.093168
-0.093168
-0.093168
-0.093168
-0.093168
-0.093168
-0.093168
-0.093168
-0.093168
-0.093168
-0.093168
-0.093168
-0.093168
-0.093168
-0.093168
-0.093168
-0.093168
-0.093168
-0.093168
-0.093168
-0.093168
-0.093168
-0.093168
-0.093168
-0.093168
-0.093168
-0.093168
-0.093168
-0.093168
-0.093168
-0.093168
-0.093168
-0.093168
-0.093168
-0.093168
-0.093168
-0.093168
-0.093168
-0.093168
-0.093168
-0.093168
-0.093168
-0.093168
-0.093168
-0.093168
-0.093168
-0.093168
-0.093168
-0.093168
-0.093168
-0.093168
-0.093168
-0.093168
-0.093168
-0.093168
-0.093168
-0.093168
-0.093168
-0.093168
-0.093168
-0.093168
-0.093168
-0.093168
-0.093168
-0.093168
-0.093168
-0.093168
-0.093168
-0.093168
-0.093168
-0.093168
-0.093168
-0.093168
-0.093168
-0.093168
-0.093168
-0.093168
-0.093168
-0.093168
-0.093168
-0.093168
-0.093168
-0.093168
-0.093168
-0.093168
-0.093168
-0.093168
-0.093168
-0.093168
-0.093168
-0.093168
-0.093168
-0.093168
-0.093168
-0.093168
-0.093168
-0.093168
-0.093168
-0.093168
-0.093168
-0.093168
-0.093168
-0.093168
-0.093168
-0.093168
-0.093168
-0.093168
-0.093168
-0.093168
-0.093168
-0.093168
-0.093168
-0.093168
-0.093168
-0.093168
-0.093168
-0.093168
-0.093168
-0.093168
-0.093168
-0.093168
-0.093168
-0.093168
-0.093168
-0.093168
-0.093168
-0.093168
-0.093168
-0.093168
-0.093168
-0.093168
-0.093168
-0.093168
-0.093168
-0.093168
-0.093168
-0.093168
-0.093168
-0.093168
-0.093168
-0.093168
-0.093168
-0.093168
-0.093168
-0.093168
-0.093168
-0.093168
-0.093168
-0.093168
-0.093168
-0.093168
-0.093168
-0.093168
-0.093168
-0.093168
-0.093168
-0.093168
-0.093168
-0.093168
-0.093168
-0.093168
-0.093168
-0.093168
-0.093168
-0.093168
-0.093168
-0.093168
-0.093168
-0.093168
-0.093168
-0.093168
-0.093168
-0.093168
-0.093168
-0.093168
-0.093168
-0.093168
-0.093168
-0.093168
-0.093168
-0.093168
-0.093168
-0.093168
-0.093168
-0.093168
-0.093168
-0.093168
-0.093168
-0.093168
-0.093168
-0.093168
-0.093168
-0.093168
-0.093168
-0.093168
-0.093168
-0.093168
-0.093168
-0.093168
-0.093168
-0.093168
-0.093168
-0.093168
-0.093168
-0.093168
-0.093168
-0.093168
-0.093168
-0.093168
-0.093168
-0.093168
-0.093168
-0.093168
-0.093168
-0.093168
-0.093168
-0.093168
-0.093168
-0.093168
-0.093168
-0.093168
-0.093168
-0.093168
-0.093168
-0.093168
-0.093168
-0.093168
-0.093168
-0.093168
-0.093168
-0.093168
-0.093168
-0.093168
-0.093168
-0.093168
-0.093168
-0.093168
-0.093168
-0.093168
-0.093168
-0.093168
-0.093168
-0.093168
-0.093168
-0.093168
-0.093168
-0.093168
-0.093168
-0.093168
-0.093168
-0.093168
-0.093168
-0.093168
-0.093168
-0.093168
-0.093168
-0.093168
-0.093168
-0.093168
-0.093168
-0.093168
-0.093168
-0.093168
-0.093168
-0.093168
-0.093168
-0.093168
-0.093168
-0.093168
-0.093168
-0.093168
-0.093168
-0.093168
-0.093168
-0.093168
-0.093168
-0.093168
-0.093168
-0.093168
-0.093168
-0.093168
-0.093168
-0.093168
-0.093168
-0.093168
-0.093168
-0.093168
-0.093168
-0.093168
-0.093168
-0.093168
-0.093168
-0.093168
-0.093168
-0.093168
-0.093168
-0.093168
-0.093168
-0.093168
-0.093168
-0.093168
-0.093168
-0.093168
-0.093168
-0.093168
-0.093168
-0.093168
-0.093168
-0.093168
-0.093168
-0.093168
-0.093168
-0.093168
-0.093168
-0.093168
-0.093168
-0.093168
-0.093168
-0.093168
-0.093168
-0.093168
-0.093168
-0.093168
-0.093168
-0.093168
-0.093168
-0.093168
-0.093168
-0.093168
-0.093168
-0.093168
-0.093168
-0.093168
-0.093168
-0.093168
-0.093168
-0.093168
-0.093168
-0.093168
-0.093168
-0.093168
-0.093168
-0.093168
-0.093168
-0.093168
-0.093168
-0.093168
-0.093168
-0.093168
-0.093168
-0.093168
-0.093168
-0.093168
-0.093168
-0.093168
-0.093168
-0.093168
-0.093168
-0.093168
-0.093168
-0.093168
-0.093168
-0.093168
-0.093168
-0.093168
-0.093168
-0.093168
-0.093168
-0.093168
-0.093168
-0.093168
-0.093168
-0.093168
-0.093168
-0.093168
-0.093168
-0.093168
-0.093168
-0.093168
-0.093168
-0.093168
-0.093168
-0.093168
-0.093168
-0.093168
-0.093168
-0.093168
-0.093168
-0.093168
-0.093168
-0.093168
-0.093168
-0.093168
-0.093168
-0.093168
-0.093168
-0.093168
-0.093168
-0.093168
-0.093168
-0.093168
-0.093168
-0.093168
-0.093168
-0.093168
-0.093168
-0.093168
-0.093168
-0.093168
-0.093168
-0.093168
-0.093168
-0.093168
-0.093168
-0.093168
-0.093168
-0.093168
-0.093168
-0.093168
-0.093168
-0.093168
-0.093168
-0.093168
-0.093168
-0.093168
-0.093168
-0.093168
-0.093168
-0.093168
-0.093168
-0.093168
-0.093168
-0.093168
-0.093168
-0.093168
-0.093168
-0.093168
-0.093168
-0.093168
-0.093168
-0.093168
-0.093168
-0.093168
-0.093168
-0.093168
-0.093168
-0.093168
-0.093168
-0.093168
-0.093168
-0.093168
-0.093168
-0.093168
-0.093168
-0.093168
-0.093168
-0.093168
-0.093168
-0.093168
-0.093168
-0.093168
-0.093168
-0.093168
-0.093168
-0.093168
-0.093168
-0.093168
-0.093168
-0.093168
-0.093168
-0.093168
-0.093168
-0.093168
-0.093168
-0.093168
-0.093168
-0.093168
-0.093168
-0.093168
-0.093168
-0.093168
-0.093168
-0.093168
-0.093168
-0.093168
-0.093168
-0.093168
-0.093168
-0.093168
-0.093168
-0.093168
-0.093168
-0.093168
-0.093168
-0.093168
-0.093168
-0.093168
-0.093168
-0.093168
-0.093168
-0.093168
-0.093168
-0.093168
-0.093168
-0.093168
-0.093168
-0.093168
-0.093168
-0.093168
-0.093168
-0.093168
-0.093168
-0.093168
-0.093168
-0.093168
-0.093168
-0.093168
-0.093168
-0.093168
-0.093168
-0.093168
-0.093168
-0.093168
-0.093168
-0.093168
-0.093168
-0.093168
-0.093168
-0.093168
-0.093168
-0.093168
-0.093168
-0.093168
-0.093168
-0.093168
-0.093168
-0.093168
-0.093168
-0.093168
-0.093168
-0.093168
-0.093168
-0.093168
-0.093168
-0.093168
-0.093168
-0.093168
-0.093168
-0.093168
-0.093168
-0.093168
-0.093168
-0.093168
-0.093168
-0.093168
-0.093168
-0.093168
-0.093168
-0.093168
-0.093168
-0.093168
-0.093168
-0.093168
-0.093168
-0.093168
-0.093168
-0.093168
-0.093168
-0.093168
-0.093168
-0.093168
-0.093168
-0.093168
-0.093168
-0.093168
-0.093168
-0.093168
-0.093168
-0.093168
-0.093168
-0.093168
-0.093168
-0.093168
-0.093168
-0.093168
-0.093168
-0.093168
-0.093168
-0.093168
-0.093168
-0.093168
-0.093168
-0.093168
-0.093168
-0.093168
-0.093168
-0.093168
-0.093168
-0.093168
-0.093168
-0.093168
-0.093168
-0.093168
-0.093168
-0.093168
-0.093168
-0.093168
-0.093168
-0.093168
-0.093168
-0.093168
-0.093168
-0.093168
-0.093168
-0.093168
-0.093168
-0.093168
-0.093168
-0.093168
-0.093168
-0.093168
-0.093168
-0.093168
-0.093168
-0.093168
-0.093168
-0.093168
-0.093168
-0.093168
-0.093168
-0.093168
-0.093168
-0.093168
-0.093168
-0.093168
-0.093168
-0.093168
-0.093168
-0.093168
-0.093168
-0.093168
-0.093168
-0.093168
-0.093168
-0.093168
-0.093168
-0.093168
-0.093168
-0.093168
-0.093168
-0.093168
-0.093168
-0.093168
-0.093168
-0.093168
-0.093168
-0.093168
-0.093168
-0.093168
-0.093168
-0.093168
-0.093168
-0.093168
-0.093168
-0.093168
-0.093168
-0.093168
-0.093168
-0.093168
-0.093168
-0.093168
-0.093168
-0.093168
-0.093168
-0.093168
-0.093168
-0.093168
-0.093168
-0.093168
-0.093168
-0.093168
-0.093168
-0.093168
-0.093168
-0.093168
-0.093168
-0.093168
-0.093168
-0.093168
-0.093168
-0.093168
-0.093168
-0.093168
-0.093168
-0.093168
-0.093168
-0.093168
-0.093168
-0.093168
-0.093168
-0.093168
-0.093168
-0.093168
-0.093168
-0.093168
-0.093168
-0.093168
-0.093168
-0.093168
-0.093168
-0.093168
-0.093168
-0.093168
-0.093168
-0.093168
-0.093168
-0.093168
-0.093168
-0.093168
-0.093168
-0.093168
-0.093168
-0.093168
-0.093168
-0.093168
-0.093168
-0.093168
-0.093168
-0.093168
-0.093168
-0.093168
-0.093168
-0.093168
-0.093168
-0.093168
-0.093168
-0.093168
-0.093168
-0.093168
-0.093168
-0.093168
-0.093168
-0.093168
-0.093168
-0.093168
-0.093168
-0.093168
-0.093168
-0.093168
-0.093168
-0.093168
-0.093168
-0.093168
-0.093168
-0.093168
-0.093168
-0.093168
-0.093168
-0.093168
-0.093168
-0.093168
-0.093168
-0.093168
-0.093168
-0.093168
-0.093168
-0.093168
-0.093168
-0.093168
-0.093168
-0.093168
-0.093168
-0.093168
-0.093168
-0.093168
-0.093168
-0.093168
-0.093168
-0.093168
-0.093168
-0.093168
-0.093168
-0.093168
-0.093168
-0.093168
-0.093168
-0.093168
-0.093168
-0.093168
-0.093168
-0.093168
-0.093168
-0.093168
-0.093168
-0.093168
-0.093168
-0.093168
-0.093168
-0.093168
-0.093168
-0.093168
-0.093168
-0.093168
-0.093168
-0.093168
-0.093168
-0.093168
-0.093168
-0.093168
-0.093168
-0.093168
-0.093168
-0.093168
-0.093168
-0.093168
-0.093168
-0.093168
-0.093168
-0.093168
-0.093168
-0.093168
-0.093168
-0.093168
-0.093168
-0.093168
-0.093168
-0.093168
-0.093168
-0.093168
-0.093168
-0.093168
-0.093168
-0.093168
-0.093168
-0.093168
-0.093168
-0.093168
-0.093168
-0.093168
-0.093168
-0.093168
-0.093168
-0.093168
-0.093168
-0.093168
-0.093168
-0.093168
-0.093168
-0.093168
-0.093168
-0.093168
-0.093168
-0.093168
-0.093168
-0.093168
-0.093168
-0.093168
-0.093168
-0.093168
-0.093168
-0.093168
-0.093168
-0.093168
-0.093168
-0.093168
-0.093168
-0.093168
-0.093168
-0.093168
-0.093168
-0.093168
-0.093168
-0.093168
-0.093168
-0.093168
-0.093168
-0.093168
-0.093168
-0.093168
-0.093168
-0.093168
-0.093168
-0.093168
-0.093168
-0.093168
-0.093168
-0.093168
-0.093168
-0.093168
-0.093168
-0.093168
-0.093168
-0.093168
-0.093168
-0.093168
-0.093168
-0.093168
-0.093168
-0.093168
-0.093168
-0.093168
-0.093168
-0.093168
-0.093168
-0.093168
-0.093168
-0.093168
-0.093168
-0.093168
-0.093168
-0.093168
-0.093168
-0.093168
-0.093168
-0.093168
-0.093168
-0.093168
-0.093168
-0.093168
-0.093168
-0.093168
-0.093168
-0.093168
-0.093168
-0.093168
-0.093168
-0.093168
-0.093168
-0.093168
-0.093168
-0.093168
-0.093168
-0.093168
-0.093168
-0.093168
-0.093168
-0.093168
-0.093168
-0.093168
-0.093168
-0.093168
-0.093168
-0.093168
-0.093168
-0.093168
-0.093168
-0.093168
-0.093168
-0.093168
-0.093168
-0.093168
-0.093168
-0.093168
-0.093168
-0.093168
-0.093168
-0.093168
-0.093168
-0.093168
-0.093168
-0.093168
-0.093168
-0.093168
-0.093168
-0.093168
-0.093168
-0.093168
-0.093168
-0.093168
-0.093168
-0.093168
-0.093168
-0.093168
-0.093168
-0.093168
-0.093168
-0.093168
-0.093168
-0.093168
-0.093168
-0.093168
-0.093168
-0.093168
-0.093168
-0.093168
-0.093168
-0.093168
-0.093168
-0.093168
-0.093168
-0.093168
-0.093168
-0.093168
-0.093168
-0.093168
-0.093168
-0.093168
-0.093168
-0.093168
-0.093168
-0.093168
-0.093168
-0.093168
-0.093168
-0.093168
-0.093168
-0.093168
-0.093168
-0.093168
-0.093168
-0.093168
-0.093168
-0.093168
-0.093168
-0.093168
-0.093168
-0.093168
-0.093168
-0.093168
-0.093168
-0.093168
-0.093168
-0.093168
-0.093168
-0.093168
-0.093168
-0.093168
-0.093168
-0.093168
-0.093168
-0.093168
-0.093168
-0.093168
-0.093168
-0.093168
-0.093168
-0.093168
-0.093168
-0.093168
-0.093168
-0.093168
-0.093168
-0.093168
-0.093168
-0.093168
-0.093168
-0.093168
-0.093168
-0.093168
-0.093168
-0.093168
-0.093168
-0.093168
-0.093168
-0.093168
-0.093168
-0.093168
-0.093168
-0.093168
-0.093168
-0.093168
-0.093168
-0.093168
-0.093168
-0.093168
-0.093168
-0.093168
-0.093168
-0.093168
-0.093168
-0.093168
-0.093168
-0.093168
-0.093168
-0.093168
-0.093168
-0.093168
-0.093168
-0.093168
-0.093168
-0.093168
-0.093168
-0.093168
-0.093168
-0.093168
-0.093168
-0.093168
-0.093168
-0.093168
-0.093168
-0.093168
-0.093168
-0.093168
-0.093168
-0.093168
-0.093168
-0.093168
-0.093168
-0.093168
-0.093168
-0.093168
-0.093168
-0.093168
-0.093168
-0.093168
-0.093168
-0.093168
-0.093168
-0.093168
-0.093168
-0.093168
-0.093168
-0.093168
-0.093168
-0.093168
-0.093168
-0.093168
-0.093168
-0.093168
-0.093168
-0.093168
-0.093168
-0.093168
-0.093168
-0.093168
-0.093168
-0.093168
-0.093168
-0.093168
-0.093168
-0.093168
-0.093168
-0.093168
-0.093168
-0.093168
-0.093168
-0.093168
-0.093168
-0.093168
-0.093168
-0.093168
-0.093168
-0.093168
-0.093168
-0.093168
-0.093168
-0.093168
-0.093168
-0.093168
-0.093168
-0.093168
-0.093168
-0.093168
-0.093168
-0.093168
-0.093168
-0.093168
-0.093168
-0.093168
-0.093168
-0.093168
-0.093168
-0.093168
-0.093168
-0.093168
-0.093168
-0.093168
-0.093168
-0.093168
-0.093168
-0.093168
-0.093168
-0.093168
-0.093168
-0.093168
-0.093168
-0.093168
-0.093168
-0.093168
-0.093168
-0.093168
-0.093168
-0.093168
-0.093168
-0.093168
-0.093168
-0.093168
-0.093168
-0.093168
-0.093168
-0.093168
-0.093168
-0.093168
-0.093168
-0.093168
-0.093168
-0.093168
-0.093168
-0.093168
-0.093168
-0.093168
-0.093168
-0.093168
-0.093168
-0.093168
-0.093168
-0.093168
-0.093168
-0.093168
-0.093168
-0.093168
-0.093168
-0.093168
-0.093168
-0.093168
-0.093168
-0.093168
-0.093168
-0.093168
-0.093168
-0.093168
-0.093168
-0.093168
-0.093168
-0.093168
-0.093168
-0.093168
-0.093168
-0.093168
-0.093168
-0.093168
-0.093168
-0.093168
-0.093168
-0.093168
-0.093168
-0.093168
-0.093168
-0.093168
-0.093168
-0.093168
-0.093168
-0.093168
-0.093168
-0.093168
-0.093168
-0.093168
-0.093168
-0.093168
-0.093168
-0.093168
-0.093168
-0.093168
-0.093168
-0.093168
-0.093168
-0.093168
-0.093168
-0.093168
-0.093168
-0.093168
-0.093168
-0.093168
-0.093168
-0.093168
-0.093168
-0.093168
-0.093168
-0.093168
-0.093168
-0.093168
-0.093168
-0.093168
-0.093168
-0.093168
-0.093168
-0.093168
-0.093168
-0.093168
-0.093168
-0.093168
-0.093168
-0.093168
-0.093168
-0.093168
-0.093168
-0.093168
-0.093168
-0.093168
-0.093168
-0.093168
-0.093168
-0.093168
-0.093168
-0.093168
-0.093168
-0.093168
-0.093168
-0.093168
-0.093168
-0.093168
-0.093168
-0.093168
-0.093168
-0.093168
-0.093168
-0.093168
-0.093168
-0.093168
-0.093168
-0.093168
-0.093168
-0.093168
-0.093168
-0.093168
-0.093168
-0.093168
-0.093168
-0.093168
-0.093168
-0.093168
-0.093168
-0.093168
-0.093168
-0.093168
-0.093168
-0.093168
-0.093168
-0.093168
-0.093168
-0.093168
-0.093168
-0.093168
-0.093168
-0.093168
-0.093168
-0.093168
-0.093168
-0.093168
-0.093168
-0.093168
-0.093168
-0.093168
-0.093168
-0.093168
-0.093168
-0.093168
-0.093168
-0.093168
-0.093168
-0.093168
-0.093168
-0.093168
-0.093168
-0.093168
-0.093168
-0.093168
-0.093168
-0.093168
-0.093168
-0.093168
-0.093168
-0.093168
-0.093168
-0.093168
-0.093168
-0.093168
-0.093168
-0.093168
-0.093168
-0.093168
-0.093168
-0.093168
-0.093168
-0.093168
-0.093168
-0.093168
-0.093168
-0.093168
-0.093168
-0.093168
-0.093168
-0.093168
-0.093168
-0.093168
-0.093168
-0.093168
-0.093168
-0.093168
-0.093168
-0.093168
-0.093168
-0.093168
-0.093168
-0.093168
-0.093168
-0.093168
-0.093168
-0.093168
-0.093168
-0.093168
-0.093168
-0.093168
-0.093168
-0.093168
-0.093168
-0.093168
-0.093168
-0.093168
-0.093168
-0.093168
-0.093168
-0.093168
-0.093168
-0.093168
-0.093168
-0.093168
-0.093168
-0.093168
-0.093168
-0.093168
-0.093168
-0.093168
-0.093168
-0.093168
-0.093168
-0.093168
-0.093168
-0.093168
-0.093168
-0.093168
-0.093168
-0.093168
-0.093168
-0.093168
-0.093168
-0.093168
-0.093168
-0.093168
-0.093168
-0.093168
-0.093168
-0.093168
-0.093168
-0.093168
-0.093168
-0.093168
-0.093168
-0.093168
-0.093168
-0.093168
-0.093168
-0.093168
-0.093168
-0.093168
-0.093168
-0.093168
-0.093168
-0.093168
-0.093168
-0.093168
-0.093168
-0.093168
-0.093168
-0.093168
-0.093168
-0.093168
-0.093168
-0.093168
-0.093168
-0.093168
-0.093168
-0.093168
-0.093168
-0.093168
-0.093168
-0.093168
-0.093168
-0.093168
-0.093168
-0.093168
-0.093168
-0.093168
-0.093168
-0.093168
-0.093168
-0.093168
-0.093168
-0.093168
-0.093168
-0.093168
-0.093168
-0.093168
-0.093168
-0.093168
-0.093168
-0.093168
-0.093168
-0.093168
-0.093168
-0.093168
-0.093168
-0.093168
-0.093168
-0.093168
-0.093168
-0.093168
-0.093168
-0.093168
-0.093168
-0.093168
-0.093168
-0.093168
-0.093168
-0.093168
-0.093168
-0.093168
-0.093168
-0.093168
-0.093168
-0.093168
-0.093168
-0.093168
-0.093168
-0.093168
-0.093168
-0.093168
-0.093168
-0.093168
-0.093168
-0.093168
-0.093168
-0.093168
-0.093168
-0.093168
-0.093168
-0.093168
-0.093168
-0.093168
-0.093168
-0.093168
-0.093168
-0.093168
-0.093168
-0.093168
-0.093168
-0.093168
-0.093168
-0.093168
-0.093168
-0.093168
-0.093168
-0.093168
-0.093168
-0.093168
-0.093168
-0.093168
-0.093168
-0.093168
-0.093168
-0.093168
-0.093168
-0.093168
-0.093168
-0.093168
-0.093168
-0.093168
-0.093168
-0.093168
-0.093168
-0.093168
-0.093168
-0.093168
-0.093168
-0.093168
-0.093168
-0.093168
-0.093168
-0.093168
-0.093168
-0.093168
-0.093168
-0.093168
-0.093168
-0.093168
-0.093168
-0.093168
-0.093168
-0.093168
-0.093168
-0.093168
-0.093168
-0.093168
-0.093168
-0.093168
-0.093168
-0.093168
-0.093168
-0.093168
-0.093168
-0.093168
-0.093168
-0.093168
-0.093168
-0.093168
-0.093168
-0.093168
-0.093168
-0.093168
-0.093168
-0.093168
-0.093168
-0.093168
-0.093168
-0.093168
-0.093168
-0.093168
-0.093168
-0.093168
-0.093168
-0.093168
-0.093168
-0.093168
-0.093168
-0.093168
-0.093168
-0.093168
-0.093168
-0.093168
-0.093168
-0.093168
-0.093168
-0.093168
-0.093168
-0.093168
-0.093168
-0.093168
-0.093168
-0.093168
-0.093168
-0.093168
-0.093168
-0.093168
-0.093168
-0.093168
-0.093168
-0.093168
-0.093168
-0.093168
-0.093168
-0.093168
-0.093168
-0.093168
-0.093168
-0.093168
-0.093168
-0.093168
-0.093168
-0.093168
-0.093168
-0.093168
-0.093168
-0.093168
-0.093168
-0.093168
-0.093168
-0.093168
-0.093168
-0.093168
-0.093168
-0.093168
-0.093168
-0.093168
-0.093168
-0.093168
-0.093168
-0.093168
-0.093168
-0.093168
-0.093168
-0.093168
-0.093168
-0.093168
-0.093168
-0.093168
-0.093168
-0.093168
-0.093168
-0.093168
-0.093168
-0.093168
-0.093168
-0.093168
-0.093168
-0.093168
-0.093168
-0.093168
-0.093168
-0.093168
-0.093168
-0.093168
-0.093168
-0.093168
-0.093168
-0.093168
-0.093168
-0.093168
-0.093168
-0.093168
-0.093168
-0.093168
-0.093168
-0.093168
-0.093168
-0.093168
-0.093168
-0.093168
-0.093168
-0.093168
-0.093168
-0.093168
-0.093168
-0.093168
-0.093168
-0.093168
-0.093168
-0.093168
-0.093168
-0.093168
-0.093168
-0.093168
-0.093168
-0.093168
-0.093168
-0.093168
-0.093168
-0.093168
-0.093168
-0.093168
-0.093168
-0.093168
-0.093168
-0.093168
-0.093168
-0.093168
-0.093168
-0.093168
-0.093168
-0.093168
-0.093168
-0.093168
-0.093168
-0.093168
-0.093168
-0.093168
-0.093168
-0.093168
-0.093168
-0.093168
-0.093168
-0.093168
-0.093168
-0.093168
-0.093168
-0.093168
-0.093168
-0.093168
-0.093168
-0.093168
-0.093168
-0.093168
-0.093168
-0.093168
-0.093168
-0.093168
-0.093168
-0.093168
-0.093168
-0.093168
-0.093168
-0.093168
-0.093168
-0.093168
-0.093168
-0.093168
-0.093168
-0.093168
-0.093168
-0.093168
-0.093168
-0.093169
-0.093169
-0.093169
-0.093169
-0.093169
-0.093169
-0.093169
-0.093169
-0.093169
-0.093169
-0.093169
-0.093169
-0.093169
-0.093169
-0.093169
-0.093169
-0.093169
-0.093169
-0.093169
-0.093169
-0.093169
-0.093169
-0.093169
-0.093169
-0.093169
-0.093169
-0.093169
-0.093169
-0.093169
-0.093169
-0.093169
-0.093169
-0.093169
-0.093169
-0.093169
-0.093169
-0.093169
-0.093169
-0.093169
-0.093169
-0.093169
-0.093169
-0.093169
-0.093169
-0.093169
-0.093169
-0.093169
-0.093169
-0.093169
-0.093169
-0.093169
-0.093169
-0.093169
-0.093169
-0.093169
-0.093169
-0.093169
-0.093169
-0.093169
-0.093169
-0.093169
-0.093169
-0.093169
-0.093169
-0.093169
-0.093169
-0.093169
-0.093169
-0.093169
-0.093169
-0.093169
-0.093169
-0.093169
-0.093169
-0.093169
-0.093169
-0.093169
-0.093169
-0.093169
-0.093169
-0.093169
-0.093169
-0.093169
-0.093169
-0.093169
-0.093169
-0.093169
-0.093169
-0.093169
-0.093169
-0.093169
-0.093169
-0.093169
-0.093169
-0.093169
-0.093169
-0.093169
-0.093169
-0.093169
-0.093169
-0.093169
-0.093169
-0.093169
-0.093169
-0.093169
-0.093169
-0.093169
-0.093169
-0.093169
-0.093169
-0.093169
-0.093169
-0.093169
-0.093169
-0.093169
-0.093169
-0.093169
-0.093169
-0.093169
-0.093169
-0.093169
-0.093169
-0.093169
-0.093169
-0.093169
-0.093169
-0.093169
-0.093169
-0.093169
-0.093169
-0.093169
-0.093169
-0.093169
-0.093169
-0.093169
-0.093169
-0.093169
-0.093169
-0.093169
-0.093169
-0.093169
-0.093169
-0.093169
-0.093169
-0.093169
-0.093169
-0.093169
-0.093169
-0.093169
-0.093169
-0.093169
-0.093169
-0.093169
-0.093169
-0.093169
-0.093169
-0.093169
-0.093169
-0.093169
-0.093169
-0.093169
-0.093169
-0.093169
-0.093169
-0.093169
-0.093169
-0.093169
-0.093169
-0.093169
-0.093169
-0.093169
-0.093169
-0.093169
-0.093169
-0.093169
-0.093169
-0.093169
-0.093169
-0.093169
-0.093169
-0.093169
-0.093169
-0.093169
-0.093169
-0.093169
-0.093169
-0.093169
-0.093169
-0.093169
-0.093169
-0.093169
-0.093169
-0.093169
-0.093169
-0.093169
-0.093169
-0.093169
-0.093169
-0.093169
-0.093169
-0.093169
-0.093169
-0.093169
-0.093169
-0.093169
-0.093169
-0.093169
-0.093169
-0.093169
-0.093169
-0.093169
-0.093169
-0.093169
-0.093169
-0.093169
-0.093169
-0.093169
-0.093169
-0.093169
-0.093169
-0.093169
-0.093169
-0.093169
-0.093169
-0.093169
-0.093169
-0.093169
-0.093169
-0.093169
-0.093169
-0.093169
-0.093169
-0.093169
-0.093169
-0.093169
-0.093169
-0.093169
-0.093169
-0.093169
-0.093169
-0.093169
-0.093169
-0.093169
-0.093169
-0.093169
-0.093169
-0.093169
-0.093169
-0.093169
-0.093169
-0.093169
-0.093169
-0.093169
-0.093169
-0.093169
-0.093169
-0.093169
-0.093169
-0.093169
-0.093169
-0.093169
-0.093169
-0.093169
-0.093169
-0.093169
-0.093169
-0.093169
-0.093169
-0.093169
-0.093169
-0.093169
-0.093169
-0.093169
-0.093169
-0.093169
-0.093169
-0.093169
-0.093169
-0.093169
-0.093169
-0.093169
-0.093169
-0.093169
-0.093169
-0.093169
-0.093169
-0.093169
-0.093169
-0.093169
-0.093169
-0.093169
-0.093169
-0.093169
-0.093169
-0.093169
-0.093169
-0.093169
-0.093169
-0.093169
-0.093169
-0.093169
-0.093169
-0.093169
-0.093169
-0.093169
-0.093169
-0.093169
-0.093169
-0.093169
-0.093169
-0.093169
-0.093169
-0.093169
-0.093169
-0.093169
-0.093169
-0.093169
-0.093169
-0.093169
-0.093169
-0.093169
-0.093169
-0.093169
-0.093169
-0.093169
-0.093169
-0.093169
-0.093169
-0.093169
-0.093169
-0.093169
-0.093169
-0.093169
-0.093169
-0.093169
-0.093169
-0.093169
-0.093169
-0.093169
-0.093169
-0.093169
-0.093169
-0.093169
-0.093169
-0.093169
-0.093169
-0.093169
-0.093169
-0.093169
-0.093169
-0.093169
-0.093169
-0.093169
-0.093169
-0.093169
-0.093169
-0.093169
-0.093169
-0.093169
-0.093169
-0.093169
-0.093169
-0.093169
-0.093169
-0.093169
-0.093169
-0.093169
-0.093169
-0.093169
-0.093169
-0.093169
-0.093169
-0.093169
-0.093169
-0.093169
-0.093169
-0.093169
-0.093169
-0.093169
-0.093169
-0.093169
-0.093169
-0.093169
-0.093169
-0.093169
-0.093169
-0.093169
-0.093169
-0.093169
-0.093169
-0.093169
-0.093169
-0.093169
-0.093169
-0.093169
-0.093169
-0.093169
-0.093169
-0.093169
-0.093169
-0.093169
-0.093169
-0.093169
-0.093169
-0.093169
-0.093169
-0.093169
-0.093169
-0.093169
-0.093169
-0.093169
-0.093169
-0.093169
-0.093169
-0.093169
-0.093169
-0.093169
-0.093169
-0.093169
-0.093169
-0.093169
-0.093169
-0.093169
-0.093169
-0.093169
-0.093169
-0.093169
-0.093169
-0.093169
-0.093169
-0.093169
-0.093169
-0.093169
-0.093169
-0.093169
-0.093169
-0.093169
-0.093169
-0.093169
-0.093169
-0.093169
-0.093169
-0.093169
-0.093169
-0.093169
-0.093169
-0.093169
-0.093169
-0.093169
-0.093169
-0.093169
-0.093169
-0.093169
-0.093169
-0.093169
-0.093169
-0.093169
-0.093169
-0.093169
-0.093169
-0.093169
-0.093169
-0.093169
-0.093169
-0.093169
-0.093169
-0.093169
-0.093169
-0.093169
-0.093169
-0.093169
-0.093169
-0.093169
-0.093169
-0.093169
-0.093169
-0.093169
-0.093169
-0.093169
-0.093169
-0.093169
-0.093169
-0.093169
-0.093169
-0.093169
-0.093169
-0.093169
-0.093169
-0.093169
-0.093169
-0.093169
-0.093169
-0.093169
-0.093169
-0.093169
-0.093169
-0.093169
-0.093169
-0.093169
-0.093169
-0.093169
-0.093169
-0.093169
-0.093169
-0.093169
-0.093169
-0.093169
-0.093169
-0.093169
-0.093169
-0.093169
-0.093169
-0.093169
-0.093169
-0.093169
-0.093169
-0.093169
-0.093169
-0.093169
-0.093169
-0.093169
-0.093169
-0.093169
-0.093169
-0.093169
-0.093169
-0.093169
-0.093169
-0.093169
-0.093169
-0.093169
-0.093169
-0.093169
-0.093169
-0.093169
-0.093169
-0.093169
-0.093169
-0.093169
-0.093169
-0.093169
-0.093169
-0.093169
-0.093169
-0.093169
-0.093169
-0.093169
-0.093169
-0.093169
-0.093169
-0.093169
-0.093169
-0.093169
-0.093169
-0.093169
-0.093169
-0.093169
-0.093169
-0.093169
-0.093169
-0.093169
-0.093169
-0.093169
-0.093169
-0.093169
-0.093169
-0.093169
-0.093169
-0.093169
-0.093169
-0.093169
-0.093169
-0.093169
-0.093169
-0.093169
-0.093169
-0.093169
-0.093169
-0.093169
-0.093169
-0.093169
-0.093169
-0.093169
-0.093169
-0.093169
-0.093169
-0.093169
-0.093169
-0.093169
-0.093169
-0.093169
-0.093169
-0.093169
-0.093169
-0.093169
-0.093169
-0.093169
-0.093169
-0.093169
-0.093169
-0.093169
-0.093169
-0.093169
-0.093169
-0.093169
-0.093169
-0.093169
-0.093169
-0.093169
-0.093169
-0.093169
-0.093169
-0.093169
-0.093169
-0.093169
-0.093169
-0.093169
-0.093169
-0.093169
-0.093169
-0.093169
-0.093169
-0.093169
-0.093169
-0.093169
-0.093169
-0.093169
-0.093169
-0.093169
-0.093169
-0.093169
-0.093169
-0.093169
-0.093169
-0.093169
-0.093169
-0.093169
-0.093169
-0.093169
-0.093169
-0.093169
-0.093169
-0.093169
-0.093169
-0.093169
-0.093169
-0.093169
-0.093169
-0.093169
-0.093169
-0.093169
-0.093169
-0.093169
-0.093169
-0.093169
-0.093169
-0.093169
-0.093169
-0.093169
-0.093169
-0.093169
-0.093169
-0.093169
-0.093169
-0.093169
-0.093169
-0.093169
-0.093169
-0.093169
-0.093169
-0.093169
-0.093169
-0.093169
-0.093169
-0.093169
-0.093169
-0.093169
-0.093169
-0.093169
-0.093169
-0.093169
-0.093169
-0.093169
-0.093169
-0.093169
-0.093169
-0.093169
-0.093169
-0.093169
-0.093169
-0.093169
-0.093169
-0.093169
-0.093169
-0.093169
-0.093169
-0.093169
-0.093169
-0.093169
-0.093169
-0.093169
-0.093169
-0.093169
-0.093169
-0.093169
-0.093169
-0.093169
-0.093169
-0.093169
-0.093169
-0.093169
-0.093169
-0.093169
-0.093169
-0.093169
-0.093169
-0.093169
-0.093169
-0.093169
-0.093169
-0.093169
-0.093169
-0.093169
-0.093169
-0.093169
-0.093169
-0.093169
-0.093169
-0.093169
-0.093169
-0.093169
-0.093169
-0.093169
-0.093169
-0.093169
-0.093169
-0.093169
-0.093169
-0.093169
-0.093169
-0.093169
-0.093169
-0.093169
-0.093169
-0.093169
-0.093169
-0.093169
-0.093169
-0.093169
-0.093169
-0.093169
-0.093169
-0.093169
-0.093169
-0.093169
-0.093169
-0.093169
-0.093169
-0.093169
-0.093169
-0.093169
-0.093169
-0.093169
-0.093169
-0.093169
-0.093169
-0.093169
-0.093169
-0.093169
-0.093169
-0.093169
-0.093169
-0.093169
-0.093169
-0.093169
-0.093169
-0.093169
-0.093169
-0.093169
-0.093169
-0.093169
-0.093169
-0.093169
-0.093169
-0.093169
-0.093169
-0.093169
-0.093169
-0.093169
-0.093169
-0.093169
-0.093169
-0.093169
-0.093169
-0.093169
-0.093169
-0.093169
-0.093169
-0.093169
-0.093169
-0.093169
-0.093169
-0.093169
-0.093169
-0.093169
-0.093169
-0.093169
-0.093169
-0.093169
-0.093169
-0.093169
-0.093169
-0.093169
-0.093169
-0.093169
-0.093169
-0.093169
-0.093169
-0.093169
-0.093169
-0.093169
-0.093169
-0.093169
-0.093169
-0.093169
-0.093169
-0.093169
-0.093169
-0.093169
-0.093169
-0.093169
-0.093169
-0.093169
-0.093169
-0.093169
-0.093169
-0.093169
-0.093169
-0.093169
-0.093169
-0.093169
-0.093169
-0.093169
-0.093169
-0.093169
-0.093169
-0.093169
-0.093169
-0.093169
-0.093169
-0.093169
-0.093169
-0.093169
-0.093169
-0.093169
-0.093169
-0.093169
-0.093169
-0.093169
-0.093169
-0.093169
-0.093169
-0.093169
-0.093169
-0.093169
-0.093169
-0.093169
-0.093169
-0.093169
-0.093169
-0.093169
-0.093169
-0.093169
-0.093169
-0.093169
-0.093169
-0.093169
-0.093169
-0.093169
-0.093169
-0.093169
-0.093169
-0.093169
-0.093169
-0.093169
-0.093169
-0.093169
-0.093169
-0.093169
-0.093169
-0.093169
-0.093169
-0.093169
-0.093169
-0.093169
-0.093169
-0.093169
-0.093169
-0.093169
-0.093169
-0.093169
-0.093169
-0.093169
-0.093169
-0.093169
-0.093169
-0.093169
-0.093169
-0.093169
-0.093169
-0.093169
-0.093169
-0.093169
-0.093169
-0.093169
-0.093169
-0.093169
-0.093169
-0.093169
-0.093169
-0.093169
-0.093169
-0.093169
-0.093169
-0.093169
-0.093169
-0.093169
-0.093169
-0.093169
-0.093169
-0.093169
-0.093169
-0.093169
-0.093169
-0.093169
-0.093169
-0.093169
-0.093169
-0.093169
-0.093169
-0.093169
-0.093169
-0.093169
-0.093169
-0.093169
-0.093169
-0.093169
-0.093169
-0.093169
-0.093169
-0.093169
-0.093169
-0.093169
-0.093169
-0.093169
-0.093169
-0.093169
-0.093169
-0.093169
-0.093169
-0.093169
-0.093169
-0.093169
-0.093169
-0.093169
-0.093169
-0.093169
-0.093169
-0.093169
-0.093169
-0.093169
-0.093169
-0.093169
-0.093169
-0.093169
-0.093169
-0.093169
-0.093169
-0.093169
-0.093169
-0.093169
-0.093169
-0.093169
-0.093169
-0.093169
-0.093169
-0.093169
-0.093169
-0.093169
-0.093169
-0.093169
-0.093169
-0.093169
-0.093169
-0.093169
-0.093169
-0.093169
-0.093169
-0.093169
-0.093169
-0.093169
-0.093169
-0.093169
-0.093169
-0.093169
-0.093169
-0.093169
-0.093169
-0.093169
-0.093169
-0.093169
-0.093169
-0.093169
-0.093169
-0.093169
-0.093169
-0.093169
-0.093169
-0.093169
-0.093169
-0.093169
-0.093169
-0.093169
-0.093169
-0.093169
-0.093169
-0.093169
-0.093169
-0.093169
-0.093169
-0.093169
-0.093169
-0.093169
-0.093169
-0.093169
-0.093169
-0.093169
-0.093169
-0.093169
-0.093169
-0.093169
-0.093169
-0.093169
-0.093169
-0.093169
-0.093169
-0.093169
-0.093169
-0.093169
-0.093169
-0.093169
-0.093169
-0.093169
-0.093169
-0.093169
-0.093169
-0.093169
-0.093169
-0.093169
-0.093169
-0.093169
-0.093169
-0.093169
-0.093169
-0.093169
-0.093169
-0.093169
-0.093169
-0.093169
-0.093169
-0.093169
-0.093169
-0.093169
-0.093169
-0.093169
-0.093169
-0.093169
-0.093169
-0.093169
-0.093169
-0.093169
-0.093169
-0.093169
-0.093169
-0.093169
-0.093169
-0.093169
-0.093169
-0.093169
-0.093169
-0.093169
-0.093169
-0.093169
-0.093169
-0.093169
-0.093169
-0.093169
-0.093169
-0.093169
-0.093169
-0.093169
-0.093169
-0.093169
-0.093169
-0.093169
-0.093169
-0.093169
-0.093169
-0.093169
-0.093169
-0.093169
-0.093169
-0.093169
-0.093169
-0.093169
-0.093169
-0.093169
-0.093169
-0.093169
-0.093169
-0.093169
-0.093169
-0.093169
-0.093169
-0.093169
-0.093169
-0.093169
-0.093169
-0.093169
-0.093169
-0.093169
-0.093169
-0.093169
-0.093169
-0.093169
-0.093169
-0.093169
-0.093169
-0.093169
-0.093169
-0.093169
-0.093169
-0.093169
-0.093169
-0.093169
-0.093169
-0.093169
-0.093169
-0.093169
-0.093169
-0.093169
-0.093169
-0.093169
-0.093169
-0.093169
-0.093169
-0.093169
-0.093169
-0.093169
-0.093169
-0.093169
-0.093169
-0.093169
-0.093169
-0.093169
-0.093169
-0.093169
-0.093169
-0.093169
-0.093169
-0.093169
-0.093169
-0.093169
-0.093169
-0.093169
-0.093169
-0.093169
-0.093169
-0.093169
-0.093169
-0.093169
-0.093169
-0.093169
-0.093169
-0.093169
-0.093169
-0.093169
-0.093169
-0.093169
-0.093169
-0.093169
-0.093169
-0.093169
-0.093169
-0.093169
-0.093169
-0.093169
-0.093169
-0.093169
-0.093169
-0.093169
-0.093169
-0.093169
-0.093169
-0.093169
-0.093169
-0.093169
-0.093169
-0.093169
-0.093169
-0.093169
-0.093169
-0.093169
-0.093169
-0.093169
-0.093169
-0.093169
-0.093169
-0.093169
-0.093169
-0.093169
-0.093169
-0.093169
-0.093169
-0.093169
-0.093169
-0.093169
-0.093169
-0.093169
-0.093169
-0.093169
-0.093169
-0.093169
-0.093169
-0.093169
-0.093169
-0.093169
-0.093169
-0.093169
-0.093169
-0.093169
-0.093169
-0.093169
-0.093169
-0.093169
-0.093169
-0.093169
-0.093169
-0.093169
-0.093169
-0.093169
-0.093169
-0.093169
-0.093169
-0.093169
-0.093169
-0.093169
-0.093169
-0.093169
-0.093169
-0.093169
-0.093169
-0.093169
-0.093169
-0.093169
-0.093169
-0.093169
-0.093169
-0.093169
-0.093169
-0.093169
-0.093169
-0.093169
-0.093169
-0.093169
-0.093169
-0.093169
-0.093169
-0.093169
-0.093169
-0.093169
-0.093169
-0.093169
-0.093169
-0.093169
-0.093169
-0.093169
-0.093169
-0.093169
-0.093169
-0.093169
-0.093169
-0.093169
-0.093169
-0.093169
-0.093169
-0.093169
-0.093169
-0.093169
-0.093169
-0.093169
-0.093169
-0.093169
-0.093169
-0.093169
-0.093169
-0.093169
-0.093169
-0.093169
-0.093169
-0.093169
-0.093169
-0.093169
-0.093169
-0.093169
-0.093169
-0.093169
-0.093169
-0.093169
-0.093169
-0.093169
-0.093169
-0.093169
-0.093169
-0.093169
-0.093169
-0.093169
-0.093169
-0.093169
-0.093169
-0.093169
-0.093169
-0.093169
-0.093169
-0.093169
-0.093169
-0.093169
-0.093169
-0.093169
-0.093169
-0.093169
-0.093169
-0.093169
-0.093169
-0.093169
-0.093169
-0.093169
-0.093169
-0.093169
-0.093169
-0.093169
-0.093169
-0.093169
-0.093169
-0.093169
-0.093169
-0.093169
-0.093169
-0.093169
-0.093169
-0.093169
-0.093169
-0.093169
-0.093169
-0.093169
-0.093169
-0.093169
-0.093169
-0.093169
-0.093169
-0.093169
-0.093169
-0.093169
-0.093169
-0.093169
-0.093169
-0.093169
-0.093169
-0.093169
-0.093169
-0.093169
-0.093169
-0.093169
-0.093169
-0.093169
-0.093169
-0.093169
-0.093169
-0.093169
-0.093169
-0.093169
-0.093169
-0.093169
-0.093169
-0.093169
-0.093169
-0.093169
-0.093169
-0.093169
-0.093169
-0.093169
-0.093169
-0.093169
-0.093169
-0.093169
-0.093169
-0.093169
-0.093169
-0.093169
-0.093169
-0.093169
-0.093169
-0.093169
-0.093169
-0.093169
-0.093169
-0.093169
-0.093169
-0.093169
-0.093169
-0.093169
-0.093169
-0.093169
-0.093169
-0.093169
-0.093169
-0.093169
-0.093169
-0.093169
-0.093169
-0.093169
-0.093169
-0.093169
-0.093169
-0.093169
-0.093169
-0.093169
-0.093169
-0.093169
-0.093169
-0.093169
-0.093169
-0.093169
-0.093169
-0.093169
-0.093169
-0.093169
-0.093169
-0.093169
-0.093169
-0.093169
-0.093169
-0.093169
-0.093169
-0.093169
-0.093169
-0.093169
-0.093169
-0.093169
-0.093169
-0.093169
-0.093169
-0.093169
-0.093169
-0.093169
-0.093169
-0.093169
-0.093169
-0.093169
-0.093169
-0.093169
-0.093169
-0.093169
-0.093169
-0.093169
-0.093169
-0.093169
-0.093169
-0.093169
-0.093169
-0.093169
-0.093169
-0.093169
-0.093169
-0.093169
-0.093169
-0.093169
-0.093169
-0.093169
-0.093169
-0.093169
-0.093169
-0.093169
-0.093169
-0.093169
-0.093169
-0.093169
-0.093169
-0.093169
-0.093169
-0.093169
-0.093169
-0.093169
-0.093169
-0.093169
-0.093169
-0.093169
-0.093169
-0.093169
-0.093169
-0.093169
-0.093169
-0.093169
-0.093169
-0.093169
-0.093169
-0.093169
-0.093169
-0.093169
-0.093169
-0.093169
-0.093169
-0.093169
-0.093169
-0.093169
-0.093169
-0.093169
-0.093169
-0.093169
-0.093169
-0.093169
-0.093169
-0.093169
-0.093169
-0.093169
-0.093169
-0.093169
-0.093169
-0.093169
-0.093169
-0.093169
-0.093169
-0.093169
-0.093169
-0.093169
-0.093169
-0.093169
-0.093169
-0.093169
-0.093169
-0.093169
-0.093169
-0.093169
-0.093169
-0.093169
-0.093169
-0.093169
-0.093169
-0.093169
-0.093169
-0.093169
-0.093169
-0.093169
-0.093169
-0.093169
-0.093169
-0.093169
-0.093169
-0.093169
-0.093169
-0.093169
-0.093169
-0.093169
-0.093169
-0.093169
-0.093169
-0.093169
-0.093169
-0.093169
-0.093169
-0.093169
-0.093169
-0.093169
-0.093169
-0.093169
-0.093169
-0.093169
-0.093169
-0.093169
-0.093169
-0.093169
-0.093169
-0.093169
-0.093169
-0.093169
-0.093169
-0.093169
-0.093169
-0.093169
-0.093169
-0.093169
-0.093169
-0.093169
-0.093169
-0.093169
-0.093169
-0.093169
-0.093169
-0.093169
-0.093169
-0.093169
-0.093169
-0.093169
-0.093169
-0.093169
-0.093169
-0.093169
-0.093169
-0.093169
-0.093169
-0.093169
-0.093169
-0.093169
-0.093169
-0.093169
-0.093169
-0.093169
-0.093169
-0.093169
-0.093169
-0.093169
-0.093169
-0.093169
-0.093169
-0.093169
-0.093169
-0.093169
-0.093169
-0.093169
-0.093169
-0.093169
-0.093169
-0.093169
-0.093169
-0.093169
-0.093169
-0.093169
-0.093169
-0.093169
-0.093169
-0.093169
-0.093169
-0.093169
-0.093169
-0.093169
-0.093169
-0.093169
-0.093169
-0.093169
-0.093169
-0.093169
-0.093169
-0.093169
-0.093169
-0.093169
-0.093169
-0.093169
-0.093169
-0.093169
-0.093169
-0.093169
-0.093169
-0.093169
-0.093169
-0.093169
-0.093169
-0.093169
-0.093169
-0.093169
-0.093169
-0.093169
-0.093169
-0.093169
-0.093169
-0.093169
-0.093169
-0.093169
-0.093169
-0.093169
-0.093169
-0.093169
-0.093169
-0.093169
-0.093169
-0.093169
-0.093169
-0.093169
-0.093169
-0.093169
-0.093169
-0.093169
-0.093169
-0.093169
-0.093169
-0.093169
-0.093169
-0.093169
-0.093169
-0.093169
-0.093169
-0.093169
-0.093169
-0.093169
-0.093169
-0.093169
-0.093169
-0.093169
-0.093169
-0.093169
-0.093169
-0.093169
-0.093169
-0.093169
-0.093169
-0.093169
-0.093169
-0.093169
-0.093169
-0.093169
-0.093169
-0.093169
-0.093169
-0.093169
-0.093169
-0.093169
-0.093169
-0.093169
-0.093169
-0.093169
-0.093169
-0.093169
-0.093169
-0.093169
-0.093169
-0.093169
-0.093169
-0.093169
-0.093169
-0.093169
-0.093169
-0.093169
-0.093169
-0.093169
-0.093169
-0.093169
-0.093169
-0.093169
-0.093169
-0.093169
-0.093169
-0.093169
-0.093169
-0.093169
-0.093169
-0.093169
-0.093170
-0.093170
-0.093170
-0.093170
-0.093170
-0.093170
-0.093170
-0.093170
-0.093170
-0.093170
-0.093170
-0.093170
-0.093170
-0.093170
-0.093170
-0.093170
-0.093170
-0.093170
-0.093170
-0.093170
-0.093170
-0.093170
-0.093170
-0.093170
-0.093170
-0.093170
-0.093170
-0.093170
-0.093170
-0.093170
-0.093170
-0.093170
-0.093170
-0.093170
-0.093170
-0.093170
-0.093170
-0.093170
-0.093170
-0.093170
-0.093170
-0.093170
-0.093170
-0.093170
-0.093170
-0.093170
-0.093170
-0.093170
-0.093170
-0.093170
-0.093170
-0.093170
-0.093170
-0.093170
-0.093170
-0.093170
-0.093170
-0.093170
-0.093170
-0.093170
-0.093170
-0.093170
-0.093170
-0.093170
-0.093170
-0.093170
-0.093170
-0.093170
-0.093170
-0.093170
-0.093170
-0.093170
-0.093170
-0.093170
-0.093170
-0.093170
-0.093170
-0.093170
-0.093170
-0.093170
-0.093170
-0.093170
-0.093170
-0.093170
-0.093170
-0.093170
-0.093170
-0.093170
-0.093170
-0.093170
-0.093170
-0.093170
-0.093170
-0.093170
-0.093170
-0.093170
-0.093170
-0.093170
-0.093170
-0.093170
-0.093170
-0.093170
-0.093170
-0.093170
-0.093170
-0.093170
-0.093170
-0.093170
-0.093170
-0.093170
-0.093170
-0.093170
-0.093170
-0.093170
-0.093170
-0.093170
-0.093170
-0.093170
-0.093170
-0.093170
-0.093170
-0.093170
-0.093170
-0.093170
-0.093170
-0.093170
-0.093170
-0.093170
-0.093170
-0.093170
-0.093170
-0.093170
-0.093170
-0.093170
-0.093170
-0.093170
-0.093170
-0.093170
-0.093170
-0.093170
-0.093170
-0.093170
-0.093170
-0.093170
-0.093170
-0.093170
-0.093170
-0.093170
-0.093170
-0.093170
-0.093170
-0.093170
