0.468682
0.479343
0.480736
0.484517
0.490114
0.496460
0.502995
0.509521
0.515981
0.522350
0.528602
0.534698
0.540594
0.546235
0.551566
0.556529
0.561067
0.565123
0.568643
0.571580
0.573890
0.575538
0.576504
0.576781
0.576382
0.575344
0.573723
0.571596
0.569053
0.566191
0.563109
0.559900
0.556653
0.553452
0.550372
0.547477
0.544825
0.542459
0.540408
0.538692
0.537315
0.536276
0.535562
0.535155
0.535033
0.535170
0.535538
0.536113
0.536873
0.537802
0.538889
0.540129
0.541516
0.543039
0.544687
0.546443
0.548286
0.550192
0.552130
0.554061
0.555942
0.557720
0.559343
0.560767
0.561984
0.563029
0.563970
0.564885
0.565834
0.566856
0.567969
0.569174
0.570465
0.571830
0.573256
0.574730
0.576243
0.577782
0.579340
0.580909
0.582483
0.584054
0.585619
0.587174
0.588715
0.590239
0.591743
0.593227
0.594689
0.596127
0.597542
0.598932
0.600298
0.601641
0.602960
0.604256
0.605531
0.606786
0.608021
0.609239
0.610442
0.611635
0.612821
0.614007
0.615191
0.616376
0.617562
0.618752
0.619944
0.621140
0.622339
0.623542
0.624748
0.625958
0.627172
0.628389
0.629609
0.630831
0.632057
0.633280
0.634447
0.635682
0.637295
0.638641
0.640089
0.641507
0.642504
0.643782
0.645601
0.647413
0.649150
0.650977
0.652896
0.654890
0.656974
0.659158
0.661444
0.663836
0.666339
0.668954
0.671681
0.674515
0.677449
0.680472
0.683574
0.686742
0.689965
0.693231
0.696530
0.699854
0.703194
0.706543
0.709894
0.713242
0.716581
0.719906
0.723213
0.726498
0.729756
0.732984
0.736175
0.739326
0.742429
0.745478
0.748467
0.751390
0.754239
0.757006
0.759685
0.762269
0.764751
0.767122
0.769377
0.771508
0.773510
0.775376
0.777102
0.778685
0.780121
0.781405
0.782535
0.783510
0.784328
0.784991
0.785501
0.785859
0.786068
0.786128
0.786042
0.785812
0.785441
0.784932
0.784290
0.783520
0.782628
0.781618
0.780498
0.779274
0.777952
0.776537
0.775031
0.773434
0.771742
0.769950
0.768054
0.766058
0.763971
0.761809
0.759588
0.757322
0.755024
0.752711
0.750381
0.748004
0.745553
0.743035
0.740477
0.737894
0.735286
0.732642
0.729935
0.727136
0.724244
0.721290
0.718314
0.715334
0.712360
0.709394
0.706436
0.703488
0.700550
0.697622
0.694703
0.691795
0.688899
0.686016
0.683150
0.680304
0.677483
0.674690
0.671930
0.669208
0.666529
0.663912
0.662099
0.659164
0.656636
0.654274
0.655003
0.651361
0.648253
0.648124
0.646917
0.645564
0.644330
0.643169
0.642062
0.641006
0.639995
0.639030
0.638107
0.637225
0.636381
0.635574
0.634800
0.634062
0.633353
0.632677
0.632028
0.631412
0.630819
0.630258
0.629719
0.629210
0.628724
0.628265
0.627830
0.627420
0.627034
0.626670
0.626329
0.626010
0.625711
0.625432
0.625168
0.624915
0.624669
0.624428
0.624192
0.623961
0.623735
0.623516
0.623302
0.623095
0.622894
0.622698
0.622509
0.622327
0.622152
0.621986
0.621986
0.621829
0.621683
0.621548
0.621424
0.621313
0.621214
0.621128
0.621055
0.620996
0.620948
0.620908
0.620869
0.620825
0.620768
0.620696
0.620607
0.620501
0.620379
0.620241
0.620088
0.619919
0.619736
0.619537
0.619325
0.619097
0.618858
0.618602
0.618341
0.618059
0.617780
0.617473
0.617184
0.616852
0.616560
0.616202
0.615915
0.615530
0.615260
0.614846
0.614599
0.614166
0.613937
0.613495
0.613264
0.612818
0.612562
0.612105
0.611812
0.611334
0.610999
0.610489
0.610111
0.609556
0.609128
0.608508
0.608019
0.607314
0.606754
0.605953
0.605319
0.604435
0.603739
0.602814
0.602097
0.601174
0.600459
0.599579
0.598838
0.598065
0.597291
0.596667
0.595927
0.595453
0.594857
0.594541
0.594202
0.594112
0.594101
0.594274
0.594536
0.594897
0.595322
0.595792
0.596320
0.596860
0.597462
0.598028
0.598686
0.599230
0.599944
0.600414
0.601203
0.601563
0.602444
0.602700
0.603643
0.603851
0.604762
0.604982
0.605777
0.606044
0.606693
0.607019
0.607540
0.607910
0.608346
0.608729
0.609115
0.609483
0.609838
0.610179
0.610505
0.610818
0.611118
0.611405
0.611682
0.611950
0.612210
0.612464
0.612713
0.612958
0.613201
0.613441
0.613681
0.613920
0.614160
0.614402
0.614647
0.614895
0.615148
0.615407
0.615672
0.615945
0.616227
0.616519
0.616822
0.617138
0.617467
0.617812
0.618173
0.618553
0.618951
0.619369
0.619808
0.620268
0.620751
0.621256
0.621783
0.622331
0.622899
0.623485
0.624086
0.624700
0.625321
0.625945
0.626568
0.627182
0.627782
0.628362
0.628915
0.629435
0.629918
0.630357
0.630751
0.631094
0.631385
0.631622
0.631804
0.631931
0.632003
0.632021
0.631988
0.631904
0.631772
0.631597
0.631380
0.631126
0.630838
0.630520
0.630177
0.629812
0.629429
0.629032
0.628625
0.628212
0.627795
0.627379
0.626966
0.626559
0.626161
0.625774
0.625400
0.625042
0.624702
0.624380
0.624079
0.623801
0.623546
0.623315
0.623109
0.622929
0.622776
0.622650
0.622551
0.622479
0.622435
0.622418
0.622428
0.622464
0.622526
0.622613
0.622723
0.622857
0.623012
0.623188
0.623381
0.623591
0.623816
0.624054
0.624301
0.624556
0.624817
0.625080
0.625344
0.625605
0.625861
0.626110
0.626349
0.626576
0.626789
0.626987
0.627168
0.627330
0.627474
0.627597
0.627701
0.627784
0.627848
0.627892
0.627916
0.627923
0.627912
0.627884
0.627840
0.627782
0.627708
0.627619
0.627513
0.627386
0.627232
0.627032
0.626747
0.626277
0.625331
0.623252
0.620985
0.620316
0.620050
0.619790
0.619514
0.619255
0.619033
0.618859
0.618736
0.618669
0.618661
0.618714
0.618831
0.619013
0.619260
0.619572
0.619950
0.620392
0.620896
0.621461
0.622083
0.622758
0.623482
0.624248
0.625051
0.625882
0.626732
0.627592
0.628452
0.629302
0.630132
0.630932
0.631696
0.632417
0.633091
0.633715
0.634288
0.634810
0.635281
0.635703
0.636079
0.636410
0.636700
0.636951
0.636951
0.637168
0.637352
0.637508
0.637637
0.637744
0.637831
0.637901
0.637957
0.638001
0.638036
0.638065
0.638088
0.638109
0.638130
0.638153
0.638178
0.638208
0.638245
0.638289
0.638342
0.638405
0.638479
0.638565
0.638663
0.638775
0.638900
0.639040
0.639193
0.639361
0.639542
0.639738
0.639947
0.640169
0.640404
0.640650
0.640907
0.641174
0.641450
0.641733
0.642023
0.642318
0.642616
0.642918
0.643221
0.643524
0.643826
0.644126
0.644423
0.644715
0.645002
0.645284
0.645559
0.645827
0.646087
0.646339
0.646584
0.646820
0.647047
0.647266
0.647477
0.647680
0.647875
0.648062
0.648242
0.648415
0.648581
0.648742
0.648896
0.649045
0.649189
0.649329
0.649464
0.649596
0.649724
0.649849
0.649972
0.650092
0.650209
0.650325
0.650439
0.650551
0.650662
0.650772
0.650880
0.650987
0.651093
0.651198
0.651302
0.651405
0.651507
0.651607
0.651707
0.651805
0.651902
0.651997
0.652091
0.652184
0.652275
0.652364
0.652451
0.652536
0.652619
0.652700
0.652780
0.652857
0.652931
0.653004
0.653074
0.653142
0.653208
0.653272
0.653333
0.653392
0.653449
0.653504
0.653556
0.653607
0.653655
0.653701
0.653746
0.653789
0.653829
0.653869
0.653906
0.653942
0.653976
0.654009
0.654041
0.654071
0.654100
0.654128
0.654154
0.654180
0.654204
0.654227
0.654250
0.654271
0.654292
0.654312
0.654331
0.654349
0.654367
0.654384
0.654400
0.654416
0.654430
0.654445
0.654458
0.654471
0.654484
0.654495
0.654507
0.654517
0.654527
0.654537
0.654546
0.654554
0.654562
0.654570
0.654576
0.654583
0.654589
0.654594
0.654599
0.654604
0.654608
0.654612
0.654615
0.654618
0.654621
0.654624
0.654626
0.654628
0.654630
0.654632
0.654634
0.654636
0.654638
0.654639
0.654641
0.654643
0.654646
0.654648
0.654651
0.654654
0.654657
0.654660
0.654664
0.654667
0.654672
0.654676
0.654680
0.654685
0.654689
0.654694
0.654699
0.654703
0.654707
0.654711
0.654714
0.654717
0.654719
0.654721
0.654721
0.654721
0.654719
0.654716
0.654711
0.654705
0.654696
0.654686
0.654674
0.654659
0.654642
0.654621
0.654598
0.654571
0.654541
0.654507
0.654468
0.654425
0.654377
0.654323
0.654263
0.654196
0.654122
0.654040
0.653949
0.653849
0.653738
0.653617
0.653485
0.653342
0.653190
0.653033
0.652873
0.652718
0.652574
0.652445
0.652334
0.652242
0.652166
0.652103
0.652047
0.651998
0.651951
0.651906
0.651862
0.651817
0.651770
0.651722
0.651670
0.651615
0.651556
0.651491
0.651421
0.651344
0.651259
0.651165
0.651060
0.650944
0.650814
0.650669
0.650507
0.650326
0.650125
0.649902
0.649657
0.649389
0.649097
0.648782
0.648445
0.648086
0.647707
0.647309
0.646896
0.646468
0.646028
0.645578
0.645122
0.644662
