0.332832
0.844981
0.841460
0.840373
0.839642
0.839028
0.838484
0.837995
0.837552
0.837151
0.836786
0.836454
0.836154
0.835882
0.835637
0.835418
0.835221
0.835047
0.834893
0.834759
0.834642
0.834542
0.834456
0.834386
0.834328
0.834282
0.834247
0.834223
0.834208
0.834201
0.834202
0.834211
0.834226
0.834247
0.834273
0.834304
0.834339
0.834378
0.834421
0.834466
0.834515
0.834566
0.834619
0.834674
0.834730
0.834788
0.834848
0.834908
0.834969
0.835030
0.835093
0.835155
0.835218
0.835281
0.835345
0.835408
0.835471
0.835534
0.835597
0.835660
0.835723
0.835785
0.835847
0.835909
0.835970
0.836031
0.836092
0.836153
0.836213
0.836273
0.836333
0.836393
0.836453
0.836512
0.836571
0.836630
0.836690
0.836749
0.836808
0.836867
0.836927
0.836987
0.837047
0.837107
0.837168
0.837229
0.837291
0.837353
0.837416
0.837479
0.837543
0.837608
0.837674
0.837740
0.837807
0.837876
0.837945
0.838015
0.838087
0.838160
0.838233
0.838308
0.838385
0.838462
0.838542
0.838622
0.838704
0.838787
0.838872
0.838958
0.839046
0.839136
0.839227
0.839320
0.839415
0.839511
0.839609
0.839709
0.839810
0.839914
0.840019
0.840126
0.840235
0.840345
0.840458
0.840572
0.840688
0.840807
0.840927
0.841049
0.841172
0.841298
0.841426
0.841556
0.841687
0.841821
0.841956
0.842093
0.842232
0.842374
0.842517
0.842662
0.842808
0.842957
0.843108
0.843260
0.843415
0.843571
0.843729
0.843889
0.844050
0.844214
0.844379
0.844547
0.844716
0.844886
0.845059
0.845233
0.845409
0.845587
0.845766
0.845947
0.846130
0.846314
0.846500
0.846688
0.846877
0.847068
0.847261
0.847454
0.847650
0.847847
0.848046
0.848246
0.848447
0.848650
0.848854
0.849060
0.849267
0.849475
0.849685
0.849896
0.850108
0.850322
0.850537
0.850753
0.850970
0.851189
0.851409
0.851629
0.851851
0.852074
0.852298
0.852524
0.852750
0.852977
0.853205
0.853434
0.853664
0.853895
0.854127
0.854360
0.854593
0.854828
0.855063
0.855299
0.855536
0.855773
0.856011
0.856250
0.856490
0.856730
0.856970
0.857212
0.857454
0.857696
0.857939
0.858183
0.858427
0.858671
0.858916
0.859161
0.859407
0.859653
0.859899
0.860146
0.860393
0.860640
0.860888
0.861136
0.861384
0.861632
0.861880
0.862129
0.862377
0.862626
0.862875
0.863123
0.863372
0.863621
0.863870
0.864119
0.864368
0.864617
0.864865
0.865114
0.865362
0.865611
0.865859
0.866107
0.866355
0.866602
0.866850
0.867097
0.867343
0.867590
0.867836
0.868082
0.868327
0.868572
0.868817
0.869061
0.869305
0.869549
0.869792
0.870034
0.870276
0.870518
0.870758
0.870999
0.871239
0.871478
0.871716
0.871954
0.872192
0.872428
0.872664
0.872900
0.873134
0.873368
0.873602
0.873834
0.874066
0.874297
0.874527
0.874756
0.874984
0.875212
0.875439
0.875665
0.875890
0.876114
0.876337
0.876559
0.876781
0.877001
0.877221
0.877439
0.877657
0.877873
0.878088
0.878303
0.878516
0.878729
0.878940
0.879150
0.879359
0.879567
0.879774
0.879980
0.880185
0.880388
0.880591
0.880792
0.880992
0.881191
0.881388
0.881585
0.881780
0.881974
0.882167
0.882359
0.882549
0.882738
0.882926
0.883113
0.883298
0.883482
0.883665
0.883846
0.884026
0.884205
0.884383
0.884559
0.884734
0.884908
0.885080
0.885251
0.885421
0.885589
0.885756
0.885922
0.886086
0.886249
0.886411
0.886571
0.886730
0.886888
0.887044
0.887199
0.887352
0.887504
0.887655
0.887805
0.887953
0.888100
0.888245
0.888390
0.888532
0.888674
0.888814
0.888953
0.889091
0.889227
0.889362
0.889496
0.889628
0.889759
0.889889
0.890018
0.890145
0.890271
0.890396
0.890520
0.890643
0.890764
0.890884
0.891003
0.891121
0.891238
0.891353
0.891468
0.891581
0.891693
0.891805
0.891915
0.892024
0.892132
0.892239
0.892345
0.892450
0.892555
0.892658
0.892761
0.892862
0.892963
0.893063
0.893162
0.893260
0.893358
0.893454
0.893551
0.893646
0.893741
0.893835
0.893928
0.894021
0.894113
0.894205
0.894297
0.894387
0.894478
0.894568
0.894657
0.894747
0.894836
0.894924
0.895012
0.895101
0.895188
0.895276
0.895364
0.895451
0.895538
0.895626
0.895713
0.895800
0.895888
0.895975
0.896062
0.896150
0.896238
0.896326
0.896414
0.896503
0.896591
0.896680
0.896770
0.896860
0.896950
0.897040
0.897131
0.897223
0.897315
0.897408
0.897501
0.897595
0.897689
0.897784
0.897880
0.897976
0.898073
0.898171
0.898270
0.898369
0.898469
0.898570
0.898672
0.898775
0.898879
0.898983
0.899088
0.899195
0.899302
0.899410
0.899519
0.899630
0.899741
0.899853
0.899966
0.900080
0.900195
0.900311
0.900428
0.900547
0.900666
0.900786
0.900907
0.901030
0.901153
0.901278
0.901403
0.901529
0.901657
0.901785
0.901915
0.902045
0.902177
0.902309
0.902443
0.902577
0.902712
0.902848
0.902986
0.903124
0.903262
0.903402
0.903543
0.903684
0.903826
0.903826
0.903969
0.904113
0.904257
0.904402
0.904548
0.904694
0.904841
0.904989
0.905137
0.905286
0.905435
0.905585
0.905735
0.905885
0.906036
0.906187
0.906339
0.906491
0.906643
0.906795
0.906947
0.907100
0.907253
0.907405
0.907558
0.907711
0.907864
0.908017
0.908169
0.908322
0.908474
0.908626
0.908778
0.908930
0.909081
0.909233
0.909383
0.909534
0.909683
0.909833
0.909982
0.910130
0.910278
0.910426
0.910572
0.910719
0.910864
0.911009
0.911153
0.911297
0.911439
0.911581
0.911722
0.911863
0.912002
0.912141
0.912278
0.912415
0.912551
0.912686
0.912820
0.912953
0.913086
0.913217
0.913347
0.913476
0.913604
0.913731
0.913857
0.913982
0.914106
0.914228
0.914350
0.914471
0.914590
0.914708
0.914826
0.914942
0.915056
0.915170
0.915283
0.915394
0.915505
0.915614
0.915722
0.915829
0.915934
0.916039
0.916142
0.916244
0.916345
0.916445
0.916544
0.916642
0.916738
0.916833
0.916927
0.917020
0.917112
0.917203
0.917292
0.917381
0.917468
0.917554
0.917639
0.917723
0.917806
0.917887
0.917968
0.918048
0.918126
0.918203
0.918280
0.918355
0.918429
0.918502
0.918574
0.918645
0.918715
0.918784
0.918852
0.918919
0.918985
0.919050
0.919114
0.919177
0.919239
0.919300
0.919360
0.919419
0.919478
0.919535
0.919591
0.919647
0.919701
0.919755
0.919808
0.919860
0.919911
0.919961
0.920010
0.920059
0.920107
0.920153
0.920199
0.920245
0.920289
0.920333
0.920375
0.920417
0.920459
0.920499
0.920539
0.920578
0.920616
0.920653
0.920690
0.920726
0.920761
0.920795
0.920829
0.920862
0.920895
0.920926
0.920957
0.920988
0.921017
0.921046
0.921075
0.921102
0.921129
0.921156
0.921181
0.921206
0.921231
0.921255
0.921278
0.921300
0.921322
0.921344
0.921364
0.921384
0.921404
0.921423
0.921441
0.921458
0.921475
0.921492
0.921508
0.921523
0.921538
0.921552
0.921565
0.921578
0.921590
0.921602
0.921613
0.921623
0.921633
0.921642
0.921651
0.921659
0.921666
0.921673
0.921679
0.921685
0.921690
0.921694
0.921698
0.921701
0.921703
0.921705
0.921706
0.921707
0.921706
0.921706
0.921704
0.921702
0.921698
0.921695
0.921690
0.921685
0.921679
0.921672
0.921664
0.921656
0.921647
0.921637
0.921626
0.921614
0.921601
0.921588
0.921573
0.921558
0.921541
0.921524
0.921505
0.921486
0.921465
0.921444
0.921421
0.921397
0.921372
0.921345
0.921318
0.921289
0.921259
0.921228
0.921196
0.921162
0.921126
0.921090
0.921052
0.921013
0.920972
0.920930
0.920886
0.920841
0.920795
0.920747
0.920698
0.920647
0.920595
0.920542
0.920488
0.920432
0.920375
0.920316
0.920257
0.920197
0.920135
0.920073
0.920010
0.919945
0.919880
0.919815
0.919749
0.919682
0.919614
0.919547
0.919478
0.919410
0.919341
0.919272
0.919202
0.919133
0.919063
0.918993
0.918923
0.918853
0.918783
0.918713
0.918643
0.918573
0.918502
0.918432
0.918362
0.918292
0.918222
0.918152
0.918082
0.918012
0.917942
0.917872
0.917802
0.917733
0.917663
0.917593
0.917524
0.917454
0.917385
0.917315
0.917246
0.917177
0.917107
0.917038
0.916968
0.916899
0.916829
0.916760
0.916690
0.916620
0.916550
0.916480
0.916410
0.916339
0.916268
0.916197
0.916126
0.916055
0.915983
0.915911
0.915838
0.915765
0.915692
0.915618
0.915543
0.915469
0.915393
0.915318
0.915241
0.915164
0.915087
0.915009
0.914930
0.914851
0.914771
0.914690
0.914609
0.914527
0.914444
0.914361
0.914277
0.914192
0.914106
0.914020
0.913933
0.913845
0.913756
0.913667
0.913576
0.913485
0.913393
0.913300
0.913207
0.913112
0.913017
0.912921
0.912824
0.912726
0.912628
0.912528
0.912428
0.912327
0.912225
0.912122
0.912019
0.911914
0.911809
0.911703
0.911596
0.911488
0.911379
0.911270
0.911160
0.911049
0.910937
0.910824
0.910711
0.910596
0.910481
0.910365
0.910249
0.910131
0.910013
0.909894
0.909774
0.909654
0.909533
0.909411
0.909288
0.909165
0.909040
0.908915
0.908790
0.908664
0.908536
0.908409
0.908280
0.908151
0.908021
0.907891
0.907760
0.907628
0.907495
0.907362
0.907229
0.907094
0.906959
0.906823
0.906687
0.906550
0.906413
0.906275
0.906136
0.905997
0.905857
0.905716
0.905575
0.905433
0.905291
0.905148
0.905005
0.904861
0.904717
0.904572
0.904426
0.904280
0.904134
0.903986
0.903839
0.903691
0.903542
0.903393
0.903243
0.903093
0.902942
0.902791
0.902639
0.902487
0.902334
0.902181
0.902027
0.901873
0.901719
0.901563
0.901408
0.901252
0.901095
0.900938
0.900781
0.900623
0.900465
0.900306
0.900146
0.899987
0.899826
0.899666
0.899505
0.899343
0.899181
0.899019
0.898856
0.898692
0.898529
0.898364
0.898200
0.898035
0.897869
0.897703
0.897537
0.897370
0.897202
0.897035
0.896866
0.896698
0.896529
0.896359
0.896189
0.896019
0.895848
0.895677
0.895505
0.895333
0.895161
0.894988
0.894815
0.894641
0.894467
0.894467
0.894292
0.894117
0.893942
0.893766
0.893589
0.893413
0.893235
0.893058
0.892880
0.892701
0.892523
0.892343
0.892164
0.891983
0.891803
0.891622
0.891441
0.891259
0.891077
0.890894
0.890711
0.890527
0.890344
0.890159
0.889975
0.889789
0.889604
0.889418
0.889232
0.889045
0.888858
0.888670
0.888482
0.888294
0.888105
0.887915
0.887726
0.887536
0.887345
0.887154
0.886963
0.886771
0.886579
0.886387
0.886194
0.886001
0.885807
0.885613
0.885418
0.885223
0.885028
0.884832
0.884636
0.884439
0.884242
0.884045
0.883847
0.883649
0.883450
0.883252
0.883052
0.882852
0.882652
0.882452
0.882251
0.882049
0.881848
0.881645
0.881443
0.881240
0.881037
0.880833
0.880629
0.880424
0.880219
0.880014
0.879808
0.879602
0.879396
0.879189
0.878982
0.878774
0.878566
0.878357
0.878149
0.877939
0.877730
0.877520
0.877310
0.877099
0.876888
0.876676
0.876464
0.876252
0.876039
0.875826
0.875613
0.875399
0.875185
0.874970
0.874755
0.874540
0.874324
0.874108
0.873892
0.873675
0.873458
0.873240
0.873022
0.872804
0.872585
0.872366
0.872147
0.871927
0.871707
0.871487
0.871266
0.871044
0.870823
0.870601
0.870379
0.870156
0.869933
0.869710
0.869486
0.869262
0.869037
0.868813
0.868587
0.868362
0.868136
0.867910
0.867683
0.867457
0.867229
0.867002
0.866774
0.866546
0.866317
0.866088
0.865859
0.865630
0.865400
0.865170
0.864939
0.864708
0.864477
0.864246
0.864014
0.863782
0.863549
0.863317
0.863084
0.862850
0.862617
0.862383
0.862149
0.861914
0.861679
0.861444
0.861209
0.860973
0.860737
0.860501
0.860264
0.860027
0.859790
0.859553
0.859315
0.859077
0.858839
0.858600
0.858362
0.858123
0.857884
0.857644
0.857404
0.857164
0.856924
0.856683
0.856443
0.856202
0.855961
0.855719
0.855477
0.855236
0.854993
0.854751
0.854509
0.854266
0.854023
0.853780
0.853536
0.853293
0.853049
0.852805
0.852561
0.852316
0.852072
0.851827
0.851582
0.851337
0.851092
0.850846
0.850601
0.850355
0.850109
0.849863
0.849617
0.849370
0.849124
0.848877
0.848630
0.848383
0.848136
0.847889
0.847642
0.847394
0.847147
0.846899
0.846651
0.846403
0.846155
0.845907
0.845659
0.845411
0.845163
0.844914
0.844666
0.844417
0.844168
0.843920
0.843671
0.843422
0.843173
0.842924
0.842675
0.842426
0.842177
0.841927
0.841678
0.841429
0.841180
0.840930
0.840681
0.840432
0.840182
0.839933
0.839684
0.839434
0.839185
0.838935
0.838686
0.838437
0.838187
0.837938
0.837689
0.837439
0.837190
0.836941
0.836692
0.836442
0.836193
0.835944
0.835695
0.835446
0.835197
0.834948
0.834699
0.834451
0.834202
0.833953
0.833705
0.833456
0.833208
0.832959
0.832711
0.832463
0.832215
0.831967
0.831719
0.831471
0.831223
0.830976
0.830728
0.830481
0.830233
0.829986
0.829739
0.829492
0.829245
0.828998
0.828752
0.828505
0.828259
0.828012
0.827766
0.827520
0.827274
0.827029
0.826783
0.826537
0.826292
0.826047
0.825802
0.825557
0.825312
0.825067
0.824823
0.824579
0.824334
0.824090
0.823846
0.823603
0.823359
0.823115
0.822872
0.822629
0.822386
0.822143
0.821900
0.821658
0.821415
0.821173
0.820931
0.820689
0.820447
0.820205
0.819964
0.819722
0.819481
0.819240
0.818999
0.818758
0.818518
0.818277
0.818037
0.817797
0.817557
0.817317
0.817077
0.816837
0.816598
0.816359
0.816119
0.815880
0.815641
0.815402
0.815164
0.814925
0.814687
0.814448
0.814210
0.813972
0.813734
0.813496
0.813258
0.813020
0.812783
0.812545
0.812308
0.812070
0.811833
0.811596
0.811359
0.811122
0.810885
0.810648
0.810412
0.810175
0.809938
0.809702
0.809465
0.809229
0.808992
0.808756
0.808519
0.808283
0.808047
0.807810
0.807574
0.807338
0.807102
0.806865
0.806629
0.806393
0.806157
0.805920
0.805684
0.805448
0.805211
0.804975
0.804739
0.804502
0.804266
0.804029
0.803793
0.803556
0.803319
0.803082
0.802845
0.802608
0.802371
0.802134
0.801897
0.801659
0.801422
0.801184
0.800946
0.800709
0.800471
0.800232
0.799994
0.799756
0.799517
0.799278
0.799039
0.798800
0.798561
0.798321
0.798081
0.797841
0.797601
0.797361
0.797120
0.796879
0.796638
0.796397
0.796156
0.795914
0.795672
0.795430
0.795187
0.794944
0.794701
0.794458
0.794214
0.793970
0.793726
0.793481
0.793236
0.792991
0.792745
0.792499
0.792253
0.792007
0.791760
0.791512
0.791265
0.791017
0.790768
0.790520
0.790270
0.790021
0.789771
0.789521
0.789270
0.789019
0.788767
0.788515
0.788263
0.788010
0.787756
0.787503
0.787248
0.786994
0.786739
0.786483
0.786227
0.785971
0.785713
0.785456
0.785198
0.784939
0.784680
0.784421
0.784161
0.783900
0.783639
0.783378
0.783115
0.782853
0.782590
0.782326
0.782061
0.781797
0.781531
0.781265
0.780998
0.780731
0.780464
0.780195
0.779926
0.779657
0.779387
0.779116
0.778844
0.778572
0.778300
0.778300
0.778027
0.777753
0.777478
0.777203
0.776927
0.776651
0.776374
0.776096
0.775818
0.775539
0.775259
0.774979
0.774698
0.774416
0.774133
0.773850
0.773566
0.773282
0.772997
0.772711
0.772424
0.772137
0.771849
0.771560
0.771270
0.770980
0.770689
0.770397
0.770105
0.769811
0.769517
0.769223
0.768927
0.768631
0.768334
0.768036
0.767737
0.767438
0.767138
0.766837
0.766535
0.766233
0.765929
0.765625
0.765320
0.765014
0.764708
0.764400
0.764092
0.763783
0.763473
0.763162
0.762851
0.762538
0.762225
0.761911
0.761596
0.761280
0.760963
0.760646
0.760327
0.760008
0.759688
0.759367
0.759045
0.758722
0.758398
0.758074
0.757748
0.757422
0.757094
0.756766
0.756437
0.756107
0.755776
0.755444
0.755111
0.754777
0.754442
0.754107
0.753770
0.753433
0.753094
0.752755
0.752414
0.752073
0.751730
0.751387
0.751043
0.750697
0.750351
0.750004
0.749655
0.749306
0.748956
0.748604
0.748252
0.747899
0.747545
0.747189
0.746833
0.746476
0.746117
0.745758
0.745397
0.745036
0.744673
0.744310
0.743945
0.743579
0.743213
0.742845
0.742476
0.742106
0.741735
0.741363
0.740990
0.740616
0.740241
0.739865
0.739488
0.739109
0.738730
0.738350
0.737968
0.737586
0.737202
0.736818
0.736433
0.736046
0.735659
0.735270
0.734881
0.734490
0.734099
0.733707
0.733313
0.732919
0.732524
0.732128
0.731731
0.731334
0.730935
0.730536
0.730136
0.729735
0.729333
0.728930
0.728527
0.728123
0.727719
0.727313
0.726907
0.726500
0.726093
0.725685
0.725276
0.724867
0.724457
0.724046
0.723634
0.723222
0.722810
0.722396
0.721982
0.721567
0.721152
0.720735
0.720318
0.719901
0.719482
0.719063
0.718643
0.718222
0.717800
0.717378
0.716955
0.716532
0.716108
0.715683
0.715258
0.714834
0.714409
0.713984
0.713561
0.713138
0.712716
0.712296
0.711879
0.711464
0.711052
0.710645
0.710242
0.709844
0.709451
0.709066
0.708687
0.708316
0.707953
0.707599
0.707254
0.706918
0.706593
0.706276
0.705970
0.705673
0.705385
0.705107
0.704837
0.704575
0.704320
0.704072
0.703830
0.703594
0.703362
0.703134
0.702909
0.702687
0.702466
0.702246
0.702027
0.701808
0.701588
0.701367
0.701145
0.700922
0.700696
0.700469
0.700239
0.700006
0.699771
0.699534
0.699294
0.699051
0.698806
0.698559
0.698309
0.698057
0.697803
0.697547
0.697290
0.697031
0.696770
0.696508
0.696245
0.695981
0.695716
0.695451
0.695185
0.694920
0.694654
0.694388
0.694123
0.693858
0.693594
0.693331
0.693069
0.692809
0.692549
0.692291
0.692035
0.691781
0.691528
0.691278
0.691030
0.690784
0.690541
0.690300
0.690063
0.689827
0.689595
0.689366
0.689140
0.688918
0.688698
0.688482
0.688269
0.688060
0.687854
0.687652
0.687453
0.687258
0.687067
0.686879
0.686695
0.686515
0.686338
0.686166
0.685996
0.685831
0.685670
0.685512
0.685358
0.685207
0.685060
0.684917
0.684778
0.684642
0.684509
0.684380
0.684255
0.684133
0.684015
0.683900
0.683788
0.683680
0.683575
0.683473
0.683374
0.683278
0.683186
0.683096
0.683010
0.682926
0.682846
0.682768
0.682693
0.682621
0.682551
0.682484
0.682420
0.682358
0.682299
0.682242
0.682188
0.682136
0.682086
0.682039
0.681994
0.681951
0.681910
0.681872
0.681835
0.681800
0.681768
0.681737
0.681708
0.681682
0.681656
0.681633
0.681612
0.681592
0.681574
0.681557
0.681542
0.681529
0.681517
0.681506
0.681498
0.681490
0.681484
0.681479
0.681476
0.681474
0.681473
0.681474
0.681475
0.681478
0.681482
0.681488
0.681494
0.681502
0.681510
0.681520
0.681530
0.681542
0.681555
0.681568
0.681583
0.681598
0.681614
0.681632
0.681650
0.681669
0.681688
0.681709
0.681730
0.681752
0.681775
0.681799
0.681823
0.681848
0.681874
0.681900
0.681927
0.681955
0.681983
0.682012
0.682042
0.682072
0.682103
0.682134
0.682166
0.682198
0.682231
0.682265
0.682299
0.682333
0.682368
0.682404
0.682440
0.682476
0.682513
0.682550
0.682588
0.682626
0.682664
0.682703
0.682743
0.682782
0.682822
0.682863
0.682904
0.682945
0.682986
0.683028
0.683070
0.683113
0.683156
0.683199
0.683242
0.683286
0.683330
0.683374
0.683419
0.683464
0.683509
0.683555
0.683600
0.683646
0.683692
0.683739
0.683785
0.683832
0.683879
0.683927
0.683974
0.684022
0.684070
0.684118
0.684166
0.684215
0.684263
0.684312
0.684361
0.684410
0.684460
0.684509
0.684559
0.684609
0.684659
0.684709
0.684760
0.684810
0.684861
0.684911
0.684962
0.685013
0.685064
0.685116
0.685167
0.685219
0.685270
0.685322
0.685374
0.685426
0.685478
0.685530
0.685582
0.685634
0.685686
0.685739
0.685791
0.685844
0.685897
0.685950
0.686002
0.686055
0.686108
0.686161
0.686214
0.686268
0.686321
0.686374
0.686427
0.686481
0.686534
0.686588
0.686641
0.686695
0.686748
0.686802
0.686856
0.686909
0.686963
0.687017
0.687071
0.687124
0.687178
0.687178
0.687232
0.687286
0.687340
0.687394
0.687448
0.687502
0.687556
0.687609
0.687663
0.687717
0.687771
0.687825
0.687879
0.687933
0.687987
0.688041
0.688095
0.688149
0.688203
0.688257
0.688311
0.688365
0.688419
0.688473
0.688527
0.688581
0.688635
0.688688
0.688742
0.688796
0.688850
0.688904
0.688957
0.689011
0.689065
0.689118
0.689172
0.689226
0.689279
0.689333
0.689386
0.689440
0.689493
0.689546
0.689600
0.689653
0.689706
0.689760
0.689813
0.689866
0.689919
0.689972
0.690025
0.690078
0.690131
0.690184
0.690237
0.690290
0.690342
0.690395
0.690448
0.690500
0.690553
0.690606
0.690658
0.690710
0.690763
0.690815
0.690867
0.690919
0.690972
0.691024
0.691076
0.691128
0.691179
0.691231
0.691283
0.691335
0.691386
0.691438
0.691490
0.691541
0.691592
0.691644
0.691695
0.691746
0.691797
0.691849
0.691900
0.691951
0.692001
0.692052
0.692103
0.692154
0.692204
0.692255
0.692305
0.692356
0.692406
0.692457
0.692507
0.692557
0.692607
0.692657
0.692707
0.692757
0.692807
0.692856
0.692906
0.692956
0.693005
0.693055
0.693104
0.693153
0.693202
0.693252
0.693301
0.693350
0.693399
0.693447
0.693496
0.693545
0.693594
0.693642
0.693691
0.693739
0.693787
0.693836
0.693884
0.693932
0.693980
0.694028
0.694076
0.694124
0.694171
0.694219
0.694267
0.694314
0.694362
0.694409
0.694456
0.694504
0.694551
0.694598
0.694645
0.694692
0.694739
0.694785
0.694832
0.694879
0.694925
0.694972
0.695018
0.695064
0.695111
0.695157
0.695203
0.695249
0.695295
0.695341
0.695386
0.695432
0.695478
0.695523
0.695569
0.695614
0.695659
0.695705
0.695750
0.695795
0.695840
0.695885
0.695930
0.695975
0.696019
0.696064
0.696109
0.696153
0.696198
0.696242
0.696286
0.696330
0.696375
0.696419
0.696463
0.696507
0.696550
0.696594
0.696638
0.696682
0.696725
0.696769
0.696812
0.696855
0.696899
0.696942
0.696985
0.697028
0.697071
0.697114
0.697157
0.697199
0.697242
0.697285
0.697327
0.697370
0.697412
0.697455
0.697497
0.697539
0.697581
0.697623
0.697665
0.697707
0.697749
0.697791
0.697832
0.697874
0.697916
0.697957
0.697999
0.698040
0.698081
0.698123
0.698164
0.698205
0.698246
0.698287
0.698328
0.698369
0.698409
0.698450
0.698491
0.698531
0.698572
0.698612
0.698653
0.698693
0.698733
0.698774
0.698814
0.698854
0.698894
0.698934
0.698974
0.699013
0.699053
0.699093
0.699133
0.699172
0.699212
0.699251
0.699290
0.699330
0.699369
0.699408
0.699447
0.699487
0.699526
0.699565
0.699603
0.699642
0.699681
0.699720
0.699758
0.699797
0.699836
0.699874
0.699913
0.699951
0.699989
0.700028
0.700066
0.700104
0.700142
0.700180
0.700218
0.700256
0.700294
0.700332
0.700370
0.700407
0.700445
0.700483
0.700520
0.700558
0.700595
0.700632
0.700670
0.700707
0.700744
0.700782
0.700819
0.700856
0.700893
0.700930
0.700967
0.701004
0.701040
0.701077
0.701114
0.701151
0.701187
0.701224
0.701260
0.701297
0.701333
0.701370
0.701406
0.701442
0.701479
0.701515
0.701551
0.701587
0.701623
0.701659
0.701695
0.701731
0.701767
0.701803
0.701839
0.701874
0.701910
0.701946
0.701981
0.702017
0.702052
0.702088
0.702123
0.702159
0.702194
0.702229
0.702265
0.702300
0.702335
0.702370
0.702405
0.702440
0.702475
0.702510
0.702545
0.702580
0.702615
0.702650
0.702685
0.702719
0.702754
0.702789
0.702823
0.702858
0.702893
0.702927
0.702962
0.702996
0.703030
0.703065
0.703099
0.703133
0.703168
0.703202
0.703236
0.703270
0.703304
0.703338
0.703372
0.703406
0.703440
0.703474
0.703508
0.703542
0.703576
0.703610
0.703643
0.703677
0.703711
0.703745
0.703778
0.703812
0.703845
0.703879
0.703912
0.703946
0.703979
0.704013
0.704046
0.704079
0.704113
0.704146
0.704179
0.704213
0.704246
0.704279
0.704312
0.704345
0.704378
0.704411
0.704444
0.704477
0.704510
0.704543
0.704576
0.704609
0.704642
0.704675
0.704708
0.704740
0.704773
0.704806
0.704839
0.704871
0.704904
0.704936
0.704969
0.705002
0.705034
0.705067
0.705099
0.705132
0.705164
0.705197
0.705229
0.705261
0.705294
0.705326
0.705358
0.705391
0.705423
0.705455
0.705487
0.705519
0.705552
0.705584
0.705616
0.705648
0.705680
0.705712
0.705744
0.705776
0.705808
0.705840
0.705872
0.705904
0.705936
0.705968
0.706000
0.706032
0.706063
0.706095
0.706127
0.706159
0.706190
0.706222
0.706254
0.706286
0.706317
0.706349
0.706381
0.706412
0.706444
0.706475
0.706507
0.706538
0.706570
0.706602
0.706633
0.706664
0.706696
0.706727
0.706759
0.706790
0.706822
0.706853
0.706884
0.706916
0.706947
0.706978
0.707010
0.707041
0.707072
0.707103
0.707135
0.707166
0.707197
0.707228
0.707259
0.707291
0.707322
0.707353
0.707384
0.707415
0.707446
0.707477
0.707508
0.707539
0.707570
0.707601
0.707632
0.707663
0.707694
0.707694
0.707725
0.707756
0.707787
0.707818
0.707849
0.707880
0.707911
0.707942
0.707973
0.708004
0.708034
0.708065
0.708096
0.708127
0.708158
0.708188
0.708219
0.708250
0.708281
0.708311
0.708342
0.708373
0.708404
0.708434
0.708465
0.708496
0.708526
0.708557
0.708588
0.708618
0.708649
0.708680
0.708710
0.708741
0.708771
0.708802
0.708832
0.708863
0.708894
0.708924
0.708955
0.708985
0.709016
0.709046
0.709077
0.709107
0.709138
0.709168
0.709198
0.709229
0.709259
0.709290
0.709320
0.709351
0.709381
0.709411
0.709442
0.709472
0.709502
0.709533
0.709563
0.709593
0.709624
0.709654
0.709684
0.709715
0.709745
0.709775
0.709806
0.709836
0.709866
0.709896
0.709927
0.709957
0.709987
0.710017
0.710048
0.710078
0.710108
0.710138
0.710168
0.710199
0.710229
0.710259
0.710289
0.710319
0.710349
0.710380
0.710410
0.710440
0.710470
0.710500
0.710530
0.710560
0.710590
0.710620
0.710650
0.710681
0.710711
0.710741
0.710771
0.710801
0.710831
0.710861
0.710891
0.710921
0.710951
0.710981
0.711011
0.711041
0.711071
0.711101
0.711131
0.711161
0.711191
0.711221
0.711251
0.711281
0.711311
0.711340
0.711370
0.711400
0.711430
0.711460
0.711490
0.711520
0.711550
0.711580
0.711610
0.711639
0.711669
0.711699
0.711729
0.711759
0.711789
0.711819
0.711848
0.711878
0.711908
0.711938
0.711968
0.711997
0.712027
0.712057
0.712087
0.712116
0.712146
0.712176
0.712206
0.712235
0.712265
0.712295
0.712325
0.712354
0.712384
0.712414
0.712444
0.712473
0.712503
0.712533
0.712562
0.712592
0.712622
0.712651
0.712681
0.712711
0.712740
0.712770
0.712799
0.712829
0.712859
0.712888
0.712918
0.712947
0.712977
0.713007
0.713036
0.713066
0.713095
0.713125
0.713154
0.713184
0.713213
0.713243
0.713273
0.713302
0.713332
0.713361
0.713391
0.713420
0.713450
0.713479
0.713508
0.713538
0.713567
0.713597
0.713626
0.713656
0.713685
0.713714
0.713744
0.713773
0.713803
0.713832
0.713861
0.713891
0.713920
0.713950
0.713979
0.714008
0.714038
0.714067
0.714096
0.714126
0.714155
0.714184
0.714213
0.714243
0.714272
0.714301
0.714331
0.714360
0.714389
0.714418
0.714447
0.714477
0.714506
0.714535
0.714564
0.714593
0.714623
0.714652
0.714681
0.714710
0.714739
0.714768
0.714798
0.714827
0.714856
0.714885
0.714914
0.714943
0.714972
0.715001
0.715030
0.715059
0.715088
0.715117
0.715146
0.715175
0.715204
0.715233
0.715262
0.715291
0.715320
0.715349
0.715378
0.715407
0.715436
0.715465
0.715494
0.715523
0.715552
0.715581
0.715609
0.715638
0.715667
0.715696
0.715725
0.715754
0.715782
0.715811
0.715840
0.715869
0.715898
0.715926
0.715955
0.715984
0.716013
0.716041
0.716070
0.716099
0.716127
0.716156
0.716185
0.716213
0.716242
0.716271
0.716299
0.716328
0.716356
0.716385
0.716414
0.716442
0.716471
0.716499
0.716528
0.716556
0.716585
0.716613
0.716642
0.716670
0.716699
0.716727
0.716756
0.716784
0.716812
0.716841
0.716869
0.716898
0.716926
0.716954
0.716983
0.717011
0.717039
0.717068
0.717096
0.717124
0.717152
0.717181
0.717209
0.717237
0.717265
0.717294
0.717322
0.717350
0.717378
0.717406
0.717434
0.717463
0.717491
0.717519
0.717547
0.717575
0.717603
0.717631
0.717659
0.717687
0.717715
0.717743
0.717771
0.717799
0.717827
0.717855
0.717883
0.717911
0.717938
0.717966
0.717994
0.718022
0.718050
0.718078
0.718105
0.718133
0.718161
0.718189
0.718217
0.718244
0.718272
0.718300
0.718327
0.718355
0.718383
0.718410
0.718438
0.718466
0.718493
0.718521
0.718548
0.718576
0.718603
0.718631
0.718658
0.718686
0.718713
0.718741
0.718768
0.718796
0.718823
0.718850
0.718878
0.718905
0.718932
0.718960
0.718987
0.719014
0.719042
0.719069
0.719096
0.719123
0.719151
0.719178
0.719205
0.719232
0.719259
0.719286
0.719313
0.719341
0.719368
0.719395
0.719422
0.719449
0.719476
0.719503
0.719530
0.719557
0.719584
0.719610
0.719637
0.719664
0.719691
0.719718
0.719745
0.719772
0.719798
0.719825
0.719852
0.719879
0.719905
0.719932
0.719959
0.719985
0.720012
0.720039
0.720065
0.720092
0.720118
0.720145
0.720172
0.720198
0.720225
0.720251
0.720278
0.720304
0.720330
0.720357
0.720383
0.720410
0.720436
0.720462
0.720489
0.720515
0.720541
0.720567
0.720594
0.720620
0.720646
0.720672
0.720698
0.720725
0.720751
0.720777
0.720803
0.720829
0.720855
0.720881
0.720907
0.720933
0.720959
0.720985
0.721011
0.721037
0.721063
0.721088
0.721114
0.721140
0.721166
0.721192
0.721217
0.721243
0.721269
0.721295
0.721320
0.721346
0.721372
0.721397
0.721423
0.721448
0.721474
0.721500
0.721525
0.721551
0.721576
0.721602
0.721627
0.721652
0.721678
0.721703
0.721729
0.721754
0.721779
0.721804
0.721830
0.721855
0.721880
0.721905
0.721931
0.721956
0.721981
0.721981
0.722006
0.722031
0.722056
0.722081
0.722106
0.722131
0.722156
0.722181
0.722206
0.722231
0.722256
0.722281
0.722306
0.722331
0.722356
0.722380
0.722405
0.722430
0.722455
0.722479
0.722504
0.722529
0.722553
0.722578
0.722603
0.722627
0.722652
0.722676
0.722701
0.722725
0.722750
0.722774
0.722799
0.722823
0.722848
0.722872
0.722896
0.722921
0.722945
0.722969
0.722994
0.723018
0.723042
0.723066
0.723090
0.723115
0.723139
0.723163
0.723187
0.723211
0.723235
0.723259
0.723283
0.723307
0.723331
0.723355
0.723379
0.723403
0.723426
0.723450
0.723474
0.723498
0.723522
0.723545
0.723569
0.723593
0.723617
0.723640
0.723664
0.723687
0.723711
0.723735
0.723758
0.723782
0.723805
0.723829
0.723852
0.723876
0.723899
0.723922
0.723946
0.723969
0.723992
0.724016
0.724039
0.724062
0.724085
0.724109
0.724132
0.724155
0.724178
0.724201
0.724224
0.724247
0.724270
0.724293
0.724316
0.724339
0.724362
0.724385
0.724408
0.724431
0.724454
0.724477
0.724500
0.724522
0.724545
0.724568
0.724591
0.724613
0.724636
0.724659
0.724681
0.724704
0.724727
0.724749
0.724772
0.724794
0.724817
0.724839
0.724862
0.724884
0.724906
0.724929
0.724951
0.724973
0.724996
0.725018
0.725040
0.725063
0.725085
0.725107
0.725129
0.725151
0.725173
0.725196
0.725218
0.725240
0.725262
0.725284
0.725306
0.725328
0.725350
0.725372
0.725393
0.725415
0.725437
0.725459
0.725481
0.725503
0.725524
0.725546
0.725568
0.725589
0.725611
0.725633
0.725654
0.725676
0.725698
0.725719
0.725741
0.725762
0.725784
0.725805
0.725827
0.725848
0.725869
0.725891
0.725912
0.725933
0.725955
0.725976
0.725997
0.726018
0.726040
0.726061
0.726082
0.726103
0.726124
0.726145
0.726166
0.726188
0.726209
0.726230
0.726251
0.726271
0.726292
0.726313
0.726334
0.726355
0.726376
0.726397
0.726418
0.726438
0.726459
0.726480
0.726501
0.726521
0.726542
0.726563
0.726583
0.726604
0.726624
0.726645
0.726665
0.726686
0.726706
0.726727
0.726747
0.726768
0.726788
0.726808
0.726829
0.726849
0.726869
0.726890
0.726910
0.726930
0.726950
0.726971
0.726991
0.727011
0.727031
0.727051
0.727071
0.727091
0.727111
0.727131
0.727151
0.727171
0.727191
0.727211
0.727231
0.727251
0.727271
0.727290
0.727310
0.727330
0.727350
0.727370
0.727389
0.727409
0.727429
0.727448
0.727468
0.727488
0.727507
0.727527
0.727546
0.727566
0.727585
0.727605
0.727624
0.727644
0.727663
0.727682
0.727702
0.727721
0.727740
0.727760
0.727779
0.727798
0.727817
0.727837
0.727856
0.727875
0.727894
0.727913
0.727932
0.727951
0.727971
0.727990
0.728009
0.728028
0.728047
0.728066
0.728084
0.728103
0.728122
0.728141
0.728160
0.728179
0.728198
0.728216
0.728235
0.728254
0.728273
0.728291
0.728310
0.728329
0.728347
0.728366
0.728384
0.728403
0.728421
0.728440
0.728458
0.728477
0.728495
0.728514
0.728532
0.728551
0.728569
0.728587
0.728606
0.728624
0.728642
0.728660
0.728679
0.728697
0.728715
0.728733
0.728751
0.728770
0.728788
0.728806
0.728824
0.728842
0.728860
0.728878
0.728896
0.728914
0.728932
0.728950
0.728968
0.728986
0.729003
0.729021
0.729039
0.729057
0.729075
0.729092
0.729110
0.729128
0.729146
0.729163
0.729181
0.729199
0.729216
0.729234
0.729251
0.729269
0.729286
0.729304
0.729321
0.729339
0.729356
0.729374
0.729391
0.729409
0.729426
0.729443
0.729461
0.729478
0.729495
0.729512
0.729530
0.729547
0.729564
0.729581
0.729598
0.729616
0.729633
0.729650
0.729667
0.729684
0.729701
0.729718
0.729735
0.729752
0.729769
0.729786
0.729803
0.729820
0.729837
0.729854
0.729870
0.729887
0.729904
0.729921
0.729938
0.729954
0.729971
0.729988
0.730004
0.730021
0.730038
0.730054
0.730071
0.730088
0.730104
0.730121
0.730137
0.730154
0.730170
0.730187
0.730203
0.730220
0.730236
0.730252
0.730269
0.730285
0.730301
0.730318
0.730334
0.730350
0.730367
0.730383
0.730399
0.730415
0.730431
0.730448
0.730464
0.730480
0.730496
0.730512
0.730528
0.730544
0.730560
0.730576
0.730592
0.730608
0.730624
0.730640
0.730656
0.730672
0.730688
0.730704
0.730719
0.730735
0.730751
0.730767
0.730783
0.730798
0.730814
0.730830
0.730845
0.730861
0.730877
0.730892
0.730908
0.730924
0.730939
0.730955
0.730970
0.730986
0.731001
0.731017
0.731032
0.731048
0.731063
0.731079
0.731094
0.731109
0.731125
0.731140
0.731155
0.731171
0.731186
0.731201
0.731216
0.731232
0.731247
0.731262
0.731277
0.731292
0.731307
0.731323
0.731338
0.731353
0.731368
0.731383
0.731398
0.731413
0.731428
0.731443
0.731458
0.731473
0.731488
0.731503
0.731517
0.731532
0.731547
0.731562
0.731577
0.731592
0.731606
0.731621
0.731636
0.731651
0.731665
0.731680
0.731695
0.731709
0.731724
0.731739
0.731753
0.731768
0.731782
0.731782
0.731797
0.731811
0.731826
0.731841
0.731855
0.731869
0.731884
0.731898
0.731913
0.731927
0.731942
0.731956
0.731970
0.731985
0.731999
0.732013
0.732027
0.732042
0.732056
0.732070
0.732084
0.732099
0.732113
0.732127
0.732141
0.732155
0.732169
0.732183
0.732197
0.732211
0.732225
0.732239
0.732253
0.732267
0.732281
0.732295
0.732309
0.732323
0.732337
0.732351
0.732365
0.732379
0.732393
0.732406
0.732420
0.732434
0.732448
0.732462
0.732475
0.732489
0.732503
0.732516
0.732530
0.732544
0.732557
0.732571
0.732585
0.732598
0.732612
0.732625
0.732639
0.732652
0.732666
0.732679
0.732693
0.732706
0.732720
0.732733
0.732747
0.732760
0.732773
0.732787
0.732800
0.732813
0.732827
0.732840
0.732853
0.732867
0.732880
0.732893
0.732906
0.732919
0.732933
0.732946
0.732959
0.732972
0.732985
0.732998
0.733011
0.733024
0.733038
0.733051
0.733064
0.733077
0.733090
0.733103
0.733116
0.733129
0.733141
0.733154
0.733167
0.733180
0.733193
0.733206
0.733219
0.733232
0.733244
0.733257
0.733270
0.733283
0.733295
0.733308
0.733321
0.733334
0.733346
0.733359
0.733372
0.733384
0.733397
0.733409
0.733422
0.733435
0.733447
0.733460
0.733472
0.733485
0.733497
0.733510
0.733522
0.733535
0.733547
0.733560
0.733572
0.733584
0.733597
0.733609
0.733622
0.733634
0.733646
0.733659
0.733671
0.733683
0.733695
0.733708
0.733720
0.733732
0.733744
0.733756
0.733769
0.733781
0.733793
0.733805
0.733817
0.733829
0.733841
0.733854
0.733866
0.733878
0.733890
0.733902
0.733914
0.733926
0.733938
0.733950
0.733962
0.733973
0.733985
0.733997
0.734009
0.734021
0.734033
0.734045
0.734057
0.734068
0.734080
0.734092
0.734104
0.734115
0.734127
0.734139
0.734151
0.734162
0.734174
0.734186
0.734197
0.734209
0.734221
0.734232
0.734244
0.734255
0.734267
0.734279
0.734290
0.734302
0.734313
0.734325
0.734336
0.734348
0.734359
0.734371
0.734382
0.734393
0.734405
0.734416
0.734428
0.734439
0.734450
0.734462
0.734473
0.734484
0.734496
0.734507
0.734518
0.734529
0.734541
0.734552
0.734563
0.734574
0.734585
0.734597
0.734608
0.734619
0.734630
0.734641
0.734652
0.734663
0.734674
0.734686
0.734697
0.734708
0.734719
0.734730
0.734741
0.734752
0.734763
0.734774
0.734785
0.734795
0.734806
0.734817
0.734828
0.734839
0.734850
0.734861
0.734872
0.734882
0.734893
0.734904
0.734915
0.734926
0.734936
0.734947
0.734958
0.734969
0.734979
0.734990
0.735001
0.735011
0.735022
0.735033
0.735043
0.735054
0.735065
0.735075
0.735086
0.735096
0.735107
0.735117
0.735128
0.735138
0.735149
0.735159
0.735170
0.735180
0.735191
0.735201
0.735212
0.735222
0.735232
0.735243
0.735253
0.735264
0.735274
0.735284
0.735295
0.735305
0.735315
0.735325
0.735336
0.735346
0.735356
0.735366
0.735377
0.735387
0.735397
0.735407
0.735417
0.735428
0.735438
0.735448
0.735458
0.735468
0.735478
0.735488
0.735498
0.735508
0.735519
0.735529
0.735539
0.735549
0.735559
0.735569
0.735579
0.735589
0.735599
0.735608
0.735618
0.735628
0.735638
0.735648
0.735658
0.735668
0.735678
0.735688
0.735697
0.735707
0.735717
0.735727
0.735737
0.735746
0.735756
0.735766
0.735776
0.735785
0.735795
0.735805
0.735814
0.735824
0.735834
0.735843
0.735853
0.735863
0.735872
0.735882
0.735891
0.735901
0.735911
0.735920
0.735930
0.735939
0.735949
0.735958
0.735968
0.735977
0.735987
0.735996
0.736006
0.736015
0.736025
0.736034
0.736043
0.736053
0.736062
0.736072
0.736081
0.736090
0.736100
0.736109
0.736118
0.736128
0.736137
0.736146
0.736155
0.736165
0.736174
0.736183
0.736192
0.736202
0.736211
0.736220
0.736229
0.736238
0.736247
0.736257
0.736266
0.736275
0.736284
0.736293
0.736302
0.736311
0.736320
0.736329
0.736338
0.736347
0.736356
0.736365
0.736374
0.736383
0.736392
0.736401
0.736410
0.736419
0.736428
0.736437
0.736446
0.736455
0.736464
0.736473
0.736481
0.736490
0.736499
0.736508
0.736517
0.736526
0.736534
0.736543
0.736552
0.736561
0.736570
0.736578
0.736587
0.736596
0.736604
0.736613
0.736622
0.736631
0.736639
0.736648
0.736656
0.736665
0.736674
0.736682
0.736691
0.736700
0.736708
0.736717
0.736725
0.736734
0.736742
0.736751
0.736759
0.736768
0.736776
0.736785
0.736793
0.736802
0.736810
0.736819
0.736827
0.736836
0.736844
0.736852
0.736861
0.736869
0.736878
0.736886
0.736894
0.736903
0.736911
0.736919
0.736928
0.736936
0.736944
0.736952
0.736961
0.736969
0.736977
0.736985
0.736994
0.737002
0.737010
0.737018
0.737027
0.737035
0.737043
0.737051
0.737059
0.737067
0.737075
0.737084
0.737092
0.737100
0.737108
0.737116
0.737124
0.737132
0.737140
0.737148
0.737156
0.737164
0.737172
0.737180
0.737188
0.737196
0.737204
0.737212
0.737220
0.737228
0.737236
0.737236
0.737244
0.737252
0.737260
0.737267
0.737275
0.737283
0.737291
0.737299
0.737307
0.737315
0.737322
0.737330
0.737338
0.737346
0.737353
0.737361
0.737369
0.737377
0.737384
0.737392
0.737400
0.737408
0.737415
0.737423
0.737431
0.737438
0.737446
0.737454
0.737461
0.737469
0.737477
0.737484
0.737492
0.737499
0.737507
0.737515
0.737522
0.737530
0.737537
0.737545
0.737552
0.737560
0.737567
0.737575
0.737582
0.737590
0.737597
0.737605
0.737612
0.737620
0.737627
0.737634
0.737642
0.737649
0.737657
0.737664
0.737671
0.737679
0.737686
0.737693
0.737701
0.737708
0.737715
0.737723
0.737730
0.737737
0.737745
0.737752
0.737759
0.737766
0.737774
0.737781
0.737788
0.737795
0.737802
0.737810
0.737817
0.737824
0.737831
0.737838
0.737845
0.737853
0.737860
0.737867
0.737874
0.737881
0.737888
0.737895
0.737902
0.737909
0.737916
0.737924
0.737931
0.737938
0.737945
0.737952
0.737959
0.737966
0.737973
0.737980
0.737987
0.737994
0.738000
0.738007
0.738014
0.738021
0.738028
0.738035
0.738042
0.738049
0.738056
0.738063
0.738070
0.738076
0.738083
0.738090
0.738097
0.738104
0.738111
0.738117
0.738124
0.738131
0.738138
0.738144
0.738151
0.738158
0.738165
0.738171
0.738178
0.738185
0.738192
0.738198
0.738205
0.738212
0.738218
0.738225
0.738232
0.738238
0.738245
0.738251
0.738258
0.738265
0.738271
0.738278
0.738285
0.738291
0.738298
0.738304
0.738311
0.738317
0.738324
0.738330
0.738337
0.738343
0.738350
0.738356
0.738363
0.738369
0.738376
0.738382
0.738389
0.738395
0.738402
0.738408
0.738414
0.738421
0.738427
0.738434
0.738440
0.738446
0.738453
0.738459
0.738465
0.738472
0.738478
0.738484
0.738491
0.738497
0.738503
0.738510
0.738516
0.738522
0.738528
0.738535
0.738541
0.738547
0.738553
0.738560
0.738566
0.738572
0.738578
0.738584
0.738591
0.738597
0.738603
0.738609
0.738615
0.738621
0.738628
0.738634
0.738640
0.738646
0.738652
0.738658
0.738664
0.738670
0.738676
0.738682
0.738689
0.738695
0.738701
0.738707
0.738713
0.738719
0.738725
0.738731
0.738737
0.738743
0.738749
0.738755
0.738761
0.738767
0.738772
0.738778
0.738784
0.738790
0.738796
0.738802
0.738808
0.738814
0.738820
0.738826
0.738831
0.738837
0.738843
0.738849
0.738855
0.738861
0.738866
0.738872
0.738878
0.738884
0.738890
0.738895
0.738901
0.738907
0.738913
0.738918
0.738924
0.738930
0.738936
0.738941
0.738947
0.738953
0.738959
0.738964
0.738970
0.738976
0.738981
0.738987
0.738993
0.738998
0.739004
0.739009
0.739015
0.739021
0.739026
0.739032
0.739037
0.739043
0.739049
0.739054
0.739060
0.739065
0.739071
0.739076
0.739082
0.739087
0.739093
0.739098
0.739104
0.739109
0.739115
0.739120
0.739126
0.739131
0.739137
0.739142
0.739148
0.739153
0.739159
0.739164
0.739169
0.739175
0.739180
0.739186
0.739191
0.739196
0.739202
0.739207
0.739212
0.739218
0.739223
0.739228
0.739234
0.739239
0.739244
0.739250
0.739255
0.739260
0.739265
0.739271
0.739276
0.739281
0.739287
0.739292
0.739297
0.739302
0.739307
0.739313
0.739318
0.739323
0.739328
0.739333
0.739339
0.739344
0.739349
0.739354
0.739359
0.739364
0.739370
0.739375
0.739380
0.739385
0.739390
0.739395
0.739400
0.739405
0.739410
0.739415
0.739421
0.739426
0.739431
0.739436
0.739441
0.739446
0.739451
0.739456
0.739461
0.739466
0.739471
0.739476
0.739481
0.739486
0.739491
0.739496
0.739501
0.739506
0.739511
0.739515
0.739520
0.739525
0.739530
0.739535
0.739540
0.739545
0.739550
0.739555
0.739560
0.739564
0.739569
0.739574
0.739579
0.739584
0.739589
0.739594
0.739598
0.739603
0.739608
0.739613
0.739618
0.739622
0.739627
0.739632
0.739637
0.739641
0.739646
0.739651
0.739656
0.739660
0.739665
0.739670
0.739675
0.739679
0.739684
0.739689
0.739693
0.739698
0.739703
0.739707
0.739712
0.739717
0.739721
0.739726
0.739731
0.739735
0.739740
0.739744
0.739749
0.739754
0.739758
0.739763
0.739767
0.739772
0.739776
0.739781
0.739786
0.739790
0.739795
0.739799
0.739804
0.739808
0.739813
0.739817
0.739822
0.739826
0.739831
0.739835
0.739840
0.739844
0.739849
0.739853
0.739858
0.739862
0.739866
0.739871
0.739875
0.739880
0.739884
0.739889
0.739893
0.739897
0.739902
0.739906
0.739910
0.739915
0.739919
0.739924
0.739928
0.739932
0.739937
0.739941
0.739945
0.739950
0.739954
0.739958
0.739962
0.739967
0.739971
0.739975
0.739980
0.739984
0.739988
0.739992
0.739997
0.740001
0.740005
0.740009
0.740014
0.740018
0.740022
0.740026
0.740030
0.740035
0.740039
0.740043
0.740047
0.740051
0.740055
0.740060
0.740064
0.740068
0.740072
0.740076
0.740080
0.740084
0.740089
0.740093
0.740097
0.740101
0.740105
0.740109
0.740113
0.740117
0.740121
0.740125
0.740129
0.740133
0.740137
0.740137
0.740142
0.740146
0.740150
0.740154
0.740158
0.740162
0.740166
0.740170
0.740174
0.740178
0.740182
0.740186
0.740189
0.740193
0.740197
0.740201
0.740205
0.740209
0.740213
0.740217
0.740221
0.740225
0.740229
0.740233
0.740237
0.740241
0.740244
0.740248
0.740252
0.740256
0.740260
0.740264
0.740268
0.740271
0.740275
0.740279
0.740283
0.740287
0.740291
0.740294
0.740298
0.740302
0.740306
0.740310
0.740313
0.740317
0.740321
0.740325
0.740328
0.740332
0.740336
0.740340
0.740343
0.740347
0.740351
0.740354
0.740358
0.740362
0.740366
0.740369
0.740373
0.740377
0.740380
0.740384
0.740388
0.740391
0.740395
0.740399
0.740402
0.740406
0.740410
0.740413
0.740417
0.740420
0.740424
0.740428
0.740431
0.740435
0.740438
0.740442
0.740446
0.740449
0.740453
0.740456
0.740460
0.740463
0.740467
0.740470
0.740474
0.740477
0.740481
0.740485
0.740488
0.740492
0.740495
0.740499
0.740502
0.740506
0.740509
0.740512
0.740516
0.740519
0.740523
0.740526
0.740530
0.740533
0.740537
0.740540
0.740543
0.740547
0.740550
0.740554
0.740557
0.740561
0.740564
0.740567
0.740571
0.740574
0.740577
0.740581
0.740584
0.740587
0.740591
0.740594
0.740598
0.740601
0.740604
0.740608
0.740611
0.740614
0.740617
0.740621
0.740624
0.740627
0.740631
0.740634
0.740637
0.740640
0.740644
0.740647
0.740650
0.740653
0.740657
0.740660
0.740663
0.740666
0.740670
0.740673
0.740676
0.740679
0.740682
0.740686
0.740689
0.740692
0.740695
0.740698
0.740702
0.740705
0.740708
0.740711
0.740714
0.740717
0.740720
0.740724
0.740727
0.740730
0.740733
0.740736
0.740739
0.740742
0.740745
0.740749
0.740752
0.740755
0.740758
0.740761
0.740764
0.740767
0.740770
0.740773
0.740776
0.740779
0.740782
0.740785
0.740788
0.740791
0.740794
0.740797
0.740800
0.740803
0.740806
0.740809
0.740812
0.740815
0.740818
0.740821
0.740824
0.740827
0.740830
0.740833
0.740836
0.740839
0.740842
0.740845
0.740848
0.740851
0.740854
0.740857
0.740860
0.740862
0.740865
0.740868
0.740871
0.740874
0.740877
0.740880
0.740883
0.740886
0.740888
0.740891
0.740894
0.740897
0.740900
0.740903
0.740905
0.740908
0.740911
0.740914
0.740917
0.740920
0.740922
0.740925
0.740928
0.740931
0.740934
0.740936
0.740939
0.740942
0.740945
0.740947
0.740950
0.740953
0.740956
0.740958
0.740961
0.740964
0.740967
0.740969
0.740972
0.740975
0.740977
0.740980
0.740983
0.740986
0.740988
0.740991
0.740994
0.740996
0.740999
0.741002
0.741004
0.741007
0.741010
0.741012
0.741015
0.741018
0.741020
0.741023
0.741025
0.741028
0.741031
0.741033
0.741036
0.741039
0.741041
0.741044
0.741046
0.741049
0.741051
0.741054
0.741057
0.741059
0.741062
0.741064
0.741067
0.741069
0.741072
0.741074
0.741077
0.741080
0.741082
0.741085
0.741087
0.741090
0.741092
0.741095
0.741097
0.741100
0.741102
0.741105
0.741107
0.741110
0.741112
0.741115
0.741117
0.741119
0.741122
0.741124
0.741127
0.741129
0.741132
0.741134
0.741137
0.741139
0.741141
0.741144
0.741146
0.741149
0.741151
0.741153
0.741156
0.741158
0.741161
0.741163
0.741165
0.741168
0.741170
0.741172
0.741175
0.741177
0.741180
0.741182
0.741184
0.741187
0.741189
0.741191
0.741194
0.741196
0.741198
0.741200
0.741203
0.741205
0.741207
0.741210
0.741212
0.741214
0.741217
0.741219
0.741221
0.741223
0.741226
0.741228
0.741230
0.741232
0.741235
0.741237
0.741239
0.741241
0.741244
0.741246
0.741248
0.741250
0.741252
0.741255
0.741257
0.741259
0.741261
0.741263
0.741266
0.741268
0.741270
0.741272
0.741274
0.741276
0.741279
0.741281
0.741283
0.741285
0.741287
0.741289
0.741292
0.741294
0.741296
0.741298
0.741300
0.741302
0.741304
0.741306
0.741309
0.741311
0.741313
0.741315
0.741317
0.741319
0.741321
0.741323
0.741325
0.741327
0.741329
0.741331
0.741333
0.741336
0.741338
0.741340
0.741342
0.741344
0.741346
0.741348
0.741350
0.741352
0.741354
0.741356
0.741358
0.741360
0.741362
0.741364
0.741366
0.741368
0.741370
0.741372
0.741374
0.741376
0.741378
0.741380
0.741382
0.741384
0.741386
0.741387
0.741389
0.741391
0.741393
0.741395
0.741397
0.741399
0.741401
0.741403
0.741405
0.741407
0.741409
0.741411
0.741412
0.741414
0.741416
0.741418
0.741420
0.741422
0.741424
0.741426
0.741427
0.741429
0.741431
0.741433
0.741435
0.741437
0.741439
0.741440
0.741442
0.741444
0.741446
0.741448
0.741450
0.741451
0.741453
0.741455
0.741457
0.741459
0.741460
0.741462
0.741464
0.741466
0.741468
0.741469
0.741471
0.741473
0.741475
0.741476
0.741478
0.741480
0.741482
0.741483
0.741485
0.741487
0.741489
0.741490
0.741492
0.741494
0.741496
0.741497
0.741499
0.741501
0.741502
0.741504
0.741506
0.741507
0.741509
0.741511
0.741513
0.741514
0.741516
0.741516
0.741518
0.741519
0.741521
0.741523
0.741524
0.741526
0.741528
0.741529
0.741531
0.741532
0.741534
0.741536
0.741537
0.741539
0.741541
0.741542
0.741544
0.741545
0.741547
0.741549
0.741550
0.741552
0.741553
0.741555
0.741557
0.741558
0.741560
0.741561
0.741563
0.741565
0.741566
0.741568
0.741569
0.741571
0.741572
0.741574
0.741575
0.741577
0.741578
0.741580
0.741582
0.741583
0.741585
0.741586
0.741588
0.741589
0.741591
0.741592
0.741594
0.741595
0.741597
0.741598
0.741600
0.741601
0.741603
0.741604
0.741606
0.741607
0.741608
0.741610
0.741611
0.741613
0.741614
0.741616
0.741617
0.741619
0.741620
0.741621
0.741623
0.741624
0.741626
0.741627
0.741629
0.741630
0.741631
0.741633
0.741634
0.741636
0.741637
0.741638
0.741640
0.741641
0.741643
0.741644
0.741645
0.741647
0.741648
0.741649
0.741651
0.741652
0.741654
0.741655
0.741656
0.741658
0.741659
0.741660
0.741662
0.741663
0.741664
0.741666
0.741667
0.741668
0.741670
0.741671
0.741672
0.741673
0.741675
0.741676
0.741677
0.741679
0.741680
0.741681
0.741683
0.741684
0.741685
0.741686
0.741688
0.741689
0.741690
0.741691
0.741693
0.741694
0.741695
0.741696
0.741698
0.741699
0.741700
0.741701
0.741703
0.741704
0.741705
0.741706
0.741707
0.741709
0.741710
0.741711
0.741712
0.741714
0.741715
0.741716
0.741717
0.741718
0.741719
0.741721
0.741722
0.741723
0.741724
0.741725
0.741727
0.741728
0.741729
0.741730
0.741731
0.741732
0.741733
0.741735
0.741736
0.741737
0.741738
0.741739
0.741740
0.741741
0.741742
0.741744
0.741745
0.741746
0.741747
0.741748
0.741749
0.741750
0.741751
0.741752
0.741754
0.741755
0.741756
0.741757
0.741758
0.741759
0.741760
0.741761
0.741762
0.741763
0.741764
0.741765
0.741766
0.741767
0.741768
0.741769
0.741771
0.741772
0.741773
0.741774
0.741775
0.741776
0.741777
0.741778
0.741779
0.741780
0.741781
0.741782
0.741783
0.741784
0.741785
0.741786
0.741787
0.741788
0.741789
0.741790
0.741791
0.741792
0.741793
0.741794
0.741795
0.741796
0.741796
0.741797
0.741798
0.741799
0.741800
0.741801
0.741802
0.741803
0.741804
0.741805
0.741806
0.741807
0.741808
0.741809
0.741810
0.741811
0.741811
0.741812
0.741813
0.741814
0.741815
0.741816
0.741817
0.741818
0.741819
0.741820
0.741820
0.741821
0.741822
0.741823
0.741824
0.741825
0.741826
0.741827
0.741827
0.741828
0.741829
0.741830
0.741831
0.741832
0.741832
0.741833
0.741834
0.741835
0.741836
0.741837
0.741837
0.741838
0.741839
0.741840
0.741841
0.741842
0.741842
0.741843
0.741844
0.741845
0.741846
0.741846
0.741847
0.741848
0.741849
0.741850
0.741850
0.741851
0.741852
0.741853
0.741853
0.741854
0.741855
0.741856
0.741856
0.741857
0.741858
0.741859
0.741859
0.741860
0.741861
0.741862
0.741862
0.741863
0.741864
0.741865
0.741865
0.741866
0.741867
0.741867
0.741868
0.741869
0.741870
0.741870
0.741871
0.741872
0.741872
0.741873
0.741874
0.741874
0.741875
0.741876
0.741877
0.741877
0.741878
0.741879
0.741879
0.741880
0.741881
0.741881
0.741882
0.741882
0.741883
0.741884
0.741884
0.741885
0.741886
0.741886
0.741887
0.741888
0.741888
0.741889
0.741890
0.741890
0.741891
0.741891
0.741892
0.741893
0.741893
0.741894
0.741894
0.741895
0.741896
0.741896
0.741897
0.741897
0.741898
0.741899
0.741899
0.741900
0.741900
0.741901
0.741901
0.741902
0.741903
0.741903
0.741904
0.741904
0.741905
0.741905
0.741906
0.741907
0.741907
0.741908
0.741908
0.741909
0.741909
0.741910
0.741910
0.741911
0.741911
0.741912
0.741912
0.741913
0.741913
0.741914
0.741914
0.741915
0.741915
0.741916
0.741916
0.741917
0.741917
0.741918
0.741918
0.741919
0.741919
0.741920
0.741920
0.741921
0.741921
0.741922
0.741922
0.741923
0.741923
0.741924
0.741924
0.741925
0.741925
0.741925
0.741926
0.741926
0.741927
0.741927
0.741928
0.741928
0.741929
0.741929
0.741929
0.741930
0.741930
0.741931
0.741931
0.741932
0.741932
0.741932
0.741933
0.741933
0.741934
0.741934
0.741934
0.741935
0.741935
0.741936
0.741936
0.741936
0.741937
0.741937
0.741937
0.741938
0.741938
0.741939
0.741939
0.741939
0.741940
0.741940
0.741940
0.741941
0.741941
0.741942
0.741942
0.741942
0.741943
0.741943
0.741943
0.741944
0.741944
0.741944
0.741945
0.741945
0.741945
0.741946
0.741946
0.741946
0.741947
0.741947
0.741947
0.741947
0.741948
0.741948
0.741948
0.741949
0.741949
0.741949
0.741950
0.741950
0.741950
0.741950
0.741951
0.741951
0.741951
0.741952
0.741952
0.741952
0.741952
0.741953
0.741953
0.741953
0.741953
0.741954
0.741954
0.741954
0.741954
0.741955
0.741955
0.741955
0.741955
0.741956
0.741956
0.741956
0.741956
0.741957
0.741957
0.741957
0.741957
0.741958
0.741958
0.741958
0.741958
0.741958
0.741958
0.741959
0.741959
0.741959
0.741959
0.741959
0.741960
0.741960
0.741960
0.741960
0.741960
0.741961
0.741961
0.741961
0.741961
0.741961
0.741961
0.741962
0.741962
0.741962
0.741962
0.741962
0.741962
0.741963
0.741963
0.741963
0.741963
0.741963
0.741963
0.741964
0.741964
0.741964
0.741964
0.741964
0.741964
0.741964
0.741965
0.741965
0.741965
0.741965
0.741965
0.741965
0.741965
0.741965
0.741965
0.741966
0.741966
0.741966
0.741966
0.741966
0.741966
0.741966
0.741966
0.741966
0.741966
0.741967
0.741967
0.741967
0.741967
0.741967
0.741967
0.741967
0.741967
0.741967
0.741967
0.741967
0.741967
0.741967
0.741968
0.741968
0.741968
0.741968
0.741968
0.741968
0.741968
0.741968
0.741968
0.741968
0.741968
0.741968
0.741968
0.741968
0.741968
0.741968
0.741968
0.741968
0.741968
0.741968
0.741968
0.741968
0.741968
0.741968
0.741968
0.741968
0.741968
0.741968
0.741968
0.741968
0.741968
0.741968
0.741968
0.741968
0.741968
0.741968
0.741968
0.741968
0.741968
0.741968
0.741968
0.741968
0.741968
0.741968
0.741968
0.741968
0.741968
0.741968
0.741968
0.741968
0.741968
0.741968
0.741968
0.741968
0.741968
0.741968
0.741968
0.741968
0.741968
0.741968
0.741967
0.741967
0.741967
0.741967
0.741967
0.741967
0.741967
0.741967
0.741967
0.741967
0.741967
0.741967
0.741967
0.741966
0.741966
0.741966
0.741966
0.741966
0.741966
0.741966
0.741966
0.741966
0.741966
0.741965
0.741965
0.741965
0.741965
0.741965
0.741965
0.741965
0.741965
0.741965
0.741964
0.741964
0.741964
0.741964
0.741964
0.741964
0.741964
0.741963
0.741963
0.741963
0.741963
0.741963
0.741963
0.741963
0.741962
0.741962
0.741962
0.741962
0.741962
0.741962
0.741961
0.741961
0.741961
0.741961
0.741961
0.741961
0.741960
0.741960
0.741960
0.741960
0.741960
0.741960
0.741959
0.741959
0.741959
0.741959
0.741959
0.741958
0.741958
0.741958
0.741958
0.741958
0.741957
0.741957
0.741957
0.741957
0.741956
0.741956
0.741956
0.741956
0.741956
0.741955
0.741955
0.741955
0.741955
0.741954
0.741954
0.741954
0.741954
0.741954
0.741953
0.741953
0.741953
0.741953
0.741952
0.741952
0.741952
0.741952
0.741951
0.741951
0.741951
0.741951
0.741950
0.741950
0.741950
0.741949
0.741949
0.741949
0.741949
0.741948
0.741948
0.741948
0.741948
0.741947
0.741947
0.741947
0.741946
0.741946
0.741946
0.741946
0.741945
0.741945
0.741945
0.741944
0.741944
0.741944
0.741943
0.741943
0.741943
0.741943
0.741942
0.741942
0.741942
0.741941
0.741941
0.741941
0.741940
0.741940
0.741940
0.741939
0.741939
0.741939
0.741938
0.741938
0.741938
0.741937
0.741937
0.741937
0.741936
0.741936
0.741936
0.741935
0.741935
0.741935
0.741934
0.741934
0.741933
0.741933
0.741933
0.741932
0.741932
0.741932
0.741931
0.741931
0.741931
0.741930
0.741930
0.741929
0.741929
0.741929
0.741928
0.741928
0.741927
0.741927
0.741927
0.741926
0.741926
0.741926
0.741925
0.741925
0.741924
0.741924
0.741924
0.741923
0.741923
0.741922
0.741922
0.741921
0.741921
0.741921
0.741920
0.741920
0.741919
0.741919
0.741919
0.741918
0.741918
0.741917
0.741917
0.741916
0.741916
0.741916
0.741915
0.741915
0.741914
0.741914
0.741913
0.741913
0.741912
0.741912
0.741912
0.741911
0.741911
0.741910
0.741910
0.741909
0.741909
0.741908
0.741908
0.741907
0.741907
0.741907
0.741906
0.741906
0.741905
0.741905
0.741904
0.741904
0.741903
0.741903
0.741902
0.741902
0.741901
0.741901
0.741900
0.741900
0.741899
0.741899
0.741898
0.741898
0.741897
0.741897
0.741896
0.741896
0.741895
0.741895
0.741894
0.741894
0.741893
0.741893
0.741892
0.741892
0.741891
0.741891
0.741890
0.741890
0.741889
0.741889
0.741888
0.741888
0.741887
0.741887
0.741886
0.741885
0.741885
0.741884
0.741884
0.741883
0.741883
0.741882
0.741882
0.741881
0.741881
0.741880
0.741879
0.741879
0.741878
0.741878
0.741877
0.741877
0.741876
0.741876
0.741875
0.741874
0.741874
0.741873
0.741873
0.741872
0.741872
0.741871
0.741870
0.741870
0.741869
0.741869
0.741868
0.741868
0.741867
0.741866
0.741866
0.741865
0.741865
0.741864
0.741863
0.741863
0.741862
0.741862
0.741861
0.741860
0.741860
0.741859
0.741859
0.741858
0.741857
0.741857
0.741856
0.741856
0.741855
0.741854
0.741854
0.741853
0.741852
0.741852
0.741851
0.741851
0.741850
0.741849
0.741849
0.741848
0.741847
0.741847
0.741846
0.741846
0.741845
0.741844
0.741844
0.741843
0.741842
0.741842
0.741841
0.741840
0.741840
0.741839
0.741838
0.741838
0.741837
0.741837
0.741836
0.741835
0.741835
0.741834
0.741833
0.741833
0.741832
0.741831
0.741831
0.741830
0.741829
0.741829
0.741828
0.741827
0.741826
0.741826
0.741825
0.741824
0.741824
0.741823
0.741822
0.741822
0.741821
0.741821
0.741820
0.741820
0.741819
0.741818
0.741818
0.741817
0.741816
0.741815
0.741815
0.741814
0.741813
0.741813
0.741812
0.741811
0.741810
0.741810
0.741809
0.741808
0.741808
0.741807
0.741806
0.741805
0.741805
0.741804
0.741803
0.741803
0.741802
0.741801
0.741800
0.741800
0.741799
0.741798
0.741797
0.741797
0.741796
0.741795
0.741795
0.741794
0.741793
0.741792
0.741792
0.741791
0.741790
0.741789
0.741789
0.741788
0.741787
0.741786
0.741786
0.741785
0.741784
0.741783
0.741782
0.741782
0.741781
0.741780
0.741779
0.741779
0.741778
0.741777
0.741776
0.741776
0.741775
0.741774
0.741773
0.741772
0.741772
0.741771
0.741770
0.741769
0.741769
0.741768
0.741767
0.741766
0.741765
0.741765
0.741764
0.741763
0.741762
0.741761
0.741761
0.741760
0.741759
0.741758
0.741757
0.741757
0.741756
0.741755
0.741754
0.741753
0.741753
0.741752
0.741751
0.741750
0.741749
0.741748
0.741748
0.741747
0.741746
0.741745
0.741744
0.741744
0.741743
0.741742
0.741741
0.741740
0.741739
0.741739
0.741738
0.741737
0.741736
0.741735
0.741734
0.741734
0.741733
0.741732
0.741731
0.741730
0.741729
0.741728
0.741728
0.741727
0.741726
0.741725
0.741724
0.741723
0.741723
0.741722
0.741721
0.741720
0.741719
0.741718
0.741717
0.741716
0.741716
0.741715
0.741714
0.741713
0.741712
0.741711
0.741710
0.741710
0.741709
0.741708
0.741707
0.741706
0.741705
0.741704
0.741703
0.741702
0.741702
0.741701
0.741700
0.741699
0.741698
0.741697
0.741696
0.741695
0.741694
0.741694
0.741693
0.741692
0.741691
0.741690
0.741689
0.741688
0.741687
0.741686
0.741685
0.741685
0.741684
0.741683
0.741682
0.741681
0.741680
0.741679
0.741678
0.741677
0.741676
0.741675
0.741674
0.741674
0.741673
0.741672
0.741671
0.741670
0.741669
0.741668
0.741667
0.741666
0.741665
0.741664
0.741663
0.741662
0.741661
0.741660
0.741660
0.741659
0.741658
0.741657
0.741656
0.741655
0.741654
0.741653
0.741652
0.741651
0.741650
0.741649
0.741648
0.741647
0.741646
0.741645
0.741644
0.741643
0.741642
0.741641
0.741640
0.741640
0.741639
0.741638
0.741637
0.741636
0.741635
0.741634
0.741633
0.741632
0.741631
0.741630
0.741629
0.741628
0.741627
0.741626
0.741625
0.741624
0.741623
0.741622
0.741621
0.741620
0.741619
0.741618
0.741617
0.741616
0.741615
0.741614
0.741613
0.741612
0.741611
0.741610
0.741609
0.741608
0.741607
0.741606
0.741605
0.741604
0.741603
0.741602
0.741601
0.741600
0.741599
0.741598
0.741597
0.741596
0.741595
0.741594
0.741593
0.741592
0.741591
0.741590
0.741589
0.741588
0.741587
0.741586
0.741585
0.741584
0.741583
0.741582
0.741581
0.741580
0.741579
0.741578
0.741577
0.741575
0.741574
0.741573
0.741572
0.741571
0.741570
0.741569
0.741568
0.741567
0.741566
0.741565
0.741564
0.741563
0.741562
0.741561
0.741560
0.741559
0.741558
0.741557
0.741556
0.741555
0.741554
0.741552
0.741551
0.741550
0.741549
0.741548
0.741547
0.741546
0.741545
0.741544
0.741543
0.741542
0.741541
0.741540
0.741539
0.741538
0.741536
0.741535
0.741534
0.741533
0.741532
0.741531
0.741530
0.741529
0.741528
0.741527
0.741526
0.741525
0.741524
0.741522
0.741521
0.741520
0.741519
0.741518
0.741517
0.741516
0.741515
0.741514
0.741513
0.741512
0.741510
0.741509
0.741508
0.741507
0.741506
0.741505
0.741504
0.741503
0.741502
0.741501
0.741499
0.741498
0.741497
0.741496
0.741495
0.741494
0.741493
0.741492
0.741491
0.741489
0.741488
0.741487
0.741486
0.741485
0.741484
0.741483
0.741482
0.741480
0.741479
0.741478
0.741477
0.741476
0.741475
0.741474
0.741473
0.741471
0.741470
0.741469
0.741468
0.741467
0.741466
0.741465
0.741463
0.741462
0.741461
0.741460
0.741459
0.741458
0.741457
0.741455
0.741454
0.741453
0.741452
0.741451
0.741450
0.741449
0.741447
0.741446
0.741445
0.741444
0.741443
0.741442
0.741441
0.741439
0.741438
0.741437
0.741436
0.741435
0.741434
0.741432
0.741431
0.741430
0.741429
0.741428
0.741427
0.741425
0.741424
0.741423
0.741422
0.741421
0.741420
0.741418
0.741417
0.741416
0.741415
0.741414
0.741412
0.741411
0.741410
0.741409
0.741408
0.741407
0.741405
0.741404
0.741403
0.741402
0.741401
0.741399
0.741398
0.741397
0.741396
0.741395
0.741394
0.741392
0.741391
0.741390
0.741389
0.741388
0.741386
0.741385
0.741384
0.741383
0.741382
0.741380
0.741379
0.741378
0.741377
0.741376
0.741374
0.741373
0.741372
0.741371
0.741369
0.741368
0.741367
0.741366
0.741365
0.741363
0.741362
0.741361
0.741360
0.741359
0.741357
0.741356
0.741355
0.741354
0.741352
0.741351
0.741350
0.741349
0.741348
0.741346
0.741345
0.741344
0.741343
0.741341
0.741340
0.741339
0.741338
0.741336
0.741335
0.741334
0.741333
0.741332
0.741330
0.741329
0.741328
0.741328
