0.722280
0.500791
0.475334
0.458325
0.447802
0.442190
0.439177
0.437678
0.437068
0.436888
0.436753
0.436402
0.435951
0.435742
0.435747
0.435454
0.434819
0.434728
0.435227
0.436211
0.437730
0.439845
0.442625
0.446146
0.450508
0.455843
0.462330
0.470217
0.479853
0.491739
0.506618
0.525629
0.550472
0.583115
0.622634
0.659085
0.687822
0.699272
0.703850
0.706897
0.709413
0.711477
0.713095
0.714289
0.715088
0.715524
0.715627
0.715426
0.714951
0.714224
0.713258
0.712042
0.710532
0.708657
0.706344
0.703553
0.700304
0.696627
0.692507
0.687862
0.682570
0.676548
0.669865
0.662801
0.655705
0.648885
0.642554
0.636795
0.631591
0.626867
0.622534
0.618505
0.614711
0.611098
0.607631
0.604284
0.601043
0.597901
0.594854
0.591901
0.589043
0.586282
0.583621
0.581060
0.578604
0.576253
0.574011
0.571880
0.569863
0.567963
0.566182
0.564524
0.562992
0.561589
0.560318
0.559182
0.558184
0.557330
0.556625
0.556076
0.555691
0.555481
0.555460
0.555647
0.556064
0.556738
0.557708
0.559017
0.560721
0.562873
0.565505
0.568544
0.571638
0.574061
0.575436
0.576494
0.578564
0.582930
0.589331
0.596520
0.604309
0.613109
0.621521
0.629754
0.643064
0.646642
0.648104
0.651459
0.655130
0.658407
0.662293
0.667388
0.691785
0.669063
0.669656
0.680603
0.672035
0.681475
0.679833
0.728016
0.704593
0.710397
0.720543
0.729840
0.731580
0.728212
0.723329
0.717054
0.709096
0.700603
0.693017
0.689501
0.690088
0.688662
0.692598
0.718340
0.756976
0.749446
0.741000
0.776419
0.713762
0.763640
0.766426
0.749190
0.779667
0.795316
0.790658
0.788638
0.786796
0.784730
0.781916
0.777476
0.769533
0.751344
0.665044
0.658939
0.612363
0.683805
0.682520
0.689891
0.696185
0.701806
0.706681
0.711409
0.716004
0.720703
0.725168
0.730250
0.733692
0.742094
0.739999
0.752171
0.746083
0.759201
0.752225
0.766084
0.757668
0.770535
0.773123
0.759202
0.772925
0.796776
0.723858
0.765959
0.782557
0.784636
0.779330
0.791652
0.764296
0.763166
0.787979
0.797553
0.797636
0.793223
0.803455
0.773658
0.824027
0.839766
0.802625
0.833460
0.826600
0.865705
0.865704
0.865704
0.865703
0.865703
0.865701
0.865697
0.865687
0.865672
0.865650
0.865618
0.865575
0.865519
0.865448
0.865360
0.865250
0.865111
0.864934
0.864706
0.864408
0.864011
0.863474
0.862732
0.861682
0.860146
0.857779
0.853783
0.845521
0.813316
0.823563
0.806753
0.810895
0.810172
0.810692
0.806490
0.785856
0.892902
0.887164
0.875747
0.828710
0.846196
0.843335
0.833791
0.833153
0.833113
0.833070
0.833029
0.832989
0.832949
0.832907
0.832863
0.832814
0.832758
0.832691
0.832612
0.832518
0.832404
0.832270
0.832112
0.831927
0.831710
0.831457
0.831160
0.830811
0.830398
0.829907
0.829316
0.828596
0.827701
0.826564
0.825066
0.822992
0.819879
0.814441
0.800632
0.763789
0.786229
0.726354
0.837696
0.837696
0.837695
0.837695
0.837695
0.837695
0.837695
0.837694
0.837694
0.837694
0.837694
0.837694
0.837694
0.837693
0.837693
0.837693
0.837693
0.837693
0.837693
0.837693
0.837693
0.837693
0.837692
0.837692
0.837692
0.837692
0.837692
0.837692
0.837692
0.837692
0.837692
0.837692
0.837692
0.837692
0.837691
0.837691
0.837691
0.837691
0.837691
0.837691
0.837691
0.837691
0.837691
0.837691
0.837691
0.837691
0.837691
0.837691
0.837690
0.837690
0.837690
0.837690
0.837690
0.837690
0.837690
0.837690
0.837690
0.837690
0.837690
0.837690
0.837690
0.837690
0.837690
0.837690
0.837690
0.837689
0.837689
0.837689
0.837689
0.837689
0.837689
0.837689
0.837689
0.837689
0.837689
0.837689
0.837689
0.837689
0.837689
0.837689
0.837689
0.837689
0.837689
0.837689
0.837689
0.837688
0.837688
0.837688
0.837688
0.837688
0.837688
0.837688
0.837688
0.837688
0.837688
0.837688
0.837688
0.837688
0.837688
0.837688
0.837688
0.837688
0.837688
0.837688
0.837688
0.837688
0.837688
0.837688
0.837687
0.837687
0.837687
0.837687
0.837687
0.837687
0.837687
0.837687
0.837687
0.837687
0.837687
0.837687
0.837687
0.837687
0.837687
0.837687
0.837687
0.837687
0.837687
0.837687
0.837687
0.837687
0.837687
0.837687
0.837687
0.837687
0.837687
0.837686
0.837686
0.837686
0.837686
0.837686
0.837686
0.837686
0.837686
0.837686
0.837686
0.837686
0.837686
0.837686
0.837686
0.837686
0.837686
0.837686
0.837686
0.837686
0.837686
0.837686
0.837686
0.837686
0.837686
0.837686
0.837686
0.837686
0.837686
0.837686
0.837686
0.837685
0.837685
0.837685
0.837685
0.837685
0.837685
0.837685
0.837685
0.837685
0.837685
0.837685
0.837685
0.837685
0.837685
0.837685
0.837685
0.837685
0.837685
0.837685
0.837685
0.837685
0.837685
0.837685
0.837685
0.837685
0.837685
0.837685
0.837685
0.837685
0.837685
0.837685
0.837685
0.837685
0.837684
0.837684
0.837684
0.837684
0.837684
0.837684
0.837684
0.837684
0.837684
0.837684
0.837684
0.837684
0.837684
0.837684
0.837684
0.837684
0.837684
0.837684
0.837684
0.837684
0.837684
0.837684
0.837684
0.837684
0.837684
0.837684
0.837684
0.837684
0.837684
0.837684
0.837684
0.837684
0.837684
0.837684
0.837684
0.837684
0.837684
0.837683
0.837683
0.837683
0.837683
0.837683
0.837683
0.837683
0.837683
0.837683
0.837683
0.837683
0.837683
0.837683
0.837683
0.837683
0.837683
0.837683
0.837683
0.837683
0.837683
0.837683
0.837683
0.837683
0.837683
0.837683
0.837683
0.837683
0.837683
0.837683
0.837683
0.837683
0.837683
0.837683
0.837683
0.837683
0.837683
0.837683
0.837683
0.837683
0.837682
0.837682
0.837682
0.837682
0.837682
0.837682
0.837682
0.837682
0.837682
0.837682
0.837682
0.837682
0.837682
0.837682
0.837682
0.837682
0.837682
0.837682
0.837682
0.837682
0.837682
0.837682
0.837682
0.837682
0.837682
0.837682
0.837682
0.837682
0.837682
0.837682
0.837682
0.837682
0.837682
0.837682
0.837682
0.837682
0.837682
0.837682
0.837682
0.837682
0.837682
0.837682
0.837681
0.837681
0.837681
0.837681
0.837681
0.837681
0.837681
0.837681
0.837681
0.837681
0.837681
0.837681
0.837681
0.837681
0.837681
0.837681
0.837681
0.837681
0.837681
0.837681
0.837681
0.837681
0.837681
0.837681
0.837681
0.837681
0.837681
0.837681
0.837681
0.837681
0.837681
0.837681
0.837681
0.837681
0.837681
0.837681
0.837681
0.837681
0.837681
0.837681
0.837681
0.837681
0.837681
0.837680
0.837680
0.837680
0.837680
0.837680
0.837680
0.837680
0.837680
0.837680
0.837680
0.837680
0.837680
0.837680
0.837680
0.837680
0.837680
0.837680
0.837680
0.837680
0.837680
0.837680
0.837680
0.837680
0.837680
0.837680
0.837680
0.837680
0.837680
0.837680
0.837680
0.837680
0.837680
0.837680
0.837680
0.837680
0.837680
0.837680
0.837680
0.837680
0.837680
0.837680
0.837680
0.837680
0.837680
0.837680
0.837680
0.837679
0.837679
0.837679
0.837679
0.837679
0.837679
0.837679
0.837679
0.837679
0.837679
0.837679
0.837679
0.837679
0.837679
0.837679
0.837679
0.837679
0.837679
0.837679
0.837679
0.837679
0.837679
0.837679
0.837679
0.837679
0.837679
0.837679
0.837679
0.837679
0.837679
0.837679
0.837679
0.837679
0.837679
0.837679
0.837679
0.837679
0.837679
0.837679
0.837679
0.837679
0.837679
0.837679
0.837679
0.837679
0.837679
0.837678
0.837678
0.837678
0.837678
0.837678
0.837678
0.837678
0.837678
0.837678
0.837678
0.837678
0.837678
0.837678
0.837678
0.837678
0.837678
0.837678
0.837678
0.837678
0.837678
0.837678
0.837678
0.837678
0.837678
0.837678
0.837678
0.837678
0.837678
0.837678
0.837678
0.837678
0.837678
0.837678
0.837678
0.837678
0.837678
0.837678
0.837678
0.837678
0.837678
0.837678
0.837678
0.837678
0.837678
0.837678
0.837678
0.837678
0.837677
0.837677
0.837677
0.837677
0.837677
0.837677
0.837677
0.837677
0.837677
0.837677
0.837677
0.837677
0.837677
0.837677
0.837677
0.837677
0.837677
0.837677
0.837677
0.837677
0.837677
0.837677
0.837677
0.837677
0.837677
0.837677
0.837677
0.837677
0.837677
0.837677
0.837677
0.837677
0.837677
0.837677
0.837677
0.837677
0.837677
0.837677
0.837677
0.837677
0.837677
0.837677
0.837677
0.837677
0.837677
0.837676
0.837676
0.837676
0.837676
0.837676
0.837676
0.837676
0.837676
0.837676
0.837676
0.837676
0.837676
0.837676
0.837676
0.837676
0.837676
0.837676
0.837676
0.837676
0.837676
0.837676
0.837676
0.837676
0.837676
0.837676
0.837676
0.837676
0.837676
0.837676
0.837676
0.837676
0.837676
0.837676
0.837676
0.837676
0.837676
0.837676
0.837676
0.837676
0.837676
0.837676
0.837676
0.837676
0.837676
0.837675
0.837675
0.837675
0.837675
0.837675
0.837675
0.837675
0.837675
0.837675
0.837675
0.837675
0.837675
0.837675
0.837675
0.837675
0.837675
0.837675
0.837675
0.837675
0.837675
0.837675
0.837675
0.837675
0.837675
0.837675
0.837675
0.837675
0.837675
0.837675
0.837675
0.837675
0.837675
0.837675
0.837675
0.837675
0.837675
0.837675
0.837675
0.837674
0.837674
0.837674
0.837674
0.837674
0.837674
0.837674
0.837674
0.837674
0.837674
0.837674
0.837674
0.837674
0.837674
0.837674
0.837674
0.837674
0.837674
0.837674
0.837674
0.837674
0.837674
0.837674
0.837674
0.837674
0.837674
0.837674
0.837674
0.837674
0.837674
0.837673
0.837673
0.837673
0.837673
0.837673
0.837673
0.837673
0.837673
0.837673
0.837673
0.837673
0.837673
0.837673
0.837673
0.837673
0.837673
0.837673
0.837673
0.837673
0.837673
0.837673
0.837672
0.837672
0.837672
0.837672
0.837672
0.837672
0.837672
0.837672
0.837672
0.837672
0.837672
0.837672
0.837671
0.837671
0.837671
0.837671
0.837671
0.837671
0.837671
0.837671
0.837670
0.837670
0.837670
0.837670
0.837670
0.837670
0.837669
0.837669
0.837669
0.837668
0.837668
0.837668
0.837667
0.837667
0.837666
0.837666
0.837665
0.837664
0.837663
0.837663
0.837662
0.837660
0.837659
0.837658
0.837656
0.837655
0.837653
0.837650
0.837648
0.837645
0.837642
0.837639
0.837636
0.837632
0.837628
0.837624
0.837619
0.837614
0.837609
0.837603
0.837597
0.837591
0.837584
0.837577
0.837570
0.837563
0.837555
0.837548
0.837540
0.837531
0.837523
0.837514
0.837505
0.837496
0.837487
0.837478
0.837468
0.837458
0.837449
0.837438
0.837428
0.837418
0.837407
0.837397
0.837386
0.837375
0.837364
0.837353
0.837342
0.837330
0.837318
0.837307
0.837295
0.837283
0.837271
0.837259
0.837246
0.837234
0.837221
0.837208
0.837195
0.837182
0.837169
0.837156
0.837142
0.837128
0.837115
0.837101
0.837087
0.837072
0.837058
0.837043
0.837029
0.837014
0.836999
0.836984
0.836968
0.836953
0.836937
0.836921
0.836905
0.836889
0.836872
0.836856
0.836839
0.836822
0.836805
0.836787
0.836770
0.836752
0.836734
0.836716
0.836697
0.836678
0.836659
0.836640
0.836621
0.836601
0.836581
0.836560
0.836540
0.836519
0.836497
0.836476
0.836454
0.836431
0.836409
0.836386
0.836362
0.836338
0.836314
0.836289
0.836263
0.836237
0.836210
0.836183
0.836155
0.836126
0.836097
0.836067
0.836035
0.836004
0.835971
0.835937
0.835902
0.835866
0.835829
0.835790
0.835750
0.835708
0.835665
0.835620
0.835573
0.835524
0.835473
0.835420
0.835363
0.835304
0.835243
0.835177
0.835109
0.835037
0.834961
0.834880
0.834796
0.834707
0.834614
0.834515
0.834411
0.834301
0.834184
0.834058
0.833925
0.833785
0.833638
0.833486
0.833328
0.833163
0.832993
0.832817
0.832635
0.832449
0.832258
0.832062
0.831863
0.831660
0.831453
0.831244
0.831031
0.830814
0.830595
0.830372
0.830147
0.829918
0.829686
0.829451
0.829212
0.828971
0.828726
0.828477
0.828226
0.827970
0.827712
0.827449
0.827183
0.826914
0.826641
0.826364
0.826084
0.825800
0.825513
0.825222
0.824928
0.824630
0.824331
0.824031
0.823732
0.823445
0.823190
0.822928
0.822713
0.822476
0.822211
0.821924
0.821634
0.821324
0.821010
0.820680
0.820344
0.819998
0.819645
0.819285
0.818920
0.818549
0.818175
0.817796
0.817414
0.817028
0.816640
0.816248
0.815854
0.815456
0.815055
0.814652
0.814245
0.813836
0.813423
0.813007
0.812587
0.812165
0.811738
0.811308
0.810874
0.810436
0.809993
0.809547
0.809096
0.808641
0.808181
0.807716
0.807246
0.806770
0.806289
0.805803
0.805311
0.804812
0.804307
0.803795
0.803276
0.802751
0.802217
0.801676
0.801126
0.800568
0.800001
0.799424
0.798838
0.798242
0.797635
0.797017
0.796388
0.795747
0.795093
0.794426
0.793746
0.793051
0.792341
0.791616
0.790874
0.790115
0.789338
0.788543
0.787727
0.786890
0.786031
0.785149
0.784241
0.783308
0.782346
0.781354
0.780330
0.779272
0.778178
0.777044
0.775867
0.774644
0.773371
0.772044
0.770658
0.769207
0.767685
0.766084
0.764398
0.762615
0.760727
0.758721
0.756584
0.754302
0.751858
0.749237
0.746424
0.743407
0.740180
0.736750
0.733139
0.729388
0.725556
0.721715
0.717947
0.714338
0.710819
0.706876
0.702912
0.696903
0.697288
0.744272
0.744210
0.744147
0.744082
0.744017
0.743952
0.743888
0.743824
0.743762
0.743701
0.743640
0.743581
0.743523
0.743465
0.743409
0.743354
0.743300
0.743247
0.743195
0.743143
0.743093
0.743043
0.742994
0.742946
0.742898
0.742851
0.742804
0.742758
0.742713
0.742668
0.742624
0.742580
0.742537
0.742494
0.742452
0.742410
0.742370
0.742329
0.742289
0.742250
0.742211
0.742172
0.742134
0.742097
0.742060
0.742023
0.741986
0.741950
0.741914
0.741877
0.741842
0.741806
0.741771
0.741736
0.741702
0.741668
0.741634
0.741601
0.741568
0.741536
0.741504
0.741472
0.741441
0.741410
0.741379
0.741349
0.741318
0.741288
0.741259
0.741230
0.741200
0.741172
0.741143
0.741115
0.741087
0.741059
0.741031
0.741004
0.740977
0.740950
0.740923
0.740897
0.740871
0.740845
0.740819
0.740793
0.740768
0.740743
0.740718
0.740693
0.740668
0.740644
0.740619
0.740595
0.740571
0.740548
0.740524
0.740501
0.740477
0.740454
0.740431
0.740409
0.740386
0.740364
0.740341
0.740319
0.740297
0.740275
0.740253
0.740232
0.740211
0.740190
0.740169
0.740148
0.740127
0.740106
0.740086
0.740065
0.740045
0.740024
0.740004
0.739984
0.739964
0.739944
0.739925
0.739905
0.739885
0.739866
0.739847
0.739828
0.739809
0.739790
0.739771
0.739753
0.739734
0.739715
0.739697
0.739678
0.739660
0.739642
0.739624
0.739606
0.739588
0.739570
0.739552
0.739535
0.739517
0.739499
0.739482
0.739464
0.739447
0.739430
0.739412
0.739395
0.739378
0.739362
0.739345
0.739328
0.739311
0.739295
0.739278
0.739262
0.739246
0.739229
0.739213
0.739197
0.739181
0.739165
0.739149
0.739133
0.739133
0.739118
0.739102
0.739086
0.739071
0.739055
0.739040
0.739025
0.739009
0.738994
0.738979
0.738964
0.738949
0.738934
0.738919
0.738904
0.738890
0.738875
0.738860
0.738846
0.738831
0.738817
0.738802
0.738788
0.738774
0.738759
0.738745
0.738731
0.738717
0.738703
0.738689
0.738675
0.738661
0.738647
0.738633
0.738619
0.738606
0.738592
0.738579
0.738565
0.738551
0.738538
0.738525
0.738511
0.738498
0.738485
0.738471
0.738458
0.738445
0.738432
0.738419
0.738406
0.738393
0.738380
0.738367
0.738354
0.738341
0.738329
0.738316
0.738303
0.738291
0.738278
0.738265
0.738253
0.738241
0.738228
0.738216
0.738204
0.738191
0.738179
0.738167
0.738155
0.738143
0.738131
0.738119
0.738107
0.738095
0.738083
0.738071
0.738059
0.738047
0.738035
0.738023
0.738012
0.738000
0.737988
0.737976
0.737965
0.737953
0.737941
0.737930
0.737918
0.737907
0.737895
0.737884
0.737872
0.737861
0.737849
0.737838
0.737827
0.737815
0.737804
0.737793
0.737782
0.737770
0.737759
0.737748
0.737737
0.737726
0.737715
0.737704
0.737693
0.737682
0.737671
0.737660
0.737649
0.737638
0.737627
0.737617
0.737606
0.737595
0.737584
0.737573
0.737563
0.737552
0.737542
0.737531
0.737520
0.737510
0.737499
0.737489
0.737478
0.737468
0.737457
0.737447
0.737436
0.737426
0.737416
0.737405
0.737395
0.737385
0.737375
0.737364
0.737354
0.737344
0.737334
0.737324
0.737314
0.737304
0.737293
0.737283
0.737273
0.737263
0.737253
0.737243
0.737233
0.737224
0.737214
0.737204
0.737194
0.737184
0.737174
0.737164
0.737155
0.737145
0.737135
0.737125
0.737116
0.737106
0.737096
0.737087
0.737077
0.737068
0.737058
0.737049
0.737039
0.737029
0.737020
0.737010
0.737001
0.736992
0.736982
0.736973
0.736963
0.736954
0.736945
0.736935
0.736926
0.736917
0.736907
0.736898
0.736889
0.736880
0.736870
0.736861
0.736852
0.736843
0.736834
0.736825
0.736816
0.736806
0.736797
0.736788
0.736779
0.736770
0.736761
0.736752
0.736743
0.736734
0.736725
0.736716
0.736708
0.736699
0.736690
0.736681
0.736672
0.736663
0.736654
0.736646
0.736637
0.736628
0.736619
0.736611
0.736602
0.736593
0.736584
0.736576
0.736567
0.736558
0.736550
0.736541
0.736533
0.736524
0.736515
0.736507
0.736498
0.736490
0.736481
0.736473
0.736464
0.736456
0.736447
0.736439
0.736430
0.736422
0.736413
0.736405
0.736397
0.736388
0.736380
0.736372
0.736363
0.736355
0.736347
0.736338
0.736330
0.736322
0.736314
0.736305
0.736297
0.736289
0.736281
0.736272
0.736264
0.736256
0.736248
0.736240
0.736232
0.736224
0.736215
0.736207
0.736199
0.736191
0.736183
0.736175
0.736167
0.736159
0.736151
0.736143
0.736135
0.736127
0.736119
0.736111
0.736103
0.736095
0.736087
0.736079
0.736071
0.736064
0.736056
0.736048
0.736040
0.736032
0.736024
0.736016
0.736009
0.736001
0.735993
0.735985
0.735977
0.735970
0.735962
0.735954
0.735946
0.735939
0.735931
0.735923
0.735916
0.735908
0.735900
0.735893
0.735885
0.735877
0.735870
0.735862
0.735855
0.735847
0.735839
0.735832
0.735824
0.735817
0.735809
0.735802
0.735794
0.735786
0.735779
0.735771
0.735764
0.735756
0.735749
0.735742
0.735734
0.735727
0.735719
0.735712
0.735704
0.735697
0.735690
0.735682
0.735675
0.735667
0.735660
0.735653
0.735645
0.735638
0.735631
0.735623
0.735616
0.735609
0.735601
0.735594
0.735587
0.735580
0.735572
0.735565
0.735558
0.735551
0.735543
0.735536
0.735529
0.735522
0.735515
0.735507
0.735500
0.735493
0.735486
0.735479
0.735472
0.735465
0.735457
0.735450
0.735443
0.735436
0.735429
0.735422
0.735415
0.735408
0.735401
0.735394
0.735387
0.735380
0.735373
0.735366
0.735359
0.735352
0.735345
0.735338
0.735331
0.735324
0.735317
0.735310
0.735303
0.735296
0.735289
0.735282
0.735275
0.735268
0.735261
0.735254
0.735247
0.735241
0.735234
0.735227
0.735220
0.735213
0.735206
0.735199
0.735193
0.735186
0.735179
0.735172
0.735165
0.735158
0.735152
0.735145
0.735138
0.735131
0.735125
0.735118
0.735111
0.735104
0.735098
0.735091
0.735084
0.735077
0.735071
0.735064
0.735057
0.735051
0.735044
0.735037
0.735031
0.735024
0.735017
0.735011
0.735004
0.734997
0.734991
0.734984
0.734978
0.734971
0.734964
0.734958
0.734951
0.734945
0.734938
0.734931
0.734925
0.734918
0.734912
0.734905
0.734899
0.734892
0.734886
0.734879
0.734873
0.734866
0.734860
0.734853
0.734847
0.734840
0.734834
0.734827
0.734821
0.734814
0.734808
0.734801
0.734795
0.734788
0.734782
0.734776
0.734769
0.734763
0.734756
0.734750
0.734744
0.734737
0.734731
0.734724
0.734718
0.734712
0.734705
0.734699
0.734693
0.734686
0.734680
0.734674
0.734667
0.734661
0.734655
0.734648
0.734642
0.734636
0.734629
0.734623
0.734617
0.734611
0.734604
0.734598
0.734592
0.734592
0.734585
0.734579
0.734573
0.734567
0.734561
0.734554
0.734548
0.734542
0.734536
0.734529
0.734523
0.734517
0.734511
0.734505
0.734499
0.734492
0.734486
0.734480
0.734474
0.734468
0.734462
0.734455
0.734449
0.734443
0.734437
0.734431
0.734425
0.734419
0.734413
0.734406
0.734400
0.734394
0.734388
0.734382
0.734376
0.734370
0.734364
0.734358
0.734352
0.734346
0.734340
0.734334
0.734328
0.734322
0.734316
0.734310
0.734303
0.734297
0.734291
0.734285
0.734279
0.734273
0.734267
0.734261
0.734256
0.734250
0.734244
0.734238
0.734232
0.734226
0.734220
0.734214
0.734208
0.734202
0.734196
0.734190
0.734184
0.734178
0.734172
0.734166
0.734160
0.734155
0.734149
0.734143
0.734137
0.734131
0.734125
0.734119
0.734113
0.734108
0.734102
0.734096
0.734090
0.734084
0.734078
0.734072
0.734067
0.734061
0.734055
0.734049
0.734043
0.734038
0.734032
0.734026
0.734020
0.734014
0.734009
0.734003
0.733997
0.733991
0.733985
0.733980
0.733974
0.733968
0.733962
0.733957
0.733951
0.733945
0.733939
0.733934
0.733928
0.733922
0.733916
0.733911
0.733905
0.733899
0.733894
0.733888
0.733882
0.733877
0.733871
0.733865
0.733859
0.733854
0.733848
0.733842
0.733837
0.733831
0.733825
0.733820
0.733814
0.733809
0.733803
0.733797
0.733792
0.733786
0.733780
0.733775
0.733769
0.733763
0.733758
0.733752
0.733747
0.733741
0.733735
0.733730
0.733724
0.733719
0.733713
0.733708
0.733702
0.733696
0.733691
0.733685
0.733680
0.733674
0.733669
0.733663
0.733658
0.733652
0.733646
0.733641
0.733635
0.733630
0.733624
0.733619
0.733613
0.733608
0.733602
0.733597
0.733591
0.733586
0.733580
0.733575
0.733569
0.733564
0.733558
0.733553
0.733547
0.733542
0.733537
0.733531
0.733526
0.733520
0.733515
0.733509
0.733504
0.733498
0.733493
0.733488
0.733482
0.733477
0.733471
0.733466
0.733460
0.733455
0.733450
0.733444
0.733439
0.733433
0.733428
0.733423
0.733417
0.733412
0.733407
0.733401
0.733396
0.733390
0.733385
0.733380
0.733374
0.733369
0.733364
0.733358
0.733353
0.733348
0.733342
0.733337
0.733332
0.733326
0.733321
0.733316
0.733310
0.733305
0.733300
0.733294
0.733289
0.733284
0.733278
0.733273
0.733268
0.733263
0.733257
0.733252
0.733247
0.733241
0.733236
0.733231
0.733226
0.733220
0.733215
0.733210
0.733205
0.733199
0.733194
0.733189
0.733184
0.733178
0.733173
0.733168
0.733163
0.733157
0.733152
0.733147
0.733142
0.733137
0.733131
0.733126
0.733121
0.733116
0.733110
0.733105
0.733100
0.733095
0.733090
0.733085
0.733079
0.733074
0.733069
0.733063
0.733058
0.733052
0.733046
0.733040
0.733034
0.733029
0.733023
0.733018
0.733012
0.733007
0.733002
0.732997
0.732991
0.732986
0.732981
0.732976
0.732970
0.732965
0.732960
0.732954
0.732948
0.732941
0.732935
0.732929
0.732922
0.732916
0.732910
0.732903
0.732897
0.732890
0.732884
0.732878
0.732871
0.732865
0.732858
0.732852
0.732845
0.732839
0.732833
0.732826
0.732819
0.732813
0.732807
0.732801
0.732794
0.732787
0.732781
0.732775
0.732769
0.732762
0.732756
0.732749
0.732742
0.732735
0.732729
0.732724
0.732718
0.732711
0.732704
0.732698
0.732691
0.732685
0.732678
0.732671
0.732665
0.732658
0.732651
0.732645
0.732638
0.732631
0.732625
0.732618
0.732612
0.732606
0.732600
0.732594
0.732587
0.732582
0.732576
0.732570
0.732563
0.732557
0.732550
0.732543
0.732536
0.732530
0.732523
0.732516
0.732509
0.732503
0.732496
0.732489
0.732482
0.732475
0.732468
0.732461
0.732454
0.732449
0.732442
0.732436
0.732429
0.732423
0.732417
0.732410
0.732403
0.732396
0.732389
0.732383
0.732376
0.732369
0.732362
0.732355
0.732348
0.732341
0.732334
0.732327
0.732320
0.732314
0.732307
0.732300
0.732293
0.732286
0.732279
0.732272
0.732265
0.732258
0.732252
0.732246
0.732240
0.732233
0.732226
0.732219
0.732212
0.732205
0.732198
0.732192
0.732185
0.732178
0.732171
0.732164
0.732157
0.732150
0.732144
0.732137
0.732130
0.732123
0.732116
0.732109
0.732102
0.732095
0.732088
0.732081
0.732074
0.732068
0.732061
0.732054
0.732048
0.732041
0.732034
0.732027
0.732020
0.732013
0.732006
0.731998
0.731991
0.731984
0.731977
0.731970
0.731963
0.731956
0.731949
0.731942
0.731935
0.731928
0.731921
0.731914
0.731907
0.731900
0.731893
0.731886
0.731879
0.731871
0.731864
0.731857
0.731850
0.731843
0.731836
0.731829
0.731822
0.731815
0.731808
0.731801
0.731793
0.731786
0.731779
0.731772
0.731765
0.731758
0.731751
0.731744
0.731737
0.731729
0.731722
0.731715
0.731708
0.731701
0.731694
0.731687
0.731679
0.731672
0.731665
0.731658
0.731651
0.731644
0.731637
0.731629
0.731622
0.731615
0.731608
0.731601
0.731594
0.731586
0.731579
0.731572
0.731565
0.731558
0.731550
0.731543
0.731536
0.731536
0.731529
0.731522
0.731514
0.731507
0.731500
0.731493
0.731486
0.731478
0.731471
0.731464
0.731457
0.731449
0.731442
0.731435
0.731428
0.731420
0.731413
0.731406
0.731399
0.731391
0.731384
0.731377
0.731370
0.731362
0.731355
0.731348
0.731341
0.731333
0.731326
0.731319
0.731311
0.731304
0.731297
0.731290
0.731282
0.731275
0.731268
0.731260
0.731253
0.731246
0.731238
0.731231
0.731224
0.731216
0.731209
0.731202
0.731194
0.731187
0.731180
0.731172
0.731165
0.731158
0.731150
0.731143
0.731136
0.731128
0.731121
0.731114
0.731106
0.731099
0.731091
0.731084
0.731077
0.731069
0.731062
0.731055
0.731047
0.731040
0.731032
0.731025
0.731018
0.731010
0.731003
0.730995
0.730988
0.730980
0.730973
0.730966
0.730958
0.730951
0.730943
0.730936
0.730928
0.730921
0.730914
0.730906
0.730899
0.730891
0.730884
0.730876
0.730869
0.730861
0.730854
0.730846
0.730839
0.730831
0.730824
0.730816
0.730809
0.730801
0.730794
0.730786
0.730779
0.730771
0.730764
0.730756
0.730749
0.730741
0.730734
0.730726
0.730719
0.730711
0.730704
0.730696
0.730689
0.730681
0.730674
0.730666
0.730659
0.730651
0.730643
0.730636
0.730628
0.730621
0.730613
0.730606
0.730598
0.730590
0.730583
0.730575
0.730568
0.730560
0.730552
0.730545
0.730537
0.730530
0.730522
0.730514
0.730507
0.730499
0.730492
0.730484
0.730476
0.730469
0.730461
0.730453
0.730446
0.730438
0.730430
0.730423
0.730415
0.730407
0.730400
0.730392
0.730384
0.730377
0.730369
0.730361
0.730354
0.730346
0.730338
0.730331
0.730323
0.730315
0.730308
0.730300
0.730292
0.730284
0.730277
0.730269
0.730261
0.730254
0.730246
0.730238
0.730230
0.730223
0.730215
0.730207
0.730199
0.730192
0.730184
0.730176
0.730168
0.730161
0.730153
0.730145
0.730137
0.730129
0.730122
0.730114
0.730106
0.730098
0.730091
0.730083
0.730075
0.730067
0.730059
0.730051
0.730044
0.730036
0.730028
0.730020
0.730012
0.730005
0.729997
0.729989
0.729981
0.729973
0.729965
0.729957
0.729950
0.729942
0.729934
0.729926
0.729918
0.729910
0.729902
0.729894
0.729887
0.729879
0.729871
0.729863
0.729855
0.729847
0.729839
0.729831
0.729823
0.729815
0.729807
0.729800
0.729792
0.729784
0.729776
0.729768
0.729760
0.729752
0.729744
0.729736
0.729728
0.729720
0.729712
0.729704
0.729696
0.729688
0.729680
0.729672
0.729664
0.729656
0.729648
0.729640
0.729632
0.729624
0.729616
0.729608
0.729600
0.729592
0.729584
0.729576
0.729568
0.729560
0.729552
0.729544
0.729536
0.729528
0.729520
0.729512
0.729504
0.729495
0.729487
0.729479
0.729471
0.729463
0.729455
0.729447
0.729439
0.729431
0.729423
0.729415
0.729406
0.729398
0.729390
0.729382
0.729374
0.729366
0.729358
0.729350
0.729341
0.729333
0.729325
0.729317
0.729309
0.729301
0.729292
0.729284
0.729276
0.729268
0.729260
0.729252
0.729243
0.729235
0.729227
0.729219
0.729211
0.729202
0.729194
0.729186
0.729178
0.729170
0.729161
0.729153
0.729145
0.729137
0.729128
0.729120
0.729112
0.729104
0.729095
0.729087
0.729079
0.729070
0.729062
0.729054
0.729046
0.729037
0.729029
0.729021
0.729012
0.729004
0.728996
0.728988
0.728979
0.728971
0.728963
0.728954
0.728946
0.728938
0.728929
0.728921
0.728913
0.728904
0.728896
0.728887
0.728879
0.728871
0.728862
0.728854
0.728846
0.728837
0.728829
0.728820
0.728812
0.728804
0.728795
0.728787
0.728778
0.728770
0.728761
0.728753
0.728745
0.728736
0.728728
0.728719
0.728711
0.728702
0.728694
0.728685
0.728677
0.728668
0.728660
0.728652
0.728643
0.728635
0.728626
0.728618
0.728609
0.728601
0.728592
0.728584
0.728575
0.728566
0.728558
0.728549
0.728541
0.728532
0.728524
0.728515
0.728507
0.728498
0.728490
0.728481
0.728472
0.728464
0.728455
0.728447
0.728438
0.728429
0.728421
0.728412
0.728404
0.728395
0.728386
0.728378
0.728369
0.728361
0.728352
0.728343
0.728335
0.728326
0.728317
0.728309
0.728300
0.728291
0.728283
0.728274
0.728265
0.728257
0.728248
0.728239
0.728230
0.728222
0.728213
0.728204
0.728196
0.728187
0.728178
0.728169
0.728161
0.728152
0.728143
0.728134
0.728126
0.728117
0.728108
0.728099
0.728091
0.728082
0.728073
0.728064
0.728056
0.728047
0.728038
0.728029
0.728020
0.728011
0.728003
0.727994
0.727985
0.727976
0.727967
0.727958
0.727950
0.727941
0.727932
0.727923
0.727914
0.727905
0.727896
0.727888
0.727879
0.727870
0.727861
0.727852
0.727843
0.727834
0.727825
0.727816
0.727807
0.727798
0.727790
0.727781
0.727772
0.727763
0.727754
0.727745
0.727736
0.727727
0.727718
0.727709
0.727700
0.727691
0.727682
0.727673
0.727664
0.727655
0.727646
0.727637
0.727628
0.727619
0.727610
0.727601
0.727592
0.727583
0.727574
0.727565
0.727555
0.727546
0.727537
0.727528
0.727519
0.727519
0.727510
0.727501
0.727492
0.727483
0.727474
0.727464
0.727455
0.727446
0.727437
0.727428
0.727419
0.727410
0.727401
0.727391
0.727382
0.727373
0.727364
0.727355
0.727346
0.727336
0.727327
0.727318
0.727309
0.727300
0.727290
0.727281
0.727272
0.727263
0.727253
0.727244
0.727235
0.727226
0.727216
0.727207
0.727198
0.727189
0.727179
0.727170
0.727161
0.727151
0.727142
0.727133
0.727124
0.727114
0.727105
0.727096
0.727086
0.727077
0.727068
0.727058
0.727049
0.727039
0.727030
0.727021
0.727011
0.727002
0.726993
0.726983
0.726974
0.726964
0.726955
0.726946
0.726936
0.726927
0.726917
0.726908
0.726898
0.726889
0.726880
0.726870
0.726861
0.726851
0.726842
0.726832
0.726823
0.726813
0.726804
0.726794
0.726785
0.726775
0.726766
0.726756
0.726747
0.726737
0.726727
0.726718
0.726708
0.726699
0.726689
0.726680
0.726670
0.726661
0.726651
0.726641
0.726632
0.726622
0.726613
0.726603
0.726593
0.726584
0.726574
0.726564
0.726555
0.726545
0.726535
0.726526
0.726516
0.726506
0.726497
0.726487
0.726477
0.726468
0.726458
0.726448
0.726438
0.726429
0.726419
0.726409
0.726400
0.726390
0.726380
0.726370
0.726361
0.726351
0.726341
0.726331
0.726321
0.726312
0.726302
0.726292
0.726282
0.726272
0.726263
0.726253
0.726243
0.726233
0.726223
0.726213
0.726203
0.726194
0.726184
0.726174
0.726164
0.726154
0.726144
0.726134
0.726124
0.726114
0.726104
0.726095
0.726085
0.726075
0.726065
0.726055
0.726045
0.726035
0.726025
0.726015
0.726005
0.725995
0.725985
0.725975
0.725965
0.725955
0.725945
0.725935
0.725925
0.725915
0.725905
0.725895
0.725885
0.725874
0.725864
0.725854
0.725844
0.725834
0.725824
0.725814
0.725804
0.725794
0.725784
0.725773
0.725763
0.725753
0.725743
0.725733
0.725723
0.725712
0.725702
0.725692
0.725682
0.725672
0.725662
0.725651
0.725641
0.725631
0.725621
0.725610
0.725600
0.725590
0.725580
0.725569
0.725559
0.725549
0.725538
0.725528
0.725518
0.725508
0.725497
0.725487
0.725477
0.725466
0.725456
0.725446
0.725435
0.725425
0.725415
0.725404
0.725394
0.725383
0.725373
0.725363
0.725352
0.725342
0.725331
0.725321
0.725310
0.725300
0.725290
0.725279
0.725269
0.725258
0.725248
0.725237
0.725227
0.725216
0.725206
0.725195
0.725185
0.725174
0.725164
0.725153
0.725142
0.725132
0.725121
0.725111
0.725100
0.725090
0.725079
0.725068
0.725058
0.725047
0.725037
0.725026
0.725015
0.725005
0.724994
0.724983
0.724973
0.724962
0.724951
0.724941
0.724930
0.724919
0.724909
0.724898
0.724887
0.724876
0.724866
0.724855
0.724844
0.724833
0.724823
0.724812
0.724801
0.724790
0.724779
0.724769
0.724758
0.724747
0.724736
0.724725
0.724714
0.724704
0.724693
0.724682
0.724671
0.724660
0.724649
0.724638
0.724627
0.724616
0.724606
0.724595
0.724584
0.724573
0.724562
0.724551
0.724540
0.724529
0.724518
0.724507
0.724496
0.724485
0.724474
0.724463
0.724452
0.724441
0.724430
0.724419
0.724408
0.724397
0.724386
0.724374
0.724363
0.724352
0.724341
0.724330
0.724319
0.724308
0.724297
0.724285
0.724274
0.724263
0.724252
0.724241
0.724230
0.724218
0.724207
0.724196
0.724185
0.724173
0.724162
0.724151
0.724140
0.724128
0.724117
0.724106
0.724095
0.724083
0.724072
0.724061
0.724049
0.724038
0.724027
0.724015
0.724004
0.723993
0.723981
0.723970
0.723959
0.723947
0.723936
0.723924
0.723913
0.723901
0.723890
0.723879
0.723867
0.723856
0.723844
0.723833
0.723821
0.723810
0.723798
0.723787
0.723775
0.723764
0.723752
0.723741
0.723729
0.723717
0.723706
0.723694
0.723683
0.723671
0.723659
0.723648
0.723636
0.723625
0.723613
0.723601
0.723590
0.723578
0.723566
0.723555
0.723543
0.723531
0.723519
0.723508
0.723496
0.723484
0.723472
0.723461
0.723449
0.723437
0.723425
0.723413
0.723402
0.723390
0.723378
0.723366
0.723354
0.723342
0.723331
0.723319
0.723307
0.723295
0.723283
0.723271
0.723259
0.723247
0.723235
0.723223
0.723211
0.723200
0.723188
0.723176
0.723164
0.723152
0.723140
0.723128
0.723115
0.723103
0.723091
0.723079
0.723067
0.723055
0.723043
0.723031
0.723019
0.723007
0.722995
0.722982
0.722970
0.722958
0.722946
0.722934
0.722922
0.722909
0.722897
0.722885
0.722873
0.722861
0.722848
0.722836
0.722824
0.722812
0.722799
0.722787
0.722775
0.722762
0.722750
0.722738
0.722725
0.722713
0.722701
0.722688
0.722676
0.722663
0.722651
0.722639
0.722626
0.722614
0.722601
0.722589
0.722576
0.722564
0.722551
0.722539
0.722526
0.722514
0.722501
0.722489
0.722476
0.722464
0.722451
0.722439
0.722426
0.722413
0.722401
0.722388
0.722375
0.722363
0.722350
0.722338
0.722325
0.722312
0.722299
0.722287
0.722274
0.722261
0.722249
0.722236
0.722223
0.722210
0.722198
0.722185
0.722172
0.722172
0.722159
0.722146
0.722133
0.722121
0.722108
0.722095
0.722082
0.722069
0.722056
0.722043
0.722030
0.722017
0.722004
0.721992
0.721979
0.721966
0.721953
0.721940
0.721927
0.721914
0.721900
0.721887
0.721874
0.721861
0.721848
0.721835
0.721822
0.721809
0.721796
0.721783
0.721769
0.721756
0.721743
0.721730
0.721717
0.721704
0.721690
0.721677
0.721664
0.721651
0.721637
0.721624
0.721611
0.721597
0.721584
0.721571
0.721558
0.721544
0.721531
0.721517
0.721504
0.721491
0.721477
0.721464
0.721450
0.721437
0.721424
0.721410
0.721397
0.721383
0.721370
0.721356
0.721343
0.721329
0.721315
0.721302
0.721288
0.721275
0.721261
0.721247
0.721234
0.721220
0.721207
0.721193
0.721179
0.721166
0.721152
0.721138
0.721124
0.721111
0.721097
0.721083
0.721069
0.721056
0.721042
0.721028
0.721014
0.721000
0.720986
0.720973
0.720959
0.720945
0.720931
0.720917
0.720903
0.720889
0.720875
0.720861
0.720847
0.720833
0.720819
0.720805
0.720791
0.720777
0.720763
0.720749
0.720735
0.720721
0.720707
0.720692
0.720678
0.720664
0.720650
0.720636
0.720622
0.720607
0.720593
0.720579
0.720565
0.720550
0.720536
0.720522
0.720508
0.720493
0.720479
0.720465
0.720450
0.720436
0.720421
0.720407
0.720393
0.720378
0.720364
0.720349
0.720335
0.720320
0.720306
0.720291
0.720277
0.720262
0.720248
0.720233
0.720219
0.720204
0.720189
0.720175
0.720160
0.720145
0.720131
0.720116
0.720101
0.720087
0.720072
0.720057
0.720042
0.720028
0.720013
0.719998
0.719983
0.719968
0.719954
0.719939
0.719924
0.719909
0.719894
0.719879
0.719864
0.719849
0.719834
0.719819
0.719804
0.719789
0.719774
0.719759
0.719744
0.719729
0.719714
0.719699
0.719684
0.719669
0.719654
0.719638
0.719623
0.719608
0.719593
0.719578
0.719562
0.719547
0.719532
0.719517
0.719501
0.719486
0.719471
0.719455
0.719440
0.719424
0.719409
0.719394
0.719378
0.719363
0.719347
0.719332
0.719316
0.719301
0.719285
0.719270
0.719254
0.719239
0.719223
0.719207
0.719192
0.719176
0.719160
0.719145
0.719129
0.719113
0.719098
0.719082
0.719066
0.719050
0.719035
0.719019
0.719003
0.718987
0.718971
0.718955
0.718939
0.718923
0.718908
0.718892
0.718876
0.718860
0.718844
0.718828
0.718812
0.718796
0.718779
0.718763
0.718747
0.718731
0.718715
0.718699
0.718683
0.718666
0.718650
0.718634
0.718618
0.718602
0.718585
0.718569
0.718553
0.718536
0.718520
0.718504
0.718487
0.718471
0.718454
0.718438
0.718421
0.718405
0.718388
0.718372
0.718355
0.718339
0.718322
0.718306
0.718289
0.718272
0.718256
0.718239
0.718222
0.718206
0.718189
0.718172
0.718155
0.718139
0.718122
0.718105
0.718088
0.718071
0.718054
0.718038
0.718021
0.718004
0.717987
0.717970
0.717953
0.717936
0.717919
0.717902
0.717885
0.717867
0.717850
0.717833
0.717816
0.717799
0.717782
0.717764
0.717747
0.717730
0.717713
0.717695
0.717678
0.717661
0.717643
0.717626
0.717609
0.717591
0.717574
0.717556
0.717539
0.717521
0.717504
0.717486
0.717469
0.717451
0.717433
0.717416
0.717398
0.717380
0.717363
0.717345
0.717327
0.717309
0.717292
0.717274
0.717256
0.717238
0.717220
0.717202
0.717185
0.717167
0.717149
0.717131
0.717113
0.717095
0.717077
0.717059
0.717040
0.717022
0.717004
0.716986
0.716968
0.716950
0.716931
0.716913
0.716895
0.716877
0.716858
0.716840
0.716822
0.716803
0.716785
0.716766
0.716748
0.716729
0.716711
0.716692
0.716674
0.716655
0.716637
0.716618
0.716599
0.716581
0.716562
0.716543
0.716525
0.716506
0.716487
0.716468
0.716449
0.716430
0.716412
0.716393
0.716374
0.716355
0.716336
0.716317
0.716298
0.716279
0.716260
0.716240
0.716221
0.716202
0.716183
0.716164
0.716145
0.716125
0.716106
0.716087
0.716067
0.716048
0.716029
0.716009
0.715990
0.715970
0.715951
0.715931
0.715912
0.715892
0.715873
0.715853
0.715834
0.715814
0.715794
0.715774
0.715755
0.715735
0.715715
0.715695
0.715676
0.715656
0.715636
0.715616
0.715596
0.715576
0.715556
0.715536
0.715516
0.715496
0.715476
0.715455
0.715435
0.715415
0.715395
0.715374
0.715354
0.715334
0.715314
0.715293
0.715273
0.715252
0.715232
0.715211
0.715191
0.715170
0.715150
0.715129
0.715108
0.715088
0.715067
0.715046
0.715026
0.715005
0.714984
0.714963
0.714942
0.714921
0.714900
0.714879
0.714859
0.714837
0.714816
0.714795
0.714774
0.714753
0.714732
0.714711
0.714689
0.714668
0.714647
0.714626
0.714604
0.714583
0.714561
0.714540
0.714518
0.714497
0.714475
0.714454
0.714432
0.714410
0.714389
0.714367
0.714345
0.714323
0.714302
0.714280
0.714258
0.714236
0.714214
0.714192
0.714170
0.714148
0.714126
0.714104
0.714082
0.714059
0.714037
0.714015
0.713993
0.713970
0.713948
0.713926
0.713903
0.713881
0.713858
0.713836
0.713813
0.713813
0.713791
0.713768
0.713745
0.713723
0.713700
0.713677
0.713654
0.713631
0.713608
0.713585
0.713563
0.713540
0.713516
0.713493
0.713470
0.713447
0.713424
0.713401
0.713378
0.713354
0.713331
0.713308
0.713284
0.713261
0.713237
0.713214
0.713190
0.713166
0.713143
0.713119
0.713095
0.713072
0.713048
0.713024
0.713000
0.712976
0.712952
0.712928
0.712904
0.712880
0.712856
0.712832
0.712808
0.712783
0.712759
0.712735
0.712710
0.712686
0.712662
0.712637
0.712613
0.712588
0.712563
0.712539
0.712514
0.712489
0.712465
0.712440
0.712415
0.712390
0.712365
0.712340
0.712315
0.712290
0.712265
0.712239
0.712214
0.712189
0.712164
0.712138
0.712113
0.712087
0.712062
0.712036
0.712011
0.711985
0.711959
0.711934
0.711908
0.711882
0.711856
0.711830
0.711805
0.711778
0.711752
0.711726
0.711700
0.711674
0.711648
0.711621
0.711595
0.711569
0.711542
0.711516
0.711489
0.711463
0.711436
0.711409
0.711383
0.711356
0.711329
0.711302
0.711275
0.711248
0.711221
0.711194
0.711167
0.711140
0.711113
0.711085
0.711058
0.711030
0.711003
0.710975
0.710948
0.710920
0.710893
0.710865
0.710837
0.710809
0.710781
0.710753
0.710725
0.710697
0.710669
0.710641
0.710613
0.710585
0.710556
0.710528
0.710499
0.710471
0.710442
0.710414
0.710385
0.710356
0.710328
0.710299
0.710270
0.710241
0.710212
0.710183
0.710154
0.710124
0.710095
0.710066
0.710036
0.710007
0.709977
0.709948
0.709918
0.709889
0.709859
0.709829
0.709799
0.709769
0.709739
0.709709
0.709679
0.709649
0.709618
0.709588
0.709558
0.709527
0.709497
0.709466
0.709436
0.709405
0.709374
0.709343
0.709312
0.709281
0.709250
0.709219
0.709188
0.709156
0.709125
0.709094
0.709062
0.709031
0.708999
0.708967
0.708936
0.708904
0.708872
0.708840
0.708808
0.708776
0.708743
0.708711
0.708679
0.708647
0.708614
0.708581
0.708549
0.708516
0.708483
0.708450
0.708417
0.708384
0.708351
0.708318
0.708285
0.708251
0.708218
0.708185
0.708151
0.708117
0.708084
0.708050
0.708016
0.707982
0.707948
0.707914
0.707879
0.707845
0.707811
0.707776
0.707742
0.707707
0.707672
0.707637
0.707603
0.707567
0.707532
0.707497
0.707462
0.707427
0.707391
0.707356
0.707320
0.707284
0.707249
0.707213
0.707176
0.707141
0.707104
0.707068
0.707032
0.706995
0.706959
0.706922
0.706885
0.706849
0.706811
0.706775
0.706737
0.706700
0.706663
0.706625
0.706588
0.706550
0.706512
0.706475
0.706437
0.706399
0.706360
0.706322
0.706284
0.706245
0.706207
0.706168
0.706129
0.706091
0.706051
0.706012
0.705973
0.705934
0.705894
0.705855
0.705815
0.705775
0.705735
0.705696
0.705655
0.705615
0.705575
0.705534
0.705494
0.705453
0.705412
0.705371
0.705330
0.705289
0.705248
0.705206
0.705165
0.705123
0.705082
0.705039
0.704997
0.704955
0.704913
0.704871
0.704828
0.704785
0.704742
0.704699
0.704656
0.704613
0.704570
0.704526
0.704483
0.704439
0.704395
0.704351
0.704307
0.704262
0.704218
0.704173
0.704129
0.704084
0.704039
0.703994
0.703948
0.703903
0.703857
0.703811
0.703765
0.703719
0.703673
0.703627
0.703580
0.703533
0.703486
0.703439
0.703392
0.703345
0.703297
0.703250
0.703202
0.703154
0.703106
0.703057
0.703009
0.702960
0.702911
0.702862
0.702813
0.702764
0.702714
0.702664
0.702614
0.702565
0.702514
0.702464
0.702413
0.702362
0.702311
0.702260
0.702209
0.702157
0.702105
0.702053
0.702001
0.701949
0.701896
0.701844
0.701791
0.701737
0.701684
0.701630
0.701577
0.701523
0.701468
0.701414
0.701359
0.701305
0.701249
0.701194
0.701139
0.701083
0.701027
0.700971
0.700914
0.700858
0.700800
0.700744
0.700686
0.700629
0.700571
0.700512
0.700454
0.700396
0.700337
0.700278
0.700218
0.700159
0.700099
0.700039
0.699978
0.699918
0.699857
0.699795
0.699734
0.699672
0.699610
0.699548
0.699485
0.699423
0.699359
0.699296
0.699232
0.699168
0.699104
0.699039
0.698974
0.698909
0.698843
0.698777
0.698711
0.698645
0.698578
0.698511
0.698443
0.698375
0.698307
0.698238
0.698170
0.698100
0.698031
0.697961
0.697891
0.697820
0.697749
0.697678
0.697606
0.697534
0.697461
0.697388
0.697315
0.697241
0.697167
0.697093
0.697018
0.696942
0.696866
0.696791
0.696714
0.696637
0.696559
0.696482
0.696403
0.696324
0.696245
0.696166
0.696086
0.696005
0.695924
0.695842
0.695760
0.695677
0.695594
0.695511
0.695426
0.695342
0.695257
0.695171
0.695085
0.694998
0.694911
0.694822
0.694734
0.694645
0.694555
0.694465
0.694374
0.694283
0.694190
0.694098
0.694004
0.693910
0.693816
0.693720
0.693625
0.693528
0.693431
0.693332
0.693233
0.693134
0.693034
0.692933
0.692831
0.692729
0.692625
0.692521
0.692417
0.692311
0.692205
0.692097
0.691989
0.691879
0.691769
0.691659
0.691546
0.691434
0.691320
0.691206
0.691090
0.691090
0.690974
0.690856
0.690737
0.690618
0.690497
0.690375
0.690252
0.690128
0.690003
0.689876
0.689749
0.689619
0.689490
0.689359
0.689226
0.689092
0.688957
0.688820
0.688682
0.688543
0.688401
0.688260
0.688116
0.687971
0.687823
0.687675
0.687524
0.687373
0.687219
0.687063
0.686906
0.686746
0.686586
0.686423
0.686258
0.686091
0.685922
0.685750
0.685576
0.685401
0.685222
0.685043
0.684859
0.684675
0.684486
0.684296
0.684102
0.683907
0.683707
0.683505
0.683299
0.683090
0.682880
0.682663
0.682447
0.682224
0.681999
0.681768
0.681536
0.681297
0.681056
0.680808
0.680558
0.680301
0.680041
0.679774
0.679503
0.679225
0.678942
0.678654
0.678357
0.678057
0.677748
0.677433
0.677108
0.676779
0.676437
0.676091
0.675731
0.675366
0.674986
0.674600
0.674197
0.673788
0.673360
0.672924
0.672467
0.672001
0.671511
0.671010
0.670483
0.669942
0.669371
0.668782
0.668159
0.667514
0.666829
0.666117
0.665356
0.664562
0.663707
0.662808
0.661834
0.660802
0.659671
0.658461
0.657117
0.655660
0.654012
0.652192
0.650081
0.647692
0.644823
0.641464
0.637223
0.632260
0.625036
0.618031
0.613278
0.607572
0.601237
0.601549
0.594881
0.596663
0.596924
0.586877
0.586242
0.578829
0.572686
0.571082
0.580916
0.567041
0.564878
0.566354
0.565066
0.564324
0.548517
0.538741
0.538630
0.566984
0.560334
0.546848
0.543749
0.578143
0.557442
0.545832
0.560240
0.556817
0.549877
0.580710
0.574023
0.554616
0.531928
0.538155
0.580381
0.577876
0.570029
0.551603
0.529125
0.557258
0.553886
0.538898
0.587954
0.587910
0.587833
0.587706
0.587504
0.587197
0.586734
0.586030
0.584927
0.583087
0.579824
0.572094
0.551554
0.552203
0.541671
0.551168
0.535797
0.580972
0.580731
0.580232
0.579369
0.577892
0.575134
0.569370
0.553039
0.539924
0.531110
0.569754
0.569362
0.568303
0.565902
0.560086
0.542810
0.546004
0.534500
0.530055
0.539355
0.540321
0.535237
0.527473
0.528543
0.551929
0.535234
0.527688
0.506390
0.518360
0.545090
0.538349
0.525854
0.513679
0.514312
0.514494
0.500119
0.514491
0.509513
0.507894
0.504240
0.489551
0.491567
0.497507
0.494219
0.501244
0.503228
0.501938
0.497451
0.492899
0.493963
0.495516
0.493705
0.495660
0.494701
0.494451
0.494214
0.493980
0.493748
0.493513
0.493275
0.493032
0.492783
0.492527
0.492262
0.491987
0.491701
0.491403
0.491091
0.490762
0.490415
0.490047
0.489655
0.489235
0.488783
0.488291
0.487753
0.487158
0.486492
0.485736
0.484859
0.483816
0.482531
0.480861
0.478496
0.474586
0.465768
0.457196
0.460763
0.463932
0.463349
0.462578
0.463502
0.465376
0.447712
0.471685
0.468548
0.459328
0.450369
0.469441
0.466376
0.466953
0.456095
0.472087
0.469802
0.466775
0.470503
0.460156
0.477609
0.474889
0.470842
0.476150
0.474480
0.471205
0.476089
0.473753
0.469184
0.475132
0.472356
0.463626
0.477956
0.475108
0.473522
0.469702
0.467852
0.462289
0.470904
0.469291
0.467539
0.462702
0.468493
0.469146
0.469448
0.469171
0.469171
0.469551
0.470141
0.470385
0.467658
0.469240
0.466880
0.470660
0.471180
0.470552
0.471121
0.471170
0.459250
0.453595
0.464666
0.471604
0.467691
0.462719
0.464658
0.463171
0.462641
0.458545
0.461561
0.457342
0.463840
0.461851
0.461191
0.457424
0.463594
0.461440
0.460570
0.456819
0.462889
0.460829
0.460198
0.456956
0.461645
0.459975
0.457265
0.457763
0.449415
0.457081
0.452139
0.462467
0.460203
0.451225
0.462759
0.459478
0.465986
0.465026
0.464389
0.463556
0.463426
0.462639
0.463370
0.458784
0.463009
0.463496
0.459653
0.452789
0.467652
0.467748
0.467707
0.467636
0.467657
0.467663
0.467637
0.467616
0.467634
0.467697
0.467794
0.467908
0.468029
0.468148
0.468264
0.468375
0.468480
0.468580
0.468676
0.468769
0.468858
0.468944
0.469027
0.469108
0.469186
0.469261
0.469335
0.469406
0.469475
0.469542
0.469607
0.469670
0.469731
0.469791
0.469849
0.469906
0.469960
0.470014
0.470066
0.470116
0.470166
0.470214
0.470261
0.470307
0.470351
0.470395
0.470438
0.470480
0.470521
0.470561
0.470600
0.470638
0.470676
0.470713
0.470750
0.470786
0.470821
0.470856
0.470890
0.470924
0.470957
0.470990
0.471023
0.471055
0.471087
0.471118
0.471149
0.471180
0.471211
0.471241
0.471271
0.471301
0.471330
0.471360
0.471389
0.471418
0.471446
0.471475
0.471503
0.471531
0.471559
0.471587
0.471615
0.471642
0.471670
0.471697
0.471724
0.471751
0.471778
0.471805
0.471831
0.471858
0.471884
0.471910
0.471937
0.471963
0.471989
0.472015
0.472040
0.472066
0.472092
0.472117
0.472143
0.472168
0.472193
0.472218
0.472243
0.472268
0.472293
0.472318
0.472343
0.472367
0.472392
0.472416
0.472441
0.472465
0.472489
0.472513
0.472537
0.472561
0.472585
0.472609
0.472633
0.472656
0.472680
0.472704
0.472727
0.472727
0.472750
0.472774
0.472797
0.472820
0.472843
0.472866
0.472889
0.472912
0.472935
0.472957
0.472980
0.473003
0.473025
0.473048
0.473070
0.473092
0.473114
0.473136
0.473159
0.473181
0.473202
0.473224
0.473246
0.473268
0.473290
0.473311
0.473333
0.473354
0.473376
0.473397
0.473418
0.473439
0.473460
0.473482
0.473503
0.473523
0.473544
0.473565
0.473586
0.473607
0.473627
0.473648
0.473668
0.473689
0.473709
0.473729
0.473750
0.473770
0.473790
0.473810
0.473830
0.473850
0.473870
0.473890
0.473910
0.473929
0.473949
0.473969
0.473988
0.474008
0.474027
0.474047
0.474066
0.474085
0.474104
0.474124
0.474143
0.474162
0.474181
0.474200
0.474219
0.474237
0.474256
0.474275
0.474294
0.474312
0.474331
0.474349
0.474368
0.474386
0.474405
0.474423
0.474441
0.474460
0.474478
0.474496
0.474514
0.474532
0.474550
0.474568
0.474586
0.474604
0.474622
0.474639
0.474657
0.474675
0.474692
0.474710
0.474727
0.474745
0.474762
0.474780
0.474797
0.474814
0.474832
0.474849
0.474866
0.474883
0.474900
0.474917
0.474934
0.474951
0.474968
0.474985
0.475002
0.475019
0.475035
0.475052
0.475069
0.475085
0.475102
0.475119
0.475135
0.475152
0.475168
0.475184
0.475201
0.475217
0.475233
0.475250
0.475266
0.475282
0.475298
0.475314
0.475330
0.475346
0.475362
0.475378
0.475394
0.475410
0.475426
0.475442
0.475457
0.475473
0.475489
0.475504
0.475520
0.475536
0.475551
0.475567
0.475582
0.475598
0.475613
0.475628
0.475644
0.475659
0.475674
0.475690
0.475705
0.475720
0.475735
0.475750
0.475765
0.475780
0.475795
0.475810
0.475825
0.475840
0.475855
0.475870
0.475885
0.475900
0.475915
0.475929
0.475944
0.475959
0.475973
0.475988
0.476003
0.476017
0.476032
0.476046
0.476061
0.476075
0.476090
0.476104
0.476119
0.476133
0.476147
0.476162
0.476176
0.476190
0.476204
0.476218
0.476233
0.476247
0.476261
0.476275
0.476289
0.476303
0.476317
0.476331
0.476345
0.476359
0.476373
0.476387
0.476401
0.476414
0.476428
0.476442
0.476456
0.476469
0.476483
0.476497
0.476511
0.476524
0.476538
0.476551
0.476565
0.476578
0.476592
0.476605
0.476619
0.476632
0.476646
0.476659
0.476673
0.476686
0.476699
0.476713
0.476726
0.476739
0.476752
0.476766
0.476779
0.476792
0.476805
0.476818
0.476831
0.476844
0.476857
0.476870
0.476883
0.476896
0.476909
0.476922
0.476935
0.476948
0.476961
0.476974
0.476987
0.477000
0.477013
0.477025
0.477038
0.477051
0.477064
0.477076
0.477089
0.477102
0.477114
0.477127
0.477140
0.477152
0.477165
0.477177
0.477190
0.477202
0.477215
0.477227
0.477240
0.477252
0.477265
0.477277
0.477289
0.477302
0.477314
0.477326
0.477339
0.477351
0.477363
0.477376
0.477388
0.477400
0.477412
0.477424
0.477437
0.477449
0.477461
0.477473
0.477485
0.477497
0.477509
0.477521
0.477533
0.477545
0.477557
0.477569
0.477581
0.477593
0.477605
0.477617
0.477629
0.477641
0.477653
0.477665
0.477676
0.477688
0.477700
0.477712
0.477724
0.477735
0.477747
0.477759
0.477770
0.477782
0.477794
0.477805
0.477817
0.477829
0.477840
0.477852
0.477863
0.477875
0.477887
0.477898
0.477910
0.477921
0.477933
0.477944
0.477955
0.477967
0.477978
0.477990
0.478001
0.478012
0.478024
0.478035
0.478047
0.478058
0.478069
0.478080
0.478092
0.478103
0.478114
0.478125
0.478137
0.478148
0.478159
0.478170
0.478181
0.478193
0.478204
0.478215
0.478226
0.478237
0.478248
0.478259
0.478270
0.478281
0.478292
0.478303
0.478314
0.478325
0.478336
0.478347
0.478358
0.478369
0.478380
0.478391
0.478402
0.478412
0.478423
0.478434
0.478445
0.478456
0.478467
0.478477
0.478488
0.478499
0.478510
0.478520
0.478531
0.478542
0.478553
0.478563
0.478574
0.478585
0.478595
0.478606
0.478617
0.478627
0.478638
0.478648
0.478659
0.478669
0.478680
0.478691
0.478701
0.478712
0.478722
0.478733
0.478743
0.478753
0.478764
0.478774
0.478785
0.478795
0.478806
0.478816
0.478826
0.478837
0.478847
0.478857
0.478868
0.478878
0.478888
0.478899
0.478909
0.478919
0.478929
0.478940
0.478950
0.478960
0.478970
0.478981
0.478991
0.479001
0.479011
0.479021
0.479031
0.479042
0.479052
0.479062
0.479072
0.479082
0.479092
0.479102
0.479112
0.479122
0.479132
0.479142
0.479152
0.479162
0.479172
0.479182
0.479192
0.479202
0.479212
0.479222
0.479232
0.479242
0.479252
0.479261
0.479271
0.479281
0.479291
0.479301
0.479311
0.479321
0.479330
0.479340
0.479350
0.479360
0.479369
0.479379
0.479389
0.479399
0.479408
0.479418
0.479428
0.479438
0.479447
0.479457
0.479467
0.479476
0.479486
0.479495
0.479505
0.479515
0.479524
0.479534
0.479543
0.479553
0.479563
0.479572
0.479582
0.479591
0.479601
0.479610
0.479620
0.479629
0.479639
0.479648
0.479658
0.479667
0.479676
0.479686
0.479695
0.479695
0.479705
0.479714
0.479723
0.479733
0.479742
0.479752
0.479761
0.479770
0.479779
0.479789
0.479798
0.479807
0.479817
0.479826
0.479835
0.479844
0.479854
0.479863
0.479872
0.479881
0.479891
0.479900
0.479909
0.479918
0.479927
0.479937
0.479946
0.479955
0.479964
0.479973
0.479982
0.479991
0.480000
0.480009
0.480018
0.480028
0.480037
0.480046
0.480055
0.480064
0.480073
0.480082
0.480091
0.480100
0.480109
0.480118
0.480127
0.480136
0.480145
0.480153
0.480162
0.480171
0.480180
0.480189
0.480198
0.480207
0.480216
0.480225
0.480233
0.480242
0.480251
0.480260
0.480269
0.480278
0.480286
0.480295
0.480304
0.480313
0.480321
0.480330
0.480339
0.480348
0.480356
0.480365
0.480374
0.480383
0.480391
0.480400
0.480409
0.480417
0.480426
0.480435
0.480443
0.480452
0.480460
0.480469
0.480478
0.480486
0.480495
0.480503
0.480512
0.480521
0.480529
0.480538
0.480546
0.480555
0.480563
0.480572
0.480580
0.480589
0.480597
0.480606
0.480614
0.480623
0.480631
0.480640
0.480648
0.480656
0.480665
0.480673
0.480682
0.480690
0.480698
0.480707
0.480715
0.480724
0.480732
0.480740
0.480749
0.480757
0.480765
0.480774
0.480782
0.480790
0.480798
0.480807
0.480815
0.480823
0.480832
0.480840
0.480848
0.480856
0.480864
0.480873
0.480881
0.480889
0.480897
0.480905
0.480914
0.480922
0.480930
0.480938
0.480946
0.480954
0.480963
0.480971
0.480979
0.480987
0.480995
0.481003
0.481011
0.481019
0.481027
0.481035
0.481043
0.481051
0.481059
0.481067
0.481075
0.481083
0.481091
0.481099
0.481107
0.481115
0.481123
0.481131
0.481139
0.481147
0.481155
0.481163
0.481171
0.481179
0.481187
0.481195
0.481203
0.481211
0.481218
0.481226
0.481234
0.481242
0.481250
0.481258
0.481266
0.481273
0.481281
0.481289
0.481297
0.481305
0.481312
0.481320
0.481328
0.481336
0.481344
0.481351
0.481359
0.481367
0.481375
0.481382
0.481390
0.481398
0.481405
0.481413
0.481421
0.481428
0.481436
0.481444
0.481451
0.481459
0.481467
0.481474
0.481482
0.481490
0.481497
0.481505
0.481513
0.481520
0.481528
0.481535
0.481543
0.481550
0.481558
0.481566
0.481573
0.481581
0.481588
0.481596
0.481603
0.481611
0.481618
0.481626
0.481633
0.481641
0.481648
0.481656
0.481663
0.481671
0.481678
0.481685
0.481693
0.481700
0.481708
0.481715
0.481723
0.481730
0.481737
0.481745
0.481752
0.481760
0.481767
0.481774
0.481782
0.481789
0.481796
0.481804
0.481811
0.481818
0.481826
0.481833
0.481840
0.481848
0.481855
0.481862
0.481869
0.481877
0.481884
0.481891
0.481898
0.481906
0.481913
0.481920
0.481927
0.481935
0.481942
0.481949
0.481956
0.481963
0.481971
0.481978
0.481985
0.481992
0.481999
0.482006
0.482014
0.482021
0.482028
0.482035
0.482042
0.482049
0.482056
0.482063
0.482070
0.482078
0.482085
0.482092
0.482099
0.482106
0.482113
0.482120
0.482127
0.482134
0.482141
0.482148
0.482155
0.482162
0.482169
0.482176
0.482183
0.482190
0.482197
0.482204
0.482211
0.482218
0.482225
0.482232
0.482239
0.482246
0.482253
0.482260
0.482267
0.482273
0.482280
0.482287
0.482294
0.482301
0.482308
0.482315
0.482322
0.482329
0.482335
0.482342
0.482349
0.482356
0.482363
0.482370
0.482376
0.482383
0.482390
0.482397
0.482404
0.482410
0.482417
0.482424
0.482431
0.482438
0.482444
0.482451
0.482458
0.482465
0.482471
0.482478
0.482485
0.482492
0.482498
0.482505
0.482512
0.482518
0.482525
0.482532
0.482538
0.482545
0.482552
0.482558
0.482565
0.482572
0.482578
0.482585
0.482592
0.482598
0.482605
0.482612
0.482618
0.482625
0.482631
0.482638
0.482645
0.482651
0.482658
0.482664
0.482671
0.482677
0.482684
0.482691
0.482697
0.482704
0.482710
0.482717
0.482723
0.482730
0.482736
0.482743
0.482749
0.482756
0.482762
0.482769
0.482775
0.482782
0.482788
0.482795
0.482801
0.482808
0.482814
0.482820
0.482827
0.482833
0.482840
0.482846
0.482853
0.482859
0.482865
0.482872
0.482878
0.482885
0.482891
0.482897
0.482904
0.482910
0.482916
0.482923
0.482929
0.482936
0.482942
0.482948
0.482955
0.482961
0.482967
0.482973
0.482980
0.482986
0.482992
0.482999
0.483005
0.483011
0.483018
0.483024
0.483030
0.483036
0.483043
0.483049
0.483055
0.483061
0.483068
0.483074
0.483080
0.483086
0.483092
0.483099
0.483105
0.483111
0.483117
0.483123
0.483130
0.483136
0.483142
0.483148
0.483154
0.483160
0.483167
0.483173
0.483179
0.483185
0.483191
0.483197
0.483203
0.483210
0.483216
0.483222
0.483228
0.483234
0.483240
0.483246
0.483252
0.483258
0.483264
0.483271
0.483277
0.483283
0.483289
0.483295
0.483301
0.483307
0.483313
0.483319
0.483325
0.483331
0.483337
0.483343
0.483349
0.483355
0.483361
0.483367
0.483373
0.483379
0.483385
0.483391
0.483397
0.483403
0.483409
0.483415
0.483421
0.483421
0.483427
0.483433
0.483438
0.483444
0.483450
0.483456
0.483462
0.483468
0.483474
0.483480
0.483486
0.483492
0.483498
0.483503
0.483509
0.483515
0.483521
0.483527
0.483533
0.483539
0.483545
0.483550
0.483556
0.483562
0.483568
0.483574
0.483580
0.483585
0.483591
0.483597
0.483603
0.483609
0.483614
0.483620
0.483626
0.483632
0.483637
0.483643
0.483649
0.483655
0.483661
0.483666
0.483672
0.483678
0.483684
0.483689
0.483695
0.483701
0.483706
0.483712
0.483718
0.483724
0.483729
0.483735
0.483741
0.483746
0.483752
0.483758
0.483763
0.483769
0.483775
0.483780
0.483786
0.483792
0.483797
0.483803
0.483809
0.483814
0.483820
0.483826
0.483831
0.483837
0.483842
0.483848
0.483854
0.483859
0.483865
0.483871
0.483876
0.483882
0.483887
0.483893
0.483898
0.483904
0.483910
0.483915
0.483921
0.483926
0.483932
0.483937
0.483943
0.483948
0.483954
0.483959
0.483965
0.483971
0.483976
0.483982
0.483987
0.483993
0.483998
0.484004
0.484009
0.484015
0.484020
0.484025
0.484031
0.484036
0.484042
0.484047
0.484053
0.484058
0.484064
0.484069
0.484075
0.484080
0.484085
0.484091
0.484096
0.484102
0.484107
0.484113
0.484118
0.484123
0.484129
0.484134
0.484140
0.484145
0.484150
0.484156
0.484161
0.484166
0.484172
0.484177
0.484183
0.484188
0.484193
0.484199
0.484204
0.484209
0.484215
0.484220
0.484225
0.484231
0.484236
0.484241
0.484247
0.484252
0.484257
0.484262
0.484268
0.484273
0.484278
0.484284
0.484289
0.484294
0.484299
0.484305
0.484310
0.484315
0.484321
0.484326
0.484331
0.484336
0.484342
0.484347
0.484352
0.484357
0.484362
0.484368
0.484373
0.484378
0.484383
0.484389
0.484394
0.484399
0.484404
0.484409
0.484415
0.484420
0.484425
0.484430
0.484435
0.484440
0.484446
0.484451
0.484456
0.484461
0.484466
0.484471
0.484476
0.484482
0.484487
0.484492
0.484497
0.484502
0.484507
0.484512
0.484518
0.484523
0.484528
0.484533
0.484538
0.484543
0.484548
0.484553
0.484558
0.484563
0.484568
0.484574
0.484579
0.484584
0.484589
0.484594
0.484599
0.484604
0.484609
0.484614
0.484619
0.484624
0.484629
0.484634
0.484639
0.484644
0.484649
0.484654
0.484659
0.484664
0.484669
0.484674
0.484679
0.484684
0.484689
0.484694
0.484699
0.484704
0.484709
0.484714
0.484719
0.484724
0.484729
0.484734
0.484739
0.484744
0.484749
0.484754
0.484759
0.484764
0.484769
0.484774
0.484778
0.484783
0.484788
0.484793
0.484798
0.484803
0.484808
0.484813
0.484818
0.484823
0.484828
0.484832
0.484837
0.484842
0.484847
0.484852
0.484857
0.484862
0.484867
0.484871
0.484876
0.484881
0.484886
0.484891
0.484896
0.484901
0.484905
0.484910
0.484915
0.484920
0.484925
0.484930
0.484934
0.484939
0.484944
0.484949
0.484954
0.484958
0.484963
0.484968
0.484973
0.484978
0.484982
0.484987
0.484992
0.484997
0.485001
0.485006
0.485011
0.485016
0.485021
0.485025
0.485030
0.485035
0.485040
0.485044
0.485049
0.485054
0.485059
0.485063
0.485068
0.485073
0.485077
0.485082
0.485087
0.485092
0.485096
0.485101
0.485106
0.485110
0.485115
0.485120
0.485124
0.485129
0.485134
0.485139
0.485143
0.485148
0.485153
0.485157
0.485162
0.485167
0.485171
0.485176
0.485180
0.485185
0.485190
0.485194
0.485199
0.485204
0.485208
0.485213
0.485218
0.485222
0.485227
0.485231
0.485236
0.485241
0.485245
0.485250
0.485254
0.485259
0.485264
0.485268
0.485273
0.485277
0.485282
0.485287
0.485291
0.485296
0.485300
0.485305
0.485309
0.485314
0.485319
0.485323
0.485328
0.485332
0.485337
0.485341
0.485346
0.485350
0.485355
0.485359
0.485364
0.485369
0.485373
0.485378
0.485382
0.485387
0.485391
0.485396
0.485400
0.485405
0.485409
0.485414
0.485418
0.485423
0.485427
0.485432
0.485436
0.485441
0.485445
0.485449
0.485454
0.485458
0.485463
0.485467
0.485472
0.485476
0.485481
0.485485
0.485490
0.485494
0.485498
0.485503
0.485507
0.485512
0.485516
0.485521
0.485525
0.485530
0.485534
0.485538
0.485543
0.485547
0.485552
0.485556
0.485560
0.485565
0.485569
0.485574
0.485578
0.485582
0.485587
0.485591
0.485595
0.485600
0.485604
0.485609
0.485613
0.485617
0.485622
0.485626
0.485630
0.485635
0.485639
0.485643
0.485648
0.485652
0.485656
0.485661
0.485665
0.485669
0.485674
0.485678
0.485682
0.485687
0.485691
0.485695
0.485700
0.485704
0.485708
0.485713
0.485717
0.485721
0.485726
0.485730
0.485734
0.485738
0.485743
0.485747
0.485751
0.485755
0.485760
0.485764
0.485768
0.485773
0.485777
0.485781
0.485785
0.485790
0.485794
0.485798
0.485802
0.485807
0.485811
0.485815
0.485819
0.485824
0.485828
0.485832
0.485836
0.485840
0.485845
0.485849
0.485853
0.485857
0.485862
0.485866
0.485870
0.485874
0.485878
0.485883
0.485887
0.485891
0.485895
0.485899
0.485903
0.485903
0.485908
0.485912
0.485916
0.485920
0.485924
0.485929
0.485933
0.485937
0.485941
0.485945
0.485949
0.485953
0.485958
0.485962
0.485966
0.485970
0.485974
0.485978
0.485982
0.485987
0.485991
0.485995
0.485999
0.486003
0.486007
0.486011
0.486015
0.486020
0.486024
0.486028
0.486032
0.486036
0.486040
0.486044
0.486048
0.486052
0.486056
0.486061
0.486065
0.486069
0.486073
0.486077
0.486081
0.486085
0.486089
0.486093
0.486097
0.486101
0.486105
0.486109
0.486113
0.486117
0.486121
0.486126
0.486130
0.486134
0.486138
0.486142
0.486146
0.486150
0.486154
0.486158
0.486162
0.486166
0.486170
0.486174
0.486178
0.486182
0.486186
0.486190
0.486194
0.486198
0.486202
0.486206
0.486210
0.486214
0.486218
0.486222
0.486226
0.486230
0.486234
0.486238
0.486242
0.486246
0.486250
0.486254
0.486258
0.486262
0.486266
0.486270
0.486274
0.486278
0.486281
0.486285
0.486289
0.486293
0.486297
0.486301
0.486305
0.486309
0.486313
0.486317
0.486321
0.486325
0.486329
0.486333
0.486337
0.486340
0.486344
0.486348
0.486352
0.486356
0.486360
0.486364
0.486368
0.486372
0.486376
0.486380
0.486383
0.486387
0.486391
0.486395
0.486399
0.486403
0.486407
0.486411
0.486414
0.486418
0.486422
0.486426
0.486430
0.486434
0.486438
0.486442
0.486445
0.486449
0.486453
0.486457
0.486461
0.486465
0.486468
0.486472
0.486476
0.486480
0.486484
0.486488
0.486491
0.486495
0.486499
0.486503
0.486507
0.486511
0.486514
0.486518
0.486522
0.486526
0.486530
0.486533
0.486537
0.486541
0.486545
0.486549
0.486552
0.486556
0.486560
0.486564
0.486568
0.486571
0.486575
0.486579
0.486583
0.486586
0.486590
0.486594
0.486598
0.486602
0.486605
0.486609
0.486613
0.486617
0.486620
0.486624
0.486628
0.486632
0.486635
0.486639
0.486643
0.486647
0.486650
0.486654
0.486658
0.486662
0.486665
0.486669
0.486673
0.486676
0.486680
0.486684
0.486688
0.486691
0.486695
0.486699
0.486702
0.486706
0.486710
0.486714
0.486717
0.486721
0.486725
0.486728
0.486732
0.486736
0.486739
0.486743
0.486747
0.486750
0.486754
0.486758
0.486761
0.486765
0.486769
0.486772
0.486776
0.486780
0.486783
0.486787
0.486791
0.486794
0.486798
0.486802
0.486805
0.486809
0.486813
0.486816
0.486820
0.486824
0.486827
0.486831
0.486835
0.486838
0.486842
0.486845
0.486849
0.486853
0.486856
0.486860
0.486864
0.486867
0.486871
0.486874
0.486878
0.486882
0.486885
0.486889
0.486892
0.486896
0.486900
0.486903
0.486907
0.486910
0.486914
0.486918
0.486921
0.486925
0.486928
0.486932
0.486935
0.486939
0.486943
0.486946
0.486950
0.486953
0.486957
0.486960
0.486964
0.486968
0.486971
0.486975
0.486978
0.486982
0.486985
0.486989
0.486992
0.486996
0.487000
0.487003
0.487007
0.487010
0.487014
0.487017
0.487021
0.487024
0.487028
0.487031
0.487035
0.487038
0.487042
0.487045
0.487049
0.487052
0.487056
0.487059
0.487063
0.487066
0.487070
0.487073
0.487077
0.487080
0.487084
0.487087
0.487091
0.487094
0.487098
0.487101
0.487105
0.487108
0.487112
0.487115
0.487119
0.487122
0.487126
0.487129
0.487133
0.487136
0.487140
0.487143
0.487147
0.487150
0.487154
0.487157
0.487160
0.487164
0.487167
0.487171
0.487174
0.487178
0.487181
0.487185
0.487188
0.487191
0.487195
0.487198
0.487202
0.487205
0.487209
0.487212
0.487215
0.487219
0.487222
0.487226
0.487229
0.487233
0.487236
0.487239
0.487243
0.487246
0.487250
0.487253
0.487256
0.487260
0.487263
0.487267
0.487270
0.487273
0.487277
0.487280
0.487284
0.487287
0.487290
0.487294
0.487297
0.487301
0.487304
0.487307
0.487311
0.487314
0.487317
0.487321
0.487324
0.487328
0.487331
0.487334
0.487338
0.487341
0.487344
0.487348
0.487351
0.487354
0.487358
0.487361
0.487364
0.487368
0.487371
0.487374
0.487378
0.487381
0.487385
0.487388
0.487391
0.487395
0.487398
0.487401
0.487405
0.487408
0.487411
0.487414
0.487418
0.487421
0.487424
0.487428
0.487431
0.487434
0.487438
0.487441
0.487444
0.487448
0.487451
0.487454
0.487458
0.487461
0.487464
0.487467
0.487471
0.487474
0.487477
0.487481
0.487484
0.487487
0.487490
0.487494
0.487497
0.487500
0.487504
0.487507
0.487510
0.487513
0.487517
0.487520
0.487523
0.487526
0.487530
0.487533
0.487536
0.487539
0.487543
0.487546
0.487549
0.487552
0.487556
0.487559
0.487562
0.487565
0.487569
0.487572
0.487575
0.487578
0.487582
0.487585
0.487588
0.487591
0.487595
0.487598
0.487601
0.487604
0.487608
0.487611
0.487614
0.487617
0.487620
0.487624
0.487627
0.487630
0.487633
0.487636
0.487640
0.487643
0.487646
0.487649
0.487652
0.487656
0.487659
0.487662
0.487665
0.487668
0.487672
0.487675
0.487678
0.487681
0.487684
0.487688
0.487691
0.487694
0.487697
0.487700
0.487703
0.487707
0.487710
0.487713
0.487716
0.487716
0.487719
0.487722
0.487726
0.487729
0.487732
0.487735
0.487738
0.487741
0.487745
0.487748
0.487751
0.487754
0.487757
0.487760
0.487764
0.487767
0.487770
0.487773
0.487776
0.487779
0.487782
0.487785
0.487789
0.487792
0.487795
0.487798
0.487801
0.487804
0.487807
0.487811
0.487814
0.487817
0.487820
0.487823
0.487826
0.487829
0.487832
0.487835
0.487839
0.487842
0.487845
0.487848
0.487851
0.487854
0.487857
0.487860
0.487863
0.487866
0.487870
0.487873
0.487876
0.487879
0.487882
0.487885
0.487888
0.487891
0.487894
0.487897
0.487900
0.487903
0.487907
0.487910
0.487913
0.487916
0.487919
0.487922
0.487925
0.487928
0.487931
0.487934
0.487937
0.487940
0.487943
0.487946
0.487949
0.487953
0.487956
0.487959
0.487962
0.487965
0.487968
0.487971
0.487974
0.487977
0.487980
0.487983
0.487986
0.487989
0.487992
0.487995
0.487998
0.488001
0.488004
0.488007
0.488010
0.488013
0.488016
0.488019
0.488022
0.488025
0.488028
0.488031
0.488034
0.488037
0.488040
0.488043
0.488046
0.488049
0.488052
0.488055
0.488058
0.488061
0.488064
0.488067
0.488070
0.488073
0.488076
0.488079
0.488082
0.488085
0.488088
0.488091
0.488094
0.488097
0.488100
0.488103
0.488106
0.488109
0.488112
0.488115
0.488118
0.488121
0.488124
0.488127
0.488130
0.488133
0.488136
0.488139
0.488142
0.488145
0.488148
0.488151
0.488154
0.488157
0.488160
0.488163
0.488166
0.488169
0.488172
0.488175
0.488177
0.488180
0.488183
0.488186
0.488189
0.488192
0.488195
0.488198
0.488201
0.488204
0.488207
0.488210
0.488213
0.488216
0.488219
0.488222
0.488224
0.488227
0.488230
0.488233
0.488236
0.488239
0.488242
0.488245
0.488248
0.488251
0.488254
0.488257
0.488259
0.488262
0.488265
0.488268
0.488271
0.488274
0.488277
0.488280
0.488283
0.488286
0.488288
0.488291
0.488294
0.488297
0.488300
0.488303
0.488306
0.488309
0.488312
0.488314
0.488317
0.488320
0.488323
0.488326
0.488329
0.488332
0.488335
0.488337
0.488340
0.488343
0.488346
0.488349
0.488352
0.488355
0.488358
0.488360
0.488363
0.488366
0.488369
0.488372
0.488375
0.488378
0.488380
0.488383
0.488386
0.488389
0.488392
0.488395
0.488398
0.488400
0.488403
0.488406
0.488409
0.488412
0.488415
0.488417
0.488420
0.488423
0.488426
0.488429
0.488432
0.488434
0.488437
0.488440
0.488443
0.488446
0.488449
0.488451
0.488454
0.488457
0.488460
0.488463
0.488465
0.488468
0.488471
0.488474
0.488477
0.488480
0.488482
0.488485
0.488488
0.488491
0.488494
0.488496
0.488499
0.488502
0.488505
0.488508
0.488510
0.488513
0.488516
0.488519
0.488522
0.488524
0.488527
0.488530
0.488533
0.488535
0.488538
0.488541
0.488544
0.488547
0.488549
0.488552
0.488555
0.488558
0.488560
0.488563
0.488566
0.488569
0.488572
0.488574
0.488577
0.488580
0.488583
0.488585
0.488588
0.488591
0.488594
0.488596
0.488599
0.488602
0.488605
0.488607
0.488610
0.488613
0.488616
0.488618
0.488621
0.488624
0.488627
0.488629
0.488632
0.488635
0.488638
0.488640
0.488643
0.488646
0.488649
0.488651
0.488654
0.488657
0.488660
0.488662
0.488665
0.488668
0.488670
0.488673
0.488676
0.488679
0.488681
0.488684
0.488687
0.488689
0.488692
0.488695
0.488698
0.488700
0.488703
0.488706
0.488708
0.488711
0.488714
0.488717
0.488719
0.488722
0.488725
0.488727
0.488730
0.488733
0.488735
0.488738
0.488741
0.488744
0.488746
0.488749
0.488752
0.488754
0.488757
0.488760
0.488762
0.488765
0.488768
0.488770
0.488773
0.488776
0.488779
0.488781
0.488784
0.488787
0.488789
0.488792
0.488795
0.488797
0.488800
0.488803
0.488805
0.488808
0.488811
0.488813
0.488816
0.488819
0.488821
0.488824
0.488827
0.488829
0.488832
0.488835
0.488837
0.488840
0.488842
0.488845
0.488848
0.488850
0.488853
0.488856
0.488858
0.488861
0.488864
0.488866
0.488869
0.488872
0.488874
0.488877
0.488879
0.488882
0.488885
0.488887
0.488890
0.488893
0.488895
0.488898
0.488901
0.488903
0.488906
0.488908
0.488911
0.488914
0.488916
0.488919
0.488922
0.488924
0.488927
0.488929
0.488932
0.488935
0.488937
0.488940
0.488942
0.488945
0.488948
0.488950
0.488953
0.488955
0.488958
0.488961
0.488963
0.488966
0.488968
0.488971
0.488974
0.488976
0.488979
0.488981
0.488984
0.488987
0.488989
0.488992
0.488994
0.488997
0.489000
0.489002
0.489005
0.489007
0.489010
0.489012
0.489015
0.489018
0.489020
0.489023
0.489025
0.489028
0.489031
0.489033
0.489036
0.489038
0.489041
0.489043
0.489046
0.489049
0.489051
0.489054
0.489056
0.489059
0.489061
0.489064
0.489066
0.489069
0.489072
0.489074
0.489077
0.489079
0.489082
0.489084
0.489087
0.489089
0.489092
0.489095
0.489097
0.489100
0.489102
0.489105
0.489107
0.489110
0.489112
0.489115
0.489117
0.489120
0.489122
0.489125
0.489128
0.489128
0.489130
0.489133
0.489135
0.489138
0.489140
0.489143
0.489145
0.489148
0.489150
0.489153
0.489155
0.489158
0.489160
0.489163
0.489165
0.489168
0.489170
0.489173
0.489176
0.489178
0.489181
0.489183
0.489186
0.489188
0.489191
0.489193
0.489196
0.489198
0.489201
0.489203
0.489206
0.489208
0.489211
0.489213
0.489216
0.489218
0.489221
0.489223
0.489226
0.489228
0.489231
0.489233
0.489236
0.489238
0.489241
0.489243
0.489246
0.489248
0.489250
0.489253
0.489255
0.489258
0.489260
0.489263
0.489265
0.489268
0.489270
0.489273
0.489275
0.489278
0.489280
0.489283
0.489285
0.489288
0.489290
0.489293
0.489295
0.489298
0.489300
0.489302
0.489305
0.489307
0.489310
0.489312
0.489315
0.489317
0.489320
0.489322
0.489325
0.489327
0.489329
0.489332
0.489334
0.489337
0.489339
0.489342
0.489344
0.489347
0.489349
0.489352
0.489354
0.489356
0.489359
0.489361
0.489364
0.489366
0.489369
0.489371
0.489373
0.489376
0.489378
0.489381
0.489383
0.489386
0.489388
0.489391
0.489393
0.489395
0.489398
0.489400
0.489403
0.489405
0.489408
0.489410
0.489412
0.489415
0.489417
0.489420
0.489422
0.489424
0.489427
0.489429
0.489432
0.489434
0.489437
0.489439
0.489441
0.489444
0.489446
0.489449
0.489451
0.489453
0.489456
0.489458
0.489461
0.489463
0.489465
0.489468
0.489470
0.489473
0.489475
0.489477
0.489480
0.489482
0.489485
0.489487
0.489489
0.489492
0.489494
0.489497
0.489499
0.489501
0.489504
0.489506
0.489508
0.489511
0.489513
0.489516
0.489518
0.489520
0.489523
0.489525
0.489527
0.489530
0.489532
0.489535
0.489537
0.489539
0.489542
0.489544
0.489546
0.489549
0.489551
0.489554
0.489556
0.489558
0.489561
0.489563
0.489565
0.489568
0.489570
0.489573
0.489575
0.489577
0.489580
0.489582
0.489584
0.489587
0.489589
0.489591
0.489594
0.489596
0.489598
0.489601
0.489603
0.489605
0.489608
0.489610
0.489612
0.489615
0.489617
0.489620
0.489622
0.489624
0.489627
0.489629
0.489631
0.489634
0.489636
0.489638
0.489641
0.489643
0.489645
0.489648
0.489650
0.489652
0.489655
0.489657
0.489659
0.489662
0.489664
0.489666
0.489669
0.489671
0.489673
0.489675
0.489678
0.489680
0.489682
0.489685
0.489687
0.489689
0.489692
0.489694
0.489696
0.489699
0.489701
0.489703
0.489706
0.489708
0.489710
0.489713
0.489715
0.489717
0.489719
0.489722
0.489724
0.489726
0.489729
0.489731
0.489733
0.489736
0.489738
0.489740
0.489742
0.489745
0.489747
0.489749
0.489752
0.489754
0.489756
0.489759
0.489761
0.489763
0.489765
0.489768
0.489770
0.489772
0.489775
0.489777
0.489779
0.489781
0.489784
0.489786
0.489788
0.489791
0.489793
0.489795
0.489797
0.489800
0.489802
0.489804
0.489806
0.489809
0.489811
0.489813
0.489816
0.489818
0.489820
0.489822
0.489825
0.489827
0.489829
0.489831
0.489834
0.489836
0.489838
0.489840
0.489843
0.489845
0.489847
0.489849
0.489852
0.489854
0.489856
0.489859
0.489861
0.489863
0.489865
0.489868
0.489870
0.489872
0.489874
0.489877
0.489879
0.489881
0.489883
0.489886
0.489888
0.489890
0.489892
0.489894
0.489897
0.489899
0.489901
0.489903
0.489906
0.489908
0.489910
0.489912
0.489915
0.489917
0.489919
0.489921
0.489924
0.489926
0.489928
0.489930
0.489932
0.489935
0.489937
0.489939
0.489941
0.489944
0.489946
0.489948
0.489950
0.489953
0.489955
0.489957
0.489959
0.489961
0.489964
0.489966
0.489968
0.489970
0.489972
0.489975
0.489977
0.489979
0.489981
0.489984
0.489986
0.489988
0.489990
0.489992
0.489995
0.489997
0.489999
0.490001
0.490003
0.490006
0.490008
0.490010
0.490012
0.490014
0.490017
0.490019
0.490021
0.490023
0.490025
0.490028
0.490030
0.490032
0.490034
0.490036
0.490039
0.490041
0.490043
0.490045
0.490047
0.490050
0.490052
0.490054
0.490056
0.490058
0.490060
0.490063
0.490065
0.490067
0.490069
0.490071
0.490074
0.490076
0.490078
0.490080
0.490082
0.490084
0.490087
0.490089
0.490091
0.490093
0.490095
0.490097
0.490100
0.490102
0.490104
0.490106
0.490108
0.490110
0.490113
0.490115
0.490117
0.490119
0.490121
0.490123
0.490126
0.490128
0.490130
0.490132
0.490134
0.490136
0.490139
0.490141
0.490143
0.490145
0.490147
0.490149
0.490151
0.490154
0.490156
0.490158
0.490160
0.490162
0.490164
0.490167
0.490169
0.490171
0.490173
0.490175
0.490177
0.490179
0.490182
0.490184
0.490186
0.490188
0.490190
0.490192
0.490194
0.490197
0.490199
0.490201
0.490203
0.490205
0.490207
0.490209
0.490211
0.490214
0.490216
0.490218
0.490220
0.490222
0.490224
0.490226
0.490228
0.490231
0.490233
0.490235
0.490237
0.490239
0.490241
0.490243
0.490245
0.490248
0.490250
0.490252
0.490254
0.490256
0.490258
0.490260
0.490262
0.490265
0.490267
0.490269
0.490271
0.490273
0.490275
0.490277
0.490279
0.490279
0.490281
0.490284
0.490286
0.490288
0.490290
0.490292
0.490294
0.490296
0.490298
0.490300
0.490302
0.490305
0.490307
0.490309
0.490311
0.490313
0.490315
0.490317
0.490319
0.490321
0.490323
0.490326
0.490328
0.490330
0.490332
0.490334
0.490336
0.490338
0.490340
0.490342
0.490344
0.490346
0.490349
0.490351
0.490353
0.490355
0.490357
0.490359
0.490361
0.490363
0.490365
0.490367
0.490369
0.490371
0.490374
0.490376
0.490378
0.490380
0.490382
0.490384
0.490386
0.490388
0.490390
0.490392
0.490394
0.490396
0.490398
0.490400
0.490403
0.490405
0.490407
0.490409
0.490411
0.490413
0.490415
0.490417
0.490419
0.490421
0.490423
0.490425
0.490427
0.490429
0.490431
0.490433
0.490436
0.490438
0.490440
0.490442
0.490444
0.490446
0.490448
0.490450
0.490452
0.490454
0.490456
0.490458
0.490460
0.490462
0.490464
0.490466
0.490468
0.490470
0.490472
0.490475
0.490477
0.490479
0.490481
0.490483
0.490485
0.490487
0.490489
0.490491
0.490493
0.490495
0.490497
0.490499
0.490501
0.490503
0.490505
0.490507
0.490509
0.490511
0.490513
0.490515
0.490517
0.490519
0.490521
0.490523
0.490525
0.490527
0.490530
0.490532
0.490534
0.490536
0.490538
0.490540
0.490542
0.490544
0.490546
0.490548
0.490550
0.490552
0.490554
0.490556
0.490558
0.490560
0.490562
0.490564
0.490566
0.490568
0.490570
0.490572
0.490574
0.490576
0.490578
0.490580
0.490582
0.490584
0.490586
0.490588
0.490590
0.490592
0.490594
0.490596
0.490598
0.490600
0.490602
0.490604
0.490606
0.490608
0.490610
0.490612
0.490614
0.490616
0.490618
0.490620
0.490622
0.490624
0.490626
0.490628
0.490630
0.490632
0.490634
0.490636
0.490638
0.490640
0.490642
0.490644
0.490646
0.490648
0.490650
0.490652
0.490654
0.490656
0.490658
0.490660
0.490662
0.490664
0.490666
0.490668
0.490670
0.490672
0.490674
0.490676
0.490678
0.490680
0.490682
0.490684
0.490686
0.490688
0.490690
0.490692
0.490694
0.490696
0.490698
0.490700
0.490702
0.490703
0.490705
0.490707
0.490709
0.490711
0.490713
0.490715
0.490717
0.490719
0.490721
0.490723
0.490725
0.490727
0.490729
0.490731
0.490733
0.490735
0.490737
0.490739
0.490741
0.490743
0.490745
0.490747
0.490749
0.490751
0.490753
0.490755
0.490757
0.490758
0.490760
0.490762
0.490764
0.490766
0.490768
0.490770
0.490772
0.490774
0.490776
0.490778
0.490780
0.490782
0.490784
0.490786
0.490788
0.490790
0.490792
0.490794
0.490796
0.490797
0.490799
0.490801
0.490803
0.490805
0.490807
0.490809
0.490811
0.490813
0.490815
0.490817
0.490819
0.490821
0.490823
0.490825
0.490827
0.490828
0.490830
0.490832
0.490834
0.490836
0.490838
0.490840
0.490842
0.490844
0.490846
0.490848
0.490850
0.490852
0.490854
0.490856
0.490857
0.490859
0.490861
0.490863
0.490865
0.490867
0.490869
0.490871
0.490873
0.490875
0.490877
0.490879
0.490880
0.490882
0.490884
0.490886
0.490888
0.490890
0.490892
0.490894
0.490896
0.490898
0.490900
0.490902
0.490903
0.490905
0.490907
0.490909
0.490911
0.490913
0.490915
0.490917
0.490919
0.490921
0.490923
0.490924
0.490926
0.490928
0.490930
0.490932
0.490934
0.490936
0.490938
0.490940
0.490942
0.490943
0.490945
0.490947
0.490949
0.490951
0.490953
0.490955
0.490957
0.490959
0.490961
0.490962
0.490964
0.490966
0.490968
0.490970
0.490972
0.490974
0.490976
0.490978
0.490979
0.490981
0.490983
0.490985
0.490987
0.490989
0.490991
0.490993
0.490995
0.490996
0.490998
0.491000
0.491002
0.491004
0.491006
0.491008
0.491010
0.491012
0.491013
0.491015
0.491017
0.491019
0.491021
0.491023
0.491025
0.491027
0.491028
0.491030
0.491032
0.491034
0.491036
0.491038
0.491040
0.491042
0.491043
0.491045
0.491047
0.491049
0.491051
0.491053
0.491055
0.491056
0.491058
0.491060
0.491062
0.491064
0.491066
0.491068
0.491070
0.491071
0.491073
0.491075
0.491077
0.491079
0.491081
0.491083
0.491084
0.491086
0.491088
0.491090
0.491092
0.491094
0.491096
0.491097
0.491099
0.491101
0.491103
0.491105
0.491107
0.491109
0.491110
0.491112
0.491114
0.491116
0.491118
0.491120
0.491121
0.491123
0.491125
0.491127
0.491129
0.491131
0.491133
0.491134
0.491136
0.491138
0.491140
0.491142
0.491144
0.491145
0.491147
0.491149
0.491151
0.491153
0.491155
0.491157
0.491158
0.491160
0.491162
0.491164
0.491166
0.491168
0.491169
0.491171
0.491173
0.491175
0.491177
0.491179
0.491180
0.491182
0.491184
0.491186
0.491188
0.491190
0.491191
0.491193
0.491195
0.491197
0.491199
0.491200
0.491202
0.491204
0.491206
0.491208
0.491210
0.491211
0.491213
0.491215
0.491217
0.491219
0.491221
0.491222
0.491224
0.491226
0.491228
0.491230
0.491231
0.491233
0.491235
0.491237
0.491239
0.491241
0.491242
0.491244
0.491246
0.491248
0.491250
0.491251
0.491253
0.491253
0.491255
0.491257
0.491259
0.491260
0.491262
0.491264
0.491266
0.491268
0.491269
0.491271
0.491273
0.491275
0.491277
0.491278
0.491280
0.491282
0.491284
0.491286
0.491288
0.491289
0.491291
0.491293
0.491295
0.491296
0.491298
0.491300
0.491302
0.491304
0.491305
0.491307
0.491309
0.491311
0.491313
0.491314
0.491316
0.491318
0.491320
0.491322
0.491323
0.491325
0.491327
0.491329
0.491331
0.491332
0.491334
0.491336
0.491338
0.491340
0.491341
0.491343
0.491345
0.491347
0.491348
0.491350
0.491352
0.491354
0.491356
0.491357
0.491359
0.491361
0.491363
0.491364
0.491366
0.491368
0.491370
0.491372
0.491373
0.491375
0.491377
0.491379
0.491380
0.491382
0.491384
0.491386
0.491388
0.491389
0.491391
0.491393
0.491395
0.491396
0.491398
0.491400
0.491402
0.491404
0.491405
0.491407
0.491409
0.491411
0.491412
0.491414
0.491416
0.491418
0.491419
0.491421
0.491423
0.491425
0.491426
0.491428
0.491430
0.491432
0.491434
0.491435
0.491437
0.491439
0.491441
0.491442
0.491444
0.491446
0.491448
0.491449
0.491451
0.491453
0.491455
0.491456
0.491458
0.491460
0.491462
0.491463
0.491465
0.491467
0.491469
0.491470
0.491472
0.491474
0.491476
0.491477
0.491479
0.491481
0.491483
0.491484
0.491486
0.491488
0.491490
0.491491
0.491493
0.491495
0.491497
0.491498
0.491500
0.491502
0.491504
0.491505
0.491507
0.491509
0.491511
0.491512
0.491514
0.491516
0.491518
0.491519
0.491521
0.491523
0.491524
0.491526
0.491528
0.491530
0.491531
0.491533
0.491535
0.491537
0.491538
0.491540
0.491542
0.491544
0.491545
0.491547
0.491549
0.491550
0.491552
0.491554
0.491556
0.491557
0.491559
0.491561
0.491563
0.491564
0.491566
0.491568
0.491569
0.491571
0.491573
0.491575
0.491576
0.491578
0.491580
0.491582
0.491583
0.491585
0.491587
0.491588
0.491590
0.491592
0.491594
0.491595
0.491597
0.491599
0.491600
0.491602
0.491604
0.491606
0.491607
0.491609
0.491611
0.491612
0.491614
0.491616
0.491618
0.491619
0.491621
0.491623
0.491624
0.491626
0.491628
0.491630
0.491631
0.491633
0.491635
0.491636
0.491638
0.491640
0.491642
0.491643
0.491645
0.491647
0.491648
0.491650
0.491652
0.491653
0.491655
0.491657
0.491659
0.491660
0.491662
0.491664
0.491665
0.491667
0.491669
0.491670
0.491672
0.491674
0.491676
0.491677
0.491679
0.491681
0.491682
0.491684
0.491686
0.491687
0.491689
0.491691
0.491692
0.491694
0.491696
0.491698
0.491699
0.491701
0.491703
0.491704
0.491706
0.491708
0.491709
0.491711
0.491713
0.491714
0.491716
0.491718
0.491720
0.491721
0.491723
0.491725
0.491726
0.491728
0.491730
0.491731
0.491733
0.491735
0.491736
0.491738
0.491740
0.491741
0.491743
0.491745
0.491746
0.491748
0.491750
0.491751
0.491753
0.491755
0.491757
0.491758
0.491760
0.491762
0.491763
0.491765
0.491767
0.491768
0.491770
0.491772
0.491773
0.491775
0.491777
0.491778
0.491780
0.491782
0.491783
0.491785
0.491787
0.491788
0.491790
0.491792
0.491793
0.491795
0.491797
0.491798
0.491800
0.491802
0.491803
0.491805
0.491807
0.491808
0.491810
0.491812
0.491813
0.491815
0.491817
0.491818
0.491820
0.491822
0.491823
0.491825
0.491827
0.491828
0.491830
0.491832
0.491833
0.491835
0.491836
0.491838
0.491840
0.491841
0.491843
0.491845
0.491846
0.491848
0.491850
0.491851
0.491853
0.491855
0.491856
0.491858
0.491860
0.491861
0.491863
0.491865
0.491866
0.491868
0.491870
0.491871
0.491873
0.491874
0.491876
0.491878
0.491879
0.491881
0.491883
0.491884
0.491886
0.491888
0.491889
0.491891
0.491893
0.491894
0.491896
0.491897
0.491899
0.491901
0.491902
0.491904
0.491906
0.491907
0.491909
0.491911
0.491912
0.491914
0.491916
0.491917
0.491919
0.491920
0.491922
0.491924
0.491925
0.491927
0.491929
0.491930
0.491932
0.491933
0.491935
0.491937
0.491938
0.491940
0.491942
0.491943
0.491945
0.491947
0.491948
0.491950
0.491951
0.491953
0.491955
0.491956
0.491958
0.491960
0.491961
0.491963
0.491964
0.491966
0.491968
0.491969
0.491971
0.491973
0.491974
0.491976
0.491977
0.491979
0.491981
0.491982
0.491984
0.491986
0.491987
0.491989
0.491990
0.491992
0.491994
0.491995
0.491997
0.491998
0.492000
0.492002
0.492003
0.492005
0.492007
0.492008
0.492010
0.492011
0.492013
0.492015
0.492016
0.492018
0.492019
0.492021
0.492023
0.492024
0.492026
0.492028
0.492029
0.492031
0.492032
0.492034
0.492036
0.492037
0.492039
0.492040
0.492042
0.492044
0.492045
0.492047
0.492048
0.492050
0.492052
0.492053
0.492055
0.492056
0.492058
0.492060
0.492061
0.492063
0.492064
0.492066
0.492068
0.492069
0.492071
0.492072
0.492074
0.492076
0.492077
0.492079
0.492080
0.492082
0.492084
0.492085
0.492087
0.492088
0.492090
0.492092
0.492093
0.492095
0.492096
0.492098
0.492100
0.492100
0.492101
0.492103
0.492104
0.492106
0.492108
0.492109
0.492111
0.492112
0.492114
0.492115
0.492117
0.492119
0.492120
0.492122
0.492123
0.492125
0.492127
0.492128
0.492130
0.492131
0.492133
0.492134
0.492136
0.492138
0.492139
0.492141
0.492142
0.492144
0.492146
0.492147
0.492149
0.492150
0.492152
0.492153
0.492155
0.492157
0.492158
0.492160
0.492161
0.492163
0.492165
0.492166
0.492168
0.492169
0.492171
0.492172
0.492174
0.492176
0.492177
0.492179
0.492180
0.492182
0.492183
0.492185
0.492187
0.492188
0.492190
0.492191
0.492193
0.492194
0.492196
0.492198
0.492199
0.492201
0.492202
0.492204
0.492205
0.492207
0.492209
0.492210
0.492212
0.492213
0.492215
0.492216
0.492218
0.492219
0.492221
0.492223
0.492224
0.492226
0.492227
0.492229
0.492230
0.492232
0.492234
0.492235
0.492237
0.492238
0.492240
0.492241
0.492243
0.492244
0.492246
0.492248
0.492249
0.492251
0.492252
0.492254
0.492255
0.492257
0.492258
0.492260
0.492262
0.492263
0.492265
0.492266
0.492268
0.492269
0.492271
0.492272
0.492274
0.492276
0.492277
0.492279
0.492280
0.492282
0.492283
0.492285
0.492286
0.492288
0.492290
0.492291
0.492293
0.492294
0.492296
0.492297
0.492299
0.492300
0.492302
0.492303
0.492305
0.492307
0.492308
0.492310
0.492311
0.492313
0.492314
0.492316
0.492317
0.492319
0.492320
0.492322
0.492323
0.492325
0.492327
0.492328
0.492330
0.492331
0.492333
0.492334
0.492336
0.492337
0.492339
0.492340
0.492342
0.492343
0.492345
0.492347
0.492348
0.492350
0.492351
0.492353
0.492354
0.492356
0.492357
0.492359
0.492360
0.492362
0.492363
0.492365
0.492366
0.492368
0.492370
0.492371
0.492373
0.492374
0.492376
0.492377
0.492379
0.492380
0.492382
0.492383
0.492385
0.492386
0.492388
0.492389
0.492391
0.492392
0.492394
0.492395
0.492397
0.492399
0.492400
0.492402
0.492403
0.492405
0.492406
0.492408
0.492409
0.492411
0.492412
0.492414
0.492415
0.492417
0.492418
0.492420
0.492421
0.492423
0.492424
0.492426
0.492427
0.492429
0.492430
0.492432
0.492433
0.492435
0.492437
0.492438
0.492440
0.492441
0.492443
0.492444
0.492446
0.492447
0.492449
0.492450
0.492452
0.492453
0.492455
0.492456
0.492458
0.492459
0.492461
0.492462
0.492464
0.492465
0.492467
0.492468
0.492470
0.492471
0.492473
0.492474
0.492476
0.492477
0.492479
0.492480
0.492482
0.492483
0.492485
0.492486
0.492488
0.492489
0.492491
0.492492
0.492494
0.492495
0.492497
0.492498
0.492500
0.492501
0.492503
0.492504
0.492506
0.492507
0.492509
0.492510
0.492512
0.492513
0.492515
0.492516
0.492518
0.492519
0.492521
0.492522
0.492524
0.492525
0.492527
0.492528
0.492530
0.492531
0.492533
0.492534
0.492536
0.492537
0.492539
0.492540
0.492542
0.492543
0.492545
0.492546
0.492548
0.492549
0.492551
0.492552
0.492554
0.492555
0.492557
0.492558
0.492560
0.492561
0.492563
0.492564
0.492566
0.492567
0.492569
0.492570
0.492572
0.492573
0.492575
0.492576
0.492577
0.492579
0.492580
0.492582
0.492583
0.492585
0.492586
0.492588
0.492589
0.492591
0.492592
0.492594
0.492595
0.492597
0.492598
0.492600
0.492601
0.492603
0.492604
0.492606
0.492607
0.492609
0.492610
0.492612
0.492613
0.492615
0.492616
0.492617
0.492619
0.492620
0.492622
0.492623
0.492625
0.492626
0.492628
0.492629
0.492631
0.492632
0.492634
0.492635
0.492637
0.492638
0.492640
0.492641
0.492642
0.492644
0.492645
0.492647
0.492648
0.492650
0.492651
0.492653
0.492654
0.492656
0.492657
0.492659
0.492660
0.492662
0.492663
0.492665
0.492666
0.492667
0.492669
0.492670
0.492672
0.492673
0.492675
0.492676
0.492678
0.492679
0.492681
0.492682
0.492684
0.492685
0.492686
0.492688
0.492689
0.492691
0.492692
0.492694
0.492695
0.492697
0.492698
0.492700
0.492701
0.492703
0.492704
0.492705
0.492707
0.492708
0.492710
0.492711
0.492713
0.492714
0.492716
0.492717
0.492719
0.492720
0.492721
0.492723
0.492724
0.492726
0.492727
0.492729
0.492730
0.492732
0.492733
0.492735
0.492736
0.492737
0.492739
0.492740
0.492742
0.492743
0.492745
0.492746
0.492748
0.492749
0.492750
0.492752
0.492753
0.492755
0.492756
0.492758
0.492759
0.492761
0.492762
0.492763
0.492765
0.492766
0.492768
0.492769
0.492771
0.492772
0.492774
0.492775
0.492776
0.492778
0.492779
0.492781
0.492782
0.492784
0.492785
0.492787
0.492788
0.492789
0.492791
0.492792
0.492794
0.492795
0.492797
0.492798
0.492800
0.492801
0.492802
0.492804
0.492805
0.492807
0.492808
0.492810
0.492811
0.492812
0.492814
0.492815
0.492817
0.492818
0.492820
0.492821
0.492822
0.492824
0.492825
0.492827
0.492828
0.492830
0.492831
0.492833
0.492834
0.492835
0.492837
0.492838
0.492840
0.492841
0.492843
0.492844
0.492845
0.492847
0.492848
0.492850
0.492851
0.492851
0.492853
0.492854
0.492855
0.492857
0.492858
0.492860
0.492861
0.492862
0.492864
0.492865
0.492867
0.492868
0.492870
0.492871
0.492872
0.492874
0.492875
0.492877
0.492878
0.492880
0.492881
0.492882
0.492884
0.492885
0.492887
0.492888
0.492890
0.492891
0.492892
0.492894
0.492895
0.492897
0.492898
0.492899
0.492901
0.492902
0.492904
0.492905
0.492907
0.492908
0.492909
0.492911
0.492912
0.492914
0.492915
0.492916
0.492918
0.492919
0.492921
0.492922
0.492923
0.492925
0.492926
0.492928
0.492929
0.492931
0.492932
0.492933
0.492935
0.492936
0.492938
0.492939
0.492940
0.492942
0.492943
0.492945
0.492946
0.492947
0.492949
0.492950
0.492952
0.492953
0.492955
0.492956
0.492957
0.492959
0.492960
0.492962
0.492963
0.492964
0.492966
0.492967
0.492969
0.492970
0.492971
0.492973
0.492974
0.492976
0.492977
0.492978
0.492980
0.492981
0.492983
0.492984
0.492985
0.492987
0.492988
0.492990
0.492991
0.492992
0.492994
0.492995
0.492997
0.492998
0.492999
0.493001
0.493002
0.493004
0.493005
0.493006
0.493008
0.493009
0.493011
0.493012
0.493013
0.493015
0.493016
0.493018
0.493019
0.493020
0.493022
0.493023
0.493024
0.493026
0.493027
0.493029
0.493030
0.493031
0.493033
0.493034
0.493036
0.493037
0.493038
0.493040
0.493041
0.493043
0.493044
0.493045
0.493047
0.493048
0.493050
0.493051
0.493052
0.493054
0.493055
0.493056
0.493058
0.493059
0.493061
0.493062
0.493063
0.493065
0.493066
0.493068
0.493069
0.493070
0.493072
0.493073
0.493074
0.493076
0.493077
0.493079
0.493080
0.493081
0.493083
0.493084
0.493085
0.493087
0.493088
0.493090
0.493091
0.493092
0.493094
0.493095
0.493097
0.493098
0.493099
0.493101
0.493102
0.493103
0.493105
0.493106
0.493108
0.493109
0.493110
0.493112
0.493113
0.493114
0.493116
0.493117
0.493119
0.493120
0.493121
0.493123
0.493124
0.493125
0.493127
0.493128
0.493130
0.493131
0.493132
0.493134
0.493135
0.493136
0.493138
0.493139
0.493141
0.493142
0.493143
0.493145
0.493146
0.493147
0.493149
0.493150
0.493151
0.493153
0.493154
0.493156
0.493157
0.493158
0.493160
0.493161
0.493162
0.493164
0.493165
0.493166
0.493168
0.493169
0.493171
0.493172
0.493173
0.493175
0.493176
0.493177
0.493179
0.493180
0.493181
0.493183
0.493184
0.493186
0.493187
0.493188
0.493190
0.493191
0.493192
0.493194
0.493195
0.493196
0.493198
0.493199
0.493201
0.493202
0.493203
0.493205
0.493206
0.493207
0.493209
0.493210
0.493211
0.493213
0.493214
0.493215
0.493217
0.493218
0.493220
0.493221
0.493222
0.493224
0.493225
0.493226
0.493228
0.493229
0.493230
0.493232
0.493233
0.493234
0.493236
0.493237
0.493238
0.493240
0.493241
0.493243
0.493244
0.493245
0.493247
0.493248
0.493249
0.493251
0.493252
0.493253
0.493255
0.493256
0.493257
0.493259
0.493260
0.493261
0.493263
0.493264
0.493265
0.493267
0.493268
0.493270
0.493271
0.493272
0.493274
0.493275
0.493276
0.493278
0.493279
0.493280
0.493282
0.493283
0.493284
0.493286
0.493287
0.493288
0.493290
0.493291
0.493292
0.493294
0.493295
0.493296
0.493298
0.493299
0.493300
0.493302
0.493303
0.493304
0.493306
0.493307
0.493308
0.493310
0.493311
0.493312
0.493314
0.493315
0.493316
0.493318
0.493319
0.493320
0.493322
0.493323
0.493324
0.493326
0.493327
0.493328
0.493330
0.493331
0.493332
0.493334
0.493335
0.493336
0.493338
0.493339
0.493340
0.493342
0.493343
0.493344
0.493346
0.493347
0.493348
0.493350
0.493351
0.493352
0.493354
0.493355
0.493356
0.493358
0.493359
0.493360
0.493362
0.493363
0.493364
0.493366
0.493367
0.493368
0.493370
0.493371
0.493372
0.493374
0.493375
0.493376
0.493378
0.493379
0.493380
0.493382
0.493383
0.493384
0.493386
0.493387
0.493388
0.493390
0.493391
0.493392
0.493394
0.493395
0.493396
0.493398
0.493399
0.493400
0.493402
0.493403
0.493404
0.493406
0.493407
0.493408
0.493409
0.493411
0.493412
0.493413
0.493415
0.493416
0.493417
0.493419
0.493420
0.493421
0.493423
0.493424
0.493425
0.493427
0.493428
0.493429
0.493431
0.493432
0.493433
0.493435
0.493436
0.493437
0.493438
0.493440
0.493441
0.493442
0.493444
0.493445
0.493446
0.493448
0.493449
0.493450
0.493452
0.493453
0.493454
0.493456
0.493457
0.493458
0.493459
0.493461
0.493462
0.493463
0.493465
0.493466
0.493467
0.493469
0.493470
0.493471
0.493473
0.493474
0.493475
0.493476
0.493478
0.493479
0.493480
0.493482
0.493483
0.493484
0.493486
0.493487
0.493488
0.493490
0.493491
0.493492
0.493493
0.493495
0.493496
0.493497
0.493499
0.493500
0.493501
0.493503
0.493504
0.493505
0.493507
0.493508
0.493509
0.493510
0.493512
0.493513
0.493514
0.493516
0.493517
0.493518
0.493520
0.493521
0.493522
0.493523
0.493525
0.493526
0.493527
0.493529
0.493530
0.493530
