0.708200
0.711071
0.712325
0.713102
0.713740
0.714320
0.714870
0.715404
0.715930
0.716450
0.716966
0.717476
0.717975
0.718458
0.718916
0.719337
0.719707
0.720007
0.720217
0.720317
0.720285
0.720099
0.719744
0.719208
0.718488
0.717587
0.716522
0.715319
0.714012
0.712640
0.711247
0.709876
0.708567
0.707356
0.706273
0.705341
0.704577
0.703992
0.703589
0.703368
0.703322
0.703443
0.703720
0.704140
0.704690
0.705359
0.706135
0.707011
0.707981
0.709040
0.710185
0.711408
0.712702
0.714056
0.715456
0.716888
0.718333
0.719765
0.721155
0.722464
0.723639
0.724619
0.725334
0.725733
0.725807
0.725599
0.725186
0.724655
0.724077
0.723503
0.722960
0.722462
0.722009
0.721599
0.721226
0.720884
0.720565
0.720264
0.719977
0.719699
0.719427
0.719157
0.718889
0.718619
0.718348
0.718074
0.717798
0.717518
0.717236
0.716950
0.716663
0.716373
0.716083
0.715791
0.715499
0.715207
0.714916
0.714626
0.714338
0.714052
0.713768
0.713487
0.713209
0.712935
0.712664
0.712398
0.712135
0.711876
0.711622
0.711371
0.711125
0.710883
0.710645
0.710412
0.710183
0.709959
0.709740
0.709526
0.709317
0.709115
0.708915
0.708726
0.708564
0.708394
0.708227
0.708082
0.707916
0.707768
0.707664
0.707560
0.707453
0.707369
0.707309
0.707274
0.707269
0.707300
0.707369
0.707482
0.707641
0.707849
0.708109
0.708419
0.708780
0.709187
0.709639
0.710131
0.710660
0.711220
0.711808
0.712418
0.713047
0.713691
0.714345
0.715005
0.715669
0.716333
0.716993
0.717647
0.718292
0.718925
0.719544
0.720146
0.720727
0.721287
0.721822
0.722330
0.722810
0.723260
0.723678
0.724065
0.724417
0.724737
0.725021
0.725271
0.725487
0.725669
0.725817
0.725934
0.726019
0.726073
0.726098
0.726095
0.726066
0.726013
0.725938
0.725843
0.725729
0.725599
0.725452
0.725292
0.725120
0.724936
0.724744
0.724545
0.724340
0.724133
0.723923
0.723714
0.723506
0.723300
0.723097
0.722897
0.722698
0.722497
0.722295
0.722091
0.721889
0.721693
0.721504
0.721328
0.721166
0.721023
0.720898
0.720780
0.720661
0.720542
0.720432
0.720333
0.720245
0.720162
0.720072
0.719965
0.719835
0.719692
0.719548
0.719407
0.719273
0.719144
0.719022
0.718904
0.718791
0.718683
0.718578
0.718477
0.718379
0.718285
0.718194
0.718105
0.718020
0.717938
0.717859
0.717782
0.717709
0.717634
0.717604
0.717552
0.717431
0.717363
0.717550
0.717606
0.717434
0.717418
0.717312
0.717246
0.717199
0.717137
0.717063
0.716976
0.716882
0.716780
0.716673
0.716560
0.716442
0.716320
0.716195
0.716066
0.715936
0.715802
0.715668
0.715530
0.715392
0.715252
0.715111
0.714968
0.714824
0.714678
0.714530
0.714379
0.714226
0.714069
0.713908
0.713744
0.713578
0.713409
0.713238
0.713066
0.712893
0.712719
0.712546
0.712374
0.712203
0.712034
0.711866
0.711699
0.711533
0.711369
0.711207
0.711046
0.710888
0.710733
0.710733
0.710583
0.710437
0.710297
0.710163
0.710035
0.709915
0.709802
0.709699
0.709606
0.709526
0.709459
0.709406
0.709365
0.709336
0.709316
0.709303
0.709297
0.709296
0.709299
0.709307
0.709319
0.709334
0.709353
0.709374
0.709398
0.709424
0.709451
0.709481
0.709512
0.709546
0.709580
0.709617
0.709652
0.709693
0.709728
0.709772
0.709805
0.709853
0.709883
0.709935
0.709961
0.710017
0.710038
0.710097
0.710114
0.710174
0.710188
0.710247
0.710260
0.710318
0.710330
0.710388
0.710399
0.710459
0.710468
0.710530
0.710534
0.710596
0.710592
0.710657
0.710644
0.710711
0.710687
0.710753
0.710722
0.710782
0.710746
0.710799
0.710762
0.710806
0.710773
0.710807
0.710781
0.710804
0.710788
0.710801
0.710795
0.710802
0.710799
0.710800
0.710795
0.710792
0.710783
0.710776
0.710762
0.710752
0.710732
0.710718
0.710690
0.710675
0.710637
0.710623
0.710575
0.710564
0.710508
0.710500
0.710440
0.710430
0.710371
0.710354
0.710298
0.710274
0.710224
0.710193
0.710149
0.710114
0.710075
0.710039
0.710002
0.709967
0.709932
0.709898
0.709864
0.709832
0.709801
0.709770
0.709741
0.709712
0.709683
0.709655
0.709628
0.709600
0.709573
0.709546
0.709519
0.709493
0.709466
0.709439
0.709413
0.709386
0.709360
0.709333
0.709307
0.709282
0.709256
0.709231
0.709206
0.709181
0.709157
0.709134
0.709110
0.709087
0.709065
0.709043
0.709022
0.709000
0.708979
0.708959
0.708938
0.708918
0.708897
0.708876
0.708855
0.708833
0.708810
0.708786
0.708761
0.708734
0.708706
0.708675
0.708643
0.708608
0.708571
0.708532
0.708490
0.708447
0.708401
0.708353
0.708302
0.708250
0.708196
0.708141
0.708084
0.708025
0.707965
0.707905
0.707843
0.707781
0.707718
0.707655
0.707592
0.707528
0.707464
0.707401
0.707337
0.707274
0.707211
0.707149
0.707086
0.707025
0.706963
0.706903
0.706842
0.706783
0.706723
0.706665
0.706607
0.706549
0.706492
0.706436
0.706380
0.706324
0.706269
0.706215
0.706161
0.706108
0.706055
0.706002
0.705950
0.705898
0.705846
0.705795
0.705744
0.705693
0.705641
0.705590
0.705539
0.705487
0.705435
0.705383
0.705330
0.705277
0.705222
0.705168
0.705112
0.705055
0.704998
0.704939
0.704879
0.704818
0.704757
0.704693
0.704629
0.704564
0.704498
0.704431
0.704362
0.704293
0.704224
0.704153
0.704082
0.704011
0.703938
0.703866
0.703793
0.703720
0.703647
0.703573
0.703499
0.703424
0.703348
0.703268
0.703180
0.703068
0.702900
0.702756
0.702733
0.702687
0.702617
0.702545
0.702476
0.702409
0.702346
0.702285
0.702228
0.702174
0.702123
0.702075
0.702029
0.701986
0.701946
0.701908
0.701873
0.701840
0.701808
0.701778
0.701750
0.701723
0.701696
0.701670
0.701643
0.701616
0.701588
0.701559
0.701527
0.701494
0.701457
0.701418
0.701376
0.701330
0.701281
0.701229
0.701174
0.701116
0.701055
0.700991
0.700926
0.700857
0.700787
0.700787
0.700715
0.700641
0.700565
0.700488
0.700409
0.700330
0.700249
0.700167
0.700085
0.700002
0.699918
0.699833
0.699748
0.699663
0.699577
0.699491
0.699405
0.699319
0.699232
0.699146
0.699059
0.698973
0.698887
0.698800
0.698714
0.698628
0.698542
0.698456
0.698371
0.698285
0.698200
0.698114
0.698029
0.697943
0.697857
0.697772
0.697686
0.697600
0.697513
0.697427
0.697340
0.697252
0.697164
0.697076
0.696987
0.696897
0.696807
0.696716
0.696624
0.696532
0.696439
0.696345
0.696251
0.696155
0.696060
0.695963
0.695866
0.695768
0.695669
0.695570
0.695470
0.695370
0.695269
0.695167
0.695065
0.694963
0.694860
0.694757
0.694654
0.694550
0.694446
0.694341
0.694237
0.694132
0.694027
0.693921
0.693816
0.693710
0.693604
0.693498
0.693392
0.693286
0.693180
0.693073
0.692967
0.692860
0.692753
0.692646
0.692539
0.692432
0.692325
0.692218
0.692111
0.692003
0.691896
0.691788
0.691681
0.691573
0.691465
0.691358
0.691250
0.691142
0.691034
0.690926
0.690818
0.690710
0.690602
0.690494
0.690386
0.690278
0.690170
0.690062
0.689954
0.689846
0.689738
0.689630
0.689522
0.689415
0.689307
0.689200
0.689093
0.688985
0.688878
0.688771
0.688665
0.688558
0.688452
0.688346
0.688240
0.688134
0.688028
0.687923
0.687818
0.687713
0.687608
0.687504
0.687400
0.687296
0.687192
0.687089
0.686986
0.686883
0.686781
0.686679
0.686577
0.686476
0.686375
0.686274
0.686174
0.686073
0.685974
0.685874
0.685775
0.685676
0.685578
0.685480
0.685382
0.685285
0.685188
0.685092
0.684996
0.684900
0.684805
0.684710
0.684615
0.684521
0.684427
0.684334
0.684241
0.684149
0.684057
0.683965
0.683874
0.683784
0.683693
0.683604
0.683514
0.683426
0.683337
0.683249
0.683162
0.683075
0.682989
0.682903
0.682818
0.682733
0.682648
0.682565
0.682481
0.682399
0.682316
0.682235
0.682153
0.682073
0.681992
0.681913
0.681834
0.681755
0.681677
0.681599
0.681522
0.681445
0.681369
0.681294
0.681218
0.681144
0.681070
0.680996
0.680923
0.680850
0.680778
0.680706
0.680635
0.680564
0.680494
0.680424
0.680355
0.680286
0.680217
0.680149
0.680082
0.680015
0.679948
0.679882
0.679817
0.679752
0.679687
0.679623
0.679559
0.679496
0.679433
0.679370
0.679309
0.679248
0.679188
0.679129
0.679072
0.679016
0.678963
0.678911
0.678861
0.678813
0.678767
0.678722
0.678678
0.678636
0.678595
0.678555
0.678517
0.678479
0.678442
0.678406
0.678371
0.678337
0.678303
0.678270
0.678238
0.678206
0.678174
0.678143
0.678112
0.678081
0.678050
0.678020
0.677989
0.677958
0.677927
0.677895
0.677864
0.677831
0.677799
0.677766
0.677732
0.677699
0.677664
0.677630
0.677595
0.677559
0.677523
0.677487
0.677451
