-0.600274
-0.244983
-0.255826
-0.259088
-0.260617
-0.261648
-0.262443
-0.263075
-0.263578
-0.263973
-0.264277
-0.264504
-0.264666
-0.264773
-0.264834
-0.264855
-0.264844
-0.264806
-0.264746
-0.264666
-0.264572
-0.264466
-0.264351
-0.264229
-0.264101
-0.263971
-0.263838
-0.263705
-0.263573
-0.263442
-0.263313
-0.263187
-0.263065
-0.262947
-0.262833
-0.262724
-0.262620
-0.262521
-0.262427
-0.262338
-0.262255
-0.262177
-0.262105
-0.262037
-0.261975
-0.261918
-0.261865
-0.261818
-0.261774
-0.261736
-0.261701
-0.261670
-0.261643
-0.261620
-0.261600
-0.261583
-0.261569
-0.261557
-0.261548
-0.261541
-0.261536
-0.261533
-0.261531
-0.261530
-0.261531
-0.261532
-0.261534
-0.261537
-0.261540
-0.261543
-0.261546
-0.261549
-0.261551
-0.261552
-0.261553
-0.261553
-0.261552
-0.261550
-0.261546
-0.261541
-0.261534
-0.261526
-0.261516
-0.261504
-0.261490
-0.261474
-0.261455
-0.261435
-0.261412
-0.261388
-0.261360
-0.261330
-0.261298
-0.261264
-0.261226
-0.261187
-0.261144
-0.261099
-0.261052
-0.261002
-0.260949
-0.260894
-0.260836
-0.260776
-0.260713
-0.260648
-0.260580
-0.260509
-0.260437
-0.260362
-0.260284
-0.260204
-0.260122
-0.260038
-0.259951
-0.259863
-0.259772
-0.259679
-0.259584
-0.259488
-0.259389
-0.259289
-0.259186
-0.259082
-0.258977
-0.258869
-0.258761
-0.258650
-0.258539
-0.258425
-0.258311
-0.258195
-0.258078
-0.257960
-0.257841
-0.257720
-0.257599
-0.257476
-0.257353
-0.257229
-0.257104
-0.256978
-0.256852
-0.256725
-0.256597
-0.256469
-0.256340
-0.256211
-0.256081
-0.255951
-0.255820
-0.255689
-0.255558
-0.255427
-0.255295
-0.255163
-0.255031
-0.254899
-0.254767
-0.254635
-0.254503
-0.254371
-0.254239
-0.254106
-0.253974
-0.253843
-0.253711
-0.253579
-0.253448
-0.253317
-0.253186
-0.253055
-0.252925
-0.252795
-0.252665
-0.252535
-0.252406
-0.252277
-0.252149
-0.252021
-0.251893
-0.251766
-0.251639
-0.251512
-0.251386
-0.251261
-0.251136
-0.251011
-0.250887
-0.250763
-0.250640
-0.250517
-0.250395
-0.250273
-0.250152
-0.250031
-0.249911
-0.249792
-0.249672
-0.249554
-0.249436
-0.249318
-0.249201
-0.249084
-0.248968
-0.248853
-0.248738
-0.248623
-0.248509
-0.248396
-0.248283
-0.248171
-0.248059
-0.247947
-0.247836
-0.247726
-0.247616
-0.247507
-0.247398
-0.247290
-0.247182
-0.247074
-0.246968
-0.246861
-0.246755
-0.246650
-0.246545
-0.246440
-0.246336
-0.246233
-0.246129
-0.246027
-0.245925
-0.245823
-0.245721
-0.245620
-0.245520
-0.245420
-0.245320
-0.245221
-0.245122
-0.245023
-0.244925
-0.244828
-0.244730
-0.244633
-0.244537
-0.244441
-0.244345
-0.244249
-0.244154
-0.244059
-0.243965
-0.243871
-0.243777
-0.243684
-0.243591
-0.243498
-0.243405
-0.243313
-0.243221
-0.243130
-0.243039
-0.242948
-0.242857
-0.242767
-0.242676
-0.242587
-0.242497
-0.242408
-0.242319
-0.242230
-0.242141
-0.242053
-0.241965
-0.241877
-0.241790
-0.241703
-0.241615
-0.241529
-0.241442
-0.241355
-0.241269
-0.241183
-0.241098
-0.241012
-0.240927
-0.240841
-0.240756
-0.240672
-0.240587
-0.240502
-0.240418
-0.240334
-0.240250
-0.240166
-0.240083
-0.240000
-0.239916
-0.239833
-0.239750
-0.239667
-0.239585
-0.239502
-0.239420
-0.239338
-0.239256
-0.239174
-0.239092
-0.239010
-0.238929
-0.238847
-0.238766
-0.238685
-0.238604
-0.238523
-0.238442
-0.238361
-0.238281
-0.238200
-0.238120
-0.238039
-0.237959
-0.237879
-0.237799
-0.237719
-0.237639
-0.237559
-0.237479
-0.237399
-0.237320
-0.237240
-0.237161
-0.237081
-0.237002
-0.236923
-0.236843
-0.236764
-0.236685
-0.236606
-0.236527
-0.236448
-0.236369
-0.236290
-0.236211
-0.236132
-0.236053
-0.235974
-0.235895
-0.235816
-0.235737
-0.235658
-0.235579
-0.235500
-0.235421
-0.235342
-0.235263
-0.235184
-0.235105
-0.235026
-0.234946
-0.234867
-0.234788
-0.234708
-0.234629
-0.234549
-0.234470
-0.234390
-0.234310
-0.234230
-0.234150
-0.234070
-0.233990
-0.233910
-0.233829
-0.233749
-0.233668
-0.233587
-0.233506
-0.233425
-0.233343
-0.233262
-0.233180
-0.233098
-0.233016
-0.232933
-0.232850
-0.232768
-0.232684
-0.232601
-0.232517
-0.232433
-0.232349
-0.232265
-0.232180
-0.232095
-0.232009
-0.231924
-0.231838
-0.231751
-0.231664
-0.231577
-0.231490
-0.231402
-0.231314
-0.231225
-0.231136
-0.231046
-0.230956
-0.230866
-0.230775
-0.230683
-0.230591
-0.230499
-0.230406
-0.230313
-0.230219
-0.230124
-0.230029
-0.229934
-0.229838
-0.229741
-0.229644
-0.229546
-0.229447
-0.229348
-0.229248
-0.229148
-0.229047
-0.228945
-0.228842
-0.228739
-0.228635
-0.228531
-0.228426
-0.228320
-0.228213
-0.228106
-0.227997
-0.227888
-0.227779
-0.227668
-0.227557
-0.227445
-0.227332
-0.227218
-0.227104
-0.226988
-0.226872
-0.226755
-0.226637
-0.226519
-0.226399
-0.226279
-0.226158
-0.226035
-0.225912
-0.225788
-0.225663
-0.225538
-0.225411
-0.225284
-0.225155
-0.225026
-0.224895
-0.224764
-0.224632
-0.224499
-0.224365
-0.224230
-0.224094
-0.223957
-0.223819
-0.223680
-0.223540
-0.223399
-0.223258
-0.223115
-0.222971
-0.222827
-0.222681
-0.222534
-0.222387
-0.222238
-0.222089
-0.221938
-0.221787
-0.221634
-0.221481
-0.221327
-0.221171
-0.221015
-0.220858
-0.220700
-0.220541
-0.220381
-0.220220
-0.220058
-0.219895
-0.219732
-0.219732
-0.219567
-0.219402
-0.219235
-0.219068
-0.218900
-0.218731
-0.218561
-0.218390
-0.218219
-0.218047
-0.217873
-0.217699
-0.217525
-0.217349
-0.217173
-0.216996
-0.216818
-0.216640
-0.216461
-0.216281
-0.216100
-0.215919
-0.215737
-0.215554
-0.215371
-0.215187
-0.215002
-0.214817
-0.214631
-0.214445
-0.214258
-0.214071
-0.213883
-0.213694
-0.213505
-0.213315
-0.213125
-0.212934
-0.212743
-0.212552
-0.212359
-0.212167
-0.211974
-0.211780
-0.211586
-0.211392
-0.211197
-0.211002
-0.210807
-0.210611
-0.210414
-0.210218
-0.210021
-0.209823
-0.209625
-0.209427
-0.209229
-0.209030
-0.208831
-0.208632
-0.208432
-0.208232
-0.208032
-0.207831
-0.207630
-0.207429
-0.207228
-0.207026
-0.206824
-0.206622
-0.206420
-0.206217
-0.206014
-0.205811
-0.205608
-0.205405
-0.205201
-0.204997
-0.204793
-0.204589
-0.204385
-0.204180
-0.203975
-0.203770
-0.203565
-0.203360
-0.203155
-0.202949
-0.202744
-0.202538
-0.202332
-0.202126
-0.201920
-0.201713
-0.201507
-0.201301
-0.201094
-0.200888
-0.200681
-0.200474
-0.200267
-0.200060
-0.199853
-0.199646
-0.199439
-0.199232
-0.199025
-0.198818
-0.198611
-0.198403
-0.198196
-0.197989
-0.197782
-0.197574
-0.197367
-0.197160
-0.196952
-0.196745
-0.196538
-0.196331
-0.196124
-0.195916
-0.195709
-0.195502
-0.195295
-0.195088
-0.194882
-0.194675
-0.194468
-0.194261
-0.194055
-0.193849
-0.193642
-0.193436
-0.193230
-0.193024
-0.192818
-0.192612
-0.192407
-0.192201
-0.191996
-0.191791
-0.191585
-0.191381
-0.191176
-0.190971
-0.190767
-0.190563
-0.190359
-0.190155
-0.189952
-0.189748
-0.189545
-0.189342
-0.189140
-0.188937
-0.188735
-0.188533
-0.188332
-0.188130
-0.187929
-0.187729
-0.187528
-0.187328
-0.187128
-0.186929
-0.186730
-0.186531
-0.186332
-0.186134
-0.185937
-0.185739
-0.185543
-0.185346
-0.185150
-0.184954
-0.184759
-0.184565
-0.184370
-0.184177
-0.183983
-0.183791
-0.183598
-0.183407
-0.183216
-0.183025
-0.182835
-0.182646
-0.182457
-0.182269
-0.182082
-0.181895
-0.181709
-0.181524
-0.181340
-0.181156
-0.180973
-0.180791
-0.180610
-0.180430
-0.180250
-0.180072
-0.179894
-0.179718
-0.179543
-0.179368
-0.179195
-0.179023
-0.178852
-0.178682
-0.178514
-0.178347
-0.178181
-0.178017
-0.177854
-0.177693
-0.177533
-0.177375
-0.177219
-0.177064
-0.176911
-0.176760
-0.176611
-0.176464
-0.176320
-0.176177
-0.176037
-0.175899
-0.175763
-0.175630
-0.175500
-0.175372
-0.175248
-0.175126
-0.175007
-0.174892
-0.174780
-0.174672
-0.174567
-0.174466
-0.174369
-0.174275
-0.174187
-0.174102
-0.174022
-0.173947
-0.173877
-0.173812
-0.173752
-0.173698
-0.173649
-0.173606
-0.173569
-0.173539
-0.173514
-0.173497
-0.173486
-0.173482
-0.173485
-0.173495
-0.173512
-0.173537
-0.173570
-0.173610
-0.173657
-0.173712
-0.173775
-0.173845
-0.173922
-0.174007
-0.174099
-0.174198
-0.174303
-0.174414
-0.174531
-0.174654
-0.174782
-0.174914
-0.175051
-0.175190
-0.175333
-0.175477
-0.175624
-0.175771
-0.175918
-0.176065
-0.176210
-0.176354
-0.176496
-0.176634
-0.176768
-0.176899
-0.177024
-0.177144
-0.177259
-0.177367
-0.177469
-0.177564
-0.177652
-0.177733
-0.177807
-0.177873
-0.177931
-0.177982
-0.178025
-0.178061
-0.178090
-0.178111
-0.178124
-0.178131
-0.178131
-0.178124
-0.178110
-0.178090
-0.178064
-0.178032
-0.177994
-0.177951
-0.177903
-0.177850
-0.177792
-0.177730
-0.177663
-0.177592
-0.177518
-0.177440
-0.177359
-0.177275
-0.177188
-0.177098
-0.177006
-0.176911
-0.176815
-0.176717
-0.176617
-0.176515
-0.176412
-0.176308
-0.176204
-0.176098
-0.175991
-0.175884
-0.175777
-0.175669
-0.175561
-0.175453
-0.175345
-0.175237
-0.175130
-0.175023
-0.174916
-0.174810
-0.174704
-0.174599
-0.174495
-0.174392
-0.174290
-0.174188
-0.174088
-0.173988
-0.173890
-0.173793
-0.173697
-0.173602
-0.173508
-0.173416
-0.173325
-0.173235
-0.173147
-0.173060
-0.172974
-0.172890
-0.172807
-0.172726
-0.172646
-0.172568
-0.172491
-0.172415
-0.172341
-0.172269
-0.172197
-0.172128
-0.172060
-0.171993
-0.171927
-0.171864
-0.171801
-0.171740
-0.171681
-0.171623
-0.171566
-0.171511
-0.171457
-0.171404
-0.171353
-0.171303
-0.171255
-0.171208
-0.171162
-0.171117
-0.171074
-0.171033
-0.170992
-0.170953
-0.170915
-0.170878
-0.170842
-0.170808
-0.170775
-0.170743
-0.170712
-0.170683
-0.170654
-0.170627
-0.170601
-0.170576
-0.170552
-0.170529
-0.170508
-0.170487
-0.170468
-0.170449
-0.170431
-0.170415
-0.170400
-0.170385
-0.170372
-0.170359
-0.170348
-0.170337
-0.170328
-0.170319
-0.170311
-0.170304
-0.170298
-0.170293
-0.170289
-0.170286
-0.170284
-0.170282
-0.170281
-0.170282
-0.170283
-0.170284
-0.170287
-0.170291
-0.170295
-0.170300
-0.170306
-0.170312
-0.170320
-0.170328
-0.170337
-0.170347
-0.170357
-0.170368
-0.170380
-0.170393
-0.170406
-0.170420
-0.170435
-0.170451
-0.170467
-0.170484
-0.170501
-0.170519
-0.170538
-0.170558
-0.170578
-0.170599
-0.170620
-0.170643
-0.170665
-0.170689
-0.170713
-0.170738
-0.170763
-0.170789
-0.170815
-0.170843
-0.170870
-0.170899
-0.170927
-0.170957
-0.170987
-0.171018
-0.171049
-0.171081
-0.171113
-0.171146
-0.171179
-0.171213
-0.171248
-0.171283
-0.171318
-0.171354
-0.171391
-0.171428
-0.171466
-0.171466
-0.171504
-0.171543
-0.171582
-0.171621
-0.171661
-0.171702
-0.171743
-0.171784
-0.171826
-0.171869
-0.171912
-0.171955
-0.171999
-0.172043
-0.172087
-0.172132
-0.172178
-0.172224
-0.172270
-0.172316
-0.172363
-0.172411
-0.172459
-0.172507
-0.172555
-0.172604
-0.172653
-0.172703
-0.172753
-0.172803
-0.172854
-0.172905
-0.172956
-0.173008
-0.173060
-0.173112
-0.173164
-0.173217
-0.173270
-0.173324
-0.173377
-0.173431
-0.173485
-0.173540
-0.173594
-0.173649
-0.173704
-0.173760
-0.173815
-0.173871
-0.173927
-0.173983
-0.174040
-0.174096
-0.174153
-0.174210
-0.174267
-0.174325
-0.174382
-0.174440
-0.174498
-0.174556
-0.174614
-0.174672
-0.174730
-0.174789
-0.174847
-0.174906
-0.174965
-0.175024
-0.175083
-0.175142
-0.175201
-0.175260
-0.175319
-0.175378
-0.175438
-0.175497
-0.175557
-0.175616
-0.175676
-0.175735
-0.175795
-0.175854
-0.175914
-0.175973
-0.176033
-0.176092
-0.176152
-0.176211
-0.176271
-0.176330
-0.176389
-0.176449
-0.176508
-0.176567
-0.176626
-0.176685
-0.176744
-0.176803
-0.176862
-0.176921
-0.176979
-0.177038
-0.177096
-0.177154
-0.177212
-0.177270
-0.177328
-0.177386
-0.177444
-0.177501
-0.177558
-0.177615
-0.177672
-0.177729
-0.177786
-0.177842
-0.177899
-0.177955
-0.178010
-0.178066
-0.178121
-0.178177
-0.178232
-0.178287
-0.178341
-0.178395
-0.178450
-0.178503
-0.178557
-0.178610
-0.178664
-0.178716
-0.178769
-0.178821
-0.178873
-0.178925
-0.178977
-0.179028
-0.179079
-0.179130
-0.179180
-0.179230
-0.179280
-0.179329
-0.179378
-0.179427
-0.179476
-0.179524
-0.179572
-0.179619
-0.179666
-0.179713
-0.179760
-0.179806
-0.179852
-0.179897
-0.179942
-0.179987
-0.180031
-0.180075
-0.180119
-0.180162
-0.180205
-0.180248
-0.180290
-0.180332
-0.180373
-0.180414
-0.180455
-0.180495
-0.180535
-0.180574
-0.180613
-0.180652
-0.180690
-0.180728
-0.180765
-0.180802
-0.180838
-0.180875
-0.180910
-0.180945
-0.180980
-0.181015
-0.181049
-0.181082
-0.181115
-0.181148
-0.181180
-0.181212
-0.181244
-0.181275
-0.181305
-0.181335
-0.181365
-0.181394
-0.181423
-0.181451
-0.181479
-0.181506
-0.181533
-0.181560
-0.181586
-0.181611
-0.181636
-0.181661
-0.181685
-0.181709
-0.181732
-0.181755
-0.181777
-0.181799
-0.181820
-0.181841
-0.181862
-0.181882
-0.181901
-0.181920
-0.181939
-0.181957
-0.181975
-0.181992
-0.182009
-0.182025
-0.182041
-0.182056
-0.182071
-0.182085
-0.182099
-0.182113
-0.182126
-0.182138
-0.182150
-0.182162
-0.182173
-0.182184
-0.182194
-0.182204
-0.182213
-0.182222
-0.182230
-0.182238
-0.182245
-0.182252
-0.182258
-0.182264
-0.182270
-0.182275
-0.182280
-0.182284
-0.182287
-0.182291
-0.182293
-0.182296
-0.182298
-0.182299
-0.182300
-0.182300
-0.182300
-0.182300
-0.182299
-0.182298
-0.182296
-0.182294
-0.182291
-0.182288
-0.182285
-0.182281
-0.182276
-0.182271
-0.182266
-0.182260
-0.182254
-0.182247
-0.182240
-0.182233
-0.182225
-0.182216
-0.182208
-0.182198
-0.182189
-0.182179
-0.182168
-0.182157
-0.182146
-0.182134
-0.182122
-0.182110
-0.182097
-0.182083
-0.182069
-0.182055
-0.182041
-0.182026
-0.182010
-0.181994
-0.181978
-0.181961
-0.181944
-0.181927
-0.181909
-0.181891
-0.181872
-0.181853
-0.181834
-0.181814
-0.181794
-0.181774
-0.181753
-0.181731
-0.181710
-0.181688
-0.181665
-0.181643
-0.181619
-0.181596
-0.181572
-0.181548
-0.181523
-0.181498
-0.181473
-0.181447
-0.181421
-0.181395
-0.181368
-0.181341
-0.181314
-0.181286
-0.181258
-0.181230
-0.181201
-0.181172
-0.181143
-0.181113
-0.181083
-0.181052
-0.181022
-0.180991
-0.180959
-0.180928
-0.180896
-0.180863
-0.180831
-0.180798
-0.180765
-0.180731
-0.180697
-0.180663
-0.180629
-0.180594
-0.180559
-0.180524
-0.180488
-0.180452
-0.180416
-0.180380
-0.180343
-0.180306
-0.180269
-0.180231
-0.180193
-0.180155
-0.180117
-0.180078
-0.180039
-0.180000
-0.179960
-0.179921
-0.179881
-0.179841
-0.179800
-0.179759
-0.179718
-0.179677
-0.179636
-0.179594
-0.179552
-0.179510
-0.179468
-0.179425
-0.179382
-0.179339
-0.179296
-0.179252
-0.179208
-0.179164
-0.179120
-0.179076
-0.179031
-0.178986
-0.178941
-0.178896
-0.178850
-0.178805
-0.178759
-0.178713
-0.178666
-0.178620
-0.178573
-0.178526
-0.178479
-0.178432
-0.178385
-0.178337
-0.178289
-0.178241
-0.178193
-0.178145
-0.178097
-0.178048
-0.177999
-0.177950
-0.177901
-0.177852
-0.177802
-0.177753
-0.177703
-0.177653
-0.177603
-0.177553
-0.177502
-0.177452
-0.177401
-0.177351
-0.177300
-0.177249
-0.177198
-0.177146
-0.177095
-0.177043
-0.176992
-0.176940
-0.176888
-0.176836
-0.176784
-0.176732
-0.176679
-0.176627
-0.176574
-0.176522
-0.176469
-0.176416
-0.176363
-0.176310
-0.176257
-0.176204
-0.176151
-0.176098
-0.176044
-0.175991
-0.175937
-0.175884
-0.175830
-0.175776
-0.175723
-0.175669
-0.175615
-0.175561
-0.175507
-0.175453
-0.175399
-0.175345
-0.175291
-0.175236
-0.175182
-0.175128
-0.175074
-0.175019
-0.174965
-0.174911
-0.174856
-0.174802
-0.174748
-0.174693
-0.174639
-0.174585
-0.174530
-0.174476
-0.174422
-0.174368
-0.174313
-0.174259
-0.174205
-0.174151
-0.174097
-0.174042
-0.173988
-0.173934
-0.173880
-0.173826
-0.173773
-0.173719
-0.173665
-0.173611
-0.173558
-0.173504
-0.173451
-0.173451
-0.173398
-0.173344
-0.173291
-0.173238
-0.173185
-0.173132
-0.173080
-0.173027
-0.172974
-0.172922
-0.172870
-0.172818
-0.172766
-0.172714
-0.172662
-0.172610
-0.172559
-0.172508
-0.172457
-0.172406
-0.172355
-0.172304
-0.172254
-0.172204
-0.172154
-0.172104
-0.172054
-0.172005
-0.171956
-0.171907
-0.171858
-0.171809
-0.171761
-0.171713
-0.171665
-0.171618
-0.171570
-0.171523
-0.171476
-0.171430
-0.171384
-0.171338
-0.171292
-0.171246
-0.171201
-0.171156
-0.171112
-0.171068
-0.171024
-0.170980
-0.170937
-0.170894
-0.170851
-0.170809
-0.170767
-0.170725
-0.170684
-0.170643
-0.170603
-0.170562
-0.170522
-0.170483
-0.170444
-0.170405
-0.170367
-0.170329
-0.170291
-0.170254
-0.170217
-0.170181
-0.170144
-0.170109
-0.170073
-0.170038
-0.170004
-0.169970
-0.169936
-0.169902
-0.169869
-0.169836
-0.169804
-0.169772
-0.169740
-0.169709
-0.169678
-0.169647
-0.169617
-0.169587
-0.169557
-0.169527
-0.169498
-0.169469
-0.169440
-0.169411
-0.169383
-0.169355
-0.169326
-0.169298
-0.169270
-0.169242
-0.169214
-0.169186
-0.169158
-0.169130
-0.169102
-0.169074
-0.169045
-0.169016
-0.168987
-0.168957
-0.168927
-0.168897
-0.168866
-0.168834
-0.168802
-0.168769
-0.168735
-0.168701
-0.168665
-0.168628
-0.168591
-0.168552
-0.168512
-0.168471
-0.168428
-0.168384
-0.168338
-0.168291
-0.168242
-0.168191
-0.168138
-0.168084
-0.168027
-0.167968
-0.167907
-0.167844
-0.167778
-0.167710
-0.167639
-0.167566
-0.167490
-0.167412
-0.167330
-0.167246
-0.167159
-0.167069
-0.166976
-0.166880
-0.166781
-0.166679
-0.166574
-0.166465
-0.166354
-0.166238
-0.166120
-0.165998
-0.165873
-0.165744
-0.165612
-0.165476
-0.165337
-0.165194
-0.165047
-0.164897
-0.164742
-0.164584
-0.164422
-0.164256
-0.164085
-0.163911
-0.163732
-0.163549
-0.163362
-0.163169
-0.162973
-0.162771
-0.162565
-0.162354
-0.162139
-0.161918
-0.161692
-0.161462
-0.161226
-0.160985
-0.160740
-0.160490
-0.160235
-0.159976
-0.159713
-0.159446
-0.159175
-0.158901
-0.158624
-0.158344
-0.158063
-0.157781
-0.157497
-0.157214
-0.156931
-0.156649
-0.156369
-0.156091
-0.155815
-0.155544
-0.155276
-0.155013
-0.154754
-0.154501
-0.154253
-0.154011
-0.153775
-0.153545
-0.153320
-0.153101
-0.152887
-0.152679
-0.152474
-0.152274
-0.152078
-0.151884
-0.151692
-0.151502
-0.151313
-0.151124
-0.150933
-0.150741
-0.150547
-0.150349
-0.150147
-0.149941
-0.149730
-0.149513
-0.149289
-0.149059
-0.148821
-0.148577
-0.148324
-0.148064
-0.147796
-0.147520
-0.147236
-0.146945
-0.146645
-0.146339
-0.146024
-0.145703
-0.145375
-0.145041
-0.144700
-0.144354
-0.144002
-0.143644
-0.143282
-0.142916
-0.142545
-0.142171
-0.141793
-0.141412
-0.141028
-0.140642
-0.140254
-0.139865
-0.139473
-0.139081
-0.138688
-0.138294
-0.137900
-0.137505
-0.137111
-0.136718
-0.136325
-0.135933
-0.135542
-0.135152
-0.134764
-0.134377
-0.133992
-0.133609
-0.133228
-0.132850
-0.132473
-0.132099
-0.131728
-0.131359
-0.130994
-0.130631
-0.130270
-0.129913
-0.129559
-0.129208
-0.128860
-0.128515
-0.128174
-0.127836
-0.127501
-0.127169
-0.126841
-0.126515
-0.126194
-0.125875
-0.125560
-0.125248
-0.124940
-0.124634
-0.124332
-0.124033
-0.123738
-0.123446
-0.123156
-0.122870
-0.122587
-0.122308
-0.122031
-0.121757
-0.121486
-0.121218
-0.120953
-0.120691
-0.120432
-0.120175
-0.119921
-0.119670
-0.119422
-0.119176
-0.118933
-0.118692
-0.118454
-0.118218
-0.117985
-0.117753
-0.117525
-0.117298
-0.117074
-0.116852
-0.116632
-0.116414
-0.116198
-0.115985
-0.115773
-0.115563
-0.115355
-0.115149
-0.114945
-0.114742
-0.114542
-0.114343
-0.114146
-0.113950
-0.113756
-0.113564
-0.113373
-0.113184
-0.112996
-0.112810
-0.112625
-0.112441
-0.112259
-0.112079
-0.111899
-0.111721
-0.111544
-0.111369
-0.111194
-0.111021
-0.110849
-0.110679
-0.110509
-0.110340
-0.110173
-0.110006
-0.109841
-0.109677
-0.109513
-0.109351
-0.109190
-0.109029
-0.108870
-0.108711
-0.108553
-0.108397
-0.108241
-0.108086
-0.107932
-0.107778
-0.107626
-0.107474
-0.107323
-0.107173
-0.107023
-0.106875
-0.106727
-0.106580
-0.106433
-0.106287
-0.106142
-0.105998
-0.105854
-0.105711
-0.105569
-0.105427
-0.105286
-0.105145
-0.105006
-0.104866
-0.104728
-0.104590
-0.104452
-0.104315
-0.104179
-0.104044
-0.103908
-0.103774
-0.103640
-0.103506
-0.103373
-0.103241
-0.103109
-0.102978
-0.102847
-0.102716
-0.102587
-0.102457
-0.102328
-0.102200
-0.102072
-0.101945
-0.101818
-0.101691
-0.101565
-0.101440
-0.101315
-0.101190
-0.101066
-0.100942
-0.100819
-0.100696
-0.100574
-0.100452
-0.100330
-0.100209
-0.100089
-0.099968
-0.099848
-0.099729
-0.099610
-0.099491
-0.099373
-0.099255
-0.099138
-0.099021
-0.098904
-0.098788
-0.098672
-0.098556
-0.098441
-0.098326
-0.098212
-0.098098
-0.097984
-0.097871
-0.097758
-0.097646
-0.097533
-0.097422
-0.097310
-0.097199
-0.097088
-0.096978
-0.096868
-0.096758
-0.096649
-0.096540
-0.096431
-0.096322
-0.096214
-0.096107
-0.095999
-0.095892
-0.095786
-0.095679
-0.095573
-0.095467
-0.095362
-0.095257
-0.095152
-0.095048
-0.094943
-0.094839
-0.094736
-0.094633
-0.094530
-0.094427
-0.094325
-0.094223
-0.094121
-0.094020
-0.093918
-0.093818
-0.093717
-0.093717
-0.093617
-0.093517
-0.093417
-0.093318
-0.093219
-0.093120
-0.093021
-0.092923
-0.092825
-0.092727
-0.092630
-0.092533
-0.092436
-0.092339
-0.092243
-0.092147
-0.092051
-0.091955
-0.091860
-0.091765
-0.091670
-0.091576
-0.091482
-0.091388
-0.091294
-0.091200
-0.091107
-0.091014
-0.090922
-0.090829
-0.090737
-0.090645
-0.090553
-0.090462
-0.090371
-0.090280
-0.090189
-0.090099
-0.090008
-0.089918
-0.089829
-0.089739
-0.089650
-0.089561
-0.089472
-0.089383
-0.089295
-0.089207
-0.089119
-0.089031
-0.088944
-0.088857
-0.088770
-0.088683
-0.088596
-0.088510
-0.088424
-0.088338
-0.088252
-0.088167
-0.088082
-0.087997
-0.087912
-0.087827
-0.087743
-0.087659
-0.087575
-0.087491
-0.087408
-0.087324
-0.087241
-0.087158
-0.087076
-0.086993
-0.086911
-0.086829
-0.086747
-0.086665
-0.086584
-0.086502
-0.086421
-0.086340
-0.086260
-0.086179
-0.086099
-0.086019
-0.085939
-0.085859
-0.085780
-0.085700
-0.085621
-0.085542
-0.085463
-0.085385
-0.085306
-0.085228
-0.085150
-0.085072
-0.084995
-0.084917
-0.084840
-0.084763
-0.084686
-0.084609
-0.084532
-0.084456
-0.084380
-0.084304
-0.084228
-0.084152
-0.084077
-0.084001
-0.083926
-0.083851
-0.083776
-0.083701
-0.083627
-0.083553
-0.083478
-0.083404
-0.083331
-0.083257
-0.083183
-0.083110
-0.083037
-0.082964
-0.082891
-0.082818
-0.082746
-0.082673
-0.082601
-0.082529
-0.082457
-0.082386
-0.082314
-0.082243
-0.082171
-0.082100
-0.082029
-0.081958
-0.081888
-0.081817
-0.081747
-0.081677
-0.081607
-0.081537
-0.081467
-0.081398
-0.081328
-0.081259
-0.081190
-0.081121
-0.081052
-0.080983
-0.080915
-0.080846
-0.080778
-0.080710
-0.080642
-0.080574
-0.080506
-0.080439
-0.080371
-0.080304
-0.080237
-0.080170
-0.080103
-0.080036
-0.079970
-0.079903
-0.079837
-0.079771
-0.079705
-0.079639
-0.079573
-0.079508
-0.079442
-0.079377
-0.079312
-0.079246
-0.079182
-0.079117
-0.079052
-0.078987
-0.078923
-0.078859
-0.078795
-0.078731
-0.078667
-0.078603
-0.078539
-0.078476
-0.078412
-0.078349
-0.078286
-0.078223
-0.078160
-0.078097
-0.078034
-0.077972
-0.077909
-0.077847
-0.077785
-0.077723
-0.077661
-0.077599
-0.077538
-0.077476
-0.077415
-0.077353
-0.077292
-0.077231
-0.077170
-0.077109
-0.077049
-0.076988
-0.076927
-0.076867
-0.076807
-0.076747
-0.076687
-0.076627
-0.076567
-0.076507
-0.076448
-0.076388
-0.076329
-0.076270
-0.076210
-0.076151
-0.076093
-0.076034
-0.075975
-0.075917
-0.075858
-0.075800
-0.075742
-0.075683
-0.075625
-0.075567
-0.075510
-0.075452
-0.075394
-0.075337
-0.075280
-0.075222
-0.075165
-0.075108
-0.075051
-0.074994
-0.074938
-0.074881
-0.074824
-0.074768
-0.074712
-0.074655
-0.074599
-0.074543
-0.074487
-0.074432
-0.074376
-0.074320
-0.074265
-0.074209
-0.074154
-0.074099
-0.074044
-0.073989
-0.073934
-0.073879
-0.073824
-0.073770
-0.073715
-0.073661
-0.073607
-0.073552
-0.073498
-0.073444
-0.073390
-0.073337
-0.073283
-0.073229
-0.073176
-0.073122
-0.073069
-0.073016
-0.072962
-0.072909
-0.072856
-0.072804
-0.072751
-0.072698
-0.072645
-0.072593
-0.072541
-0.072488
-0.072436
-0.072384
-0.072332
-0.072280
-0.072228
-0.072176
-0.072125
-0.072073
-0.072021
-0.071970
-0.071919
-0.071868
-0.071816
-0.071765
-0.071714
-0.071664
-0.071613
-0.071562
-0.071511
-0.071461
-0.071410
-0.071360
-0.071310
-0.071260
-0.071210
-0.071160
-0.071110
-0.071060
-0.071010
-0.070960
-0.070911
-0.070861
-0.070812
-0.070763
-0.070713
-0.070664
-0.070615
-0.070566
-0.070517
-0.070468
-0.070420
-0.070371
-0.070322
-0.070274
-0.070226
-0.070177
-0.070129
-0.070081
-0.070033
-0.069985
-0.069937
-0.069889
-0.069841
-0.069793
-0.069746
-0.069698
-0.069651
-0.069604
-0.069556
-0.069509
-0.069462
-0.069415
-0.069368
-0.069321
-0.069274
-0.069227
-0.069181
-0.069134
-0.069088
-0.069041
-0.068995
-0.068949
-0.068903
-0.068856
-0.068810
-0.068764
-0.068719
-0.068673
-0.068627
-0.068581
-0.068536
-0.068490
-0.068445
-0.068399
-0.068354
-0.068309
-0.068264
-0.068219
-0.068174
-0.068129
-0.068084
-0.068039
-0.067995
-0.067950
-0.067905
-0.067861
-0.067816
-0.067772
-0.067728
-0.067684
-0.067640
-0.067596
-0.067552
-0.067508
-0.067464
-0.067420
-0.067376
-0.067333
-0.067289
-0.067246
-0.067202
-0.067159
-0.067116
-0.067073
-0.067029
-0.066986
-0.066943
-0.066900
-0.066858
-0.066815
-0.066772
-0.066729
-0.066687
-0.066644
-0.066602
-0.066560
-0.066517
-0.066475
-0.066433
-0.066391
-0.066349
-0.066307
-0.066265
-0.066223
-0.066181
-0.066140
-0.066098
-0.066056
-0.066015
-0.065974
-0.065932
-0.065891
-0.065850
-0.065808
-0.065767
-0.065726
-0.065685
-0.065644
-0.065604
-0.065563
-0.065522
-0.065481
-0.065441
-0.065400
-0.065360
-0.065320
-0.065279
-0.065239
-0.065199
-0.065159
-0.065119
-0.065079
-0.065039
-0.064999
-0.064959
-0.064919
-0.064879
-0.064840
-0.064800
-0.064761
-0.064721
-0.064682
-0.064643
-0.064603
-0.064564
-0.064525
-0.064486
-0.064447
-0.064408
-0.064369
-0.064330
-0.064291
-0.064253
-0.064214
-0.064176
-0.064137
-0.064099
-0.064060
-0.064022
-0.063983
-0.063945
-0.063907
-0.063869
-0.063831
-0.063793
-0.063755
-0.063717
-0.063679
-0.063642
-0.063604
-0.063566
-0.063529
-0.063491
-0.063491
-0.063454
-0.063416
-0.063379
-0.063342
-0.063304
-0.063267
-0.063230
-0.063193
-0.063156
-0.063119
-0.063082
-0.063045
-0.063009
-0.062972
-0.062935
-0.062899
-0.062862
-0.062826
-0.062789
-0.062753
-0.062716
-0.062680
-0.062644
-0.062608
-0.062572
-0.062536
-0.062500
-0.062464
-0.062428
-0.062392
-0.062356
-0.062321
-0.062285
-0.062249
-0.062214
-0.062178
-0.062143
-0.062108
-0.062072
-0.062037
-0.062002
-0.061967
-0.061931
-0.061896
-0.061861
-0.061826
-0.061792
-0.061757
-0.061722
-0.061687
-0.061653
-0.061618
-0.061583
-0.061549
-0.061514
-0.061480
-0.061446
-0.061411
-0.061377
-0.061343
-0.061309
-0.061274
-0.061240
-0.061206
-0.061173
-0.061139
-0.061105
-0.061071
-0.061037
-0.061004
-0.060970
-0.060936
-0.060903
-0.060869
-0.060836
-0.060802
-0.060769
-0.060736
-0.060703
-0.060669
-0.060636
-0.060603
-0.060570
-0.060537
-0.060504
-0.060471
-0.060439
-0.060406
-0.060373
-0.060340
-0.060308
-0.060275
-0.060243
-0.060210
-0.060178
-0.060145
-0.060113
-0.060081
-0.060049
-0.060016
-0.059984
-0.059952
-0.059920
-0.059888
-0.059856
-0.059824
-0.059793
-0.059761
-0.059729
-0.059697
-0.059666
-0.059634
-0.059603
-0.059571
-0.059540
-0.059508
-0.059477
-0.059445
-0.059414
-0.059383
-0.059352
-0.059321
-0.059290
-0.059259
-0.059228
-0.059197
-0.059166
-0.059135
-0.059104
-0.059073
-0.059043
-0.059012
-0.058981
-0.058951
-0.058920
-0.058890
-0.058859
-0.058829
-0.058799
-0.058769
-0.058738
-0.058708
-0.058678
-0.058648
-0.058618
-0.058588
-0.058558
-0.058528
-0.058498
-0.058468
-0.058438
-0.058409
-0.058379
-0.058349
-0.058320
-0.058290
-0.058261
-0.058231
-0.058202
-0.058172
-0.058143
-0.058114
-0.058085
-0.058055
-0.058026
-0.057997
-0.057968
-0.057939
-0.057910
-0.057881
-0.057852
-0.057823
-0.057795
-0.057766
-0.057737
-0.057708
-0.057680
-0.057651
-0.057623
-0.057594
-0.057566
-0.057537
-0.057509
-0.057481
-0.057452
-0.057424
-0.057396
-0.057368
-0.057340
-0.057312
-0.057284
-0.057256
-0.057228
-0.057200
-0.057172
-0.057144
-0.057116
-0.057089
-0.057061
-0.057033
-0.057006
-0.056978
-0.056951
-0.056923
-0.056896
-0.056868
-0.056841
-0.056814
-0.056786
-0.056759
-0.056732
-0.056705
-0.056678
-0.056651
-0.056624
-0.056597
-0.056570
-0.056543
-0.056516
-0.056489
-0.056462
-0.056436
-0.056409
-0.056382
-0.056356
-0.056329
-0.056303
-0.056276
-0.056250
-0.056223
-0.056197
-0.056170
-0.056144
-0.056118
-0.056092
-0.056066
-0.056039
-0.056013
-0.055987
-0.055961
-0.055935
-0.055909
-0.055884
-0.055858
-0.055832
-0.055806
-0.055780
-0.055755
-0.055729
-0.055703
-0.055678
-0.055652
-0.055627
-0.055601
-0.055576
-0.055551
-0.055525
-0.055500
-0.055475
-0.055449
-0.055424
-0.055399
-0.055374
-0.055349
-0.055324
-0.055299
-0.055274
-0.055249
-0.055224
-0.055199
-0.055174
-0.055150
-0.055125
-0.055100
-0.055076
-0.055051
-0.055026
-0.055002
-0.054977
-0.054953
-0.054929
-0.054904
-0.054880
-0.054855
-0.054831
-0.054807
-0.054783
-0.054759
-0.054734
-0.054710
-0.054686
-0.054662
-0.054638
-0.054614
-0.054591
-0.054567
-0.054543
-0.054519
-0.054495
-0.054472
-0.054448
-0.054424
-0.054401
-0.054377
-0.054353
-0.054330
-0.054307
-0.054283
-0.054260
-0.054236
-0.054213
-0.054190
-0.054166
-0.054143
-0.054120
-0.054097
-0.054074
-0.054051
-0.054028
-0.054005
-0.053982
-0.053959
-0.053936
-0.053913
-0.053890
-0.053867
-0.053845
-0.053822
-0.053799
-0.053777
-0.053754
-0.053732
-0.053709
-0.053686
-0.053664
-0.053642
-0.053619
-0.053597
-0.053574
-0.053552
-0.053530
-0.053508
-0.053485
-0.053463
-0.053441
-0.053419
-0.053397
-0.053375
-0.053353
-0.053331
-0.053309
-0.053287
-0.053265
-0.053244
-0.053222
-0.053200
-0.053178
-0.053157
-0.053135
-0.053113
-0.053092
-0.053070
-0.053049
-0.053027
-0.053006
-0.052984
-0.052963
-0.052942
-0.052920
-0.052899
-0.052878
-0.052857
-0.052835
-0.052814
-0.052793
-0.052772
-0.052751
-0.052730
-0.052709
-0.052688
-0.052667
-0.052646
-0.052625
-0.052605
-0.052584
-0.052563
-0.052542
-0.052522
-0.052501
-0.052480
-0.052460
-0.052439
-0.052419
-0.052398
-0.052378
-0.052357
-0.052337
-0.052316
-0.052296
-0.052276
-0.052255
-0.052235
-0.052215
-0.052195
-0.052175
-0.052155
-0.052134
-0.052114
-0.052094
-0.052074
-0.052054
-0.052035
-0.052015
-0.051995
-0.051975
-0.051955
-0.051935
-0.051916
-0.051896
-0.051876
-0.051857
-0.051837
-0.051817
-0.051798
-0.051778
-0.051759
-0.051739
-0.051720
-0.051700
-0.051681
-0.051662
-0.051642
-0.051623
-0.051604
-0.051585
-0.051565
-0.051546
-0.051527
-0.051508
-0.051489
-0.051470
-0.051451
-0.051432
-0.051413
-0.051394
-0.051375
-0.051356
-0.051337
-0.051319
-0.051300
-0.051281
-0.051262
-0.051244
-0.051225
-0.051206
-0.051188
-0.051169
-0.051151
-0.051132
-0.051114
-0.051095
-0.051077
-0.051058
-0.051040
-0.051022
-0.051003
-0.050985
-0.050967
-0.050949
-0.050930
-0.050912
-0.050894
-0.050876
-0.050858
-0.050840
-0.050822
-0.050804
-0.050786
-0.050768
-0.050750
-0.050732
-0.050714
-0.050696
-0.050679
-0.050661
-0.050643
-0.050625
-0.050608
-0.050590
-0.050572
-0.050555
-0.050537
-0.050520
-0.050502
-0.050485
-0.050467
-0.050450
-0.050432
-0.050415
-0.050415
-0.050398
-0.050380
-0.050363
-0.050346
-0.050329
-0.050311
-0.050294
-0.050277
-0.050260
-0.050243
-0.050226
-0.050209
-0.050192
-0.050175
-0.050158
-0.050141
-0.050124
-0.050107
-0.050090
-0.050073
-0.050056
-0.050040
-0.050023
-0.050006
-0.049989
-0.049973
-0.049956
-0.049939
-0.049923
-0.049906
-0.049890
-0.049873
-0.049857
-0.049840
-0.049824
-0.049807
-0.049791
-0.049775
-0.049758
-0.049742
-0.049726
-0.049709
-0.049693
-0.049677
-0.049661
-0.049645
-0.049628
-0.049612
-0.049596
-0.049580
-0.049564
-0.049548
-0.049532
-0.049516
-0.049500
-0.049484
-0.049468
-0.049453
-0.049437
-0.049421
-0.049405
-0.049389
-0.049374
-0.049358
-0.049342
-0.049327
-0.049311
-0.049295
-0.049280
-0.049264
-0.049249
-0.049233
-0.049218
-0.049202
-0.049187
-0.049171
-0.049156
-0.049141
-0.049125
-0.049110
-0.049095
-0.049079
-0.049064
-0.049049
-0.049034
-0.049019
-0.049003
-0.048988
-0.048973
-0.048958
-0.048943
-0.048928
-0.048913
-0.048898
-0.048883
-0.048868
-0.048853
-0.048838
-0.048824
-0.048809
-0.048794
-0.048779
-0.048764
-0.048750
-0.048735
-0.048720
-0.048706
-0.048691
-0.048676
-0.048662
-0.048647
-0.048633
-0.048618
-0.048604
-0.048589
-0.048575
-0.048560
-0.048546
-0.048531
-0.048517
-0.048503
-0.048488
-0.048474
-0.048460
-0.048445
-0.048431
-0.048417
-0.048403
-0.048389
-0.048375
-0.048360
-0.048346
-0.048332
-0.048318
-0.048304
-0.048290
-0.048276
-0.048262
-0.048248
-0.048234
-0.048220
-0.048207
-0.048193
-0.048179
-0.048165
-0.048151
-0.048137
-0.048124
-0.048110
-0.048096
-0.048083
-0.048069
-0.048055
-0.048042
-0.048028
-0.048015
-0.048001
-0.047987
-0.047974
-0.047960
-0.047947
-0.047934
-0.047920
-0.047907
-0.047893
-0.047880
-0.047867
-0.047853
-0.047840
-0.047827
-0.047814
-0.047800
-0.047787
-0.047774
-0.047761
-0.047748
-0.047734
-0.047721
-0.047708
-0.047695
-0.047682
-0.047669
-0.047656
-0.047643
-0.047630
-0.047617
-0.047604
-0.047591
-0.047579
-0.047566
-0.047553
-0.047540
-0.047527
-0.047515
-0.047502
-0.047489
-0.047476
-0.047464
-0.047451
-0.047438
-0.047426
-0.047413
-0.047400
-0.047388
-0.047375
-0.047363
-0.047350
-0.047338
-0.047325
-0.047313
-0.047300
-0.047288
-0.047276
-0.047263
-0.047251
-0.047239
-0.047226
-0.047214
-0.047202
-0.047189
-0.047177
-0.047165
-0.047153
-0.047141
-0.047128
-0.047116
-0.047104
-0.047092
-0.047080
-0.047068
-0.047056
-0.047044
-0.047032
-0.047020
-0.047008
-0.046996
-0.046984
-0.046972
-0.046960
-0.046948
-0.046936
-0.046925
-0.046913
-0.046901
-0.046889
-0.046877
-0.046866
-0.046854
-0.046842
-0.046831
-0.046819
-0.046807
-0.046796
-0.046784
-0.046772
-0.046761
-0.046749
-0.046738
-0.046726
-0.046715
-0.046703
-0.046692
-0.046680
-0.046669
-0.046658
-0.046646
-0.046635
-0.046623
-0.046612
-0.046601
-0.046589
-0.046578
-0.046567
-0.046556
-0.046544
-0.046533
-0.046522
-0.046511
-0.046500
-0.046489
-0.046477
-0.046466
-0.046455
-0.046444
-0.046433
-0.046422
-0.046411
-0.046400
-0.046389
-0.046378
-0.046367
-0.046356
-0.046345
-0.046334
-0.046324
-0.046313
-0.046302
-0.046291
-0.046280
-0.046269
-0.046259
-0.046248
-0.046237
-0.046226
-0.046216
-0.046205
-0.046194
-0.046184
-0.046173
-0.046162
-0.046152
-0.046141
-0.046131
-0.046120
-0.046110
-0.046099
-0.046089
-0.046078
-0.046068
-0.046057
-0.046047
-0.046036
-0.046026
-0.046016
-0.046005
-0.045995
-0.045985
-0.045974
-0.045964
-0.045954
-0.045943
-0.045933
-0.045923
-0.045913
-0.045902
-0.045892
-0.045882
-0.045872
-0.045862
-0.045852
-0.045842
-0.045832
-0.045821
-0.045811
-0.045801
-0.045791
-0.045781
-0.045771
-0.045761
-0.045751
-0.045741
-0.045731
-0.045722
-0.045712
-0.045702
-0.045692
-0.045682
-0.045672
-0.045662
-0.045653
-0.045643
-0.045633
-0.045623
-0.045614
-0.045604
-0.045594
-0.045584
-0.045575
-0.045565
-0.045555
-0.045546
-0.045536
-0.045527
-0.045517
-0.045507
-0.045498
-0.045488
-0.045479
-0.045469
-0.045460
-0.045450
-0.045441
-0.045431
-0.045422
-0.045413
-0.045403
-0.045394
-0.045384
-0.045375
-0.045366
-0.045356
-0.045347
-0.045338
-0.045329
-0.045319
-0.045310
-0.045301
-0.045292
-0.045282
-0.045273
-0.045264
-0.045255
-0.045246
-0.045237
-0.045227
-0.045218
-0.045209
-0.045200
-0.045191
-0.045182
-0.045173
-0.045164
-0.045155
-0.045146
-0.045137
-0.045128
-0.045119
-0.045110
-0.045101
-0.045092
-0.045083
-0.045075
-0.045066
-0.045057
-0.045048
-0.045039
-0.045030
-0.045022
-0.045013
-0.045004
-0.044995
-0.044987
-0.044978
-0.044969
-0.044961
-0.044952
-0.044943
-0.044935
-0.044926
-0.044917
-0.044909
-0.044900
-0.044892
-0.044883
-0.044874
-0.044866
-0.044857
-0.044849
-0.044840
-0.044832
-0.044823
-0.044815
-0.044806
-0.044798
-0.044790
-0.044781
-0.044773
-0.044764
-0.044756
-0.044748
-0.044739
-0.044731
-0.044723
-0.044715
-0.044706
-0.044698
-0.044690
-0.044682
-0.044673
-0.044665
-0.044657
-0.044649
-0.044641
-0.044632
-0.044624
-0.044616
-0.044608
-0.044600
-0.044592
-0.044584
-0.044576
-0.044568
-0.044560
-0.044551
-0.044543
-0.044535
-0.044527
-0.044520
-0.044512
-0.044504
-0.044496
-0.044488
-0.044480
-0.044472
-0.044464
-0.044456
-0.044448
-0.044440
-0.044433
-0.044433
-0.044425
-0.044417
-0.044409
-0.044401
-0.044394
-0.044386
-0.044378
-0.044370
-0.044363
-0.044355
-0.044347
-0.044340
-0.044332
-0.044324
-0.044317
-0.044309
-0.044301
-0.044294
-0.044286
-0.044279
-0.044271
-0.044263
-0.044256
-0.044248
-0.044241
-0.044233
-0.044226
-0.044218
-0.044211
-0.044203
-0.044196
-0.044189
-0.044181
-0.044174
-0.044166
-0.044159
-0.044152
-0.044144
-0.044137
-0.044129
-0.044122
-0.044115
-0.044108
-0.044100
-0.044093
-0.044086
-0.044078
-0.044071
-0.044064
-0.044057
-0.044049
-0.044042
-0.044035
-0.044028
-0.044021
-0.044014
-0.044006
-0.043999
-0.043992
-0.043985
-0.043978
-0.043971
-0.043964
-0.043957
-0.043950
-0.043943
-0.043936
-0.043929
-0.043922
-0.043915
-0.043908
-0.043901
-0.043894
-0.043887
-0.043880
-0.043873
-0.043866
-0.043859
-0.043852
-0.043845
-0.043839
-0.043832
-0.043825
-0.043818
-0.043811
-0.043804
-0.043798
-0.043791
-0.043784
-0.043777
-0.043771
-0.043764
-0.043757
-0.043750
-0.043744
-0.043737
-0.043730
-0.043724
-0.043717
-0.043710
-0.043704
-0.043697
-0.043690
-0.043684
-0.043677
-0.043671
-0.043664
-0.043657
-0.043651
-0.043644
-0.043638
-0.043631
-0.043625
-0.043618
-0.043612
-0.043605
-0.043599
-0.043592
-0.043586
-0.043580
-0.043573
-0.043567
-0.043560
-0.043554
-0.043548
-0.043541
-0.043535
-0.043528
-0.043522
-0.043516
-0.043509
-0.043503
-0.043497
-0.043491
-0.043484
-0.043478
-0.043472
-0.043465
-0.043459
-0.043453
-0.043447
-0.043441
-0.043434
-0.043428
-0.043422
-0.043416
-0.043410
-0.043404
-0.043397
-0.043391
-0.043385
-0.043379
-0.043373
-0.043367
-0.043361
-0.043355
-0.043349
-0.043343
-0.043337
-0.043331
-0.043325
-0.043319
-0.043313
-0.043307
-0.043301
-0.043295
-0.043289
-0.043283
-0.043277
-0.043271
-0.043265
-0.043259
-0.043253
-0.043247
-0.043241
-0.043236
-0.043230
-0.043224
-0.043218
-0.043212
-0.043206
-0.043201
-0.043195
-0.043189
-0.043183
-0.043177
-0.043172
-0.043166
-0.043160
-0.043155
-0.043149
-0.043143
-0.043137
-0.043132
-0.043126
-0.043120
-0.043115
-0.043109
-0.043103
-0.043098
-0.043092
-0.043087
-0.043081
-0.043075
-0.043070
-0.043064
-0.043059
-0.043053
-0.043047
-0.043042
-0.043036
-0.043031
-0.043025
-0.043020
-0.043014
-0.043009
-0.043003
-0.042998
-0.042992
-0.042987
-0.042982
-0.042976
-0.042971
-0.042965
-0.042960
-0.042955
-0.042949
-0.042944
-0.042938
-0.042933
-0.042928
-0.042922
-0.042917
-0.042912
-0.042906
-0.042901
-0.042896
-0.042891
-0.042885
-0.042880
-0.042875
-0.042870
-0.042864
-0.042859
-0.042854
-0.042849
-0.042843
-0.042838
-0.042833
-0.042828
-0.042823
-0.042818
-0.042812
-0.042807
-0.042802
-0.042797
-0.042792
-0.042787
-0.042782
-0.042777
-0.042771
-0.042766
-0.042761
-0.042756
-0.042751
-0.042746
-0.042741
-0.042736
-0.042731
-0.042726
-0.042721
-0.042716
-0.042711
-0.042706
-0.042701
-0.042696
-0.042691
-0.042686
-0.042681
-0.042677
-0.042672
-0.042667
-0.042662
-0.042657
-0.042652
-0.042647
-0.042642
-0.042637
-0.042633
-0.042628
-0.042623
-0.042618
-0.042613
-0.042609
-0.042604
-0.042599
-0.042594
-0.042589
-0.042585
-0.042580
-0.042575
-0.042570
-0.042566
-0.042561
-0.042556
-0.042552
-0.042547
-0.042542
-0.042537
-0.042533
-0.042528
-0.042523
-0.042519
-0.042514
-0.042510
-0.042505
-0.042500
-0.042496
-0.042491
-0.042486
-0.042482
-0.042477
-0.042473
-0.042468
-0.042464
-0.042459
-0.042455
-0.042450
-0.042445
-0.042441
-0.042436
-0.042432
-0.042427
-0.042423
-0.042419
-0.042414
-0.042410
-0.042405
-0.042401
-0.042396
-0.042392
-0.042387
-0.042383
-0.042379
-0.042374
-0.042370
-0.042365
-0.042361
-0.042357
-0.042352
-0.042348
-0.042344
-0.042339
-0.042335
-0.042331
-0.042326
-0.042322
-0.042318
-0.042313
-0.042309
-0.042305
-0.042301
-0.042296
-0.042292
-0.042288
-0.042284
-0.042279
-0.042275
-0.042271
-0.042267
-0.042262
-0.042258
-0.042254
-0.042250
-0.042246
-0.042242
-0.042237
-0.042233
-0.042229
-0.042225
-0.042221
-0.042217
-0.042213
-0.042208
-0.042204
-0.042200
-0.042196
-0.042192
-0.042188
-0.042184
-0.042180
-0.042176
-0.042172
-0.042168
-0.042164
-0.042160
-0.042156
-0.042152
-0.042148
-0.042144
-0.042140
-0.042136
-0.042132
-0.042128
-0.042124
-0.042120
-0.042116
-0.042112
-0.042108
-0.042104
-0.042100
-0.042096
-0.042092
-0.042088
-0.042085
-0.042081
-0.042077
-0.042073
-0.042069
-0.042065
-0.042061
-0.042058
-0.042054
-0.042050
-0.042046
-0.042042
-0.042038
-0.042035
-0.042031
-0.042027
-0.042023
-0.042019
-0.042016
-0.042012
-0.042008
-0.042004
-0.042001
-0.041997
-0.041993
-0.041989
-0.041986
-0.041982
-0.041978
-0.041975
-0.041971
-0.041967
-0.041964
-0.041960
-0.041956
-0.041953
-0.041949
-0.041945
-0.041942
-0.041938
-0.041934
-0.041931
-0.041927
-0.041924
-0.041920
-0.041916
-0.041913
-0.041909
-0.041906
-0.041902
-0.041899
-0.041895
-0.041891
-0.041888
-0.041884
-0.041881
-0.041877
-0.041874
-0.041870
-0.041867
-0.041863
-0.041860
-0.041856
-0.041853
-0.041849
-0.041846
-0.041842
-0.041839
-0.041836
-0.041832
-0.041829
-0.041825
-0.041822
-0.041818
-0.041815
-0.041812
-0.041808
-0.041805
-0.041801
-0.041798
-0.041795
-0.041791
-0.041788
-0.041785
-0.041781
-0.041781
-0.041778
-0.041775
-0.041771
-0.041768
-0.041765
-0.041761
-0.041758
-0.041755
-0.041751
-0.041748
-0.041745
-0.041742
-0.041738
-0.041735
-0.041732
-0.041728
-0.041725
-0.041722
-0.041719
-0.041716
-0.041712
-0.041709
-0.041706
-0.041703
-0.041699
-0.041696
-0.041693
-0.041690
-0.041687
-0.041684
-0.041680
-0.041677
-0.041674
-0.041671
-0.041668
-0.041665
-0.041662
-0.041658
-0.041655
-0.041652
-0.041649
-0.041646
-0.041643
-0.041640
-0.041637
-0.041634
-0.041631
-0.041627
-0.041624
-0.041621
-0.041618
-0.041615
-0.041612
-0.041609
-0.041606
-0.041603
-0.041600
-0.041597
-0.041594
-0.041591
-0.041588
-0.041585
-0.041582
-0.041579
-0.041576
-0.041573
-0.041570
-0.041567
-0.041564
-0.041561
-0.041558
-0.041556
-0.041553
-0.041550
-0.041547
-0.041544
-0.041541
-0.041538
-0.041535
-0.041532
-0.041529
-0.041526
-0.041524
-0.041521
-0.041518
-0.041515
-0.041512
-0.041509
-0.041506
-0.041504
-0.041501
-0.041498
-0.041495
-0.041492
-0.041490
-0.041487
-0.041484
-0.041481
-0.041478
-0.041476
-0.041473
-0.041470
-0.041467
-0.041464
-0.041462
-0.041459
-0.041456
-0.041453
-0.041451
-0.041448
-0.041445
-0.041443
-0.041440
-0.041437
-0.041434
-0.041432
-0.041429
-0.041426
-0.041424
-0.041421
-0.041418
-0.041416
-0.041413
-0.041410
-0.041408
-0.041405
-0.041402
-0.041400
-0.041397
-0.041394
-0.041392
-0.041389
-0.041387
-0.041384
-0.041381
-0.041379
-0.041376
-0.041374
-0.041371
-0.041368
-0.041366
-0.041363
-0.041361
-0.041358
-0.041355
-0.041353
-0.041350
-0.041348
-0.041345
-0.041343
-0.041340
-0.041338
-0.041335
-0.041333
-0.041330
-0.041328
-0.041325
-0.041323
-0.041320
-0.041318
-0.041315
-0.041313
-0.041310
-0.041308
-0.041305
-0.041303
-0.041300
-0.041298
-0.041296
-0.041293
-0.041291
-0.041288
-0.041286
-0.041283
-0.041281
-0.041279
-0.041276
-0.041274
-0.041271
-0.041269
-0.041267
-0.041264
-0.041262
-0.041259
-0.041257
-0.041255
-0.041252
-0.041250
-0.041248
-0.041245
-0.041243
-0.041241
-0.041238
-0.041236
-0.041234
-0.041231
-0.041229
-0.041227
-0.041224
-0.041222
-0.041220
-0.041218
-0.041215
-0.041213
-0.041211
-0.041208
-0.041206
-0.041204
-0.041202
-0.041199
-0.041197
-0.041195
-0.041193
-0.041190
-0.041188
-0.041186
-0.041184
-0.041181
-0.041179
-0.041177
-0.041175
-0.041173
-0.041170
-0.041168
-0.041166
-0.041164
-0.041162
-0.041159
-0.041157
-0.041155
-0.041153
-0.041151
-0.041149
-0.041146
-0.041144
-0.041142
-0.041140
-0.041138
-0.041136
-0.041134
-0.041132
-0.041129
-0.041127
-0.041125
-0.041123
-0.041121
-0.041119
-0.041117
-0.041115
-0.041113
-0.041111
-0.041108
-0.041106
-0.041104
-0.041102
-0.041100
-0.041098
-0.041096
-0.041094
-0.041092
-0.041090
-0.041088
-0.041086
-0.041084
-0.041082
-0.041080
-0.041078
-0.041076
-0.041074
-0.041072
-0.041070
-0.041068
-0.041066
-0.041064
-0.041062
-0.041060
-0.041058
-0.041056
-0.041054
-0.041052
-0.041050
-0.041048
-0.041046
-0.041044
-0.041042
-0.041040
-0.041038
-0.041036
-0.041034
-0.041033
-0.041031
-0.041029
-0.041027
-0.041025
-0.041023
-0.041021
-0.041019
-0.041017
-0.041015
-0.041013
-0.041012
-0.041010
-0.041008
-0.041006
-0.041004
-0.041002
-0.041000
-0.040999
-0.040997
-0.040995
-0.040993
-0.040991
-0.040989
-0.040987
-0.040986
-0.040984
-0.040982
-0.040980
-0.040978
-0.040977
-0.040975
-0.040973
-0.040971
-0.040969
-0.040968
-0.040966
-0.040964
-0.040962
-0.040960
-0.040959
-0.040957
-0.040955
-0.040953
-0.040952
-0.040950
-0.040948
-0.040946
-0.040945
-0.040943
-0.040941
-0.040939
-0.040938
-0.040936
-0.040934
-0.040932
-0.040931
-0.040929
-0.040927
-0.040926
-0.040924
-0.040922
-0.040921
-0.040919
-0.040917
-0.040915
-0.040914
-0.040912
-0.040910
-0.040909
-0.040907
-0.040905
-0.040904
-0.040902
-0.040900
-0.040899
-0.040897
-0.040896
-0.040894
-0.040892
-0.040891
-0.040889
-0.040887
-0.040886
-0.040884
-0.040883
-0.040881
-0.040879
-0.040878
-0.040876
-0.040875
-0.040873
-0.040871
-0.040870
-0.040868
-0.040867
-0.040865
-0.040863
-0.040862
-0.040860
-0.040859
-0.040857
-0.040856
-0.040854
-0.040852
-0.040851
-0.040849
-0.040848
-0.040846
-0.040845
-0.040843
-0.040842
-0.040840
-0.040839
-0.040837
-0.040836
-0.040834
-0.040833
-0.040831
-0.040830
-0.040828
-0.040827
-0.040825
-0.040824
-0.040822
-0.040821
-0.040819
-0.040818
-0.040816
-0.040815
-0.040813
-0.040812
-0.040810
-0.040809
-0.040807
-0.040806
-0.040805
-0.040803
-0.040802
-0.040800
-0.040799
-0.040797
-0.040796
-0.040795
-0.040793
-0.040792
-0.040790
-0.040789
-0.040787
-0.040786
-0.040785
-0.040783
-0.040782
-0.040780
-0.040779
-0.040778
-0.040776
-0.040775
-0.040774
-0.040772
-0.040771
-0.040769
-0.040768
-0.040767
-0.040765
-0.040764
-0.040763
-0.040761
-0.040760
-0.040759
-0.040757
-0.040756
-0.040755
-0.040753
-0.040752
-0.040751
-0.040749
-0.040748
-0.040747
-0.040745
-0.040744
-0.040743
-0.040741
-0.040740
-0.040739
-0.040737
-0.040736
-0.040735
-0.040733
-0.040732
-0.040731
-0.040730
-0.040728
-0.040727
-0.040726
-0.040725
-0.040723
-0.040722
-0.040721
-0.040719
-0.040718
-0.040717
-0.040716
-0.040714
-0.040713
-0.040712
-0.040711
-0.040710
-0.040708
-0.040707
-0.040707
-0.040706
-0.040705
-0.040703
-0.040702
-0.040701
-0.040700
-0.040698
-0.040697
-0.040696
-0.040695
-0.040694
-0.040692
-0.040691
-0.040690
-0.040689
-0.040688
-0.040687
-0.040685
-0.040684
-0.040683
-0.040682
-0.040681
-0.040679
-0.040678
-0.040677
-0.040676
-0.040675
-0.040674
-0.040673
-0.040671
-0.040670
-0.040669
-0.040668
-0.040667
-0.040666
-0.040665
-0.040663
-0.040662
-0.040661
-0.040660
-0.040659
-0.040658
-0.040657
-0.040656
-0.040654
-0.040653
-0.040652
-0.040651
-0.040650
-0.040649
-0.040648
-0.040647
-0.040646
-0.040645
-0.040643
-0.040642
-0.040641
-0.040640
-0.040639
-0.040638
-0.040637
-0.040636
-0.040635
-0.040634
-0.040633
-0.040632
-0.040631
-0.040630
-0.040629
-0.040628
-0.040626
-0.040625
-0.040624
-0.040623
-0.040622
-0.040621
-0.040620
-0.040619
-0.040618
-0.040617
-0.040616
-0.040615
-0.040614
-0.040613
-0.040612
-0.040611
-0.040610
-0.040609
-0.040608
-0.040607
-0.040606
-0.040605
-0.040604
-0.040603
-0.040602
-0.040601
-0.040600
-0.040599
-0.040598
-0.040597
-0.040596
-0.040595
-0.040594
-0.040593
-0.040592
-0.040591
-0.040590
-0.040590
-0.040589
-0.040588
-0.040587
-0.040586
-0.040585
-0.040584
-0.040583
-0.040582
-0.040581
-0.040580
-0.040579
-0.040578
-0.040577
-0.040576
-0.040575
-0.040575
-0.040574
-0.040573
-0.040572
-0.040571
-0.040570
-0.040569
-0.040568
-0.040567
-0.040566
-0.040566
-0.040565
-0.040564
-0.040563
-0.040562
-0.040561
-0.040560
-0.040559
-0.040558
-0.040558
-0.040557
-0.040556
-0.040555
-0.040554
-0.040553
-0.040552
-0.040551
-0.040551
-0.040550
-0.040549
-0.040548
-0.040547
-0.040546
-0.040546
-0.040545
-0.040544
-0.040543
-0.040542
-0.040541
-0.040540
-0.040540
-0.040539
-0.040538
-0.040537
-0.040536
-0.040536
-0.040535
-0.040534
-0.040533
-0.040532
-0.040531
-0.040531
-0.040530
-0.040529
-0.040528
-0.040527
-0.040527
-0.040526
-0.040525
-0.040524
-0.040524
-0.040523
-0.040522
-0.040521
-0.040520
-0.040520
-0.040519
-0.040518
-0.040517
-0.040516
-0.040516
-0.040515
-0.040514
-0.040513
-0.040513
-0.040512
-0.040511
-0.040510
-0.040510
-0.040509
-0.040508
-0.040507
-0.040507
-0.040506
-0.040505
-0.040504
-0.040504
-0.040503
-0.040502
-0.040502
-0.040501
-0.040500
-0.040499
-0.040499
-0.040498
-0.040497
-0.040496
-0.040496
-0.040495
-0.040494
-0.040494
-0.040493
-0.040492
-0.040491
-0.040491
-0.040490
-0.040489
-0.040489
-0.040488
-0.040487
-0.040487
-0.040486
-0.040485
-0.040485
-0.040484
-0.040483
-0.040483
-0.040482
-0.040481
-0.040480
-0.040480
-0.040479
-0.040478
-0.040478
-0.040477
-0.040476
-0.040476
-0.040475
-0.040475
-0.040474
-0.040473
-0.040473
-0.040472
-0.040471
-0.040471
-0.040470
-0.040469
-0.040469
-0.040468
-0.040467
-0.040467
-0.040466
-0.040466
-0.040465
-0.040464
-0.040464
-0.040463
-0.040462
-0.040462
-0.040461
-0.040461
-0.040460
-0.040459
-0.040459
-0.040458
-0.040457
-0.040457
-0.040456
-0.040456
-0.040455
-0.040454
-0.040454
-0.040453
-0.040453
-0.040452
-0.040451
-0.040451
-0.040450
-0.040450
-0.040449
-0.040449
-0.040448
-0.040447
-0.040447
-0.040446
-0.040446
-0.040445
-0.040445
-0.040444
-0.040443
-0.040443
-0.040442
-0.040442
-0.040441
-0.040441
-0.040440
-0.040439
-0.040439
-0.040438
-0.040438
-0.040437
-0.040437
-0.040436
-0.040436
-0.040435
-0.040435
-0.040434
-0.040433
-0.040433
-0.040432
-0.040432
-0.040431
-0.040431
-0.040430
-0.040430
-0.040429
-0.040429
-0.040428
-0.040428
-0.040427
-0.040427
-0.040426
-0.040426
-0.040425
-0.040425
-0.040424
-0.040424
-0.040423
-0.040423
-0.040422
-0.040422
-0.040421
-0.040421
-0.040420
-0.040420
-0.040419
-0.040419
-0.040418
-0.040418
-0.040417
-0.040417
-0.040416
-0.040416
-0.040415
-0.040415
-0.040414
-0.040414
-0.040413
-0.040413
-0.040412
-0.040412
-0.040411
-0.040411
-0.040410
-0.040410
-0.040409
-0.040409
-0.040409
-0.040408
-0.040408
-0.040407
-0.040407
-0.040406
-0.040406
-0.040405
-0.040405
-0.040404
-0.040404
-0.040404
-0.040403
-0.040403
-0.040402
-0.040402
-0.040401
-0.040401
-0.040400
-0.040400
-0.040400
-0.040399
-0.040399
-0.040398
-0.040398
-0.040397
-0.040397
-0.040397
-0.040396
-0.040396
-0.040395
-0.040395
-0.040395
-0.040394
-0.040394
-0.040393
-0.040393
-0.040392
-0.040392
-0.040392
-0.040391
-0.040391
-0.040390
-0.040390
-0.040390
-0.040389
-0.040389
-0.040388
-0.040388
-0.040388
-0.040387
-0.040387
-0.040387
-0.040386
-0.040386
-0.040385
-0.040385
-0.040385
-0.040384
-0.040384
-0.040383
-0.040383
-0.040383
-0.040382
-0.040382
-0.040382
-0.040381
-0.040381
-0.040381
-0.040380
-0.040380
-0.040379
-0.040379
-0.040379
-0.040378
-0.040378
-0.040378
-0.040377
-0.040377
-0.040377
-0.040376
-0.040376
-0.040376
-0.040375
-0.040375
-0.040374
-0.040374
-0.040374
-0.040373
-0.040373
-0.040373
-0.040372
-0.040372
-0.040372
-0.040371
-0.040371
-0.040371
-0.040370
-0.040370
-0.040370
-0.040369
-0.040369
-0.040369
-0.040368
-0.040368
-0.040368
-0.040368
-0.040367
-0.040367
-0.040367
-0.040366
-0.040366
-0.040366
-0.040365
-0.040365
-0.040365
-0.040364
-0.040364
-0.040364
-0.040364
-0.040363
-0.040363
-0.040363
-0.040362
-0.040362
-0.040362
-0.040361
-0.040361
-0.040361
-0.040361
-0.040361
-0.040360
-0.040360
-0.040360
-0.040359
-0.040359
-0.040359
-0.040359
-0.040358
-0.040358
-0.040358
-0.040357
-0.040357
-0.040357
-0.040357
-0.040356
-0.040356
-0.040356
-0.040355
-0.040355
-0.040355
-0.040355
-0.040354
-0.040354
-0.040354
-0.040354
-0.040353
-0.040353
-0.040353
-0.040353
-0.040352
-0.040352
-0.040352
-0.040352
-0.040351
-0.040351
-0.040351
-0.040351
-0.040350
-0.040350
-0.040350
-0.040350
-0.040349
-0.040349
-0.040349
-0.040349
-0.040348
-0.040348
-0.040348
-0.040348
-0.040347
-0.040347
-0.040347
-0.040347
-0.040346
-0.040346
-0.040346
-0.040346
-0.040346
-0.040345
-0.040345
-0.040345
-0.040345
-0.040344
-0.040344
-0.040344
-0.040344
-0.040344
-0.040343
-0.040343
-0.040343
-0.040343
-0.040342
-0.040342
-0.040342
-0.040342
-0.040342
-0.040341
-0.040341
-0.040341
-0.040341
-0.040341
-0.040340
-0.040340
-0.040340
-0.040340
-0.040340
-0.040339
-0.040339
-0.040339
-0.040339
-0.040339
-0.040338
-0.040338
-0.040338
-0.040338
-0.040338
-0.040337
-0.040337
-0.040337
-0.040337
-0.040337
-0.040336
-0.040336
-0.040336
-0.040336
-0.040336
-0.040336
-0.040335
-0.040335
-0.040335
-0.040335
-0.040335
-0.040335
-0.040334
-0.040334
-0.040334
-0.040334
-0.040334
-0.040334
-0.040333
-0.040333
-0.040333
-0.040333
-0.040333
-0.040333
-0.040332
-0.040332
-0.040332
-0.040332
-0.040332
-0.040332
-0.040331
-0.040331
-0.040331
-0.040331
-0.040331
-0.040331
-0.040330
-0.040330
-0.040330
-0.040330
-0.040330
-0.040330
-0.040330
-0.040329
-0.040329
-0.040329
-0.040329
-0.040329
-0.040329
-0.040329
-0.040328
-0.040328
-0.040328
-0.040328
-0.040328
-0.040328
-0.040328
-0.040327
-0.040327
-0.040327
-0.040327
-0.040327
-0.040327
-0.040327
-0.040327
-0.040326
-0.040326
-0.040326
-0.040326
-0.040326
-0.040326
-0.040326
-0.040326
-0.040325
-0.040325
-0.040325
-0.040325
-0.040325
-0.040325
-0.040325
-0.040325
-0.040325
-0.040324
-0.040324
-0.040324
-0.040324
-0.040324
-0.040324
-0.040324
-0.040324
-0.040324
-0.040323
-0.040323
-0.040323
-0.040323
-0.040323
-0.040323
-0.040323
-0.040323
-0.040323
-0.040323
-0.040322
-0.040322
-0.040322
-0.040322
-0.040322
-0.040322
-0.040322
-0.040322
-0.040322
-0.040322
-0.040321
-0.040321
-0.040321
-0.040321
-0.040321
-0.040321
-0.040321
-0.040321
-0.040321
-0.040321
-0.040321
-0.040321
-0.040320
-0.040320
-0.040320
-0.040320
-0.040320
-0.040320
-0.040320
-0.040320
-0.040320
-0.040320
-0.040320
-0.040320
-0.040320
-0.040319
-0.040319
-0.040319
-0.040319
-0.040319
-0.040319
-0.040319
-0.040319
-0.040319
-0.040319
-0.040319
-0.040319
-0.040319
-0.040319
-0.040318
-0.040318
-0.040318
-0.040318
-0.040318
-0.040318
-0.040318
-0.040318
-0.040318
-0.040318
-0.040318
-0.040318
-0.040318
-0.040318
-0.040318
-0.040318
-0.040318
-0.040318
-0.040317
-0.040317
-0.040317
-0.040317
-0.040317
-0.040317
-0.040317
-0.040317
-0.040317
-0.040317
-0.040317
-0.040317
-0.040317
-0.040317
-0.040317
-0.040317
-0.040317
-0.040317
-0.040317
-0.040317
-0.040317
-0.040317
-0.040317
-0.040316
-0.040316
-0.040316
-0.040316
-0.040316
-0.040316
-0.040316
-0.040316
-0.040316
-0.040316
-0.040316
-0.040316
-0.040316
-0.040316
-0.040316
-0.040316
-0.040316
-0.040316
-0.040316
-0.040316
-0.040316
-0.040316
-0.040316
-0.040316
-0.040316
-0.040316
-0.040316
-0.040316
-0.040316
-0.040316
-0.040316
-0.040316
-0.040316
-0.040316
-0.040316
-0.040316
-0.040316
-0.040316
-0.040316
-0.040316
-0.040316
-0.040316
-0.040315
-0.040315
-0.040315
-0.040315
-0.040315
-0.040315
-0.040315
-0.040315
-0.040315
-0.040315
-0.040315
-0.040315
-0.040315
-0.040315
-0.040315
-0.040315
-0.040315
-0.040315
-0.040315
-0.040315
-0.040315
-0.040315
-0.040315
-0.040315
-0.040315
-0.040315
-0.040315
-0.040315
-0.040315
-0.040315
-0.040315
-0.040315
-0.040315
-0.040315
-0.040315
-0.040315
-0.040315
-0.040315
-0.040315
-0.040315
-0.040315
-0.040315
-0.040316
-0.040316
-0.040316
-0.040316
-0.040316
-0.040316
-0.040316
-0.040316
-0.040316
-0.040316
-0.040316
-0.040316
-0.040316
-0.040316
-0.040316
-0.040316
-0.040316
-0.040316
-0.040316
-0.040316
-0.040316
-0.040316
-0.040316
-0.040316
-0.040316
-0.040316
-0.040316
-0.040316
-0.040316
-0.040316
-0.040316
-0.040316
-0.040316
-0.040316
-0.040316
-0.040316
-0.040316
-0.040316
-0.040316
-0.040316
-0.040316
-0.040316
-0.040316
-0.040316
-0.040316
-0.040317
-0.040317
-0.040317
-0.040317
-0.040317
-0.040317
-0.040317
-0.040317
-0.040317
-0.040317
-0.040317
-0.040317
-0.040317
-0.040317
-0.040317
-0.040317
-0.040317
-0.040317
-0.040317
-0.040317
-0.040317
-0.040317
-0.040317
-0.040317
-0.040317
-0.040317
-0.040318
-0.040318
-0.040318
-0.040318
-0.040318
-0.040318
-0.040318
-0.040318
-0.040318
-0.040318
-0.040318
-0.040318
-0.040318
-0.040318
-0.040318
-0.040318
-0.040318
-0.040318
-0.040318
-0.040318
-0.040318
-0.040319
-0.040319
-0.040319
-0.040319
-0.040319
-0.040319
-0.040319
-0.040319
-0.040319
-0.040319
-0.040319
-0.040319
-0.040319
-0.040319
-0.040319
-0.040319
-0.040319
-0.040319
-0.040320
-0.040320
-0.040320
-0.040320
-0.040320
-0.040320
-0.040320
-0.040320
-0.040320
-0.040320
-0.040320
-0.040320
-0.040320
-0.040320
-0.040320
-0.040320
-0.040320
-0.040321
-0.040321
-0.040321
-0.040321
-0.040321
-0.040321
-0.040321
-0.040321
-0.040321
-0.040321
-0.040321
-0.040321
-0.040321
-0.040321
-0.040322
-0.040322
-0.040322
-0.040322
-0.040322
-0.040322
-0.040322
-0.040322
-0.040322
-0.040322
-0.040322
-0.040322
-0.040322
-0.040322
-0.040323
-0.040323
-0.040323
-0.040323
-0.040323
-0.040323
-0.040323
-0.040323
-0.040323
-0.040323
-0.040323
-0.040323
-0.040323
-0.040324
-0.040324
-0.040324
-0.040324
-0.040324
-0.040324
-0.040324
-0.040324
-0.040324
-0.040324
-0.040324
-0.040324
-0.040325
-0.040325
-0.040325
-0.040325
-0.040325
-0.040325
-0.040325
-0.040325
-0.040325
-0.040325
-0.040325
-0.040325
-0.040326
-0.040326
-0.040326
-0.040326
-0.040326
-0.040326
-0.040326
-0.040326
-0.040326
-0.040326
-0.040326
-0.040327
-0.040327
-0.040327
-0.040327
-0.040327
-0.040327
-0.040327
-0.040327
-0.040327
-0.040327
-0.040327
-0.040328
-0.040328
-0.040328
-0.040328
-0.040328
-0.040328
-0.040328
-0.040328
-0.040328
-0.040328
-0.040328
-0.040329
-0.040329
-0.040329
-0.040329
-0.040329
-0.040329
-0.040329
-0.040329
-0.040329
-0.040329
-0.040330
-0.040330
-0.040330
-0.040330
-0.040330
-0.040330
-0.040330
-0.040330
-0.040330
-0.040330
-0.040331
-0.040331
-0.040331
-0.040331
-0.040331
-0.040331
-0.040331
-0.040331
-0.040331
-0.040331
-0.040332
-0.040332
-0.040332
-0.040332
-0.040332
-0.040332
-0.040332
-0.040332
-0.040332
-0.040332
-0.040333
-0.040333
-0.040333
-0.040333
-0.040333
-0.040333
-0.040333
-0.040333
-0.040333
-0.040334
-0.040334
-0.040334
-0.040334
-0.040334
-0.040334
-0.040334
-0.040334
-0.040334
-0.040335
-0.040335
-0.040335
-0.040335
-0.040335
-0.040335
-0.040335
-0.040335
-0.040335
-0.040336
-0.040336
-0.040336
-0.040336
-0.040336
-0.040336
-0.040336
-0.040336
-0.040336
-0.040337
-0.040337
-0.040337
-0.040337
-0.040337
-0.040337
-0.040337
-0.040337
-0.040337
-0.040338
-0.040338
-0.040338
-0.040338
-0.040338
-0.040338
-0.040338
-0.040338
-0.040338
-0.040339
-0.040339
-0.040339
-0.040339
-0.040339
-0.040339
-0.040339
-0.040339
-0.040340
-0.040340
-0.040340
-0.040340
-0.040340
-0.040340
-0.040340
-0.040340
-0.040341
-0.040341
-0.040341
-0.040341
-0.040341
-0.040341
-0.040341
-0.040341
-0.040341
-0.040342
-0.040342
-0.040342
-0.040342
-0.040342
-0.040342
-0.040342
-0.040342
-0.040343
-0.040343
-0.040343
-0.040343
-0.040343
-0.040343
-0.040343
-0.040343
-0.040344
-0.040344
-0.040344
-0.040344
-0.040344
-0.040344
-0.040344
-0.040344
-0.040345
-0.040345
-0.040345
-0.040345
-0.040345
-0.040345
-0.040345
-0.040345
-0.040346
-0.040346
-0.040346
-0.040346
-0.040346
-0.040346
-0.040346
-0.040346
-0.040347
-0.040347
-0.040347
-0.040347
-0.040347
-0.040347
-0.040347
-0.040347
-0.040348
-0.040348
-0.040348
-0.040348
-0.040348
-0.040348
-0.040348
-0.040348
-0.040349
-0.040349
-0.040349
-0.040349
-0.040349
-0.040349
-0.040349
-0.040350
-0.040350
-0.040350
-0.040350
-0.040350
-0.040350
-0.040350
-0.040350
-0.040351
-0.040351
-0.040351
-0.040351
-0.040351
-0.040351
-0.040351
-0.040351
-0.040352
-0.040352
-0.040352
-0.040352
-0.040352
-0.040352
-0.040352
-0.040353
-0.040353
-0.040353
-0.040353
-0.040353
-0.040353
-0.040353
-0.040353
-0.040354
-0.040354
-0.040354
-0.040354
-0.040354
-0.040354
-0.040354
-0.040355
-0.040355
-0.040355
-0.040355
-0.040355
-0.040355
-0.040355
-0.040355
-0.040356
-0.040356
-0.040356
-0.040356
-0.040356
-0.040356
-0.040356
-0.040357
-0.040357
-0.040357
-0.040357
-0.040357
-0.040357
-0.040357
-0.040358
-0.040358
-0.040358
-0.040358
-0.040358
-0.040358
-0.040358
-0.040358
-0.040359
-0.040359
-0.040359
-0.040359
-0.040359
-0.040359
-0.040359
-0.040360
-0.040360
-0.040360
-0.040360
-0.040360
-0.040360
-0.040360
-0.040361
-0.040361
-0.040361
-0.040361
-0.040361
-0.040361
-0.040361
-0.040361
-0.040362
-0.040362
-0.040362
-0.040362
-0.040362
-0.040362
-0.040362
-0.040363
-0.040363
-0.040363
-0.040363
-0.040363
-0.040363
-0.040363
-0.040364
-0.040364
-0.040364
-0.040364
-0.040364
-0.040364
-0.040364
-0.040365
-0.040365
-0.040365
-0.040365
-0.040365
-0.040365
-0.040365
-0.040366
-0.040366
-0.040366
-0.040366
-0.040366
-0.040366
-0.040366
-0.040367
-0.040367
-0.040367
-0.040367
-0.040367
-0.040367
-0.040367
-0.040367
-0.040368
-0.040368
-0.040368
-0.040368
-0.040368
-0.040368
-0.040368
-0.040369
-0.040369
-0.040369
-0.040369
-0.040369
-0.040369
-0.040369
-0.040370
-0.040370
-0.040370
-0.040370
-0.040370
-0.040370
-0.040370
-0.040371
-0.040371
-0.040371
-0.040371
-0.040371
-0.040371
-0.040371
-0.040372
-0.040372
-0.040372
-0.040372
-0.040372
-0.040372
-0.040372
-0.040373
-0.040373
-0.040373
-0.040373
-0.040373
-0.040373
-0.040373
-0.040374
-0.040374
-0.040374
-0.040374
-0.040374
-0.040374
-0.040374
-0.040375
-0.040375
-0.040375
-0.040375
-0.040375
-0.040375
-0.040375
-0.040376
-0.040376
-0.040376
-0.040376
-0.040376
-0.040376
-0.040376
-0.040377
-0.040377
-0.040377
-0.040377
-0.040377
-0.040377
-0.040377
-0.040378
-0.040378
-0.040378
-0.040378
-0.040378
-0.040378
-0.040378
-0.040379
-0.040379
-0.040379
-0.040379
-0.040379
-0.040379
-0.040379
-0.040379
-0.040380
-0.040380
-0.040380
-0.040380
-0.040380
-0.040380
-0.040380
-0.040381
-0.040381
-0.040381
-0.040381
-0.040381
-0.040381
-0.040381
-0.040382
-0.040382
-0.040382
-0.040382
-0.040382
-0.040382
-0.040382
-0.040382
-0.040383
-0.040383
-0.040383
-0.040383
-0.040383
-0.040383
-0.040383
-0.040384
-0.040384
-0.040384
-0.040384
-0.040384
-0.040384
-0.040384
-0.040385
-0.040385
-0.040385
-0.040385
-0.040385
-0.040385
-0.040385
-0.040386
-0.040386
-0.040386
-0.040386
-0.040386
-0.040386
-0.040386
-0.040387
-0.040387
-0.040387
-0.040387
-0.040387
-0.040387
-0.040387
-0.040388
-0.040388
-0.040388
-0.040388
-0.040388
-0.040388
-0.040388
-0.040389
-0.040389
-0.040389
-0.040389
-0.040389
-0.040389
-0.040389
-0.040390
-0.040390
-0.040390
-0.040390
-0.040390
-0.040390
-0.040390
-0.040391
-0.040391
-0.040391
-0.040391
-0.040391
-0.040391
-0.040391
-0.040392
-0.040392
-0.040392
-0.040392
-0.040392
-0.040392
-0.040392
-0.040393
-0.040393
-0.040393
-0.040393
-0.040393
-0.040393
-0.040393
-0.040393
-0.040394
-0.040394
-0.040394
-0.040394
-0.040394
-0.040394
-0.040394
-0.040395
-0.040395
-0.040395
-0.040395
-0.040395
-0.040395
-0.040395
-0.040396
-0.040396
-0.040396
-0.040396
-0.040396
-0.040396
-0.040396
-0.040397
-0.040397
-0.040397
-0.040397
-0.040397
-0.040397
-0.040397
-0.040398
-0.040398
-0.040398
-0.040398
-0.040398
-0.040398
-0.040398
-0.040398
-0.040399
-0.040399
-0.040399
-0.040399
-0.040399
-0.040399
-0.040399
-0.040400
-0.040400
-0.040400
-0.040400
-0.040400
-0.040400
-0.040400
-0.040401
-0.040401
-0.040401
-0.040401
-0.040401
-0.040401
-0.040401
-0.040402
-0.040402
-0.040402
-0.040402
-0.040402
-0.040402
-0.040402
-0.040402
-0.040403
-0.040403
-0.040403
-0.040403
-0.040403
-0.040403
-0.040403
-0.040404
-0.040404
-0.040404
-0.040404
-0.040404
-0.040404
-0.040404
-0.040404
-0.040405
-0.040405
-0.040405
-0.040405
-0.040405
-0.040405
-0.040405
-0.040406
-0.040406
-0.040406
-0.040406
-0.040406
-0.040406
-0.040406
-0.040407
-0.040407
-0.040407
-0.040407
-0.040407
-0.040407
-0.040407
-0.040407
-0.040408
-0.040408
-0.040408
-0.040408
-0.040408
-0.040408
-0.040408
-0.040409
-0.040409
-0.040409
-0.040409
-0.040409
-0.040409
-0.040409
-0.040409
-0.040410
-0.040410
-0.040410
-0.040410
-0.040410
-0.040410
-0.040410
-0.040410
-0.040411
-0.040411
-0.040411
-0.040411
-0.040411
-0.040411
-0.040411
-0.040412
-0.040412
-0.040412
-0.040412
-0.040412
-0.040412
-0.040412
-0.040412
-0.040413
-0.040413
-0.040413
-0.040413
-0.040413
-0.040413
-0.040413
-0.040414
-0.040414
-0.040414
-0.040414
-0.040414
-0.040414
-0.040414
-0.040414
-0.040415
-0.040415
-0.040415
-0.040415
-0.040415
-0.040415
-0.040415
-0.040415
-0.040416
-0.040416
-0.040416
-0.040416
-0.040416
-0.040416
-0.040416
-0.040416
-0.040417
-0.040417
-0.040417
-0.040417
-0.040417
-0.040417
-0.040417
-0.040417
-0.040418
-0.040418
-0.040418
-0.040418
-0.040418
-0.040418
-0.040418
-0.040418
-0.040419
-0.040419
-0.040419
-0.040419
-0.040419
-0.040419
-0.040419
-0.040419
-0.040420
-0.040420
-0.040420
-0.040420
-0.040420
-0.040420
-0.040420
-0.040420
-0.040421
-0.040421
-0.040421
-0.040421
-0.040421
-0.040421
-0.040421
-0.040421
-0.040422
-0.040422
-0.040422
-0.040422
-0.040422
-0.040422
-0.040422
-0.040422
-0.040423
-0.040423
-0.040423
-0.040423
-0.040423
-0.040423
-0.040423
-0.040423
-0.040424
-0.040424
-0.040424
-0.040424
-0.040424
-0.040424
-0.040424
-0.040424
-0.040425
-0.040425
-0.040425
-0.040425
-0.040425
-0.040425
-0.040425
-0.040425
-0.040425
-0.040426
-0.040426
-0.040426
-0.040426
-0.040426
-0.040426
-0.040426
-0.040426
-0.040427
-0.040427
-0.040427
-0.040427
-0.040427
-0.040427
-0.040427
-0.040427
-0.040427
-0.040428
-0.040428
-0.040428
-0.040428
-0.040428
-0.040428
-0.040428
-0.040428
-0.040429
-0.040429
-0.040429
-0.040429
-0.040429
-0.040429
-0.040429
-0.040429
-0.040429
-0.040430
-0.040430
-0.040430
-0.040430
-0.040430
-0.040430
-0.040430
-0.040430
-0.040430
-0.040431
-0.040431
-0.040431
-0.040431
-0.040431
-0.040431
-0.040431
-0.040431
-0.040432
-0.040432
-0.040432
-0.040432
-0.040432
-0.040432
-0.040432
-0.040432
-0.040432
-0.040433
-0.040433
-0.040433
-0.040433
-0.040433
-0.040433
-0.040433
-0.040433
-0.040433
-0.040434
-0.040434
-0.040434
-0.040434
-0.040434
-0.040434
-0.040434
-0.040434
-0.040434
-0.040435
-0.040435
-0.040435
-0.040435
-0.040435
-0.040435
-0.040435
-0.040435
-0.040435
-0.040436
-0.040436
-0.040436
-0.040436
-0.040436
-0.040436
-0.040436
-0.040436
-0.040436
-0.040436
-0.040437
-0.040437
-0.040437
-0.040437
-0.040437
-0.040437
-0.040437
-0.040437
-0.040437
-0.040438
-0.040438
-0.040438
-0.040438
-0.040438
-0.040438
-0.040438
-0.040438
-0.040438
-0.040438
-0.040439
-0.040439
-0.040439
-0.040439
-0.040439
-0.040439
-0.040439
-0.040439
-0.040439
-0.040440
-0.040440
-0.040440
-0.040440
-0.040440
-0.040440
-0.040440
-0.040440
-0.040440
-0.040440
-0.040441
-0.040441
-0.040441
-0.040441
-0.040441
-0.040441
-0.040441
-0.040441
-0.040441
-0.040441
-0.040442
-0.040442
-0.040442
-0.040442
-0.040442
-0.040442
-0.040442
-0.040442
-0.040442
