-0.820099
-0.640799
-0.640786
-0.640706
-0.640681
-0.640667
-0.640653
-0.640636
-0.640616
-0.640592
-0.640566
-0.640536
-0.640505
-0.640472
-0.640438
-0.640402
-0.640366
-0.640330
-0.640293
-0.640256
-0.640219
-0.640183
-0.640147
-0.640111
-0.640076
-0.640042
-0.640008
-0.639974
-0.639942
-0.639910
-0.639879
-0.639848
-0.639819
-0.639790
-0.639762
-0.639735
-0.639709
-0.639684
-0.639660
-0.639637
-0.639615
-0.639593
-0.639573
-0.639554
-0.639535
-0.639518
-0.639502
-0.639486
-0.639472
-0.639459
-0.639446
-0.639435
-0.639425
-0.639415
-0.639407
-0.639399
-0.639392
-0.639387
-0.639382
-0.639378
-0.639375
-0.639373
-0.639372
-0.639372
-0.639372
-0.639374
-0.639376
-0.639379
-0.639383
-0.639388
-0.639393
-0.639399
-0.639406
-0.639414
-0.639422
-0.639431
-0.639441
-0.639452
-0.639463
-0.639475
-0.639487
-0.639500
-0.639514
-0.639529
-0.639544
-0.639559
-0.639575
-0.639592
-0.639610
-0.639628
-0.639646
-0.639665
-0.639685
-0.639706
-0.639726
-0.639748
-0.639770
-0.639792
-0.639815
-0.639839
-0.639863
-0.639888
-0.639913
-0.639939
-0.639966
-0.639993
-0.640020
-0.640049
-0.640077
-0.640107
-0.640136
-0.640167
-0.640198
-0.640230
-0.640262
-0.640295
-0.640328
-0.640362
-0.640397
-0.640432
-0.640468
-0.640505
-0.640542
-0.640580
-0.640619
-0.640658
-0.640698
-0.640739
-0.640781
-0.640823
-0.640866
-0.640909
-0.640954
-0.640999
-0.641045
-0.641091
-0.641139
-0.641187
-0.641236
-0.641286
-0.641336
-0.641388
-0.641440
-0.641493
-0.641547
-0.641602
-0.641658
-0.641714
-0.641772
-0.641830
-0.641889
-0.641950
-0.642011
-0.642073
-0.642136
-0.642200
-0.642265
-0.642331
-0.642397
-0.642465
-0.642534
-0.642604
-0.642675
-0.642747
-0.642820
-0.642894
-0.642969
-0.643045
-0.643122
-0.643200
-0.643279
-0.643360
-0.643441
-0.643524
-0.643608
-0.643692
-0.643778
-0.643865
-0.643953
-0.644043
-0.644133
-0.644225
-0.644318
-0.644412
-0.644507
-0.644603
-0.644701
-0.644799
-0.644899
-0.645000
-0.645103
-0.645206
-0.645311
-0.645417
-0.645524
-0.645633
-0.645742
-0.645853
-0.645966
-0.646079
-0.646194
-0.646310
-0.646427
-0.646546
-0.646666
-0.646787
-0.646909
-0.647033
-0.647158
-0.647284
-0.647412
-0.647541
-0.647671
-0.647803
-0.647936
-0.648070
-0.648206
-0.648343
-0.648481
-0.648621
-0.648762
-0.648905
-0.649048
-0.649193
-0.649340
-0.649488
-0.649637
-0.649788
-0.649940
-0.650093
-0.650248
-0.650404
-0.650561
-0.650720
-0.650880
-0.651042
-0.651205
-0.651370
-0.651536
-0.651703
-0.651872
-0.652042
-0.652213
-0.652386
-0.652560
-0.652736
-0.652913
-0.653092
-0.653272
-0.653453
-0.653636
-0.653820
-0.654006
-0.654193
-0.654382
-0.654572
-0.654763
-0.654956
-0.655150
-0.655346
-0.655543
-0.655742
-0.655942
-0.656143
-0.656346
-0.656550
-0.656756
-0.656963
-0.657172
-0.657382
-0.657593
-0.657806
-0.658020
-0.658236
-0.658453
-0.658672
-0.658892
-0.659113
-0.659336
-0.659561
-0.659786
-0.660013
-0.660242
-0.660472
-0.660703
-0.660936
-0.661170
-0.661406
-0.661643
-0.661881
-0.662121
-0.662362
-0.662605
-0.662849
-0.663095
-0.663341
-0.663590
-0.663839
-0.664090
-0.664342
-0.664596
-0.664851
-0.665107
-0.665365
-0.665624
-0.665885
-0.666147
-0.666410
-0.666674
-0.666940
-0.667207
-0.667475
-0.667745
-0.668016
-0.668289
-0.668562
-0.668837
-0.669113
-0.669391
-0.669669
-0.669949
-0.670230
-0.670513
-0.670796
-0.671081
-0.671367
-0.671654
-0.671943
-0.672232
-0.672523
-0.672815
-0.673108
-0.673402
-0.673698
-0.673994
-0.674291
-0.674590
-0.674890
-0.675190
-0.675492
-0.675795
-0.676099
-0.676403
-0.676709
-0.677016
-0.677324
-0.677632
-0.677942
-0.678252
-0.678564
-0.678876
-0.679189
-0.679503
-0.679818
-0.680133
-0.680450
-0.680767
-0.681084
-0.681403
-0.681722
-0.682042
-0.682362
-0.682684
-0.683005
-0.683328
-0.683651
-0.683974
-0.684298
-0.684622
-0.684947
-0.685272
-0.685598
-0.685924
-0.686250
-0.686577
-0.686904
-0.687231
-0.687558
-0.687886
-0.688213
-0.688541
-0.688869
-0.689197
-0.689525
-0.689853
-0.690181
-0.690509
-0.690836
-0.691164
-0.691491
-0.691818
-0.692145
-0.692472
-0.692798
-0.693124
-0.693449
-0.693774
-0.694099
-0.694423
-0.694746
-0.695069
-0.695391
-0.695712
-0.696033
-0.696352
-0.696671
-0.696989
-0.697307
-0.697623
-0.697938
-0.698252
-0.698565
-0.698877
-0.699188
-0.699497
-0.699806
-0.700113
-0.700418
-0.700722
-0.701025
-0.701327
-0.701627
-0.701925
-0.702222
-0.702517
-0.702810
-0.703102
-0.703392
-0.703680
-0.703966
-0.704251
-0.704533
-0.704814
-0.705093
-0.705369
-0.705644
-0.705916
-0.706187
-0.706455
-0.706721
-0.706985
-0.707247
-0.707507
-0.707764
-0.708019
-0.708271
-0.708521
-0.708769
-0.709015
-0.709257
-0.709498
-0.709736
-0.709971
-0.710204
-0.710434
-0.710662
-0.710887
-0.711110
-0.711330
-0.711547
-0.711761
-0.711973
-0.712182
-0.712388
-0.712592
-0.712793
-0.712990
-0.713186
-0.713378
-0.713567
-0.713753
-0.713937
-0.714117
-0.714295
-0.714470
-0.714641
-0.714810
-0.714975
-0.715138
-0.715297
-0.715453
-0.715606
-0.715756
-0.715903
-0.716046
-0.716186
-0.716323
-0.716457
-0.716587
-0.716714
-0.716838
-0.716958
-0.717075
-0.717189
-0.717299
-0.717406
-0.717509
-0.717609
-0.717705
-0.717798
-0.717798
-0.717887
-0.717972
-0.718055
-0.718133
-0.718208
-0.718280
-0.718348
-0.718412
-0.718473
-0.718530
-0.718583
-0.718634
-0.718680
-0.718723
-0.718762
-0.718798
-0.718831
-0.718860
-0.718885
-0.718907
-0.718925
-0.718940
-0.718952
-0.718960
-0.718965
-0.718967
-0.718965
-0.718960
-0.718952
-0.718940
-0.718926
-0.718908
-0.718887
-0.718863
-0.718836
-0.718807
-0.718774
-0.718738
-0.718699
-0.718658
-0.718614
-0.718567
-0.718517
-0.718465
-0.718410
-0.718353
-0.718293
-0.718231
-0.718166
-0.718099
-0.718029
-0.717957
-0.717883
-0.717807
-0.717729
-0.717648
-0.717565
-0.717481
-0.717394
-0.717305
-0.717215
-0.717123
-0.717028
-0.716932
-0.716834
-0.716735
-0.716634
-0.716531
-0.716426
-0.716320
-0.716212
-0.716103
-0.715992
-0.715880
-0.715767
-0.715651
-0.715535
-0.715417
-0.715298
-0.715178
-0.715056
-0.714933
-0.714808
-0.714683
-0.714556
-0.714428
-0.714299
-0.714168
-0.714037
-0.713904
-0.713770
-0.713635
-0.713499
-0.713362
-0.713224
-0.713084
-0.712944
-0.712802
-0.712659
-0.712515
-0.712370
-0.712224
-0.712077
-0.711929
-0.711779
-0.711629
-0.711477
-0.711325
-0.711171
-0.711016
-0.710859
-0.710702
-0.710543
-0.710383
-0.710222
-0.710060
-0.709897
-0.709732
-0.709566
-0.709398
-0.709229
-0.709059
-0.708887
-0.708714
-0.708540
-0.708364
-0.708186
-0.708007
-0.707827
-0.707645
-0.707461
-0.707275
-0.707088
-0.706899
-0.706708
-0.706515
-0.706321
-0.706124
-0.705926
-0.705725
-0.705523
-0.705318
-0.705111
-0.704902
-0.704691
-0.704477
-0.704261
-0.704043
-0.703822
-0.703598
-0.703372
-0.703143
-0.702911
-0.702677
-0.702439
-0.702199
-0.701955
-0.701709
-0.701459
-0.701206
-0.700950
-0.700690
-0.700427
-0.700160
-0.699889
-0.699615
-0.699336
-0.699054
-0.698768
-0.698478
-0.698183
-0.697884
-0.697581
-0.697273
-0.696960
-0.696642
-0.696320
-0.695993
-0.695660
-0.695322
-0.694979
-0.694631
-0.694276
-0.693917
-0.693551
-0.693179
-0.692801
-0.692416
-0.692026
-0.691628
-0.691224
-0.690813
-0.690395
-0.689970
-0.689537
-0.689097
-0.688649
-0.688194
-0.687730
-0.687258
-0.686778
-0.686289
-0.685791
-0.685284
-0.684768
-0.684243
-0.683708
-0.683164
-0.682610
-0.682045
-0.681470
-0.680884
-0.680288
-0.679681
-0.679062
-0.678432
-0.677790
-0.677136
-0.676470
-0.675792
-0.675101
-0.674398
-0.673681
-0.672951
-0.672207
-0.671450
-0.670678
-0.669893
-0.669092
-0.668278
-0.667448
-0.666603
-0.665743
-0.664867
-0.663976
-0.663069
-0.662145
-0.661206
-0.660250
-0.659277
-0.658288
-0.657282
-0.656259
-0.655219
-0.654162
-0.653088
-0.651997
-0.650889
-0.649764
-0.648622
-0.647463
-0.646287
-0.645094
-0.643885
-0.642660
-0.641418
-0.640161
-0.638888
-0.637599
-0.636296
-0.634978
-0.633645
-0.632298
-0.630937
-0.629563
-0.628176
-0.626776
-0.625364
-0.623939
-0.622503
-0.621055
-0.619596
-0.618126
-0.616645
-0.615154
-0.613652
-0.612141
-0.610619
-0.609088
-0.607548
-0.605998
-0.604440
-0.602873
-0.601298
-0.599716
-0.598125
-0.596529
-0.594925
-0.593316
-0.591702
-0.590084
-0.588462
-0.586837
-0.585211
-0.583584
-0.581957
-0.580331
-0.578708
-0.577088
-0.575473
-0.573864
-0.572261
-0.570668
-0.569083
-0.567509
-0.565948
-0.564399
-0.562864
-0.561345
-0.559841
-0.558356
-0.556888
-0.555440
-0.554012
-0.552604
-0.551218
-0.549855
-0.548514
-0.547197
-0.545904
-0.544635
-0.543391
-0.542172
-0.540978
-0.539809
-0.538666
-0.537548
-0.536456
-0.535390
-0.534348
-0.533332
-0.532342
-0.531375
-0.530434
-0.529517
-0.528624
-0.527754
-0.526908
-0.526085
-0.525284
-0.524506
-0.523749
-0.523014
-0.522299
-0.521605
-0.520930
-0.520276
-0.519640
-0.519022
-0.518423
-0.517842
-0.517277
-0.516730
-0.516198
-0.515683
-0.515183
-0.514698
-0.514227
-0.513771
-0.513329
-0.512900
-0.512484
-0.512080
-0.511689
-0.511310
-0.510943
-0.510587
-0.510242
-0.509908
-0.509584
-0.509270
-0.508966
-0.508671
-0.508386
-0.508110
-0.507842
-0.507584
-0.507333
-0.507091
-0.506856
-0.506630
-0.506410
-0.506198
-0.505994
-0.505796
-0.505605
-0.505421
-0.505243
-0.505072
-0.504907
-0.504748
-0.504595
-0.504448
-0.504307
-0.504171
-0.504041
-0.503916
-0.503797
-0.503683
-0.503574
-0.503471
-0.503372
-0.503278
-0.503189
-0.503105
-0.503026
-0.502951
-0.502882
-0.502816
-0.502755
-0.502699
-0.502647
-0.502600
-0.502557
-0.502518
-0.502483
-0.502453
-0.502427
-0.502405
-0.502387
-0.502374
-0.502364
-0.502358
-0.502357
-0.502359
-0.502366
-0.502376
-0.502391
-0.502409
-0.502431
-0.502457
-0.502487
-0.502520
-0.502558
-0.502599
-0.502644
-0.502692
-0.502745
-0.502801
-0.502860
-0.502924
-0.502991
-0.503061
-0.503135
-0.503213
-0.503294
-0.503378
-0.503466
-0.503558
-0.503653
-0.503751
-0.503853
-0.503957
-0.504066
-0.504177
-0.504292
-0.504410
-0.504531
-0.504656
-0.504783
-0.504914
-0.505047
-0.505184
-0.505324
-0.505466
-0.505612
-0.505760
-0.505912
-0.506066
-0.506223
-0.506383
-0.506545
-0.506711
-0.506878
-0.507049
-0.507222
-0.507398
-0.507576
-0.507757
-0.507940
-0.508125
-0.508313
-0.508504
-0.508696
-0.508891
-0.509089
-0.509288
-0.509489
-0.509693
-0.509899
-0.510107
-0.510317
-0.510529
-0.510743
-0.510958
-0.511176
-0.511396
-0.511617
-0.511840
-0.511840
-0.512065
-0.512292
-0.512521
-0.512751
-0.512983
-0.513216
-0.513451
-0.513688
-0.513926
-0.514165
-0.514406
-0.514649
-0.514893
-0.515138
-0.515385
-0.515633
-0.515882
-0.516133
-0.516384
-0.516638
-0.516892
-0.517147
-0.517404
-0.517662
-0.517920
-0.518180
-0.518441
-0.518703
-0.518966
-0.519230
-0.519495
-0.519761
-0.520028
-0.520296
-0.520565
-0.520834
-0.521105
-0.521376
-0.521648
-0.521921
-0.522194
-0.522469
-0.522744
-0.523020
-0.523296
-0.523574
-0.523852
-0.524130
-0.524409
-0.524689
-0.524970
-0.525251
-0.525532
-0.525815
-0.526097
-0.526381
-0.526664
-0.526949
-0.527234
-0.527519
-0.527805
-0.528091
-0.528378
-0.528665
-0.528952
-0.529240
-0.529529
-0.529817
-0.530107
-0.530396
-0.530686
-0.530976
-0.531267
-0.531558
-0.531849
-0.532140
-0.532432
-0.532724
-0.533016
-0.533309
-0.533602
-0.533895
-0.534188
-0.534482
-0.534775
-0.535069
-0.535363
-0.535658
-0.535952
-0.536247
-0.536542
-0.536837
-0.537132
-0.537428
-0.537723
-0.538019
-0.538314
-0.538610
-0.538906
-0.539202
-0.539498
-0.539795
-0.540091
-0.540387
-0.540684
-0.540981
-0.541277
-0.541574
-0.541870
-0.542167
-0.542464
-0.542761
-0.543057
-0.543354
-0.543651
-0.543948
-0.544245
-0.544542
-0.544838
-0.545135
-0.545432
-0.545729
-0.546025
-0.546322
-0.546618
-0.546915
-0.547211
-0.547508
-0.547804
-0.548100
-0.548397
-0.548693
-0.548989
-0.549285
-0.549580
-0.549876
-0.550172
-0.550467
-0.550763
-0.551058
-0.551353
-0.551648
-0.551943
-0.552238
-0.552532
-0.552827
-0.553121
-0.553415
-0.553709
-0.554003
-0.554296
-0.554590
-0.554883
-0.555176
-0.555469
-0.555762
-0.556055
-0.556347
-0.556639
-0.556931
-0.557223
-0.557514
-0.557806
-0.558097
-0.558388
-0.558678
-0.558969
-0.559259
-0.559549
-0.559839
-0.560128
-0.560417
-0.560706
-0.560995
-0.561284
-0.561572
-0.561860
-0.562148
-0.562435
-0.562722
-0.563009
-0.563296
-0.563582
-0.563868
-0.564154
-0.564439
-0.564724
-0.565009
-0.565294
-0.565578
-0.565862
-0.566145
-0.566429
-0.566712
-0.566994
-0.567277
-0.567559
-0.567841
-0.568122
-0.568403
-0.568684
-0.568964
-0.569244
-0.569524
-0.569803
-0.570082
-0.570361
-0.570639
-0.570917
-0.571194
-0.571471
-0.571748
-0.572025
-0.572301
-0.572576
-0.572852
-0.573127
-0.573401
-0.573675
-0.573949
-0.574223
-0.574496
-0.574768
-0.575040
-0.575312
-0.575584
-0.575855
-0.576125
-0.576395
-0.576665
-0.576934
-0.577203
-0.577472
-0.577740
-0.578008
-0.578275
-0.578542
-0.578808
-0.579074
-0.579340
-0.579605
-0.579869
-0.580134
-0.580397
-0.580661
-0.580923
-0.581186
-0.581448
-0.581709
-0.581970
-0.582231
-0.582491
-0.582751
-0.583010
-0.583269
-0.583527
-0.583785
-0.584042
-0.584299
-0.584556
-0.584812
-0.585067
-0.585322
-0.585577
-0.585831
-0.586084
-0.586337
-0.586590
-0.586842
-0.587093
-0.587344
-0.587595
-0.587845
-0.588095
-0.588344
-0.588592
-0.588840
-0.589088
-0.589335
-0.589582
-0.589828
-0.590073
-0.590318
-0.590563
-0.590807
-0.591050
-0.591293
-0.591536
-0.591778
-0.592019
-0.592260
-0.592501
-0.592741
-0.592980
-0.593219
-0.593457
-0.593695
-0.593932
-0.594169
-0.594405
-0.594640
-0.594876
-0.595110
-0.595344
-0.595578
-0.595811
-0.596043
-0.596275
-0.596506
-0.596737
-0.596967
-0.597197
-0.597426
-0.597655
-0.597883
-0.598110
-0.598337
-0.598564
-0.598790
-0.599015
-0.599240
-0.599464
-0.599688
-0.599911
-0.600133
-0.600355
-0.600577
-0.600798
-0.601018
-0.601238
-0.601457
-0.601676
-0.601894
-0.602112
-0.602329
-0.602545
-0.602761
-0.602977
-0.603191
-0.603406
-0.603619
-0.603833
-0.604045
-0.604257
-0.604469
-0.604680
-0.604890
-0.605100
-0.605309
-0.605518
-0.605726
-0.605933
-0.606140
-0.606347
-0.606553
-0.606758
-0.606963
-0.607167
-0.607371
-0.607574
-0.607777
-0.607979
-0.608180
-0.608381
-0.608582
-0.608782
-0.608981
-0.609180
-0.609378
-0.609575
-0.609773
-0.609969
-0.610165
-0.610361
-0.610556
-0.610750
-0.610944
-0.611137
-0.611330
-0.611522
-0.611714
-0.611905
-0.612096
-0.612286
-0.612476
-0.612665
-0.612854
-0.613042
-0.613229
-0.613416
-0.613603
-0.613789
-0.613974
-0.614159
-0.614343
-0.614527
-0.614711
-0.614894
-0.615076
-0.615258
-0.615439
-0.615620
-0.615801
-0.615981
-0.616160
-0.616339
-0.616518
-0.616696
-0.616873
-0.617050
-0.617227
-0.617403
-0.617578
-0.617753
-0.617928
-0.618102
-0.618276
-0.618449
-0.618622
-0.618794
-0.618966
-0.619137
-0.619308
-0.619479
-0.619649
-0.619819
-0.619988
-0.620157
-0.620325
-0.620493
-0.620660
-0.620827
-0.620994
-0.621160
-0.621326
-0.621491
-0.621656
-0.621821
-0.621985
-0.622149
-0.622312
-0.622475
-0.622638
-0.622800
-0.622962
-0.623123
-0.623284
-0.623445
-0.623605
-0.623765
-0.623925
-0.624084
-0.624242
-0.624401
-0.624559
-0.624717
-0.624874
-0.625031
-0.625188
-0.625344
-0.625500
-0.625656
-0.625811
-0.625966
-0.626121
-0.626275
-0.626429
-0.626583
-0.626737
-0.626890
-0.627043
-0.627195
-0.627347
-0.627499
-0.627651
-0.627802
-0.627953
-0.628104
-0.628254
-0.628404
-0.628554
-0.628704
-0.628853
-0.629002
-0.629151
-0.629300
-0.629448
-0.629596
-0.629744
-0.629892
-0.630039
-0.630186
-0.630333
-0.630479
-0.630626
-0.630772
-0.630918
-0.631063
-0.631209
-0.631209
-0.631354
-0.631499
-0.631644
-0.631788
-0.631933
-0.632077
-0.632221
-0.632364
-0.632508
-0.632651
-0.632795
-0.632938
-0.633080
-0.633223
-0.633365
-0.633508
-0.633650
-0.633792
-0.633933
-0.634075
-0.634216
-0.634357
-0.634498
-0.634639
-0.634780
-0.634921
-0.635061
-0.635201
-0.635342
-0.635482
-0.635621
-0.635761
-0.635901
-0.636040
-0.636180
-0.636319
-0.636458
-0.636597
-0.636736
-0.636874
-0.637013
-0.637152
-0.637290
-0.637428
-0.637566
-0.637705
-0.637842
-0.637980
-0.638118
-0.638256
-0.638393
-0.638531
-0.638668
-0.638806
-0.638943
-0.639080
-0.639217
-0.639354
-0.639491
-0.639628
-0.639765
-0.639902
-0.640038
-0.640175
-0.640312
-0.640448
-0.640585
-0.640721
-0.640857
-0.640994
-0.641130
-0.641266
-0.641402
-0.641538
-0.641674
-0.641811
-0.641946
-0.642082
-0.642218
-0.642354
-0.642490
-0.642626
-0.642762
-0.642897
-0.643033
-0.643169
-0.643304
-0.643440
-0.643575
-0.643711
-0.643846
-0.643982
-0.644117
-0.644252
-0.644387
-0.644522
-0.644658
-0.644793
-0.644927
-0.645062
-0.645197
-0.645332
-0.645466
-0.645600
-0.645735
-0.645869
-0.646002
-0.646136
-0.646270
-0.646403
-0.646536
-0.646668
-0.646801
-0.646933
-0.647064
-0.647195
-0.647326
-0.647456
-0.647586
-0.647715
-0.647843
-0.647971
-0.648097
-0.648223
-0.648348
-0.648472
-0.648595
-0.648716
-0.648836
-0.648955
-0.649072
-0.649187
-0.649301
-0.649412
-0.649522
-0.649629
-0.649733
-0.649835
-0.649933
-0.650029
-0.650121
-0.650210
-0.650295
-0.650375
-0.650451
-0.650522
-0.650589
-0.650649
-0.650704
-0.650753
-0.650795
-0.650831
-0.650859
-0.650879
-0.650890
-0.650893
-0.650886
-0.650870
-0.650843
-0.650805
-0.650755
-0.650693
-0.650619
-0.650530
-0.650428
-0.650310
-0.650178
-0.650028
-0.649862
-0.649679
-0.649477
-0.649257
-0.649018
-0.648759
-0.648479
-0.648180
-0.647860
-0.647519
-0.647157
-0.646775
-0.646374
-0.645953
-0.645513
-0.645056
-0.644582
-0.644094
-0.643593
-0.643081
-0.642559
-0.642032
-0.641500
-0.640967
-0.640435
-0.639908
-0.639388
-0.638878
-0.638381
-0.637900
-0.637436
-0.636993
-0.636572
-0.636174
-0.635801
-0.635453
-0.635132
-0.634837
-0.634569
-0.634326
-0.634108
-0.633914
-0.633744
-0.633596
-0.633468
-0.633360
-0.633271
-0.633198
-0.633141
-0.633098
-0.633069
-0.633052
-0.633046
-0.633050
-0.633063
-0.633084
-0.633112
-0.633147
-0.633188
-0.633233
-0.633283
-0.633336
-0.633392
-0.633451
-0.633511
-0.633572
-0.633635
-0.633697
-0.633760
-0.633822
-0.633884
-0.633944
-0.634004
-0.634061
-0.634118
-0.634172
-0.634225
-0.634275
-0.634324
-0.634371
-0.634416
-0.634459
-0.634500
-0.634539
-0.634576
-0.634612
-0.634646
-0.634678
-0.634710
-0.634739
-0.634768
-0.634796
-0.634822
-0.634848
-0.634873
-0.634897
-0.634921
-0.634945
-0.634968
-0.634991
-0.635013
-0.635036
-0.635059
-0.635082
-0.635105
-0.635128
-0.635152
-0.635176
-0.635200
-0.635225
-0.635251
-0.635277
-0.635304
-0.635332
-0.635360
-0.635389
-0.635419
-0.635450
-0.635481
-0.635513
-0.635547
-0.635581
-0.635615
-0.635651
-0.635688
-0.635725
-0.635763
-0.635803
-0.635843
-0.635883
-0.635925
-0.635968
-0.636011
-0.636055
-0.636100
-0.636146
-0.636193
-0.636240
-0.636288
-0.636337
-0.636386
-0.636436
-0.636487
-0.636539
-0.636591
-0.636643
-0.636697
-0.636751
-0.636805
-0.636860
-0.636916
-0.636972
-0.637028
-0.637085
-0.637143
-0.637201
-0.637259
-0.637317
-0.637377
-0.637436
-0.637496
-0.637556
-0.637616
-0.637677
-0.637737
-0.637798
-0.637860
-0.637921
-0.637983
-0.638045
-0.638107
-0.638169
-0.638232
-0.638294
-0.638357
-0.638419
-0.638482
-0.638545
-0.638608
-0.638671
-0.638734
-0.638796
-0.638859
-0.638922
-0.638985
-0.639048
-0.639111
-0.639173
-0.639236
-0.639298
-0.639361
-0.639423
-0.639485
-0.639547
-0.639609
-0.639671
-0.639733
-0.639794
-0.639856
-0.639917
-0.639978
-0.640038
-0.640099
-0.640159
-0.640220
-0.640280
-0.640339
-0.640399
-0.640458
-0.640517
-0.640576
-0.640634
-0.640693
-0.640751
-0.640809
-0.640866
-0.640923
-0.640980
-0.641037
-0.641094
-0.641150
-0.641206
-0.641261
-0.641317
-0.641372
-0.641426
-0.641481
-0.641535
-0.641589
-0.641643
-0.641696
-0.641749
-0.641802
-0.641854
-0.641906
-0.641958
-0.642009
-0.642060
-0.642111
-0.642162
-0.642212
-0.642262
-0.642312
-0.642361
-0.642410
-0.642459
-0.642507
-0.642556
-0.642603
-0.642651
-0.642698
-0.642745
-0.642792
-0.642838
-0.642884
-0.642930
-0.642976
-0.643021
-0.643066
-0.643110
-0.643155
-0.643199
-0.643242
-0.643286
-0.643329
-0.643372
-0.643414
-0.643457
-0.643499
-0.643541
-0.643582
-0.643623
-0.643664
-0.643705
-0.643745
-0.643786
-0.643825
-0.643865
-0.643905
-0.643944
-0.643982
-0.644021
-0.644059
-0.644098
-0.644135
-0.644173
-0.644210
-0.644248
-0.644284
-0.644321
-0.644357
-0.644394
-0.644430
-0.644465
-0.644501
-0.644536
-0.644571
-0.644606
-0.644640
-0.644675
-0.644709
-0.644743
-0.644776
-0.644810
-0.644843
-0.644876
-0.644909
-0.644942
-0.644974
-0.645006
-0.645039
-0.645070
-0.645102
-0.645133
-0.645165
-0.645196
-0.645227
-0.645257
-0.645288
-0.645318
-0.645348
-0.645378
-0.645408
-0.645438
-0.645467
-0.645496
-0.645525
-0.645554
-0.645583
-0.645612
-0.645640
-0.645640
-0.645668
-0.645696
-0.645724
-0.645752
-0.645780
-0.645807
-0.645834
-0.645861
-0.645888
-0.645915
-0.645942
-0.645968
-0.645995
-0.646021
-0.646047
-0.646073
-0.646099
-0.646124
-0.646150
-0.646175
-0.646201
-0.646226
-0.646251
-0.646275
-0.646300
-0.646325
-0.646349
-0.646373
-0.646398
-0.646422
-0.646446
-0.646469
-0.646493
-0.646517
-0.646540
-0.646563
-0.646587
-0.646610
-0.646633
-0.646656
-0.646678
-0.646701
-0.646724
-0.646746
-0.646768
-0.646790
-0.646812
-0.646834
-0.646856
-0.646878
-0.646900
-0.646921
-0.646943
-0.646964
-0.646985
-0.647006
-0.647027
-0.647048
-0.647069
-0.647090
-0.647111
-0.647131
-0.647152
-0.647172
-0.647192
-0.647212
-0.647233
-0.647253
-0.647272
-0.647292
-0.647312
-0.647332
-0.647351
-0.647371
-0.647390
-0.647409
-0.647428
-0.647448
-0.647467
-0.647486
-0.647504
-0.647523
-0.647542
-0.647561
-0.647579
-0.647598
-0.647616
-0.647634
-0.647652
-0.647671
-0.647689
-0.647707
-0.647724
-0.647742
-0.647760
-0.647778
-0.647795
-0.647813
-0.647830
-0.647848
-0.647865
-0.647882
-0.647899
-0.647916
-0.647933
-0.647950
-0.647967
-0.647984
-0.648001
-0.648017
-0.648034
-0.648051
-0.648067
-0.648083
-0.648100
-0.648116
-0.648132
-0.648148
-0.648164
-0.648180
-0.648196
-0.648212
-0.648228
-0.648244
-0.648259
-0.648275
-0.648290
-0.648306
-0.648321
-0.648336
-0.648352
-0.648367
-0.648382
-0.648397
-0.648412
-0.648427
-0.648442
-0.648457
-0.648472
-0.648486
-0.648501
-0.648515
-0.648530
-0.648544
-0.648559
-0.648573
-0.648587
-0.648602
-0.648616
-0.648630
-0.648644
-0.648658
-0.648672
-0.648686
-0.648700
-0.648713
-0.648727
-0.648741
-0.648754
-0.648768
-0.648781
-0.648795
-0.648808
-0.648821
-0.648834
-0.648848
-0.648861
-0.648874
-0.648887
-0.648900
-0.648913
-0.648925
-0.648938
-0.648951
-0.648964
-0.648976
-0.648989
-0.649001
-0.649014
-0.649026
-0.649039
-0.649051
-0.649063
-0.649075
-0.649087
-0.649099
-0.649111
-0.649123
-0.649135
-0.649147
-0.649159
-0.649171
-0.649182
-0.649194
-0.649206
-0.649217
-0.649229
-0.649240
-0.649251
-0.649263
-0.649274
-0.649285
-0.649296
-0.649307
-0.649318
-0.649329
-0.649340
-0.649351
-0.649362
-0.649373
-0.649384
-0.649394
-0.649405
-0.649416
-0.649426
-0.649437
-0.649447
-0.649458
-0.649468
-0.649478
-0.649488
-0.649499
-0.649509
-0.649519
-0.649529
-0.649539
-0.649549
-0.649559
-0.649568
-0.649578
-0.649588
-0.649598
-0.649607
-0.649617
-0.649626
-0.649636
-0.649645
-0.649655
-0.649664
-0.649673
-0.649683
-0.649692
-0.649701
-0.649710
-0.649719
-0.649728
-0.649737
-0.649746
-0.649755
-0.649764
-0.649772
-0.649781
-0.649790
-0.649798
-0.649807
-0.649816
-0.649824
-0.649833
-0.649841
-0.649849
-0.649858
-0.649866
-0.649874
-0.649882
-0.649890
-0.649898
-0.649906
-0.649914
-0.649922
-0.649930
-0.649938
-0.649946
-0.649954
-0.649961
-0.649969
-0.649977
-0.649984
-0.649992
-0.649999
-0.650007
-0.650014
-0.650021
-0.650029
-0.650036
-0.650043
-0.650050
-0.650057
-0.650065
-0.650072
-0.650079
-0.650086
-0.650092
-0.650099
-0.650106
-0.650113
-0.650120
-0.650126
-0.650133
-0.650140
-0.650146
-0.650153
-0.650159
-0.650166
-0.650172
-0.650179
-0.650185
-0.650191
-0.650198
-0.650204
-0.650210
-0.650216
-0.650222
-0.650228
-0.650234
-0.650240
-0.650246
-0.650252
-0.650258
-0.650264
-0.650270
-0.650276
-0.650281
-0.650287
-0.650293
-0.650298
-0.650304
-0.650310
-0.650315
-0.650320
-0.650326
-0.650331
-0.650337
-0.650342
-0.650347
-0.650353
-0.650358
-0.650363
-0.650368
-0.650373
-0.650378
-0.650383
-0.650389
-0.650393
-0.650398
-0.650403
-0.650408
-0.650413
-0.650418
-0.650423
-0.650428
-0.650432
-0.650437
-0.650442
-0.650446
-0.650451
-0.650455
-0.650460
-0.650465
-0.650469
-0.650473
-0.650478
-0.650482
-0.650487
-0.650491
-0.650495
-0.650500
-0.650504
-0.650508
-0.650512
-0.650516
-0.650521
-0.650525
-0.650529
-0.650533
-0.650537
-0.650541
-0.650545
-0.650549
-0.650553
-0.650557
-0.650561
-0.650564
-0.650568
-0.650572
-0.650576
-0.650580
-0.650583
-0.650587
-0.650591
-0.650594
-0.650598
-0.650602
-0.650605
-0.650609
-0.650612
-0.650616
-0.650619
-0.650623
-0.650626
-0.650630
-0.650633
-0.650637
-0.650640
-0.650643
-0.650647
-0.650650
-0.650653
-0.650657
-0.650660
-0.650663
-0.650666
-0.650669
-0.650673
-0.650676
-0.650679
-0.650682
-0.650685
-0.650688
-0.650691
-0.650695
-0.650698
-0.650701
-0.650704
-0.650707
-0.650710
-0.650713
-0.650716
-0.650719
-0.650722
-0.650724
-0.650727
-0.650730
-0.650733
-0.650736
-0.650739
-0.650742
-0.650745
-0.650747
-0.650750
-0.650753
-0.650756
-0.650759
-0.650761
-0.650764
-0.650767
-0.650770
-0.650772
-0.650775
-0.650778
-0.650780
-0.650783
-0.650786
-0.650788
-0.650791
-0.650794
-0.650796
-0.650799
-0.650802
-0.650804
-0.650807
-0.650810
-0.650812
-0.650815
-0.650817
-0.650820
-0.650823
-0.650825
-0.650828
-0.650830
-0.650833
-0.650836
-0.650838
-0.650841
-0.650843
-0.650846
-0.650848
-0.650851
-0.650853
-0.650856
-0.650859
-0.650861
-0.650864
-0.650866
-0.650869
-0.650871
-0.650874
-0.650876
-0.650879
-0.650881
-0.650884
-0.650887
-0.650889
-0.650892
-0.650894
-0.650897
-0.650899
-0.650902
-0.650904
-0.650907
-0.650907
-0.650909
-0.650912
-0.650915
-0.650917
-0.650920
-0.650922
-0.650925
-0.650927
-0.650930
-0.650933
-0.650935
-0.650938
-0.650940
-0.650943
-0.650946
-0.650948
-0.650951
-0.650954
-0.650956
-0.650959
-0.650962
-0.650964
-0.650967
-0.650970
-0.650972
-0.650975
-0.650978
-0.650980
-0.650983
-0.650986
-0.650989
-0.650991
-0.650994
-0.650997
-0.651000
-0.651002
-0.651005
-0.651008
-0.651011
-0.651014
-0.651017
-0.651019
-0.651022
-0.651025
-0.651028
-0.651031
-0.651034
-0.651037
-0.651040
-0.651043
-0.651046
-0.651049
-0.651052
-0.651055
-0.651058
-0.651061
-0.651064
-0.651067
-0.651070
-0.651073
-0.651076
-0.651079
-0.651082
-0.651086
-0.651089
-0.651092
-0.651095
-0.651098
-0.651102
-0.651105
-0.651108
-0.651111
-0.651115
-0.651118
-0.651121
-0.651125
-0.651128
-0.651131
-0.651135
-0.651138
-0.651142
-0.651145
-0.651149
-0.651152
-0.651156
-0.651159
-0.651163
-0.651166
-0.651170
-0.651174
-0.651177
-0.651181
-0.651185
-0.651188
-0.651192
-0.651196
-0.651199
-0.651203
-0.651207
-0.651211
-0.651215
-0.651219
-0.651222
-0.651226
-0.651230
-0.651234
-0.651238
-0.651242
-0.651246
-0.651250
-0.651254
-0.651258
-0.651263
-0.651267
-0.651271
-0.651275
-0.651279
-0.651283
-0.651288
-0.651292
-0.651296
-0.651301
-0.651305
-0.651309
-0.651314
-0.651318
-0.651323
-0.651327
-0.651332
-0.651336
-0.651341
-0.651345
-0.651350
-0.651354
-0.651359
-0.651364
-0.651368
-0.651373
-0.651378
-0.651383
-0.651387
-0.651392
-0.651397
-0.651402
-0.651407
-0.651412
-0.651417
-0.651422
-0.651427
-0.651432
-0.651437
-0.651442
-0.651447
-0.651452
-0.651458
-0.651463
-0.651468
-0.651473
-0.651479
-0.651484
-0.651489
-0.651495
-0.651500
-0.651505
-0.651511
-0.651516
-0.651522
-0.651528
-0.651533
-0.651539
-0.651544
-0.651550
-0.651556
-0.651561
-0.651567
-0.651573
-0.651579
-0.651585
-0.651590
-0.651596
-0.651602
-0.651608
-0.651614
-0.651620
-0.651626
-0.651632
-0.651639
-0.651645
-0.651651
-0.651657
-0.651663
-0.651670
-0.651676
-0.651682
-0.651689
-0.651695
-0.651701
-0.651708
-0.651714
-0.651721
-0.651727
-0.651734
-0.651740
-0.651747
-0.651754
-0.651760
-0.651767
-0.651774
-0.651781
-0.651788
-0.651794
-0.651801
-0.651808
-0.651815
-0.651822
-0.651829
-0.651836
-0.651843
-0.651850
-0.651857
-0.651865
-0.651872
-0.651879
-0.651886
-0.651894
-0.651901
-0.651908
-0.651916
-0.651923
-0.651930
-0.651938
-0.651945
-0.651953
-0.651961
-0.651968
-0.651976
-0.651983
-0.651991
-0.651999
-0.652007
-0.652014
-0.652022
-0.652030
-0.652038
-0.652046
-0.652054
-0.652062
-0.652070
-0.652078
-0.652086
-0.652094
-0.652102
-0.652110
-0.652119
-0.652127
-0.652135
-0.652143
-0.652152
-0.652160
-0.652169
-0.652177
-0.652186
-0.652194
-0.652203
-0.652211
-0.652220
-0.652228
-0.652237
-0.652246
-0.652254
-0.652263
-0.652272
-0.652281
-0.652290
-0.652298
-0.652307
-0.652316
-0.652325
-0.652334
-0.652343
-0.652352
-0.652362
-0.652371
-0.652380
-0.652389
-0.652398
-0.652408
-0.652417
-0.652426
-0.652436
-0.652445
-0.652454
-0.652464
-0.652473
-0.652483
-0.652492
-0.652502
-0.652511
-0.652521
-0.652531
-0.652541
-0.652550
-0.652560
-0.652570
-0.652580
-0.652589
-0.652599
-0.652609
-0.652619
-0.652629
-0.652639
-0.652649
-0.652659
-0.652669
-0.652680
-0.652690
-0.652700
-0.652710
-0.652720
-0.652731
-0.652741
-0.652751
-0.652762
-0.652772
-0.652783
-0.652793
-0.652804
-0.652814
-0.652825
-0.652835
-0.652846
-0.652857
-0.652867
-0.652878
-0.652889
-0.652899
-0.652910
-0.652921
-0.652932
-0.652943
-0.652954
-0.652965
-0.652976
-0.652987
-0.652998
-0.653009
-0.653020
-0.653031
-0.653042
-0.653053
-0.653065
-0.653076
-0.653087
-0.653098
-0.653110
-0.653121
-0.653132
-0.653144
-0.653155
-0.653167
-0.653178
-0.653190
-0.653201
-0.653213
-0.653224
-0.653236
-0.653248
-0.653259
-0.653271
-0.653283
-0.653295
-0.653307
-0.653318
-0.653330
-0.653342
-0.653354
-0.653366
-0.653378
-0.653390
-0.653402
-0.653414
-0.653426
-0.653438
-0.653450
-0.653462
-0.653475
-0.653487
-0.653499
-0.653511
-0.653524
-0.653536
-0.653548
-0.653561
-0.653573
-0.653585
-0.653598
-0.653610
-0.653623
-0.653635
-0.653648
-0.653661
-0.653673
-0.653686
-0.653698
-0.653711
-0.653724
-0.653736
-0.653749
-0.653762
-0.653775
-0.653788
-0.653800
-0.653813
-0.653826
-0.653839
-0.653852
-0.653865
-0.653878
-0.653891
-0.653904
-0.653917
-0.653930
-0.653943
-0.653957
-0.653970
-0.653983
-0.653996
-0.654009
-0.654023
-0.654036
-0.654049
-0.654062
-0.654076
-0.654089
-0.654103
-0.654116
-0.654129
-0.654143
-0.654156
-0.654170
-0.654183
-0.654197
-0.654211
-0.654224
-0.654238
-0.654251
-0.654265
-0.654279
-0.654292
-0.654306
-0.654320
-0.654334
-0.654347
-0.654361
-0.654375
-0.654389
-0.654403
-0.654417
-0.654431
-0.654445
-0.654458
-0.654472
-0.654486
-0.654500
-0.654515
-0.654529
-0.654543
-0.654557
-0.654571
-0.654585
-0.654599
-0.654613
-0.654627
-0.654642
-0.654656
-0.654670
-0.654684
-0.654699
-0.654713
-0.654727
-0.654742
-0.654756
-0.654770
-0.654785
-0.654799
-0.654814
-0.654828
-0.654843
-0.654857
-0.654872
-0.654886
-0.654901
-0.654915
-0.654930
-0.654944
-0.654959
-0.654974
-0.654988
-0.655003
-0.655003
-0.655018
-0.655032
-0.655047
-0.655062
-0.655077
-0.655091
-0.655106
-0.655121
-0.655136
-0.655151
-0.655165
-0.655180
-0.655195
-0.655210
-0.655225
-0.655240
-0.655255
-0.655270
-0.655285
-0.655300
-0.655315
-0.655330
-0.655345
-0.655360
-0.655375
-0.655390
-0.655405
-0.655420
-0.655435
-0.655450
-0.655466
-0.655481
-0.655496
-0.655511
-0.655526
-0.655541
-0.655557
-0.655572
-0.655587
-0.655602
-0.655618
-0.655633
-0.655648
-0.655664
-0.655679
-0.655694
-0.655710
-0.655725
-0.655740
-0.655756
-0.655771
-0.655787
-0.655802
-0.655818
-0.655833
-0.655849
-0.655864
-0.655879
-0.655895
-0.655911
-0.655926
-0.655942
-0.655957
-0.655973
-0.655988
-0.656004
-0.656019
-0.656035
-0.656051
-0.656066
-0.656082
-0.656098
-0.656113
-0.656129
-0.656145
-0.656160
-0.656176
-0.656192
-0.656207
-0.656223
-0.656239
-0.656255
-0.656270
-0.656286
-0.656302
-0.656318
-0.656334
-0.656349
-0.656365
-0.656381
-0.656397
-0.656413
-0.656429
-0.656444
-0.656460
-0.656476
-0.656492
-0.656508
-0.656524
-0.656540
-0.656556
-0.656572
-0.656587
-0.656603
-0.656619
-0.656635
-0.656651
-0.656667
-0.656683
-0.656699
-0.656715
-0.656731
-0.656747
-0.656763
-0.656779
-0.656795
-0.656811
-0.656827
-0.656843
-0.656859
-0.656875
-0.656892
-0.656908
-0.656924
-0.656940
-0.656956
-0.656972
-0.656988
-0.657004
-0.657020
-0.657036
-0.657053
-0.657069
-0.657085
-0.657101
-0.657117
-0.657133
-0.657149
-0.657166
-0.657182
-0.657198
-0.657214
-0.657230
-0.657246
-0.657263
-0.657279
-0.657295
-0.657311
-0.657327
-0.657344
-0.657360
-0.657376
-0.657392
-0.657408
-0.657425
-0.657441
-0.657457
-0.657473
-0.657490
-0.657506
-0.657522
-0.657538
-0.657555
-0.657571
-0.657587
-0.657603
-0.657620
-0.657636
-0.657652
-0.657669
-0.657685
-0.657701
-0.657717
-0.657734
-0.657750
-0.657766
-0.657783
-0.657799
-0.657815
-0.657831
-0.657848
-0.657864
-0.657880
-0.657897
-0.657913
-0.657929
-0.657946
-0.657962
-0.657978
-0.657994
-0.658011
-0.658027
-0.658043
-0.658060
-0.658076
-0.658092
-0.658109
-0.658125
-0.658141
-0.658158
-0.658174
-0.658190
-0.658207
-0.658223
-0.658239
-0.658256
-0.658272
-0.658288
-0.658305
-0.658321
-0.658337
-0.658354
-0.658370
-0.658386
-0.658402
-0.658419
-0.658435
-0.658451
-0.658468
-0.658484
-0.658500
-0.658517
-0.658533
-0.658549
-0.658566
-0.658582
-0.658598
-0.658615
-0.658631
-0.658647
-0.658664
-0.658680
-0.658696
-0.658712
-0.658729
-0.658745
-0.658761
-0.658778
-0.658794
-0.658810
-0.658827
-0.658843
-0.658859
-0.658875
-0.658892
-0.658908
-0.658924
-0.658941
-0.658957
-0.658973
-0.658989
-0.659006
-0.659022
-0.659038
-0.659054
-0.659071
-0.659087
-0.659103
-0.659119
-0.659136
-0.659152
-0.659168
-0.659184
-0.659201
-0.659217
-0.659233
-0.659249
-0.659265
-0.659282
-0.659298
-0.659314
-0.659330
-0.659346
-0.659363
-0.659379
-0.659395
-0.659411
-0.659427
-0.659444
-0.659460
-0.659476
-0.659492
-0.659508
-0.659524
-0.659541
-0.659557
-0.659573
-0.659589
-0.659605
-0.659621
-0.659637
-0.659654
-0.659670
-0.659686
-0.659702
-0.659718
-0.659734
-0.659750
-0.659766
-0.659782
-0.659798
-0.659815
-0.659831
-0.659847
-0.659863
-0.659879
-0.659895
-0.659911
-0.659927
-0.659943
-0.659959
-0.659975
-0.659991
-0.660007
-0.660023
-0.660039
-0.660055
-0.660071
-0.660087
-0.660103
-0.660119
-0.660135
-0.660151
-0.660167
-0.660183
-0.660199
-0.660215
-0.660231
-0.660247
-0.660262
-0.660278
-0.660294
-0.660310
-0.660326
-0.660342
-0.660358
-0.660374
-0.660390
-0.660405
-0.660421
-0.660437
-0.660453
-0.660469
-0.660485
-0.660500
-0.660516
-0.660532
-0.660548
-0.660564
-0.660580
-0.660595
-0.660611
-0.660627
-0.660643
-0.660658
-0.660674
-0.660690
-0.660706
-0.660721
-0.660737
-0.660753
-0.660768
-0.660784
-0.660800
-0.660816
-0.660831
-0.660847
-0.660863
-0.660878
-0.660894
-0.660909
-0.660925
-0.660941
-0.660956
-0.660972
-0.660988
-0.661003
-0.661019
-0.661034
-0.661050
-0.661065
-0.661081
-0.661097
-0.661112
-0.661128
-0.661143
-0.661159
-0.661174
-0.661190
-0.661205
-0.661221
-0.661236
-0.661252
-0.661267
-0.661283
-0.661298
-0.661313
-0.661329
-0.661344
-0.661360
-0.661375
-0.661390
-0.661406
-0.661421
-0.661437
-0.661452
-0.661467
-0.661483
-0.661498
-0.661513
-0.661529
-0.661544
-0.661559
-0.661575
-0.661590
-0.661605
-0.661620
-0.661636
-0.661651
-0.661666
-0.661681
-0.661697
-0.661712
-0.661727
-0.661742
-0.661757
-0.661773
-0.661788
-0.661803
-0.661818
-0.661833
-0.661848
-0.661863
-0.661879
-0.661894
-0.661909
-0.661924
-0.661939
-0.661954
-0.661969
-0.661984
-0.661999
-0.662014
-0.662029
-0.662044
-0.662059
-0.662074
-0.662089
-0.662104
-0.662119
-0.662134
-0.662149
-0.662164
-0.662179
-0.662194
-0.662209
-0.662224
-0.662239
-0.662253
-0.662268
-0.662283
-0.662298
-0.662313
-0.662328
-0.662343
-0.662357
-0.662372
-0.662387
-0.662402
-0.662417
-0.662431
-0.662446
-0.662461
-0.662476
-0.662490
-0.662505
-0.662520
-0.662534
-0.662549
-0.662564
-0.662579
-0.662593
-0.662608
-0.662623
-0.662637
-0.662652
-0.662666
-0.662681
-0.662696
-0.662710
-0.662725
-0.662739
-0.662754
-0.662768
-0.662783
-0.662797
-0.662812
-0.662826
-0.662841
-0.662841
-0.662855
-0.662870
-0.662884
-0.662899
-0.662913
-0.662928
-0.662942
-0.662957
-0.662971
-0.662985
-0.663000
-0.663014
-0.663028
-0.663043
-0.663057
-0.663072
-0.663086
-0.663100
-0.663114
-0.663129
-0.663143
-0.663157
-0.663172
-0.663186
-0.663200
-0.663214
-0.663229
-0.663243
-0.663257
-0.663271
-0.663285
-0.663299
-0.663314
-0.663328
-0.663342
-0.663356
-0.663370
-0.663384
-0.663398
-0.663412
-0.663427
-0.663441
-0.663455
-0.663469
-0.663483
-0.663497
-0.663511
-0.663525
-0.663539
-0.663553
-0.663567
-0.663581
-0.663595
-0.663609
-0.663622
-0.663636
-0.663650
-0.663664
-0.663678
-0.663692
-0.663706
-0.663720
-0.663734
-0.663747
-0.663761
-0.663775
-0.663789
-0.663803
-0.663816
-0.663830
-0.663844
-0.663858
-0.663871
-0.663885
-0.663899
-0.663913
-0.663926
-0.663940
-0.663954
-0.663967
-0.663981
-0.663995
-0.664008
-0.664022
-0.664036
-0.664049
-0.664063
-0.664076
-0.664090
-0.664103
-0.664117
-0.664131
-0.664144
-0.664158
-0.664171
-0.664185
-0.664198
-0.664212
-0.664225
-0.664238
-0.664252
-0.664265
-0.664279
-0.664292
-0.664306
-0.664319
-0.664332
-0.664346
-0.664359
-0.664372
-0.664386
-0.664399
-0.664412
-0.664426
-0.664439
-0.664452
-0.664466
-0.664479
-0.664492
-0.664505
-0.664519
-0.664532
-0.664545
-0.664558
-0.664571
-0.664585
-0.664598
-0.664611
-0.664624
-0.664637
-0.664650
-0.664663
-0.664677
-0.664690
-0.664703
-0.664716
-0.664729
-0.664742
-0.664755
-0.664768
-0.664781
-0.664794
-0.664807
-0.664820
-0.664833
-0.664846
-0.664859
-0.664872
-0.664885
-0.664898
-0.664911
-0.664923
-0.664936
-0.664949
-0.664962
-0.664975
-0.664988
-0.665001
-0.665013
-0.665026
-0.665039
-0.665052
-0.665065
-0.665077
-0.665090
-0.665103
-0.665116
-0.665128
-0.665141
-0.665154
-0.665167
-0.665179
-0.665192
-0.665205
-0.665217
-0.665230
-0.665243
-0.665255
-0.665268
-0.665280
-0.665293
-0.665306
-0.665318
-0.665331
-0.665343
-0.665356
-0.665368
-0.665381
-0.665393
-0.665406
-0.665418
-0.665431
-0.665443
-0.665456
-0.665468
-0.665481
-0.665493
-0.665505
-0.665518
-0.665530
-0.665543
-0.665555
-0.665567
-0.665580
-0.665592
-0.665604
-0.665617
-0.665629
-0.665641
-0.665654
-0.665666
-0.665678
-0.665690
-0.665703
-0.665715
-0.665727
-0.665739
-0.665752
-0.665764
-0.665776
-0.665788
-0.665800
-0.665812
-0.665825
-0.665837
-0.665849
-0.665861
-0.665873
-0.665885
-0.665897
-0.665909
-0.665921
-0.665933
-0.665945
-0.665957
-0.665969
-0.665981
-0.665993
-0.666005
-0.666017
-0.666029
-0.666041
-0.666053
-0.666065
-0.666077
-0.666089
-0.666101
-0.666113
-0.666125
-0.666137
-0.666148
-0.666160
-0.666172
-0.666184
-0.666196
-0.666208
-0.666219
-0.666231
-0.666243
-0.666255
-0.666267
-0.666278
-0.666290
-0.666302
-0.666313
-0.666325
-0.666337
-0.666349
-0.666360
-0.666372
-0.666384
-0.666395
-0.666407
-0.666419
-0.666430
-0.666442
-0.666453
-0.666465
-0.666476
-0.666488
-0.666500
-0.666511
-0.666523
-0.666534
-0.666546
-0.666557
-0.666569
-0.666580
-0.666592
-0.666603
-0.666615
-0.666626
-0.666638
-0.666649
-0.666660
-0.666672
-0.666683
-0.666695
-0.666706
-0.666717
-0.666729
-0.666740
-0.666751
-0.666763
-0.666774
-0.666785
-0.666797
-0.666808
-0.666819
-0.666830
-0.666842
-0.666853
-0.666864
-0.666875
-0.666887
-0.666898
-0.666909
-0.666920
-0.666931
-0.666943
-0.666954
-0.666965
-0.666976
-0.666987
-0.666998
-0.667009
-0.667020
-0.667032
-0.667043
-0.667054
-0.667065
-0.667076
-0.667087
-0.667098
-0.667109
-0.667120
-0.667131
-0.667142
-0.667153
-0.667164
-0.667175
-0.667186
-0.667197
-0.667208
-0.667219
-0.667229
-0.667240
-0.667251
-0.667262
-0.667273
-0.667284
-0.667295
-0.667306
-0.667316
-0.667327
-0.667338
-0.667349
-0.667360
-0.667370
-0.667381
-0.667392
-0.667403
-0.667414
-0.667424
-0.667435
-0.667446
-0.667456
-0.667467
-0.667478
-0.667489
-0.667499
-0.667510
-0.667520
-0.667531
-0.667542
-0.667552
-0.667563
-0.667574
-0.667584
-0.667595
-0.667605
-0.667616
-0.667627
-0.667637
-0.667648
-0.667658
-0.667669
-0.667679
-0.667690
-0.667700
-0.667711
-0.667721
-0.667732
-0.667742
-0.667753
-0.667763
-0.667773
-0.667784
-0.667794
-0.667805
-0.667815
-0.667825
-0.667836
-0.667846
-0.667857
-0.667867
-0.667877
-0.667888
-0.667898
-0.667908
-0.667918
-0.667929
-0.667939
-0.667949
-0.667960
-0.667970
-0.667980
-0.667990
-0.668001
-0.668011
-0.668021
-0.668031
-0.668041
-0.668052
-0.668062
-0.668072
-0.668082
-0.668092
-0.668102
-0.668112
-0.668123
-0.668133
-0.668143
-0.668153
-0.668163
-0.668173
-0.668183
-0.668193
-0.668203
-0.668213
-0.668223
-0.668233
-0.668243
-0.668253
-0.668263
-0.668273
-0.668283
-0.668293
-0.668303
-0.668313
-0.668323
-0.668333
-0.668343
-0.668353
-0.668363
-0.668373
-0.668383
-0.668392
-0.668402
-0.668412
-0.668422
-0.668432
-0.668442
-0.668451
-0.668461
-0.668471
-0.668481
-0.668491
-0.668500
-0.668510
-0.668520
-0.668530
-0.668540
-0.668549
-0.668559
-0.668569
-0.668578
-0.668588
-0.668598
-0.668607
-0.668617
-0.668627
-0.668637
-0.668646
-0.668656
-0.668665
-0.668675
-0.668685
-0.668694
-0.668704
-0.668713
-0.668723
-0.668733
-0.668742
-0.668752
-0.668761
-0.668771
-0.668780
-0.668790
-0.668790
-0.668799
-0.668809
-0.668818
-0.668828
-0.668837
-0.668847
-0.668856
-0.668866
-0.668875
-0.668885
-0.668894
-0.668904
-0.668913
-0.668922
-0.668932
-0.668941
-0.668951
-0.668960
-0.668969
-0.668979
-0.668988
-0.668997
-0.669007
-0.669016
-0.669025
-0.669035
-0.669044
-0.669053
-0.669062
-0.669072
-0.669081
-0.669090
-0.669099
-0.669109
-0.669118
-0.669127
-0.669136
-0.669146
-0.669155
-0.669164
-0.669173
-0.669182
-0.669191
-0.669201
-0.669210
-0.669219
-0.669228
-0.669237
-0.669246
-0.669255
-0.669265
-0.669274
-0.669283
-0.669292
-0.669301
-0.669310
-0.669319
-0.669328
-0.669337
-0.669346
-0.669355
-0.669364
-0.669373
-0.669382
-0.669391
-0.669400
-0.669409
-0.669418
-0.669427
-0.669436
-0.669445
-0.669454
-0.669463
-0.669472
-0.669481
-0.669489
-0.669498
-0.669507
-0.669516
-0.669525
-0.669534
-0.669543
-0.669551
-0.669560
-0.669569
-0.669578
-0.669587
-0.669596
-0.669604
-0.669613
-0.669622
-0.669631
-0.669640
-0.669648
-0.669657
-0.669666
-0.669675
-0.669683
-0.669692
-0.669701
-0.669709
-0.669718
-0.669727
-0.669735
-0.669744
-0.669753
-0.669761
-0.669770
-0.669779
-0.669787
-0.669796
-0.669805
-0.669813
-0.669822
-0.669830
-0.669839
-0.669848
-0.669856
-0.669865
-0.669873
-0.669882
-0.669890
-0.669899
-0.669907
-0.669916
-0.669925
-0.669933
-0.669942
-0.669950
-0.669959
-0.669967
-0.669975
-0.669984
-0.669992
-0.670001
-0.670009
-0.670018
-0.670026
-0.670035
-0.670043
-0.670051
-0.670060
-0.670068
-0.670077
-0.670085
-0.670093
-0.670102
-0.670110
-0.670118
-0.670127
-0.670135
-0.670143
-0.670152
-0.670160
-0.670168
-0.670176
-0.670185
-0.670193
-0.670201
-0.670210
-0.670218
-0.670226
-0.670234
-0.670243
-0.670251
-0.670259
-0.670267
-0.670275
-0.670284
-0.670292
-0.670300
-0.670308
-0.670316
-0.670324
-0.670333
-0.670341
-0.670349
-0.670357
-0.670365
-0.670373
-0.670381
-0.670390
-0.670398
-0.670406
-0.670414
-0.670422
-0.670430
-0.670438
-0.670446
-0.670454
-0.670462
-0.670470
-0.670478
-0.670486
-0.670494
-0.670502
-0.670510
-0.670518
-0.670526
-0.670534
-0.670542
-0.670550
-0.670558
-0.670566
-0.670574
-0.670582
-0.670590
-0.670598
-0.670606
-0.670614
-0.670621
-0.670629
-0.670637
-0.670645
-0.670653
-0.670661
-0.670669
-0.670677
-0.670684
-0.670692
-0.670700
-0.670708
-0.670716
-0.670724
-0.670731
-0.670739
-0.670747
-0.670755
-0.670762
-0.670770
-0.670778
-0.670786
-0.670793
-0.670801
-0.670809
-0.670817
-0.670824
-0.670832
-0.670840
-0.670848
-0.670855
-0.670863
-0.670871
-0.670878
-0.670886
-0.670894
-0.670901
-0.670909
-0.670917
-0.670924
-0.670932
-0.670939
-0.670947
-0.670955
-0.670962
-0.670970
-0.670977
-0.670985
-0.670993
-0.671000
-0.671008
-0.671015
-0.671023
-0.671030
-0.671038
-0.671045
-0.671053
-0.671060
-0.671068
-0.671075
-0.671083
-0.671090
-0.671098
-0.671105
-0.671113
-0.671120
-0.671128
-0.671135
-0.671143
-0.671150
-0.671158
-0.671165
-0.671172
-0.671180
-0.671187
-0.671195
-0.671202
-0.671209
-0.671217
-0.671224
-0.671231
-0.671239
-0.671246
-0.671253
-0.671261
-0.671268
-0.671275
-0.671283
-0.671290
-0.671297
-0.671305
-0.671312
-0.671319
-0.671327
-0.671334
-0.671341
-0.671348
-0.671356
-0.671363
-0.671370
-0.671377
-0.671385
-0.671392
-0.671399
-0.671406
-0.671413
-0.671421
-0.671428
-0.671435
-0.671442
-0.671449
-0.671457
-0.671464
-0.671471
-0.671478
-0.671485
-0.671492
-0.671499
-0.671507
-0.671514
-0.671521
-0.671528
-0.671535
-0.671542
-0.671549
-0.671556
-0.671563
-0.671570
-0.671577
-0.671585
-0.671592
-0.671599
-0.671606
-0.671613
-0.671620
-0.671627
-0.671634
-0.671641
-0.671648
-0.671655
-0.671662
-0.671669
-0.671676
-0.671683
-0.671690
-0.671697
-0.671704
-0.671710
-0.671717
-0.671724
-0.671731
-0.671738
-0.671745
-0.671752
-0.671759
-0.671766
-0.671773
-0.671780
-0.671786
-0.671793
-0.671800
-0.671807
-0.671814
-0.671821
-0.671828
-0.671834
-0.671841
-0.671848
-0.671855
-0.671862
-0.671869
-0.671875
-0.671882
-0.671889
-0.671896
-0.671902
-0.671909
-0.671916
-0.671923
-0.671930
-0.671936
-0.671943
-0.671950
-0.671956
-0.671963
-0.671970
-0.671977
-0.671983
-0.671990
-0.671997
-0.672003
-0.672010
-0.672017
-0.672023
-0.672030
-0.672037
-0.672043
-0.672050
-0.672057
-0.672063
-0.672070
-0.672077
-0.672083
-0.672090
-0.672096
-0.672103
-0.672110
-0.672116
-0.672123
-0.672129
-0.672136
-0.672143
-0.672149
-0.672156
-0.672162
-0.672169
-0.672175
-0.672182
-0.672188
-0.672195
-0.672201
-0.672208
-0.672214
-0.672221
-0.672227
-0.672234
-0.672240
-0.672247
-0.672253
-0.672260
-0.672266
-0.672273
-0.672279
-0.672286
-0.672292
-0.672299
-0.672305
-0.672311
-0.672318
-0.672324
-0.672331
-0.672337
-0.672343
-0.672350
-0.672356
-0.672363
-0.672369
-0.672375
-0.672382
-0.672388
-0.672394
-0.672401
-0.672407
-0.672413
-0.672420
-0.672426
-0.672432
-0.672439
-0.672445
-0.672451
-0.672458
-0.672464
-0.672470
-0.672476
-0.672483
-0.672489
-0.672495
-0.672501
-0.672508
-0.672514
-0.672520
-0.672526
-0.672533
-0.672539
-0.672545
-0.672551
-0.672557
-0.672564
-0.672570
-0.672576
-0.672582
-0.672588
-0.672595
-0.672601
-0.672607
-0.672613
-0.672619
-0.672625
-0.672632
-0.672632
-0.672638
-0.672644
-0.672650
-0.672656
-0.672662
-0.672668
-0.672674
-0.672680
-0.672687
-0.672693
-0.672699
-0.672705
-0.672711
-0.672717
-0.672723
-0.672729
-0.672735
-0.672741
-0.672747
-0.672753
-0.672759
-0.672765
-0.672771
-0.672777
-0.672783
-0.672789
-0.672795
-0.672801
-0.672807
-0.672813
-0.672819
-0.672825
-0.672831
-0.672837
-0.672843
-0.672849
-0.672855
-0.672861
-0.672867
-0.672873
-0.672879
-0.672885
-0.672891
-0.672897
-0.672902
-0.672908
-0.672914
-0.672920
-0.672926
-0.672932
-0.672938
-0.672944
-0.672949
-0.672955
-0.672961
-0.672967
-0.672973
-0.672979
-0.672985
-0.672990
-0.672996
-0.673002
-0.673008
-0.673014
-0.673019
-0.673025
-0.673031
-0.673037
-0.673043
-0.673048
-0.673054
-0.673060
-0.673066
-0.673071
-0.673077
-0.673083
-0.673089
-0.673094
-0.673100
-0.673106
-0.673112
-0.673117
-0.673123
-0.673129
-0.673134
-0.673140
-0.673146
-0.673151
-0.673157
-0.673163
-0.673169
-0.673174
-0.673180
-0.673185
-0.673191
-0.673197
-0.673202
-0.673208
-0.673214
-0.673219
-0.673225
-0.673231
-0.673236
-0.673242
-0.673247
-0.673253
-0.673259
-0.673264
-0.673270
-0.673275
-0.673281
-0.673286
-0.673292
-0.673298
-0.673303
-0.673309
-0.673314
-0.673320
-0.673325
-0.673331
-0.673336
-0.673342
-0.673347
-0.673353
-0.673358
-0.673364
-0.673369
-0.673375
-0.673380
-0.673386
-0.673391
-0.673397
-0.673402
-0.673408
-0.673413
-0.673419
-0.673424
-0.673429
-0.673435
-0.673440
-0.673446
-0.673451
-0.673457
-0.673462
-0.673467
-0.673473
-0.673478
-0.673484
-0.673489
-0.673494
-0.673500
-0.673505
-0.673511
-0.673516
-0.673521
-0.673527
-0.673532
-0.673537
-0.673543
-0.673548
-0.673553
-0.673559
-0.673564
-0.673569
-0.673575
-0.673580
-0.673585
-0.673590
-0.673596
-0.673601
-0.673606
-0.673612
-0.673617
-0.673622
-0.673627
-0.673633
-0.673638
-0.673643
-0.673648
-0.673654
-0.673659
-0.673664
-0.673669
-0.673675
-0.673680
-0.673685
-0.673690
-0.673695
-0.673701
-0.673706
-0.673711
-0.673716
-0.673721
-0.673727
-0.673732
-0.673737
-0.673742
-0.673747
-0.673752
-0.673758
-0.673763
-0.673768
-0.673773
-0.673778
-0.673783
-0.673788
-0.673793
-0.673799
-0.673804
-0.673809
-0.673814
-0.673819
-0.673824
-0.673829
-0.673834
-0.673839
-0.673844
-0.673849
-0.673855
-0.673860
-0.673865
-0.673870
-0.673875
-0.673880
-0.673885
-0.673890
-0.673895
-0.673900
-0.673905
-0.673910
-0.673915
-0.673920
-0.673925
-0.673930
-0.673935
-0.673940
-0.673945
-0.673950
-0.673955
-0.673960
-0.673965
-0.673970
-0.673975
-0.673980
-0.673985
-0.673990
-0.673994
-0.673999
-0.674004
-0.674009
-0.674014
-0.674019
-0.674024
-0.674029
-0.674034
-0.674039
-0.674044
-0.674049
-0.674053
-0.674058
-0.674063
-0.674068
-0.674073
-0.674078
-0.674083
-0.674087
-0.674092
-0.674097
-0.674102
-0.674107
-0.674112
-0.674116
-0.674121
-0.674126
-0.674131
-0.674136
-0.674141
-0.674145
-0.674150
-0.674155
-0.674160
-0.674165
-0.674169
-0.674174
-0.674179
-0.674184
-0.674188
-0.674193
-0.674198
-0.674203
-0.674207
-0.674212
-0.674217
-0.674222
-0.674226
-0.674231
-0.674236
-0.674240
-0.674245
-0.674250
-0.674255
-0.674259
-0.674264
-0.674269
-0.674273
-0.674278
-0.674283
-0.674287
-0.674292
-0.674297
-0.674301
-0.674306
-0.674311
-0.674315
-0.674320
-0.674325
-0.674329
-0.674334
-0.674338
-0.674343
-0.674348
-0.674352
-0.674357
-0.674362
-0.674366
-0.674371
-0.674375
-0.674380
-0.674385
-0.674389
-0.674394
-0.674398
-0.674403
-0.674407
-0.674412
-0.674416
-0.674421
-0.674426
-0.674430
-0.674435
-0.674439
-0.674444
-0.674448
-0.674453
-0.674457
-0.674462
-0.674466
-0.674471
-0.674475
-0.674480
-0.674484
-0.674489
-0.674493
-0.674498
-0.674502
-0.674507
-0.674511
-0.674516
-0.674520
-0.674525
-0.674529
-0.674533
-0.674538
-0.674542
-0.674547
-0.674551
-0.674556
-0.674560
-0.674564
-0.674569
-0.674573
-0.674578
-0.674582
-0.674586
-0.674591
-0.674595
-0.674600
-0.674604
-0.674608
-0.674613
-0.674617
-0.674621
-0.674626
-0.674630
-0.674635
-0.674639
-0.674643
-0.674648
-0.674652
-0.674656
-0.674661
-0.674665
-0.674669
-0.674674
-0.674678
-0.674682
-0.674686
-0.674691
-0.674695
-0.674699
-0.674704
-0.674708
-0.674712
-0.674716
-0.674721
-0.674725
-0.674729
-0.674734
-0.674738
-0.674742
-0.674746
-0.674751
-0.674755
-0.674759
-0.674763
-0.674767
-0.674772
-0.674776
-0.674780
-0.674784
-0.674789
-0.674793
-0.674797
-0.674801
-0.674805
-0.674810
-0.674814
-0.674818
-0.674822
-0.674826
-0.674830
-0.674835
-0.674839
-0.674843
-0.674847
-0.674851
-0.674855
-0.674859
-0.674864
-0.674868
-0.674872
-0.674876
-0.674880
-0.674884
-0.674888
-0.674892
-0.674897
-0.674901
-0.674905
-0.674909
-0.674913
-0.674917
-0.674921
-0.674925
-0.674929
-0.674933
-0.674937
-0.674941
-0.674946
-0.674950
-0.674954
-0.674958
-0.674962
-0.674966
-0.674970
-0.674974
-0.674978
-0.674982
-0.674986
-0.674990
-0.674994
-0.674998
-0.675002
-0.675006
-0.675010
-0.675014
-0.675018
-0.675022
-0.675026
-0.675030
-0.675034
-0.675038
-0.675042
-0.675046
-0.675050
-0.675054
-0.675058
-0.675062
-0.675066
-0.675069
-0.675073
-0.675077
-0.675081
-0.675085
-0.675089
-0.675093
-0.675097
-0.675101
-0.675105
-0.675105
-0.675109
-0.675113
-0.675116
-0.675120
-0.675124
-0.675128
-0.675132
-0.675136
-0.675140
-0.675144
-0.675148
-0.675151
-0.675155
-0.675159
-0.675163
-0.675167
-0.675171
-0.675174
-0.675178
-0.675182
-0.675186
-0.675190
-0.675194
-0.675197
-0.675201
-0.675205
-0.675209
-0.675213
-0.675216
-0.675220
-0.675224
-0.675228
-0.675232
-0.675235
-0.675239
-0.675243
-0.675247
-0.675250
-0.675254
-0.675258
-0.675262
-0.675265
-0.675269
-0.675273
-0.675277
-0.675280
-0.675284
-0.675288
-0.675292
-0.675295
-0.675299
-0.675303
-0.675307
-0.675310
-0.675314
-0.675318
-0.675321
-0.675325
-0.675329
-0.675332
-0.675336
-0.675340
-0.675343
-0.675347
-0.675351
-0.675354
-0.675358
-0.675362
-0.675365
-0.675369
-0.675373
-0.675376
-0.675380
-0.675384
-0.675387
-0.675391
-0.675394
-0.675398
-0.675402
-0.675405
-0.675409
-0.675413
-0.675416
-0.675420
-0.675423
-0.675427
-0.675430
-0.675434
-0.675438
-0.675441
-0.675445
-0.675448
-0.675452
-0.675455
-0.675459
-0.675463
-0.675466
-0.675470
-0.675473
-0.675477
-0.675480
-0.675484
-0.675487
-0.675491
-0.675494
-0.675498
-0.675501
-0.675505
-0.675508
-0.675512
-0.675515
-0.675519
-0.675522
-0.675526
-0.675529
-0.675533
-0.675536
-0.675540
-0.675543
-0.675547
-0.675550
-0.675554
-0.675557
-0.675561
-0.675564
-0.675568
-0.675571
-0.675574
-0.675578
-0.675581
-0.675585
-0.675588
-0.675592
-0.675595
-0.675598
-0.675602
-0.675605
-0.675609
-0.675612
-0.675616
-0.675619
-0.675622
-0.675626
-0.675629
-0.675632
-0.675636
-0.675639
-0.675643
-0.675646
-0.675649
-0.675653
-0.675656
-0.675659
-0.675663
-0.675666
-0.675669
-0.675673
-0.675676
-0.675679
-0.675683
-0.675686
-0.675689
-0.675693
-0.675696
-0.675699
-0.675703
-0.675706
-0.675709
-0.675713
-0.675716
-0.675719
-0.675722
-0.675726
-0.675729
-0.675732
-0.675736
-0.675739
-0.675742
-0.675745
-0.675749
-0.675752
-0.675755
-0.675758
-0.675762
-0.675765
-0.675768
-0.675771
-0.675775
-0.675778
-0.675781
-0.675784
-0.675788
-0.675791
-0.675794
-0.675797
-0.675800
-0.675804
-0.675807
-0.675810
-0.675813
-0.675816
-0.675820
-0.675823
-0.675826
-0.675829
-0.675832
-0.675835
-0.675839
-0.675842
-0.675845
-0.675848
-0.675851
-0.675854
-0.675858
-0.675861
-0.675864
-0.675867
-0.675870
-0.675873
-0.675876
-0.675880
-0.675883
-0.675886
-0.675889
-0.675892
-0.675895
-0.675898
-0.675901
-0.675904
-0.675908
-0.675911
-0.675914
-0.675917
-0.675920
-0.675923
-0.675926
-0.675929
-0.675932
-0.675935
-0.675938
-0.675941
-0.675944
-0.675947
-0.675950
-0.675954
-0.675957
-0.675960
-0.675963
-0.675966
-0.675969
-0.675972
-0.675975
-0.675978
-0.675981
-0.675984
-0.675987
-0.675990
-0.675993
-0.675996
-0.675999
-0.676002
-0.676005
-0.676008
-0.676011
-0.676014
-0.676017
-0.676020
-0.676023
-0.676026
-0.676029
-0.676032
-0.676035
-0.676037
-0.676040
-0.676043
-0.676046
-0.676049
-0.676052
-0.676055
-0.676058
-0.676061
-0.676064
-0.676067
-0.676070
-0.676073
-0.676076
-0.676079
-0.676081
-0.676084
-0.676087
-0.676090
-0.676093
-0.676096
-0.676099
-0.676102
-0.676105
-0.676107
-0.676110
-0.676113
-0.676116
-0.676119
-0.676122
-0.676125
-0.676127
-0.676130
-0.676133
-0.676136
-0.676139
-0.676142
-0.676145
-0.676147
-0.676150
-0.676153
-0.676156
-0.676159
-0.676161
-0.676164
-0.676167
-0.676170
-0.676173
-0.676176
-0.676178
-0.676181
-0.676184
-0.676187
-0.676189
-0.676192
-0.676195
-0.676198
-0.676201
-0.676203
-0.676206
-0.676209
-0.676212
-0.676214
-0.676217
-0.676220
-0.676223
-0.676225
-0.676228
-0.676231
-0.676234
-0.676236
-0.676239
-0.676242
-0.676245
-0.676247
-0.676250
-0.676253
-0.676255
-0.676258
-0.676261
-0.676264
-0.676266
-0.676269
-0.676272
-0.676274
-0.676277
-0.676280
-0.676282
-0.676285
-0.676288
-0.676290
-0.676293
-0.676296
-0.676298
-0.676301
-0.676304
-0.676306
-0.676309
-0.676312
-0.676314
-0.676317
-0.676320
-0.676322
-0.676325
-0.676327
-0.676330
-0.676333
-0.676335
-0.676338
-0.676340
-0.676343
-0.676346
-0.676348
-0.676351
-0.676354
-0.676356
-0.676359
-0.676361
-0.676364
-0.676366
-0.676369
-0.676372
-0.676374
-0.676377
-0.676379
-0.676382
-0.676384
-0.676387
-0.676390
-0.676392
-0.676395
-0.676397
-0.676400
-0.676402
-0.676405
-0.676407
-0.676410
-0.676412
-0.676415
-0.676417
-0.676420
-0.676422
-0.676425
-0.676428
-0.676430
-0.676433
-0.676435
-0.676438
-0.676440
-0.676443
-0.676445
-0.676447
-0.676450
-0.676452
-0.676455
-0.676457
-0.676460
-0.676462
-0.676465
-0.676467
-0.676470
-0.676472
-0.676475
-0.676477
-0.676480
-0.676482
-0.676484
-0.676487
-0.676489
-0.676492
-0.676494
-0.676497
-0.676499
-0.676501
-0.676504
-0.676506
-0.676509
-0.676511
-0.676513
-0.676516
-0.676518
-0.676521
-0.676523
-0.676525
-0.676528
-0.676530
-0.676533
-0.676535
-0.676537
-0.676540
-0.676542
-0.676544
-0.676547
-0.676549
-0.676552
-0.676554
-0.676556
-0.676559
-0.676561
-0.676563
-0.676566
-0.676568
-0.676570
-0.676573
-0.676575
-0.676577
-0.676580
-0.676582
-0.676584
-0.676587
-0.676589
-0.676591
-0.676594
-0.676596
-0.676598
-0.676600
-0.676603
-0.676605
-0.676607
-0.676610
-0.676612
-0.676614
-0.676616
-0.676619
-0.676621
-0.676623
-0.676626
-0.676626
-0.676628
-0.676630
-0.676632
-0.676635
-0.676637
-0.676639
-0.676641
-0.676644
-0.676646
-0.676648
-0.676650
-0.676652
-0.676655
-0.676657
-0.676659
-0.676661
-0.676664
-0.676666
-0.676668
-0.676670
-0.676672
-0.676675
-0.676677
-0.676679
-0.676681
-0.676683
-0.676686
-0.676688
-0.676690
-0.676692
-0.676694
-0.676697
-0.676699
-0.676701
-0.676703
-0.676705
-0.676707
-0.676710
-0.676712
-0.676714
-0.676716
-0.676718
-0.676720
-0.676722
-0.676725
-0.676727
-0.676729
-0.676731
-0.676733
-0.676735
-0.676737
-0.676739
-0.676742
-0.676744
-0.676746
-0.676748
-0.676750
-0.676752
-0.676754
-0.676756
-0.676758
-0.676760
-0.676763
-0.676765
-0.676767
-0.676769
-0.676771
-0.676773
-0.676775
-0.676777
-0.676779
-0.676781
-0.676783
-0.676785
-0.676787
-0.676789
-0.676791
-0.676794
-0.676796
-0.676798
-0.676800
-0.676802
-0.676804
-0.676806
-0.676808
-0.676810
-0.676812
-0.676814
-0.676816
-0.676818
-0.676820
-0.676822
-0.676824
-0.676826
-0.676828
-0.676830
-0.676832
-0.676834
-0.676836
-0.676838
-0.676840
-0.676842
-0.676844
-0.676846
-0.676848
-0.676850
-0.676852
-0.676854
-0.676856
-0.676858
-0.676860
-0.676861
-0.676863
-0.676865
-0.676867
-0.676869
-0.676871
-0.676873
-0.676875
-0.676877
-0.676879
-0.676881
-0.676883
-0.676885
-0.676887
-0.676889
-0.676890
-0.676892
-0.676894
-0.676896
-0.676898
-0.676900
-0.676902
-0.676904
-0.676906
-0.676908
-0.676909
-0.676911
-0.676913
-0.676915
-0.676917
-0.676919
-0.676921
-0.676923
-0.676924
-0.676926
-0.676928
-0.676930
-0.676932
-0.676934
-0.676936
-0.676937
-0.676939
-0.676941
-0.676943
-0.676945
-0.676947
-0.676948
-0.676950
-0.676952
-0.676954
-0.676956
-0.676958
-0.676959
-0.676961
-0.676963
-0.676965
-0.676967
-0.676968
-0.676970
-0.676972
-0.676974
-0.676976
-0.676977
-0.676979
-0.676981
-0.676983
-0.676985
-0.676986
-0.676988
-0.676990
-0.676992
-0.676993
-0.676995
-0.676997
-0.676999
-0.677000
-0.677002
-0.677004
-0.677006
-0.677007
-0.677009
-0.677011
-0.677013
-0.677014
-0.677016
-0.677018
-0.677020
-0.677021
-0.677023
-0.677025
-0.677026
-0.677028
-0.677030
-0.677032
-0.677033
-0.677035
-0.677037
-0.677038
-0.677040
-0.677042
-0.677043
-0.677045
-0.677047
-0.677048
-0.677050
-0.677052
-0.677054
-0.677055
-0.677057
-0.677059
-0.677060
-0.677062
-0.677063
-0.677065
-0.677067
-0.677068
-0.677070
-0.677072
-0.677073
-0.677075
-0.677077
-0.677078
-0.677080
-0.677082
-0.677083
-0.677085
-0.677086
-0.677088
-0.677090
-0.677091
-0.677093
-0.677095
-0.677096
-0.677098
-0.677099
-0.677101
-0.677103
-0.677104
-0.677106
-0.677107
-0.677109
-0.677110
-0.677112
-0.677114
-0.677115
-0.677117
-0.677118
-0.677120
-0.677122
-0.677123
-0.677125
-0.677126
-0.677128
-0.677129
-0.677131
-0.677132
-0.677134
-0.677136
-0.677137
-0.677139
-0.677140
-0.677142
-0.677143
-0.677145
-0.677146
-0.677148
-0.677149
-0.677151
-0.677152
-0.677154
-0.677155
-0.677157
-0.677158
-0.677160
-0.677161
-0.677163
-0.677164
-0.677166
-0.677167
-0.677169
-0.677170
-0.677172
-0.677173
-0.677175
-0.677176
-0.677178
-0.677179
-0.677181
-0.677182
-0.677184
-0.677185
-0.677187
-0.677188
-0.677189
-0.677191
-0.677192
-0.677194
-0.677195
-0.677197
-0.677198
-0.677200
-0.677201
-0.677202
-0.677204
-0.677205
-0.677207
-0.677208
-0.677210
-0.677211
-0.677212
-0.677214
-0.677215
-0.677217
-0.677218
-0.677219
-0.677221
-0.677222
-0.677224
-0.677225
-0.677226
-0.677228
-0.677229
-0.677231
-0.677232
-0.677233
-0.677235
-0.677236
-0.677237
-0.677239
-0.677240
-0.677242
-0.677243
-0.677244
-0.677246
-0.677247
-0.677248
-0.677250
-0.677251
-0.677252
-0.677254
-0.677255
-0.677256
-0.677258
-0.677259
-0.677260
-0.677262
-0.677263
-0.677264
-0.677266
-0.677267
-0.677268
-0.677270
-0.677271
-0.677272
-0.677274
-0.677275
-0.677276
-0.677278
-0.677279
-0.677280
-0.677281
-0.677283
-0.677284
-0.677285
-0.677287
-0.677288
-0.677289
-0.677290
-0.677292
-0.677293
-0.677294
-0.677295
-0.677297
-0.677298
-0.677299
-0.677301
-0.677302
-0.677303
-0.677304
-0.677306
-0.677307
-0.677308
-0.677309
-0.677310
-0.677312
-0.677313
-0.677314
-0.677315
-0.677317
-0.677318
-0.677319
-0.677320
-0.677322
-0.677323
-0.677324
-0.677325
-0.677326
-0.677328
-0.677329
-0.677330
-0.677331
-0.677332
-0.677334
-0.677335
-0.677336
-0.677337
-0.677338
-0.677340
-0.677341
-0.677342
-0.677343
-0.677344
-0.677345
-0.677347
-0.677348
-0.677349
-0.677350
-0.677351
-0.677352
-0.677354
-0.677355
-0.677356
-0.677357
-0.677358
-0.677359
-0.677360
-0.677362
-0.677363
-0.677364
-0.677365
-0.677366
-0.677367
-0.677368
-0.677369
-0.677371
-0.677372
-0.677373
-0.677374
-0.677375
-0.677376
-0.677377
-0.677378
-0.677379
-0.677381
-0.677382
-0.677383
-0.677384
-0.677385
-0.677386
-0.677387
-0.677388
-0.677389
-0.677390
-0.677391
-0.677392
-0.677394
-0.677395
-0.677396
-0.677397
-0.677398
-0.677399
-0.677400
-0.677401
-0.677402
-0.677403
-0.677404
-0.677405
-0.677406
-0.677407
-0.677408
-0.677409
-0.677410
-0.677411
-0.677412
-0.677414
-0.677415
-0.677416
-0.677417
-0.677418
-0.677419
-0.677420
-0.677421
-0.677422
-0.677423
-0.677424
-0.677425
-0.677426
-0.677427
-0.677427
-0.677428
-0.677429
-0.677430
-0.677431
-0.677432
-0.677433
-0.677434
-0.677435
-0.677436
-0.677437
-0.677438
-0.677439
-0.677439
-0.677440
-0.677441
-0.677442
-0.677443
-0.677444
-0.677445
-0.677446
-0.677447
-0.677448
-0.677449
-0.677450
-0.677451
-0.677452
-0.677453
-0.677454
-0.677455
-0.677456
-0.677457
-0.677458
-0.677458
-0.677459
-0.677460
-0.677461
-0.677462
-0.677463
-0.677464
-0.677465
-0.677466
-0.677467
-0.677468
-0.677469
-0.677469
-0.677470
-0.677471
-0.677472
-0.677473
-0.677474
-0.677475
-0.677476
-0.677477
-0.677477
-0.677478
-0.677479
-0.677480
-0.677481
-0.677482
-0.677483
-0.677484
-0.677484
-0.677485
-0.677486
-0.677487
-0.677488
-0.677489
-0.677490
-0.677490
-0.677491
-0.677492
-0.677493
-0.677494
-0.677495
-0.677495
-0.677496
-0.677497
-0.677498
-0.677499
-0.677500
-0.677500
-0.677501
-0.677502
-0.677503
-0.677504
-0.677504
-0.677505
-0.677506
-0.677507
-0.677508
-0.677508
-0.677509
-0.677510
-0.677511
-0.677512
-0.677512
-0.677513
-0.677514
-0.677515
-0.677516
-0.677516
-0.677517
-0.677518
-0.677519
-0.677519
-0.677520
-0.677521
-0.677522
-0.677523
-0.677523
-0.677524
-0.677525
-0.677526
-0.677526
-0.677527
-0.677528
-0.677529
-0.677529
-0.677530
-0.677531
-0.677532
-0.677532
-0.677533
-0.677534
-0.677534
-0.677535
-0.677536
-0.677537
-0.677537
-0.677538
-0.677539
-0.677540
-0.677540
-0.677541
-0.677542
-0.677542
-0.677543
-0.677544
-0.677544
-0.677545
-0.677546
-0.677547
-0.677547
-0.677548
-0.677549
-0.677549
-0.677550
-0.677551
-0.677551
-0.677552
-0.677553
-0.677553
-0.677554
-0.677555
-0.677555
-0.677556
-0.677557
-0.677557
-0.677558
-0.677559
-0.677559
-0.677560
-0.677561
-0.677561
-0.677562
-0.677563
-0.677563
-0.677564
-0.677564
-0.677565
-0.677566
-0.677566
-0.677567
-0.677568
-0.677568
-0.677569
-0.677570
-0.677570
-0.677571
-0.677571
-0.677572
-0.677573
-0.677573
-0.677574
-0.677574
-0.677575
-0.677576
-0.677576
-0.677577
-0.677577
-0.677578
-0.677579
-0.677579
-0.677580
-0.677580
-0.677581
-0.677582
-0.677582
-0.677583
-0.677583
-0.677584
-0.677584
-0.677585
-0.677586
-0.677586
-0.677587
-0.677587
-0.677588
-0.677588
-0.677589
-0.677589
-0.677590
-0.677591
-0.677591
-0.677592
-0.677592
-0.677593
-0.677593
-0.677594
-0.677594
-0.677595
-0.677595
-0.677596
-0.677596
-0.677597
-0.677597
-0.677598
-0.677599
-0.677599
-0.677600
-0.677600
-0.677601
-0.677601
-0.677602
-0.677602
-0.677603
-0.677603
-0.677604
-0.677604
-0.677605
-0.677605
-0.677606
-0.677606
-0.677607
-0.677607
-0.677608
-0.677608
-0.677608
-0.677609
-0.677609
-0.677610
-0.677610
-0.677611
-0.677611
-0.677612
-0.677612
-0.677613
-0.677613
-0.677614
-0.677614
-0.677615
-0.677615
-0.677615
-0.677616
-0.677616
-0.677617
-0.677617
-0.677618
-0.677618
-0.677618
-0.677619
-0.677619
-0.677620
-0.677620
-0.677621
-0.677621
-0.677621
-0.677622
-0.677622
-0.677623
-0.677623
-0.677624
-0.677624
-0.677624
-0.677625
-0.677625
-0.677626
-0.677626
-0.677626
-0.677627
-0.677627
-0.677628
-0.677628
-0.677628
-0.677629
-0.677629
-0.677630
-0.677630
-0.677630
-0.677631
-0.677631
-0.677631
-0.677632
-0.677632
-0.677632
-0.677633
-0.677633
-0.677634
-0.677634
-0.677634
-0.677635
-0.677635
-0.677635
-0.677636
-0.677636
-0.677636
-0.677637
-0.677637
-0.677637
-0.677638
-0.677638
-0.677638
-0.677639
-0.677639
-0.677639
-0.677640
-0.677640
-0.677640
-0.677641
-0.677641
-0.677641
-0.677642
-0.677642
-0.677642
-0.677643
-0.677643
-0.677643
-0.677644
-0.677644
-0.677644
-0.677644
-0.677645
-0.677645
-0.677645
-0.677646
-0.677646
-0.677646
-0.677646
-0.677647
-0.677647
-0.677647
-0.677648
-0.677648
-0.677648
-0.677648
-0.677649
-0.677649
-0.677649
-0.677649
-0.677650
-0.677650
-0.677650
-0.677651
-0.677651
-0.677651
-0.677651
-0.677652
-0.677652
-0.677652
-0.677652
-0.677653
-0.677653
-0.677653
-0.677653
-0.677653
-0.677654
-0.677654
-0.677654
-0.677654
-0.677655
-0.677655
-0.677655
-0.677655
-0.677656
-0.677656
-0.677656
-0.677656
-0.677656
-0.677657
-0.677657
-0.677657
-0.677657
-0.677657
-0.677658
-0.677658
-0.677658
-0.677658
-0.677658
-0.677659
-0.677659
-0.677659
-0.677659
-0.677659
-0.677659
-0.677660
-0.677660
-0.677660
-0.677660
-0.677660
-0.677661
-0.677661
-0.677661
-0.677661
-0.677661
-0.677661
-0.677662
-0.677662
-0.677662
-0.677662
-0.677662
-0.677662
-0.677662
-0.677663
-0.677663
-0.677663
-0.677663
-0.677663
-0.677663
-0.677663
-0.677664
-0.677664
-0.677664
-0.677664
-0.677664
-0.677664
-0.677664
-0.677664
-0.677665
-0.677665
-0.677665
-0.677665
-0.677665
-0.677665
-0.677665
-0.677665
-0.677665
-0.677666
-0.677666
-0.677666
-0.677666
-0.677666
-0.677666
-0.677666
-0.677666
-0.677666
-0.677666
-0.677667
-0.677667
-0.677667
-0.677667
-0.677667
-0.677667
-0.677667
-0.677667
-0.677667
-0.677667
-0.677667
-0.677667
-0.677667
-0.677667
-0.677668
-0.677668
-0.677668
-0.677668
-0.677668
-0.677668
-0.677668
-0.677668
-0.677668
-0.677668
-0.677668
-0.677668
-0.677668
-0.677668
-0.677668
-0.677668
-0.677668
-0.677668
-0.677668
-0.677668
-0.677668
-0.677668
-0.677668
-0.677668
-0.677668
-0.677668
-0.677668
-0.677669
-0.677669
-0.677669
