-0.459411
-0.415980
-0.404067
-0.407718
-0.417109
-0.427578
-0.437593
-0.446886
-0.455545
-0.463701
-0.471456
-0.478871
-0.485978
-0.492784
-0.499286
-0.505470
-0.511314
-0.516798
-0.521898
-0.526594
-0.530868
-0.534714
-0.538138
-0.541161
-0.543829
-0.546215
-0.548417
-0.550560
-0.552787
-0.555245
-0.558071
-0.561365
-0.565179
-0.569499
-0.574249
-0.579302
-0.584508
-0.589715
-0.594796
-0.599657
-0.604240
-0.608516
-0.612481
-0.616145
-0.619527
-0.622649
-0.625530
-0.628182
-0.630612
-0.632819
-0.634802
-0.636565
-0.638118
-0.639483
-0.640682
-0.641740
-0.642690
-0.643572
-0.644439
-0.645365
-0.646452
-0.647834
-0.649672
-0.652116
-0.655251
-0.659063
-0.663440
-0.668206
-0.673170
-0.678168
-0.683077
-0.687817
-0.692344
-0.696640
-0.700703
-0.704540
-0.708165
-0.711593
-0.714839
-0.717917
-0.720841
-0.723624
-0.726276
-0.728806
-0.731222
-0.733532
-0.735742
-0.737857
-0.739884
-0.741825
-0.743686
-0.745470
-0.747182
-0.748823
-0.750398
-0.751910
-0.753361
-0.754755
-0.756093
-0.757378
-0.758613
-0.759799
-0.760938
-0.762034
-0.763086
-0.764099
-0.765073
-0.766010
-0.766913
-0.767784
-0.768623
-0.769433
-0.770214
-0.770969
-0.771699
-0.772406
-0.773089
-0.773751
-0.774394
-0.775017
-0.775620
-0.776215
-0.776809
-0.777381
-0.777908
-0.778460
-0.778968
-0.779474
-0.780051
-0.780610
-0.781116
-0.781619
-0.782125
-0.782631
-0.783146
-0.783677
-0.784232
-0.784820
-0.785448
-0.786123
-0.786846
-0.787616
-0.788429
-0.789276
-0.790149
-0.791040
-0.791942
-0.792847
-0.793750
-0.794647
-0.795534
-0.796408
-0.797268
-0.798112
-0.798939
-0.799748
-0.800540
-0.801314
-0.802070
-0.802808
-0.803529
-0.804233
-0.804921
-0.805592
-0.806248
-0.806888
-0.807513
-0.808124
-0.808722
-0.809306
-0.809877
-0.810436
-0.810983
-0.811519
-0.812044
-0.812559
-0.813064
-0.813559
-0.814045
-0.814522
-0.814990
-0.815450
-0.815903
-0.816348
-0.816786
-0.817217
-0.817641
-0.818060
-0.818472
-0.818879
-0.819282
-0.819679
-0.820073
-0.820463
-0.820850
-0.821235
-0.821619
-0.822001
-0.822384
-0.822767
-0.823152
-0.823538
-0.823927
-0.824318
-0.824713
-0.825112
-0.825517
-0.825927
-0.826343
-0.826765
-0.827193
-0.827628
-0.828068
-0.828515
-0.828967
-0.829424
-0.829886
-0.830351
-0.830818
-0.831286
-0.831755
-0.832225
-0.832695
-0.833162
-0.833626
-0.834084
-0.834539
-0.834988
-0.835434
-0.835876
-0.836314
-0.836749
-0.837182
-0.837611
-0.838039
-0.838464
-0.838888
-0.839309
-0.839730
-0.840149
-0.840567
-0.840984
-0.841400
-0.841815
-0.842223
-0.842643
-0.843058
-0.843462
-0.843866
-0.844274
-0.844671
-0.845097
-0.845489
-0.845928
-0.846314
-0.846702
-0.847109
-0.847527
-0.847953
-0.848382
-0.848814
-0.849247
-0.849682
-0.850117
-0.850554
-0.850990
-0.851427
-0.851863
-0.852300
-0.852736
-0.853172
-0.853607
-0.854041
-0.854475
-0.854908
-0.855341
-0.855774
-0.856207
-0.856640
-0.857075
-0.857511
-0.857948
-0.858385
-0.858824
-0.859262
-0.859699
-0.860135
-0.860570
-0.861002
-0.861431
-0.861858
-0.862282
-0.862703
-0.863120
-0.863535
-0.863946
-0.864354
-0.864759
-0.865160
-0.865557
-0.865557
-0.865949
-0.866335
-0.866716
-0.867090
-0.867458
-0.867819
-0.868172
-0.868516
-0.868850
-0.869172
-0.869480
-0.869774
-0.870053
-0.870318
-0.870571
-0.870812
-0.871044
-0.871268
-0.871483
-0.871691
-0.871892
-0.872085
-0.872270
-0.872446
-0.872612
-0.872765
-0.872903
-0.873026
-0.873129
-0.873212
-0.873270
-0.873305
-0.873307
-0.873287
-0.873225
-0.873144
-0.873010
-0.872869
-0.872656
-0.872457
-0.872159
-0.871908
-0.871521
-0.871222
-0.870746
-0.870400
-0.869837
-0.869439
-0.868791
-0.868339
-0.867613
-0.867110
-0.866309
-0.865751
-0.864883
-0.864291
-0.863380
-0.862794
-0.861861
-0.861316
-0.860367
-0.859883
-0.858920
-0.858501
-0.857536
-0.857169
-0.856225
-0.855881
-0.854978
-0.854630
-0.853778
-0.853400
-0.852606
-0.852178
-0.851451
-0.850963
-0.850299
-0.849763
-0.849147
-0.848598
-0.848017
-0.847475
-0.846920
-0.846395
-0.845860
-0.845361
-0.844847
-0.844385
-0.843889
-0.843474
-0.842985
-0.842629
-0.842133
-0.841846
-0.841332
-0.841115
-0.840586
-0.840426
-0.839909
-0.839773
-0.839303
-0.839159
-0.838754
-0.838585
-0.838247
-0.838053
-0.837773
-0.837565
-0.837327
-0.837120
-0.836909
-0.836712
-0.836519
-0.836335
-0.836158
-0.835987
-0.835823
-0.835664
-0.835512
-0.835366
-0.835225
-0.835089
-0.834959
-0.834833
-0.834712
-0.834595
-0.834482
-0.834371
-0.834264
-0.834159
-0.834056
-0.833954
-0.833853
-0.833753
-0.833653
-0.833552
-0.833450
-0.833348
-0.833243
-0.833137
-0.833029
-0.832918
-0.832805
-0.832688
-0.832569
-0.832447
-0.832322
-0.832194
-0.832064
-0.831931
-0.831796
-0.831658
-0.831519
-0.831379
-0.831238
-0.831097
-0.830955
-0.830814
-0.830674
-0.830536
-0.830398
-0.830263
-0.830130
-0.829998
-0.829869
-0.829743
-0.829619
-0.829496
-0.829376
-0.829258
-0.829141
-0.829026
-0.828912
-0.828799
-0.828686
-0.828574
-0.828462
-0.828350
-0.828237
-0.828124
-0.828010
-0.827894
-0.827777
-0.827659
-0.827538
-0.827416
-0.827292
-0.827165
-0.827036
-0.826904
-0.826770
-0.826633
-0.826493
-0.826350
-0.826204
-0.826055
-0.825903
-0.825748
-0.825590
-0.825428
-0.825263
-0.825095
-0.824923
-0.824748
-0.824569
-0.824387
-0.824202
-0.824013
-0.823821
-0.823626
-0.823428
-0.823227
-0.823023
-0.822817
-0.822608
-0.822397
-0.822184
-0.821969
-0.821753
-0.821536
-0.821318
-0.821099
-0.820881
-0.820663
-0.820446
-0.820231
-0.820018
-0.819807
-0.819599
-0.819395
-0.819194
-0.818998
-0.818808
-0.818623
-0.818443
-0.818271
-0.818104
-0.817945
-0.817793
-0.817647
-0.817508
-0.817376
-0.817251
-0.817131
-0.817016
-0.816906
-0.816801
-0.816700
-0.816603
-0.816510
-0.816422
-0.816341
-0.816274
-0.816242
-0.816297
-0.816451
-0.816459
-0.816271
-0.816195
-0.816127
-0.816046
-0.815961
-0.815873
-0.815780
-0.815681
-0.815575
-0.815463
-0.815345
-0.815222
-0.815093
-0.814961
-0.814823
-0.814683
-0.814538
-0.814392
-0.814243
-0.814093
-0.813942
-0.813792
-0.813643
-0.813496
-0.813352
-0.813212
-0.813078
-0.812950
-0.812830
-0.812719
-0.812616
-0.812524
-0.812442
-0.812370
-0.812310
-0.812260
-0.812220
-0.812191
-0.812173
-0.812164
-0.812166
-0.812177
-0.812177
-0.812197
-0.812227
-0.812266
-0.812313
-0.812369
-0.812434
-0.812506
-0.812586
-0.812674
-0.812770
-0.812872
-0.812981
-0.813097
-0.813219
-0.813347
-0.813481
-0.813621
-0.813766
-0.813915
-0.814070
-0.814230
-0.814393
-0.814561
-0.814733
-0.814909
-0.815088
-0.815271
-0.815457
-0.815647
-0.815840
-0.816035
-0.816234
-0.816435
-0.816640
-0.816847
-0.817057
-0.817270
-0.817485
-0.817703
-0.817924
-0.818148
-0.818374
-0.818604
-0.818836
-0.819070
-0.819308
-0.819548
-0.819791
-0.820037
-0.820285
-0.820536
-0.820789
-0.821045
-0.821303
-0.821563
-0.821826
-0.822090
-0.822357
-0.822625
-0.822895
-0.823166
-0.823439
-0.823713
-0.823989
-0.824265
-0.824543
-0.824821
-0.825100
-0.825380
-0.825660
-0.825940
-0.826221
-0.826501
-0.826782
-0.827063
-0.827344
-0.827625
-0.827905
-0.828185
-0.828465
-0.828744
-0.829023
-0.829301
-0.829578
-0.829855
-0.830132
-0.830407
-0.830682
-0.830956
-0.831229
-0.831502
-0.831774
-0.832044
-0.832314
-0.832583
-0.832851
-0.833118
-0.833384
-0.833649
-0.833913
-0.834176
-0.834438
-0.834699
-0.834959
-0.835217
-0.835475
-0.835731
-0.835986
-0.836240
-0.836493
-0.836745
-0.836995
-0.837244
-0.837492
-0.837738
-0.837983
-0.838227
-0.838469
-0.838710
-0.838950
-0.839188
-0.839425
-0.839660
-0.839894
-0.840126
-0.840357
-0.840587
-0.840815
-0.841041
-0.841266
-0.841489
-0.841711
-0.841931
-0.842150
-0.842367
-0.842583
-0.842797
-0.843010
-0.843221
-0.843430
-0.843638
-0.843844
-0.844049
-0.844253
-0.844455
-0.844655
-0.844854
-0.845051
-0.845247
-0.845441
-0.845634
-0.845826
-0.846015
-0.846204
-0.846391
-0.846576
-0.846760
-0.846943
-0.847124
-0.847304
-0.847482
-0.847659
-0.847835
-0.848009
-0.848182
-0.848353
-0.848523
-0.848692
-0.848859
-0.849025
-0.849189
-0.849352
-0.849514
-0.849674
-0.849833
-0.849991
-0.850147
-0.850302
-0.850455
-0.850607
-0.850758
-0.850908
-0.851056
-0.851202
-0.851348
-0.851491
-0.851634
-0.851775
-0.851915
-0.852054
-0.852191
-0.852327
-0.852461
-0.852594
-0.852726
-0.852857
-0.852986
-0.853114
-0.853241
-0.853366
-0.853490
-0.853613
-0.853734
-0.853854
-0.853973
-0.854091
-0.854208
-0.854323
-0.854437
-0.854550
-0.854662
-0.854772
-0.854882
-0.854990
-0.855097
-0.855203
-0.855307
-0.855411
-0.855513
-0.855614
-0.855715
-0.855814
-0.855912
-0.856008
-0.856104
-0.856199
-0.856293
-0.856386
-0.856478
-0.856569
-0.856659
-0.856748
-0.856837
-0.856924
-0.857010
-0.857095
-0.857177
-0.857258
-0.857336
-0.857410
-0.857482
-0.857550
-0.857616
-0.857678
-0.857738
-0.857795
-0.857850
-0.857902
-0.857952
-0.857999
-0.858045
-0.858088
-0.858129
-0.858168
-0.858205
-0.858240
-0.858274
-0.858305
-0.858335
-0.858363
-0.858389
-0.858413
-0.858436
-0.858458
-0.858478
-0.858496
-0.858513
-0.858528
-0.858542
-0.858555
-0.858567
-0.858577
-0.858586
-0.858594
-0.858600
-0.858605
-0.858609
-0.858611
-0.858612
-0.858612
-0.858610
