0.540571
0.539123
0.538276
0.537547
0.536834
0.536115
0.535388
0.534653
0.533910
0.533163
0.532414
0.531668
0.530927
0.530195
0.529474
0.528764
0.528067
0.527380
0.526700
0.526024
0.525344
0.524654
0.523945
0.523208
0.522437
0.521625
0.520769
0.519870
0.518931
0.517956
0.516952
0.515926
0.514883
0.513829
0.512767
0.511701
0.510631
0.509558
0.508481
0.507400
0.506311
0.505215
0.504109
0.502993
0.501865
0.500725
0.499572
0.498407
0.497230
0.496044
0.494854
0.493664
0.492475
0.491286
0.490098
0.488908
0.487714
0.486511
0.485293
0.484053
0.482781
0.481460
0.480070
0.478590
0.477003
0.475310
0.473525
0.471676
0.469795
0.467911
0.466046
0.464215
0.462428
0.460688
0.459000
0.457363
0.455778
0.454244
0.452759
0.451322
0.449933
0.448589
0.447290
0.446034
0.444819
0.443645
0.442510
0.441413
0.440351
0.439325
0.438332
0.437370
0.436440
0.435538
0.434663
0.433815
0.432992
0.432192
0.431414
0.430657
0.429920
0.429200
0.428496
0.427806
0.427130
0.426467
0.425816
0.425175
0.424545
0.423924
0.423311
0.422706
0.422108
0.421516
0.420931
0.420352
0.419778
0.419210
0.418646
0.418087
0.417535
0.416979
0.416416
0.415872
0.415299
0.414763
0.414235
0.413687
0.413149
0.412614
0.412067
0.411524
0.410986
0.410451
0.409919
0.409392
0.408872
0.408360
0.407857
0.407367
0.406889
0.406427
0.405979
0.405546
0.405127
0.404722
0.404329
0.403947
0.403575
0.403211
0.402855
0.402505
0.402160
0.401820
0.401484
0.401151
0.400821
0.400494
0.400168
0.399845
0.399524
0.399204
0.398886
0.398570
0.398256
0.397944
0.397634
0.397328
0.397026
0.396728
0.396436
0.396149
0.395869
0.395597
0.395333
0.395077
0.394832
0.394597
0.394373
0.394161
0.393960
0.393771
0.393595
0.393432
0.393282
0.393144
0.393018
0.392905
0.392804
0.392714
0.392636
0.392568
0.392510
0.392461
0.392421
0.392389
0.392364
0.392344
0.392330
0.392321
0.392315
0.392313
0.392314
0.392319
0.392327
0.392338
0.392350
0.392361
0.392371
0.392377
0.392379
0.392376
0.392367
0.392355
0.392343
0.392329
0.392311
0.392288
0.392261
0.392231
0.392202
0.392178
0.392161
0.392148
0.392135
0.392119
0.392100
0.392078
0.392054
0.392028
0.391999
0.391968
0.391935
0.391900
0.391864
0.391826
0.391787
0.391745
0.391702
0.391656
0.391609
0.391559
0.391508
0.391458
0.391365
0.391296
0.391291
0.391239
0.390932
0.390764
0.390814
0.390699
0.390683
0.390622
0.390549
0.390488
0.390435
0.390391
0.390352
0.390319
0.390290
0.390264
0.390241
0.390222
0.390203
0.390188
0.390173
0.390162
0.390150
0.390140
0.390131
0.390123
0.390116
0.390110
0.390104
0.390099
0.390094
0.390090
0.390085
0.390081
0.390077
0.390073
0.390069
0.390065
0.390062
0.390060
0.390059
0.390059
0.390061
0.390064
0.390069
0.390074
0.390081
0.390089
0.390097
0.390107
0.390118
0.390130
0.390142
0.390155
0.390155
0.390169
0.390182
0.390196
0.390210
0.390223
0.390236
0.390249
0.390260
0.390270
0.390278
0.390283
0.390284
0.390282
0.390278
0.390271
0.390262
0.390250
0.390238
0.390223
0.390207
0.390190
0.390171
0.390150
0.390128
0.390105
0.390081
0.390055
0.390027
0.389999
0.389968
0.389938
0.389904
0.389871
0.389833
0.389800
0.389758
0.389725
0.389677
0.389646
0.389594
0.389566
0.389508
0.389483
0.389421
0.389399
0.389336
0.389315
0.389252
0.389230
0.389167
0.389145
0.389079
0.389055
0.388984
0.388959
0.388885
0.388863
0.388786
0.388771
0.388692
0.388685
0.388603
0.388605
0.388525
0.388535
0.388461
0.388475
0.388409
0.388424
0.388366
0.388378
0.388330
0.388336
0.388298
0.388295
0.388266
0.388255
0.388232
0.388218
0.388201
0.388190
0.388177
0.388170
0.388161
0.388159
0.388154
0.388158
0.388157
0.388170
0.388170
0.388192
0.388193
0.388225
0.388223
0.388262
0.388258
0.388302
0.388300
0.388343
0.388349
0.388388
0.388401
0.388436
0.388455
0.388485
0.388508
0.388535
0.388559
0.388583
0.388607
0.388630
0.388653
0.388675
0.388696
0.388717
0.388737
0.388756
0.388776
0.388794
0.388813
0.388832
0.388850
0.388869
0.388887
0.388906
0.388925
0.388944
0.388964
0.388983
0.389003
0.389023
0.389042
0.389062
0.389081
0.389101
0.389120
0.389139
0.389158
0.389176
0.389195
0.389212
0.389230
0.389247
0.389264
0.389280
0.389296
0.389312
0.389327
0.389343
0.389358
0.389374
0.389390
0.389407
0.389424
0.389443
0.389462
0.389483
0.389506
0.389530
0.389557
0.389585
0.389616
0.389649
0.389685
0.389723
0.389763
0.389806
0.389851
0.389898
0.389947
0.389998
0.390051
0.390105
0.390161
0.390218
0.390276
0.390336
0.390396
0.390456
0.390517
0.390579
0.390641
0.390703
0.390764
0.390826
0.390888
0.390950
0.391011
0.391072
0.391133
0.391193
0.391253
0.391313
0.391372
0.391430
0.391489
0.391547
0.391604
0.391661
0.391717
0.391773
0.391829
0.391884
0.391938
0.391993
0.392046
0.392100
0.392153
0.392206
0.392259
0.392311
0.392363
0.392416
0.392468
0.392520
0.392572
0.392625
0.392678
0.392731
0.392785
0.392839
0.392894
0.392949
0.393005
0.393063
0.393121
0.393180
0.393240
0.393301
0.393364
0.393427
0.393492
0.393557
0.393624
0.393692
0.393761
0.393830
0.393901
0.393972
0.394044
0.394116
0.394189
0.394262
0.394336
0.394410
0.394484
0.394559
0.394633
0.394709
0.394785
0.394862
0.394943
0.395032
0.395145
0.395314
0.395459
0.395483
0.395529
0.395601
0.395674
0.395744
0.395812
0.395877
0.395938
0.395996
0.396052
0.396104
0.396153
0.396200
0.396244
0.396285
0.396324
0.396361
0.396395
0.396428
0.396459
0.396488
0.396517
0.396545
0.396572
0.396600
0.396628
0.396657
0.396688
0.396720
0.396755
0.396792
0.396833
0.396876
0.396923
0.396973
0.397026
0.397082
0.397141
0.397203
0.397268
0.397335
0.397404
0.397475
0.397475
0.397549
0.397624
0.397700
0.397779
0.397858
0.397939
0.398021
0.398103
0.398187
0.398271
0.398356
0.398442
0.398528
0.398615
0.398701
0.398789
0.398876
0.398963
0.399051
0.399139
0.399226
0.399314
0.399401
0.399489
0.399576
0.399663
0.399751
0.399838
0.399925
0.400012
0.400098
0.400185
0.400272
0.400359
0.400446
0.400533
0.400620
0.400707
0.400795
0.400883
0.400971
0.401060
0.401149
0.401239
0.401329
0.401420
0.401512
0.401604
0.401697
0.401791
0.401885
0.401980
0.402076
0.402173
0.402270
0.402368
0.402467
0.402566
0.402666
0.402766
0.402868
0.402969
0.403072
0.403174
0.403278
0.403381
0.403486
0.403590
0.403695
0.403800
0.403906
0.404012
0.404118
0.404224
0.404331
0.404437
0.404544
0.404651
0.404759
0.404866
0.404974
0.405081
0.405189
0.405297
0.405405
0.405513
0.405622
0.405730
0.405838
0.405947
0.406055
0.406164
0.406273
0.406382
0.406491
0.406600
0.406709
0.406818
0.406927
0.407036
0.407146
0.407255
0.407364
0.407474
0.407583
0.407693
0.407802
0.407912
0.408021
0.408131
0.408240
0.408350
0.408459
0.408569
0.408678
0.408787
0.408896
0.409006
0.409115
0.409223
0.409332
0.409441
0.409549
0.409658
0.409766
0.409874
0.409982
0.410089
0.410197
0.410304
0.410411
0.410517
0.410624
0.410730
0.410836
0.410942
0.411047
0.411153
0.411257
0.411362
0.411466
0.411570
0.411674
0.411778
0.411881
0.411983
0.412086
0.412188
0.412290
0.412391
0.412492
0.412593
0.412693
0.412793
0.412893
0.412992
0.413091
0.413189
0.413287
0.413385
0.413482
0.413579
0.413676
0.413772
0.413868
0.413963
0.414058
0.414152
0.414246
0.414340
0.414433
0.414526
0.414618
0.414710
0.414801
0.414892
0.414983
0.415072
0.415162
0.415251
0.415339
0.415427
0.415515
0.415602
0.415688
0.415774
0.415859
0.415944
0.416029
0.416112
0.416196
0.416278
0.416361
0.416442
0.416524
0.416604
0.416685
0.416764
0.416843
0.416922
0.417000
0.417078
0.417155
0.417231
0.417308
0.417383
0.417458
0.417533
0.417607
0.417681
0.417754
0.417826
0.417899
0.417970
0.418042
0.418112
0.418183
0.418252
0.418322
0.418391
0.418459
0.418527
0.418594
0.418661
0.418728
0.418794
0.418859
0.418924
0.418989
0.419053
0.419117
0.419180
0.419243
0.419304
0.419365
0.419425
0.419483
0.419539
0.419594
0.419646
0.419697
0.419746
0.419793
0.419838
0.419883
0.419926
0.419968
0.420008
0.420048
0.420086
0.420124
0.420161
0.420196
0.420232
0.420266
0.420300
0.420333
0.420365
0.420398
0.420430
0.420461
0.420493
0.420524
0.420555
0.420587
0.420619
0.420650
0.420683
0.420715
0.420748
0.420781
0.420815
0.420849
0.420883
0.420918
0.420953
0.420989
0.421025
0.421062
0.421098
0.421135
