0.350782
0.346104
0.344654
0.346072
0.348319
0.350422
0.352174
0.353637
0.354916
0.356096
0.357239
0.358389
0.359579
0.360835
0.362180
0.363630
0.365198
0.366885
0.368686
0.370583
0.372542
0.374517
0.376441
0.378236
0.379808
0.381055
0.381873
0.382165
0.381855
0.380891
0.379259
0.376985
0.374134
0.370803
0.367113
0.363197
0.359186
0.355196
0.351322
0.347634
0.344175
0.340963
0.337993
0.335245
0.332683
0.330260
0.327931
0.325652
0.323395
0.321158
0.318961
0.316840
0.314825
0.312939
0.311198
0.309614
0.308199
0.306961
0.305911
0.305063
0.304425
0.304005
0.303792
0.303754
0.303846
0.304013
0.304212
0.304411
0.304595
0.304756
0.304892
0.305006
0.305100
0.305178
0.305242
0.305294
0.305337
0.305373
0.305403
0.305429
0.305454
0.305479
0.305507
0.305540
0.305581
0.305633
0.305700
0.305784
0.305889
0.306019
0.306176
0.306364
0.306586
0.306844
0.307142
0.307481
0.307865
0.308299
0.308789
0.309347
0.309993
0.310755
0.311660
0.312725
0.313947
0.315319
0.316838
0.318516
0.320366
0.322398
0.324622
0.327040
0.329656
0.332471
0.335485
0.338701
0.342122
0.345766
0.349681
0.353886
0.358170
0.363228
0.369952
0.376665
0.383937
0.391519
0.398084
0.405074
0.414013
0.424082
0.434649
0.445993
0.458180
0.471084
0.484566
0.498396
0.512222
0.525628
0.538208
0.549643
0.559753
0.568499
0.575956
0.582260
0.587577
0.592068
0.595884
0.599155
0.601991
0.604481
0.606698
0.608700
0.610532
0.612229
0.613820
0.615326
0.616764
0.618146
0.619484
0.620785
0.622055
0.623302
0.624528
0.625737
0.626931
0.628110
0.629275
0.630423
0.631556
0.632670
0.633764
0.634836
0.635886
0.636911
0.637910
0.638878
0.639815
0.640717
0.641582
0.642411
0.643199
0.643945
0.644645
0.645295
0.645892
0.646435
0.646920
0.647349
0.647720
0.648030
0.648278
0.648460
0.648573
0.648613
0.648578
0.648466
0.648274
0.648003
0.647652
0.647222
0.646716
0.646138
0.645492
0.644782
0.644008
0.643166
0.642251
0.641259
0.640191
0.639048
0.637834
0.636551
0.635208
0.633824
0.632407
0.630947
0.629436
0.627878
0.626282
0.624660
0.623028
0.621398
0.619765
0.618118
0.616445
0.614745
0.613018
0.611267
0.609492
0.607694
0.605877
0.604041
0.602188
0.600321
0.598443
0.596556
0.594664
0.592767
0.590865
0.588961
0.587052
0.585140
0.583225
0.581307
0.579400
0.577970
0.574716
0.573052
0.571387
0.571854
0.568834
0.564315
0.560654
0.555827
0.552431
0.550319
0.548767
0.547432
0.546080
0.544690
0.543200
0.541667
0.540053
0.538427
0.536746
0.535080
0.533376
0.531702
0.530002
0.528338
0.526660
0.525014
0.523366
0.521743
0.520127
0.518529
0.516943
0.515371
0.513812
0.512265
0.510730
0.509207
0.507695
0.506197
0.504712
0.503243
0.501797
0.500380
0.498998
0.497651
0.496337
0.495049
0.493783
0.492533
0.491296
0.490070
0.488853
0.487644
0.486442
0.485247
0.485247
0.484059
0.482876
0.481698
0.480523
0.479349
0.478171
0.476983
0.475774
0.474531
0.473237
0.471876
0.470445
0.468957
0.467435
0.465897
0.464353
0.462808
0.461259
0.459706
0.458144
0.456573
0.454987
0.453391
0.451778
0.450157
0.448513
0.446871
0.445197
0.443542
0.441837
0.440186
0.438445
0.436815
0.435026
0.433447
0.431587
0.430094
0.428132
0.426769
0.424669
0.423475
0.421217
0.420208
0.417812
0.416960
0.414497
0.413742
0.411293
0.410577
0.408189
0.407472
0.405139
0.404392
0.402070
0.401276
0.398912
0.398100
0.395669
0.394929
0.392443
0.391919
0.389420
0.389241
0.386811
0.387007
0.384779
0.385257
0.383341
0.383978
0.382398
0.383090
0.381852
0.382507
0.381650
0.382176
0.381737
0.382115
0.382004
0.382270
0.382294
0.382460
0.382493
0.382596
0.382606
0.382672
0.382628
0.382658
0.382531
0.382545
0.382313
0.382354
0.381990
0.382105
0.381590
0.381811
0.381155
0.381461
0.380731
0.381044
0.380354
0.380597
0.380025
0.380150
0.379713
0.379705
0.379380
0.379263
0.379006
0.378823
0.378592
0.378378
0.378149
0.377917
0.377677
0.377427
0.377165
0.376891
0.376600
0.376292
0.375964
0.375616
0.375246
0.374857
0.374447
0.374020
0.373576
0.373118
0.372648
0.372167
0.371678
0.371182
0.370682
0.370178
0.369671
0.369163
0.368655
0.368147
0.367640
0.367135
0.366633
0.366134
0.365638
0.365147
0.364660
0.364178
0.363701
0.363231
0.362766
0.362309
0.361859
0.361416
0.360981
0.360555
0.360137
0.359729
0.359329
0.358940
0.358560
0.358191
0.357833
0.357485
0.357148
0.356822
0.356508
0.356204
0.355912
0.355631
0.355361
0.355101
0.354852
0.354613
0.354384
0.354165
0.353954
0.353753
0.353560
0.353375
0.353199
0.353030
0.352869
0.352714
0.352567
0.352426
0.352292
0.352165
0.352043
0.351928
0.351819
0.351716
0.351619
0.351527
0.351441
0.351361
0.351287
0.351218
0.351154
0.351096
0.351043
0.350996
0.350953
0.350916
0.350883
0.350855
0.350831
0.350812
0.350798
0.350787
0.350781
0.350778
0.350779
0.350784
0.350793
0.350805
0.350821
0.350840
0.350863
0.350889
0.350919
0.350953
0.350992
0.351034
0.351082
0.351135
0.351193
0.351257
0.351328
0.351406
0.351493
0.351588
0.351693
0.351808
0.351934
0.352071
0.352222
0.352385
0.352561
0.352750
0.352953
0.353167
0.353393
0.353629
0.353874
0.354126
0.354382
0.354641
0.354902
0.355160
0.355416
0.355667
0.355910
0.356145
0.356369
0.356576
0.356753
0.356859
0.356812
0.356950
0.357357
0.357387
0.357267
0.357260
0.357370
0.357525
0.357687
0.357852
0.358026
0.358208
0.358395
0.358583
0.358771
0.358956
0.359138
0.359313
0.359483
0.359644
0.359798
0.359943
0.360079
0.360207
0.360326
0.360437
0.360539
0.360634
0.360720
0.360800
0.360872
0.360938
0.360997
0.361050
0.361097
0.361140
0.361180
0.361215
0.361249
0.361281
0.361312
0.361344
0.361377
0.361411
0.361411
0.361448
0.361488
0.361531
0.361578
0.361630
0.361686
0.361746
0.361811
0.361882
0.361957
0.362038
0.362123
0.362214
0.362310
0.362410
0.362516
0.362627
0.362743
0.362863
0.362988
0.363117
0.363250
0.363388
0.363530
0.363675
0.363824
0.363976
0.364132
0.364291
0.364452
0.364616
0.364783
0.364951
0.365122
0.365295
0.365469
0.365645
0.365822
0.366000
0.366179
0.366359
0.366540
0.366721
0.366903
0.367085
0.367268
0.367451
0.367635
0.367818
0.368002
0.368186
0.368370
0.368554
0.368739
0.368923
0.369108
0.369294
0.369479
0.369665
0.369851
0.370037
0.370224
0.370411
0.370598
0.370786
0.370974
0.371163
0.371352
0.371541
0.371730
0.371920
0.372110
0.372300
0.372490
0.372680
0.372870
0.373061
0.373251
0.373441
0.373631
0.373821
0.374010
0.374199
0.374388
0.374577
0.374764
0.374952
0.375138
0.375325
0.375510
0.375695
0.375879
0.376062
0.376244
0.376426
0.376607
0.376787
0.376966
0.377144
0.377321
0.377497
0.377673
0.377847
0.378021
0.378193
0.378365
0.378536
0.378706
0.378875
0.379043
0.379210
0.379377
0.379543
0.379708
0.379872
0.380035
0.380198
0.380360
0.380522
0.380683
0.380843
0.381003
0.381162
0.381321
0.381479
0.381637
0.381794
0.381951
0.382108
0.382265
0.382421
0.382577
0.382733
0.382889
0.383045
0.383200
0.383356
0.383512
0.383667
0.383823
0.383979
0.384135
0.384291
0.384447
0.384603
0.384760
0.384917
0.385075
0.385232
0.385391
0.385549
0.385708
0.385868
0.386028
0.386188
0.386350
0.386511
0.386674
0.386837
0.387001
0.387165
0.387330
0.387496
0.387663
0.387831
0.387999
0.388169
0.388339
0.388510
0.388683
0.388856
0.389030
0.389206
0.389382
0.389560
0.389739
0.389919
0.390100
0.390282
0.390465
0.390650
0.390836
0.391023
0.391212
0.391402
0.391593
0.391785
0.391979
0.392173
0.392369
0.392566
0.392765
0.392964
0.393165
0.393366
0.393569
0.393772
0.393977
0.394182
0.394388
0.394595
0.394803
0.395011
0.395220
0.395429
0.395639
0.395849
0.396060
0.396271
0.396483
0.396694
0.396906
0.397118
0.397331
0.397543
0.397755
0.397968
0.398180
0.398393
0.398606
0.398818
0.399030
0.399243
0.399455
0.399667
0.399879
0.400090
0.400301
0.400512
0.400723
0.400933
0.401144
0.401354
0.401566
0.401779
0.401996
0.402218
0.402448
0.402688
0.402942
0.403211
0.403495
0.403795
0.404111
0.404439
0.404779
0.405129
0.405486
0.405848
0.406215
0.406585
0.406957
0.407330
0.407703
0.408077
0.408450
0.408823
0.409194
0.409565
0.409934
0.410302
0.410668
0.411030
0.411390
0.411747
0.412100
0.412448
0.412792
0.413130
0.413463
0.413791
0.414112
0.414426
0.414735
0.415036
0.415331
0.415618
0.415899
0.416172
0.416437
0.416695
