-0.020860
-0.042231
-0.052785
-0.055252
-0.052296
-0.046852
-0.040483
-0.033799
-0.027019
-0.020242
-0.013525
-0.006914
-0.000443
0.005865
0.011998
0.017954
0.023741
0.029374
0.034877
0.040275
0.045602
0.050895
0.056194
0.061539
0.066967
0.072503
0.078158
0.083917
0.089741
0.095567
0.101317
0.106907
0.112261
0.117318
0.122046
0.126435
0.130497
0.134263
0.137772
0.141069
0.144199
0.147207
0.150130
0.152999
0.155839
0.158668
0.161505
0.164368
0.167292
0.170353
0.173657
0.177292
0.181285
0.185613
0.190218
0.195021
0.199930
0.204840
0.209639
0.214208
0.218444
0.222296
0.225795
0.229034
0.232099
0.235032
0.237837
0.240502
0.243015
0.245372
0.247577
0.249639
0.251571
0.253386
0.255095
0.256710
0.258241
0.259695
0.261080
0.262403
0.263670
0.264886
0.266055
0.267182
0.268271
0.269324
0.270345
0.271336
0.272299
0.273236
0.274148
0.275038
0.275905
0.276751
0.277576
0.278381
0.279166
0.279931
0.280674
0.281394
0.282091
0.282761
0.283403
0.284020
0.284614
0.285186
0.285737
0.286265
0.286772
0.287257
0.287722
0.288169
0.288598
0.289010
0.289404
0.289780
0.290137
0.290475
0.290793
0.291092
0.291370
0.291630
0.291916
0.292244
0.292578
0.292923
0.293249
0.293492
0.293730
0.293982
0.294220
0.294455
0.294696
0.294945
0.295202
0.295470
0.295747
0.296033
0.296323
0.296616
0.296908
0.297197
0.297482
0.297762
0.298037
0.298308
0.298575
0.298838
0.299096
0.299352
0.299603
0.299851
0.300095
0.300335
0.300572
0.300805
0.301033
0.301258
0.301479
0.301696
0.301908
0.302116
0.302321
0.302520
0.302716
0.302907
0.303093
0.303275
0.303453
0.303626
0.303794
0.303958
0.304118
0.304273
0.304424
0.304570
0.304712
0.304849
0.304983
0.305112
0.305237
0.305359
0.305476
0.305590
0.305700
0.305806
0.305909
0.306009
0.306106
0.306200
0.306290
0.306379
0.306464
0.306547
0.306628
0.306706
0.306783
0.306857
0.306930
0.307001
0.307071
0.307139
0.307205
0.307271
0.307335
0.307398
0.307460
0.307521
0.307582
0.307641
0.307700
0.307757
0.307814
0.307871
0.307926
0.307981
0.308035
0.308088
0.308141
0.308193
0.308244
0.308295
0.308345
0.308395
0.308444
0.308493
0.308541
0.308589
0.308637
0.308684
0.308731
0.308778
0.308824
0.308871
0.308918
0.308965
0.309014
0.309064
0.309117
0.309173
0.309233
0.309297
0.309366
0.309442
0.309522
0.309644
0.309719
0.309800
0.309888
0.309967
0.310338
0.310704
0.311043
0.311257
0.311384
0.311491
0.311594
0.311703
0.311813
0.311929
0.312046
0.312169
0.312291
0.312420
0.312548
0.312682
0.312816
0.312956
0.313095
0.313242
0.313387
0.313540
0.313693
0.313851
0.314012
0.314177
0.314345
0.314518
0.314696
0.314879
0.315068
0.315262
0.315463
0.315671
0.315884
0.316103
0.316326
0.316552
0.316782
0.317015
0.317253
0.317497
0.317746
0.318001
0.318263
0.318532
0.318808
0.319092
0.319383
0.319681
0.319681
0.319987
0.320299
0.320618
0.320944
0.321275
0.321612
0.321954
0.322300
0.322650
0.323003
0.323361
0.323724
0.324094
0.324473
0.324863
0.325265
0.325680
0.326108
0.326550
0.327006
0.327476
0.327960
0.328458
0.328968
0.329491
0.330025
0.330571
0.331126
0.331693
0.332267
0.332853
0.333441
0.334044
0.334644
0.335262
0.335873
0.336505
0.337124
0.337768
0.338396
0.339050
0.339687
0.340346
0.340997
0.341657
0.342327
0.342990
0.343683
0.344349
0.345065
0.345730
0.346459
0.347108
0.347834
0.348444
0.349148
0.349694
0.350357
0.350820
0.351431
0.351818
0.352385
0.352785
0.353343
0.353947
0.354568
0.355492
0.356297
0.357463
0.358599
0.359903
0.361419
0.362865
0.364681
0.366350
0.368369
0.370286
0.372415
0.374461
0.376532
0.378470
0.380310
0.382002
0.383584
0.385049
0.386430
0.387721
0.388949
0.390117
0.391230
0.392332
0.393354
0.394458
0.395390
0.396575
0.397414
0.398736
0.399520
0.400951
0.401755
0.403215
0.404102
0.405526
0.406528
0.407886
0.408996
0.410284
0.411458
0.412692
0.413879
0.415072
0.416239
0.417390
0.418515
0.419611
0.420671
0.421690
0.422660
0.423575
0.424431
0.425224
0.425952
0.426618
0.427222
0.427768
0.428260
0.428704
0.429102
0.429459
0.429780
0.430066
0.430322
0.430550
0.430751
0.430927
0.431079
0.431210
0.431319
0.431407
0.431476
0.431526
0.431558
0.431572
0.431568
0.431549
0.431513
0.431462
0.431397
0.431319
0.431228
0.431125
0.431011
0.430888
0.430757
0.430620
0.430477
0.430330
0.430181
0.430032
0.429884
0.429740
0.429601
0.429469
0.429347
0.429235
0.429136
0.429050
0.428978
0.428923
0.428883
0.428859
0.428852
0.428860
0.428885
0.428925
0.428980
0.429048
0.429130
0.429223
0.429327
0.429441
0.429563
0.429692
0.429826
0.429966
0.430109
0.430254
0.430401
0.430549
0.430697
0.430844
0.430990
0.431134
0.431277
0.431418
0.431557
0.431694
0.431830
0.431963
0.432095
0.432226
0.432356
0.432484
0.432612
0.432740
0.432867
0.432995
0.433122
0.433249
0.433377
0.433505
0.433633
0.433761
0.433889
0.434018
0.434146
0.434274
0.434401
0.434528
0.434654
0.434779
0.434902
0.435025
0.435146
0.435266
0.435384
0.435502
0.435618
0.435734
0.435849
0.435964
0.436080
0.436197
0.436316
0.436436
0.436559
0.436685
0.436815
0.436948
0.437086
0.437227
0.437373
0.437522
0.437676
0.437832
0.437992
0.438154
0.438320
0.438488
0.438658
0.438832
0.439009
0.439190
0.439379
0.439598
0.440033
0.440839
0.441027
0.441191
0.441220
0.441177
0.441160
0.441205
0.441305
0.441448
0.441628
0.441842
0.442086
0.442356
0.442649
0.442959
0.443284
0.443620
0.443961
0.444306
0.444649
0.444988
0.445320
0.445642
0.445950
0.446242
0.446517
0.446771
0.447003
0.447213
0.447399
0.447561
0.447700
0.447816
0.447912
0.447988
0.448049
0.448095
0.448129
0.448155
0.448174
0.448188
0.448199
0.448209
0.448209
0.448220
0.448232
0.448248
0.448267
0.448291
0.448321
0.448357
0.448400
0.448449
0.448506
0.448570
0.448642
0.448722
0.448809
0.448905
0.449009
0.449120
0.449240
0.449368
0.449503
0.449647
0.449797
0.449956
0.450121
0.450294
0.450473
0.450658
0.450850
0.451047
0.451250
0.451457
0.451669
0.451885
0.452104
0.452326
0.452551
0.452778
0.453006
0.453234
0.453464
0.453693
0.453922
0.454150
0.454376
0.454601
0.454825
0.455046
0.455265
0.455482
0.455697
0.455909
0.456119
0.456327
0.456533
0.456737
0.456939
0.457140
0.457339
0.457537
0.457734
0.457930
0.458126
0.458322
0.458517
0.458712
0.458908
0.459104
0.459300
0.459497
0.459695
0.459893
0.460092
0.460292
0.460493
0.460695
0.460898
0.461101
0.461306
0.461511
0.461718
0.461925
0.462132
0.462341
0.462550
0.462759
0.462969
0.463180
0.463390
0.463601
0.463812
0.464023
0.464234
0.464445
0.464655
0.464866
0.465076
0.465286
0.465495
0.465704
0.465913
0.466121
0.466329
0.466536
0.466742
0.466948
0.467154
0.467359
0.467563
0.467767
0.467970
0.468173
0.468375
0.468577
0.468778
0.468979
0.469179
0.469379
0.469579
0.469778
0.469977
0.470176
0.470374
0.470572
0.470770
0.470968
0.471165
0.471363
0.471560
0.471757
0.471953
0.472150
0.472347
0.472543
0.472740
0.472937
0.473133
0.473329
0.473526
0.473722
0.473919
0.474115
0.474312
0.474508
0.474705
0.474901
0.475098
0.475295
0.475492
0.475689
0.475886
0.476084
0.476281
0.476479
0.476677
0.476875
0.477073
0.477272
0.477471
0.477670
0.477870
0.478070
0.478270
0.478471
0.478672
0.478873
0.479076
0.479278
0.479481
0.479685
0.479889
0.480094
0.480299
0.480506
0.480712
0.480920
0.481128
0.481338
0.481547
0.481758
0.481970
0.482182
0.482396
0.482610
0.482825
0.483041
0.483258
0.483476
0.483695
0.483915
0.484135
0.484357
0.484580
0.484803
0.485028
0.485253
0.485480
0.485707
0.485935
0.486164
0.486394
0.486625
0.486856
0.487088
0.487322
0.487556
0.487791
0.488026
0.488263
0.488500
0.488739
0.488978
0.489218
0.489460
0.489702
0.489945
0.490190
0.490436
0.490683
0.490932
0.491183
0.491435
0.491690
0.491947
0.492206
0.492469
0.492735
0.493005
0.493279
0.493558
0.493844
0.494136
0.494435
0.494743
0.495060
0.495387
0.495723
0.496067
0.496417
0.496771
0.497127
0.497483
0.497841
0.498202
0.498567
0.498940
0.499320
0.499710
0.500107
0.500512
0.500924
0.501340
0.501760
0.502181
0.502602
0.503021
0.503437
0.503849
0.504254
0.504653
0.505043
0.505424
0.505795
0.506156
0.506505
0.506844
0.507171
0.507486
0.507790
0.508083
0.508365
0.508638
0.508900
0.509154
0.509399
0.509637
0.509868
0.510092
0.510311
0.510525
0.510734
0.510939
