-0.470442
-0.496789
-0.510117
-0.520821
-0.532654
-0.545807
-0.559722
-0.573957
-0.588254
-0.602479
-0.616564
-0.630478
-0.644204
-0.657733
-0.671058
-0.684167
-0.697051
-0.709696
-0.722087
-0.734209
-0.746048
-0.757590
-0.768824
-0.779741
-0.790340
-0.800624
-0.810606
-0.820307
-0.829760
-0.839005
-0.848086
-0.857052
-0.865946
-0.874813
-0.883689
-0.892609
-0.901603
-0.910702
-0.919939
-0.929351
-0.938980
-0.948877
-0.959107
-0.969749
-0.980899
-0.992659
-1.005104
-1.018278
-1.032198
-1.046838
-1.062073
-1.077703
-1.093535
-1.109406
-1.125185
-1.140771
-1.156081
-1.171054
-1.185642
-1.199817
-1.213568
-1.226913
-1.239897
-1.252568
-1.264948
-1.277028
-1.288784
-1.300194
-1.311245
-1.321937
-1.332278
-1.342283
-1.351968
-1.361351
-1.370450
-1.379283
-1.387864
-1.396208
-1.404329
-1.412239
-1.419951
-1.427476
-1.434826
-1.442011
-1.449043
-1.455931
-1.462686
-1.469319
-1.475839
-1.482257
-1.488585
-1.494834
-1.501017
-1.507146
-1.513236
-1.519300
-1.525350
-1.531392
-1.537421
-1.543415
-1.549326
-1.555089
-1.560638
-1.565919
-1.570906
-1.575609
-1.580060
-1.584288
-1.588315
-1.592164
-1.595861
-1.599438
-1.602928
-1.606373
-1.609818
-1.613321
-1.616949
-1.620780
-1.624898
-1.629359
-1.633865
-1.637669
-1.641625
-1.644440
-1.647370
-1.649164
-1.649561
-1.649706
-1.649687
-1.649512
-1.649367
-1.649197
-1.648928
-1.648526
-1.647969
-1.647243
-1.646352
-1.645326
-1.644214
-1.643080
-1.641993
-1.641007
-1.640156
-1.639449
-1.638876
-1.638418
-1.638053
-1.637764
-1.637539
-1.637368
-1.637244
-1.637163
-1.637122
-1.637117
-1.637148
-1.637213
-1.637312
-1.637443
-1.637606
-1.637802
-1.638029
-1.638288
-1.638578
-1.638900
-1.639253
-1.639637
-1.640053
-1.640500
-1.640979
-1.641489
-1.642031
-1.642605
-1.643211
-1.643849
-1.644519
-1.645221
-1.645955
-1.646722
-1.647521
-1.648353
-1.649217
-1.650113
-1.651042
-1.652003
-1.652996
-1.654022
-1.655079
-1.656168
-1.657288
-1.658440
-1.659623
-1.660836
-1.662079
-1.663353
-1.664655
-1.665987
-1.667347
-1.668735
-1.670150
-1.671592
-1.673059
-1.674552
-1.676069
-1.677610
-1.679175
-1.680762
-1.682372
-1.684004
-1.685657
-1.687330
-1.689022
-1.690733
-1.692463
-1.694212
-1.695980
-1.697767
-1.699573
-1.701399
-1.703245
-1.705112
-1.707003
-1.708918
-1.710859
-1.712826
-1.714820
-1.716842
-1.718894
-1.720975
-1.723087
-1.725230
-1.727403
-1.729603
-1.731825
-1.734063
-1.736309
-1.738556
-1.740797
-1.743024
-1.745232
-1.747415
-1.749567
-1.751677
-1.753704
-1.755418
-1.756754
-1.762411
-1.761955
-1.763365
-1.768418
-1.757426
-1.741419
-1.735477
-1.732305
-1.731102
-1.730390
-1.730228
-1.730083
-1.730303
-1.730467
-1.730951
-1.731319
-1.731986
-1.732481
-1.733269
-1.733840
-1.734699
-1.735317
-1.736197
-1.736845
-1.737702
-1.738368
-1.739162
-1.739825
-1.740533
-1.741156
-1.741761
-1.742300
-1.742781
-1.743187
-1.743510
-1.743740
-1.743877
-1.743927
-1.743913
-1.743867
-1.743821
-1.743796
-1.743799
-1.743831
-1.743894
-1.743985
-1.744101
-1.744241
-1.744404
-1.744585
-1.744785
-1.745000
-1.745230
-1.745473
-1.745727
-1.745727
-1.745992
-1.746267
-1.746552
-1.746847
-1.747152
-1.747469
-1.747797
-1.748138
-1.748489
-1.748845
-1.749195
-1.749528
-1.749838
-1.750124
-1.750394
-1.750649
-1.750900
-1.751142
-1.751388
-1.751622
-1.751868
-1.752088
-1.752340
-1.752537
-1.752809
-1.752965
-1.753287
-1.753366
-1.753793
-1.753729
-1.754357
-1.754035
-1.755021
-1.754255
-1.755830
-1.754347
-1.756817
-1.754276
-1.757972
-1.754058
-1.759203
-1.753828
-1.760358
-1.753842
-1.761354
-1.754290
-1.762256
-1.755133
-1.763192
-1.756224
-1.764260
-1.757434
-1.765523
-1.758667
-1.767033
-1.759861
-1.768858
-1.760973
-1.771051
-1.762016
-1.773592
-1.763233
-1.776324
-1.765195
-1.779085
-1.768244
-1.781815
-1.772068
-1.784392
-1.776201
-1.786631
-1.780383
-1.788369
-1.784429
-1.789549
-1.787558
-1.790042
-1.788951
-1.789827
-1.789155
-1.789534
-1.789147
-1.789539
-1.789274
-1.789902
-1.789631
-1.790746
-1.790250
-1.792202
-1.791072
-1.794322
-1.791991
-1.796972
-1.792997
-1.799774
-1.794394
-1.802289
-1.796646
-1.804406
-1.799734
-1.806265
-1.803235
-1.808012
-1.806705
-1.809792
-1.809807
-1.811717
-1.812439
-1.813744
-1.814686
-1.815724
-1.816641
-1.817524
-1.818332
-1.819076
-1.819751
-1.820358
-1.820902
-1.821388
-1.821823
-1.822215
-1.822574
-1.822906
-1.823219
-1.823519
-1.823811
-1.824099
-1.824387
-1.824678
-1.824973
-1.825274
-1.825583
-1.825902
-1.826231
-1.826573
-1.826928
-1.827299
-1.827687
-1.828094
-1.828522
-1.828973
-1.829450
-1.829953
-1.830486
-1.831050
-1.831646
-1.832275
-1.832939
-1.833637
-1.834368
-1.835130
-1.835922
-1.836740
-1.837581
-1.838441
-1.839314
-1.840198
-1.841087
-1.841978
-1.842867
-1.843751
-1.844626
-1.845492
-1.846345
-1.847185
-1.848009
-1.848816
-1.849606
-1.850377
-1.851128
-1.851858
-1.852568
-1.853256
-1.853923
-1.854569
-1.855193
-1.855796
-1.856378
-1.856940
-1.857483
-1.858007
-1.858513
-1.859002
-1.859474
-1.859930
-1.860371
-1.860799
-1.861213
-1.861614
-1.862004
-1.862383
-1.862752
-1.863112
-1.863465
-1.863811
-1.864151
-1.864486
-1.864817
-1.865146
-1.865473
-1.865800
-1.866128
-1.866458
-1.866791
-1.867129
-1.867472
-1.867822
-1.868180
-1.868546
-1.868923
-1.869311
-1.869711
-1.870123
-1.870548
-1.870987
-1.871440
-1.871906
-1.872386
-1.872880
-1.873386
-1.873903
-1.874432
-1.874970
-1.875516
-1.876068
-1.876625
-1.877186
-1.877747
-1.878308
-1.878866
-1.879420
-1.879968
-1.880507
-1.881037
-1.881555
-1.882059
-1.882549
-1.883023
-1.883480
-1.883918
-1.884336
-1.884733
-1.885109
-1.885461
-1.885788
-1.886087
-1.886353
-1.886579
-1.886753
-1.886852
-1.886828
-1.886575
-1.885811
-1.883668
-1.877828
-1.870540
-1.868674
-1.868303
-1.868112
-1.867861
-1.867558
-1.867234
-1.866902
-1.866567
-1.866231
-1.865899
-1.865574
-1.865260
-1.864960
-1.864679
-1.864422
-1.864194
-1.864001
-1.863850
-1.863744
-1.863689
-1.863690
-1.863748
-1.863865
-1.864041
-1.864271
-1.864552
-1.864876
-1.865233
-1.865614
-1.866007
-1.866404
-1.866794
-1.867170
-1.867527
-1.867862
-1.868172
-1.868457
-1.868716
-1.868950
-1.869161
-1.869350
-1.869517
-1.869664
-1.869664
-1.869793
-1.869905
-1.870001
-1.870083
-1.870152
-1.870208
-1.870254
-1.870290
-1.870318
-1.870338
-1.870351
-1.870359
-1.870363
-1.870363
-1.870362
-1.870359
-1.870355
-1.870353
-1.870352
-1.870354
-1.870359
-1.870370
-1.870385
-1.870408
-1.870437
-1.870475
-1.870522
-1.870578
-1.870644
-1.870721
-1.870809
-1.870909
-1.871020
-1.871143
-1.871277
-1.871424
-1.871581
-1.871750
-1.871930
-1.872119
-1.872318
-1.872526
-1.872741
-1.872963
-1.873192
-1.873425
-1.873663
-1.873905
-1.874149
-1.874395
-1.874642
-1.874890
-1.875137
-1.875383
-1.875629
-1.875872
-1.876114
-1.876354
-1.876591
-1.876826
-1.877058
-1.877287
-1.877514
-1.877739
-1.877960
-1.878180
-1.878397
-1.878613
-1.878827
-1.879039
-1.879249
-1.879459
-1.879668
-1.879876
-1.880083
-1.880290
-1.880497
-1.880705
-1.880912
-1.881120
-1.881329
-1.881538
-1.881748
-1.881959
-1.882171
-1.882384
-1.882598
-1.882813
-1.883029
-1.883246
-1.883465
-1.883684
-1.883904
-1.884126
-1.884347
-1.884570
-1.884793
-1.885017
-1.885241
-1.885466
-1.885691
-1.885915
-1.886140
-1.886365
-1.886589
-1.886813
-1.887037
-1.887260
-1.887482
-1.887704
-1.887925
-1.888145
-1.888364
-1.888583
-1.888800
-1.889016
-1.889231
-1.889445
-1.889658
-1.889869
-1.890079
-1.890288
-1.890496
-1.890702
-1.890907
-1.891111
-1.891313
-1.891513
-1.891713
-1.891910
-1.892107
-1.892301
-1.892495
-1.892686
-1.892876
-1.893065
-1.893251
-1.893436
-1.893619
-1.893800
-1.893979
-1.894156
-1.894331
-1.894504
-1.894675
-1.894843
-1.895009
-1.895173
-1.895333
-1.895491
-1.895646
-1.895799
-1.895948
-1.896094
-1.896236
-1.896375
-1.896511
-1.896643
-1.896771
-1.896895
-1.897015
-1.897130
-1.897242
-1.897349
-1.897452
-1.897550
-1.897643
-1.897731
-1.897815
-1.897894
-1.897968
-1.898037
-1.898101
-1.898160
-1.898214
-1.898263
-1.898307
-1.898346
-1.898380
-1.898410
-1.898435
-1.898455
-1.898470
-1.898481
-1.898487
-1.898489
-1.898486
-1.898479
-1.898466
-1.898449
-1.898428
-1.898401
-1.898369
-1.898332
-1.898289
-1.898241
-1.898186
-1.898125
-1.898058
-1.897983
-1.897900
-1.897810
-1.897711
-1.897602
-1.897484
-1.897355
-1.897216
-1.897064
-1.896899
-1.896720
-1.896526
-1.896317
-1.896090
-1.895844
-1.895578
-1.895290
-1.894979
-1.894642
-1.894276
-1.893880
-1.893450
-1.892983
-1.892475
-1.891922
-1.891319
-1.890660
-1.889940
-1.889151
-1.888286
-1.887337
-1.886299
-1.885164
-1.883932
-1.882605
-1.881195
-1.879726
-1.878232
-1.876753
-1.875327
-1.873982
-1.872728
-1.871562
-1.870470
-1.869434
-1.868438
-1.867470
-1.866520
-1.865582
-1.864653
-1.863733
-1.862822
-1.861921
-1.861032
-1.860159
-1.859305
-1.858474
-1.857669
-1.856893
-1.856150
-1.855443
-1.854773
-1.854142
-1.853548
-1.852992
-1.852474
-1.851990
-1.851539
-1.851121
-1.850732
-1.850372
-1.850039
-1.849732
-1.849451
-1.849196
-1.848965
-1.848760
-1.848579
-1.848424
-1.848295
-1.848192
-1.848115
