0.497411
-0.043092
-0.043275
-0.043348
-0.043448
-0.043551
-0.043650
-0.043745
-0.043834
-0.043920
-0.044001
-0.044080
-0.044155
-0.044227
-0.044298
-0.044367
-0.044434
-0.044499
-0.044564
-0.044627
-0.044689
-0.044751
-0.044812
-0.044872
-0.044931
-0.044990
-0.045048
-0.045106
-0.045164
-0.045221
-0.045277
-0.045333
-0.045389
-0.045445
-0.045500
-0.045554
-0.045609
-0.045663
-0.045717
-0.045770
-0.045823
-0.045876
-0.045928
-0.045981
-0.046033
-0.046084
-0.046136
-0.046187
-0.046238
-0.046288
-0.046338
-0.046388
-0.046438
-0.046487
-0.046536
-0.046585
-0.046634
-0.046682
-0.046730
-0.046777
-0.046825
-0.046872
-0.046919
-0.046965
-0.047011
-0.047057
-0.047103
-0.047148
-0.047193
-0.047237
-0.047282
-0.047326
-0.047370
-0.047413
-0.047456
-0.047499
-0.047541
-0.047584
-0.047626
-0.047667
-0.047709
-0.047750
-0.047790
-0.047831
-0.047871
-0.047911
-0.047950
-0.047990
-0.048029
-0.048068
-0.048106
-0.048144
-0.048182
-0.048220
-0.048258
-0.048295
-0.048332
-0.048369
-0.048405
-0.048442
-0.048478
-0.048514
-0.048550
-0.048585
-0.048621
-0.048656
-0.048691
-0.048726
-0.048761
-0.048795
-0.048830
-0.048864
-0.048898
-0.048932
-0.048966
-0.049000
-0.049034
-0.049068
-0.049102
-0.049135
-0.049169
-0.049202
-0.049236
-0.049269
-0.049303
-0.049336
-0.049370
-0.049403
-0.049437
-0.049470
-0.049504
-0.049537
-0.049571
-0.049605
-0.049639
-0.049673
-0.049707
-0.049741
-0.049775
-0.049810
-0.049844
-0.049879
-0.049914
-0.049949
-0.049984
-0.050020
-0.050055
-0.050091
-0.050127
-0.050163
-0.050200
-0.050236
-0.050273
-0.050311
-0.050348
-0.050386
-0.050424
-0.050462
-0.050501
-0.050540
-0.050579
-0.050618
-0.050658
-0.050698
-0.050739
-0.050780
-0.050821
-0.050863
-0.050904
-0.050947
-0.050990
-0.051033
-0.051076
-0.051120
-0.051164
-0.051209
-0.051254
-0.051300
-0.051346
-0.051392
-0.051439
-0.051487
-0.051534
-0.051583
-0.051631
-0.051681
-0.051730
-0.051780
-0.051831
-0.051882
-0.051934
-0.051986
-0.052039
-0.052092
-0.052145
-0.052200
-0.052254
-0.052310
-0.052365
-0.052422
-0.052479
-0.052536
-0.052594
-0.052652
-0.052711
-0.052771
-0.052831
-0.052892
-0.052953
-0.053015
-0.053077
-0.053140
-0.053204
-0.053268
-0.053333
-0.053398
-0.053464
-0.053530
-0.053598
-0.053665
-0.053734
-0.053802
-0.053872
-0.053942
-0.054013
-0.054084
-0.054156
-0.054228
-0.054301
-0.054375
-0.054450
-0.054524
-0.054600
-0.054676
-0.054753
-0.054831
-0.054909
-0.054987
-0.055067
-0.055147
-0.055227
-0.055308
-0.055390
-0.055473
-0.055556
-0.055639
-0.055724
-0.055809
-0.055894
-0.055981
-0.056068
-0.056155
-0.056243
-0.056332
-0.056422
-0.056512
-0.056602
-0.056694
-0.056786
-0.056878
-0.056972
-0.057066
-0.057160
-0.057255
-0.057351
-0.057448
-0.057545
-0.057643
-0.057741
-0.057840
-0.057940
-0.058040
-0.058141
-0.058243
-0.058345
-0.058448
-0.058551
-0.058656
-0.058760
-0.058866
-0.058972
-0.059078
-0.059186
-0.059294
-0.059402
-0.059512
-0.059621
-0.059732
-0.059843
-0.059955
-0.060067
-0.060180
-0.060294
-0.060408
-0.060523
-0.060638
-0.060755
-0.060871
-0.060989
-0.061107
-0.061225
-0.061344
-0.061464
-0.061585
-0.061706
-0.061827
-0.061950
-0.062072
-0.062196
-0.062320
-0.062445
-0.062570
-0.062696
-0.062822
-0.062949
-0.063077
-0.063205
-0.063334
-0.063463
-0.063593
-0.063724
-0.063855
-0.063986
-0.064118
-0.064251
-0.064385
-0.064519
-0.064653
-0.064788
-0.064924
-0.065060
-0.065196
-0.065333
-0.065471
-0.065609
-0.065748
-0.065888
-0.066027
-0.066168
-0.066309
-0.066450
-0.066592
-0.066734
-0.066877
-0.067020
-0.067164
-0.067308
-0.067453
-0.067598
-0.067744
-0.067890
-0.068037
-0.068184
-0.068331
-0.068479
-0.068628
-0.068776
-0.068925
-0.069075
-0.069225
-0.069375
-0.069526
-0.069677
-0.069829
-0.069981
-0.070133
-0.070286
-0.070439
-0.070592
-0.070746
-0.070900
-0.071054
-0.071208
-0.071363
-0.071518
-0.071674
-0.071830
-0.071986
-0.072142
-0.072298
-0.072455
-0.072612
-0.072769
-0.072926
-0.073084
-0.073242
-0.073400
-0.073558
-0.073716
-0.073874
-0.074033
-0.074191
-0.074350
-0.074509
-0.074668
-0.074826
-0.074986
-0.075145
-0.075304
-0.075463
-0.075622
-0.075781
-0.075940
-0.076099
-0.076258
-0.076417
-0.076576
-0.076735
-0.076894
-0.077053
-0.077211
-0.077370
-0.077528
-0.077686
-0.077844
-0.078002
-0.078160
-0.078317
-0.078474
-0.078631
-0.078788
-0.078945
-0.079101
-0.079257
-0.079413
-0.079568
-0.079723
-0.079878
-0.080032
-0.080186
-0.080340
-0.080493
-0.080646
-0.080798
-0.080950
-0.081102
-0.081253
-0.081404
-0.081554
-0.081704
-0.081853
-0.082002
-0.082150
-0.082298
-0.082445
-0.082592
-0.082738
-0.082884
-0.083029
-0.083173
-0.083317
-0.083460
-0.083603
-0.083745
-0.083886
-0.084027
-0.084167
-0.084307
-0.084446
-0.084584
-0.084721
-0.084858
-0.084994
-0.085130
-0.085265
-0.085399
-0.085532
-0.085664
-0.085796
-0.085927
-0.086057
-0.086187
-0.086316
-0.086443
-0.086571
-0.086697
-0.086822
-0.086947
-0.087071
-0.087194
-0.087316
-0.087437
-0.087557
-0.087677
-0.087796
-0.087913
-0.088030
-0.088146
-0.088261
-0.088375
-0.088488
-0.088600
-0.088711
-0.088821
-0.088930
-0.089038
-0.089145
-0.089251
-0.089356
-0.089460
-0.089460
-0.089563
-0.089664
-0.089765
-0.089865
-0.089963
-0.090061
-0.090157
-0.090252
-0.090346
-0.090439
-0.090531
-0.090622
-0.090711
-0.090800
-0.090887
-0.090973
-0.091057
-0.091141
-0.091223
-0.091305
-0.091384
-0.091463
-0.091541
-0.091617
-0.091692
-0.091766
-0.091838
-0.091909
-0.091979
-0.092048
-0.092116
-0.092182
-0.092247
-0.092310
-0.092372
-0.092433
-0.092493
-0.092552
-0.092609
-0.092664
-0.092719
-0.092772
-0.092824
-0.092874
-0.092924
-0.092971
-0.093018
-0.093063
-0.093107
-0.093149
-0.093190
-0.093230
-0.093268
-0.093305
-0.093341
-0.093375
-0.093407
-0.093439
-0.093469
-0.093497
-0.093524
-0.093550
-0.093574
-0.093597
-0.093618
-0.093638
-0.093656
-0.093673
-0.093688
-0.093702
-0.093714
-0.093725
-0.093734
-0.093742
-0.093748
-0.093753
-0.093756
-0.093757
-0.093757
-0.093755
-0.093751
-0.093746
-0.093739
-0.093731
-0.093720
-0.093708
-0.093695
-0.093679
-0.093662
-0.093643
-0.093622
-0.093599
-0.093575
-0.093548
-0.093520
-0.093490
-0.093458
-0.093424
-0.093387
-0.093349
-0.093309
-0.093267
-0.093223
-0.093176
-0.093127
-0.093077
-0.093024
-0.092968
-0.092911
-0.092851
-0.092789
-0.092724
-0.092657
-0.092588
-0.092516
-0.092442
-0.092365
-0.092285
-0.092203
-0.092118
-0.092030
-0.091940
-0.091847
-0.091751
-0.091652
-0.091550
-0.091445
-0.091337
-0.091226
-0.091112
-0.090995
-0.090874
-0.090750
-0.090623
-0.090492
-0.090358
-0.090220
-0.090078
-0.089933
-0.089784
-0.089631
-0.089475
-0.089314
-0.089150
-0.088981
-0.088808
-0.088631
-0.088449
-0.088263
-0.088072
-0.087877
-0.087677
-0.087473
-0.087263
-0.087049
-0.086829
-0.086605
-0.086375
-0.086139
-0.085898
-0.085652
-0.085400
-0.085142
-0.084878
-0.084608
-0.084332
-0.084049
-0.083760
-0.083464
-0.083162
-0.082853
-0.082537
-0.082213
-0.081883
-0.081545
-0.081199
-0.080845
-0.080484
-0.080114
-0.079736
-0.079350
-0.078955
-0.078551
-0.078138
-0.077715
-0.077284
-0.076842
-0.076391
-0.075929
-0.075457
-0.074975
-0.074481
-0.073977
-0.073461
-0.072933
-0.072394
-0.071842
-0.071278
-0.070701
-0.070111
-0.069508
-0.068891
-0.068260
-0.067615
-0.066955
-0.066280
-0.065589
-0.064883
-0.064160
-0.063421
-0.062665
-0.061891
-0.061100
-0.060290
-0.059462
-0.058614
-0.057747
-0.056860
-0.055951
-0.055022
-0.054071
-0.053098
-0.052102
-0.051083
-0.050040
-0.048973
-0.047881
-0.046763
-0.045619
-0.044449
-0.043251
-0.042025
-0.040770
-0.039487
-0.038174
-0.036830
-0.035456
-0.034050
-0.032613
-0.031143
-0.029640
-0.028103
-0.026533
-0.024929
-0.023290
-0.021616
-0.019908
-0.018164
-0.016386
-0.014572
-0.012724
-0.010840
-0.008923
-0.006972
-0.004989
-0.002973
-0.000927
0.001150
0.003254
0.005386
0.007542
0.009721
0.011920
0.014138
0.016371
0.018616
0.020871
0.023132
0.025396
0.027658
0.029916
0.032166
0.034403
0.036623
0.038823
0.040999
0.043146
0.045260
0.047338
0.049376
0.051371
0.053318
0.055216
0.057060
0.058847
0.060577
0.062246
0.063851
0.065393
0.066868
0.068276
0.069616
0.070887
0.072088
0.073221
0.074284
0.075278
0.076204
0.077063
0.077855
0.078581
0.079243
0.079843
0.080382
0.080861
0.081283
0.081650
0.081963
0.082225
0.082437
0.082602
0.082723
0.082800
0.082837
0.082836
0.082798
0.082726
0.082622
0.082487
0.082325
0.082136
0.081923
0.081687
0.081431
0.081155
0.080861
0.080552
0.080227
0.079890
0.079540
0.079180
0.078810
0.078432
0.078046
0.077654
0.077257
0.076855
0.076449
0.076040
0.075628
0.075215
0.074800
0.074385
0.073970
0.073555
0.073141
0.072728
0.072317
0.071907
0.071500
0.071095
0.070693
0.070293
0.069897
0.069504
0.069114
0.068727
0.068344
0.067965
0.067590
0.067218
0.066850
0.066487
0.066127
0.065771
0.065419
0.065070
0.064726
0.064386
0.064050
0.063717
0.063389
0.063064
0.062743
0.062425
0.062111
0.061801
0.061495
0.061192
0.060892
0.060595
0.060302
0.060013
0.059726
0.059442
0.059162
0.058884
0.058609
0.058337
0.058068
0.057801
0.057537
0.057275
0.057016
0.056759
0.056504
0.056252
0.056001
0.055753
0.055507
0.055262
0.055019
0.054778
0.054539
0.054301
0.054065
0.053830
0.053597
0.053365
0.053134
0.052904
0.052675
0.052448
0.052221
0.051995
0.051770
0.051546
0.051323
0.051100
0.050878
0.050656
0.050435
0.050214
0.049993
0.049773
0.049553
0.049333
0.049113
0.048893
0.048674
0.048454
0.048234
0.048014
0.047794
0.047574
0.047354
0.047133
0.046912
0.046690
0.046468
0.046246
0.046023
0.045800
0.045576
0.045351
0.045126
0.044901
0.044674
0.044447
0.044220
0.043991
0.043762
0.043532
0.043301
0.043070
0.042838
0.042605
0.042371
0.042136
0.041900
0.041664
0.041426
0.041188
0.040949
0.040709
0.040468
0.040226
0.039983
0.039740
0.039495
0.039250
0.039003
0.038756
0.038508
0.038259
0.038009
0.037758
0.037506
0.037254
0.037000
0.036746
0.036491
0.036235
0.035978
0.035720
0.035461
0.035202
0.034942
0.034681
0.034419
0.034157
0.033894
0.033629
0.033365
0.033099
0.032833
0.032566
0.032298
0.032030
0.032030
0.031761
0.031491
0.031221
0.030950
0.030679
0.030406
0.030134
0.029860
0.029586
0.029312
0.029037
0.028761
0.028485
0.028208
0.027931
0.027653
0.027375
0.027096
0.026817
0.026537
0.026257
0.025976
0.025695
0.025414
0.025132
0.024850
0.024567
0.024284
0.024001
0.023717
0.023433
0.023148
0.022864
0.022579
0.022293
0.022008
0.021721
0.021435
0.021149
0.020862
0.020575
0.020287
0.020000
0.019712
0.019424
0.019135
0.018847
0.018558
0.018269
0.017980
0.017691
0.017401
0.017112
0.016822
0.016532
0.016242
0.015952
0.015661
0.015371
0.015080
0.014789
0.014498
0.014207
0.013916
0.013625
0.013334
0.013043
0.012751
0.012460
0.012168
0.011877
0.011585
0.011293
0.011002
0.010710
0.010418
0.010127
0.009835
0.009543
0.009251
0.008959
0.008668
0.008376
0.008084
0.007792
0.007501
0.007209
0.006917
0.006626
0.006334
0.006043
0.005751
0.005460
0.005169
0.004877
0.004586
0.004295
0.004004
0.003713
0.003423
0.003132
0.002841
0.002551
0.002260
0.001970
0.001680
0.001390
0.001100
0.000810
0.000521
0.000231
-0.000058
-0.000347
-0.000636
-0.000925
-0.001214
-0.001502
-0.001791
-0.002079
-0.002367
-0.002655
-0.002943
-0.003230
-0.003517
-0.003804
-0.004091
-0.004378
-0.004664
-0.004951
-0.005237
-0.005523
-0.005808
-0.006093
-0.006379
-0.006664
-0.006948
-0.007233
-0.007517
-0.007801
-0.008084
-0.008368
-0.008651
-0.008934
-0.009217
-0.009499
-0.009781
-0.010063
-0.010345
-0.010626
-0.010907
-0.011188
-0.011468
-0.011748
-0.012028
-0.012308
-0.012587
-0.012866
-0.013144
-0.013423
-0.013701
-0.013978
-0.014256
-0.014533
-0.014809
-0.015086
-0.015362
-0.015638
-0.015913
-0.016188
-0.016463
-0.016737
-0.017011
-0.017285
-0.017558
-0.017831
-0.018103
-0.018375
-0.018647
-0.018919
-0.019190
-0.019461
-0.019731
-0.020001
-0.020270
-0.020540
-0.020808
-0.021077
-0.021345
-0.021613
-0.021880
-0.022147
-0.022413
-0.022679
-0.022945
-0.023210
-0.023475
-0.023739
-0.024003
-0.024267
-0.024530
-0.024792
-0.025055
-0.025317
-0.025578
-0.025839
-0.026100
-0.026360
-0.026619
-0.026879
-0.027137
-0.027396
-0.027654
-0.027911
-0.028168
-0.028425
-0.028681
-0.028936
-0.029192
-0.029446
-0.029701
-0.029954
-0.030208
-0.030460
-0.030713
-0.030965
-0.031216
-0.031467
-0.031718
-0.031968
-0.032217
-0.032466
-0.032715
-0.032963
-0.033210
-0.033457
-0.033704
-0.033950
-0.034196
-0.034441
-0.034685
-0.034930
-0.035173
-0.035416
-0.035659
-0.035901
-0.036143
-0.036384
-0.036624
-0.036864
-0.037104
-0.037343
-0.037581
-0.037819
-0.038057
-0.038294
-0.038530
-0.038766
-0.039001
-0.039236
-0.039471
-0.039704
-0.039938
-0.040170
-0.040402
-0.040634
-0.040865
-0.041096
-0.041326
-0.041555
-0.041784
-0.042013
-0.042241
-0.042468
-0.042695
-0.042921
-0.043147
-0.043372
-0.043597
-0.043821
-0.044044
-0.044267
-0.044490
-0.044711
-0.044933
-0.045154
-0.045374
-0.045593
-0.045812
-0.046031
-0.046249
-0.046466
-0.046683
-0.046899
-0.047115
-0.047330
-0.047545
-0.047759
-0.047972
-0.048185
-0.048398
-0.048610
-0.048821
-0.049031
-0.049241
-0.049451
-0.049660
-0.049868
-0.050076
-0.050283
-0.050490
-0.050696
-0.050901
-0.051106
-0.051311
-0.051515
-0.051718
-0.051920
-0.052122
-0.052324
-0.052525
-0.052725
-0.052925
-0.053124
-0.053323
-0.053521
-0.053718
-0.053915
-0.054111
-0.054307
-0.054502
-0.054697
-0.054891
-0.055084
-0.055277
-0.055469
-0.055661
-0.055852
-0.056043
-0.056233
-0.056422
-0.056611
-0.056799
-0.056987
-0.057174
-0.057360
-0.057546
-0.057732
-0.057917
-0.058101
-0.058284
-0.058467
-0.058650
-0.058832
-0.059013
-0.059194
-0.059374
-0.059554
-0.059733
-0.059911
-0.060089
-0.060267
-0.060443
-0.060620
-0.060795
-0.060970
-0.061145
-0.061319
-0.061492
-0.061665
-0.061837
-0.062009
-0.062180
-0.062351
-0.062521
-0.062690
-0.062859
-0.063028
-0.063195
-0.063363
-0.063529
-0.063696
-0.063861
-0.064026
-0.064191
-0.064355
-0.064518
-0.064681
-0.064843
-0.065005
-0.065166
-0.065327
-0.065487
-0.065647
-0.065806
-0.065965
-0.066123
-0.066280
-0.066437
-0.066594
-0.066750
-0.066905
-0.067060
-0.067215
-0.067369
-0.067522
-0.067675
-0.067827
-0.067979
-0.068130
-0.068281
-0.068432
-0.068582
-0.068731
-0.068880
-0.069028
-0.069176
-0.069323
-0.069470
-0.069617
-0.069763
-0.069908
-0.070053
-0.070198
-0.070342
-0.070485
-0.070628
-0.070771
-0.070913
-0.071055
-0.071196
-0.071337
-0.071477
-0.071617
-0.071757
-0.071896
-0.072034
-0.072172
-0.072310
-0.072447
-0.072584
-0.072720
-0.072856
-0.072992
-0.073127
-0.073262
-0.073396
-0.073530
-0.073663
-0.073796
-0.073929
-0.074061
-0.074193
-0.074325
-0.074456
-0.074586
-0.074717
-0.074846
-0.074976
-0.075105
-0.075234
-0.075362
-0.075490
-0.075618
-0.075745
-0.075872
-0.075999
-0.076125
-0.076251
-0.076376
-0.076501
-0.076626
-0.076751
-0.076875
-0.076998
-0.077122
-0.077245
-0.077368
-0.077490
-0.077613
-0.077734
-0.077856
-0.077977
-0.078098
-0.078219
-0.078339
-0.078459
-0.078579
-0.078698
-0.078817
-0.078936
-0.079054
-0.079173
-0.079291
-0.079408
-0.079526
-0.079643
-0.079760
-0.079876
-0.079993
-0.079993
-0.080109
-0.080225
-0.080340
-0.080455
-0.080571
-0.080685
-0.080800
-0.080914
-0.081028
-0.081142
-0.081256
-0.081369
-0.081483
-0.081596
-0.081708
-0.081821
-0.081933
-0.082045
-0.082157
-0.082269
-0.082380
-0.082492
-0.082603
-0.082714
-0.082825
-0.082935
-0.083045
-0.083156
-0.083266
-0.083375
-0.083485
-0.083595
-0.083704
-0.083813
-0.083922
-0.084031
-0.084140
-0.084248
-0.084357
-0.084465
-0.084573
-0.084681
-0.084789
-0.084897
-0.085004
-0.085112
-0.085219
-0.085326
-0.085433
-0.085540
-0.085647
-0.085754
-0.085861
-0.085968
-0.086074
-0.086180
-0.086287
-0.086393
-0.086499
-0.086605
-0.086711
-0.086817
-0.086923
-0.087029
-0.087135
-0.087241
-0.087346
-0.087452
-0.087558
-0.087663
-0.087769
-0.087874
-0.087980
-0.088085
-0.088191
-0.088296
-0.088402
-0.088507
-0.088613
-0.088718
-0.088824
-0.088929
-0.089035
-0.089140
-0.089246
-0.089352
-0.089457
-0.089563
-0.089669
-0.089774
-0.089880
-0.089986
-0.090092
-0.090198
-0.090304
-0.090410
-0.090516
-0.090622
-0.090728
-0.090835
-0.090941
-0.091047
-0.091154
-0.091260
-0.091367
-0.091474
-0.091580
-0.091687
-0.091794
-0.091900
-0.092007
-0.092113
-0.092220
-0.092327
-0.092433
-0.092539
-0.092645
-0.092752
-0.092857
-0.092963
-0.093068
-0.093173
-0.093278
-0.093382
-0.093485
-0.093588
-0.093691
-0.093793
-0.093893
-0.093993
-0.094092
-0.094190
-0.094287
-0.094382
-0.094476
-0.094568
-0.094658
-0.094746
-0.094832
-0.094916
-0.094997
-0.095076
-0.095151
-0.095223
-0.095292
-0.095356
-0.095417
-0.095473
-0.095525
-0.095571
-0.095612
-0.095648
-0.095676
-0.095699
-0.095714
-0.095722
-0.095721
-0.095712
-0.095694
-0.095666
-0.095629
-0.095580
-0.095520
-0.095448
-0.095364
-0.095266
-0.095155
-0.095029
-0.094888
-0.094731
-0.094559
-0.094369
-0.094162
-0.093937
-0.093694
-0.093433
-0.093153
-0.092855
-0.092539
-0.092204
-0.091851
-0.091481
-0.091095
-0.090694
-0.090278
-0.089851
-0.089413
-0.088966
-0.088513
-0.088057
-0.087599
-0.087144
-0.086693
-0.086250
-0.085817
-0.085399
-0.084998
-0.084616
-0.084257
-0.083922
-0.083614
-0.083334
-0.083083
-0.082862
-0.082672
-0.082513
-0.082384
-0.082284
-0.082213
-0.082170
-0.082152
-0.082160
-0.082189
-0.082240
-0.082311
-0.082399
-0.082503
-0.082622
-0.082753
-0.082895
-0.083047
-0.083208
-0.083376
-0.083549
-0.083728
-0.083910
-0.084095
-0.084282
-0.084469
-0.084657
-0.084844
-0.085030
-0.085214
-0.085395
-0.085573
-0.085748
-0.085919
-0.086085
-0.086247
-0.086404
-0.086556
-0.086702
-0.086844
-0.086979
-0.087110
-0.087234
-0.087354
-0.087468
-0.087576
-0.087680
-0.087778
-0.087871
-0.087959
-0.088043
-0.088122
-0.088197
-0.088268
-0.088335
-0.088398
-0.088458
-0.088514
-0.088568
-0.088618
-0.088666
-0.088711
-0.088753
-0.088794
-0.088832
-0.088869
-0.088904
-0.088937
-0.088969
-0.089000
-0.089030
-0.089058
-0.089086
-0.089114
-0.089140
-0.089166
-0.089192
-0.089218
-0.089243
-0.089268
-0.089293
-0.089318
-0.089344
-0.089369
-0.089395
-0.089421
-0.089447
-0.089474
-0.089501
-0.089528
-0.089556
-0.089585
-0.089614
-0.089644
-0.089674
-0.089705
-0.089736
-0.089768
-0.089801
-0.089834
-0.089868
-0.089903
-0.089938
-0.089974
-0.090011
-0.090048
-0.090086
-0.090125
-0.090165
-0.090205
-0.090245
-0.090287
-0.090329
-0.090371
-0.090414
-0.090458
-0.090502
-0.090547
-0.090593
-0.090639
-0.090685
-0.090733
-0.090780
-0.090828
-0.090877
-0.090926
-0.090975
-0.091025
-0.091075
-0.091126
-0.091177
-0.091228
-0.091280
-0.091331
-0.091384
-0.091436
-0.091489
-0.091542
-0.091595
-0.091649
-0.091703
-0.091756
-0.091810
-0.091865
-0.091919
-0.091973
-0.092028
-0.092083
-0.092137
-0.092192
-0.092247
-0.092302
-0.092356
-0.092411
-0.092466
-0.092521
-0.092576
-0.092630
-0.092685
-0.092740
-0.092794
-0.092848
-0.092903
-0.092957
-0.093011
-0.093065
-0.093118
-0.093172
-0.093225
-0.093279
-0.093332
-0.093384
-0.093437
-0.093489
-0.093542
-0.093594
-0.093645
-0.093697
-0.093748
-0.093799
-0.093850
-0.093900
-0.093950
-0.094000
-0.094050
-0.094099
-0.094148
-0.094197
-0.094245
-0.094293
-0.094341
-0.094388
-0.094435
-0.094482
-0.094529
-0.094575
-0.094621
-0.094666
-0.094712
-0.094756
-0.094801
-0.094845
-0.094889
-0.094932
-0.094975
-0.095018
-0.095061
-0.095103
-0.095145
-0.095186
-0.095227
-0.095268
-0.095308
-0.095348
-0.095388
-0.095427
-0.095466
-0.095504
-0.095543
-0.095581
-0.095618
-0.095655
-0.095692
-0.095729
-0.095765
-0.095801
-0.095836
-0.095871
-0.095906
-0.095940
-0.095974
-0.096008
-0.096042
-0.096075
-0.096107
-0.096140
-0.096172
-0.096204
-0.096235
-0.096266
-0.096297
-0.096328
-0.096358
-0.096387
-0.096417
-0.096446
-0.096475
-0.096504
-0.096532
-0.096560
-0.096587
-0.096615
-0.096642
-0.096668
-0.096695
-0.096721
-0.096747
-0.096772
-0.096798
-0.096823
-0.096847
-0.096872
-0.096896
-0.096920
-0.096943
-0.096966
-0.096989
-0.097012
-0.097035
-0.097057
-0.097079
-0.097100
-0.097122
-0.097143
-0.097164
-0.097184
-0.097205
-0.097225
-0.097245
-0.097264
-0.097284
-0.097303
-0.097322
-0.097340
-0.097359
-0.097377
-0.097395
-0.097413
-0.097430
-0.097447
-0.097464
-0.097481
-0.097498
-0.097514
-0.097530
-0.097546
-0.097546
-0.097562
-0.097577
-0.097592
-0.097607
-0.097622
-0.097637
-0.097651
-0.097665
-0.097679
-0.097693
-0.097707
-0.097720
-0.097733
-0.097746
-0.097759
-0.097772
-0.097784
-0.097796
-0.097808
-0.097820
-0.097832
-0.097843
-0.097855
-0.097866
-0.097877
-0.097888
-0.097898
-0.097909
-0.097919
-0.097929
-0.097939
-0.097948
-0.097958
-0.097967
-0.097976
-0.097985
-0.097994
-0.098003
-0.098011
-0.098020
-0.098028
-0.098036
-0.098044
-0.098052
-0.098059
-0.098067
-0.098074
-0.098081
-0.098088
-0.098095
-0.098101
-0.098108
-0.098114
-0.098120
-0.098126
-0.098132
-0.098138
-0.098144
-0.098149
-0.098154
-0.098159
-0.098164
-0.098169
-0.098174
-0.098179
-0.098183
-0.098187
-0.098192
-0.098196
-0.098199
-0.098203
-0.098207
-0.098210
-0.098214
-0.098217
-0.098220
-0.098223
-0.098226
-0.098228
-0.098231
-0.098233
-0.098236
-0.098238
-0.098240
-0.098242
-0.098244
-0.098245
-0.098247
-0.098248
-0.098249
-0.098251
-0.098252
-0.098253
-0.098253
-0.098254
-0.098255
-0.098255
-0.098255
-0.098255
-0.098255
-0.098255
-0.098255
-0.098255
-0.098254
-0.098254
-0.098253
-0.098252
-0.098251
-0.098250
-0.098249
-0.098248
-0.098247
-0.098245
-0.098244
-0.098242
-0.098240
-0.098238
-0.098236
-0.098234
-0.098232
-0.098229
-0.098227
-0.098224
-0.098221
-0.098218
-0.098215
-0.098212
-0.098209
-0.098206
-0.098202
-0.098199
-0.098195
-0.098191
-0.098188
-0.098184
-0.098179
-0.098175
-0.098171
-0.098167
-0.098162
-0.098157
-0.098153
-0.098148
-0.098143
-0.098138
-0.098133
-0.098127
-0.098122
-0.098116
-0.098111
-0.098105
-0.098099
-0.098093
-0.098087
-0.098081
-0.098075
-0.098068
-0.098062
-0.098055
-0.098049
-0.098042
-0.098035
-0.098028
-0.098021
-0.098014
-0.098007
-0.097999
-0.097992
-0.097984
-0.097976
-0.097968
-0.097960
-0.097952
-0.097944
-0.097936
-0.097928
-0.097919
-0.097911
-0.097902
-0.097893
-0.097884
-0.097875
-0.097866
-0.097857
-0.097848
-0.097839
-0.097829
-0.097820
-0.097810
-0.097800
-0.097790
-0.097780
-0.097770
-0.097760
-0.097750
-0.097739
-0.097729
-0.097718
-0.097707
-0.097697
-0.097686
-0.097675
-0.097664
-0.097652
-0.097641
-0.097630
-0.097618
-0.097607
-0.097595
-0.097583
-0.097571
-0.097559
-0.097547
-0.097535
-0.097523
-0.097510
-0.097498
-0.097485
-0.097473
-0.097460
-0.097447
-0.097434
-0.097421
-0.097408
-0.097395
-0.097381
-0.097368
-0.097354
-0.097340
-0.097327
-0.097313
-0.097299
-0.097285
-0.097271
-0.097257
-0.097242
-0.097228
-0.097213
-0.097199
-0.097184
-0.097169
-0.097154
-0.097139
-0.097124
-0.097109
-0.097094
-0.097078
-0.097063
-0.097047
-0.097032
-0.097016
-0.097000
-0.096984
-0.096968
-0.096952
-0.096936
-0.096919
-0.096903
-0.096887
-0.096870
-0.096853
-0.096837
-0.096820
-0.096803
-0.096786
-0.096769
-0.096751
-0.096734
-0.096717
-0.096699
-0.096682
-0.096664
-0.096646
-0.096628
-0.096610
-0.096592
-0.096574
-0.096556
-0.096538
-0.096519
-0.096501
-0.096482
-0.096464
-0.096445
-0.096426
-0.096407
-0.096388
-0.096369
-0.096350
-0.096331
-0.096311
-0.096292
-0.096272
-0.096253
-0.096233
-0.096213
-0.096194
-0.096174
-0.096154
-0.096133
-0.096113
-0.096093
-0.096073
-0.096052
-0.096032
-0.096011
-0.095990
-0.095970
-0.095949
-0.095928
-0.095907
-0.095886
-0.095864
-0.095843
-0.095822
-0.095800
-0.095779
-0.095757
-0.095736
-0.095714
-0.095692
-0.095670
-0.095648
-0.095626
-0.095604
-0.095582
-0.095560
-0.095537
-0.095515
-0.095492
-0.095470
-0.095447
-0.095424
-0.095401
-0.095378
-0.095355
-0.095332
-0.095309
-0.095286
-0.095263
-0.095239
-0.095216
-0.095193
-0.095169
-0.095145
-0.095122
-0.095098
-0.095074
-0.095050
-0.095026
-0.095002
-0.094978
-0.094954
-0.094929
-0.094905
-0.094880
-0.094856
-0.094831
-0.094807
-0.094782
-0.094757
-0.094732
-0.094708
-0.094683
-0.094657
-0.094632
-0.094607
-0.094582
-0.094557
-0.094531
-0.094506
-0.094480
-0.094455
-0.094429
-0.094403
-0.094378
-0.094352
-0.094326
-0.094300
-0.094274
-0.094248
-0.094222
-0.094195
-0.094169
-0.094143
-0.094116
-0.094090
-0.094064
-0.094037
-0.094010
-0.093984
-0.093957
-0.093930
-0.093903
-0.093876
-0.093849
-0.093822
-0.093795
-0.093768
-0.093741
-0.093713
-0.093686
-0.093659
-0.093631
-0.093604
-0.093576
-0.093549
-0.093521
-0.093493
-0.093466
-0.093438
-0.093410
-0.093382
-0.093354
-0.093326
-0.093298
-0.093270
-0.093242
-0.093213
-0.093185
-0.093157
-0.093128
-0.093100
-0.093071
-0.093043
-0.093014
-0.092986
-0.092957
-0.092928
-0.092900
-0.092871
-0.092842
-0.092813
-0.092784
-0.092755
-0.092726
-0.092697
-0.092668
-0.092639
-0.092609
-0.092580
-0.092551
-0.092521
-0.092492
-0.092463
-0.092433
-0.092404
-0.092374
-0.092344
-0.092315
-0.092285
-0.092255
-0.092226
-0.092196
-0.092166
-0.092136
-0.092106
-0.092076
-0.092046
-0.092016
-0.091986
-0.091956
-0.091926
-0.091896
-0.091865
-0.091835
-0.091805
-0.091775
-0.091744
-0.091714
-0.091683
-0.091653
-0.091622
-0.091592
-0.091561
-0.091531
-0.091500
-0.091469
-0.091439
-0.091408
-0.091377
-0.091347
-0.091316
-0.091285
-0.091254
-0.091223
-0.091192
-0.091161
-0.091130
-0.091099
-0.091068
-0.091037
-0.091006
-0.090975
-0.090944
-0.090913
-0.090881
-0.090850
-0.090819
-0.090819
-0.090788
-0.090756
-0.090725
-0.090694
-0.090662
-0.090631
-0.090599
-0.090568
-0.090537
-0.090505
-0.090474
-0.090442
-0.090410
-0.090379
-0.090347
-0.090316
-0.090284
-0.090252
-0.090221
-0.090189
-0.090157
-0.090126
-0.090094
-0.090062
-0.090030
-0.089999
-0.089967
-0.089935
-0.089903
-0.089871
-0.089839
-0.089807
-0.089775
-0.089744
-0.089712
-0.089680
-0.089648
-0.089616
-0.089584
-0.089552
-0.089520
-0.089488
-0.089456
-0.089423
-0.089391
-0.089359
-0.089327
-0.089295
-0.089263
-0.089231
-0.089199
-0.089167
-0.089134
-0.089102
-0.089070
-0.089038
-0.089006
-0.088973
-0.088941
-0.088909
-0.088877
-0.088845
-0.088812
-0.088780
-0.088748
-0.088716
-0.088683
-0.088651
-0.088619
-0.088586
-0.088554
-0.088522
-0.088490
-0.088457
-0.088425
-0.088393
-0.088360
-0.088328
-0.088296
-0.088263
-0.088231
-0.088199
-0.088166
-0.088134
-0.088102
-0.088069
-0.088037
-0.088005
-0.087972
-0.087940
-0.087908
-0.087875
-0.087843
-0.087811
-0.087778
-0.087746
-0.087714
-0.087681
-0.087649
-0.087617
-0.087584
-0.087552
-0.087520
-0.087488
-0.087455
-0.087423
-0.087391
-0.087358
-0.087326
-0.087294
-0.087261
-0.087229
-0.087197
-0.087165
-0.087132
-0.087100
-0.087068
-0.087036
-0.087003
-0.086971
-0.086939
-0.086907
-0.086875
-0.086842
-0.086810
-0.086778
-0.086746
-0.086714
-0.086682
-0.086649
-0.086617
-0.086585
-0.086553
-0.086521
-0.086489
-0.086457
-0.086425
-0.086393
-0.086361
-0.086329
-0.086297
-0.086265
-0.086233
-0.086201
-0.086169
-0.086137
-0.086105
-0.086073
-0.086041
-0.086009
-0.085977
-0.085945
-0.085913
-0.085881
-0.085850
-0.085818
-0.085786
-0.085754
-0.085722
-0.085691
-0.085659
-0.085627
-0.085595
-0.085564
-0.085532
-0.085500
-0.085469
-0.085437
-0.085405
-0.085374
-0.085342
-0.085311
-0.085279
-0.085248
-0.085216
-0.085185
-0.085153
-0.085122
-0.085090
-0.085059
-0.085027
-0.084996
-0.084965
-0.084933
-0.084902
-0.084871
-0.084839
-0.084808
-0.084777
-0.084746
-0.084714
-0.084683
-0.084652
-0.084621
-0.084590
-0.084559
-0.084528
-0.084496
-0.084465
-0.084434
-0.084403
-0.084372
-0.084341
-0.084311
-0.084280
-0.084249
-0.084218
-0.084187
-0.084156
-0.084125
-0.084095
-0.084064
-0.084033
-0.084003
-0.083972
-0.083941
-0.083911
-0.083880
-0.083849
-0.083819
-0.083788
-0.083758
-0.083727
-0.083697
-0.083666
-0.083636
-0.083606
-0.083575
-0.083545
-0.083515
-0.083484
-0.083454
-0.083424
-0.083394
-0.083364
-0.083333
-0.083303
-0.083273
-0.083243
-0.083213
-0.083183
-0.083153
-0.083123
-0.083093
-0.083063
-0.083034
-0.083004
-0.082974
-0.082944
-0.082914
-0.082885
-0.082855
-0.082825
-0.082796
-0.082766
-0.082736
-0.082707
-0.082677
-0.082648
-0.082618
-0.082589
-0.082560
-0.082530
-0.082501
-0.082472
-0.082442
-0.082413
-0.082384
-0.082355
-0.082325
-0.082296
-0.082267
-0.082238
-0.082209
-0.082180
-0.082151
-0.082122
-0.082093
-0.082064
-0.082035
-0.082007
-0.081978
-0.081949
-0.081920
-0.081892
-0.081863
-0.081834
-0.081806
-0.081777
-0.081748
-0.081720
-0.081691
-0.081663
-0.081635
-0.081606
-0.081578
-0.081550
-0.081521
-0.081493
-0.081465
-0.081437
-0.081408
-0.081380
-0.081352
-0.081324
-0.081296
-0.081268
-0.081240
-0.081212
-0.081184
-0.081156
-0.081129
-0.081101
-0.081073
-0.081045
-0.081018
-0.080990
-0.080962
-0.080935
-0.080907
-0.080880
-0.080852
-0.080825
-0.080797
-0.080770
-0.080743
-0.080715
-0.080688
-0.080661
-0.080633
-0.080606
-0.080579
-0.080552
-0.080525
-0.080498
-0.080471
-0.080444
-0.080417
-0.080390
-0.080363
-0.080336
-0.080310
-0.080283
-0.080256
-0.080229
-0.080203
-0.080176
-0.080149
-0.080123
-0.080096
-0.080070
-0.080043
-0.080017
-0.079991
-0.079964
-0.079938
-0.079912
-0.079885
-0.079859
-0.079833
-0.079807
-0.079781
-0.079755
-0.079729
-0.079703
-0.079677
-0.079651
-0.079625
-0.079599
-0.079573
-0.079547
-0.079522
-0.079496
-0.079470
-0.079445
-0.079419
-0.079394
-0.079368
-0.079343
-0.079317
-0.079292
-0.079266
-0.079241
-0.079216
-0.079190
-0.079165
-0.079140
-0.079115
-0.079090
-0.079064
-0.079039
-0.079014
-0.078989
-0.078964
-0.078940
-0.078915
-0.078890
-0.078865
-0.078840
-0.078815
-0.078791
-0.078766
-0.078741
-0.078717
-0.078692
-0.078668
-0.078643
-0.078619
-0.078594
-0.078570
-0.078546
-0.078521
-0.078497
-0.078473
-0.078449
-0.078425
-0.078400
-0.078376
-0.078352
-0.078328
-0.078304
-0.078280
-0.078257
-0.078233
-0.078209
-0.078185
-0.078161
-0.078138
-0.078114
-0.078090
-0.078067
-0.078043
-0.078019
-0.077996
-0.077972
-0.077949
-0.077926
-0.077902
-0.077879
-0.077856
-0.077832
-0.077809
-0.077786
-0.077763
-0.077740
-0.077717
-0.077694
-0.077671
-0.077648
-0.077625
-0.077602
-0.077579
-0.077556
-0.077533
-0.077511
-0.077488
-0.077465
-0.077443
-0.077420
-0.077397
-0.077375
-0.077352
-0.077330
-0.077308
-0.077285
-0.077263
-0.077241
-0.077218
-0.077196
-0.077174
-0.077152
-0.077129
-0.077107
-0.077085
-0.077063
-0.077041
-0.077019
-0.076997
-0.076976
-0.076954
-0.076932
-0.076910
-0.076888
-0.076867
-0.076845
-0.076823
-0.076802
-0.076780
-0.076759
-0.076737
-0.076716
-0.076694
-0.076673
-0.076651
-0.076630
-0.076609
-0.076588
-0.076566
-0.076545
-0.076545
-0.076524
-0.076503
-0.076482
-0.076461
-0.076440
-0.076419
-0.076398
-0.076377
-0.076356
-0.076335
-0.076314
-0.076294
-0.076273
-0.076252
-0.076232
-0.076211
-0.076190
-0.076170
-0.076149
-0.076129
-0.076108
-0.076088
-0.076068
-0.076047
-0.076027
-0.076007
-0.075986
-0.075966
-0.075946
-0.075926
-0.075906
-0.075886
-0.075866
-0.075846
-0.075826
-0.075806
-0.075786
-0.075766
-0.075746
-0.075726
-0.075707
-0.075687
-0.075667
-0.075647
-0.075628
-0.075608
-0.075589
-0.075569
-0.075550
-0.075530
-0.075511
-0.075491
-0.075472
-0.075453
-0.075433
-0.075414
-0.075395
-0.075376
-0.075356
-0.075337
-0.075318
-0.075299
-0.075280
-0.075261
-0.075242
-0.075223
-0.075204
-0.075185
-0.075166
-0.075148
-0.075129
-0.075110
-0.075091
-0.075073
-0.075054
-0.075036
-0.075017
-0.074998
-0.074980
-0.074961
-0.074943
-0.074925
-0.074906
-0.074888
-0.074869
-0.074851
-0.074833
-0.074815
-0.074796
-0.074778
-0.074760
-0.074742
-0.074724
-0.074706
-0.074688
-0.074670
-0.074652
-0.074634
-0.074616
-0.074598
-0.074581
-0.074563
-0.074545
-0.074527
-0.074510
-0.074492
-0.074474
-0.074457
-0.074439
-0.074422
-0.074404
-0.074387
-0.074369
-0.074352
-0.074334
-0.074317
-0.074300
-0.074282
-0.074265
-0.074248
-0.074231
-0.074214
-0.074196
-0.074179
-0.074162
-0.074145
-0.074128
-0.074111
-0.074094
-0.074077
-0.074060
-0.074044
-0.074027
-0.074010
-0.073993
-0.073976
-0.073960
-0.073943
-0.073926
-0.073910
-0.073893
-0.073877
-0.073860
-0.073844
-0.073827
-0.073811
-0.073794
-0.073778
-0.073761
-0.073745
-0.073729
-0.073713
-0.073696
-0.073680
-0.073664
-0.073648
-0.073632
-0.073615
-0.073599
-0.073583
-0.073567
-0.073551
-0.073535
-0.073519
-0.073504
-0.073488
-0.073472
-0.073456
-0.073440
-0.073424
-0.073409
-0.073393
-0.073377
-0.073362
-0.073346
-0.073331
-0.073315
-0.073299
-0.073284
-0.073268
-0.073253
-0.073238
-0.073222
-0.073207
-0.073191
-0.073176
-0.073161
-0.073146
-0.073130
-0.073115
-0.073100
-0.073085
-0.073070
-0.073055
-0.073040
-0.073024
-0.073009
-0.072994
-0.072980
-0.072965
-0.072950
-0.072935
-0.072920
-0.072905
-0.072890
-0.072876
-0.072861
-0.072846
-0.072831
-0.072817
-0.072802
-0.072787
-0.072773
-0.072758
-0.072744
-0.072729
-0.072715
-0.072700
-0.072686
-0.072671
-0.072657
-0.072643
-0.072628
-0.072614
-0.072600
-0.072586
-0.072571
-0.072557
-0.072543
-0.072529
-0.072515
-0.072501
-0.072486
-0.072472
-0.072458
-0.072444
-0.072430
-0.072417
-0.072403
-0.072389
-0.072375
-0.072361
-0.072347
-0.072333
-0.072320
-0.072306
-0.072292
-0.072278
-0.072265
-0.072251
-0.072237
-0.072224
-0.072210
-0.072197
-0.072183
-0.072170
-0.072156
-0.072143
-0.072129
-0.072116
-0.072103
-0.072089
-0.072076
-0.072063
-0.072049
-0.072036
-0.072023
-0.072010
-0.071996
-0.071983
-0.071970
-0.071957
-0.071944
-0.071931
-0.071918
-0.071905
-0.071892
-0.071879
-0.071866
-0.071853
-0.071840
-0.071827
-0.071814
-0.071801
-0.071788
-0.071776
-0.071763
-0.071750
-0.071737
-0.071725
-0.071712
-0.071699
-0.071687
-0.071674
-0.071662
-0.071649
-0.071636
-0.071624
-0.071611
-0.071599
-0.071586
-0.071574
-0.071562
-0.071549
-0.071537
-0.071525
-0.071512
-0.071500
-0.071488
-0.071475
-0.071463
-0.071451
-0.071439
-0.071427
-0.071414
-0.071402
-0.071390
-0.071378
-0.071366
-0.071354
-0.071342
-0.071330
-0.071318
-0.071306
-0.071294
-0.071282
-0.071270
-0.071258
-0.071247
-0.071235
-0.071223
-0.071211
-0.071199
-0.071188
-0.071176
-0.071164
-0.071153
-0.071141
-0.071129
-0.071118
-0.071106
-0.071095
-0.071083
-0.071071
-0.071060
-0.071048
-0.071037
-0.071026
-0.071014
-0.071003
-0.070991
-0.070980
-0.070969
-0.070957
-0.070946
-0.070935
-0.070923
-0.070912
-0.070901
-0.070890
-0.070879
-0.070867
-0.070856
-0.070845
-0.070834
-0.070823
-0.070812
-0.070801
-0.070790
-0.070779
-0.070768
-0.070757
-0.070746
-0.070735
-0.070724
-0.070713
-0.070702
-0.070691
-0.070681
-0.070670
-0.070659
-0.070648
-0.070637
-0.070627
-0.070616
-0.070605
-0.070595
-0.070584
-0.070573
-0.070563
-0.070552
-0.070541
-0.070531
-0.070520
-0.070510
-0.070499
-0.070489
-0.070478
-0.070468
-0.070457
-0.070447
-0.070437
-0.070426
-0.070416
-0.070405
-0.070395
-0.070385
-0.070374
-0.070364
-0.070354
-0.070344
-0.070334
-0.070323
-0.070313
-0.070303
-0.070293
-0.070283
-0.070273
-0.070262
-0.070252
-0.070242
-0.070232
-0.070222
-0.070212
-0.070202
-0.070192
-0.070182
-0.070172
-0.070162
-0.070153
-0.070143
-0.070133
-0.070123
-0.070113
-0.070103
-0.070094
-0.070084
-0.070074
-0.070064
-0.070055
-0.070045
-0.070035
-0.070025
-0.070016
-0.070006
-0.069997
-0.069987
-0.069977
-0.069968
-0.069958
-0.069949
-0.069939
-0.069930
-0.069920
-0.069911
-0.069901
-0.069892
-0.069882
-0.069873
-0.069864
-0.069854
-0.069845
-0.069835
-0.069826
-0.069817
-0.069808
-0.069798
-0.069789
-0.069780
-0.069771
-0.069761
-0.069752
-0.069743
-0.069734
-0.069725
-0.069716
-0.069706
-0.069697
-0.069688
-0.069679
-0.069670
-0.069661
-0.069652
-0.069643
-0.069634
-0.069625
-0.069616
-0.069607
-0.069598
-0.069589
-0.069580
-0.069572
-0.069563
-0.069554
-0.069545
-0.069536
-0.069527
-0.069519
-0.069510
-0.069510
-0.069501
-0.069492
-0.069484
-0.069475
-0.069466
-0.069458
-0.069449
-0.069440
-0.069432
-0.069423
-0.069414
-0.069406
-0.069397
-0.069389
-0.069380
-0.069372
-0.069363
-0.069355
-0.069346
-0.069338
-0.069329
-0.069321
-0.069312
-0.069304
-0.069295
-0.069287
-0.069279
-0.069270
-0.069262
-0.069254
-0.069245
-0.069237
-0.069229
-0.069221
-0.069212
-0.069204
-0.069196
-0.069188
-0.069179
-0.069171
-0.069163
-0.069155
-0.069147
-0.069139
-0.069131
-0.069122
-0.069114
-0.069106
-0.069098
-0.069090
-0.069082
-0.069074
-0.069066
-0.069058
-0.069050
-0.069042
-0.069034
-0.069026
-0.069018
-0.069011
-0.069003
-0.068995
-0.068987
-0.068979
-0.068971
-0.068963
-0.068956
-0.068948
-0.068940
-0.068932
-0.068925
-0.068917
-0.068909
-0.068901
-0.068894
-0.068886
-0.068878
-0.068871
-0.068863
-0.068855
-0.068848
-0.068840
-0.068833
-0.068825
-0.068817
-0.068810
-0.068802
-0.068795
-0.068787
-0.068780
-0.068772
-0.068765
-0.068757
-0.068750
-0.068742
-0.068735
-0.068728
-0.068720
-0.068713
-0.068705
-0.068698
-0.068691
-0.068683
-0.068676
-0.068669
-0.068661
-0.068654
-0.068647
-0.068640
-0.068632
-0.068625
-0.068618
-0.068611
-0.068604
-0.068596
-0.068589
-0.068582
-0.068575
-0.068568
-0.068561
-0.068554
-0.068546
-0.068539
-0.068532
-0.068525
-0.068518
-0.068511
-0.068504
-0.068497
-0.068490
-0.068483
-0.068476
-0.068469
-0.068462
-0.068455
-0.068448
-0.068441
-0.068435
-0.068428
-0.068421
-0.068414
-0.068407
-0.068400
-0.068393
-0.068386
-0.068380
-0.068373
-0.068366
-0.068359
-0.068353
-0.068346
-0.068339
-0.068332
-0.068326
-0.068319
-0.068312
-0.068306
-0.068299
-0.068292
-0.068286
-0.068279
-0.068272
-0.068266
-0.068259
-0.068252
-0.068246
-0.068239
-0.068233
-0.068226
-0.068220
-0.068213
-0.068207
-0.068200
-0.068194
-0.068187
-0.068181
-0.068174
-0.068168
-0.068161
-0.068155
-0.068149
-0.068142
-0.068136
-0.068129
-0.068123
-0.068117
-0.068110
-0.068104
-0.068098
-0.068091
-0.068085
-0.068079
-0.068072
-0.068066
-0.068060
-0.068054
-0.068047
-0.068041
-0.068035
-0.068029
-0.068023
-0.068016
-0.068010
-0.068004
-0.067998
-0.067992
-0.067986
-0.067980
-0.067973
-0.067967
-0.067961
-0.067955
-0.067949
-0.067943
-0.067937
-0.067931
-0.067925
-0.067919
-0.067913
-0.067907
-0.067901
-0.067895
-0.067889
-0.067883
-0.067877
-0.067871
-0.067865
-0.067859
-0.067853
-0.067848
-0.067842
-0.067836
-0.067830
-0.067824
-0.067818
-0.067812
-0.067807
-0.067801
-0.067795
-0.067789
-0.067783
-0.067778
-0.067772
-0.067766
-0.067760
-0.067755
-0.067749
-0.067743
-0.067738
-0.067732
-0.067726
-0.067720
-0.067715
-0.067709
-0.067704
-0.067698
-0.067692
-0.067687
-0.067681
-0.067675
-0.067670
-0.067664
-0.067659
-0.067653
-0.067648
-0.067642
-0.067637
-0.067631
-0.067626
-0.067620
-0.067615
-0.067609
-0.067604
-0.067598
-0.067593
-0.067587
-0.067582
-0.067576
-0.067571
-0.067566
-0.067560
-0.067555
-0.067549
-0.067544
-0.067539
-0.067533
-0.067528
-0.067523
-0.067517
-0.067512
-0.067507
-0.067501
-0.067496
-0.067491
-0.067486
-0.067480
-0.067475
-0.067470
-0.067465
-0.067459
-0.067454
-0.067449
-0.067444
-0.067439
-0.067434
-0.067428
-0.067423
-0.067418
-0.067413
-0.067408
-0.067403
-0.067398
-0.067392
-0.067387
-0.067382
-0.067377
-0.067372
-0.067367
-0.067362
-0.067357
-0.067352
-0.067347
-0.067342
-0.067337
-0.067332
-0.067327
-0.067322
-0.067317
-0.067312
-0.067307
-0.067302
-0.067297
-0.067292
-0.067287
-0.067282
-0.067278
-0.067273
-0.067268
-0.067263
-0.067258
-0.067253
-0.067248
-0.067243
-0.067239
-0.067234
-0.067229
-0.067224
-0.067219
-0.067215
-0.067210
-0.067205
-0.067200
-0.067196
-0.067191
-0.067186
-0.067181
-0.067177
-0.067172
-0.067167
-0.067162
-0.067158
-0.067153
-0.067148
-0.067144
-0.067139
-0.067134
-0.067130
-0.067125
-0.067121
-0.067116
-0.067111
-0.067107
-0.067102
-0.067098
-0.067093
-0.067088
-0.067084
-0.067079
-0.067075
-0.067070
-0.067066
-0.067061
-0.067057
-0.067052
-0.067048
-0.067043
-0.067039
-0.067034
-0.067030
-0.067025
-0.067021
-0.067016
-0.067012
-0.067008
-0.067003
-0.066999
-0.066994
-0.066990
-0.066986
-0.066981
-0.066977
-0.066973
-0.066968
-0.066964
-0.066959
-0.066955
-0.066951
-0.066947
-0.066942
-0.066938
-0.066934
-0.066929
-0.066925
-0.066921
-0.066917
-0.066912
-0.066908
-0.066904
-0.066900
-0.066895
-0.066891
-0.066887
-0.066883
-0.066879
-0.066874
-0.066870
-0.066866
-0.066862
-0.066858
-0.066854
-0.066849
-0.066845
-0.066841
-0.066837
-0.066833
-0.066829
-0.066825
-0.066821
-0.066817
-0.066812
-0.066808
-0.066804
-0.066800
-0.066796
-0.066792
-0.066788
-0.066784
-0.066780
-0.066776
-0.066772
-0.066768
-0.066764
-0.066760
-0.066756
-0.066752
-0.066748
-0.066744
-0.066740
-0.066736
-0.066733
-0.066729
-0.066725
-0.066721
-0.066717
-0.066713
-0.066709
-0.066705
-0.066701
-0.066698
-0.066694
-0.066690
-0.066686
-0.066682
-0.066678
-0.066674
-0.066671
-0.066667
-0.066663
-0.066659
-0.066655
-0.066652
-0.066648
-0.066644
-0.066640
-0.066637
-0.066633
-0.066629
-0.066625
-0.066622
-0.066618
-0.066614
-0.066611
-0.066607
-0.066603
-0.066600
-0.066596
-0.066592
-0.066589
-0.066585
-0.066585
-0.066581
-0.066578
-0.066574
-0.066570
-0.066567
-0.066563
-0.066559
-0.066556
-0.066552
-0.066549
-0.066545
-0.066542
-0.066538
-0.066534
-0.066531
-0.066527
-0.066524
-0.066520
-0.066517
-0.066513
-0.066510
-0.066506
-0.066503
-0.066499
-0.066496
-0.066492
-0.066489
-0.066485
-0.066482
-0.066478
-0.066475
-0.066471
-0.066468
-0.066465
-0.066461
-0.066458
-0.066454
-0.066451
-0.066447
-0.066444
-0.066441
-0.066437
-0.066434
-0.066431
-0.066427
-0.066424
-0.066421
-0.066417
-0.066414
-0.066411
-0.066407
-0.066404
-0.066401
-0.066397
-0.066394
-0.066391
-0.066387
-0.066384
-0.066381
-0.066378
-0.066374
-0.066371
-0.066368
-0.066365
-0.066361
-0.066358
-0.066355
-0.066352
-0.066348
-0.066345
-0.066342
-0.066339
-0.066336
-0.066333
-0.066329
-0.066326
-0.066323
-0.066320
-0.066317
-0.066314
-0.066310
-0.066307
-0.066304
-0.066301
-0.066298
-0.066295
-0.066292
-0.066289
-0.066286
-0.066282
-0.066279
-0.066276
-0.066273
-0.066270
-0.066267
-0.066264
-0.066261
-0.066258
-0.066255
-0.066252
-0.066249
-0.066246
-0.066243
-0.066240
-0.066237
-0.066234
-0.066231
-0.066228
-0.066225
-0.066222
-0.066219
-0.066216
-0.066213
-0.066210
-0.066207
-0.066204
-0.066202
-0.066199
-0.066196
-0.066193
-0.066190
-0.066187
-0.066184
-0.066181
-0.066178
-0.066175
-0.066173
-0.066170
-0.066167
-0.066164
-0.066161
-0.066158
-0.066156
-0.066153
-0.066150
-0.066147
-0.066144
-0.066141
-0.066139
-0.066136
-0.066133
-0.066130
-0.066128
-0.066125
-0.066122
-0.066119
-0.066116
-0.066114
-0.066111
-0.066108
-0.066106
-0.066103
-0.066100
-0.066097
-0.066095
-0.066092
-0.066089
-0.066087
-0.066084
-0.066081
-0.066079
-0.066076
-0.066073
-0.066071
-0.066068
-0.066065
-0.066063
-0.066060
-0.066057
-0.066055
-0.066052
-0.066049
-0.066047
-0.066044
-0.066042
-0.066039
-0.066036
-0.066034
-0.066031
-0.066029
-0.066026
-0.066024
-0.066021
-0.066018
-0.066016
-0.066013
-0.066011
-0.066008
-0.066006
-0.066003
-0.066001
-0.065998
-0.065996
-0.065993
-0.065991
-0.065988
-0.065986
-0.065983
-0.065981
-0.065978
-0.065976
-0.065973
-0.065971
-0.065969
-0.065966
-0.065964
-0.065961
-0.065959
-0.065956
-0.065954
-0.065952
-0.065949
-0.065947
-0.065944
-0.065942
-0.065940
-0.065937
-0.065935
-0.065932
-0.065930
-0.065928
-0.065925
-0.065923
-0.065921
-0.065918
-0.065916
-0.065914
-0.065911
-0.065909
-0.065907
-0.065904
-0.065902
-0.065900
-0.065897
-0.065895
-0.065893
-0.065891
-0.065888
-0.065886
-0.065884
-0.065882
-0.065879
-0.065877
-0.065875
-0.065873
-0.065870
-0.065868
-0.065866
-0.065864
-0.065861
-0.065859
-0.065857
-0.065855
-0.065853
-0.065850
-0.065848
-0.065846
-0.065844
-0.065842
-0.065840
-0.065837
-0.065835
-0.065833
-0.065831
-0.065829
-0.065827
-0.065825
-0.065822
-0.065820
-0.065818
-0.065816
-0.065814
-0.065812
-0.065810
-0.065808
-0.065806
-0.065803
-0.065801
-0.065799
-0.065797
-0.065795
-0.065793
-0.065791
-0.065789
-0.065787
-0.065785
-0.065783
-0.065781
-0.065779
-0.065777
-0.065775
-0.065773
-0.065771
-0.065769
-0.065767
-0.065765
-0.065763
-0.065761
-0.065759
-0.065757
-0.065755
-0.065753
-0.065751
-0.065749
-0.065747
-0.065745
-0.065743
-0.065741
-0.065739
-0.065737
-0.065735
-0.065733
-0.065731
-0.065729
-0.065728
-0.065726
-0.065724
-0.065722
-0.065720
-0.065718
-0.065716
-0.065714
-0.065712
-0.065711
-0.065709
-0.065707
-0.065705
-0.065703
-0.065701
-0.065699
-0.065698
-0.065696
-0.065694
-0.065692
-0.065690
-0.065688
-0.065687
-0.065685
-0.065683
-0.065681
-0.065679
-0.065678
-0.065676
-0.065674
-0.065672
-0.065671
-0.065669
-0.065667
-0.065665
-0.065663
-0.065662
-0.065660
-0.065658
-0.065656
-0.065655
-0.065653
-0.065651
-0.065650
-0.065648
-0.065646
-0.065644
-0.065643
-0.065641
-0.065639
-0.065638
-0.065636
-0.065634
-0.065633
-0.065631
-0.065629
-0.065628
-0.065626
-0.065624
-0.065623
-0.065621
-0.065619
-0.065618
-0.065616
-0.065614
-0.065613
-0.065611
-0.065609
-0.065608
-0.065606
-0.065605
-0.065603
-0.065601
-0.065600
-0.065598
-0.065597
-0.065595
-0.065593
-0.065592
-0.065590
-0.065589
-0.065587
-0.065586
-0.065584
-0.065582
-0.065581
-0.065579
-0.065578
-0.065576
-0.065575
-0.065573
-0.065572
-0.065570
-0.065569
-0.065567
-0.065566
-0.065564
-0.065563
-0.065561
-0.065560
-0.065558
-0.065557
-0.065555
-0.065554
-0.065552
-0.065551
-0.065549
-0.065548
-0.065546
-0.065545
-0.065544
-0.065542
-0.065541
-0.065539
-0.065538
-0.065536
-0.065535
-0.065533
-0.065532
-0.065531
-0.065529
-0.065528
-0.065526
-0.065525
-0.065524
-0.065522
-0.065521
-0.065519
-0.065518
-0.065517
-0.065515
-0.065514
-0.065513
-0.065511
-0.065510
-0.065509
-0.065507
-0.065506
-0.065505
-0.065503
-0.065502
-0.065501
-0.065499
-0.065498
-0.065497
-0.065495
-0.065494
-0.065493
-0.065491
-0.065490
-0.065489
-0.065487
-0.065486
-0.065485
-0.065484
-0.065482
-0.065481
-0.065480
-0.065478
-0.065477
-0.065476
-0.065475
-0.065473
-0.065472
-0.065471
-0.065470
-0.065468
-0.065467
-0.065466
-0.065465
-0.065464
-0.065462
-0.065461
-0.065460
-0.065459
-0.065458
-0.065456
-0.065455
-0.065454
-0.065453
-0.065452
-0.065450
-0.065449
-0.065448
-0.065447
-0.065447
-0.065446
-0.065445
-0.065443
-0.065442
-0.065441
-0.065440
-0.065439
-0.065438
-0.065436
-0.065435
-0.065434
-0.065433
-0.065432
-0.065431
-0.065430
-0.065429
-0.065427
-0.065426
-0.065425
-0.065424
-0.065423
-0.065422
-0.065421
-0.065420
-0.065419
-0.065418
-0.065417
-0.065415
-0.065414
-0.065413
-0.065412
-0.065411
-0.065410
-0.065409
-0.065408
-0.065407
-0.065406
-0.065405
-0.065404
-0.065403
-0.065402
-0.065401
-0.065400
-0.065399
-0.065398
-0.065397
-0.065396
-0.065395
-0.065394
-0.065393
-0.065392
-0.065391
-0.065390
-0.065389
-0.065388
-0.065387
-0.065386
-0.065385
-0.065384
-0.065383
-0.065382
-0.065381
-0.065380
-0.065379
-0.065378
-0.065377
-0.065376
-0.065375
-0.065374
-0.065373
-0.065373
-0.065372
-0.065371
-0.065370
-0.065369
-0.065368
-0.065367
-0.065366
-0.065365
-0.065364
-0.065363
-0.065363
-0.065362
-0.065361
-0.065360
-0.065359
-0.065358
-0.065357
-0.065356
-0.065356
-0.065355
-0.065354
-0.065353
-0.065352
-0.065351
-0.065350
-0.065350
-0.065349
-0.065348
-0.065347
-0.065346
-0.065345
-0.065345
-0.065344
-0.065343
-0.065342
-0.065341
-0.065340
-0.065340
-0.065339
-0.065338
-0.065337
-0.065336
-0.065336
-0.065335
-0.065334
-0.065333
-0.065333
-0.065332
-0.065331
-0.065330
-0.065329
-0.065329
-0.065328
-0.065327
-0.065326
-0.065326
-0.065325
-0.065324
-0.065323
-0.065323
-0.065322
-0.065321
-0.065321
-0.065320
-0.065319
-0.065318
-0.065318
-0.065317
-0.065316
-0.065316
-0.065315
-0.065314
-0.065313
-0.065313
-0.065312
-0.065311
-0.065311
-0.065310
-0.065309
-0.065309
-0.065308
-0.065307
-0.065307
-0.065306
-0.065305
-0.065305
-0.065304
-0.065303
-0.065303
-0.065302
-0.065301
-0.065301
-0.065300
-0.065299
-0.065299
-0.065298
-0.065298
-0.065297
-0.065296
-0.065296
-0.065295
-0.065294
-0.065294
-0.065293
-0.065293
-0.065292
-0.065291
-0.065291
-0.065290
-0.065290
-0.065289
-0.065288
-0.065288
-0.065287
-0.065287
-0.065286
-0.065286
-0.065285
-0.065284
-0.065284
-0.065283
-0.065283
-0.065282
-0.065282
-0.065281
-0.065281
-0.065280
-0.065280
-0.065279
-0.065278
-0.065278
-0.065277
-0.065277
-0.065276
-0.065276
-0.065275
-0.065275
-0.065274
-0.065274
-0.065273
-0.065273
-0.065272
-0.065272
-0.065271
-0.065271
-0.065270
-0.065270
-0.065269
-0.065269
-0.065268
-0.065268
-0.065267
-0.065267
-0.065266
-0.065266
-0.065266
-0.065265
-0.065265
-0.065264
-0.065264
-0.065263
-0.065263
-0.065262
-0.065262
-0.065262
-0.065261
-0.065261
-0.065260
-0.065260
-0.065259
-0.065259
-0.065259
-0.065258
-0.065258
-0.065257
-0.065257
-0.065256
-0.065256
-0.065256
-0.065255
-0.065255
-0.065254
-0.065254
-0.065254
-0.065253
-0.065253
-0.065253
-0.065252
-0.065252
-0.065251
-0.065251
-0.065251
-0.065250
-0.065250
-0.065250
-0.065249
-0.065249
-0.065249
-0.065248
-0.065248
-0.065248
-0.065247
-0.065247
-0.065247
-0.065246
-0.065246
-0.065246
-0.065245
-0.065245
-0.065245
-0.065244
-0.065244
-0.065244
-0.065243
-0.065243
-0.065243
-0.065242
-0.065242
-0.065242
-0.065242
-0.065241
-0.065241
-0.065241
-0.065240
-0.065240
-0.065240
-0.065240
-0.065239
-0.065239
-0.065239
-0.065238
-0.065238
-0.065238
-0.065238
-0.065237
-0.065237
-0.065237
-0.065237
-0.065236
-0.065236
-0.065236
-0.065236
-0.065235
-0.065235
-0.065235
-0.065235
-0.065235
-0.065234
-0.065234
-0.065234
-0.065234
-0.065233
-0.065233
-0.065233
-0.065233
-0.065233
-0.065232
-0.065232
-0.065232
-0.065232
-0.065232
-0.065231
-0.065231
-0.065231
-0.065231
-0.065231
-0.065230
-0.065230
-0.065230
-0.065230
-0.065230
-0.065230
-0.065229
-0.065229
-0.065229
-0.065229
-0.065229
-0.065229
-0.065228
-0.065228
-0.065228
-0.065228
-0.065228
-0.065228
-0.065228
-0.065227
-0.065227
-0.065227
-0.065227
-0.065227
-0.065227
-0.065227
-0.065227
-0.065226
-0.065226
-0.065226
-0.065226
-0.065226
-0.065226
-0.065226
-0.065226
-0.065226
-0.065226
-0.065225
-0.065225
-0.065225
-0.065225
-0.065225
-0.065225
-0.065225
-0.065225
-0.065225
-0.065225
-0.065225
-0.065225
-0.065224
-0.065224
-0.065224
-0.065224
-0.065224
-0.065224
-0.065224
-0.065224
-0.065224
-0.065224
-0.065224
-0.065224
-0.065224
-0.065224
-0.065224
-0.065224
-0.065224
-0.065224
-0.065224
-0.065224
-0.065224
-0.065224
-0.065224
-0.065224
-0.065224
-0.065224
-0.065224
-0.065224
-0.065224
-0.065223
-0.065223
-0.065223
-0.065223
-0.065224
-0.065224
-0.065224
-0.065224
-0.065224
-0.065224
-0.065224
-0.065224
-0.065224
-0.065224
-0.065224
-0.065224
-0.065224
-0.065224
-0.065224
-0.065224
-0.065224
-0.065224
-0.065224
-0.065224
-0.065224
-0.065224
-0.065224
-0.065224
-0.065224
-0.065224
-0.065224
-0.065224
-0.065224
-0.065225
-0.065225
-0.065225
-0.065225
-0.065225
-0.065225
-0.065225
-0.065225
-0.065225
-0.065225
-0.065225
-0.065225
-0.065226
-0.065226
-0.065226
-0.065226
-0.065226
-0.065226
-0.065226
-0.065226
-0.065226
-0.065226
-0.065227
-0.065227
-0.065227
-0.065227
-0.065227
-0.065227
-0.065227
-0.065227
-0.065227
-0.065228
-0.065228
-0.065228
-0.065228
-0.065228
-0.065228
-0.065228
-0.065229
-0.065229
-0.065229
-0.065229
-0.065229
-0.065229
-0.065229
-0.065230
-0.065230
-0.065230
-0.065230
-0.065230
-0.065230
-0.065230
-0.065231
-0.065231
-0.065231
-0.065231
-0.065231
-0.065231
-0.065232
-0.065232
-0.065232
-0.065232
-0.065232
-0.065233
-0.065233
-0.065233
-0.065233
-0.065233
-0.065234
-0.065234
-0.065234
-0.065234
-0.065234
-0.065235
-0.065235
-0.065235
-0.065235
-0.065235
-0.065236
-0.065236
-0.065236
-0.065236
-0.065237
-0.065237
-0.065237
-0.065237
-0.065237
-0.065238
-0.065238
-0.065238
-0.065238
-0.065239
-0.065239
-0.065239
-0.065239
-0.065240
-0.065240
-0.065240
-0.065240
-0.065241
-0.065241
-0.065241
-0.065241
-0.065242
-0.065242
-0.065242
-0.065242
-0.065243
-0.065243
-0.065243
-0.065244
-0.065244
-0.065244
-0.065244
-0.065245
-0.065245
-0.065245
-0.065246
-0.065246
-0.065246
-0.065246
-0.065247
-0.065247
-0.065247
-0.065248
-0.065248
-0.065248
-0.065249
-0.065249
-0.065249
-0.065249
-0.065250
-0.065250
-0.065250
-0.065251
-0.065251
-0.065251
-0.065252
-0.065252
-0.065252
-0.065253
-0.065253
-0.065253
-0.065254
-0.065254
-0.065254
-0.065255
-0.065255
-0.065255
-0.065256
-0.065256
-0.065256
-0.065257
-0.065257
-0.065257
-0.065258
-0.065258
-0.065259
-0.065259
-0.065259
-0.065260
-0.065260
-0.065260
-0.065261
-0.065261
-0.065261
-0.065262
-0.065262
-0.065263
-0.065263
-0.065263
-0.065264
-0.065264
-0.065265
-0.065265
-0.065265
-0.065266
-0.065266
-0.065266
-0.065267
-0.065267
-0.065268
-0.065268
-0.065268
-0.065269
-0.065269
-0.065270
-0.065270
-0.065270
-0.065271
-0.065271
-0.065272
-0.065272
-0.065273
-0.065273
-0.065273
-0.065274
-0.065274
-0.065275
-0.065275
-0.065276
-0.065276
-0.065276
-0.065277
-0.065277
-0.065278
-0.065278
-0.065279
-0.065279
-0.065279
-0.065280
-0.065280
-0.065281
-0.065281
-0.065282
-0.065282
-0.065283
-0.065283
-0.065284
-0.065284
-0.065284
-0.065285
-0.065285
-0.065286
-0.065286
-0.065287
-0.065287
-0.065288
-0.065288
-0.065289
-0.065289
-0.065290
-0.065290
-0.065291
-0.065291
-0.065292
-0.065292
-0.065293
-0.065293
-0.065294
-0.065294
-0.065295
-0.065295
-0.065296
-0.065296
-0.065297
-0.065297
-0.065298
-0.065298
-0.065299
-0.065299
-0.065300
-0.065300
-0.065301
-0.065301
-0.065302
-0.065302
-0.065303
-0.065303
-0.065304
-0.065304
-0.065305
-0.065305
-0.065306
-0.065306
-0.065307
-0.065307
-0.065308
-0.065308
-0.065309
-0.065310
-0.065310
-0.065311
-0.065311
-0.065312
-0.065312
-0.065313
-0.065313
-0.065314
-0.065314
-0.065315
-0.065316
-0.065316
-0.065317
-0.065317
-0.065318
-0.065318
-0.065319
-0.065319
-0.065320
-0.065321
-0.065321
-0.065322
-0.065322
-0.065323
-0.065323
-0.065324
-0.065325
-0.065325
-0.065326
-0.065326
-0.065327
-0.065328
-0.065328
-0.065329
-0.065329
-0.065330
-0.065330
-0.065331
-0.065332
-0.065332
-0.065333
-0.065333
-0.065334
-0.065335
-0.065335
-0.065336
-0.065336
-0.065337
-0.065338
-0.065338
-0.065339
-0.065340
-0.065340
-0.065341
-0.065341
-0.065342
-0.065343
-0.065343
-0.065344
-0.065344
-0.065345
-0.065346
-0.065346
-0.065347
-0.065348
-0.065348
-0.065349
-0.065350
-0.065350
-0.065351
-0.065351
-0.065352
-0.065353
-0.065353
-0.065354
-0.065355
-0.065355
-0.065356
-0.065357
-0.065357
-0.065358
-0.065359
-0.065359
-0.065360
-0.065361
-0.065361
-0.065362
-0.065362
-0.065363
-0.065364
-0.065364
-0.065365
-0.065366
-0.065366
-0.065367
-0.065368
-0.065369
-0.065369
-0.065370
-0.065371
-0.065371
-0.065372
-0.065373
-0.065373
-0.065374
-0.065375
-0.065375
-0.065376
-0.065377
-0.065377
-0.065378
-0.065379
-0.065379
-0.065380
-0.065381
-0.065382
-0.065382
-0.065383
-0.065384
-0.065384
-0.065385
-0.065386
-0.065386
-0.065387
-0.065388
-0.065389
-0.065389
-0.065390
-0.065391
-0.065391
-0.065392
-0.065393
-0.065394
-0.065394
-0.065395
-0.065396
-0.065397
-0.065397
-0.065398
-0.065399
-0.065399
-0.065400
-0.065401
-0.065402
-0.065402
-0.065403
-0.065404
-0.065405
-0.065405
-0.065406
-0.065407
-0.065408
-0.065408
-0.065409
-0.065410
-0.065411
-0.065411
-0.065412
-0.065413
-0.065414
-0.065414
-0.065415
-0.065416
-0.065417
-0.065417
-0.065418
-0.065419
-0.065420
-0.065420
-0.065421
-0.065422
-0.065423
-0.065423
-0.065424
-0.065425
-0.065426
-0.065427
-0.065427
-0.065428
-0.065429
-0.065430
-0.065430
-0.065431
-0.065432
-0.065433
-0.065434
-0.065434
-0.065435
-0.065436
-0.065437
-0.065437
-0.065438
-0.065439
-0.065440
-0.065441
-0.065441
-0.065442
-0.065443
-0.065444
-0.065445
-0.065445
-0.065446
-0.065447
-0.065448
-0.065449
-0.065449
-0.065450
-0.065451
-0.065452
-0.065453
-0.065454
-0.065454
-0.065455
-0.065456
-0.065457
-0.065458
-0.065458
-0.065459
-0.065460
-0.065461
-0.065462
-0.065463
-0.065463
-0.065464
-0.065465
-0.065466
-0.065467
-0.065468
-0.065468
-0.065469
-0.065470
-0.065471
-0.065472
-0.065473
-0.065473
-0.065474
-0.065475
-0.065476
-0.065477
-0.065478
-0.065479
-0.065479
-0.065480
-0.065481
-0.065482
-0.065483
-0.065484
-0.065484
-0.065485
-0.065486
-0.065487
-0.065488
-0.065489
-0.065490
-0.065490
-0.065491
-0.065492
-0.065493
-0.065494
-0.065495
-0.065496
-0.065497
-0.065497
-0.065498
-0.065499
-0.065500
-0.065501
-0.065502
-0.065503
-0.065504
-0.065504
-0.065505
-0.065506
-0.065507
-0.065508
-0.065509
-0.065510
-0.065511
-0.065512
-0.065512
-0.065512
-0.065513
-0.065514
-0.065515
-0.065516
-0.065517
-0.065518
-0.065519
-0.065520
-0.065520
-0.065521
-0.065522
-0.065523
-0.065524
-0.065525
-0.065526
-0.065527
-0.065528
-0.065529
-0.065530
-0.065530
-0.065531
-0.065532
-0.065533
-0.065534
-0.065535
-0.065536
-0.065537
-0.065538
-0.065539
-0.065540
-0.065541
-0.065541
-0.065542
-0.065543
-0.065544
-0.065545
-0.065546
-0.065547
-0.065548
-0.065549
-0.065550
-0.065551
-0.065552
-0.065553
-0.065554
-0.065555
-0.065555
-0.065556
-0.065557
-0.065558
-0.065559
-0.065560
-0.065561
-0.065562
-0.065563
-0.065564
-0.065565
-0.065566
-0.065567
-0.065568
-0.065569
-0.065570
-0.065571
-0.065572
-0.065573
-0.065573
-0.065574
-0.065575
-0.065576
-0.065577
-0.065578
-0.065579
-0.065580
-0.065581
-0.065582
-0.065583
-0.065584
-0.065585
-0.065586
-0.065587
-0.065588
-0.065589
-0.065590
-0.065591
-0.065592
-0.065593
-0.065594
-0.065595
-0.065596
-0.065597
-0.065598
-0.065599
-0.065600
-0.065601
-0.065602
-0.065603
-0.065604
-0.065605
-0.065606
-0.065607
-0.065608
-0.065609
-0.065610
-0.065611
-0.065612
-0.065613
-0.065614
-0.065615
-0.065616
-0.065617
-0.065618
-0.065619
-0.065620
-0.065621
-0.065622
-0.065623
-0.065624
-0.065625
-0.065626
-0.065627
-0.065628
-0.065629
-0.065630
-0.065631
-0.065632
-0.065633
-0.065634
-0.065635
-0.065636
-0.065637
-0.065638
-0.065639
-0.065640
-0.065641
-0.065642
-0.065643
-0.065644
-0.065645
-0.065646
-0.065647
-0.065648
-0.065649
-0.065650
-0.065651
-0.065652
-0.065653
-0.065654
-0.065655
-0.065656
-0.065657
-0.065658
-0.065659
-0.065660
-0.065661
-0.065663
-0.065664
-0.065665
-0.065666
-0.065667
-0.065668
-0.065669
-0.065670
-0.065671
-0.065672
-0.065673
-0.065674
-0.065675
-0.065676
-0.065677
-0.065678
-0.065679
-0.065680
-0.065681
-0.065682
-0.065684
-0.065685
-0.065686
-0.065687
-0.065688
-0.065689
-0.065690
-0.065691
-0.065692
-0.065693
-0.065694
-0.065695
-0.065696
-0.065697
-0.065698
-0.065700
-0.065701
-0.065702
-0.065703
-0.065704
-0.065705
-0.065706
-0.065707
-0.065708
-0.065709
-0.065710
-0.065711
-0.065712
-0.065714
-0.065715
-0.065716
-0.065717
-0.065718
-0.065719
-0.065720
-0.065721
-0.065722
-0.065723
-0.065724
-0.065725
-0.065727
-0.065728
-0.065729
-0.065730
-0.065731
-0.065732
-0.065733
-0.065734
-0.065735
-0.065736
-0.065738
-0.065739
-0.065740
-0.065741
-0.065742
-0.065743
-0.065744
-0.065745
-0.065746
-0.065747
-0.065749
-0.065750
-0.065751
-0.065752
-0.065753
-0.065754
-0.065755
-0.065756
-0.065758
-0.065759
-0.065760
-0.065761
-0.065762
-0.065763
-0.065764
-0.065765
-0.065766
-0.065768
-0.065769
-0.065770
-0.065771
-0.065772
-0.065773
-0.065774
-0.065775
-0.065777
-0.065778
-0.065779
-0.065780
-0.065781
-0.065782
-0.065783
-0.065785
-0.065786
-0.065787
-0.065788
-0.065789
-0.065790
-0.065791
-0.065792
-0.065794
-0.065795
-0.065796
-0.065797
-0.065798
-0.065799
-0.065800
-0.065802
-0.065803
-0.065804
-0.065805
-0.065806
-0.065807
-0.065809
-0.065810
-0.065811
-0.065812
-0.065813
-0.065814
-0.065815
-0.065817
-0.065818
-0.065819
-0.065820
-0.065821
-0.065822
-0.065824
-0.065825
-0.065826
-0.065827
-0.065828
-0.065829
-0.065831
-0.065832
-0.065833
-0.065834
-0.065835
-0.065836
-0.065838
-0.065839
-0.065840
-0.065841
-0.065842
-0.065843
-0.065845
-0.065846
-0.065847
-0.065848
-0.065849
-0.065851
-0.065852
-0.065853
-0.065854
-0.065855
-0.065856
-0.065858
-0.065859
-0.065860
-0.065861
-0.065862
-0.065864
-0.065865
-0.065866
-0.065867
-0.065868
-0.065869
-0.065871
-0.065872
-0.065873
-0.065874
-0.065875
-0.065877
-0.065878
-0.065879
-0.065880
-0.065881
-0.065883
-0.065884
-0.065885
-0.065886
-0.065887
-0.065889
-0.065890
-0.065891
-0.065892
-0.065893
-0.065895
-0.065896
-0.065897
-0.065898
-0.065899
-0.065901
-0.065902
-0.065903
-0.065904
-0.065906
-0.065907
-0.065908
-0.065909
-0.065910
-0.065912
-0.065913
-0.065914
-0.065915
-0.065916
-0.065918
-0.065919
-0.065920
-0.065921
-0.065923
-0.065924
-0.065925
-0.065926
-0.065927
-0.065929
-0.065930
-0.065931
-0.065932
-0.065934
-0.065935
-0.065936
-0.065937
-0.065939
-0.065940
-0.065941
-0.065942
-0.065943
-0.065945
-0.065946
-0.065947
-0.065948
-0.065950
-0.065951
-0.065952
-0.065953
-0.065955
-0.065956
-0.065957
-0.065958
-0.065960
-0.065961
-0.065962
-0.065963
-0.065965
-0.065966
-0.065967
-0.065968
-0.065970
-0.065971
-0.065972
-0.065973
-0.065975
-0.065976
-0.065977
-0.065978
-0.065980
-0.065981
-0.065982
-0.065983
-0.065985
-0.065986
-0.065987
-0.065988
-0.065990
-0.065991
-0.065992
-0.065993
-0.065995
-0.065996
-0.065997
-0.065998
-0.066000
-0.066001
-0.066002
-0.066004
-0.066005
-0.066006
-0.066007
-0.066009
-0.066010
-0.066011
-0.066012
-0.066014
-0.066015
-0.066016
-0.066017
-0.066019
-0.066020
-0.066021
-0.066023
-0.066024
-0.066025
-0.066026
-0.066028
-0.066029
-0.066030
-0.066032
-0.066033
-0.066034
-0.066035
-0.066037
-0.066038
-0.066039
-0.066041
-0.066042
-0.066043
-0.066044
-0.066046
-0.066047
-0.066048
-0.066050
-0.066051
-0.066052
-0.066053
-0.066055
-0.066056
-0.066057
-0.066059
-0.066060
-0.066061
-0.066062
-0.066064
-0.066065
-0.066066
-0.066068
-0.066068
-0.066069
-0.066070
-0.066072
-0.066073
-0.066074
-0.066075
-0.066077
-0.066078
-0.066079
-0.066081
-0.066082
-0.066083
-0.066085
-0.066086
-0.066087
-0.066089
-0.066090
-0.066091
-0.066092
-0.066094
-0.066095
-0.066096
-0.066098
-0.066099
-0.066100
-0.066102
-0.066103
-0.066104
-0.066106
-0.066107
-0.066108
-0.066110
-0.066111
-0.066112
-0.066114
-0.066115
-0.066116
-0.066118
-0.066119
-0.066120
-0.066121
-0.066123
-0.066124
-0.066125
-0.066127
-0.066128
-0.066129
-0.066131
-0.066132
-0.066133
-0.066135
-0.066136
-0.066137
-0.066139
-0.066140
-0.066141
-0.066143
-0.066144
-0.066145
-0.066147
-0.066148
-0.066149
-0.066151
-0.066152
-0.066153
-0.066155
-0.066156
-0.066157
-0.066159
-0.066160
-0.066162
-0.066163
-0.066164
-0.066166
-0.066167
-0.066168
-0.066170
-0.066171
-0.066172
-0.066174
-0.066175
-0.066176
-0.066178
-0.066179
-0.066180
-0.066182
-0.066183
-0.066184
-0.066186
-0.066187
-0.066189
-0.066190
-0.066191
-0.066193
-0.066194
-0.066195
-0.066197
-0.066198
-0.066199
-0.066201
-0.066202
-0.066203
-0.066205
-0.066206
-0.066208
-0.066209
-0.066210
-0.066212
-0.066213
-0.066214
-0.066216
-0.066217
-0.066218
-0.066220
-0.066221
-0.066223
-0.066224
-0.066225
-0.066227
-0.066228
-0.066229
-0.066231
-0.066232
-0.066234
-0.066235
-0.066236
-0.066238
-0.066239
-0.066240
-0.066242
-0.066243
-0.066245
-0.066246
-0.066247
-0.066249
-0.066250
-0.066251
-0.066253
-0.066254
-0.066256
-0.066257
-0.066258
-0.066260
-0.066261
-0.066263
-0.066264
-0.066265
-0.066267
-0.066268
-0.066269
-0.066271
-0.066272
-0.066274
-0.066275
-0.066276
-0.066278
-0.066279
-0.066281
-0.066282
-0.066283
-0.066285
-0.066286
-0.066288
-0.066289
-0.066290
-0.066292
-0.066293
-0.066295
-0.066296
-0.066297
-0.066299
-0.066300
-0.066302
-0.066303
-0.066304
-0.066306
-0.066307
-0.066309
-0.066310
-0.066311
-0.066313
-0.066314
-0.066316
-0.066317
-0.066318
-0.066320
-0.066321
-0.066323
-0.066324
-0.066325
-0.066327
-0.066328
-0.066330
-0.066331
-0.066333
-0.066334
-0.066335
-0.066337
-0.066338
-0.066340
-0.066341
-0.066342
-0.066344
-0.066345
-0.066347
-0.066348
-0.066350
-0.066351
-0.066352
-0.066354
-0.066355
-0.066357
-0.066358
-0.066359
-0.066361
-0.066362
-0.066364
-0.066365
-0.066367
-0.066368
-0.066369
-0.066371
-0.066372
-0.066374
-0.066375
-0.066377
-0.066378
-0.066379
-0.066381
-0.066382
-0.066384
-0.066385
-0.066387
-0.066388
-0.066390
-0.066391
-0.066392
-0.066394
-0.066395
-0.066397
-0.066398
-0.066400
-0.066401
-0.066402
-0.066404
-0.066405
-0.066407
-0.066408
-0.066410
-0.066411
-0.066413
-0.066414
-0.066415
-0.066417
-0.066418
-0.066420
-0.066421
-0.066423
-0.066424
-0.066426
-0.066427
-0.066428
-0.066430
-0.066431
-0.066433
-0.066434
-0.066436
-0.066437
-0.066439
-0.066440
-0.066442
-0.066443
-0.066444
-0.066446
-0.066447
-0.066449
-0.066450
-0.066452
-0.066453
-0.066455
-0.066456
-0.066458
-0.066459
-0.066460
-0.066462
-0.066463
-0.066465
-0.066466
-0.066468
-0.066469
-0.066471
-0.066472
-0.066474
-0.066475
-0.066477
-0.066478
-0.066480
-0.066481
-0.066482
-0.066484
-0.066485
-0.066487
-0.066488
-0.066490
-0.066491
-0.066493
-0.066494
-0.066496
-0.066497
-0.066499
-0.066500
-0.066502
-0.066503
-0.066505
-0.066506
-0.066508
-0.066509
-0.066510
-0.066512
-0.066513
-0.066515
-0.066516
-0.066518
-0.066519
-0.066521
-0.066522
-0.066524
-0.066525
-0.066527
-0.066528
-0.066530
-0.066531
-0.066533
-0.066534
-0.066536
-0.066537
-0.066539
-0.066540
-0.066542
-0.066543
-0.066545
-0.066546
-0.066548
-0.066549
-0.066551
-0.066552
-0.066554
-0.066555
-0.066557
-0.066558
-0.066560
-0.066561
-0.066563
-0.066564
-0.066565
-0.066567
-0.066568
-0.066570
-0.066571
-0.066573
-0.066574
-0.066576
-0.066577
-0.066579
-0.066580
-0.066582
-0.066583
-0.066585
-0.066586
-0.066588
-0.066590
-0.066591
-0.066593
-0.066594
-0.066596
-0.066597
-0.066599
-0.066600
-0.066602
-0.066603
-0.066605
-0.066606
-0.066608
-0.066609
-0.066611
-0.066612
-0.066614
-0.066615
-0.066617
-0.066618
-0.066620
-0.066621
-0.066623
-0.066624
-0.066626
-0.066627
-0.066629
-0.066630
-0.066632
-0.066633
-0.066635
-0.066636
-0.066638
-0.066639
-0.066641
-0.066642
-0.066644
-0.066646
-0.066647
-0.066649
-0.066650
-0.066652
-0.066653
-0.066655
-0.066656
-0.066658
-0.066659
-0.066661
-0.066662
-0.066664
-0.066665
-0.066667
-0.066668
-0.066670
-0.066671
-0.066673
-0.066675
-0.066676
-0.066678
-0.066679
-0.066681
-0.066682
-0.066684
-0.066685
-0.066687
-0.066688
-0.066690
-0.066691
-0.066693
-0.066694
-0.066696
-0.066698
-0.066699
-0.066701
-0.066702
-0.066704
-0.066705
-0.066707
-0.066708
-0.066710
-0.066711
-0.066713
-0.066714
-0.066716
-0.066718
-0.066719
-0.066721
-0.066722
-0.066724
-0.066725
-0.066727
-0.066728
-0.066730
-0.066731
-0.066733
-0.066735
-0.066736
-0.066738
-0.066739
-0.066741
-0.066742
-0.066744
-0.066745
-0.066747
-0.066749
-0.066750
-0.066752
-0.066753
-0.066755
-0.066756
-0.066758
-0.066759
-0.066761
-0.066763
-0.066764
-0.066766
-0.066767
-0.066769
-0.066770
-0.066772
-0.066773
-0.066775
-0.066777
-0.066778
-0.066780
-0.066781
-0.066783
-0.066784
-0.066786
-0.066786
