-0.082549
-0.072505
-0.069904
-0.075341
-0.084461
-0.094733
-0.105140
-0.115325
-0.125163
-0.134603
-0.143619
-0.152194
-0.160316
-0.167980
-0.175187
-0.181944
-0.188266
-0.194170
-0.199682
-0.204826
-0.209630
-0.214124
-0.218337
-0.222300
-0.226041
-0.229592
-0.232981
-0.236231
-0.239361
-0.242384
-0.245305
-0.248126
-0.250843
-0.253452
-0.255948
-0.258327
-0.260585
-0.262723
-0.264739
-0.266637
-0.268418
-0.270085
-0.271639
-0.273081
-0.274411
-0.275628
-0.276729
-0.277712
-0.278579
-0.279334
-0.279989
-0.280567
-0.281099
-0.281620
-0.282168
-0.282779
-0.283485
-0.284316
-0.285295
-0.286447
-0.287797
-0.289373
-0.291212
-0.293331
-0.295722
-0.298341
-0.301124
-0.304010
-0.306944
-0.309890
-0.312824
-0.315734
-0.318614
-0.321461
-0.324274
-0.327053
-0.329797
-0.332507
-0.335183
-0.337823
-0.340427
-0.342994
-0.345522
-0.348012
-0.350462
-0.352872
-0.355241
-0.357568
-0.359853
-0.362096
-0.364298
-0.366457
-0.368576
-0.370653
-0.372691
-0.374689
-0.376648
-0.378571
-0.380457
-0.382309
-0.384130
-0.385923
-0.387694
-0.389449
-0.391188
-0.392911
-0.394618
-0.396308
-0.397984
-0.399645
-0.401290
-0.402919
-0.404531
-0.406124
-0.407698
-0.409249
-0.410777
-0.412278
-0.413748
-0.415181
-0.416520
-0.417884
-0.419560
-0.420909
-0.422467
-0.423768
-0.424688
-0.425909
-0.427450
-0.428963
-0.430442
-0.431908
-0.433342
-0.434730
-0.436064
-0.437328
-0.438505
-0.439579
-0.440540
-0.441383
-0.442106
-0.442717
-0.443223
-0.443636
-0.443968
-0.444231
-0.444439
-0.444603
-0.444734
-0.444843
-0.444938
-0.445028
-0.445119
-0.445217
-0.445327
-0.445453
-0.445597
-0.445761
-0.445946
-0.446153
-0.446381
-0.446631
-0.446901
-0.447191
-0.447497
-0.447818
-0.448149
-0.448489
-0.448833
-0.449176
-0.449515
-0.449844
-0.450159
-0.450456
-0.450729
-0.450972
-0.451182
-0.451353
-0.451479
-0.451557
-0.451583
-0.451551
-0.451458
-0.451300
-0.451073
-0.450774
-0.450401
-0.449952
-0.449425
-0.448819
-0.448133
-0.447365
-0.446516
-0.445585
-0.444572
-0.443479
-0.442306
-0.441056
-0.439729
-0.438327
-0.436854
-0.435308
-0.433692
-0.432005
-0.430248
-0.428421
-0.426527
-0.424572
-0.422559
-0.420494
-0.418380
-0.416223
-0.414025
-0.411782
-0.409491
-0.407154
-0.404778
-0.402367
-0.399924
-0.397447
-0.394933
-0.392377
-0.389780
-0.387151
-0.384502
-0.381839
-0.379166
-0.376485
-0.373799
-0.371110
-0.368420
-0.365729
-0.363039
-0.360351
-0.357666
-0.354988
-0.352320
-0.349666
-0.347031
-0.344418
-0.341833
-0.339280
-0.336765
-0.334307
-0.332612
-0.329821
-0.327458
-0.325234
-0.325961
-0.322502
-0.319580
-0.319516
-0.318408
-0.317162
-0.316021
-0.314954
-0.313942
-0.312979
-0.312062
-0.311191
-0.310361
-0.309573
-0.308823
-0.308111
-0.307432
-0.306789
-0.306176
-0.305597
-0.305044
-0.304524
-0.304029
-0.303565
-0.303125
-0.302716
-0.302331
-0.301975
-0.301646
-0.301345
-0.301071
-0.300825
-0.300607
-0.300415
-0.300250
-0.300108
-0.299985
-0.299876
-0.299777
-0.299684
-0.299598
-0.299518
-0.299444
-0.299378
-0.299319
-0.299267
-0.299223
-0.299187
-0.299160
-0.299142
-0.299133
-0.299135
-0.299135
-0.299146
-0.299169
-0.299202
-0.299246
-0.299302
-0.299370
-0.299449
-0.299538
-0.299638
-0.299742
-0.299846
-0.299939
-0.300014
-0.300063
-0.300084
-0.300075
-0.300038
-0.299973
-0.299882
-0.299766
-0.299626
-0.299463
-0.299277
-0.299073
-0.298846
-0.298605
-0.298342
-0.298070
-0.297775
-0.297481
-0.297157
-0.296848
-0.296497
-0.296184
-0.295805
-0.295498
-0.295092
-0.294801
-0.294368
-0.294102
-0.293650
-0.293403
-0.292942
-0.292696
-0.292232
-0.291963
-0.291490
-0.291184
-0.290690
-0.290343
-0.289816
-0.289424
-0.288850
-0.288405
-0.287764
-0.287256
-0.286528
-0.285948
-0.285124
-0.284469
-0.283561
-0.282844
-0.281892
-0.281153
-0.280201
-0.279461
-0.278550
-0.277783
-0.276977
-0.276176
-0.275517
-0.274748
-0.274237
-0.273610
-0.273257
-0.272884
-0.272757
-0.272710
-0.272846
-0.273072
-0.273397
-0.273786
-0.274222
-0.274715
-0.275222
-0.275791
-0.276325
-0.276951
-0.277465
-0.278148
-0.278589
-0.279349
-0.279681
-0.280534
-0.280764
-0.281680
-0.281861
-0.282747
-0.282942
-0.283713
-0.283955
-0.284581
-0.284883
-0.285382
-0.285730
-0.286144
-0.286505
-0.286871
-0.287218
-0.287552
-0.287874
-0.288181
-0.288475
-0.288756
-0.289025
-0.289284
-0.289535
-0.289778
-0.290015
-0.290248
-0.290477
-0.290704
-0.290929
-0.291153
-0.291378
-0.291604
-0.291831
-0.292062
-0.292296
-0.292535
-0.292781
-0.293032
-0.293292
-0.293561
-0.293840
-0.294131
-0.294434
-0.294751
-0.295083
-0.295433
-0.295800
-0.296185
-0.296592
-0.297019
-0.297467
-0.297938
-0.298431
-0.298947
-0.299483
-0.300039
-0.300614
-0.301204
-0.301806
-0.302416
-0.303029
-0.303640
-0.304243
-0.304832
-0.305401
-0.305943
-0.306453
-0.306925
-0.307354
-0.307737
-0.308070
-0.308351
-0.308578
-0.308750
-0.308867
-0.308929
-0.308938
-0.308895
-0.308802
-0.308661
-0.308477
-0.308251
-0.307988
-0.307691
-0.307364
-0.307012
-0.306639
-0.306248
-0.305842
-0.305427
-0.305006
-0.304581
-0.304157
-0.303736
-0.303321
-0.302915
-0.302520
-0.302139
-0.301773
-0.301425
-0.301096
-0.300788
-0.300502
-0.300239
-0.300001
-0.299788
-0.299601
-0.299441
-0.299308
-0.299202
-0.299123
-0.299072
-0.299048
-0.299051
-0.299080
-0.299135
-0.299216
-0.299320
-0.299447
-0.299595
-0.299764
-0.299951
-0.300155
-0.300373
-0.300604
-0.300845
-0.301094
-0.301349
-0.301606
-0.301863
-0.302118
-0.302368
-0.302611
-0.302844
-0.303065
-0.303273
-0.303464
-0.303639
-0.303796
-0.303934
-0.304052
-0.304150
-0.304228
-0.304285
-0.304324
-0.304343
-0.304344
-0.304327
-0.304294
-0.304245
-0.304181
-0.304102
-0.304007
-0.303896
-0.303764
-0.303605
-0.303399
-0.303110
-0.302635
-0.301684
-0.299602
-0.297331
-0.296657
-0.296385
-0.296121
-0.295840
-0.295576
-0.295350
-0.295171
-0.295044
-0.294972
-0.294959
-0.295008
-0.295120
-0.295297
-0.295539
-0.295848
-0.296221
-0.296658
-0.297158
-0.297718
-0.298336
-0.299007
-0.299726
-0.300488
-0.301287
-0.302113
-0.302960
-0.303816
-0.304672
-0.305517
-0.306343
-0.307140
-0.307900
-0.308617
-0.309287
-0.309908
-0.310477
-0.310996
-0.311463
-0.311882
-0.312254
-0.312582
-0.312869
-0.313117
-0.313117
-0.313331
-0.313512
-0.313665
-0.313792
-0.313896
-0.313980
-0.314047
-0.314100
-0.314142
-0.314174
-0.314200
-0.314221
-0.314240
-0.314259
-0.314279
-0.314302
-0.314330
-0.314364
-0.314406
-0.314457
-0.314518
-0.314590
-0.314674
-0.314770
-0.314880
-0.315003
-0.315141
-0.315292
-0.315458
-0.315638
-0.315832
-0.316040
-0.316260
-0.316493
-0.316738
-0.316993
-0.317258
-0.317533
-0.317814
-0.318103
-0.318396
-0.318694
-0.318994
-0.319296
-0.319597
-0.319898
-0.320197
-0.320492
-0.320784
-0.321070
-0.321350
-0.321624
-0.321891
-0.322150
-0.322401
-0.322645
-0.322879
-0.323106
-0.323324
-0.323534
-0.323736
-0.323930
-0.324116
-0.324296
-0.324468
-0.324633
-0.324793
-0.324947
-0.325095
-0.325239
-0.325378
-0.325512
-0.325643
-0.325771
-0.325895
-0.326017
-0.326136
-0.326253
-0.326369
-0.326482
-0.326594
-0.326704
-0.326813
-0.326921
-0.327027
-0.327133
-0.327238
-0.327341
-0.327444
-0.327545
-0.327645
-0.327744
-0.327842
-0.327938
-0.328034
-0.328127
-0.328219
-0.328310
-0.328398
-0.328485
-0.328570
-0.328653
-0.328734
-0.328813
-0.328889
-0.328964
-0.329036
-0.329106
-0.329174
-0.329239
-0.329303
-0.329364
-0.329422
-0.329479
-0.329533
-0.329586
-0.329636
-0.329684
-0.329730
-0.329775
-0.329817
-0.329858
-0.329897
-0.329934
-0.329970
-0.330004
-0.330036
-0.330068
-0.330098
-0.330126
-0.330154
-0.330180
-0.330206
-0.330230
-0.330253
-0.330275
-0.330297
-0.330317
-0.330337
-0.330356
-0.330374
-0.330391
-0.330408
-0.330424
-0.330439
-0.330454
-0.330468
-0.330481
-0.330494
-0.330506
-0.330518
-0.330529
-0.330540
-0.330549
-0.330559
-0.330568
-0.330576
-0.330584
-0.330591
-0.330598
-0.330604
-0.330610
-0.330615
-0.330620
-0.330624
-0.330628
-0.330632
-0.330635
-0.330638
-0.330641
-0.330643
-0.330646
-0.330647
-0.330649
-0.330651
-0.330653
-0.330654
-0.330656
-0.330658
-0.330659
-0.330661
-0.330663
-0.330666
-0.330668
-0.330671
-0.330674
-0.330677
-0.330680
-0.330684
-0.330688
-0.330692
-0.330697
-0.330701
-0.330705
-0.330710
-0.330714
-0.330718
-0.330722
-0.330726
-0.330729
-0.330732
-0.330734
-0.330735
-0.330736
-0.330735
-0.330733
-0.330730
-0.330725
-0.330718
-0.330710
-0.330700
-0.330687
-0.330672
-0.330655
-0.330634
-0.330611
-0.330584
-0.330554
-0.330519
-0.330481
-0.330437
-0.330389
-0.330335
-0.330275
-0.330208
-0.330134
-0.330052
-0.329961
-0.329860
-0.329749
-0.329628
-0.329495
-0.329353
-0.329201
-0.329043
-0.328884
-0.328728
-0.328584
-0.328455
-0.328344
-0.328252
-0.328176
-0.328112
-0.328057
-0.328007
-0.327960
-0.327915
-0.327871
-0.327825
-0.327779
-0.327730
-0.327679
-0.327623
-0.327564
-0.327499
-0.327429
-0.327352
-0.327267
-0.327173
-0.327068
-0.326952
-0.326822
-0.326677
-0.326514
-0.326334
-0.326132
-0.325910
-0.325664
-0.325396
-0.325104
-0.324789
-0.324452
-0.324093
-0.323714
-0.323316
-0.322902
-0.322474
-0.322034
-0.321585
-0.321129
-0.320669
