-0.403512
-0.441947
-0.464890
-0.481690
-0.494043
-0.503933
-0.512483
-0.520152
-0.527106
-0.533419
-0.539136
-0.544301
-0.548962
-0.553172
-0.556989
-0.560477
-0.563706
-0.566751
-0.569689
-0.572597
-0.575550
-0.578619
-0.581859
-0.585314
-0.589005
-0.592931
-0.597067
-0.601369
-0.605776
-0.610220
-0.614629
-0.618935
-0.623073
-0.626984
-0.630616
-0.633924
-0.636880
-0.639466
-0.641681
-0.643534
-0.645046
-0.646245
-0.647164
-0.647841
-0.648316
-0.648630
-0.648819
-0.648919
-0.648959
-0.648959
-0.648930
-0.648873
-0.648798
-0.648717
-0.648651
-0.648623
-0.648660
-0.648793
-0.649052
-0.649473
-0.650099
-0.650988
-0.652211
-0.653831
-0.655871
-0.658300
-0.661037
-0.663979
-0.667025
-0.670096
-0.673138
-0.676116
-0.679013
-0.681820
-0.684534
-0.687156
-0.689687
-0.692131
-0.694488
-0.696764
-0.698959
-0.701077
-0.703120
-0.705090
-0.706990
-0.708823
-0.710591
-0.712298
-0.713946
-0.715539
-0.717080
-0.718572
-0.720020
-0.721427
-0.722796
-0.724133
-0.725442
-0.726726
-0.727988
-0.729231
-0.730455
-0.731655
-0.732828
-0.733969
-0.735079
-0.736160
-0.737213
-0.738237
-0.739233
-0.740202
-0.741146
-0.742067
-0.742969
-0.743857
-0.744738
-0.745621
-0.746515
-0.747429
-0.748368
-0.749346
-0.750439
-0.751364
-0.751946
-0.752674
-0.753382
-0.753980
-0.755022
-0.755878
-0.756170
-0.756442
-0.756827
-0.757135
-0.757356
-0.757510
-0.757580
-0.757554
-0.757426
-0.757188
-0.756834
-0.756362
-0.755776
-0.755085
-0.754301
-0.753443
-0.752527
-0.751572
-0.750597
-0.749617
-0.748649
-0.747706
-0.746800
-0.745941
-0.745139
-0.744400
-0.743732
-0.743137
-0.742620
-0.742182
-0.741825
-0.741550
-0.741359
-0.741252
-0.741233
-0.741300
-0.741457
-0.741704
-0.742042
-0.742471
-0.742993
-0.743609
-0.744318
-0.745124
-0.746027
-0.747030
-0.748133
-0.749338
-0.750645
-0.752053
-0.753564
-0.755179
-0.756900
-0.758725
-0.760653
-0.762679
-0.764799
-0.767010
-0.769309
-0.771695
-0.774165
-0.776719
-0.779351
-0.782057
-0.784830
-0.787664
-0.790550
-0.793480
-0.796448
-0.799445
-0.802464
-0.805502
-0.808556
-0.811633
-0.814742
-0.817897
-0.821105
-0.824362
-0.827652
-0.830950
-0.834236
-0.837491
-0.840697
-0.843834
-0.846909
-0.849979
-0.853096
-0.856246
-0.859390
-0.862508
-0.865607
-0.868714
-0.871882
-0.875165
-0.878575
-0.882064
-0.885579
-0.889092
-0.892596
-0.896087
-0.899568
-0.903040
-0.906504
-0.909961
-0.913413
-0.916861
-0.920306
-0.923745
-0.927179
-0.930605
-0.934021
-0.937423
-0.940811
-0.944181
-0.947526
-0.950819
-0.953467
-0.957210
-0.960298
-0.963423
-0.964366
-0.968645
-0.972116
-0.973342
-0.975345
-0.977570
-0.979748
-0.981901
-0.984035
-0.986150
-0.988244
-0.990319
-0.992373
-0.994410
-0.996427
-0.998426
-1.000408
-1.002371
-1.004318
-1.006245
-1.008156
-1.010048
-1.011923
-1.013779
-1.015619
-1.017440
-1.019245
-1.021034
-1.022809
-1.024570
-1.026322
-1.028065
-1.029804
-1.031540
-1.033276
-1.035013
-1.036754
-1.038501
-1.040256
-1.042018
-1.043787
-1.045562
-1.047342
-1.049127
-1.050915
-1.052708
-1.054504
-1.056305
-1.058110
-1.059918
-1.061728
-1.063540
-1.063540
-1.065352
-1.067161
-1.068968
-1.070770
-1.072567
-1.074358
-1.076141
-1.077916
-1.079677
-1.081423
-1.083151
-1.084860
-1.086550
-1.088225
-1.089886
-1.091535
-1.093172
-1.094797
-1.096411
-1.098012
-1.099600
-1.101177
-1.102741
-1.104294
-1.105835
-1.107365
-1.108885
-1.110392
-1.111892
-1.113377
-1.114856
-1.116320
-1.117784
-1.119228
-1.120678
-1.122105
-1.123547
-1.124957
-1.126393
-1.127792
-1.129224
-1.130616
-1.132045
-1.133445
-1.134877
-1.136297
-1.137741
-1.139190
-1.140659
-1.142144
-1.143646
-1.145175
-1.146724
-1.148306
-1.149919
-1.151573
-1.153269
-1.155010
-1.156796
-1.158628
-1.160489
-1.162383
-1.164275
-1.166172
-1.168036
-1.169893
-1.171679
-1.173489
-1.175158
-1.176911
-1.178445
-1.180098
-1.181497
-1.182986
-1.184254
-1.185537
-1.186658
-1.187742
-1.188717
-1.189644
-1.190499
-1.191311
-1.192072
-1.192791
-1.193469
-1.194105
-1.194715
-1.195277
-1.195837
-1.196328
-1.196864
-1.197278
-1.197817
-1.198150
-1.198706
-1.198976
-1.199539
-1.199785
-1.200329
-1.200594
-1.201100
-1.201403
-1.201863
-1.202204
-1.202622
-1.202988
-1.203378
-1.203751
-1.204127
-1.204496
-1.204863
-1.205225
-1.205582
-1.205933
-1.206279
-1.206618
-1.206949
-1.207273
-1.207589
-1.207896
-1.208195
-1.208486
-1.208767
-1.209040
-1.209303
-1.209558
-1.209803
-1.210038
-1.210264
-1.210480
-1.210685
-1.210878
-1.211061
-1.211231
-1.211389
-1.211534
-1.211665
-1.211781
-1.211882
-1.211967
-1.212036
-1.212087
-1.212121
-1.212136
-1.212133
-1.212110
-1.212069
-1.212009
-1.211931
-1.211836
-1.211724
-1.211598
-1.211461
-1.211313
-1.211159
-1.211002
-1.210847
-1.210696
-1.210555
-1.210427
-1.210317
-1.210228
-1.210164
-1.210128
-1.210122
-1.210148
-1.210207
-1.210300
-1.210429
-1.210592
-1.210790
-1.211022
-1.211287
-1.211584
-1.211911
-1.212267
-1.212649
-1.213056
-1.213485
-1.213934
-1.214400
-1.214881
-1.215375
-1.215878
-1.216390
-1.216907
-1.217427
-1.217948
-1.218468
-1.218985
-1.219498
-1.220004
-1.220501
-1.220989
-1.221466
-1.221931
-1.222382
-1.222819
-1.223240
-1.223645
-1.224033
-1.224404
-1.224756
-1.225090
-1.225406
-1.225702
-1.225981
-1.226240
-1.226481
-1.226705
-1.226910
-1.227099
-1.227272
-1.227429
-1.227572
-1.227701
-1.227818
-1.227924
-1.228020
-1.228108
-1.228189
-1.228266
-1.228340
-1.228412
-1.228484
-1.228558
-1.228636
-1.228719
-1.228809
-1.228908
-1.229015
-1.229133
-1.229263
-1.229405
-1.229559
-1.229726
-1.229907
-1.230101
-1.230308
-1.230527
-1.230760
-1.231004
-1.231260
-1.231527
-1.231805
-1.232093
-1.232393
-1.232704
-1.233028
-1.233370
-1.233738
-1.234152
-1.234663
-1.235412
-1.236718
-1.238239
-1.239126
-1.239816
-1.240478
-1.241126
-1.241749
-1.242339
-1.242889
-1.243396
-1.243857
-1.244270
-1.244634
-1.244947
-1.245210
-1.245421
-1.245581
-1.245692
-1.245753
-1.245767
-1.245736
-1.245661
-1.245545
-1.245392
-1.245205
-1.244988
-1.244746
-1.244485
-1.244210
-1.243928
-1.243645
-1.243368
-1.243103
-1.242854
-1.242626
-1.242423
-1.242247
-1.242100
-1.241983
-1.241897
-1.241840
-1.241813
-1.241814
-1.241842
-1.241896
-1.241896
-1.241975
-1.242076
-1.242198
-1.242340
-1.242500
-1.242676
-1.242866
-1.243069
-1.243283
-1.243508
-1.243740
-1.243979
-1.244223
-1.244471
-1.244722
-1.244974
-1.245226
-1.245477
-1.245726
-1.245972
-1.246214
-1.246451
-1.246682
-1.246907
-1.247125
-1.247336
-1.247539
-1.247733
-1.247919
-1.248097
-1.248266
-1.248427
-1.248580
-1.248724
-1.248861
-1.248991
-1.249114
-1.249231
-1.249342
-1.249449
-1.249552
-1.249651
-1.249749
-1.249845
-1.249940
-1.250035
-1.250131
-1.250228
-1.250328
-1.250431
-1.250537
-1.250647
-1.250761
-1.250881
-1.251005
-1.251135
-1.251270
-1.251411
-1.251558
-1.251711
-1.251869
-1.252033
-1.252203
-1.252378
-1.252558
-1.252744
-1.252934
-1.253129
-1.253328
-1.253532
-1.253739
-1.253950
-1.254164
-1.254382
-1.254602
-1.254825
-1.255051
-1.255279
-1.255509
-1.255741
-1.255975
-1.256210
-1.256447
-1.256686
-1.256926
-1.257167
-1.257410
-1.257654
-1.257899
-1.258145
-1.258393
-1.258642
-1.258893
-1.259144
-1.259397
-1.259652
-1.259908
-1.260166
-1.260425
-1.260686
-1.260948
-1.261213
-1.261479
-1.261747
-1.262017
-1.262289
-1.262563
-1.262839
-1.263116
-1.263396
-1.263679
-1.263963
-1.264249
-1.264537
-1.264828
-1.265120
-1.265414
-1.265711
-1.266009
-1.266310
-1.266612
-1.266917
-1.267223
-1.267531
-1.267841
-1.268153
-1.268466
-1.268782
-1.269099
-1.269417
-1.269737
-1.270059
-1.270383
-1.270707
-1.271034
-1.271362
-1.271691
-1.272022
-1.272354
-1.272688
-1.273023
-1.273360
-1.273698
-1.274037
-1.274377
-1.274719
-1.275063
-1.275407
-1.275753
-1.276100
-1.276449
-1.276799
-1.277151
-1.277503
-1.277857
-1.278213
-1.278569
-1.278928
-1.279287
-1.279648
-1.280010
-1.280374
-1.280739
-1.281105
-1.281472
-1.281841
-1.282212
-1.282583
-1.282956
-1.283330
-1.283705
-1.284082
-1.284459
-1.284838
-1.285218
-1.285599
-1.285981
-1.286363
-1.286747
-1.287132
-1.287517
-1.287904
-1.288291
-1.288678
-1.289067
-1.289456
-1.289845
-1.290235
-1.290625
-1.291016
-1.291407
-1.291799
-1.292190
-1.292583
-1.292975
-1.293368
-1.293761
-1.294155
-1.294549
-1.294944
-1.295339
-1.295734
-1.296130
-1.296527
-1.296925
-1.297323
-1.297722
-1.298122
-1.298523
-1.298926
-1.299330
-1.299735
-1.300141
-1.300550
-1.300960
-1.301373
-1.301787
-1.302205
-1.302624
-1.303047
-1.303473
-1.303903
-1.304337
-1.304775
-1.305219
-1.305667
-1.306122
-1.306584
-1.307054
-1.307532
-1.308019
-1.308515
-1.309022
-1.309539
-1.310064
-1.310596
-1.311131
-1.311666
-1.312195
-1.312716
-1.313227
-1.313726
-1.314214
-1.314690
-1.315154
-1.315608
-1.316052
-1.316486
-1.316912
-1.317329
-1.317738
-1.318141
-1.318538
-1.318929
-1.319317
-1.319701
-1.320082
-1.320462
-1.320839
-1.321216
-1.321594
-1.321972
-1.322353
-1.322737
-1.323126
-1.323520
-1.323921
-1.324329
-1.324747
-1.325174
-1.325611
-1.326058
-1.326516
-1.326984
-1.327463
-1.327951
-1.328449
-1.328955
-1.329469
-1.329989
-1.330514
