0.651168
-0.508447
-0.505940
-0.504704
-0.503487
-0.502296
-0.501134
-0.499999
-0.498888
-0.497796
-0.496724
-0.495667
-0.494625
-0.493596
-0.492579
-0.491574
-0.490578
-0.489593
-0.488617
-0.487650
-0.486693
-0.485743
-0.484802
-0.483870
-0.482945
-0.482029
-0.481120
-0.480220
-0.479327
-0.478442
-0.477565
-0.476695
-0.475833
-0.474978
-0.474130
-0.473290
-0.472457
-0.471632
-0.470813
-0.470001
-0.469197
-0.468399
-0.467608
-0.466825
-0.466048
-0.465277
-0.464514
-0.463757
-0.463007
-0.462263
-0.461526
-0.460796
-0.460072
-0.459355
-0.458644
-0.457940
-0.457242
-0.456551
-0.455866
-0.455187
-0.454515
-0.453849
-0.453190
-0.452537
-0.451890
-0.451250
-0.450615
-0.449988
-0.449366
-0.448751
-0.448141
-0.447538
-0.446942
-0.446351
-0.445766
-0.445188
-0.444615
-0.444049
-0.443489
-0.442934
-0.442386
-0.441843
-0.441307
-0.440776
-0.440251
-0.439731
-0.439218
-0.438710
-0.438208
-0.437711
-0.437220
-0.436734
-0.436254
-0.435780
-0.435310
-0.434846
-0.434387
-0.433934
-0.433486
-0.433042
-0.432604
-0.432171
-0.431743
-0.431320
-0.430901
-0.430488
-0.430079
-0.429675
-0.429275
-0.428880
-0.428490
-0.428104
-0.427722
-0.427345
-0.426972
-0.426603
-0.426239
-0.425878
-0.425522
-0.425170
-0.424821
-0.424477
-0.424136
-0.423799
-0.423466
-0.423136
-0.422810
-0.422488
-0.422169
-0.421854
-0.421542
-0.421233
-0.420928
-0.420626
-0.420327
-0.420031
-0.419739
-0.419449
-0.419162
-0.418879
-0.418598
-0.418320
-0.418045
-0.417773
-0.417503
-0.417237
-0.416972
-0.416711
-0.416452
-0.416195
-0.415941
-0.415689
-0.415440
-0.415193
-0.414949
-0.414707
-0.414467
-0.414229
-0.413993
-0.413760
-0.413528
-0.413299
-0.413072
-0.412847
-0.412623
-0.412402
-0.412183
-0.411965
-0.411750
-0.411536
-0.411324
-0.411114
-0.410905
-0.410699
-0.410494
-0.410290
-0.410089
-0.409889
-0.409690
-0.409493
-0.409298
-0.409104
-0.408912
-0.408722
-0.408532
-0.408345
-0.408158
-0.407973
-0.407790
-0.407608
-0.407427
-0.407247
-0.407069
-0.406892
-0.406717
-0.406543
-0.406370
-0.406198
-0.406027
-0.405858
-0.405690
-0.405523
-0.405357
-0.405193
-0.405029
-0.404867
-0.404706
-0.404546
-0.404387
-0.404229
-0.404072
-0.403916
-0.403762
-0.403608
-0.403455
-0.403304
-0.403153
-0.403004
-0.402855
-0.402708
-0.402561
-0.402416
-0.402271
-0.402127
-0.401984
-0.401843
-0.401702
-0.401562
-0.401423
-0.401285
-0.401148
-0.401012
-0.400876
-0.400742
-0.400608
-0.400476
-0.400344
-0.400213
-0.400083
-0.399954
-0.399825
-0.399698
-0.399571
-0.399446
-0.399321
-0.399197
-0.399074
-0.398952
-0.398830
-0.398710
-0.398590
-0.398471
-0.398353
-0.398236
-0.398119
-0.398004
-0.397889
-0.397776
-0.397663
-0.397551
-0.397439
-0.397329
-0.397219
-0.397111
-0.397003
-0.396896
-0.396790
-0.396684
-0.396580
-0.396476
-0.396374
-0.396272
-0.396171
-0.396071
-0.395972
-0.395874
-0.395776
-0.395680
-0.395584
-0.395490
-0.395396
-0.395303
-0.395211
-0.395120
-0.395030
-0.394941
-0.394853
-0.394766
-0.394680
-0.394595
-0.394510
-0.394427
-0.394345
-0.394264
-0.394184
-0.394104
-0.394026
-0.393949
-0.393873
-0.393798
-0.393724
-0.393651
-0.393580
-0.393509
-0.393440
-0.393371
-0.393304
-0.393238
-0.393173
-0.393109
-0.393046
-0.392985
-0.392925
-0.392866
-0.392808
-0.392752
-0.392696
-0.392642
-0.392590
-0.392538
-0.392488
-0.392439
-0.392392
-0.392346
-0.392301
-0.392257
-0.392215
-0.392175
-0.392136
-0.392098
-0.392062
-0.392027
-0.391993
-0.391961
-0.391931
-0.391902
-0.391875
-0.391849
-0.391825
-0.391802
-0.391781
-0.391761
-0.391744
-0.391727
-0.391713
-0.391700
-0.391688
-0.391679
-0.391671
-0.391664
-0.391660
-0.391657
-0.391655
-0.391656
-0.391658
-0.391662
-0.391668
-0.391676
-0.391685
-0.391696
-0.391709
-0.391724
-0.391740
-0.391758
-0.391779
-0.391800
-0.391824
-0.391849
-0.391877
-0.391906
-0.391936
-0.391969
-0.392003
-0.392039
-0.392077
-0.392117
-0.392158
-0.392201
-0.392246
-0.392293
-0.392341
-0.392390
-0.392442
-0.392495
-0.392549
-0.392605
-0.392663
-0.392722
-0.392782
-0.392844
-0.392908
-0.392972
-0.393038
-0.393105
-0.393173
-0.393243
-0.393313
-0.393385
-0.393457
-0.393531
-0.393605
-0.393680
-0.393755
-0.393832
-0.393909
-0.393986
-0.394063
-0.394141
-0.394220
-0.394298
-0.394376
-0.394455
-0.394533
-0.394611
-0.394688
-0.394765
-0.394841
-0.394917
-0.394992
-0.395066
-0.395139
-0.395211
-0.395281
-0.395350
-0.395417
-0.395483
-0.395547
-0.395609
-0.395669
-0.395727
-0.395782
-0.395835
-0.395885
-0.395932
-0.395977
-0.396018
-0.396057
-0.396092
-0.396123
-0.396151
-0.396175
-0.396195
-0.396211
-0.396223
-0.396231
-0.396234
-0.396233
-0.396227
-0.396216
-0.396200
-0.396179
-0.396153
-0.396122
-0.396085
-0.396043
-0.395995
-0.395942
-0.395883
-0.395818
-0.395747
-0.395670
-0.395587
-0.395498
-0.395402
-0.395300
-0.395192
-0.395078
-0.394957
-0.394830
-0.394697
-0.394557
-0.394410
-0.394258
-0.394098
-0.393933
-0.393760
-0.393582
-0.393397
-0.393206
-0.393008
-0.392804
-0.392594
-0.392378
-0.392156
-0.391928
-0.391694
-0.391454
-0.391208
-0.390957
-0.390700
-0.390438
-0.390171
-0.389898
-0.389620
-0.389337
-0.389050
-0.388757
-0.388460
-0.388159
-0.387853
-0.387853
-0.387543
-0.387229
-0.386912
-0.386590
-0.386265
-0.385936
-0.385604
-0.385269
-0.384931
-0.384590
-0.384246
-0.383900
-0.383551
-0.383200
-0.382847
-0.382492
-0.382135
-0.381776
-0.381416
-0.381054
-0.380691
-0.380327
-0.379962
-0.379596
-0.379229
-0.378862
-0.378494
-0.378126
-0.377757
-0.377388
-0.377020
-0.376651
-0.376282
-0.375914
-0.375546
-0.375179
-0.374812
-0.374446
-0.374080
-0.373715
-0.373351
-0.372988
-0.372627
-0.372266
-0.371906
-0.371548
-0.371191
-0.370835
-0.370480
-0.370127
-0.369776
-0.369426
-0.369077
-0.368731
-0.368386
-0.368042
-0.367700
-0.367360
-0.367022
-0.366686
-0.366351
-0.366018
-0.365687
-0.365358
-0.365031
-0.364706
-0.364383
-0.364061
-0.363742
-0.363424
-0.363109
-0.362795
-0.362483
-0.362173
-0.361866
-0.361560
-0.361256
-0.360954
-0.360653
-0.360355
-0.360059
-0.359764
-0.359472
-0.359181
-0.358892
-0.358605
-0.358320
-0.358037
-0.357755
-0.357475
-0.357197
-0.356921
-0.356646
-0.356374
-0.356102
-0.355833
-0.355565
-0.355299
-0.355034
-0.354771
-0.354510
-0.354250
-0.353992
-0.353735
-0.353480
-0.353226
-0.352974
-0.352723
-0.352473
-0.352225
-0.351978
-0.351732
-0.351488
-0.351245
-0.351004
-0.350763
-0.350524
-0.350286
-0.350049
-0.349813
-0.349579
-0.349345
-0.349113
-0.348881
-0.348651
-0.348421
-0.348193
-0.347965
-0.347739
-0.347513
-0.347288
-0.347064
-0.346841
-0.346618
-0.346397
-0.346176
-0.345956
-0.345736
-0.345517
-0.345299
-0.345082
-0.344865
-0.344648
-0.344432
-0.344217
-0.344002
-0.343788
-0.343574
-0.343360
-0.343147
-0.342934
-0.342721
-0.342509
-0.342297
-0.342086
-0.341874
-0.341663
-0.341451
-0.341240
-0.341029
-0.340818
-0.340608
-0.340397
-0.340186
-0.339975
-0.339764
-0.339552
-0.339341
-0.339129
-0.338918
-0.338706
-0.338493
-0.338280
-0.338067
-0.337854
-0.337640
-0.337425
-0.337210
-0.336994
-0.336778
-0.336561
-0.336343
-0.336125
-0.335906
-0.335685
-0.335464
-0.335242
-0.335019
-0.334795
-0.334570
-0.334343
-0.334115
-0.333886
-0.333655
-0.333423
-0.333190
-0.332955
-0.332718
-0.332479
-0.332239
-0.331996
-0.331752
-0.331505
-0.331256
-0.331005
-0.330752
-0.330496
-0.330237
-0.329976
-0.329712
-0.329445
-0.329174
-0.328901
-0.328624
-0.328344
-0.328060
-0.327772
-0.327480
-0.327184
-0.326884
-0.326579
-0.326270
-0.325956
-0.325636
-0.325312
-0.324982
-0.324646
-0.324304
-0.323956
-0.323602
-0.323241
-0.322872
-0.322497
-0.322114
-0.321723
-0.321324
-0.320917
-0.320501
-0.320076
-0.319641
-0.319196
-0.318742
-0.318277
-0.317801
-0.317313
-0.316815
-0.316304
-0.315782
-0.315246
-0.314698
-0.314137
-0.313562
-0.312973
-0.312370
-0.311753
-0.311121
-0.310475
-0.309814
-0.309139
-0.308448
-0.307743
-0.307023
-0.306288
-0.305539
-0.304776
-0.303999
-0.303209
-0.302406
-0.301591
-0.300763
-0.299925
-0.299076
-0.298217
-0.297349
-0.296473
-0.295589
-0.294699
-0.293803
-0.292901
-0.291995
-0.291086
-0.290174
-0.289259
-0.288343
-0.287425
-0.286508
-0.285590
-0.284673
-0.283757
-0.282842
-0.281929
-0.281018
-0.280109
-0.279203
-0.278300
-0.277400
-0.276503
-0.275609
-0.274720
-0.273834
-0.272952
-0.272074
-0.271200
-0.270331
-0.269466
-0.268605
-0.267749
-0.266898
-0.266051
-0.265209
-0.264372
-0.263540
-0.262713
-0.261891
-0.261074
-0.260261
-0.259454
-0.258653
-0.257856
-0.257064
-0.256277
-0.255496
-0.254720
-0.253948
-0.253182
-0.252421
-0.251665
-0.250914
-0.250168
-0.249426
-0.248690
-0.247959
-0.247232
-0.246510
-0.245793
-0.245080
-0.244372
-0.243669
-0.242970
-0.242276
-0.241586
-0.240900
-0.240219
-0.239542
-0.238870
-0.238201
-0.237537
-0.236877
-0.236220
-0.235568
-0.234920
-0.234275
-0.233635
-0.232998
-0.232365
-0.231736
-0.231111
-0.230489
-0.229871
-0.229256
-0.228645
-0.228038
-0.227434
-0.226833
-0.226236
-0.225642
-0.225052
-0.224465
-0.223881
-0.223301
-0.222724
-0.222150
-0.221579
-0.221011
-0.220447
-0.219886
-0.219327
-0.218772
-0.218220
-0.217672
-0.217126
-0.216583
-0.216043
-0.215506
-0.214973
-0.214442
-0.213914
-0.213389
-0.212867
-0.212348
-0.211832
-0.211319
-0.210809
-0.210302
-0.209798
-0.209296
-0.208798
-0.208302
-0.207809
-0.207320
-0.206833
-0.206349
-0.205868
-0.205390
-0.204915
-0.204442
-0.203973
-0.203506
-0.203043
-0.202582
-0.202124
-0.201670
-0.201218
-0.200769
-0.200323
-0.199880
-0.199440
-0.199003
-0.198569
-0.198138
-0.197710
-0.197285
-0.196863
-0.196444
-0.196028
-0.195615
-0.195205
-0.194798
-0.194394
-0.193993
-0.193596
-0.193201
-0.192809
-0.192421
-0.192035
-0.191653
-0.191274
-0.190898
-0.190524
-0.190155
-0.189788
-0.189424
-0.189063
-0.188706
-0.188351
-0.188000
-0.187652
-0.187307
-0.186965
-0.186626
-0.186291
-0.185958
-0.185629
-0.185302
-0.184979
-0.184659
-0.184342
-0.184028
-0.183717
-0.183409
-0.183105
-0.182803
-0.182504
-0.182209
-0.181916
-0.181627
-0.181340
-0.181057
-0.180777
-0.180499
-0.180225
-0.179953
-0.179684
-0.179419
-0.179156
-0.178896
-0.178639
-0.178385
-0.178134
-0.177885
-0.177640
-0.177397
-0.177157
-0.176920
-0.176685
-0.176454
-0.176225
-0.175998
-0.175774
-0.175553
-0.175335
-0.175119
-0.174906
-0.174695
-0.174487
-0.174281
-0.174078
-0.173878
-0.173679
-0.173679
-0.173484
-0.173290
-0.173099
-0.172910
-0.172724
-0.172540
-0.172358
-0.172179
-0.172002
-0.171827
-0.171654
-0.171483
-0.171314
-0.171148
-0.170984
-0.170821
-0.170661
-0.170503
-0.170347
-0.170192
-0.170040
-0.169890
-0.169741
-0.169595
-0.169450
-0.169307
-0.169166
-0.169026
-0.168889
-0.168753
-0.168618
-0.168486
-0.168355
-0.168226
-0.168098
-0.167972
-0.167848
-0.167725
-0.167603
-0.167483
-0.167365
-0.167248
-0.167132
-0.167018
-0.166905
-0.166794
-0.166684
-0.166575
-0.166468
-0.166361
-0.166257
-0.166153
-0.166050
-0.165949
-0.165849
-0.165750
-0.165653
-0.165556
-0.165461
-0.165366
-0.165273
-0.165181
-0.165089
-0.164999
-0.164910
-0.164822
-0.164734
-0.164648
-0.164563
-0.164478
-0.164395
-0.164312
-0.164230
-0.164149
-0.164069
-0.163990
-0.163911
-0.163834
-0.163757
-0.163681
-0.163605
-0.163531
-0.163457
-0.163384
-0.163311
-0.163239
-0.163168
-0.163098
-0.163028
-0.162958
-0.162890
-0.162822
-0.162755
-0.162688
-0.162622
-0.162556
-0.162491
-0.162426
-0.162362
-0.162299
-0.162236
-0.162173
-0.162111
-0.162050
-0.161988
-0.161928
-0.161868
-0.161808
-0.161749
-0.161690
-0.161631
-0.161573
-0.161516
-0.161458
-0.161402
-0.161345
-0.161289
-0.161233
-0.161178
-0.161123
-0.161068
-0.161013
-0.160959
-0.160906
-0.160852
-0.160799
-0.160746
-0.160693
-0.160641
-0.160589
-0.160537
-0.160486
-0.160434
-0.160383
-0.160332
-0.160282
-0.160231
-0.160181
-0.160131
-0.160082
-0.160032
-0.159983
-0.159934
-0.159885
-0.159836
-0.159788
-0.159739
-0.159691
-0.159643
-0.159595
-0.159548
-0.159500
-0.159453
-0.159406
-0.159359
-0.159312
-0.159265
-0.159218
-0.159172
-0.159125
-0.159079
-0.159033
-0.158987
-0.158941
-0.158895
-0.158849
-0.158803
-0.158758
-0.158712
-0.158667
-0.158622
-0.158577
-0.158532
-0.158487
-0.158442
-0.158397
-0.158352
-0.158307
-0.158263
-0.158218
-0.158174
-0.158129
-0.158085
-0.158040
-0.157996
-0.157952
-0.157908
-0.157864
-0.157819
-0.157775
-0.157731
-0.157687
-0.157644
-0.157600
-0.157556
-0.157512
-0.157468
-0.157425
-0.157381
-0.157337
-0.157294
-0.157250
-0.157206
-0.157163
-0.157119
-0.157076
-0.157032
-0.156989
-0.156945
-0.156902
-0.156858
-0.156815
-0.156772
-0.156728
-0.156685
-0.156642
-0.156598
-0.156555
-0.156512
-0.156468
-0.156425
-0.156382
-0.156339
-0.156296
-0.156252
-0.156209
-0.156166
-0.156123
-0.156080
-0.156036
-0.155993
-0.155950
-0.155907
-0.155864
-0.155821
-0.155778
-0.155735
-0.155691
-0.155648
-0.155605
-0.155562
-0.155519
-0.155476
-0.155433
-0.155390
-0.155347
-0.155304
-0.155261
-0.155218
-0.155175
-0.155133
-0.155090
-0.155047
-0.155004
-0.154961
-0.154918
-0.154875
-0.154833
-0.154790
-0.154747
-0.154705
-0.154662
-0.154619
-0.154577
-0.154534
-0.154491
-0.154449
-0.154406
-0.154364
-0.154321
-0.154279
-0.154237
-0.154194
-0.154152
-0.154110
-0.154067
-0.154025
-0.153983
-0.153941
-0.153899
-0.153857
-0.153815
-0.153773
-0.153731
-0.153690
-0.153648
-0.153606
-0.153565
-0.153523
-0.153482
-0.153440
-0.153399
-0.153358
-0.153317
-0.153276
-0.153235
-0.153194
-0.153153
-0.153112
-0.153072
-0.153031
-0.152990
-0.152950
-0.152910
-0.152870
-0.152830
-0.152790
-0.152750
-0.152710
-0.152670
-0.152631
-0.152591
-0.152552
-0.152513
-0.152474
-0.152435
-0.152396
-0.152358
-0.152319
-0.152281
-0.152243
-0.152205
-0.152167
-0.152129
-0.152092
-0.152054
-0.152017
-0.151980
-0.151943
-0.151906
-0.151870
-0.151834
-0.151797
-0.151761
-0.151726
-0.151690
-0.151655
-0.151620
-0.151585
-0.151550
-0.151516
-0.151481
-0.151447
-0.151413
-0.151380
-0.151347
-0.151313
-0.151281
-0.151248
-0.151216
-0.151184
-0.151152
-0.151120
-0.151089
-0.151058
-0.151028
-0.150997
-0.150967
-0.150937
-0.150908
-0.150879
-0.150850
-0.150821
-0.150793
-0.150765
-0.150737
-0.150710
-0.150683
-0.150657
-0.150631
-0.150605
-0.150579
-0.150554
-0.150529
-0.150505
-0.150481
-0.150457
-0.150434
-0.150411
-0.150389
-0.150366
-0.150345
-0.150324
-0.150303
-0.150282
-0.150262
-0.150243
-0.150224
-0.150205
-0.150187
-0.150169
-0.150152
-0.150135
-0.150118
-0.150102
-0.150087
-0.150072
-0.150057
-0.150043
-0.150029
-0.150016
-0.150004
-0.149992
-0.149980
-0.149969
-0.149959
-0.149948
-0.149939
-0.149930
-0.149921
-0.149914
-0.149906
-0.149899
-0.149893
-0.149887
-0.149882
-0.149877
-0.149873
-0.149870
-0.149867
-0.149864
-0.149862
-0.149861
-0.149861
-0.149860
-0.149861
-0.149862
-0.149864
-0.149866
-0.149869
-0.149872
-0.149876
-0.149881
-0.149886
-0.149892
-0.149899
-0.149906
-0.149914
-0.149922
-0.149931
-0.149941
-0.149951
-0.149962
-0.149973
-0.149986
-0.149998
-0.150012
-0.150026
-0.150040
-0.150056
-0.150072
-0.150088
-0.150106
-0.150124
-0.150142
-0.150161
-0.150181
-0.150202
-0.150223
-0.150245
-0.150267
-0.150290
-0.150314
-0.150339
-0.150364
-0.150390
-0.150416
-0.150443
-0.150471
-0.150499
-0.150528
-0.150558
-0.150588
-0.150619
-0.150651
-0.150684
-0.150717
-0.150750
-0.150785
-0.150820
-0.150855
-0.150892
-0.150928
-0.150966
-0.151004
-0.151043
-0.151083
-0.151123
-0.151164
-0.151206
-0.151248
-0.151291
-0.151334
-0.151378
-0.151423
-0.151468
-0.151514
-0.151561
-0.151608
-0.151608
-0.151656
-0.151705
-0.151754
-0.151804
-0.151855
-0.151906
-0.151958
-0.152010
-0.152063
-0.152117
-0.152171
-0.152226
-0.152281
-0.152337
-0.152394
-0.152451
-0.152509
-0.152568
-0.152627
-0.152687
-0.152747
-0.152808
-0.152870
-0.152932
-0.152994
-0.153058
-0.153122
-0.153186
-0.153251
-0.153317
-0.153383
-0.153449
-0.153517
-0.153585
-0.153653
-0.153722
-0.153791
-0.153862
-0.153932
-0.154003
-0.154075
-0.154147
-0.154220
-0.154293
-0.154367
-0.154441
-0.154516
-0.154591
-0.154667
-0.154743
-0.154820
-0.154897
-0.154975
-0.155053
-0.155132
-0.155211
-0.155291
-0.155371
-0.155451
-0.155532
-0.155614
-0.155696
-0.155778
-0.155861
-0.155944
-0.156027
-0.156111
-0.156196
-0.156280
-0.156366
-0.156451
-0.156537
-0.156623
-0.156710
-0.156797
-0.156884
-0.156971
-0.157059
-0.157147
-0.157236
-0.157325
-0.157414
-0.157503
-0.157593
-0.157682
-0.157772
-0.157863
-0.157953
-0.158044
-0.158135
-0.158226
-0.158317
-0.158408
-0.158500
-0.158591
-0.158683
-0.158774
-0.158866
-0.158958
-0.159050
-0.159142
-0.159234
-0.159326
-0.159417
-0.159509
-0.159601
-0.159693
-0.159784
-0.159875
-0.159967
-0.160058
-0.160148
-0.160239
-0.160329
-0.160419
-0.160509
-0.160599
-0.160688
-0.160777
-0.160865
-0.160953
-0.161041
-0.161128
-0.161215
-0.161301
-0.161387
-0.161472
-0.161556
-0.161641
-0.161724
-0.161807
-0.161889
-0.161971
-0.162052
-0.162132
-0.162211
-0.162290
-0.162368
-0.162445
-0.162522
-0.162597
-0.162672
-0.162746
-0.162819
-0.162891
-0.162962
-0.163032
-0.163101
-0.163169
-0.163236
-0.163302
-0.163366
-0.163430
-0.163492
-0.163553
-0.163612
-0.163670
-0.163726
-0.163780
-0.163833
-0.163884
-0.163933
-0.163981
-0.164026
-0.164069
-0.164109
-0.164147
-0.164183
-0.164216
-0.164246
-0.164274
-0.164299
-0.164320
-0.164339
-0.164355
-0.164368
-0.164378
-0.164385
-0.164390
-0.164391
-0.164391
-0.164388
-0.164384
-0.164378
-0.164372
-0.164365
-0.164358
-0.164352
-0.164348
-0.164345
-0.164346
-0.164350
-0.164358
-0.164372
-0.164391
-0.164416
-0.164447
-0.164486
-0.164531
-0.164584
-0.164644
-0.164710
-0.164783
-0.164861
-0.164945
-0.165032
-0.165122
-0.165214
-0.165306
-0.165398
-0.165488
-0.165575
-0.165657
-0.165734
-0.165804
-0.165866
-0.165919
-0.165963
-0.165996
-0.166018
-0.166028
-0.166026
-0.166012
-0.165985
-0.165946
-0.165893
-0.165828
-0.165751
-0.165662
-0.165561
-0.165448
-0.165325
-0.165191
-0.165047
-0.164894
-0.164732
-0.164562
-0.164384
-0.164200
-0.164010
-0.163814
-0.163613
-0.163408
-0.163198
-0.162986
-0.162771
-0.162554
-0.162336
-0.162116
-0.161895
-0.161675
-0.161454
-0.161234
-0.161015
-0.160798
-0.160582
-0.160367
-0.160155
-0.159946
-0.159739
-0.159535
-0.159334
-0.159137
-0.158943
-0.158752
-0.158565
-0.158382
-0.158203
-0.158028
-0.157857
-0.157691
-0.157528
-0.157370
-0.157216
-0.157067
-0.156922
-0.156781
-0.156645
-0.156513
-0.156385
-0.156261
-0.156142
-0.156028
-0.155917
-0.155810
-0.155708
-0.155610
-0.155516
-0.155426
-0.155340
-0.155257
-0.155179
-0.155104
-0.155033
-0.154966
-0.154902
-0.154842
-0.154785
-0.154732
-0.154682
-0.154635
-0.154591
-0.154551
-0.154513
-0.154479
-0.154447
-0.154419
-0.154393
-0.154370
-0.154349
-0.154332
-0.154316
-0.154304
-0.154293
-0.154286
-0.154280
-0.154277
-0.154276
-0.154277
-0.154281
-0.154286
-0.154294
-0.154303
-0.154314
-0.154328
-0.154343
-0.154359
-0.154378
-0.154398
-0.154420
-0.154444
-0.154469
-0.154496
-0.154524
-0.154554
-0.154585
-0.154618
-0.154652
-0.154687
-0.154723
-0.154761
-0.154800
-0.154840
-0.154882
-0.154924
-0.154968
-0.155013
-0.155059
-0.155105
-0.155153
-0.155202
-0.155252
-0.155303
-0.155354
-0.155407
-0.155460
-0.155515
-0.155570
-0.155626
-0.155683
-0.155740
-0.155799
-0.155858
-0.155917
-0.155978
-0.156039
-0.156101
-0.156163
-0.156226
-0.156290
-0.156355
-0.156420
-0.156485
-0.156551
-0.156618
-0.156685
-0.156753
-0.156822
-0.156891
-0.156960
-0.157030
-0.157100
-0.157171
-0.157242
-0.157314
-0.157386
-0.157459
-0.157532
-0.157606
-0.157679
-0.157754
-0.157828
-0.157904
-0.157979
-0.158055
-0.158131
-0.158208
-0.158285
-0.158362
-0.158439
-0.158517
-0.158596
-0.158674
-0.158753
-0.158832
-0.158912
-0.158992
-0.159072
-0.159152
-0.159233
-0.159314
-0.159395
-0.159476
-0.159558
-0.159640
-0.159722
-0.159805
-0.159887
-0.159970
-0.160053
-0.160137
-0.160220
-0.160304
-0.160388
-0.160473
-0.160557
-0.160642
-0.160727
-0.160812
-0.160897
-0.160982
-0.161068
-0.161154
-0.161240
-0.161326
-0.161412
-0.161499
-0.161585
-0.161672
-0.161759
-0.161846
-0.161934
-0.162021
-0.162109
-0.162197
-0.162284
-0.162372
-0.162461
-0.162549
-0.162637
-0.162726
-0.162815
-0.162903
-0.162992
-0.163081
-0.163170
-0.163260
-0.163349
-0.163439
-0.163528
-0.163618
-0.163708
-0.163798
-0.163887
-0.163978
-0.164068
-0.164158
-0.164248
-0.164339
-0.164429
-0.164520
-0.164611
-0.164701
-0.164792
-0.164883
-0.164974
-0.165065
-0.165156
-0.165247
-0.165339
-0.165430
-0.165521
-0.165613
-0.165704
-0.165796
-0.165887
-0.165979
-0.166071
-0.166162
-0.166254
-0.166346
-0.166438
-0.166530
-0.166621
-0.166713
-0.166805
-0.166897
-0.166990
-0.167082
-0.167082
-0.167174
-0.167266
-0.167358
-0.167450
-0.167542
-0.167635
-0.167727
-0.167819
-0.167912
-0.168004
-0.168096
-0.168189
-0.168281
-0.168373
-0.168466
-0.168558
-0.168650
-0.168743
-0.168835
-0.168927
-0.169020
-0.169112
-0.169205
-0.169297
-0.169389
-0.169482
-0.169574
-0.169666
-0.169759
-0.169851
-0.169943
-0.170036
-0.170128
-0.170220
-0.170312
-0.170405
-0.170497
-0.170589
-0.170681
-0.170773
-0.170865
-0.170957
-0.171049
-0.171141
-0.171233
-0.171325
-0.171417
-0.171509
-0.171601
-0.171693
-0.171785
-0.171877
-0.171968
-0.172060
-0.172152
-0.172243
-0.172335
-0.172426
-0.172518
-0.172609
-0.172701
-0.172792
-0.172883
-0.172974
-0.173066
-0.173157
-0.173248
-0.173339
-0.173430
-0.173521
-0.173612
-0.173703
-0.173793
-0.173884
-0.173975
-0.174065
-0.174156
-0.174246
-0.174337
-0.174427
-0.174517
-0.174608
-0.174698
-0.174788
-0.174878
-0.174968
-0.175058
-0.175148
-0.175238
-0.175327
-0.175417
-0.175506
-0.175596
-0.175685
-0.175775
-0.175864
-0.175953
-0.176042
-0.176131
-0.176220
-0.176309
-0.176398
-0.176487
-0.176576
-0.176664
-0.176753
-0.176841
-0.176929
-0.177018
-0.177106
-0.177194
-0.177282
-0.177370
-0.177458
-0.177546
-0.177633
-0.177721
-0.177809
-0.177896
-0.177983
-0.178071
-0.178158
-0.178245
-0.178332
-0.178419
-0.178506
-0.178592
-0.178679
-0.178765
-0.178852
-0.178938
-0.179025
-0.179111
-0.179197
-0.179283
-0.179369
-0.179455
-0.179540
-0.179626
-0.179711
-0.179797
-0.179882
-0.179967
-0.180052
-0.180137
-0.180222
-0.180307
-0.180392
-0.180477
-0.180561
-0.180646
-0.180730
-0.180814
-0.180898
-0.180982
-0.181066
-0.181150
-0.181234
-0.181317
-0.181401
-0.181484
-0.181568
-0.181651
-0.181734
-0.181817
-0.181900
-0.181983
-0.182065
-0.182148
-0.182230
-0.182313
-0.182395
-0.182477
-0.182559
-0.182641
-0.182723
-0.182805
-0.182886
-0.182968
-0.183049
-0.183131
-0.183212
-0.183293
-0.183374
-0.183455
-0.183535
-0.183616
-0.183697
-0.183777
-0.183857
-0.183937
-0.184018
-0.184098
-0.184177
-0.184257
-0.184337
-0.184416
-0.184496
-0.184575
-0.184654
-0.184733
-0.184812
-0.184891
-0.184970
-0.185049
-0.185127
-0.185206
-0.185284
-0.185362
-0.185440
-0.185518
-0.185596
-0.185674
-0.185751
-0.185829
-0.185906
-0.185984
-0.186061
-0.186138
-0.186215
-0.186292
-0.186368
-0.186445
-0.186521
-0.186598
-0.186674
-0.186750
-0.186826
-0.186902
-0.186978
-0.187054
-0.187129
-0.187205
-0.187280
-0.187355
-0.187430
-0.187505
-0.187580
-0.187655
-0.187730
-0.187804
-0.187879
-0.187953
-0.188027
-0.188101
-0.188175
-0.188249
-0.188323
-0.188396
-0.188470
-0.188543
-0.188617
-0.188690
-0.188763
-0.188836
-0.188909
-0.188981
-0.189054
-0.189126
-0.189199
-0.189271
-0.189343
-0.189415
-0.189487
-0.189559
-0.189631
-0.189702
-0.189774
-0.189845
-0.189916
-0.189987
-0.190058
-0.190129
-0.190200
-0.190271
-0.190341
-0.190412
-0.190482
-0.190552
-0.190622
-0.190692
-0.190762
-0.190832
-0.190902
-0.190971
-0.191040
-0.191110
-0.191179
-0.191248
-0.191317
-0.191386
-0.191455
-0.191523
-0.191592
-0.191660
-0.191728
-0.191797
-0.191865
-0.191933
-0.192001
-0.192068
-0.192136
-0.192203
-0.192271
-0.192338
-0.192405
-0.192472
-0.192539
-0.192606
-0.192673
-0.192740
-0.192806
-0.192872
-0.192939
-0.193005
-0.193071
-0.193137
-0.193203
-0.193269
-0.193334
-0.193400
-0.193465
-0.193531
-0.193596
-0.193661
-0.193726
-0.193791
-0.193856
-0.193920
-0.193985
-0.194049
-0.194114
-0.194178
-0.194242
-0.194306
-0.194370
-0.194434
-0.194498
-0.194561
-0.194625
-0.194688
-0.194751
-0.194814
-0.194878
-0.194941
-0.195003
-0.195066
-0.195129
-0.195191
-0.195254
-0.195316
-0.195378
-0.195441
-0.195503
-0.195565
-0.195626
-0.195688
-0.195750
-0.195811
-0.195873
-0.195934
-0.195995
-0.196056
-0.196117
-0.196178
-0.196239
-0.196300
-0.196360
-0.196421
-0.196481
-0.196542
-0.196602
-0.196662
-0.196722
-0.196782
-0.196842
-0.196901
-0.196961
-0.197021
-0.197080
-0.197139
-0.197198
-0.197258
-0.197317
-0.197376
-0.197434
-0.197493
-0.197552
-0.197610
-0.197669
-0.197727
-0.197785
-0.197843
-0.197901
-0.197959
-0.198017
-0.198075
-0.198133
-0.198190
-0.198248
-0.198305
-0.198362
-0.198420
-0.198477
-0.198534
-0.198591
-0.198648
-0.198704
-0.198761
-0.198818
-0.198874
-0.198930
-0.198987
-0.199043
-0.199099
-0.199155
-0.199211
-0.199267
-0.199322
-0.199378
-0.199434
-0.199489
-0.199544
-0.199600
-0.199655
-0.199710
-0.199765
-0.199820
-0.199875
-0.199929
-0.199984
-0.200039
-0.200093
-0.200148
-0.200202
-0.200256
-0.200310
-0.200364
-0.200418
-0.200472
-0.200526
-0.200580
-0.200633
-0.200687
-0.200740
-0.200794
-0.200847
-0.200900
-0.200953
-0.201006
-0.201059
-0.201112
-0.201165
-0.201217
-0.201270
-0.201323
-0.201375
-0.201427
-0.201480
-0.201532
-0.201584
-0.201636
-0.201688
-0.201740
-0.201792
-0.201843
-0.201895
-0.201946
-0.201998
-0.202049
-0.202101
-0.202152
-0.202203
-0.202254
-0.202305
-0.202356
-0.202407
-0.202458
-0.202508
-0.202559
-0.202609
-0.202660
-0.202710
-0.202761
-0.202811
-0.202861
-0.202911
-0.202961
-0.203011
-0.203061
-0.203110
-0.203160
-0.203210
-0.203259
-0.203309
-0.203358
-0.203407
-0.203457
-0.203506
-0.203506
-0.203555
-0.203604
-0.203653
-0.203702
-0.203751
-0.203799
-0.203848
-0.203897
-0.203945
-0.203994
-0.204042
-0.204090
-0.204138
-0.204187
-0.204235
-0.204283
-0.204331
-0.204379
-0.204426
-0.204474
-0.204522
-0.204569
-0.204617
-0.204664
-0.204712
-0.204759
-0.204806
-0.204854
-0.204901
-0.204948
-0.204995
-0.205042
-0.205089
-0.205135
-0.205182
-0.205229
-0.205275
-0.205322
-0.205368
-0.205415
-0.205461
-0.205507
-0.205554
-0.205600
-0.205646
-0.205692
-0.205738
-0.205784
-0.205829
-0.205875
-0.205921
-0.205966
-0.206012
-0.206057
-0.206103
-0.206148
-0.206194
-0.206239
-0.206284
-0.206329
-0.206374
-0.206419
-0.206464
-0.206509
-0.206554
-0.206599
-0.206643
-0.206688
-0.206733
-0.206777
-0.206822
-0.206866
-0.206910
-0.206955
-0.206999
-0.207043
-0.207087
-0.207131
-0.207175
-0.207219
-0.207263
-0.207307
-0.207350
-0.207394
-0.207438
-0.207481
-0.207525
-0.207568
-0.207612
-0.207655
-0.207699
-0.207742
-0.207785
-0.207828
-0.207871
-0.207914
-0.207957
-0.208000
-0.208043
-0.208086
-0.208129
-0.208171
-0.208214
-0.208256
-0.208299
-0.208341
-0.208384
-0.208426
-0.208469
-0.208511
-0.208553
-0.208595
-0.208637
-0.208679
-0.208721
-0.208763
-0.208805
-0.208847
-0.208889
-0.208931
-0.208972
-0.209014
-0.209056
-0.209097
-0.209139
-0.209180
-0.209222
-0.209263
-0.209304
-0.209345
-0.209387
-0.209428
-0.209469
-0.209510
-0.209551
-0.209592
-0.209633
-0.209674
-0.209714
-0.209755
-0.209796
-0.209837
-0.209877
-0.209918
-0.209958
-0.209999
-0.210039
-0.210080
-0.210120
-0.210160
-0.210200
-0.210241
-0.210281
-0.210321
-0.210361
-0.210401
-0.210441
-0.210481
-0.210521
-0.210560
-0.210600
-0.210640
-0.210680
-0.210719
-0.210759
-0.210798
-0.210838
-0.210877
-0.210917
-0.210956
-0.210996
-0.211035
-0.211074
-0.211113
-0.211152
-0.211192
-0.211231
-0.211270
-0.211309
-0.211348
-0.211386
-0.211425
-0.211464
-0.211503
-0.211542
-0.211580
-0.211619
-0.211658
-0.211696
-0.211735
-0.211773
-0.211812
-0.211850
-0.211888
-0.211927
-0.211965
-0.212003
-0.212041
-0.212079
-0.212118
-0.212156
-0.212194
-0.212232
-0.212270
-0.212307
-0.212345
-0.212383
-0.212421
-0.212459
-0.212496
-0.212534
-0.212572
-0.212609
-0.212647
-0.212684
-0.212722
-0.212759
-0.212797
-0.212834
-0.212871
-0.212909
-0.212946
-0.212983
-0.213020
-0.213057
-0.213094
-0.213131
-0.213168
-0.213205
-0.213242
-0.213279
-0.213316
-0.213353
-0.213390
-0.213426
-0.213463
-0.213500
-0.213537
-0.213573
-0.213610
-0.213646
-0.213683
-0.213719
-0.213756
-0.213792
-0.213828
-0.213865
-0.213901
-0.213937
-0.213973
-0.214010
-0.214046
-0.214082
-0.214118
-0.214154
-0.214190
-0.214226
-0.214262
-0.214298
-0.214333
-0.214369
-0.214405
-0.214441
-0.214477
-0.214512
-0.214548
-0.214583
-0.214619
-0.214655
-0.214690
-0.214726
-0.214761
-0.214796
-0.214832
-0.214867
-0.214902
-0.214938
-0.214973
-0.215008
-0.215043
-0.215078
-0.215114
-0.215149
-0.215184
-0.215219
-0.215254
-0.215289
-0.215323
-0.215358
-0.215393
-0.215428
-0.215463
-0.215497
-0.215532
-0.215567
-0.215602
-0.215636
-0.215671
-0.215705
-0.215740
-0.215774
-0.215809
-0.215843
-0.215877
-0.215912
-0.215946
-0.215980
-0.216015
-0.216049
-0.216083
-0.216117
-0.216151
-0.216186
-0.216220
-0.216254
-0.216288
-0.216322
-0.216356
-0.216389
-0.216423
-0.216457
-0.216491
-0.216525
-0.216559
-0.216592
-0.216626
-0.216660
-0.216693
-0.216727
-0.216761
-0.216794
-0.216828
-0.216861
-0.216895
-0.216928
-0.216961
-0.216995
-0.217028
-0.217061
-0.217095
-0.217128
-0.217161
-0.217194
-0.217227
-0.217261
-0.217294
-0.217327
-0.217360
-0.217393
-0.217426
-0.217459
-0.217492
-0.217524
-0.217557
-0.217590
-0.217623
-0.217656
-0.217688
-0.217721
-0.217754
-0.217786
-0.217819
-0.217852
-0.217884
-0.217917
-0.217949
-0.217982
-0.218014
-0.218047
-0.218079
-0.218111
-0.218144
-0.218176
-0.218208
-0.218241
-0.218273
-0.218305
-0.218337
-0.218369
-0.218401
-0.218433
-0.218465
-0.218497
-0.218529
-0.218561
-0.218593
-0.218625
-0.218657
-0.218689
-0.218721
-0.218753
-0.218784
-0.218816
-0.218848
-0.218880
-0.218911
-0.218943
-0.218974
-0.219006
-0.219037
-0.219069
-0.219100
-0.219132
-0.219163
-0.219195
-0.219226
-0.219257
-0.219289
-0.219320
-0.219351
-0.219383
-0.219414
-0.219445
-0.219476
-0.219507
-0.219538
-0.219569
-0.219600
-0.219632
-0.219662
-0.219693
-0.219724
-0.219755
-0.219786
-0.219817
-0.219848
-0.219879
-0.219909
-0.219940
-0.219971
-0.220002
-0.220032
-0.220063
-0.220093
-0.220124
-0.220155
-0.220185
-0.220216
-0.220246
-0.220277
-0.220307
-0.220337
-0.220368
-0.220398
-0.220428
-0.220459
-0.220489
-0.220519
-0.220549
-0.220580
-0.220610
-0.220640
-0.220670
-0.220700
-0.220730
-0.220760
-0.220790
-0.220820
-0.220850
-0.220880
-0.220910
-0.220940
-0.220969
-0.220999
-0.221029
-0.221059
-0.221089
-0.221118
-0.221148
-0.221178
-0.221207
-0.221237
-0.221266
-0.221296
-0.221325
-0.221355
-0.221384
-0.221414
-0.221443
-0.221473
-0.221502
-0.221531
-0.221561
-0.221590
-0.221619
-0.221648
-0.221678
-0.221707
-0.221736
-0.221765
-0.221794
-0.221823
-0.221852
-0.221881
-0.221910
-0.221939
-0.221968
-0.221997
-0.222026
-0.222026
-0.222055
-0.222084
-0.222113
-0.222141
-0.222170
-0.222199
-0.222228
-0.222256
-0.222285
-0.222314
-0.222342
-0.222371
-0.222399
-0.222428
-0.222456
-0.222485
-0.222513
-0.222542
-0.222570
-0.222599
-0.222627
-0.222655
-0.222684
-0.222712
-0.222740
-0.222768
-0.222797
-0.222825
-0.222853
-0.222881
-0.222909
-0.222937
-0.222965
-0.222993
-0.223021
-0.223049
-0.223077
-0.223105
-0.223133
-0.223161
-0.223189
-0.223217
-0.223244
-0.223272
-0.223300
-0.223328
-0.223355
-0.223383
-0.223411
-0.223438
-0.223466
-0.223494
-0.223521
-0.223549
-0.223576
-0.223604
-0.223631
-0.223658
-0.223686
-0.223713
-0.223741
-0.223768
-0.223795
-0.223822
-0.223850
-0.223877
-0.223904
-0.223931
-0.223959
-0.223986
-0.224013
-0.224040
-0.224067
-0.224094
-0.224121
-0.224148
-0.224175
-0.224202
-0.224229
-0.224256
-0.224282
-0.224309
-0.224336
-0.224363
-0.224390
-0.224416
-0.224443
-0.224470
-0.224496
-0.224523
-0.224550
-0.224576
-0.224603
-0.224629
-0.224656
-0.224682
-0.224709
-0.224735
-0.224762
-0.224788
-0.224815
-0.224841
-0.224867
-0.224893
-0.224920
-0.224946
-0.224972
-0.224998
-0.225025
-0.225051
-0.225077
-0.225103
-0.225129
-0.225155
-0.225181
-0.225207
-0.225233
-0.225259
-0.225285
-0.225311
-0.225337
-0.225363
-0.225389
-0.225414
-0.225440
-0.225466
-0.225492
-0.225517
-0.225543
-0.225569
-0.225595
-0.225620
-0.225646
-0.225671
-0.225697
-0.225722
-0.225748
-0.225773
-0.225799
-0.225824
-0.225850
-0.225875
-0.225901
-0.225926
-0.225951
-0.225976
-0.226002
-0.226027
-0.226052
-0.226077
-0.226103
-0.226128
-0.226153
-0.226178
-0.226203
-0.226228
-0.226253
-0.226278
-0.226303
-0.226328
-0.226353
-0.226378
-0.226403
-0.226428
-0.226453
-0.226478
-0.226502
-0.226527
-0.226552
-0.226577
-0.226601
-0.226626
-0.226651
-0.226675
-0.226700
-0.226725
-0.226749
-0.226774
-0.226798
-0.226823
-0.226847
-0.226872
-0.226896
-0.226921
-0.226945
-0.226970
-0.226994
-0.227018
-0.227043
-0.227067
-0.227091
-0.227115
-0.227140
-0.227164
-0.227188
-0.227212
-0.227236
-0.227260
-0.227284
-0.227308
-0.227333
-0.227357
-0.227381
-0.227405
-0.227428
-0.227452
-0.227476
-0.227500
-0.227524
-0.227548
-0.227572
-0.227595
-0.227619
-0.227643
-0.227667
-0.227690
-0.227714
-0.227738
-0.227761
-0.227785
-0.227809
-0.227832
-0.227856
-0.227879
-0.227903
-0.227926
-0.227950
-0.227973
-0.227997
-0.228020
-0.228043
-0.228067
-0.228090
-0.228113
-0.228137
-0.228160
-0.228183
-0.228206
-0.228230
-0.228253
-0.228276
-0.228299
-0.228322
-0.228345
-0.228368
-0.228392
-0.228415
-0.228438
-0.228461
-0.228484
-0.228507
-0.228529
-0.228552
-0.228575
-0.228598
-0.228621
-0.228644
-0.228667
-0.228689
-0.228712
-0.228735
-0.228758
-0.228780
-0.228803
-0.228826
-0.228848
-0.228871
-0.228893
-0.228916
-0.228939
-0.228961
-0.228984
-0.229006
-0.229028
-0.229051
-0.229073
-0.229096
-0.229118
-0.229141
-0.229163
-0.229185
-0.229207
-0.229230
-0.229252
-0.229274
-0.229296
-0.229319
-0.229341
-0.229363
-0.229385
-0.229407
-0.229429
-0.229451
-0.229473
-0.229495
-0.229517
-0.229539
-0.229561
-0.229583
-0.229605
-0.229627
-0.229649
-0.229671
-0.229693
-0.229715
-0.229737
-0.229758
-0.229780
-0.229802
-0.229824
-0.229845
-0.229867
-0.229889
-0.229910
-0.229932
-0.229954
-0.229975
-0.229997
-0.230018
-0.230040
-0.230061
-0.230083
-0.230104
-0.230126
-0.230147
-0.230169
-0.230190
-0.230211
-0.230233
-0.230254
-0.230275
-0.230297
-0.230318
-0.230339
-0.230360
-0.230382
-0.230403
-0.230424
-0.230445
-0.230466
-0.230487
-0.230509
-0.230530
-0.230551
-0.230572
-0.230593
-0.230614
-0.230635
-0.230656
-0.230677
-0.230698
-0.230719
-0.230739
-0.230760
-0.230781
-0.230802
-0.230823
-0.230844
-0.230864
-0.230885
-0.230906
-0.230927
-0.230947
-0.230968
-0.230989
-0.231009
-0.231030
-0.231051
-0.231071
-0.231092
-0.231112
-0.231133
-0.231153
-0.231174
-0.231194
-0.231215
-0.231235
-0.231256
-0.231276
-0.231296
-0.231317
-0.231337
-0.231358
-0.231378
-0.231398
-0.231418
-0.231439
-0.231459
-0.231479
-0.231499
-0.231520
-0.231540
-0.231560
-0.231580
-0.231600
-0.231620
-0.231640
-0.231660
-0.231680
-0.231700
-0.231720
-0.231740
-0.231760
-0.231780
-0.231800
-0.231820
-0.231840
-0.231860
-0.231880
-0.231900
-0.231920
-0.231939
-0.231959
-0.231979
-0.231999
-0.232019
-0.232038
-0.232058
-0.232078
-0.232097
-0.232117
-0.232137
-0.232156
-0.232176
-0.232196
-0.232215
-0.232235
-0.232254
-0.232274
-0.232293
-0.232313
-0.232332
-0.232352
-0.232371
-0.232390
-0.232410
-0.232429
-0.232449
-0.232468
-0.232487
-0.232507
-0.232526
-0.232545
-0.232565
-0.232584
-0.232603
-0.232622
-0.232641
-0.232661
-0.232680
-0.232699
-0.232718
-0.232737
-0.232756
-0.232775
-0.232794
-0.232813
-0.232833
-0.232852
-0.232871
-0.232890
-0.232909
-0.232927
-0.232946
-0.232965
-0.232984
-0.233003
-0.233022
-0.233041
-0.233060
-0.233079
-0.233097
-0.233116
-0.233135
-0.233154
-0.233172
-0.233191
-0.233210
-0.233229
-0.233247
-0.233266
-0.233285
-0.233303
-0.233322
-0.233340
-0.233359
-0.233378
-0.233396
-0.233415
-0.233433
-0.233452
-0.233470
-0.233489
-0.233507
-0.233526
-0.233544
-0.233562
-0.233581
-0.233599
-0.233599
-0.233618
-0.233636
-0.233654
-0.233673
-0.233691
-0.233709
-0.233727
-0.233746
-0.233764
-0.233782
-0.233800
-0.233819
-0.233837
-0.233855
-0.233873
-0.233891
-0.233909
-0.233927
-0.233946
-0.233964
-0.233982
-0.234000
-0.234018
-0.234036
-0.234054
-0.234072
-0.234090
-0.234108
-0.234126
-0.234144
-0.234162
-0.234179
-0.234197
-0.234215
-0.234233
-0.234251
-0.234269
-0.234287
-0.234304
-0.234322
-0.234340
-0.234358
-0.234375
-0.234393
-0.234411
-0.234429
-0.234446
-0.234464
-0.234482
-0.234499
-0.234517
-0.234534
-0.234552
-0.234570
-0.234587
-0.234605
-0.234622
-0.234640
-0.234657
-0.234675
-0.234692
-0.234710
-0.234727
-0.234745
-0.234762
-0.234779
-0.234797
-0.234814
-0.234832
-0.234849
-0.234866
-0.234884
-0.234901
-0.234918
-0.234936
-0.234953
-0.234970
-0.234987
-0.235005
-0.235022
-0.235039
-0.235056
-0.235073
-0.235091
-0.235108
-0.235125
-0.235142
-0.235159
-0.235176
-0.235193
-0.235210
-0.235227
-0.235244
-0.235261
-0.235278
-0.235295
-0.235312
-0.235329
-0.235346
-0.235363
-0.235380
-0.235397
-0.235414
-0.235431
-0.235448
-0.235465
-0.235482
-0.235498
-0.235515
-0.235532
-0.235549
-0.235566
-0.235583
-0.235599
-0.235616
-0.235633
-0.235650
-0.235666
-0.235683
-0.235700
-0.235716
-0.235733
-0.235750
-0.235766
-0.235783
-0.235799
-0.235816
-0.235833
-0.235849
-0.235866
-0.235882
-0.235899
-0.235915
-0.235932
-0.235948
-0.235965
-0.235981
-0.235998
-0.236014
-0.236031
-0.236047
-0.236064
-0.236080
-0.236096
-0.236113
-0.236129
-0.236145
-0.236162
-0.236178
-0.236194
-0.236211
-0.236227
-0.236243
-0.236260
-0.236276
-0.236292
-0.236308
-0.236325
-0.236341
-0.236357
-0.236373
-0.236389
-0.236405
-0.236422
-0.236438
-0.236454
-0.236470
-0.236486
-0.236502
-0.236518
-0.236534
-0.236550
-0.236566
-0.236582
-0.236598
-0.236614
-0.236630
-0.236646
-0.236662
-0.236678
-0.236694
-0.236710
-0.236726
-0.236742
-0.236758
-0.236774
-0.236790
-0.236806
-0.236821
-0.236837
-0.236853
-0.236869
-0.236885
-0.236901
-0.236916
-0.236932
-0.236948
-0.236964
-0.236979
-0.236995
-0.237011
-0.237027
-0.237042
-0.237058
-0.237074
-0.237089
-0.237105
-0.237121
-0.237136
-0.237152
-0.237167
-0.237183
-0.237199
-0.237214
-0.237230
-0.237245
-0.237261
-0.237276
-0.237292
-0.237307
-0.237323
-0.237338
-0.237354
-0.237369
-0.237385
-0.237400
-0.237416
-0.237431
-0.237446
-0.237462
-0.237477
-0.237493
-0.237508
-0.237523
-0.237539
-0.237554
-0.237569
-0.237585
-0.237600
-0.237615
-0.237631
-0.237646
-0.237661
-0.237676
-0.237692
-0.237707
-0.237722
-0.237737
-0.237752
-0.237768
-0.237783
-0.237798
-0.237813
-0.237828
-0.237843
-0.237859
-0.237874
-0.237889
-0.237904
-0.237919
-0.237934
-0.237949
-0.237964
-0.237979
-0.237994
-0.238009
-0.238024
-0.238039
-0.238054
-0.238069
-0.238084
-0.238099
-0.238114
-0.238129
-0.238144
-0.238159
-0.238174
-0.238189
-0.238204
-0.238219
-0.238233
-0.238248
-0.238263
-0.238278
-0.238293
-0.238308
-0.238323
-0.238337
-0.238352
-0.238367
-0.238382
-0.238396
-0.238411
-0.238426
-0.238441
-0.238455
-0.238470
-0.238485
-0.238500
-0.238514
-0.238529
-0.238544
-0.238558
-0.238573
-0.238588
-0.238602
-0.238617
-0.238632
-0.238646
-0.238661
-0.238675
-0.238690
-0.238704
-0.238719
-0.238734
-0.238748
-0.238763
-0.238777
-0.238792
-0.238806
-0.238821
-0.238835
-0.238850
-0.238864
-0.238879
-0.238893
-0.238908
-0.238922
-0.238936
-0.238951
-0.238965
-0.238980
-0.238994
-0.239008
-0.239023
-0.239037
-0.239051
-0.239066
-0.239080
-0.239094
-0.239109
-0.239123
-0.239137
-0.239152
-0.239166
-0.239180
-0.239194
-0.239209
-0.239223
-0.239237
-0.239251
-0.239266
-0.239280
-0.239294
-0.239308
-0.239322
-0.239337
-0.239351
-0.239365
-0.239379
-0.239393
-0.239407
-0.239422
-0.239436
-0.239450
-0.239464
-0.239478
-0.239492
-0.239506
-0.239520
-0.239534
-0.239548
-0.239562
-0.239576
-0.239590
-0.239604
-0.239618
-0.239632
-0.239646
-0.239660
-0.239674
-0.239688
-0.239702
-0.239716
-0.239730
-0.239744
-0.239758
-0.239772
-0.239786
-0.239800
-0.239814
-0.239828
-0.239841
-0.239855
-0.239869
-0.239883
-0.239897
-0.239911
-0.239925
-0.239938
-0.239952
-0.239966
-0.239980
-0.239994
-0.240007
-0.240021
-0.240035
-0.240049
-0.240062
-0.240076
-0.240090
-0.240104
-0.240117
-0.240131
-0.240145
-0.240158
-0.240172
-0.240186
-0.240199
-0.240213
-0.240227
-0.240240
-0.240254
-0.240268
-0.240281
-0.240295
-0.240309
-0.240322
-0.240336
-0.240349
-0.240363
-0.240377
-0.240390
-0.240404
-0.240417
-0.240431
-0.240444
-0.240458
-0.240471
-0.240485
-0.240498
-0.240512
-0.240525
-0.240539
-0.240552
-0.240566
-0.240579
-0.240593
-0.240606
-0.240620
-0.240633
-0.240646
-0.240660
-0.240673
-0.240687
-0.240700
-0.240713
-0.240727
-0.240740
-0.240753
-0.240767
-0.240780
-0.240794
-0.240807
-0.240820
-0.240833
-0.240847
-0.240860
-0.240873
-0.240887
-0.240900
-0.240913
-0.240927
-0.240940
-0.240953
-0.240966
-0.240980
-0.240993
-0.241006
-0.241019
-0.241032
-0.241046
-0.241059
-0.241072
-0.241085
-0.241098
-0.241112
-0.241125
-0.241138
-0.241151
-0.241164
-0.241177
-0.241190
-0.241204
-0.241217
-0.241230
-0.241243
-0.241256
-0.241269
-0.241269
-0.241282
-0.241295
-0.241308
-0.241321
-0.241334
-0.241348
-0.241361
-0.241374
-0.241387
-0.241400
-0.241413
-0.241426
-0.241439
-0.241452
-0.241465
-0.241478
-0.241491
-0.241504
-0.241517
-0.241530
-0.241542
-0.241555
-0.241568
-0.241581
-0.241594
-0.241607
-0.241620
-0.241633
-0.241646
-0.241659
-0.241672
-0.241685
-0.241697
-0.241710
-0.241723
-0.241736
-0.241749
-0.241762
-0.241775
-0.241787
-0.241800
-0.241813
-0.241826
-0.241839
-0.241851
-0.241864
-0.241877
-0.241890
-0.241903
-0.241915
-0.241928
-0.241941
-0.241954
-0.241966
-0.241979
-0.241992
-0.242004
-0.242017
-0.242030
-0.242043
-0.242055
-0.242068
-0.242081
-0.242093
-0.242106
-0.242119
-0.242131
-0.242144
-0.242157
-0.242169
-0.242182
-0.242195
-0.242207
-0.242220
-0.242232
-0.242245
-0.242258
-0.242270
-0.242283
-0.242295
-0.242308
-0.242321
-0.242333
-0.242346
-0.242358
-0.242371
-0.242383
-0.242396
-0.242408
-0.242421
-0.242433
-0.242446
-0.242458
-0.242471
-0.242483
-0.242496
-0.242508
-0.242521
-0.242533
-0.242546
-0.242558
-0.242571
-0.242583
-0.242596
-0.242608
-0.242621
-0.242633
-0.242645
-0.242658
-0.242670
-0.242683
-0.242695
-0.242707
-0.242720
-0.242732
-0.242745
-0.242757
-0.242769
-0.242782
-0.242794
-0.242806
-0.242819
-0.242831
-0.242843
-0.242856
-0.242868
-0.242880
-0.242893
-0.242905
-0.242917
-0.242930
-0.242942
-0.242954
-0.242966
-0.242979
-0.242991
-0.243003
-0.243015
-0.243028
-0.243040
-0.243052
-0.243064
-0.243077
-0.243089
-0.243101
-0.243113
-0.243126
-0.243138
-0.243150
-0.243162
-0.243174
-0.243186
-0.243199
-0.243211
-0.243223
-0.243235
-0.243247
-0.243259
-0.243272
-0.243284
-0.243296
-0.243308
-0.243320
-0.243332
-0.243344
-0.243356
-0.243369
-0.243381
-0.243393
-0.243405
-0.243417
-0.243429
-0.243441
-0.243453
-0.243465
-0.243477
-0.243489
-0.243501
-0.243513
-0.243525
-0.243537
-0.243550
-0.243562
-0.243574
-0.243586
-0.243598
-0.243610
-0.243622
-0.243634
-0.243646
-0.243658
-0.243670
-0.243682
-0.243693
-0.243705
-0.243717
-0.243729
-0.243741
-0.243753
-0.243765
-0.243777
-0.243789
-0.243801
-0.243813
-0.243825
-0.243837
-0.243849
-0.243861
-0.243872
-0.243884
-0.243896
-0.243908
-0.243920
-0.243932
-0.243944
-0.243956
-0.243967
-0.243979
-0.243991
-0.244003
-0.244015
-0.244027
-0.244038
-0.244050
-0.244062
-0.244074
-0.244086
-0.244098
-0.244109
-0.244121
-0.244133
-0.244145
-0.244156
-0.244168
-0.244180
-0.244192
-0.244204
-0.244215
-0.244227
-0.244239
-0.244251
-0.244262
-0.244274
-0.244286
-0.244298
-0.244309
-0.244321
-0.244333
-0.244344
-0.244356
-0.244368
-0.244379
-0.244391
-0.244403
-0.244415
-0.244426
-0.244438
-0.244450
-0.244461
-0.244473
-0.244485
-0.244496
-0.244508
-0.244519
-0.244531
-0.244543
-0.244554
-0.244566
-0.244578
-0.244589
-0.244601
-0.244612
-0.244624
-0.244636
-0.244647
-0.244659
-0.244670
-0.244682
-0.244694
-0.244705
-0.244717
-0.244728
-0.244740
-0.244751
-0.244763
-0.244775
-0.244786
-0.244798
-0.244809
-0.244821
-0.244832
-0.244844
-0.244855
-0.244867
-0.244878
-0.244890
-0.244901
-0.244913
-0.244924
-0.244936
-0.244947
-0.244959
-0.244970
-0.244982
-0.244993
-0.245005
-0.245016
-0.245027
-0.245039
-0.245050
-0.245062
-0.245073
-0.245085
-0.245096
-0.245108
-0.245119
-0.245130
-0.245142
-0.245153
-0.245165
-0.245176
-0.245187
-0.245199
-0.245210
-0.245222
-0.245233
-0.245244
-0.245256
-0.245267
-0.245278
-0.245290
-0.245301
-0.245313
-0.245324
-0.245335
-0.245347
-0.245358
-0.245369
-0.245381
-0.245392
-0.245403
-0.245415
-0.245426
-0.245437
-0.245449
-0.245460
-0.245471
-0.245482
-0.245494
-0.245505
-0.245516
-0.245528
-0.245539
-0.245550
-0.245561
-0.245573
-0.245584
-0.245595
-0.245606
-0.245618
-0.245629
-0.245640
-0.245651
-0.245663
-0.245674
-0.245685
-0.245696
-0.245708
-0.245719
-0.245730
-0.245741
-0.245752
-0.245764
-0.245775
-0.245786
-0.245797
-0.245808
-0.245820
-0.245831
-0.245842
-0.245853
-0.245864
-0.245875
-0.245887
-0.245898
-0.245909
-0.245920
-0.245931
-0.245942
-0.245953
-0.245965
-0.245976
-0.245987
-0.245998
-0.246009
-0.246020
-0.246031
-0.246042
-0.246054
-0.246065
-0.246076
-0.246087
-0.246098
-0.246109
-0.246120
-0.246131
-0.246142
-0.246153
-0.246164
-0.246175
-0.246186
-0.246198
-0.246209
-0.246220
-0.246231
-0.246242
-0.246253
-0.246264
-0.246275
-0.246286
-0.246297
-0.246308
-0.246319
-0.246330
-0.246341
-0.246352
-0.246363
-0.246374
-0.246385
-0.246396
-0.246407
-0.246418
-0.246429
-0.246440
-0.246451
-0.246462
-0.246473
-0.246484
-0.246495
-0.246506
-0.246517
-0.246528
-0.246539
-0.246550
-0.246561
-0.246572
-0.246582
-0.246593
-0.246604
-0.246615
-0.246626
-0.246637
-0.246648
-0.246659
-0.246670
-0.246681
-0.246692
-0.246703
-0.246713
-0.246724
-0.246735
-0.246746
-0.246757
-0.246768
-0.246779
-0.246790
-0.246801
-0.246811
-0.246822
-0.246833
-0.246844
-0.246855
-0.246866
-0.246877
-0.246887
-0.246898
-0.246909
-0.246920
-0.246931
-0.246942
-0.246952
-0.246963
-0.246974
-0.246985
-0.246996
-0.247007
-0.247017
-0.247028
-0.247039
-0.247050
-0.247061
-0.247071
-0.247082
-0.247093
-0.247104
-0.247114
-0.247125
-0.247136
-0.247147
-0.247147
-0.247158
-0.247168
-0.247179
-0.247190
-0.247201
-0.247211
-0.247222
-0.247233
-0.247244
-0.247254
-0.247265
-0.247276
-0.247287
-0.247297
-0.247308
-0.247319
-0.247329
-0.247340
-0.247351
-0.247362
-0.247372
-0.247383
-0.247394
-0.247404
-0.247415
-0.247426
-0.247436
-0.247447
-0.247458
-0.247469
-0.247479
-0.247490
-0.247501
-0.247511
-0.247522
-0.247533
-0.247543
-0.247554
-0.247564
-0.247575
-0.247586
-0.247596
-0.247607
-0.247618
-0.247628
-0.247639
-0.247650
-0.247660
-0.247671
-0.247681
-0.247692
-0.247703
-0.247713
-0.247724
-0.247735
-0.247745
-0.247756
-0.247766
-0.247777
-0.247788
-0.247798
-0.247809
-0.247819
-0.247830
-0.247840
-0.247851
-0.247862
-0.247872
-0.247883
-0.247893
-0.247904
-0.247914
-0.247925
-0.247935
-0.247946
-0.247957
-0.247967
-0.247978
-0.247988
-0.247999
-0.248009
-0.248020
-0.248030
-0.248041
-0.248051
-0.248062
-0.248072
-0.248083
-0.248093
-0.248104
-0.248114
-0.248125
-0.248135
-0.248146
-0.248156
-0.248167
-0.248177
-0.248188
-0.248198
-0.248209
-0.248219
-0.248230
-0.248240
-0.248251
-0.248261
-0.248272
-0.248282
-0.248293
-0.248303
-0.248313
-0.248324
-0.248334
-0.248345
-0.248355
-0.248366
-0.248376
-0.248387
-0.248397
-0.248407
-0.248418
-0.248428
-0.248439
-0.248449
-0.248459
-0.248470
-0.248480
-0.248491
-0.248501
-0.248512
-0.248522
-0.248532
-0.248543
-0.248553
-0.248563
-0.248574
-0.248584
-0.248595
-0.248605
-0.248615
-0.248626
-0.248636
-0.248646
-0.248657
-0.248667
-0.248678
-0.248688
-0.248698
-0.248709
-0.248719
-0.248729
-0.248740
-0.248750
-0.248760
-0.248771
-0.248781
-0.248791
-0.248802
-0.248812
-0.248822
-0.248833
-0.248843
-0.248853
-0.248864
-0.248874
-0.248884
-0.248894
-0.248905
-0.248915
-0.248925
-0.248936
-0.248946
-0.248956
-0.248967
-0.248977
-0.248987
-0.248997
-0.249008
-0.249018
-0.249028
-0.249038
-0.249049
-0.249059
-0.249069
-0.249080
-0.249090
-0.249100
-0.249110
-0.249121
-0.249131
-0.249141
-0.249151
-0.249162
-0.249172
-0.249182
-0.249192
-0.249202
-0.249213
-0.249223
-0.249233
-0.249243
-0.249254
-0.249264
-0.249274
-0.249284
-0.249294
-0.249305
-0.249315
-0.249325
-0.249335
-0.249345
-0.249356
-0.249366
-0.249376
-0.249386
-0.249396
-0.249407
-0.249417
-0.249427
-0.249437
-0.249447
-0.249457
-0.249468
-0.249478
-0.249488
-0.249498
-0.249508
-0.249518
-0.249529
-0.249539
-0.249549
-0.249559
-0.249569
-0.249579
-0.249589
-0.249600
-0.249610
-0.249620
-0.249630
-0.249640
-0.249650
-0.249660
-0.249670
-0.249681
-0.249691
-0.249701
-0.249711
-0.249721
-0.249731
-0.249741
-0.249751
-0.249761
-0.249771
-0.249782
-0.249792
-0.249802
-0.249812
-0.249822
-0.249832
-0.249842
-0.249852
-0.249862
-0.249872
-0.249882
-0.249892
-0.249902
-0.249913
-0.249923
-0.249933
-0.249943
-0.249953
-0.249963
-0.249973
-0.249983
-0.249993
-0.250003
-0.250013
-0.250023
-0.250033
-0.250043
-0.250053
-0.250063
-0.250073
-0.250083
-0.250093
-0.250103
-0.250113
-0.250123
-0.250133
-0.250143
-0.250153
-0.250163
-0.250173
-0.250183
-0.250193
-0.250203
-0.250213
-0.250223
-0.250233
-0.250243
-0.250253
-0.250263
-0.250273
-0.250283
-0.250293
-0.250303
-0.250313
-0.250323
-0.250333
-0.250343
-0.250353
-0.250363
-0.250373
-0.250383
-0.250393
-0.250403
-0.250413
-0.250423
-0.250433
-0.250443
-0.250453
-0.250463
-0.250473
-0.250483
-0.250492
-0.250502
-0.250512
-0.250522
-0.250532
-0.250542
-0.250552
-0.250562
-0.250572
-0.250582
-0.250592
-0.250602
-0.250612
-0.250621
-0.250631
-0.250641
-0.250651
-0.250661
-0.250671
-0.250681
-0.250691
-0.250701
-0.250710
-0.250720
-0.250730
-0.250740
-0.250750
-0.250760
-0.250770
-0.250780
-0.250790
-0.250799
-0.250809
-0.250819
-0.250829
-0.250839
-0.250849
-0.250859
-0.250868
-0.250878
-0.250888
-0.250898
-0.250908
-0.250918
-0.250928
-0.250937
-0.250947
-0.250957
-0.250967
-0.250977
-0.250987
-0.250996
-0.251006
-0.251016
-0.251026
-0.251036
-0.251045
-0.251055
-0.251065
-0.251075
-0.251085
-0.251095
-0.251104
-0.251114
-0.251124
-0.251134
-0.251144
-0.251153
-0.251163
-0.251173
-0.251183
-0.251193
-0.251202
-0.251212
-0.251222
-0.251232
-0.251241
-0.251251
-0.251261
-0.251271
-0.251281
-0.251290
-0.251300
-0.251310
-0.251320
-0.251329
-0.251339
-0.251349
-0.251359
-0.251368
-0.251378
-0.251388
-0.251398
-0.251407
-0.251417
-0.251427
-0.251437
-0.251446
-0.251456
-0.251466
-0.251475
-0.251485
-0.251495
-0.251505
-0.251514
-0.251524
-0.251534
-0.251544
-0.251553
-0.251563
-0.251573
-0.251582
-0.251592
-0.251602
-0.251611
-0.251621
-0.251631
-0.251641
-0.251650
-0.251660
-0.251670
-0.251679
-0.251689
-0.251699
-0.251708
-0.251718
-0.251728
-0.251737
-0.251747
-0.251757
-0.251766
-0.251776
-0.251786
-0.251795
-0.251805
-0.251815
-0.251824
-0.251834
-0.251844
-0.251853
-0.251863
-0.251873
-0.251882
-0.251892
-0.251902
-0.251911
-0.251921
-0.251931
-0.251940
-0.251950
-0.251960
-0.251969
-0.251979
-0.251988
-0.251998
-0.252008
-0.252017
-0.252027
-0.252037
-0.252046
-0.252056
-0.252065
-0.252075
-0.252085
-0.252094
-0.252104
-0.252113
-0.252123
-0.252133
-0.252142
-0.252152
-0.252161
-0.252171
-0.252181
-0.252190
-0.252200
-0.252200
-0.252209
-0.252219
-0.252228
-0.252238
-0.252248
-0.252257
-0.252267
-0.252276
-0.252286
-0.252296
-0.252305
-0.252315
-0.252324
-0.252334
-0.252343
-0.252353
-0.252362
-0.252372
-0.252382
-0.252391
-0.252401
-0.252410
-0.252420
-0.252429
-0.252439
-0.252448
-0.252458
-0.252467
-0.252477
-0.252486
-0.252496
-0.252506
-0.252515
-0.252525
-0.252534
-0.252544
-0.252553
-0.252563
-0.252572
-0.252582
-0.252591
-0.252601
-0.252610
-0.252620
-0.252629
-0.252639
-0.252648
-0.252658
-0.252667
-0.252677
-0.252686
-0.252696
-0.252705
-0.252715
-0.252724
-0.252734
-0.252743
-0.252753
-0.252762
-0.252772
-0.252781
-0.252791
-0.252800
-0.252809
-0.252819
-0.252828
-0.252838
-0.252847
-0.252857
-0.252866
-0.252876
-0.252885
-0.252895
-0.252904
-0.252914
-0.252923
-0.252932
-0.252942
-0.252951
-0.252961
-0.252970
-0.252980
-0.252989
-0.252999
-0.253008
-0.253017
-0.253027
-0.253036
-0.253046
-0.253055
-0.253065
-0.253074
-0.253083
-0.253093
-0.253102
-0.253112
-0.253121
-0.253130
-0.253140
-0.253149
-0.253159
-0.253168
-0.253177
-0.253187
-0.253196
-0.253206
-0.253215
-0.253224
-0.253234
-0.253243
-0.253253
-0.253262
-0.253271
-0.253281
-0.253290
-0.253300
-0.253309
-0.253318
-0.253328
-0.253337
-0.253346
-0.253356
-0.253365
-0.253375
-0.253384
-0.253393
-0.253403
-0.253412
-0.253421
-0.253431
-0.253440
-0.253449
-0.253459
-0.253468
-0.253477
-0.253487
-0.253496
-0.253505
-0.253515
-0.253524
-0.253533
-0.253543
-0.253552
-0.253562
-0.253571
-0.253580
-0.253589
-0.253599
-0.253608
-0.253617
-0.253627
-0.253636
-0.253645
-0.253655
-0.253664
-0.253673
-0.253683
-0.253692
-0.253701
-0.253711
-0.253720
-0.253729
-0.253738
-0.253748
-0.253757
-0.253766
-0.253776
-0.253785
-0.253794
-0.253804
-0.253813
-0.253822
-0.253831
-0.253841
-0.253850
-0.253859
-0.253869
-0.253878
-0.253887
-0.253896
-0.253906
-0.253915
-0.253924
-0.253933
-0.253943
-0.253952
-0.253961
-0.253970
-0.253980
-0.253989
-0.253998
-0.254007
-0.254017
-0.254026
-0.254035
-0.254044
-0.254054
-0.254063
-0.254072
-0.254081
-0.254091
-0.254100
-0.254109
-0.254118
-0.254128
-0.254137
-0.254146
-0.254155
-0.254165
-0.254174
-0.254183
-0.254192
-0.254201
-0.254211
-0.254220
-0.254229
-0.254238
-0.254247
-0.254257
-0.254266
-0.254275
-0.254284
-0.254293
-0.254303
-0.254312
-0.254321
-0.254330
-0.254339
-0.254349
-0.254358
-0.254367
-0.254376
-0.254385
-0.254395
-0.254404
-0.254413
-0.254422
-0.254431
-0.254440
-0.254450
-0.254459
-0.254468
-0.254477
-0.254486
-0.254496
-0.254505
-0.254514
-0.254523
-0.254532
-0.254541
-0.254550
-0.254560
-0.254569
-0.254578
-0.254587
-0.254596
-0.254605
-0.254615
-0.254624
-0.254633
-0.254642
-0.254651
-0.254660
-0.254669
-0.254678
-0.254688
-0.254697
-0.254706
-0.254715
-0.254724
-0.254733
-0.254742
-0.254752
-0.254761
-0.254770
-0.254779
-0.254788
-0.254797
-0.254806
-0.254815
-0.254824
-0.254834
-0.254843
-0.254852
-0.254861
-0.254870
-0.254879
-0.254888
-0.254897
-0.254906
-0.254915
-0.254925
-0.254934
-0.254943
-0.254952
-0.254961
-0.254970
-0.254979
-0.254988
-0.254997
-0.255006
-0.255015
-0.255024
-0.255034
-0.255043
-0.255052
-0.255061
-0.255070
-0.255079
-0.255088
-0.255097
-0.255106
-0.255115
-0.255124
-0.255133
-0.255142
-0.255151
-0.255160
-0.255169
-0.255178
-0.255188
-0.255197
-0.255206
-0.255215
-0.255224
-0.255233
-0.255242
-0.255251
-0.255260
-0.255269
-0.255278
-0.255287
-0.255296
-0.255305
-0.255314
-0.255323
-0.255332
-0.255341
-0.255350
-0.255359
-0.255368
-0.255377
-0.255386
-0.255395
-0.255404
-0.255413
-0.255422
-0.255431
-0.255440
-0.255449
-0.255458
-0.255467
-0.255476
-0.255485
-0.255494
-0.255503
-0.255512
-0.255521
-0.255530
-0.255539
-0.255548
-0.255557
-0.255566
-0.255575
-0.255584
-0.255593
-0.255602
-0.255611
-0.255620
-0.255629
-0.255638
-0.255647
-0.255656
-0.255665
-0.255674
-0.255683
-0.255692
-0.255701
-0.255710
-0.255719
-0.255727
-0.255736
-0.255745
-0.255754
-0.255763
-0.255772
-0.255781
-0.255790
-0.255799
-0.255808
-0.255817
-0.255826
-0.255835
-0.255844
-0.255853
-0.255862
-0.255871
-0.255879
-0.255888
-0.255897
-0.255906
-0.255915
-0.255924
-0.255933
-0.255942
-0.255951
-0.255960
-0.255969
-0.255978
-0.255986
-0.255995
-0.256004
-0.256013
-0.256022
-0.256031
-0.256040
-0.256049
-0.256058
-0.256067
-0.256076
-0.256084
-0.256093
-0.256102
-0.256111
-0.256120
-0.256129
-0.256138
-0.256147
-0.256156
-0.256164
-0.256173
-0.256182
-0.256191
-0.256200
-0.256209
-0.256218
-0.256227
-0.256235
-0.256244
-0.256253
-0.256262
-0.256271
-0.256280
-0.256289
-0.256297
-0.256306
-0.256315
-0.256324
-0.256333
-0.256342
-0.256351
-0.256359
-0.256368
-0.256377
-0.256386
-0.256395
-0.256404
-0.256412
-0.256421
-0.256430
-0.256439
-0.256448
-0.256457
-0.256465
-0.256474
-0.256483
-0.256492
-0.256501
-0.256510
-0.256518
-0.256527
-0.256536
-0.256545
-0.256554
-0.256563
-0.256571
-0.256580
-0.256589
-0.256598
-0.256607
-0.256615
-0.256624
-0.256633
-0.256642
-0.256651
-0.256659
-0.256668
-0.256677
-0.256686
-0.256695
-0.256703
-0.256712
-0.256721
-0.256730
-0.256738
-0.256747
-0.256756
-0.256765
-0.256774
-0.256774
-0.256782
-0.256791
-0.256800
-0.256809
-0.256817
-0.256826
-0.256835
-0.256844
-0.256853
-0.256861
-0.256870
-0.256879
-0.256888
-0.256896
-0.256905
-0.256914
-0.256923
-0.256931
-0.256940
-0.256949
-0.256958
-0.256966
-0.256975
-0.256984
-0.256993
-0.257001
-0.257010
-0.257019
-0.257028
-0.257036
-0.257045
-0.257054
-0.257063
-0.257071
-0.257080
-0.257089
-0.257097
-0.257106
-0.257115
-0.257124
-0.257132
-0.257141
-0.257150
-0.257158
-0.257167
-0.257176
-0.257185
-0.257193
-0.257202
-0.257211
-0.257219
-0.257228
-0.257237
-0.257246
-0.257254
-0.257263
-0.257272
-0.257280
-0.257289
-0.257298
-0.257306
-0.257315
-0.257324
-0.257332
-0.257341
-0.257350
-0.257359
-0.257367
-0.257376
-0.257385
-0.257393
-0.257402
-0.257411
-0.257419
-0.257428
-0.257437
-0.257445
-0.257454
-0.257463
-0.257471
-0.257480
-0.257489
-0.257497
-0.257506
-0.257515
-0.257523
-0.257532
-0.257541
-0.257549
-0.257558
-0.257566
-0.257575
-0.257584
-0.257592
-0.257601
-0.257610
-0.257618
-0.257627
-0.257636
-0.257644
-0.257653
-0.257662
-0.257670
-0.257679
-0.257687
-0.257696
-0.257705
-0.257713
-0.257722
-0.257731
-0.257739
-0.257748
-0.257756
-0.257765
-0.257774
-0.257782
-0.257791
-0.257799
-0.257808
-0.257817
-0.257825
-0.257834
-0.257842
-0.257851
-0.257860
-0.257868
-0.257877
-0.257885
-0.257894
-0.257903
-0.257911
-0.257920
-0.257928
-0.257937
-0.257946
-0.257954
-0.257963
-0.257971
-0.257980
-0.257989
-0.257997
-0.258006
-0.258014
-0.258023
-0.258031
-0.258040
-0.258049
-0.258057
-0.258066
-0.258074
-0.258083
-0.258091
-0.258100
-0.258108
-0.258117
-0.258126
-0.258134
-0.258143
-0.258151
-0.258160
-0.258168
-0.258177
-0.258185
-0.258194
-0.258203
-0.258211
-0.258220
-0.258228
-0.258237
-0.258245
-0.258254
-0.258262
-0.258271
-0.258279
-0.258288
-0.258296
-0.258305
-0.258313
-0.258322
-0.258331
-0.258339
-0.258348
-0.258356
-0.258365
-0.258373
-0.258382
-0.258390
-0.258399
-0.258407
-0.258416
-0.258424
-0.258433
-0.258441
-0.258450
-0.258458
-0.258467
-0.258475
-0.258484
-0.258492
-0.258501
-0.258509
-0.258518
-0.258526
-0.258535
-0.258543
-0.258552
-0.258560
-0.258569
-0.258577
-0.258586
-0.258594
-0.258603
-0.258611
-0.258619
-0.258628
-0.258636
-0.258645
-0.258653
-0.258662
-0.258670
-0.258679
-0.258687
-0.258696
-0.258704
-0.258713
-0.258721
-0.258730
-0.258738
-0.258746
-0.258755
-0.258763
-0.258772
-0.258780
-0.258789
-0.258797
-0.258806
-0.258814
-0.258822
-0.258831
-0.258839
-0.258848
-0.258856
-0.258865
-0.258873
-0.258882
-0.258890
-0.258898
-0.258907
-0.258915
-0.258924
-0.258932
-0.258941
-0.258949
-0.258957
-0.258966
-0.258974
-0.258983
-0.258991
-0.258999
-0.259008
-0.259016
-0.259025
-0.259033
-0.259042
-0.259050
-0.259058
-0.259067
-0.259075
-0.259084
-0.259092
-0.259100
-0.259109
-0.259117
-0.259126
-0.259134
-0.259142
-0.259151
-0.259159
-0.259167
-0.259176
-0.259184
-0.259193
-0.259201
-0.259209
-0.259218
-0.259226
-0.259234
-0.259243
-0.259251
-0.259260
-0.259268
-0.259276
-0.259285
-0.259293
-0.259301
-0.259310
-0.259318
-0.259327
-0.259335
-0.259343
-0.259352
-0.259360
-0.259368
-0.259377
-0.259385
-0.259393
-0.259402
-0.259410
-0.259418
-0.259427
-0.259435
-0.259443
-0.259452
-0.259460
-0.259468
-0.259477
-0.259485
-0.259493
-0.259502
-0.259510
-0.259518
-0.259527
-0.259535
-0.259543
-0.259552
-0.259560
-0.259568
-0.259577
-0.259585
-0.259593
-0.259602
-0.259610
-0.259618
-0.259627
-0.259635
-0.259643
-0.259652
-0.259660
-0.259668
-0.259676
-0.259685
-0.259693
-0.259701
-0.259710
-0.259718
-0.259726
-0.259735
-0.259743
-0.259751
-0.259759
-0.259768
-0.259776
-0.259784
-0.259793
-0.259801
-0.259809
-0.259817
-0.259826
-0.259834
-0.259842
-0.259850
-0.259859
-0.259867
-0.259875
-0.259884
-0.259892
-0.259900
-0.259908
-0.259917
-0.259925
-0.259933
-0.259941
-0.259950
-0.259958
-0.259966
-0.259974
-0.259983
-0.259991
-0.259999
-0.260007
-0.260016
-0.260024
-0.260032
-0.260040
-0.260049
-0.260057
-0.260065
-0.260073
-0.260082
-0.260090
-0.260098
-0.260106
-0.260115
-0.260123
-0.260131
-0.260139
-0.260147
-0.260156
-0.260164
-0.260172
-0.260180
-0.260189
-0.260197
-0.260205
-0.260213
-0.260221
-0.260230
-0.260238
-0.260246
-0.260254
-0.260262
-0.260271
-0.260279
-0.260287
-0.260295
-0.260303
-0.260312
-0.260320
-0.260328
-0.260336
-0.260344
-0.260353
-0.260361
-0.260369
-0.260377
-0.260385
-0.260394
-0.260402
-0.260410
-0.260418
-0.260426
-0.260435
-0.260443
-0.260451
-0.260459
-0.260467
-0.260475
-0.260484
-0.260492
-0.260500
-0.260508
-0.260516
-0.260524
-0.260533
-0.260541
-0.260549
-0.260557
-0.260565
-0.260573
-0.260582
-0.260590
-0.260598
-0.260606
-0.260614
-0.260622
-0.260630
-0.260639
-0.260647
-0.260655
-0.260663
-0.260671
-0.260679
-0.260687
-0.260696
-0.260704
-0.260712
-0.260720
-0.260728
-0.260736
-0.260744
-0.260752
-0.260761
-0.260769
-0.260777
-0.260785
-0.260793
-0.260801
-0.260809
-0.260817
-0.260826
-0.260834
-0.260842
-0.260850
-0.260858
-0.260866
-0.260874
-0.260882
-0.260890
-0.260899
-0.260907
-0.260915
-0.260923
-0.260931
-0.260939
-0.260947
-0.260955
-0.260963
-0.260971
-0.260979
-0.260979
-0.260988
-0.260996
-0.261004
-0.261012
-0.261020
-0.261028
-0.261036
-0.261044
-0.261052
-0.261060
-0.261068
-0.261076
-0.261085
-0.261093
-0.261101
-0.261109
-0.261117
-0.261125
-0.261133
-0.261141
-0.261149
-0.261157
-0.261165
-0.261173
-0.261181
-0.261189
-0.261197
-0.261205
-0.261213
-0.261222
-0.261230
-0.261238
-0.261246
-0.261254
-0.261262
-0.261270
-0.261278
-0.261286
-0.261294
-0.261302
-0.261310
-0.261318
-0.261326
-0.261334
-0.261342
-0.261350
-0.261358
-0.261366
-0.261374
-0.261382
-0.261390
-0.261398
-0.261406
-0.261414
-0.261422
-0.261430
-0.261438
-0.261446
-0.261454
-0.261462
-0.261470
-0.261478
-0.261486
-0.261494
-0.261502
-0.261510
-0.261518
-0.261526
-0.261534
-0.261542
-0.261550
-0.261558
-0.261566
-0.261574
-0.261582
-0.261590
-0.261598
-0.261606
-0.261614
-0.261622
-0.261630
-0.261638
-0.261646
-0.261654
-0.261662
-0.261670
-0.261678
-0.261686
-0.261694
-0.261702
-0.261710
-0.261718
-0.261726
-0.261734
-0.261742
-0.261750
-0.261758
-0.261766
-0.261774
-0.261782
-0.261790
-0.261798
-0.261806
-0.261814
-0.261822
-0.261829
-0.261837
-0.261845
-0.261853
-0.261861
-0.261869
-0.261877
-0.261885
-0.261893
-0.261901
-0.261909
-0.261917
-0.261925
-0.261933
-0.261941
-0.261949
-0.261956
-0.261964
-0.261972
-0.261980
-0.261988
-0.261996
-0.262004
-0.262012
-0.262020
-0.262028
-0.262036
-0.262044
-0.262052
-0.262059
-0.262067
-0.262075
-0.262083
-0.262091
-0.262099
-0.262107
-0.262115
-0.262123
-0.262131
-0.262138
-0.262146
-0.262154
-0.262162
-0.262170
-0.262178
-0.262186
-0.262194
-0.262202
-0.262209
-0.262217
-0.262225
-0.262233
-0.262241
-0.262249
-0.262257
-0.262265
-0.262273
-0.262280
-0.262288
-0.262296
-0.262304
-0.262312
-0.262320
-0.262328
-0.262335
-0.262343
-0.262351
-0.262359
-0.262367
-0.262375
-0.262383
-0.262391
-0.262398
-0.262406
-0.262414
-0.262422
-0.262430
-0.262438
-0.262445
-0.262453
-0.262461
-0.262469
-0.262477
-0.262485
-0.262493
-0.262500
-0.262508
-0.262516
-0.262524
-0.262532
-0.262540
-0.262547
-0.262555
-0.262563
-0.262571
-0.262579
-0.262587
-0.262594
-0.262602
-0.262610
-0.262618
-0.262626
-0.262633
-0.262641
-0.262649
-0.262657
-0.262665
-0.262672
-0.262680
-0.262688
-0.262696
-0.262704
-0.262712
-0.262719
-0.262727
-0.262735
-0.262743
-0.262751
-0.262758
-0.262766
-0.262774
-0.262782
-0.262789
-0.262797
-0.262805
-0.262813
-0.262821
-0.262828
-0.262836
-0.262844
-0.262852
-0.262860
-0.262867
-0.262875
-0.262883
-0.262891
-0.262898
-0.262906
-0.262914
-0.262922
-0.262929
-0.262937
-0.262945
-0.262953
-0.262961
-0.262968
-0.262976
-0.262984
-0.262992
-0.262999
-0.263007
-0.263015
-0.263023
-0.263030
-0.263038
-0.263046
-0.263054
-0.263061
-0.263069
-0.263077
-0.263085
-0.263092
-0.263100
-0.263108
-0.263115
-0.263123
-0.263131
-0.263139
-0.263146
-0.263154
-0.263162
-0.263170
-0.263177
-0.263185
-0.263193
-0.263201
-0.263208
-0.263216
-0.263224
-0.263231
-0.263239
-0.263247
-0.263255
-0.263262
-0.263270
-0.263278
-0.263285
-0.263293
-0.263301
-0.263308
-0.263316
-0.263324
-0.263332
-0.263339
-0.263347
-0.263355
-0.263362
-0.263370
-0.263378
-0.263385
-0.263393
-0.263401
-0.263408
-0.263416
-0.263424
-0.263432
-0.263439
-0.263447
-0.263455
-0.263462
-0.263470
-0.263478
-0.263485
-0.263493
-0.263501
-0.263508
-0.263516
-0.263524
-0.263531
-0.263539
-0.263547
-0.263554
-0.263562
-0.263570
-0.263577
-0.263585
-0.263593
-0.263600
-0.263608
-0.263616
-0.263623
-0.263631
-0.263639
-0.263646
-0.263654
-0.263661
-0.263669
-0.263677
-0.263684
-0.263692
-0.263700
-0.263707
-0.263715
-0.263723
-0.263730
-0.263738
-0.263745
-0.263753
-0.263761
-0.263768
-0.263776
-0.263784
-0.263791
-0.263799
-0.263806
-0.263814
-0.263822
-0.263829
-0.263837
-0.263845
-0.263852
-0.263860
-0.263867
-0.263875
-0.263883
-0.263890
-0.263898
-0.263905
-0.263913
-0.263921
-0.263928
-0.263936
-0.263943
-0.263951
-0.263959
-0.263966
-0.263974
-0.263981
-0.263989
-0.263997
-0.264004
-0.264012
-0.264019
-0.264027
-0.264034
-0.264042
-0.264050
-0.264057
-0.264065
-0.264072
-0.264080
-0.264087
-0.264095
-0.264103
-0.264110
-0.264118
-0.264125
-0.264133
-0.264140
-0.264148
-0.264156
-0.264163
-0.264171
-0.264178
-0.264186
-0.264193
-0.264201
-0.264208
-0.264216
-0.264224
-0.264231
-0.264239
-0.264246
-0.264254
-0.264261
-0.264269
-0.264276
-0.264284
-0.264291
-0.264299
-0.264307
-0.264314
-0.264322
-0.264329
-0.264337
-0.264344
-0.264352
-0.264359
-0.264367
-0.264374
-0.264382
-0.264389
-0.264397
-0.264404
-0.264412
-0.264419
-0.264427
-0.264434
-0.264442
-0.264449
-0.264457
-0.264464
-0.264472
-0.264479
-0.264487
-0.264494
-0.264502
-0.264509
-0.264517
-0.264524
-0.264532
-0.264539
-0.264547
-0.264554
-0.264562
-0.264569
-0.264577
-0.264584
-0.264592
-0.264599
-0.264607
-0.264614
-0.264622
-0.264629
-0.264637
-0.264644
-0.264652
-0.264659
-0.264667
-0.264674
-0.264682
-0.264689
-0.264697
-0.264704
-0.264712
-0.264719
-0.264726
-0.264734
-0.264741
-0.264749
-0.264756
-0.264764
-0.264771
-0.264779
-0.264786
-0.264794
-0.264801
-0.264808
-0.264816
-0.264823
-0.264831
-0.264838
-0.264846
-0.264853
-0.264853
