-0.267127
-0.317206
-0.350347
-0.369598
-0.380677
-0.387933
-0.393317
-0.397540
-0.400854
-0.403362
-0.405121
-0.406167
-0.406533
-0.406245
-0.405325
-0.403790
-0.401657
-0.398935
-0.395629
-0.391741
-0.387269
-0.382207
-0.376548
-0.370285
-0.363419
-0.355959
-0.347932
-0.339386
-0.330391
-0.321038
-0.311422
-0.301637
-0.291763
-0.281877
-0.272053
-0.262376
-0.252936
-0.243824
-0.235119
-0.226881
-0.219147
-0.211930
-0.205223
-0.199005
-0.193246
-0.187908
-0.182956
-0.178360
-0.174097
-0.170157
-0.166533
-0.163219
-0.160202
-0.157464
-0.154988
-0.152756
-0.150748
-0.148938
-0.147290
-0.145750
-0.144236
-0.142626
-0.140755
-0.138442
-0.135553
-0.132050
-0.128008
-0.123577
-0.118936
-0.114245
-0.109629
-0.105167
-0.100905
-0.096865
-0.093050
-0.089452
-0.086059
-0.082856
-0.079827
-0.076957
-0.074231
-0.071638
-0.069165
-0.066803
-0.064545
-0.062381
-0.060307
-0.058317
-0.056405
-0.054568
-0.052802
-0.051103
-0.049469
-0.047897
-0.046384
-0.044928
-0.043527
-0.042177
-0.040878
-0.039628
-0.038425
-0.037267
-0.036153
-0.035081
-0.034051
-0.033059
-0.032105
-0.031187
-0.030303
-0.029452
-0.028632
-0.027843
-0.027082
-0.026349
-0.025642
-0.024960
-0.024301
-0.023665
-0.023050
-0.022455
-0.021882
-0.021318
-0.020753
-0.020218
-0.019726
-0.019216
-0.018763
-0.018315
-0.017793
-0.017295
-0.016855
-0.016419
-0.015982
-0.015546
-0.015102
-0.014642
-0.014156
-0.013637
-0.013075
-0.012466
-0.011807
-0.011099
-0.010347
-0.009559
-0.008742
-0.007907
-0.007059
-0.006207
-0.005355
-0.004509
-0.003671
-0.002845
-0.002032
-0.001234
-0.000452
0.000314
0.001063
0.001795
0.002511
0.003210
0.003893
0.004560
0.005211
0.005847
0.006467
0.007074
0.007666
0.008245
0.008811
0.009364
0.009905
0.010435
0.010953
0.011461
0.011958
0.012445
0.012923
0.013392
0.013852
0.014303
0.014747
0.015182
0.015610
0.016031
0.016445
0.016852
0.017253
0.017648
0.018037
0.018421
0.018800
0.019175
0.019546
0.019914
0.020279
0.020642
0.021003
0.021364
0.021725
0.022087
0.022451
0.022817
0.023186
0.023559
0.023935
0.024316
0.024703
0.025097
0.025498
0.025906
0.026321
0.026744
0.027174
0.027611
0.028056
0.028507
0.028965
0.029427
0.029893
0.030362
0.030834
0.031308
0.031783
0.032258
0.032730
0.033199
0.033665
0.034127
0.034586
0.035043
0.035497
0.035949
0.036398
0.036846
0.037293
0.037738
0.038182
0.038625
0.039067
0.039508
0.039949
0.040389
0.040829
0.041268
0.041698
0.042141
0.042581
0.043010
0.043436
0.043878
0.044303
0.044760
0.045180
0.045648
0.046066
0.046486
0.046923
0.047372
0.047828
0.048287
0.048749
0.049211
0.049676
0.050139
0.050605
0.051069
0.051535
0.051999
0.052465
0.052928
0.053392
0.053854
0.054317
0.054778
0.055239
0.055700
0.056161
0.056622
0.057083
0.057546
0.058010
0.058475
0.058940
0.059406
0.059871
0.060335
0.060797
0.061257
0.061713
0.062167
0.062616
0.063063
0.063505
0.063944
0.064379
0.064810
0.065237
0.065660
0.066079
0.066493
0.066493
0.066901
0.067303
0.067698
0.068087
0.068468
0.068841
0.069206
0.069561
0.069905
0.070236
0.070553
0.070855
0.071141
0.071413
0.071672
0.071919
0.072157
0.072386
0.072606
0.072819
0.073025
0.073223
0.073414
0.073595
0.073766
0.073925
0.074070
0.074200
0.074310
0.074401
0.074467
0.074511
0.074522
0.074512
0.074460
0.074392
0.074269
0.074143
0.073940
0.073759
0.073471
0.073242
0.072864
0.072590
0.072123
0.071805
0.071251
0.070882
0.070244
0.069825
0.069108
0.068640
0.067850
0.067330
0.066473
0.065923
0.065023
0.064486
0.063564
0.063076
0.062136
0.061721
0.060765
0.060424
0.059464
0.059178
0.058239
0.057975
0.057079
0.056805
0.055964
0.055651
0.054873
0.054499
0.053793
0.053347
0.052709
0.052209
0.051619
0.051098
0.050541
0.050023
0.049486
0.048979
0.048458
0.047973
0.047466
0.047014
0.046518
0.046110
0.045614
0.045264
0.044755
0.044474
0.043939
0.043730
0.043176
0.043020
0.042478
0.042341
0.041846
0.041695
0.041267
0.041086
0.040727
0.040517
0.040218
0.039992
0.039735
0.039508
0.039279
0.039062
0.038851
0.038648
0.038451
0.038261
0.038078
0.037901
0.037729
0.037564
0.037404
0.037249
0.037098
0.036953
0.036811
0.036674
0.036540
0.036409
0.036280
0.036154
0.036029
0.035906
0.035783
0.035661
0.035540
0.035417
0.035294
0.035170
0.035044
0.034916
0.034786
0.034654
0.034519
0.034381
0.034241
0.034098
0.033952
0.033803
0.033652
0.033498
0.033343
0.033185
0.033026
0.032867
0.032706
0.032546
0.032385
0.032226
0.032068
0.031911
0.031757
0.031605
0.031456
0.031309
0.031165
0.031024
0.030886
0.030750
0.030617
0.030486
0.030358
0.030232
0.030107
0.029983
0.029861
0.029740
0.029619
0.029499
0.029378
0.029257
0.029136
0.029013
0.028890
0.028765
0.028639
0.028511
0.028381
0.028248
0.028114
0.027977
0.027837
0.027695
0.027550
0.027402
0.027251
0.027096
0.026939
0.026778
0.026613
0.026445
0.026274
0.026099
0.025920
0.025738
0.025552
0.025363
0.025170
0.024973
0.024773
0.024570
0.024363
0.024153
0.023940
0.023725
0.023506
0.023286
0.023063
0.022838
0.022612
0.022385
0.022157
0.021928
0.021700
0.021472
0.021245
0.021019
0.020795
0.020574
0.020356
0.020142
0.019931
0.019725
0.019525
0.019330
0.019141
0.018958
0.018782
0.018613
0.018450
0.018295
0.018146
0.018004
0.017868
0.017738
0.017614
0.017494
0.017379
0.017268
0.017160
0.017057
0.016959
0.016867
0.016789
0.016742
0.016776
0.016926
0.016966
0.016787
0.016707
0.016630
0.016541
0.016448
0.016352
0.016251
0.016143
0.016029
0.015909
0.015783
0.015652
0.015516
0.015374
0.015229
0.015079
0.014927
0.014771
0.014613
0.014454
0.014295
0.014135
0.013977
0.013820
0.013667
0.013519
0.013375
0.013239
0.013110
0.012989
0.012879
0.012778
0.012688
0.012609
0.012542
0.012485
0.012440
0.012406
0.012383
0.012370
0.012369
0.012377
0.012377
0.012397
0.012426
0.012465
0.012514
0.012573
0.012641
0.012718
0.012803
0.012898
0.013001
0.013112
0.013232
0.013359
0.013493
0.013635
0.013783
0.013938
0.014100
0.014268
0.014441
0.014621
0.014805
0.014995
0.015190
0.015390
0.015594
0.015803
0.016015
0.016232
0.016453
0.016678
0.016906
0.017138
0.017373
0.017612
0.017854
0.018100
0.018348
0.018600
0.018855
0.019114
0.019375
0.019640
0.019908
0.020179
0.020453
0.020730
0.021010
0.021293
0.021579
0.021868
0.022160
0.022454
0.022751
0.023051
0.023353
0.023657
0.023963
0.024272
0.024582
0.024894
0.025208
0.025524
0.025841
0.026159
0.026479
0.026799
0.027121
0.027443
0.027766
0.028089
0.028413
0.028738
0.029062
0.029387
0.029712
0.030037
0.030361
0.030686
0.031010
0.031334
0.031657
0.031980
0.032302
0.032624
0.032945
0.033266
0.033585
0.033904
0.034222
0.034540
0.034856
0.035172
0.035486
0.035800
0.036112
0.036424
0.036734
0.037043
0.037351
0.037658
0.037964
0.038269
0.038572
0.038875
0.039176
0.039475
0.039773
0.040070
0.040366
0.040660
0.040953
0.041244
0.041534
0.041823
0.042110
0.042395
0.042679
0.042962
0.043242
0.043522
0.043799
0.044075
0.044349
0.044622
0.044893
0.045163
0.045430
0.045696
0.045961
0.046223
0.046484
0.046743
0.047000
0.047256
0.047510
0.047762
0.048013
0.048262
0.048509
0.048754
0.048997
0.049239
0.049479
0.049718
0.049954
0.050189
0.050423
0.050654
0.050884
0.051112
0.051339
0.051563
0.051786
0.052008
0.052228
0.052446
0.052662
0.052877
0.053090
0.053302
0.053512
0.053720
0.053927
0.054132
0.054336
0.054538
0.054738
0.054937
0.055134
0.055330
0.055524
0.055716
0.055907
0.056096
0.056284
0.056470
0.056654
0.056837
0.057019
0.057198
0.057377
0.057553
0.057728
0.057901
0.058073
0.058243
0.058412
0.058579
0.058745
0.058908
0.059071
0.059231
0.059390
0.059548
0.059704
0.059858
0.060011
0.060163
0.060312
0.060461
0.060607
0.060752
0.060896
0.061038
0.061179
0.061318
0.061456
0.061592
0.061727
0.061860
0.061992
0.062122
0.062251
0.062379
0.062505
0.062630
0.062753
0.062876
0.062996
0.063116
0.063234
0.063350
0.063466
0.063580
0.063693
0.063805
0.063916
0.064025
0.064134
0.064241
0.064348
0.064454
0.064558
0.064662
0.064764
0.064865
0.064963
0.065060
0.065153
0.065243
0.065331
0.065415
0.065496
0.065575
0.065651
0.065724
0.065794
0.065862
0.065928
0.065991
0.066051
0.066110
0.066166
0.066220
0.066272
0.066322
0.066369
0.066415
0.066458
0.066500
0.066539
0.066576
0.066612
0.066646
0.066677
0.066707
0.066736
0.066763
0.066788
0.066811
0.066833
0.066853
0.066872
0.066889
0.066904
0.066918
0.066931
0.066941
0.066950
0.066958
