-0.107947
0.118579
0.129906
0.133257
0.134812
0.135890
0.136766
0.137511
0.138153
0.138710
0.139196
0.139623
0.139999
0.140332
0.140631
0.140900
0.141144
0.141369
0.141577
0.141772
0.141957
0.142133
0.142304
0.142471
0.142634
0.142797
0.142959
0.143121
0.143285
0.143451
0.143620
0.143791
0.143966
0.144145
0.144328
0.144515
0.144706
0.144901
0.145101
0.145305
0.145513
0.145726
0.145943
0.146163
0.146388
0.146616
0.146848
0.147084
0.147322
0.147564
0.147809
0.148056
0.148306
0.148558
0.148812
0.149069
0.149326
0.149586
0.149846
0.150108
0.150371
0.150634
0.150898
0.151162
0.151427
0.151691
0.151955
0.152219
0.152482
0.152745
0.153007
0.153268
0.153528
0.153787
0.154044
0.154300
0.154554
0.154806
0.155057
0.155306
0.155553
0.155798
0.156041
0.156281
0.156519
0.156755
0.156989
0.157220
0.157449
0.157675
0.157899
0.158120
0.158339
0.158555
0.158769
0.158980
0.159189
0.159395
0.159598
0.159799
0.159998
0.160194
0.160388
0.160579
0.160768
0.160955
0.161139
0.161322
0.161502
0.161680
0.161856
0.162030
0.162202
0.162372
0.162541
0.162707
0.162873
0.163036
0.163198
0.163359
0.163518
0.163676
0.163832
0.163988
0.164142
0.164295
0.164447
0.164599
0.164749
0.164899
0.165048
0.165197
0.165345
0.165493
0.165640
0.165786
0.165933
0.166079
0.166225
0.166371
0.166517
0.166663
0.166810
0.166956
0.167102
0.167249
0.167396
0.167543
0.167691
0.167839
0.167988
0.168137
0.168287
0.168438
0.168589
0.168741
0.168894
0.169047
0.169202
0.169357
0.169513
0.169670
0.169828
0.169987
0.170147
0.170308
0.170471
0.170634
0.170799
0.170964
0.171131
0.171299
0.171469
0.171639
0.171811
0.171984
0.172159
0.172335
0.172512
0.172690
0.172870
0.173051
0.173234
0.173418
0.173603
0.173790
0.173978
0.174168
0.174359
0.174551
0.174745
0.174941
0.175137
0.175336
0.175535
0.175736
0.175939
0.176143
0.176348
0.176555
0.176764
0.176974
0.177185
0.177398
0.177612
0.177827
0.178044
0.178263
0.178482
0.178704
0.178926
0.179150
0.179376
0.179602
0.179831
0.180060
0.180291
0.180523
0.180757
0.180992
0.181228
0.181466
0.181705
0.181945
0.182187
0.182430
0.182674
0.182919
0.183166
0.183414
0.183663
0.183914
0.184165
0.184418
0.184673
0.184928
0.185184
0.185442
0.185701
0.185961
0.186223
0.186485
0.186748
0.187013
0.187279
0.187546
0.187814
0.188083
0.188353
0.188625
0.188897
0.189171
0.189445
0.189721
0.189997
0.190275
0.190554
0.190833
0.191114
0.191396
0.191678
0.191962
0.192247
0.192532
0.192819
0.193107
0.193395
0.193685
0.193975
0.194266
0.194559
0.194852
0.195146
0.195441
0.195737
0.196034
0.196331
0.196630
0.196929
0.197230
0.197531
0.197833
0.198136
0.198440
0.198744
0.199050
0.199356
0.199663
0.199971
0.200280
0.200589
0.200899
0.201211
0.201523
0.201835
0.202149
0.202463
0.202778
0.203094
0.203411
0.203728
0.204047
0.204366
0.204685
0.205006
0.205327
0.205649
0.205972
0.206295
0.206619
0.206944
0.207270
0.207597
0.207924
0.208252
0.208580
0.208909
0.209239
0.209570
0.209902
0.210234
0.210567
0.210900
0.211234
0.211569
0.211905
0.212241
0.212578
0.212916
0.213254
0.213593
0.213933
0.214273
0.214614
0.214956
0.215298
0.215641
0.215985
0.216329
0.216674
0.217020
0.217366
0.217712
0.218060
0.218408
0.218757
0.219106
0.219456
0.219806
0.220158
0.220509
0.220862
0.221215
0.221568
0.221922
0.222277
0.222632
0.222988
0.223344
0.223701
0.224059
0.224417
0.224775
0.225135
0.225494
0.225854
0.226215
0.226576
0.226938
0.227300
0.227663
0.228027
0.228390
0.228755
0.229119
0.229485
0.229850
0.230216
0.230583
0.230950
0.231317
0.231685
0.232054
0.232423
0.232792
0.233161
0.233531
0.233902
0.234272
0.234644
0.235015
0.235387
0.235759
0.236132
0.236505
0.236878
0.237252
0.237626
0.238000
0.238374
0.238749
0.239124
0.239500
0.239875
0.240251
0.240627
0.241004
0.241380
0.241757
0.242134
0.242512
0.242889
0.243267
0.243645
0.244023
0.244401
0.244779
0.245158
0.245537
0.245916
0.246295
0.246674
0.247053
0.247432
0.247812
0.248192
0.248571
0.248951
0.249331
0.249711
0.250091
0.250471
0.250851
0.251231
0.251612
0.251992
0.252372
0.252753
0.253133
0.253514
0.253894
0.254275
0.254655
0.255036
0.255416
0.255797
0.256177
0.256558
0.256938
0.257319
0.257699
0.258079
0.258460
0.258840
0.259221
0.259601
0.259981
0.260362
0.260742
0.261122
0.261503
0.261883
0.262263
0.262643
0.263023
0.263403
0.263784
0.264164
0.264544
0.264924
0.265304
0.265684
0.266064
0.266444
0.266823
0.267203
0.267583
0.267963
0.268343
0.268723
0.269103
0.269483
0.269863
0.270243
0.270623
0.271003
0.271383
0.271763
0.272144
0.272524
0.272905
0.273285
0.273666
0.274046
0.274427
0.274808
0.275190
0.275571
0.275953
0.276334
0.276334
0.276716
0.277099
0.277481
0.277864
0.278247
0.278630
0.279014
0.279398
0.279782
0.280167
0.280552
0.280937
0.281323
0.281709
0.282096
0.282484
0.282871
0.283260
0.283649
0.284038
0.284428
0.284819
0.285210
0.285602
0.285995
0.286388
0.286782
0.287177
0.287572
0.287969
0.288366
0.288763
0.289162
0.289562
0.289962
0.290363
0.290766
0.291169
0.291573
0.291978
0.292384
0.292790
0.293198
0.293607
0.294017
0.294428
0.294840
0.295253
0.295667
0.296083
0.296499
0.296916
0.297335
0.297755
0.298176
0.298598
0.299021
0.299445
0.299871
0.300298
0.300726
0.301155
0.301585
0.302017
0.302450
0.302884
0.303319
0.303756
0.304194
0.304633
0.305074
0.305515
0.305958
0.306403
0.306848
0.307295
0.307743
0.308193
0.308644
0.309096
0.309549
0.310004
0.310460
0.310917
0.311376
0.311836
0.312297
0.312760
0.313224
0.313689
0.314156
0.314624
0.315093
0.315563
0.316035
0.316508
0.316983
0.317459
0.317936
0.318414
0.318894
0.319375
0.319858
0.320341
0.320826
0.321313
0.321800
0.322289
0.322779
0.323271
0.323763
0.324257
0.324753
0.325249
0.325747
0.326246
0.326747
0.327248
0.327751
0.328255
0.328761
0.329267
0.329775
0.330284
0.330795
0.331306
0.331819
0.332333
0.332848
0.333365
0.333882
0.334401
0.334921
0.335442
0.335965
0.336488
0.337013
0.337539
0.338066
0.338594
0.339124
0.339654
0.340186
0.340719
0.341253
0.341788
0.342325
0.342862
0.343401
0.343940
0.344481
0.345023
0.345566
0.346110
0.346656
0.347202
0.347750
0.348299
0.348848
0.349399
0.349951
0.350504
0.351059
0.351614
0.352170
0.352728
0.353287
0.353846
0.354407
0.354969
0.355532
0.356097
0.356662
0.357229
0.357796
0.358365
0.358935
0.359506
0.360078
0.360652
0.361226
0.361802
0.362379
0.362958
0.363537
0.364118
0.364700
0.365283
0.365867
0.366453
0.367040
0.367629
0.368218
0.368810
0.369402
0.369996
0.370592
0.371188
0.371787
0.372387
0.372988
0.373591
0.374196
0.374803
0.375411
0.376021
0.376632
0.377246
0.377861
0.378478
0.379098
0.379719
0.380343
0.380968
0.381596
0.382227
0.382859
0.383494
0.384132
0.384772
0.385415
0.386061
0.386710
0.387362
0.388016
0.388675
0.389336
0.390001
0.390670
0.391342
0.392018
0.392698
0.393383
0.394072
0.394765
0.395463
0.396166
0.396875
0.397588
0.398307
0.399032
0.399763
0.400500
0.401244
0.401994
0.402751
0.403516
0.404288
0.405068
0.405856
0.406653
0.407459
0.408273
0.409097
0.409931
0.410774
0.411628
0.412493
0.413368
0.414255
0.415153
0.416062
0.416984
0.417917
0.418863
0.419821
0.420792
0.421774
0.422769
0.423777
0.424796
0.425827
0.426870
0.427924
0.428989
0.430064
0.431149
0.432243
0.433346
0.434456
0.435572
0.436695
0.437823
0.438954
0.440089
0.441225
0.442362
0.443499
0.444634
0.445767
0.446897
0.448022
0.449142
0.450256
0.451362
0.452461
0.453552
0.454633
0.455704
0.456766
0.457816
0.458856
0.459884
0.460900
0.461905
0.462898
0.463879
0.464847
0.465804
0.466749
0.467682
0.468603
0.469512
0.470409
0.471296
0.472171
0.473035
0.473889
0.474731
0.475564
0.476387
0.477200
0.478003
0.478797
0.479582
0.480358
0.481126
0.481885
0.482636
0.483380
0.484115
0.484844
0.485565
0.486279
0.486987
0.487688
0.488383
0.489072
0.489755
0.490432
0.491103
0.491769
0.492430
0.493085
0.493736
0.494382
0.495023
0.495659
0.496292
0.496919
0.497543
0.498163
0.498778
0.499390
0.499998
0.500602
0.501202
0.501799
0.502392
0.502982
0.503569
0.504152
0.504732
0.505309
0.505882
0.506453
0.507020
0.507585
0.508146
0.508704
0.509260
0.509813
0.510362
0.510909
0.511453
0.511994
0.512533
0.513068
0.513601
0.514131
0.514659
0.515184
0.515706
0.516225
0.516741
0.517255
0.517767
0.518275
0.518781
0.519284
0.519785
0.520283
0.520778
0.521271
0.521761
0.522248
0.522733
0.523215
0.523695
0.524172
0.524646
0.525117
0.525587
0.526053
0.526517
0.526978
0.527437
0.527893
0.528346
0.528797
0.529246
0.529691
0.530134
0.530575
0.531013
0.531449
0.531882
0.532312
0.532740
0.533165
0.533588
0.534008
0.534426
0.534841
0.535254
0.535665
0.536072
0.536478
0.536881
0.537281
0.537679
0.538075
0.538468
0.538859
0.539247
0.539633
0.540017
0.540398
0.540777
0.541154
0.541528
0.541900
0.542270
0.542638
0.543003
0.543366
0.543727
0.544085
0.544441
0.544795
0.545147
0.545497
0.545845
0.546190
0.546533
0.546875
0.547214
0.547551
0.547886
0.548219
0.548550
0.548879
0.549206
0.549531
0.549854
0.550175
0.550494
0.550811
0.551127
0.551440
0.551752
0.552062
0.552369
0.552676
0.552980
0.553282
0.553583
0.553882
0.554179
0.554475
0.554769
0.555061
0.555351
0.555640
0.555927
0.556213
0.556497
0.556779
0.557060
0.557339
0.557617
0.557893
0.558167
0.558440
0.558712
0.558982
0.559250
0.559517
0.559783
0.559783
0.560047
0.560310
0.560571
0.560831
0.561090
0.561347
0.561603
0.561858
0.562111
0.562363
0.562613
0.562862
0.563110
0.563357
0.563602
0.563846
0.564089
0.564331
0.564571
0.564810
0.565048
0.565285
0.565520
0.565755
0.565988
0.566220
0.566451
0.566680
0.566909
0.567136
0.567362
0.567587
0.567811
0.568034
0.568256
0.568477
0.568696
0.568915
0.569132
0.569349
0.569564
0.569778
0.569992
0.570204
0.570415
0.570625
0.570834
0.571042
0.571249
0.571455
0.571660
0.571864
0.572067
0.572269
0.572470
0.572670
0.572869
0.573067
0.573264
0.573460
0.573656
0.573850
0.574043
0.574235
0.574427
0.574617
0.574806
0.574995
0.575182
0.575369
0.575555
0.575739
0.575923
0.576106
0.576288
0.576469
0.576649
0.576828
0.577007
0.577184
0.577360
0.577536
0.577711
0.577884
0.578057
0.578229
0.578400
0.578570
0.578740
0.578908
0.579075
0.579242
0.579408
0.579572
0.579736
0.579899
0.580061
0.580222
0.580383
0.580542
0.580701
0.580859
0.581015
0.581171
0.581326
0.581480
0.581634
0.581786
0.581938
0.582088
0.582238
0.582387
0.582535
0.582682
0.582828
0.582974
0.583118
0.583262
0.583405
0.583547
0.583688
0.583828
0.583967
0.584106
0.584244
0.584380
0.584516
0.584651
0.584785
0.584918
0.585051
0.585182
0.585313
0.585443
0.585572
0.585700
0.585827
0.585954
0.586079
0.586204
0.586327
0.586450
0.586572
0.586694
0.586814
0.586934
0.587052
0.587170
0.587287
0.587403
0.587518
0.587633
0.587746
0.587859
0.587971
0.588082
0.588192
0.588301
0.588409
0.588517
0.588624
0.588730
0.588835
0.588939
0.589042
0.589145
0.589247
0.589347
0.589447
0.589547
0.589645
0.589742
0.589839
0.589935
0.590030
0.590124
0.590218
0.590310
0.590402
0.590493
0.590583
0.590672
0.590761
0.590848
0.590935
0.591021
0.591106
0.591190
0.591274
0.591357
0.591439
0.591520
0.591600
0.591680
0.591759
0.591837
0.591914
0.591990
0.592066
0.592140
0.592214
0.592288
0.592360
0.592432
0.592503
0.592573
0.592642
0.592711
0.592778
0.592846
0.592912
0.592977
0.593042
0.593106
0.593169
0.593232
0.593294
0.593355
0.593415
0.593474
0.593533
0.593591
0.593649
0.593705
0.593761
0.593816
0.593871
0.593924
0.593977
0.594029
0.594081
0.594132
0.594182
0.594231
0.594280
0.594328
0.594376
0.594422
0.594468
0.594514
0.594558
0.594602
0.594645
0.594688
0.594730
0.594771
0.594812
0.594852
0.594891
0.594930
0.594968
0.595005
0.595042
0.595078
0.595113
0.595148
0.595182
0.595216
0.595249
0.595281
0.595313
0.595344
0.595374
0.595404
0.595434
0.595462
0.595490
0.595518
0.595545
0.595571
0.595597
0.595622
0.595647
0.595671
0.595694
0.595717
0.595740
0.595761
0.595783
0.595803
0.595823
0.595843
0.595862
0.595881
0.595899
0.595916
0.595933
0.595950
0.595966
0.595981
0.595996
0.596010
0.596024
0.596038
0.596051
0.596063
0.596075
0.596086
0.596097
0.596108
0.596118
0.596128
0.596137
0.596145
0.596154
0.596161
0.596169
0.596176
0.596182
0.596188
0.596193
0.596199
0.596203
0.596208
0.596211
0.596215
0.596218
0.596220
0.596223
0.596225
0.596226
0.596227
0.596228
0.596228
0.596228
0.596227
0.596226
0.596225
0.596224
0.596222
0.596219
0.596217
0.596213
0.596210
0.596206
0.596202
0.596198
0.596193
0.596188
0.596183
0.596177
0.596171
0.596165
0.596158
0.596151
0.596144
0.596136
0.596128
0.596120
0.596112
0.596103
0.596094
0.596085
0.596075
0.596066
0.596055
0.596045
0.596035
0.596024
0.596013
0.596001
0.595990
0.595978
0.595966
0.595954
0.595941
0.595929
0.595916
0.595903
0.595889
0.595876
0.595862
0.595848
0.595834
0.595820
0.595805
0.595790
0.595775
0.595760
0.595745
0.595730
0.595714
0.595699
0.595683
0.595667
0.595651
0.595634
0.595618
0.595602
0.595585
0.595568
0.595551
0.595534
0.595517
0.595500
0.595482
0.595465
0.595448
0.595430
0.595412
0.595394
0.595377
0.595359
0.595341
0.595323
0.595304
0.595286
0.595268
0.595250
0.595232
0.595213
0.595195
0.595176
0.595158
0.595140
0.595121
0.595103
0.595084
0.595066
0.595047
0.595029
0.595011
0.594992
0.594974
0.594956
0.594937
0.594919
0.594901
0.594883
0.594865
0.594847
0.594829
0.594811
0.594793
0.594775
0.594758
0.594740
0.594723
0.594706
0.594689
0.594672
0.594655
0.594638
0.594621
0.594605
0.594589
0.594572
0.594556
0.594541
0.594525
0.594510
0.594494
0.594479
0.594464
0.594450
0.594435
0.594421
0.594407
0.594394
0.594380
0.594367
0.594354
0.594342
0.594329
0.594317
0.594306
0.594294
0.594283
0.594272
0.594262
0.594252
0.594242
0.594233
0.594224
0.594215
0.594207
0.594199
0.594191
0.594184
0.594178
0.594172
0.594166
0.594161
0.594156
0.594152
0.594148
0.594145
0.594142
0.594140
0.594138
0.594137
0.594137
0.594137
0.594137
0.594138
0.594140
0.594143
0.594146
0.594150
0.594150
0.594154
0.594159
0.594165
0.594172
0.594179
0.594187
0.594196
0.594206
0.594216
0.594227
0.594239
0.594252
0.594266
0.594281
0.594296
0.594313
0.594330
0.594348
0.594368
0.594388
0.594409
0.594432
0.594455
0.594480
0.594505
0.594532
0.594560
0.594589
0.594619
0.594651
0.594683
0.594717
0.594752
0.594789
0.594827
0.594866
0.594907
0.594949
0.594993
0.595038
0.595084
0.595132
0.595182
0.595233
0.595286
0.595340
0.595397
0.595455
0.595514
0.595576
0.595639
0.595704
0.595772
0.595841
0.595912
0.595985
0.596060
0.596137
0.596216
0.596297
0.596381
0.596467
0.596555
0.596646
0.596738
0.596834
0.596931
0.597032
0.597134
0.597240
0.597348
0.597458
0.597572
0.597688
0.597807
0.597928
0.598053
0.598181
0.598311
0.598445
0.598582
0.598721
0.598864
0.599011
0.599160
0.599313
0.599469
0.599628
0.599791
0.599957
0.600127
0.600301
0.600477
0.600658
0.600842
0.601030
0.601221
0.601416
0.601615
0.601818
0.602024
0.602234
0.602448
0.602665
0.602887
0.603112
0.603341
0.603573
0.603810
0.604050
0.604293
0.604540
0.604791
0.605045
0.605303
0.605564
0.605828
0.606096
0.606367
0.606641
0.606917
0.607197
0.607479
0.607764
0.608052
0.608341
0.608633
0.608927
0.609223
0.609521
0.609820
0.610121
0.610423
0.610726
0.611030
0.611335
0.611640
0.611945
0.612251
0.612556
0.612862
0.613167
0.613471
0.613775
0.614078
0.614379
0.614679
0.614978
0.615275
0.615570
0.615864
0.616154
0.616443
0.616729
0.617012
0.617292
0.617569
0.617843
0.618113
0.618379
0.618642
0.618900
0.619153
0.619402
0.619646
0.619884
0.620117
0.620344
0.620565
0.620780
0.620987
0.621187
0.621380
0.621565
0.621741
0.621909
0.622067
0.622217
0.622356
0.622486
0.622605
0.622715
0.622813
0.622902
0.622980
0.623047
0.623105
0.623154
0.623193
0.623225
0.623250
0.623268
0.623282
0.623292
0.623301
0.623310
0.623320
0.623335
0.623356
0.623386
0.623426
0.623480
0.623550
0.623637
0.623745
0.623875
0.624031
0.624213
0.624423
0.624664
0.624936
0.625242
0.625581
0.625955
0.626364
0.626809
0.627289
0.627804
0.628354
0.628938
0.629555
0.630204
0.630884
0.631593
0.632329
0.633092
0.633878
0.634686
0.635513
0.636359
0.637220
0.638095
0.638981
0.639877
0.640781
0.641690
0.642604
0.643519
0.644435
0.645351
0.646263
0.647172
0.648077
0.648975
0.649866
0.650748
0.651622
0.652486
0.653340
0.654182
0.655013
0.655831
0.656636
0.657427
0.658205
0.658969
0.659718
0.660452
0.661171
0.661874
0.662562
0.663235
0.663891
0.664531
0.665155
0.665763
0.666354
0.666929
0.667488
0.668030
0.668556
0.669066
0.669559
0.670036
0.670497
0.670942
0.671371
0.671784
0.672182
0.672564
0.672931
0.673282
0.673619
0.673940
0.674247
0.674539
0.674817
0.675081
0.675331
0.675568
0.675791
0.676001
0.676198
0.676382
0.676553
0.676712
0.676859
0.676995
0.677118
0.677230
0.677331
0.677422
0.677501
0.677570
0.677629
0.677677
0.677716
0.677746
0.677766
0.677777
0.677779
0.677773
0.677758
0.677734
0.677703
0.677664
0.677617
0.677563
0.677502
0.677434
0.677359
0.677277
0.677189
0.677094
0.676994
0.676887
0.676775
0.676657
0.676534
0.676406
0.676272
0.676134
0.675991
0.675843
0.675691
0.675535
0.675374
0.675210
0.675041
0.674869
0.674693
0.674514
0.674331
0.674145
0.673956
0.673763
0.673568
0.673370
0.673170
0.672966
0.672761
0.672553
0.672342
0.672129
0.671915
0.671698
0.671479
0.671258
0.671036
0.670812
0.670586
0.670359
0.670130
0.669900
0.669668
0.669435
0.669201
0.668966
0.668730
0.668492
0.668254
0.668015
0.667774
0.667533
0.667292
0.667049
0.666806
0.666562
0.666317
0.666072
0.665827
0.665581
0.665334
0.665087
0.664840
0.664592
0.664345
0.664096
0.663848
0.663599
0.663350
0.663101
0.662852
0.662603
0.662353
0.662104
0.661855
0.661605
0.661356
0.661106
0.660857
0.660607
0.660358
0.660109
0.659860
0.659610
0.659362
0.659113
0.658864
0.658616
0.658368
0.658120
0.657872
0.657624
0.657377
0.657130
0.656883
0.656636
0.656390
0.656144
0.655898
0.655653
0.655408
0.655163
0.654918
0.654674
0.654430
0.654186
0.653943
0.653700
0.653457
0.653215
0.652973
0.652732
0.652491
0.652250
0.652009
0.651769
0.651529
0.651290
0.651051
0.650812
0.650574
0.650336
0.650099
0.649862
0.649625
0.649389
0.649153
0.648917
0.648682
0.648447
0.648213
0.647979
0.647745
0.647512
0.647279
0.647046
0.646814
0.646583
0.646351
0.646120
0.645890
0.645660
0.645430
0.645201
0.644972
0.644743
0.644515
0.644287
0.644060
0.643833
0.643606
0.643380
0.643154
0.642928
0.642703
0.642478
0.642254
0.642030
0.641806
0.641583
0.641360
0.641138
0.640916
0.640694
0.640473
0.640252
0.640031
0.639811
0.639591
0.639371
0.639152
0.638933
0.638715
0.638497
0.638279
0.638062
0.637845
0.637845
0.637628
0.637412
0.637196
0.636980
0.636765
0.636550
0.636336
0.636122
0.635908
0.635694
0.635481
0.635268
0.635056
0.634844
0.634632
0.634420
0.634209
0.633999
0.633788
0.633578
0.633368
0.633159
0.632950
0.632741
0.632533
0.632325
0.632117
0.631909
0.631702
0.631495
0.631289
0.631083
0.630877
0.630671
0.630466
0.630261
0.630057
0.629853
0.629649
0.629445
0.629242
0.629039
0.628836
0.628634
0.628432
0.628230
0.628029
0.627827
0.627627
0.627426
0.627226
0.627026
0.626826
0.626627
0.626428
0.626229
0.626031
0.625833
0.625635
0.625437
0.625240
0.625043
0.624847
0.624650
0.624454
0.624259
0.624063
0.623868
0.623673
0.623478
0.623284
0.623090
0.622896
0.622703
0.622510
0.622317
0.622124
0.621932
0.621740
0.621548
0.621357
0.621165
0.620975
0.620784
0.620594
0.620403
0.620214
0.620024
0.619835
0.619646
0.619457
0.619269
0.619081
0.618893
0.618705
0.618518
0.618331
0.618144
0.617957
0.617771
0.617585
0.617399
0.617214
0.617029
0.616844
0.616659
0.616474
0.616290
0.616106
0.615923
0.615739
0.615556
0.615373
0.615191
0.615009
0.614826
0.614645
0.614463
0.614282
0.614101
0.613920
0.613739
0.613559
0.613379
0.613199
0.613020
0.612841
0.612662
0.612483
0.612304
0.612126
0.611948
0.611770
0.611593
0.611416
0.611239
0.611062
0.610885
0.610709
0.610533
0.610357
0.610182
0.610006
0.609831
0.609657
0.609482
0.609308
0.609134
0.608960
0.608786
0.608613
0.608440
0.608267
0.608094
0.607922
0.607750
0.607578
0.607406
0.607235
0.607064
0.606893
0.606722
0.606552
0.606381
0.606211
0.606042
0.605872
0.605703
0.605534
0.605365
0.605196
0.605028
0.604860
0.604692
0.604524
0.604357
0.604189
0.604022
0.603856
0.603689
0.603523
0.603357
0.603191
0.603025
0.602860
0.602695
0.602530
0.602365
0.602201
0.602036
0.601872
0.601709
0.601545
0.601382
0.601219
0.601056
0.600893
0.600730
0.600568
0.600406
0.600244
0.600083
0.599921
0.599760
0.599599
0.599439
0.599278
0.599118
0.598958
0.598798
0.598638
0.598479
0.598320
0.598161
0.598002
0.597844
0.597685
0.597527
0.597369
0.597211
0.597054
0.596897
0.596740
0.596583
0.596426
0.596270
0.596114
0.595958
0.595802
0.595646
0.595491
0.595336
0.595181
0.595026
0.594872
0.594717
0.594563
0.594409
0.594256
0.594102
0.593949
0.593796
0.593643
0.593490
0.593338
0.593186
0.593034
0.592882
0.592730
0.592579
0.592428
0.592276
0.592126
0.591975
0.591825
0.591674
0.591524
0.591375
0.591225
0.591076
0.590926
0.590777
0.590628
0.590480
0.590331
0.590183
0.590035
0.589887
0.589740
0.589592
0.589445
0.589298
0.589151
0.589005
0.588858
0.588712
0.588566
0.588420
0.588274
0.588129
0.587983
0.587838
0.587693
0.587549
0.587404
0.587260
0.587116
0.586972
0.586828
0.586684
0.586541
0.586398
0.586255
0.586112
0.585969
0.585827
0.585685
0.585543
0.585401
0.585259
0.585118
0.584976
0.584835
0.584694
0.584553
0.584413
0.584272
0.584132
0.583992
0.583852
0.583713
0.583573
0.583434
0.583295
0.583156
0.583017
0.582879
0.582740
0.582602
0.582464
0.582326
0.582189
0.582051
0.581914
0.581777
0.581640
0.581503
0.581366
0.581230
0.581094
0.580958
0.580822
0.580686
0.580551
0.580415
0.580280
0.580145
0.580010
0.579876
0.579741
0.579607
0.579473
0.579339
0.579205
0.579071
0.578938
0.578805
0.578672
0.578539
0.578406
0.578273
0.578141
0.578009
0.577877
0.577745
0.577613
0.577482
0.577350
0.577219
0.577088
0.576957
0.576826
0.576696
0.576565
0.576435
0.576305
0.576175
0.576046
0.575916
0.575787
0.575658
0.575528
0.575400
0.575271
0.575142
0.575014
0.574886
0.574758
0.574630
0.574502
0.574375
0.574247
0.574120
0.573993
0.573866
0.573739
0.573613
0.573486
0.573360
0.573234
0.573108
0.572982
0.572856
0.572731
0.572606
0.572480
0.572355
0.572231
0.572106
0.571981
0.571857
0.571733
0.571609
0.571485
0.571361
0.571237
0.571114
0.570991
0.570868
0.570745
0.570622
0.570499
0.570377
0.570254
0.570132
0.570010
0.569888
0.569767
0.569645
0.569523
0.569402
0.569281
0.569160
0.569039
0.568919
0.568798
0.568678
0.568558
0.568437
0.568318
0.568198
0.568078
0.567959
0.567839
0.567720
0.567601
0.567482
0.567363
0.567245
0.567126
0.567008
0.566890
0.566772
0.566654
0.566536
0.566419
0.566302
0.566184
0.566067
0.565950
0.565833
0.565717
0.565600
0.565484
0.565367
0.565251
0.565135
0.565019
0.564904
0.564788
0.564673
0.564558
0.564442
0.564327
0.564213
0.564098
0.563983
0.563869
0.563755
0.563641
0.563527
0.563413
0.563299
0.563185
0.563072
0.562959
0.562846
0.562733
0.562620
0.562507
0.562394
0.562282
0.562169
0.562057
0.561945
0.561833
0.561722
0.561610
0.561498
0.561387
0.561276
0.561165
0.561054
0.560943
0.560832
0.560722
0.560611
0.560501
0.560391
0.560391
0.560281
0.560171
0.560061
0.559951
0.559842
0.559732
0.559623
0.559514
0.559405
0.559296
0.559188
0.559079
0.558971
0.558862
0.558754
0.558646
0.558538
0.558430
0.558323
0.558215
0.558108
0.558000
0.557893
0.557786
0.557679
0.557573
0.557466
0.557359
0.557253
0.557147
0.557041
0.556935
0.556829
0.556723
0.556617
0.556512
0.556407
0.556301
0.556196
0.556091
0.555986
0.555882
0.555777
0.555673
0.555568
0.555464
0.555360
0.555256
0.555152
0.555048
0.554945
0.554841
0.554738
0.554634
0.554531
0.554428
0.554325
0.554223
0.554120
0.554018
0.553915
0.553813
0.553711
0.553609
0.553507
0.553405
0.553303
0.553202
0.553100
0.552999
0.552898
0.552797
0.552696
0.552595
0.552494
0.552394
0.552293
0.552193
0.552093
0.551993
0.551893
0.551793
0.551693
0.551593
0.551494
0.551394
0.551295
0.551196
0.551097
0.550998
0.550899
0.550800
0.550702
0.550603
0.550505
0.550407
0.550309
0.550211
0.550113
0.550015
0.549917
0.549820
0.549722
0.549625
0.549528
0.549431
0.549334
0.549237
0.549140
0.549043
0.548947
0.548850
0.548754
0.548658
0.548562
0.548466
0.548370
0.548274
0.548179
0.548083
0.547988
0.547893
0.547797
0.547702
0.547607
0.547513
0.547418
0.547323
0.547229
0.547134
0.547040
0.546946
0.546852
0.546758
0.546664
0.546570
0.546477
0.546383
0.546290
0.546196
0.546103
0.546010
0.545917
0.545824
0.545731
0.545639
0.545546
0.545454
0.545361
0.545269
0.545177
0.545085
0.544993
0.544901
0.544810
0.544718
0.544627
0.544535
0.544444
0.544353
0.544262
0.544171
0.544080
0.543989
0.543899
0.543808
0.543718
0.543627
0.543537
0.543447
0.543357
0.543267
0.543177
0.543088
0.542998
0.542909
0.542819
0.542730
0.542641
0.542552
0.542463
0.542374
0.542285
0.542197
0.542108
0.542020
0.541931
0.541843
0.541755
0.541667
0.541579
0.541491
0.541403
0.541316
0.541228
0.541141
0.541053
0.540966
0.540879
0.540792
0.540705
0.540618
0.540532
0.540445
0.540358
0.540272
0.540186
0.540099
0.540013
0.539927
0.539841
0.539756
0.539670
0.539584
0.539499
0.539413
0.539328
0.539243
0.539158
0.539073
0.538988
0.538903
0.538818
0.538733
0.538649
0.538564
0.538480
0.538396
0.538312
0.538228
0.538144
0.538060
0.537976
0.537892
0.537809
0.537725
0.537642
0.537559
0.537475
0.537392
0.537309
0.537226
0.537144
0.537061
0.536978
0.536896
0.536813
0.536731
0.536649
0.536567
0.536485
0.536403
0.536321
0.536239
0.536157
0.536076
0.535994
0.535913
0.535832
0.535750
0.535669
0.535588
0.535507
0.535427
0.535346
0.535265
0.535185
0.535104
0.535024
0.534944
0.534863
0.534783
0.534703
0.534623
0.534544
0.534464
0.534384
0.534305
0.534225
0.534146
0.534067
0.533987
0.533908
0.533829
0.533750
0.533672
0.533593
0.533514
0.533436
0.533357
0.533279
0.533201
0.533123
0.533044
0.532966
0.532889
0.532811
0.532733
0.532655
0.532578
0.532500
0.532423
0.532346
0.532268
0.532191
0.532114
0.532037
0.531961
0.531884
0.531807
0.531731
0.531654
0.531578
0.531501
0.531425
0.531349
0.531273
0.531197
0.531121
0.531045
0.530970
0.530894
0.530818
0.530743
0.530668
0.530592
0.530517
0.530442
0.530367
0.530292
0.530217
0.530143
0.530068
0.529993
0.529919
0.529844
0.529770
0.529696
0.529622
0.529548
0.529474
0.529400
0.529326
0.529252
0.529178
0.529105
0.529031
0.528958
0.528885
0.528812
0.528738
0.528665
0.528592
0.528519
0.528447
0.528374
0.528301
0.528229
0.528156
0.528084
0.528011
0.527939
0.527867
0.527795
0.527723
0.527651
0.527579
0.527508
0.527436
0.527364
0.527293
0.527221
0.527150
0.527079
0.527008
0.526937
0.526866
0.526795
0.526724
0.526653
0.526582
0.526512
0.526441
0.526371
0.526300
0.526230
0.526160
0.526090
0.526020
0.525950
0.525880
0.525810
0.525740
0.525671
0.525601
0.525532
0.525462
0.525393
0.525324
0.525255
0.525185
0.525116
0.525047
0.524979
0.524910
0.524841
0.524773
0.524704
0.524636
0.524567
0.524499
0.524431
0.524362
0.524294
0.524226
0.524158
0.524091
0.524023
0.523955
0.523888
0.523820
0.523753
0.523685
0.523618
0.523551
0.523483
0.523416
0.523349
0.523282
0.523216
0.523149
0.523082
0.523015
0.522949
0.522882
0.522816
0.522750
0.522683
0.522617
0.522551
0.522485
0.522419
0.522353
0.522287
0.522222
0.522156
0.522091
0.522025
0.521960
0.521894
0.521829
0.521764
0.521699
0.521634
0.521569
0.521504
0.521439
0.521374
0.521309
0.521245
0.521180
0.521116
0.521051
0.520987
0.520923
0.520858
0.520794
0.520730
0.520666
0.520602
0.520539
0.520475
0.520411
0.520348
0.520284
0.520221
0.520157
0.520094
0.520031
0.519967
0.519904
0.519841
0.519778
0.519715
0.519653
0.519590
0.519527
0.519464
0.519402
0.519339
0.519277
0.519215
0.519152
0.519090
0.519028
0.518966
0.518904
0.518842
0.518780
0.518780
0.518718
0.518657
0.518595
0.518534
0.518472
0.518411
0.518349
0.518288
0.518227
0.518165
0.518104
0.518043
0.517982
0.517922
0.517861
0.517800
0.517739
0.517679
0.517618
0.517558
0.517497
0.517437
0.517377
0.517316
0.517256
0.517196
0.517136
0.517076
0.517016
0.516956
0.516897
0.516837
0.516777
0.516718
0.516658
0.516599
0.516540
0.516480
0.516421
0.516362
0.516303
0.516244
0.516185
0.516126
0.516067
0.516008
0.515950
0.515891
0.515832
0.515774
0.515715
0.515657
0.515599
0.515541
0.515482
0.515424
0.515366
0.515308
0.515250
0.515192
0.515135
0.515077
0.515019
0.514962
0.514904
0.514847
0.514789
0.514732
0.514675
0.514617
0.514560
0.514503
0.514446
0.514389
0.514332
0.514275
0.514218
0.514162
0.514105
0.514049
0.513992
0.513935
0.513879
0.513823
0.513766
0.513710
0.513654
0.513598
0.513542
0.513486
0.513430
0.513374
0.513318
0.513263
0.513207
0.513151
0.513096
0.513040
0.512985
0.512929
0.512874
0.512819
0.512764
0.512709
0.512654
0.512598
0.512544
0.512489
0.512434
0.512379
0.512324
0.512270
0.512215
0.512161
0.512106
0.512052
0.511997
0.511943
0.511889
0.511835
0.511780
0.511726
0.511672
0.511618
0.511565
0.511511
0.511457
0.511403
0.511350
0.511296
0.511243
0.511189
0.511136
0.511082
0.511029
0.510976
0.510923
0.510869
0.510816
0.510763
0.510710
0.510657
0.510605
0.510552
0.510499
0.510446
0.510394
0.510341
0.510289
0.510236
0.510184
0.510132
0.510079
0.510027
0.509975
0.509923
0.509871
0.509819
0.509767
0.509715
0.509663
0.509611
0.509560
0.509508
0.509456
0.509405
0.509353
0.509302
0.509250
0.509199
0.509148
0.509097
0.509045
0.508994
0.508943
0.508892
0.508841
0.508790
0.508740
0.508689
0.508638
0.508587
0.508537
0.508486
0.508436
0.508385
0.508335
0.508284
0.508234
0.508184
0.508134
0.508084
0.508033
0.507983
0.507933
0.507883
0.507834
0.507784
0.507734
0.507684
0.507635
0.507585
0.507535
0.507486
0.507437
0.507387
0.507338
0.507288
0.507239
0.507190
0.507141
0.507092
0.507043
0.506994
0.506945
0.506896
0.506847
0.506798
0.506750
0.506701
0.506652
0.506604
0.506555
0.506507
0.506458
0.506410
0.506362
0.506313
0.506265
0.506217
0.506169
0.506121
0.506073
0.506025
0.505977
0.505929
0.505881
0.505834
0.505786
0.505738
0.505691
0.505643
0.505595
0.505548
0.505501
0.505453
0.505406
0.505359
0.505311
0.505264
0.505217
0.505170
0.505123
0.505076
0.505029
0.504982
0.504936
0.504889
0.504842
0.504795
0.504749
0.504702
0.504656
0.504609
0.504563
0.504516
0.504470
0.504424
0.504377
0.504331
0.504285
0.504239
0.504193
0.504147
0.504101
0.504055
0.504009
0.503964
0.503918
0.503872
0.503826
0.503781
0.503735
0.503690
0.503644
0.503599
0.503553
0.503508
0.503463
0.503418
0.503372
0.503327
0.503282
0.503237
0.503192
0.503147
0.503102
0.503057
0.503012
0.502968
0.502923
0.502878
0.502834
0.502789
0.502744
0.502700
0.502656
0.502611
0.502567
0.502522
0.502478
0.502434
0.502390
0.502346
0.502302
0.502257
0.502213
0.502170
0.502126
0.502082
0.502038
0.501994
0.501950
0.501907
0.501863
0.501820
0.501776
0.501732
0.501689
0.501646
0.501602
0.501559
0.501516
0.501472
0.501429
0.501386
0.501343
0.501300
0.501257
0.501214
0.501171
0.501128
0.501085
0.501042
0.501000
0.500957
0.500914
0.500872
0.500829
0.500786
0.500744
0.500702
0.500659
0.500617
0.500574
0.500532
0.500490
0.500448
0.500406
0.500363
0.500321
0.500279
0.500237
0.500195
0.500154
0.500112
0.500070
0.500028
0.499986
0.499945
0.499903
0.499861
0.499820
0.499778
0.499737
0.499695
0.499654
0.499613
0.499571
0.499530
0.499489
0.499448
0.499407
0.499365
0.499324
0.499283
0.499242
0.499201
0.499161
0.499120
0.499079
0.499038
0.498997
0.498957
0.498916
0.498875
0.498835
0.498794
0.498754
0.498713
0.498673
0.498633
0.498592
0.498552
0.498512
0.498472
0.498431
0.498391
0.498351
0.498311
0.498271
0.498231
0.498191
0.498151
0.498112
0.498072
0.498032
0.497992
0.497953
0.497913
0.497873
0.497834
0.497794
0.497755
0.497715
0.497676
0.497637
0.497597
0.497558
0.497519
0.497480
0.497440
0.497401
0.497362
0.497323
0.497284
0.497245
0.497206
0.497167
0.497128
0.497090
0.497051
0.497012
0.496973
0.496935
0.496896
0.496857
0.496819
0.496780
0.496742
0.496704
0.496665
0.496627
0.496588
0.496550
0.496512
0.496474
0.496436
0.496397
0.496359
0.496321
0.496283
0.496245
0.496207
0.496169
0.496132
0.496094
0.496056
0.496018
0.495980
0.495943
0.495905
0.495867
0.495830
0.495792
0.495755
0.495717
0.495680
0.495643
0.495605
0.495568
0.495531
0.495493
0.495456
0.495419
0.495382
0.495345
0.495308
0.495271
0.495234
0.495197
0.495160
0.495123
0.495086
0.495049
0.495013
0.494976
0.494939
0.494903
0.494903
0.494866
0.494829
0.494793
0.494756
0.494720
0.494683
0.494647
0.494611
0.494574
0.494538
0.494502
0.494465
0.494429
0.494393
0.494357
0.494321
0.494285
0.494249
0.494213
0.494177
0.494141
0.494105
0.494069
0.494033
0.493998
0.493962
0.493926
0.493891
0.493855
0.493819
0.493784
0.493748
0.493713
0.493677
0.493642
0.493606
0.493571
0.493536
0.493501
0.493465
0.493430
0.493395
0.493360
0.493325
0.493290
0.493254
0.493219
0.493184
0.493150
0.493115
0.493080
0.493045
0.493010
0.492975
0.492941
0.492906
0.492871
0.492837
0.492802
0.492767
0.492733
0.492698
0.492664
0.492629
0.492595
0.492561
0.492526
0.492492
0.492458
0.492423
0.492389
0.492355
0.492321
0.492287
0.492253
0.492219
0.492185
0.492151
0.492117
0.492083
0.492049
0.492015
0.491981
0.491948
0.491914
0.491880
0.491846
0.491813
0.491779
0.491746
0.491712
0.491679
0.491645
0.491612
0.491578
0.491545
0.491511
0.491478
0.491445
0.491412
0.491378
0.491345
0.491312
0.491279
0.491246
0.491213
0.491180
0.491147
0.491114
0.491081
0.491048
0.491015
0.490982
0.490949
0.490916
0.490884
0.490851
0.490818
0.490786
0.490753
0.490720
0.490688
0.490655
0.490623
0.490590
0.490558
0.490526
0.490493
0.490461
0.490428
0.490396
0.490364
0.490332
0.490300
0.490267
0.490235
0.490203
0.490171
0.490139
0.490107
0.490075
0.490043
0.490011
0.489979
0.489947
0.489916
0.489884
0.489852
0.489820
0.489789
0.489757
0.489725
0.489694
0.489662
0.489631
0.489599
0.489568
0.489536
0.489505
0.489473
0.489442
0.489411
0.489379
0.489348
0.489317
0.489286
0.489254
0.489223
0.489192
0.489161
0.489130
0.489099
0.489068
0.489037
0.489006
0.488975
0.488944
0.488913
0.488882
0.488852
0.488821
0.488790
0.488759
0.488729
0.488698
0.488667
0.488637
0.488606
0.488576
0.488545
0.488515
0.488484
0.488454
0.488423
0.488393
0.488363
0.488332
0.488302
0.488272
0.488242
0.488211
0.488181
0.488151
0.488121
0.488091
0.488061
0.488031
0.488001
0.487971
0.487941
0.487911
0.487881
0.487851
0.487821
0.487792
0.487762
0.487732
0.487702
0.487673
0.487643
0.487613
0.487584
0.487554
0.487525
0.487495
0.487466
0.487436
0.487407
0.487377
0.487348
0.487319
0.487289
0.487260
0.487231
0.487201
0.487172
0.487143
0.487114
0.487085
0.487056
0.487027
0.486998
0.486969
0.486940
0.486911
0.486882
0.486853
0.486824
0.486795
0.486766
0.486737
0.486709
0.486680
0.486651
0.486622
0.486594
0.486565
0.486536
0.486508
0.486479
0.486451
0.486422
0.486394
0.486365
0.486337
0.486309
0.486280
0.486252
0.486224
0.486195
0.486167
0.486139
0.486111
0.486082
0.486054
0.486026
0.485998
0.485970
0.485942
0.485914
0.485886
0.485858
0.485830
0.485802
0.485774
0.485746
0.485718
0.485691
0.485663
0.485635
0.485607
0.485579
0.485552
0.485524
0.485497
0.485469
0.485441
0.485414
0.485386
0.485359
0.485331
0.485304
0.485276
0.485249
0.485222
0.485194
0.485167
0.485140
0.485112
0.485085
0.485058
0.485031
0.485004
0.484976
0.484949
0.484922
0.484895
0.484868
0.484841
0.484814
0.484787
0.484760
0.484733
0.484706
0.484679
0.484653
0.484626
0.484599
0.484572
0.484545
0.484519
0.484492
0.484465
0.484439
0.484412
0.484386
0.484359
0.484332
0.484306
0.484279
0.484253
0.484226
0.484200
0.484174
0.484147
0.484121
0.484095
0.484068
0.484042
0.484016
0.483990
0.483963
0.483937
0.483911
0.483885
0.483859
0.483833
0.483807
0.483781
0.483755
0.483729
0.483703
0.483677
0.483651
0.483625
0.483599
0.483573
0.483548
0.483522
0.483496
0.483470
0.483444
0.483419
0.483393
0.483367
0.483342
0.483316
0.483291
0.483265
0.483240
0.483214
0.483189
0.483163
0.483138
0.483112
0.483087
0.483062
0.483036
0.483011
0.482986
0.482960
0.482935
0.482910
0.482885
0.482860
0.482834
0.482809
0.482784
0.482759
0.482734
0.482709
0.482684
0.482659
0.482634
0.482609
0.482584
0.482559
0.482534
0.482510
0.482485
0.482460
0.482435
0.482410
0.482386
0.482361
0.482336
0.482312
0.482287
0.482262
0.482238
0.482213
0.482189
0.482164
0.482140
0.482115
0.482091
0.482066
0.482042
0.482018
0.481993
0.481969
0.481944
0.481920
0.481896
0.481872
0.481847
0.481823
0.481799
0.481775
0.481751
0.481727
0.481702
0.481678
0.481654
0.481630
0.481606
0.481582
0.481558
0.481534
0.481511
0.481487
0.481463
0.481439
0.481415
0.481391
0.481367
0.481344
0.481320
0.481296
0.481273
0.481249
0.481225
0.481202
0.481178
0.481154
0.481131
0.481107
0.481084
0.481060
0.481037
0.481013
0.480990
0.480966
0.480943
0.480920
0.480896
0.480873
0.480850
0.480826
0.480803
0.480780
0.480757
0.480733
0.480710
0.480687
0.480664
0.480641
0.480618
0.480595
0.480572
0.480549
0.480526
0.480503
0.480480
0.480457
0.480434
0.480411
0.480388
0.480365
0.480365
0.480342
0.480319
0.480297
0.480274
0.480251
0.480228
0.480206
0.480183
0.480160
0.480138
0.480115
0.480092
0.480070
0.480047
0.480025
0.480002
0.479980
0.479957
0.479935
0.479912
0.479890
0.479867
0.479845
0.479823
0.479800
0.479778
0.479756
0.479733
0.479711
0.479689
0.479667
0.479644
0.479622
0.479600
0.479578
0.479556
0.479534
0.479512
0.479490
0.479468
0.479445
0.479423
0.479402
0.479380
0.479358
0.479336
0.479314
0.479292
0.479270
0.479248
0.479226
0.479205
0.479183
0.479161
0.479139
0.479118
0.479096
0.479074
0.479053
0.479031
0.479009
0.478988
0.478966
0.478945
0.478923
0.478902
0.478880
0.478859
0.478837
0.478816
0.478794
0.478773
0.478751
0.478730
0.478709
0.478687
0.478666
0.478645
0.478624
0.478602
0.478581
0.478560
0.478539
0.478518
0.478496
0.478475
0.478454
0.478433
0.478412
0.478391
0.478370
0.478349
0.478328
0.478307
0.478286
0.478265
0.478244
0.478223
0.478202
0.478181
0.478161
0.478140
0.478119
0.478098
0.478077
0.478057
0.478036
0.478015
0.477995
0.477974
0.477953
0.477933
0.477912
0.477891
0.477871
0.477850
0.477830
0.477809
0.477789
0.477768
0.477748
0.477727
0.477707
0.477686
0.477666
0.477646
0.477625
0.477605
0.477585
0.477564
0.477544
0.477524
0.477504
0.477483
0.477463
0.477443
0.477423
0.477403
0.477383
0.477362
0.477342
0.477322
0.477302
0.477282
0.477262
0.477242
0.477222
0.477202
0.477182
0.477162
0.477142
0.477123
0.477103
0.477083
0.477063
0.477043
0.477023
0.477004
0.476984
0.476964
0.476944
0.476925
0.476905
0.476885
0.476866
0.476846
0.476826
0.476807
0.476787
0.476767
0.476748
0.476728
0.476709
0.476689
0.476670
0.476650
0.476631
0.476612
0.476592
0.476573
0.476553
0.476534
0.476515
0.476495
0.476476
0.476457
0.476437
0.476418
0.476399
0.476380
0.476361
0.476341
0.476322
0.476303
0.476284
0.476265
0.476246
0.476227
0.476208
0.476189
0.476169
0.476150
0.476131
0.476113
0.476094
0.476075
0.476056
0.476037
0.476018
0.475999
0.475980
0.475961
0.475942
0.475924
0.475905
0.475886
0.475867
0.475849
0.475830
0.475811
0.475793
0.475774
0.475755
0.475737
0.475718
0.475699
0.475681
0.475662
0.475644
0.475625
0.475607
0.475588
0.475570
0.475551
0.475533
0.475514
0.475496
0.475477
0.475459
0.475441
0.475422
0.475404
0.475386
0.475367
0.475349
0.475331
0.475313
0.475294
0.475276
0.475258
0.475240
0.475222
0.475203
0.475185
0.475167
0.475149
0.475131
0.475113
0.475095
0.475077
0.475059
0.475041
0.475023
0.475005
0.474987
0.474969
0.474951
0.474933
0.474915
0.474897
0.474879
0.474862
0.474844
0.474826
0.474808
0.474790
0.474773
0.474755
0.474737
0.474719
0.474702
0.474684
0.474666
0.474649
0.474631
0.474613
0.474596
0.474578
0.474561
0.474543
0.474526
0.474508
0.474491
0.474473
0.474456
0.474438
0.474421
0.474403
0.474386
0.474368
0.474351
0.474334
0.474316
0.474299
0.474282
0.474264
0.474247
0.474230
0.474213
0.474195
0.474178
0.474161
0.474144
0.474126
0.474109
0.474092
0.474075
0.474058
0.474041
0.474024
0.474007
0.473990
0.473973
0.473956
0.473938
0.473921
0.473905
0.473888
0.473871
0.473854
0.473837
0.473820
0.473803
0.473786
0.473769
0.473752
0.473736
0.473719
0.473702
0.473685
0.473668
0.473652
0.473635
0.473618
0.473601
0.473585
0.473568
0.473551
0.473535
0.473518
0.473502
0.473485
0.473468
0.473452
0.473435
0.473419
0.473402
0.473386
0.473369
0.473353
0.473336
0.473320
0.473303
0.473287
0.473270
0.473254
0.473238
0.473221
0.473205
0.473189
0.473172
0.473156
0.473140
0.473123
0.473107
0.473091
0.473075
0.473058
0.473042
0.473026
0.473010
0.472994
0.472978
0.472961
0.472945
0.472929
0.472913
0.472897
0.472881
0.472865
0.472849
0.472833
0.472817
0.472801
0.472785
0.472769
0.472753
0.472737
0.472721
0.472705
0.472689
0.472673
0.472658
0.472642
0.472626
0.472610
0.472594
0.472578
0.472563
0.472547
0.472531
0.472515
0.472500
0.472484
0.472468
0.472453
0.472437
0.472421
0.472406
0.472390
0.472375
0.472359
0.472343
0.472328
0.472312
0.472297
0.472281
0.472266
0.472250
0.472235
0.472219
0.472204
0.472188
0.472173
0.472157
0.472142
0.472127
0.472111
0.472096
0.472081
0.472065
0.472050
0.472035
0.472019
0.472004
0.471989
0.471974
0.471958
0.471943
0.471928
0.471913
0.471898
0.471882
0.471867
0.471852
0.471837
0.471822
0.471807
0.471792
0.471777
0.471762
0.471746
0.471731
0.471716
0.471701
0.471686
0.471671
0.471656
0.471642
0.471627
0.471612
0.471597
0.471582
0.471567
0.471552
0.471537
0.471522
0.471508
0.471493
0.471478
0.471463
0.471448
0.471434
0.471419
0.471404
0.471389
0.471375
0.471360
0.471345
0.471331
0.471316
0.471301
0.471287
0.471272
0.471257
0.471243
0.471228
0.471214
0.471199
0.471199
0.471185
0.471170
0.471156
0.471141
0.471127
0.471112
0.471098
0.471083
0.471069
0.471054
0.471040
0.471025
0.471011
0.470997
0.470982
0.470968
0.470954
0.470939
0.470925
0.470911
0.470896
0.470882
0.470868
0.470854
0.470839
0.470825
0.470811
0.470797
0.470783
0.470768
0.470754
0.470740
0.470726
0.470712
0.470698
0.470684
0.470670
0.470655
0.470641
0.470627
0.470613
0.470599
0.470585
0.470571
0.470557
0.470543
0.470529
0.470515
0.470501
0.470488
0.470474
0.470460
0.470446
0.470432
0.470418
0.470404
0.470390
0.470377
0.470363
0.470349
0.470335
0.470321
0.470308
0.470294
0.470280
0.470266
0.470253
0.470239
0.470225
0.470212
0.470198
0.470184
0.470171
0.470157
0.470143
0.470130
0.470116
0.470103
0.470089
0.470076
0.470062
0.470048
0.470035
0.470021
0.470008
0.469994
0.469981
0.469968
0.469954
0.469941
0.469927
0.469914
0.469900
0.469887
0.469874
0.469860
0.469847
0.469834
0.469820
0.469807
0.469794
0.469780
0.469767
0.469754
0.469741
0.469727
0.469714
0.469701
0.469688
0.469674
0.469661
0.469648
0.469635
0.469622
0.469609
0.469595
0.469582
0.469569
0.469556
0.469543
0.469530
0.469517
0.469504
0.469491
0.469478
0.469465
0.469452
0.469439
0.469426
0.469413
0.469400
0.469387
0.469374
0.469361
0.469348
0.469335
0.469322
0.469309
0.469297
0.469284
0.469271
0.469258
0.469245
0.469232
0.469220
0.469207
0.469194
0.469181
0.469169
0.469156
0.469143
0.469130
0.469118
0.469105
0.469092
0.469080
0.469067
0.469054
0.469042
0.469029
0.469016
0.469004
0.468991
0.468979
0.468966
0.468953
0.468941
0.468928
0.468916
0.468903
0.468891
0.468878
0.468866
0.468853
0.468841
0.468828
0.468816
0.468804
0.468791
0.468779
0.468766
0.468754
0.468742
0.468729
0.468717
0.468705
0.468692
0.468680
0.468668
0.468655
0.468643
0.468631
0.468618
0.468606
0.468594
0.468582
0.468569
0.468557
0.468545
0.468533
0.468521
0.468509
0.468496
0.468484
0.468472
0.468460
0.468448
0.468436
0.468424
0.468412
0.468399
0.468387
0.468375
0.468363
0.468351
0.468339
0.468327
0.468315
0.468303
0.468291
0.468279
0.468267
0.468255
0.468243
0.468232
0.468220
0.468208
0.468196
0.468184
0.468172
0.468160
0.468148
0.468137
0.468125
0.468113
0.468101
0.468089
0.468077
0.468066
0.468054
0.468042
0.468030
0.468019
0.468007
0.467995
0.467984
0.467972
0.467960
0.467948
0.467937
0.467925
0.467914
0.467902
0.467890
0.467879
0.467867
0.467855
0.467844
0.467832
0.467821
0.467809
0.467798
0.467786
0.467775
0.467763
0.467752
0.467740
0.467729
0.467717
0.467706
0.467694
0.467683
0.467671
0.467660
0.467648
0.467637
0.467626
0.467614
0.467603
0.467592
0.467580
0.467569
0.467558
0.467546
0.467535
0.467524
0.467512
0.467501
0.467490
0.467478
0.467467
0.467456
0.467445
0.467434
0.467422
0.467411
0.467400
0.467389
0.467378
0.467366
0.467355
0.467344
0.467333
0.467322
0.467311
0.467300
0.467289
0.467277
0.467266
0.467255
0.467244
0.467233
0.467222
0.467211
0.467200
0.467189
0.467178
0.467167
0.467156
0.467145
0.467134
0.467123
0.467112
0.467101
0.467090
0.467080
0.467069
0.467058
0.467047
0.467036
0.467025
0.467014
0.467003
0.466993
0.466982
0.466971
0.466960
0.466949
0.466939
0.466928
0.466917
0.466906
0.466895
0.466885
0.466874
0.466863
0.466853
0.466842
0.466831
0.466821
0.466810
0.466799
0.466789
0.466778
0.466767
0.466757
0.466746
0.466735
0.466725
0.466714
0.466704
0.466693
0.466682
0.466672
0.466661
0.466651
0.466640
0.466630
0.466619
0.466609
0.466598
0.466588
0.466577
0.466567
0.466556
0.466546
0.466536
0.466525
0.466515
0.466504
0.466494
0.466483
0.466473
0.466463
0.466452
0.466442
0.466432
0.466421
0.466411
0.466401
0.466390
0.466380
0.466370
0.466359
0.466349
0.466339
0.466329
0.466318
0.466308
0.466298
0.466288
0.466278
0.466267
0.466257
0.466247
0.466237
0.466227
0.466216
0.466206
0.466196
0.466186
0.466176
0.466166
0.466156
0.466146
0.466136
0.466125
0.466115
0.466105
0.466095
0.466085
0.466075
0.466065
0.466055
0.466045
0.466035
0.466025
0.466015
0.466005
0.465995
0.465985
0.465975
0.465965
0.465955
0.465946
0.465936
0.465926
0.465916
0.465906
0.465896
0.465886
0.465876
0.465867
0.465857
0.465847
0.465837
0.465827
0.465817
0.465808
0.465798
0.465788
0.465778
0.465768
0.465759
0.465749
0.465739
0.465730
0.465720
0.465710
0.465700
0.465691
0.465681
0.465671
0.465662
0.465652
0.465642
0.465633
0.465623
0.465613
0.465604
0.465594
0.465585
0.465575
0.465565
0.465556
0.465546
0.465537
0.465527
0.465518
0.465508
0.465498
0.465489
0.465479
0.465470
0.465460
0.465451
0.465441
0.465432
0.465423
0.465413
0.465404
0.465394
0.465385
0.465375
0.465366
0.465357
0.465347
0.465338
0.465328
0.465328
0.465319
0.465310
0.465300
0.465291
0.465282
0.465272
0.465263
0.465254
0.465244
0.465235
0.465226
0.465216
0.465207
0.465198
0.465189
0.465179
0.465170
0.465161
0.465152
0.465142
0.465133
0.465124
0.465115
0.465106
0.465096
0.465087
0.465078
0.465069
0.465060
0.465051
0.465042
0.465032
0.465023
0.465014
0.465005
0.464996
0.464987
0.464978
0.464969
0.464960
0.464951
0.464942
0.464933
0.464924
0.464914
0.464905
0.464896
0.464887
0.464878
0.464869
0.464861
0.464852
0.464843
0.464834
0.464825
0.464816
0.464807
0.464798
0.464789
0.464780
0.464771
0.464762
0.464753
0.464745
0.464736
0.464727
0.464718
0.464709
0.464700
0.464691
0.464683
0.464674
0.464665
0.464656
0.464647
0.464639
0.464630
0.464621
0.464612
0.464604
0.464595
0.464586
0.464577
0.464569
0.464560
0.464551
0.464543
0.464534
0.464525
0.464516
0.464508
0.464499
0.464490
0.464482
0.464473
0.464465
0.464456
0.464447
0.464439
0.464430
0.464422
0.464413
0.464404
0.464396
0.464387
0.464379
0.464370
0.464362
0.464353
0.464345
0.464336
0.464327
0.464319
0.464310
0.464302
0.464293
0.464285
0.464277
0.464268
0.464260
0.464251
0.464243
0.464234
0.464226
0.464217
0.464209
0.464201
0.464192
0.464184
0.464175
0.464167
0.464159
0.464150
0.464142
0.464134
0.464125
0.464117
0.464109
0.464100
0.464092
0.464084
0.464075
0.464067
0.464059
0.464051
0.464042
0.464034
0.464026
0.464018
0.464009
0.464001
0.463993
0.463985
0.463976
0.463968
0.463960
0.463952
0.463944
0.463936
0.463927
0.463919
0.463911
0.463903
0.463895
0.463887
0.463879
0.463870
0.463862
0.463854
0.463846
0.463838
0.463830
0.463822
0.463814
0.463806
0.463798
0.463790
0.463782
0.463774
0.463766
0.463757
0.463749
0.463741
0.463733
0.463725
0.463717
0.463710
0.463702
0.463694
0.463686
0.463678
0.463670
0.463662
0.463654
0.463646
0.463638
0.463630
0.463622
0.463614
0.463606
0.463599
0.463591
0.463583
0.463575
0.463567
0.463559
0.463551
0.463544
0.463536
0.463528
0.463520
0.463512
0.463504
0.463497
0.463489
0.463481
0.463473
0.463466
0.463458
0.463450
0.463442
0.463435
0.463427
0.463419
0.463411
0.463404
0.463396
0.463388
0.463381
0.463373
0.463365
0.463357
0.463350
0.463342
0.463334
0.463327
0.463319
0.463312
0.463304
0.463296
0.463289
0.463281
0.463273
0.463266
0.463258
0.463251
0.463243
0.463236
0.463228
0.463220
0.463213
0.463205
0.463198
0.463190
0.463183
0.463175
0.463168
0.463160
0.463153
0.463145
0.463138
0.463130
0.463123
0.463115
0.463108
0.463100
0.463093
0.463086
0.463078
0.463071
0.463063
0.463056
0.463048
0.463041
0.463034
0.463026
0.463019
0.463011
0.463004
0.462997
0.462989
0.462982
0.462975
0.462967
0.462960
0.462953
0.462945
0.462938
0.462931
0.462923
0.462916
0.462909
0.462902
0.462894
0.462887
0.462880
0.462872
0.462865
0.462858
0.462851
0.462844
0.462836
0.462829
0.462822
0.462815
0.462807
0.462800
0.462793
0.462786
0.462779
0.462772
0.462764
0.462757
0.462750
0.462743
0.462736
0.462729
0.462721
0.462714
0.462707
0.462700
0.462693
0.462686
0.462679
0.462672
0.462665
0.462658
0.462651
0.462643
0.462636
0.462629
0.462622
0.462615
0.462608
0.462601
0.462594
0.462587
0.462580
0.462573
0.462566
0.462559
0.462552
0.462545
0.462538
0.462531
0.462524
0.462517
0.462510
0.462503
0.462497
0.462490
0.462483
0.462476
0.462469
0.462462
0.462455
0.462448
0.462441
0.462434
0.462428
0.462421
0.462414
0.462407
0.462400
0.462393
0.462386
0.462380
0.462373
0.462366
0.462359
0.462352
0.462345
0.462339
0.462332
0.462325
0.462318
0.462312
0.462305
0.462298
0.462291
0.462284
0.462278
0.462271
0.462264
0.462258
0.462251
0.462244
0.462237
0.462231
0.462224
0.462217
0.462211
0.462204
0.462197
0.462191
0.462184
0.462177
0.462171
0.462164
0.462157
0.462151
0.462144
0.462137
0.462131
0.462124
0.462117
0.462111
0.462104
0.462098
0.462091
0.462085
0.462078
0.462071
0.462065
0.462058
0.462052
0.462045
0.462039
0.462032
0.462026
0.462019
0.462012
0.462006
0.461999
0.461993
0.461986
0.461980
0.461973
0.461967
0.461960
0.461954
0.461948
0.461941
0.461935
0.461928
0.461922
0.461915
0.461909
0.461902
0.461896
0.461890
0.461883
0.461877
0.461870
0.461864
0.461858
0.461851
0.461845
0.461838
0.461832
0.461826
0.461819
0.461813
0.461807
0.461800
0.461794
0.461788
0.461781
0.461775
0.461769
0.461762
0.461756
0.461750
0.461744
0.461737
0.461731
0.461725
0.461718
0.461712
0.461706
0.461700
0.461693
0.461687
0.461681
0.461675
0.461668
0.461662
0.461656
0.461650
0.461644
0.461637
0.461631
0.461625
0.461619
0.461613
0.461606
0.461600
0.461594
0.461588
0.461582
0.461576
0.461569
0.461563
0.461557
0.461551
0.461545
0.461539
0.461533
0.461527
0.461527
0.461521
0.461514
0.461508
0.461502
0.461496
0.461490
0.461484
0.461478
0.461472
0.461466
0.461460
0.461454
0.461448
0.461442
0.461436
0.461430
0.461424
0.461418
0.461412
0.461406
0.461400
0.461394
0.461388
0.461382
0.461376
0.461370
0.461364
0.461358
0.461352
0.461346
0.461340
0.461334
0.461328
0.461322
0.461316
0.461310
0.461304
0.461298
0.461292
0.461287
0.461281
0.461275
0.461269
0.461263
0.461257
0.461251
0.461245
0.461239
0.461234
0.461228
0.461222
0.461216
0.461210
0.461204
0.461199
0.461193
0.461187
0.461181
0.461175
0.461170
0.461164
0.461158
0.461152
0.461146
0.461141
0.461135
0.461129
0.461123
0.461117
0.461112
0.461106
0.461100
0.461095
0.461089
0.461083
0.461077
0.461072
0.461066
0.461060
0.461054
0.461049
0.461043
0.461037
0.461032
0.461026
0.461020
0.461015
0.461009
0.461003
0.460998
0.460992
0.460986
0.460981
0.460975
0.460969
0.460964
0.460958
0.460953
0.460947
0.460941
0.460936
0.460930
0.460925
0.460919
0.460913
0.460908
0.460902
0.460897
0.460891
0.460885
0.460880
0.460874
0.460869
0.460863
0.460858
0.460852
0.460847
0.460841
0.460836
0.460830
0.460825
0.460819
0.460814
0.460808
0.460803
0.460797
0.460792
0.460786
0.460781
0.460775
0.460770
0.460764
0.460759
0.460753
0.460748
0.460742
0.460737
0.460732
0.460726
0.460721
0.460715
0.460710
0.460705
0.460699
0.460694
0.460688
0.460683
0.460678
0.460672
0.460667
0.460661
0.460656
0.460651
0.460645
0.460640
0.460635
0.460629
0.460624
0.460619
0.460613
0.460608
0.460603
0.460597
0.460592
0.460587
0.460581
0.460576
0.460571
0.460565
0.460560
0.460555
0.460550
0.460544
0.460539
0.460534
0.460529
0.460523
0.460518
0.460513
0.460508
0.460502
0.460497
0.460492
0.460487
0.460481
0.460476
0.460471
0.460466
0.460461
0.460455
0.460450
0.460445
0.460440
0.460435
0.460429
0.460424
0.460419
0.460414
0.460409
0.460404
0.460398
0.460393
0.460388
0.460383
0.460378
0.460373
0.460368
0.460362
0.460357
0.460352
0.460347
0.460342
0.460337
0.460332
0.460327
0.460322
0.460317
0.460311
0.460306
0.460301
0.460296
0.460291
0.460286
0.460281
0.460276
0.460271
0.460266
0.460261
0.460256
0.460251
0.460246
0.460241
0.460236
0.460231
0.460226
0.460221
0.460216
0.460211
0.460206
0.460201
0.460196
0.460191
0.460186
0.460181
0.460176
0.460171
0.460166
0.460161
0.460156
0.460151
0.460146
0.460141
0.460136
0.460131
0.460127
0.460122
0.460117
0.460112
0.460107
0.460102
0.460097
0.460092
0.460087
0.460082
0.460078
0.460073
0.460068
0.460063
0.460058
0.460053
0.460048
0.460044
0.460039
0.460034
0.460029
0.460024
0.460019
0.460014
0.460010
0.460005
0.460000
0.459995
0.459990
0.459986
0.459981
0.459976
0.459971
0.459966
0.459962
0.459957
0.459952
0.459947
0.459943
0.459938
0.459933
0.459928
0.459924
0.459919
0.459914
0.459909
0.459905
0.459900
0.459895
0.459890
0.459886
0.459881
0.459876
0.459871
0.459867
0.459862
0.459857
0.459853
0.459848
0.459843
0.459839
0.459834
0.459829
0.459825
0.459820
0.459815
0.459811
0.459806
0.459801
0.459797
0.459792
0.459787
0.459783
0.459778
0.459774
0.459769
0.459764
0.459760
0.459755
0.459750
0.459746
0.459741
0.459737
0.459732
0.459727
0.459723
0.459718
0.459714
0.459709
0.459705
0.459700
0.459695
0.459691
0.459686
0.459682
0.459677
0.459673
0.459668
0.459664
0.459659
0.459655
0.459650
0.459646
0.459641
0.459637
0.459632
0.459627
0.459623
0.459618
0.459614
0.459610
0.459605
0.459601
0.459596
0.459592
0.459587
0.459583
0.459578
0.459574
0.459569
0.459565
0.459560
0.459556
0.459551
0.459547
0.459543
0.459538
0.459534
0.459529
0.459525
0.459521
0.459516
0.459512
0.459507
0.459503
0.459498
0.459494
0.459490
0.459485
0.459481
0.459477
0.459472
0.459468
0.459463
0.459459
0.459455
0.459450
0.459446
0.459442
0.459437
0.459433
0.459429
0.459424
0.459420
0.459416
0.459411
0.459407
0.459403
0.459398
0.459394
0.459390
0.459385
0.459381
0.459377
0.459373
0.459368
0.459364
0.459360
0.459355
0.459351
0.459347
0.459343
0.459338
0.459334
0.459330
0.459326
0.459321
0.459317
0.459313
0.459309
0.459304
0.459300
0.459296
0.459292
0.459288
0.459283
0.459279
0.459275
0.459271
0.459266
0.459262
0.459258
0.459254
0.459250
0.459245
0.459241
0.459237
0.459233
0.459229
0.459225
0.459220
0.459216
0.459212
0.459208
0.459204
0.459200
0.459196
0.459191
0.459187
0.459183
0.459179
0.459175
0.459171
0.459167
0.459163
0.459158
0.459154
0.459150
0.459146
0.459142
0.459138
0.459134
0.459130
0.459126
0.459122
0.459117
0.459113
0.459109
0.459105
0.459101
0.459097
0.459093
0.459089
0.459085
0.459081
0.459077
0.459073
0.459069
0.459065
0.459061
0.459057
0.459053
0.459049
0.459045
0.459041
0.459041
0.459037
0.459033
0.459029
0.459025
0.459021
0.459017
0.459013
0.459009
0.459005
0.459001
0.458997
0.458993
0.458989
0.458985
0.458981
0.458977
0.458973
0.458969
0.458965
0.458961
0.458957
0.458953
0.458949
0.458945
0.458941
0.458937
0.458933
0.458930
0.458926
0.458922
0.458918
0.458914
0.458910
0.458906
0.458902
0.458898
0.458894
0.458890
0.458887
0.458883
0.458879
0.458875
0.458871
0.458867
0.458863
0.458859
0.458856
0.458852
0.458848
0.458844
0.458840
0.458836
0.458833
0.458829
0.458825
0.458821
0.458817
0.458813
0.458810
0.458806
0.458802
0.458798
0.458794
0.458790
0.458787
0.458783
0.458779
0.458775
0.458771
0.458768
0.458764
0.458760
0.458756
0.458753
0.458749
0.458745
0.458741
0.458737
0.458734
0.458730
0.458726
0.458722
0.458719
0.458715
0.458711
0.458707
0.458704
0.458700
0.458696
0.458693
0.458689
0.458685
0.458681
0.458678
0.458674
0.458670
0.458667
0.458663
0.458659
0.458655
0.458652
0.458648
0.458644
0.458641
0.458637
0.458633
0.458630
0.458626
0.458622
0.458619
0.458615
0.458611
0.458608
0.458604
0.458600
0.458597
0.458593
0.458589
0.458586
0.458582
0.458579
0.458575
0.458571
0.458568
0.458564
0.458560
0.458557
0.458553
0.458550
0.458546
0.458542
0.458539
0.458535
0.458532
0.458528
0.458524
0.458521
0.458517
0.458514
0.458510
0.458507
0.458503
0.458499
0.458496
0.458492
0.458489
0.458485
0.458482
0.458478
0.458474
0.458471
0.458467
0.458464
0.458460
0.458457
0.458453
0.458450
0.458446
0.458443
0.458439
0.458436
0.458432
0.458429
0.458425
0.458422
0.458418
0.458415
0.458411
0.458408
0.458404
0.458401
0.458397
0.458394
0.458390
0.458387
0.458383
0.458380
0.458376
0.458373
0.458369
0.458366
0.458363
0.458359
0.458356
0.458352
0.458349
0.458345
0.458342
0.458338
0.458335
0.458332
0.458328
0.458325
0.458321
0.458318
0.458314
0.458311
0.458308
0.458304
0.458301
0.458297
0.458294
0.458291
0.458287
0.458284
0.458280
0.458277
0.458274
0.458270
0.458267
0.458264
0.458260
0.458257
0.458253
0.458250
0.458247
0.458243
0.458240
0.458237
0.458233
0.458230
0.458227
0.458223
0.458220
0.458217
0.458213
0.458210
0.458207
0.458203
0.458200
0.458197
0.458193
0.458190
0.458187
0.458183
0.458180
0.458177
0.458174
0.458170
0.458167
0.458164
0.458160
0.458157
0.458154
0.458151
0.458147
0.458144
0.458141
0.458137
0.458134
0.458131
0.458128
0.458124
0.458121
0.458118
0.458115
0.458111
0.458108
0.458105
0.458102
0.458098
0.458095
0.458092
0.458089
0.458085
0.458082
0.458079
0.458076
0.458073
0.458069
0.458066
0.458063
0.458060
0.458057
0.458053
0.458050
0.458047
0.458044
0.458041
0.458037
0.458034
0.458031
0.458028
0.458025
0.458021
0.458018
0.458015
0.458012
0.458009
0.458006
0.458002
0.457999
0.457996
0.457993
0.457990
0.457987
0.457984
0.457980
0.457977
0.457974
0.457971
0.457968
0.457965
0.457962
0.457959
0.457955
0.457952
0.457949
0.457946
0.457943
0.457940
0.457937
0.457934
0.457931
0.457927
0.457924
0.457921
0.457918
0.457915
0.457912
0.457909
0.457906
0.457903
0.457900
0.457897
0.457894
0.457890
0.457887
0.457884
0.457881
0.457878
0.457875
0.457872
0.457869
0.457866
0.457863
0.457860
0.457857
0.457854
0.457851
0.457848
0.457845
0.457842
0.457839
0.457836
0.457833
0.457830
0.457827
0.457824
0.457821
0.457818
0.457815
0.457812
0.457809
0.457806
0.457803
0.457800
0.457797
0.457794
0.457791
0.457788
0.457785
0.457782
0.457779
0.457776
0.457773
0.457770
0.457767
0.457764
0.457761
0.457758
0.457755
0.457752
0.457749
0.457746
0.457743
0.457740
0.457737
0.457734
0.457731
0.457728
0.457725
0.457723
0.457720
0.457717
0.457714
0.457711
0.457708
0.457705
0.457702
0.457699
0.457696
0.457693
0.457690
0.457688
0.457685
0.457682
0.457679
0.457676
0.457673
0.457670
0.457667
0.457664
0.457662
0.457659
0.457656
0.457653
0.457650
0.457647
0.457644
0.457641
0.457639
0.457636
0.457633
0.457630
0.457627
0.457624
0.457621
0.457619
0.457616
0.457613
0.457610
0.457607
0.457604
0.457602
0.457599
0.457596
0.457593
0.457590
0.457587
0.457585
0.457582
0.457579
0.457576
0.457573
0.457571
0.457568
0.457565
0.457562
0.457559
0.457557
0.457554
0.457551
0.457548
0.457545
0.457543
0.457540
0.457537
0.457534
0.457531
0.457529
0.457526
0.457523
0.457520
0.457518
0.457515
0.457512
0.457509
0.457507
0.457504
0.457501
0.457498
0.457496
0.457493
0.457490
0.457487
0.457485
0.457482
0.457479
0.457476
0.457474
0.457471
0.457468
0.457466
0.457463
0.457460
0.457457
0.457455
0.457452
0.457449
0.457447
0.457444
0.457441
0.457438
0.457436
0.457433
0.457430
0.457428
0.457425
0.457422
0.457420
0.457417
0.457414
0.457412
0.457409
0.457406
0.457403
0.457401
0.457398
0.457398
