-0.605892
0.701771
0.697251
0.695977
0.695395
0.694996
0.694675
0.694406
0.694177
0.693984
0.693819
0.693680
0.693562
0.693463
0.693380
0.693311
0.693253
0.693206
0.693167
0.693135
0.693109
0.693089
0.693072
0.693059
0.693048
0.693039
0.693032
0.693026
0.693020
0.693014
0.693009
0.693002
0.692995
0.692987
0.692978
0.692968
0.692956
0.692943
0.692928
0.692912
0.692894
0.692874
0.692852
0.692828
0.692803
0.692776
0.692747
0.692716
0.692684
0.692649
0.692613
0.692576
0.692536
0.692495
0.692453
0.692409
0.692364
0.692317
0.692269
0.692220
0.692169
0.692117
0.692065
0.692011
0.691956
0.691900
0.691843
0.691785
0.691726
0.691667
0.691607
0.691546
0.691484
0.691422
0.691360
0.691296
0.691233
0.691169
0.691104
0.691039
0.690974
0.690908
0.690843
0.690776
0.690710
0.690643
0.690577
0.690510
0.690443
0.690375
0.690308
0.690240
0.690172
0.690105
0.690037
0.689969
0.689901
0.689833
0.689764
0.689696
0.689627
0.689559
0.689490
0.689421
0.689353
0.689284
0.689214
0.689145
0.689076
0.689006
0.688936
0.688866
0.688796
0.688725
0.688654
0.688583
0.688512
0.688440
0.688368
0.688296
0.688223
0.688150
0.688077
0.688003
0.687928
0.687853
0.687778
0.687702
0.687625
0.687548
0.687470
0.687392
0.687313
0.687234
0.687153
0.687072
0.686991
0.686908
0.686825
0.686741
0.686656
0.686570
0.686484
0.686397
0.686308
0.686219
0.686129
0.686038
0.685946
0.685853
0.685759
0.685664
0.685567
0.685470
0.685372
0.685273
0.685172
0.685071
0.684968
0.684864
0.684759
0.684653
0.684545
0.684437
0.684327
0.684215
0.684103
0.683989
0.683875
0.683758
0.683641
0.683522
0.683402
0.683280
0.683158
0.683033
0.682908
0.682781
0.682653
0.682523
0.682392
0.682260
0.682126
0.681990
0.681854
0.681716
0.681576
0.681435
0.681293
0.681149
0.681003
0.680857
0.680708
0.680559
0.680407
0.680255
0.680100
0.679945
0.679788
0.679629
0.679469
0.679307
0.679144
0.678979
0.678813
0.678646
0.678476
0.678306
0.678133
0.677960
0.677784
0.677608
0.677429
0.677250
0.677068
0.676886
0.676701
0.676515
0.676328
0.676139
0.675949
0.675757
0.675563
0.675368
0.675172
0.674974
0.674774
0.674573
0.674371
0.674167
0.673961
0.673754
0.673546
0.673336
0.673124
0.672911
0.672696
0.672480
0.672263
0.672044
0.671823
0.671601
0.671377
0.671152
0.670926
0.670698
0.670468
0.670237
0.670005
0.669771
0.669535
0.669298
0.669060
0.668820
0.668579
0.668336
0.668092
0.667846
0.667599
0.667350
0.667100
0.666849
0.666596
0.666341
0.666085
0.665828
0.665569
0.665309
0.665047
0.664784
0.664520
0.664254
0.663986
0.663718
0.663447
0.663176
0.662903
0.662628
0.662352
0.662075
0.661796
0.661516
0.661234
0.660951
0.660667
0.660381
0.660094
0.659805
0.659515
0.659224
0.658931
0.658637
0.658341
0.658044
0.657746
0.657446
0.657145
0.656842
0.656538
0.656233
0.655926
0.655618
0.655309
0.654998
0.654686
0.654373
0.654058
0.653742
0.653424
0.653105
0.652785
0.652464
0.652141
0.651817
0.651491
0.651164
0.650836
0.650506
0.650175
0.649843
0.649510
0.649175
0.648839
0.648501
0.648163
0.647823
0.647481
0.647139
0.646795
0.646450
0.646104
0.645756
0.645407
0.645057
0.644705
0.644353
0.643999
0.643644
0.643287
0.642930
0.642571
0.642211
0.641850
0.641487
0.641124
0.640759
0.640393
0.640026
0.639658
0.639288
0.638918
0.638546
0.638173
0.637800
0.637425
0.637049
0.636671
0.636293
0.635914
0.635534
0.635152
0.634770
0.634387
0.634002
0.633617
0.633230
0.632843
0.632455
0.632066
0.631676
0.631285
0.630893
0.630500
0.630106
0.629712
0.629316
0.628920
0.628523
0.628126
0.627727
0.627328
0.626928
0.626527
0.626126
0.625724
0.625321
0.624918
0.624514
0.624110
0.623705
0.623299
0.622893
0.622486
0.622079
0.621671
0.621263
0.620855
0.620446
0.620037
0.619627
0.619217
0.618807
0.618397
0.617986
0.617575
0.617164
0.616753
0.616342
0.615930
0.615518
0.615107
0.614695
0.614283
0.613872
0.613460
0.613049
0.612637
0.612226
0.611815
0.611404
0.610993
0.610583
0.610173
0.609763
0.609354
0.608945
0.608536
0.608128
0.607720
0.607313
0.606906
0.606500
0.606095
0.605690
0.605285
0.604882
0.604479
0.604077
0.603675
0.603275
0.602875
0.602476
0.602079
0.601681
0.601285
0.600890
0.600496
0.600103
0.599711
0.599321
0.598931
0.598542
0.598155
0.597769
0.597384
0.597000
0.596618
0.596237
0.595857
0.595479
0.595102
0.594727
0.594353
0.593980
0.593609
0.593240
0.592872
0.592505
0.592141
0.591777
0.591416
0.591056
0.590698
0.590342
0.589987
0.589634
0.589283
0.588934
0.588586
0.588241
0.587897
0.587555
0.587215
0.586877
0.586541
0.586206
0.585874
0.585544
0.585216
0.584890
0.584565
0.584243
0.583923
0.583605
0.583289
0.582976
0.582664
0.582354
0.582047
0.581741
0.581741
0.581438
0.581137
0.580838
0.580542
0.580247
0.579955
0.579665
0.579377
0.579091
0.578807
0.578526
0.578246
0.577969
0.577694
0.577421
0.577151
0.576882
0.576616
0.576352
0.576090
0.575831
0.575573
0.575317
0.575064
0.574813
0.574564
0.574317
0.574072
0.573829
0.573588
0.573349
0.573113
0.572878
0.572645
0.572415
0.572186
0.571960
0.571735
0.571512
0.571291
0.571073
0.570856
0.570641
0.570427
0.570216
0.570007
0.569799
0.569593
0.569389
0.569187
0.568987
0.568788
0.568591
0.568396
0.568202
0.568010
0.567820
0.567632
0.567445
0.567260
0.567076
0.566894
0.566714
0.566535
0.566358
0.566182
0.566008
0.565835
0.565664
0.565494
0.565326
0.565159
0.564994
0.564830
0.564667
0.564506
0.564347
0.564188
0.564031
0.563876
0.563722
0.563569
0.563417
0.563267
0.563118
0.562970
0.562824
0.562679
0.562535
0.562392
0.562251
0.562110
0.561971
0.561834
0.561697
0.561561
0.561427
0.561294
0.561162
0.561031
0.560902
0.560773
0.560646
0.560519
0.560394
0.560270
0.560147
0.560025
0.559904
0.559784
0.559665
0.559547
0.559430
0.559314
0.559200
0.559086
0.558973
0.558861
0.558750
0.558641
0.558532
0.558424
0.558317
0.558211
0.558106
0.558002
0.557898
0.557796
0.557695
0.557594
0.557494
0.557396
0.557298
0.557201
0.557105
0.557009
0.556915
0.556821
0.556729
0.556637
0.556546
0.556455
0.556366
0.556277
0.556190
0.556102
0.556016
0.555931
0.555846
0.555762
0.555679
0.555596
0.555515
0.555434
0.555353
0.555274
0.555195
0.555117
0.555039
0.554963
0.554887
0.554811
0.554737
0.554663
0.554589
0.554517
0.554445
0.554374
0.554303
0.554233
0.554163
0.554095
0.554027
0.553959
0.553892
0.553826
0.553760
0.553695
0.553631
0.553567
0.553504
0.553441
0.553379
0.553317
0.553256
0.553196
0.553136
0.553077
0.553018
0.552960
0.552903
0.552846
0.552790
0.552734
0.552679
0.552624
0.552570
0.552517
0.552464
0.552411
0.552360
0.552309
0.552258
0.552208
0.552159
0.552110
0.552062
0.552015
0.551968
0.551922
0.551877
0.551832
0.551788
0.551745
0.551702
0.551660
0.551619
0.551579
0.551539
0.551501
0.551463
0.551426
0.551390
0.551355
0.551321
0.551288
0.551256
0.551225
0.551196
0.551167
0.551140
0.551114
0.551089
0.551065
0.551044
0.551023
0.551004
0.550987
0.550972
0.550958
0.550946
0.550936
0.550928
0.550922
0.550919
0.550917
0.550919
0.550922
0.550929
0.550938
0.550949
0.550964
0.550982
0.551003
0.551028
0.551056
0.551087
0.551122
0.551162
0.551205
0.551252
0.551303
0.551359
0.551419
0.551484
0.551553
0.551627
0.551706
0.551790
0.551878
0.551972
0.552070
0.552174
0.552282
0.552395
0.552514
0.552637
0.552765
0.552897
0.553034
0.553176
0.553322
0.553472
0.553626
0.553784
0.553945
0.554111
0.554279
0.554451
0.554626
0.554804
0.554985
0.555168
0.555354
0.555542
0.555732
0.555924
0.556117
0.556312
0.556509
0.556707
0.556906
0.557106
0.557307
0.557508
0.557710
0.557912
0.558114
0.558316
0.558518
0.558719
0.558920
0.559121
0.559320
0.559519
0.559717
0.559913
0.560108
0.560302
0.560494
0.560684
0.560873
0.561059
0.561244
0.561426
0.561606
0.561784
0.561960
0.562133
0.562303
0.562471
0.562636
0.562798
0.562958
0.563115
0.563269
0.563420
0.563567
0.563712
0.563854
0.563993
0.564128
0.564261
0.564390
0.564516
0.564639
0.564758
0.564874
0.564987
0.565097
0.565203
0.565306
0.565406
0.565502
0.565595
0.565685
0.565771
0.565854
0.565933
0.566010
0.566082
0.566152
0.566218
0.566281
0.566340
0.566396
0.566449
0.566498
0.566544
0.566587
0.566626
0.566662
0.566694
0.566724
0.566750
0.566772
0.566792
0.566808
0.566821
0.566831
0.566837
0.566840
0.566840
0.566836
0.566830
0.566820
0.566807
0.566791
0.566772
0.566749
0.566723
0.566695
0.566663
0.566628
0.566590
0.566548
0.566504
0.566457
0.566406
0.566353
0.566297
0.566237
0.566175
0.566109
0.566041
0.565970
0.565895
0.565818
0.565738
0.565655
0.565569
0.565481
0.565389
0.565295
0.565197
0.565098
0.564995
0.564889
0.564781
0.564670
0.564556
0.564440
0.564321
0.564199
0.564075
0.563948
0.563818
0.563686
0.563551
0.563413
0.563273
0.563131
0.562986
0.562838
0.562688
0.562536
0.562381
0.562223
0.562064
0.561901
0.561737
0.561570
0.561401
0.561229
0.561055
0.560879
0.560700
0.560519
0.560336
0.560151
0.559964
0.559774
0.559582
0.559389
0.559193
0.558994
0.558794
0.558592
0.558388
0.558181
0.557973
0.557762
0.557550
0.557336
0.557120
0.556902
0.556682
0.556460
0.556236
0.556011
0.555783
0.555554
0.555323
0.555091
0.554857
0.554621
0.554383
0.554144
0.553903
0.553660
0.553416
0.553170
0.552923
0.552675
0.552424
0.552173
0.551920
0.551665
0.551409
0.551152
0.550893
0.550633
0.550372
0.550109
0.549846
0.549580
0.549314
0.549047
0.548778
0.548778
0.548508
0.548237
0.547965
0.547692
0.547418
0.547143
0.546867
0.546590
0.546311
0.546032
0.545752
0.545472
0.545190
0.544907
0.544624
0.544340
0.544054
0.543769
0.543482
0.543195
0.542907
0.542618
0.542329
0.542039
0.541749
0.541457
0.541166
0.540873
0.540581
0.540287
0.539993
0.539699
0.539404
0.539109
0.538814
0.538518
0.538221
0.537925
0.537628
0.537330
0.537033
0.536735
0.536436
0.536138
0.535839
0.535540
0.535241
0.534942
0.534642
0.534343
0.534043
0.533743
0.533443
0.533143
0.532843
0.532543
0.532243
0.531943
0.531643
0.531343
0.531043
0.530743
0.530443
0.530143
0.529843
0.529543
0.529244
0.528944
0.528645
0.528346
0.528047
0.527748
0.527449
0.527151
0.526853
0.526555
0.526257
0.525960
0.525663
0.525366
0.525069
0.524773
0.524477
0.524181
0.523886
0.523591
0.523297
0.523003
0.522709
0.522416
0.522123
0.521830
0.521538
0.521246
0.520955
0.520664
0.520374
0.520084
0.519795
0.519506
0.519218
0.518930
0.518643
0.518356
0.518070
0.517784
0.517499
0.517214
0.516930
0.516647
0.516364
0.516082
0.515800
0.515519
0.515239
0.514959
0.514680
0.514402
0.514124
0.513847
0.513570
0.513294
0.513019
0.512745
0.512471
0.512198
0.511926
0.511654
0.511383
0.511113
0.510843
0.510575
0.510307
0.510040
0.509773
0.509507
0.509242
0.508978
0.508715
0.508452
0.508190
0.507929
0.507669
0.507410
0.507151
0.506893
0.506636
0.506380
0.506125
0.505871
0.505617
0.505364
0.505112
0.504861
0.504611
0.504362
0.504113
0.503865
0.503619
0.503373
0.503128
0.502884
0.502641
0.502399
0.502157
0.501917
0.501677
0.501439
0.501201
0.500964
0.500728
0.500494
0.500260
0.500027
0.499795
0.499564
0.499333
0.499104
0.498876
0.498649
0.498422
0.498197
0.497973
0.497750
0.497527
0.497306
0.497085
0.496866
0.496648
0.496430
0.496214
0.495999
0.495784
0.495571
0.495359
0.495148
0.494937
0.494728
0.494520
0.494313
0.494107
0.493902
0.493698
0.493495
0.493293
0.493092
0.492893
0.492694
0.492496
0.492300
0.492105
0.491910
0.491717
0.491525
0.491334
0.491144
0.490955
0.490767
0.490580
0.490395
0.490210
0.490027
0.489845
0.489664
0.489484
0.489305
0.489127
0.488951
0.488775
0.488601
0.488428
0.488256
0.488085
0.487915
0.487747
0.487580
0.487413
0.487248
0.487085
0.486922
0.486760
0.486600
0.486441
0.486283
0.486127
0.485971
0.485817
0.485664
0.485512
0.485361
0.485212
0.485063
0.484916
0.484771
0.484626
0.484483
0.484341
0.484200
0.484060
0.483922
0.483785
0.483649
0.483515
0.483381
0.483249
0.483119
0.482989
0.482861
0.482734
0.482609
0.482484
0.482361
0.482240
0.482119
0.482000
0.481882
0.481766
0.481651
0.481537
0.481425
0.481314
0.481204
0.481096
0.480988
0.480883
0.480778
0.480675
0.480574
0.480474
0.480375
0.480277
0.480181
0.480087
0.479993
0.479902
0.479811
0.479722
0.479635
0.479548
0.479464
0.479380
0.479298
0.479218
0.479139
0.479062
0.478986
0.478911
0.478838
0.478766
0.478696
0.478628
0.478560
0.478495
0.478431
0.478368
0.478307
0.478247
0.478189
0.478133
0.478078
0.478025
0.477973
0.477923
0.477874
0.477827
0.477781
0.477738
0.477695
0.477655
0.477615
0.477578
0.477542
0.477508
0.477476
0.477445
0.477415
0.477388
0.477362
0.477338
0.477315
0.477295
0.477275
0.477258
0.477242
0.477229
0.477216
0.477206
0.477197
0.477190
0.477185
0.477182
0.477180
0.477181
0.477183
0.477187
0.477192
0.477200
0.477209
0.477220
0.477234
0.477249
0.477266
0.477284
0.477305
0.477328
0.477352
0.477379
0.477407
0.477438
0.477470
0.477504
0.477541
0.477579
0.477620
0.477662
0.477706
0.477753
0.477802
0.477852
0.477905
0.477960
0.478017
0.478076
0.478137
0.478201
0.478266
0.478334
0.478404
0.478476
0.478551
0.478627
0.478706
0.478787
0.478871
0.478956
0.479044
0.479135
0.479227
0.479323
0.479420
0.479520
0.479622
0.479727
0.479834
0.479943
0.480055
0.480170
0.480287
0.480406
0.480528
0.480653
0.480780
0.480910
0.481043
0.481178
0.481315
0.481456
0.481599
0.481745
0.481893
0.482044
0.482198
0.482355
0.482515
0.482678
0.482843
0.483011
0.483182
0.483356
0.483533
0.483713
0.483896
0.484082
0.484272
0.484464
0.484659
0.484857
0.485059
0.485263
0.485471
0.485682
0.485897
0.486115
0.486335
0.486560
0.486787
0.487019
0.487253
0.487491
0.487732
0.487977
0.488226
0.488478
0.488734
0.488993
0.489256
0.489523
0.489793
0.490067
0.490345
0.490627
0.490913
0.491203
0.491497
0.491794
0.492096
0.492402
0.492712
0.493026
0.493344
0.493667
0.493994
0.494325
0.494660
0.495000
0.495344
0.495693
0.496047
0.496405
0.496768
0.497135
0.497507
0.497884
0.498266
0.498652
0.499044
0.499441
0.499842
0.500249
0.500661
0.501078
0.501500
0.501928
0.502361
0.502800
0.503244
0.503694
0.504149
0.504610
0.504610
0.505077
0.505550
0.506029
0.506513
0.507004
0.507501
0.508004
0.508513
0.509029
0.509551
0.510080
0.510615
0.511157
0.511705
0.512261
0.512823
0.513393
0.513969
0.514553
0.515144
0.515742
0.516348
0.516961
0.517582
0.518211
0.518848
0.519492
0.520145
0.520806
0.521475
0.522153
0.522839
0.523534
0.524237
0.524949
0.525671
0.526401
0.527141
0.527890
0.528648
0.529417
0.530195
0.530982
0.531780
0.532588
0.533407
0.534236
0.535075
0.535926
0.536787
0.537659
0.538543
0.539438
0.540344
0.541263
0.542193
0.543135
0.544090
0.545057
0.546037
0.547029
0.548035
0.549054
0.550086
0.551132
0.552191
0.553265
0.554352
0.555454
0.556571
0.557703
0.558849
0.560011
0.561188
0.562381
0.563590
0.564815
0.566057
0.567314
0.568589
0.569881
0.571190
0.572517
0.573861
0.575223
0.576604
0.578002
0.579420
0.580856
0.582312
0.583787
0.585281
0.586795
0.588329
0.589883
0.591458
0.593053
0.594669
0.596306
0.597964
0.599643
0.601343
0.603066
0.604810
0.606575
0.608363
0.610173
0.612005
0.613859
0.615735
0.617633
0.619554
0.621497
0.623462
0.625450
0.627459
0.629491
0.631545
0.633620
0.635717
0.637836
0.639976
0.642137
0.644319
0.646522
0.648746
0.650990
0.653254
0.655537
0.657841
0.660163
0.662505
0.664865
0.667244
0.669642
0.672057
0.674491
0.676943
0.679413
0.681900
0.684406
0.686930
0.689472
0.692032
0.694612
0.697210
0.699828
0.702466
0.705125
0.707805
0.710508
0.713233
0.715984
0.718759
0.721561
0.724391
0.727250
0.730140
0.733062
0.736018
0.739009
0.742038
0.745107
0.748216
0.751368
0.754565
0.757809
0.761101
0.764444
0.767839
0.771288
0.774793
0.778354
0.781973
0.785651
0.789389
0.793188
0.797047
0.800966
0.804946
0.808985
0.813082
0.817235
0.821441
0.825699
0.830004
0.834354
0.838742
0.843166
0.847618
0.852094
0.856586
0.861089
0.865593
0.870093
0.874580
0.879047
0.883485
0.887889
0.892250
0.896562
0.900819
0.905017
0.909152
0.913220
0.917219
0.921148
0.925008
0.928799
0.932522
0.936181
0.939778
0.943316
0.946799
0.950231
0.953616
0.956959
0.960262
0.963530
0.966766
0.969973
0.973154
0.976313
0.979450
0.982569
0.985670
0.988755
0.991825
0.994880
0.997922
1.000950
1.003964
1.006965
1.009952
1.012924
1.015883
1.018826
1.021754
1.024667
1.027563
1.030442
1.033304
1.036149
1.038976
1.041784
1.044574
1.047345
1.050097
1.052829
1.055541
1.058234
1.060906
1.063557
1.066188
1.068798
1.071387
1.073954
1.076500
1.079024
1.081526
1.084006
1.086464
1.088899
1.091312
1.093702
1.096069
1.098412
1.100733
1.103030
1.105304
1.107555
1.109782
1.111985
1.114165
1.116321
1.118454
1.120563
1.122649
1.124711
1.126750
1.128766
1.130758
1.132728
1.134675
1.136599
1.138501
1.140380
1.142238
1.144074
1.145888
1.147681
1.149452
1.151203
1.152934
1.154644
1.156334
1.158005
1.159656
1.161288
1.162901
1.164496
1.166073
1.167632
1.169173
1.170698
1.172205
1.173696
1.175171
1.176630
1.178073
1.179501
1.180914
1.182312
1.183696
1.185066
1.186423
1.187765
1.189095
1.190412
1.191716
1.193008
1.194288
1.195556
1.196813
1.198059
1.199293
1.200517
1.201730
1.202933
1.204127
1.205310
1.206484
1.207648
1.208804
1.209950
1.211088
1.212218
1.213339
1.214452
1.215557
1.216654
1.217744
1.218826
1.219902
1.220970
1.222031
1.223086
1.224134
1.225175
1.226211
1.227240
1.228263
1.229280
1.230292
1.231298
1.232298
1.233293
1.234283
1.235268
1.236247
1.237222
1.238191
1.239156
1.240117
1.241072
1.242024
1.242971
1.243913
1.244852
1.245786
1.246716
1.247642
1.248564
1.249483
1.250397
1.251308
1.252215
1.253119
1.254019
1.254915
1.255809
1.256698
1.257585
1.258468
1.259348
1.260225
1.261098
1.261969
1.262837
1.263701
1.264563
1.265422
1.266277
1.267130
1.267981
1.268828
1.269673
1.270515
1.271354
1.272191
1.273025
1.273856
1.274685
1.275512
1.276336
1.277157
1.277976
1.278793
1.279607
1.280419
1.281228
1.282035
1.282840
1.283642
1.284442
1.285240
1.286036
1.286829
1.287621
1.288410
1.289196
1.289981
1.290764
1.291544
1.292322
1.293098
1.293873
1.294645
1.295414
1.296182
1.296948
1.297712
1.298474
1.299233
1.299991
1.300747
1.301501
1.302252
1.303002
1.303750
1.304496
1.305240
1.305982
1.306722
1.307461
1.308197
1.308931
1.309664
1.310395
1.311124
1.311850
1.312576
1.313299
1.314020
1.314740
1.315457
1.316173
1.316887
1.317600
1.318310
1.319019
1.319726
1.320431
1.321134
1.321835
1.322535
1.323233
1.323929
1.324624
1.325316
1.326007
1.326696
1.327384
1.328069
1.328753
1.329435
1.330116
1.330795
1.331472
1.332147
1.332820
1.333492
1.334162
1.334831
1.335498
1.336163
1.336826
1.337488
1.338148
1.338806
1.339463
1.340118
1.340771
1.341423
1.342073
1.342722
1.343368
1.344013
1.344657
1.344657
1.345299
1.345939
1.346577
1.347214
1.347849
1.348483
1.349115
1.349745
1.350374
1.351001
1.351627
1.352251
1.352873
1.353494
1.354113
1.354731
1.355346
1.355961
1.356574
1.357185
1.357794
1.358402
1.359009
1.359614
1.360217
1.360819
1.361419
1.362018
1.362615
1.363210
1.363804
1.364397
1.364987
1.365577
1.366165
1.366751
1.367336
1.367919
1.368500
1.369081
1.369659
1.370236
1.370812
1.371386
1.371958
1.372530
1.373099
1.373667
1.374234
1.374799
1.375362
1.375924
1.376485
1.377044
1.377602
1.378158
1.378712
1.379266
1.379817
1.380367
1.380916
1.381464
1.382009
1.382554
1.383097
1.383638
1.384178
1.384717
1.385254
1.385790
1.386324
1.386857
1.387388
1.387918
1.388447
1.388974
1.389499
1.390024
1.390547
1.391068
1.391588
1.392107
1.392624
1.393140
1.393654
1.394167
1.394679
1.395189
1.395698
1.396205
1.396711
1.397216
1.397719
1.398221
1.398722
1.399221
1.399719
1.400215
1.400711
1.401204
1.401697
1.402188
1.402678
1.403166
1.403653
1.404139
1.404623
1.405106
1.405588
1.406068
1.406547
1.407025
1.407501
1.407976
1.408450
1.408923
1.409394
1.409864
1.410332
1.410799
1.411265
1.411730
1.412193
1.412655
1.413116
1.413575
1.414034
1.414491
1.414946
1.415401
1.415854
1.416306
1.416756
1.417206
1.417654
1.418100
1.418546
1.418990
1.419433
1.419875
1.420316
1.420755
1.421193
1.421630
1.422066
1.422500
1.422933
1.423365
1.423796
1.424226
1.424654
1.425081
1.425507
1.425932
1.426355
1.426777
1.427199
1.427619
1.428037
1.428455
1.428871
1.429286
1.429700
1.430113
1.430525
1.430935
1.431345
1.431753
1.432160
1.432566
1.432970
1.433374
1.433776
1.434178
1.434578
1.434977
1.435375
1.435771
1.436167
1.436561
1.436955
1.437347
1.437738
1.438128
1.438517
1.438904
1.439291
1.439676
1.440061
1.440444
1.440826
1.441208
1.441588
1.441967
1.442344
1.442721
1.443097
1.443471
1.443845
1.444217
1.444589
1.444959
1.445329
1.445697
1.446064
1.446430
1.446795
1.447159
1.447522
1.447884
1.448245
1.448605
1.448964
1.449321
1.449678
1.450034
1.450388
1.450742
1.451095
1.451447
1.451797
1.452147
1.452495
1.452843
1.453190
1.453535
1.453880
1.454224
1.454566
1.454908
1.455249
1.455588
1.455927
1.456265
1.456602
1.456938
1.457273
1.457606
1.457939
1.458271
1.458602
1.458933
1.459262
1.459590
1.459917
1.460243
1.460569
1.460893
1.461217
1.461539
1.461861
1.462182
1.462502
1.462821
1.463139
1.463456
1.463772
1.464087
1.464401
1.464715
1.465027
1.465339
1.465650
1.465960
1.466269
1.466577
1.466884
1.467191
1.467496
1.467801
1.468104
1.468407
1.468709
1.469010
1.469311
1.469610
1.469909
1.470207
1.470503
1.470800
1.471095
1.471389
1.471683
1.471975
1.472267
1.472558
1.472848
1.473138
1.473426
1.473714
1.474001
1.474287
1.474573
1.474857
1.475141
1.475424
1.475706
1.475987
1.476268
1.476547
1.476826
1.477104
1.477382
1.477658
1.477934
1.478209
1.478484
1.478757
1.479030
1.479302
1.479573
1.479843
1.480113
1.480382
1.480650
1.480918
1.481184
1.481450
1.481716
1.481980
1.482244
1.482507
1.482769
1.483031
1.483291
1.483552
1.483811
1.484070
1.484328
1.484585
1.484841
1.485097
1.485352
1.485607
1.485860
1.486113
1.486366
1.486617
1.486868
1.487119
1.487368
1.487617
1.487865
1.488113
1.488360
1.488606
1.488851
1.489096
1.489340
1.489584
1.489827
1.490069
1.490310
1.490551
1.490792
1.491031
1.491270
1.491508
1.491746
1.491983
1.492220
1.492455
1.492690
1.492925
1.493159
1.493392
1.493625
1.493857
1.494088
1.494319
1.494549
1.494778
1.495007
1.495236
1.495464
1.495691
1.495917
1.496143
1.496368
1.496593
1.496817
1.497041
1.497264
1.497486
1.497708
1.497929
1.498150
1.498370
1.498590
1.498809
1.499027
1.499245
1.499462
1.499679
1.499895
1.500111
1.500326
1.500540
1.500754
1.500967
1.501180
1.501393
1.501604
1.501816
1.502026
1.502236
1.502446
1.502655
1.502864
1.503072
1.503279
1.503486
1.503693
1.503899
1.504104
1.504309
1.504513
1.504717
1.504921
1.505123
1.505326
1.505528
1.505729
1.505930
1.506130
1.506330
1.506530
1.506729
1.506927
1.507125
1.507322
1.507519
1.507716
1.507912
1.508107
1.508302
1.508497
1.508691
1.508885
1.509078
1.509271
1.509463
1.509655
1.509846
1.510037
1.510227
1.510417
1.510607
1.510796
1.510985
1.511173
1.511361
1.511548
1.511735
1.511921
1.512107
1.512293
1.512478
1.512663
1.512847
1.513031
1.513214
1.513397
1.513580
1.513762
1.513943
1.514125
1.514306
1.514486
1.514666
1.514846
1.515025
1.515204
1.515382
1.515560
1.515738
1.515915
1.516092
1.516268
1.516444
1.516620
1.516795
1.516970
1.517145
1.517319
1.517493
1.517666
1.517839
1.518011
1.518183
1.518355
1.518527
1.518698
1.518868
1.519039
1.519209
1.519378
1.519547
1.519716
1.519716
1.519885
1.520053
1.520221
1.520388
1.520555
1.520722
1.520888
1.521054
1.521220
1.521385
1.521550
1.521714
1.521879
1.522043
1.522206
1.522369
1.522532
1.522695
1.522857
1.523019
1.523180
1.523341
1.523502
1.523663
1.523823
1.523983
1.524142
1.524302
1.524461
1.524619
1.524777
1.524935
1.525093
1.525250
1.525407
1.525564
1.525720
1.525876
1.526032
1.526187
1.526343
1.526497
1.526652
1.526806
1.526960
1.527114
1.527267
1.527420
1.527573
1.527725
1.527877
1.528029
1.528181
1.528332
1.528483
1.528633
1.528784
1.528934
1.529084
1.529233
1.529383
1.529531
1.529680
1.529829
1.529977
1.530125
1.530272
1.530419
1.530566
1.530713
1.530860
1.531006
1.531152
1.531297
1.531443
1.531588
1.531733
1.531877
1.532022
1.532166
1.532310
1.532453
1.532597
1.532740
1.532882
1.533025
1.533167
1.533309
1.533451
1.533593
1.533734
1.533875
1.534016
1.534156
1.534296
1.534437
1.534576
1.534716
1.534855
1.534994
1.535133
1.535272
1.535410
1.535548
1.535686
1.535824
1.535961
1.536098
1.536235
1.536372
1.536508
1.536645
1.536781
1.536916
1.537052
1.537187
1.537322
1.537457
1.537592
1.537726
1.537861
1.537995
1.538128
1.538262
1.538395
1.538528
1.538661
1.538794
1.538926
1.539059
1.539191
1.539323
1.539454
1.539586
1.539717
1.539848
1.539979
1.540109
1.540239
1.540370
1.540500
1.540629
1.540759
1.540888
1.541017
1.541146
1.541275
1.541403
1.541532
1.541660
1.541788
1.541916
1.542043
1.542170
1.542298
1.542424
1.542551
1.542678
1.542804
1.542930
1.543056
1.543182
1.543308
1.543433
1.543558
1.543683
1.543808
1.543933
1.544057
1.544182
1.544306
1.544430
1.544553
1.544677
1.544800
1.544923
1.545046
1.545169
1.545292
1.545414
1.545537
1.545659
1.545781
1.545902
1.546024
1.546145
1.546267
1.546388
1.546509
1.546629
1.546750
1.546870
1.546990
1.547110
1.547230
1.547350
1.547470
1.547589
1.547708
1.547827
1.547946
1.548065
1.548183
1.548301
1.548420
1.548538
1.548655
1.548773
1.548891
1.549008
1.549125
1.549242
1.549359
1.549476
1.549592
1.549709
1.549825
1.549941
1.550057
1.550173
1.550288
1.550404
1.550519
1.550634
1.550749
1.550864
1.550979
1.551093
1.551208
1.551322
1.551436
1.551550
1.551664
1.551777
1.551891
1.552004
1.552117
1.552230
1.552343
1.552456
1.552568
1.552681
1.552793
1.552905
1.553017
1.553129
1.553241
1.553352
1.553464
1.553575
1.553686
1.553797
1.553908
1.554019
1.554129
1.554240
1.554350
1.554460
1.554570
1.554680
1.554789
1.554899
1.555008
1.555118
1.555227
1.555336
1.555445
1.555553
1.555662
1.555771
1.555879
1.555987
1.556095
1.556203
1.556311
1.556418
1.556526
1.556633
1.556741
1.556848
1.556955
1.557062
1.557168
1.557275
1.557381
1.557488
1.557594
1.557700
1.557806
1.557912
1.558017
1.558123
1.558228
1.558333
1.558439
1.558544
1.558649
1.558753
1.558858
1.558963
1.559067
1.559171
1.559275
1.559379
1.559483
1.559587
1.559691
1.559794
1.559898
1.560001
1.560104
1.560207
1.560310
1.560413
1.560515
1.560618
1.560720
1.560823
1.560925
1.561027
1.561129
1.561231
1.561332
1.561434
1.561535
1.561637
1.561738
1.561839
1.561940
1.562041
1.562141
1.562242
1.562342
1.562443
1.562543
1.562643
1.562743
1.562843
1.562943
1.563043
1.563142
1.563242
1.563341
1.563440
1.563539
1.563638
1.563737
1.563836
1.563935
1.564033
1.564132
1.564230
1.564328
1.564426
1.564524
1.564622
1.564720
1.564817
1.564915
1.565012
1.565109
1.565207
1.565304
1.565401
1.565498
1.565594
1.565691
1.565787
1.565884
1.565980
1.566076
1.566172
1.566268
1.566364
1.566460
1.566556
1.566651
1.566747
1.566842
1.566937
1.567032
1.567127
1.567222
1.567317
1.567412
1.567506
1.567601
1.567695
1.567789
1.567883
1.567977
1.568071
1.568165
1.568259
1.568352
1.568446
1.568539
1.568633
1.568726
1.568819
1.568912
1.569005
1.569098
1.569190
1.569283
1.569375
1.569468
1.569560
1.569652
1.569744
1.569836
1.569928
1.570020
1.570111
1.570203
1.570294
1.570386
1.570477
1.570568
1.570659
1.570750
1.570841
1.570932
1.571022
1.571113
1.571203
1.571294
1.571384
1.571474
1.571564
1.571654
1.571744
1.571834
1.571923
1.572013
1.572103
1.572192
1.572281
1.572370
1.572459
1.572548
1.572637
1.572726
1.572815
1.572903
1.572992
1.573080
1.573168
1.573257
1.573345
1.573433
1.573521
1.573608
1.573696
1.573784
1.573871
1.573959
1.574046
1.574133
1.574220
1.574307
1.574394
1.574481
1.574568
1.574655
1.574741
1.574828
1.574914
1.575000
1.575087
1.575173
1.575259
1.575345
1.575431
1.575516
1.575602
1.575688
1.575773
1.575858
1.575944
1.576029
1.576114
1.576199
1.576284
1.576369
1.576453
1.576538
1.576623
1.576707
1.576791
1.576876
1.576960
1.577044
1.577128
1.577212
1.577296
1.577379
1.577463
1.577546
1.577546
1.577630
1.577713
1.577797
1.577880
1.577963
1.578046
1.578129
1.578212
1.578294
1.578377
1.578460
1.578542
1.578624
1.578707
1.578789
1.578871
1.578953
1.579035
1.579117
1.579199
1.579280
1.579362
1.579444
1.579525
1.579606
1.579688
1.579769
1.579850
1.579931
1.580012
1.580093
1.580173
1.580254
1.580335
1.580415
1.580495
1.580576
1.580656
1.580736
1.580816
1.580896
1.580976
1.581056
1.581136
1.581215
1.581295
1.581374
1.581454
1.581533
1.581612
1.581691
1.581770
1.581849
1.581928
1.582007
1.582086
1.582164
1.582243
1.582321
1.582400
1.582478
1.582556
1.582634
1.582712
1.582790
1.582868
1.582946
1.583024
1.583101
1.583179
1.583256
1.583334
1.583411
1.583488
1.583565
1.583642
1.583719
1.583796
1.583873
1.583950
1.584026
1.584103
1.584179
1.584256
1.584332
1.584408
1.584485
1.584561
1.584637
1.584713
1.584789
1.584864
1.584940
1.585016
1.585091
1.585167
1.585242
1.585317
1.585393
1.585468
1.585543
1.585618
1.585693
1.585768
1.585842
1.585917
1.585992
1.586066
1.586141
1.586215
1.586289
1.586363
1.586438
1.586512
1.586586
1.586659
1.586733
1.586807
1.586881
1.586954
1.587028
1.587101
1.587175
1.587248
1.587321
1.587394
1.587467
1.587540
1.587613
1.587686
1.587759
1.587831
1.587904
1.587977
1.588049
1.588121
1.588194
1.588266
1.588338
1.588410
1.588482
1.588554
1.588626
1.588698
1.588769
1.588841
1.588913
1.588984
1.589056
1.589127
1.589198
1.589269
1.589341
1.589412
1.589483
1.589553
1.589624
1.589695
1.589766
1.589836
1.589907
1.589977
1.590048
1.590118
1.590188
1.590258
1.590329
1.590399
1.590469
1.590538
1.590608
1.590678
1.590748
1.590817
1.590887
1.590956
1.591026
1.591095
1.591164
1.591233
1.591302
1.591371
1.591440
1.591509
1.591578
1.591647
1.591716
1.591784
1.591853
1.591921
1.591990
1.592058
1.592126
1.592194
1.592263
1.592331
1.592399
1.592466
1.592534
1.592602
1.592670
1.592737
1.592805
1.592872
1.592940
1.593007
1.593075
1.593142
1.593209
1.593276
1.593343
1.593410
1.593477
1.593544
1.593611
1.593677
1.593744
1.593810
1.593877
1.593943
1.594010
1.594076
1.594142
1.594208
1.594274
1.594340
1.594406
1.594472
1.594538
1.594604
1.594669
1.594735
1.594801
1.594866
1.594931
1.594997
1.595062
1.595127
1.595192
1.595258
1.595323
1.595388
1.595452
1.595517
1.595582
1.595647
1.595711
1.595776
1.595840
1.595905
1.595969
1.596034
1.596098
1.596162
1.596226
1.596290
1.596354
1.596418
1.596482
1.596546
1.596610
1.596673
1.596737
1.596800
1.596864
1.596927
1.596991
1.597054
1.597117
1.597180
1.597243
1.597306
1.597369
1.597432
1.597495
1.597558
1.597621
1.597683
1.597746
1.597809
1.597871
1.597933
1.597996
1.598058
1.598120
1.598183
1.598245
1.598307
1.598369
1.598431
1.598492
1.598554
1.598616
1.598678
1.598739
1.598801
1.598862
1.598924
1.598985
1.599047
1.599108
1.599169
1.599230
1.599291
1.599352
1.599413
1.599474
1.599535
1.599596
1.599656
1.599717
1.599778
1.599838
1.599899
1.599959
1.600020
1.600080
1.600140
1.600200
1.600260
1.600321
1.600381
1.600441
1.600500
1.600560
1.600620
1.600680
1.600739
1.600799
1.600859
1.600918
1.600977
1.601037
1.601096
1.601155
1.601215
1.601274
1.601333
1.601392
1.601451
1.601510
1.601569
1.601627
1.601686
1.601745
1.601804
1.601862
1.601921
1.601979
1.602038
1.602096
1.602154
1.602212
1.602271
1.602329
1.602387
1.602445
1.602503
1.602561
1.602619
1.602676
1.602734
1.602792
1.602849
1.602907
1.602964
1.603022
1.603079
1.603137
1.603194
1.603251
1.603308
1.603366
1.603423
1.603480
1.603537
1.603593
1.603650
1.603707
1.603764
1.603821
1.603877
1.603934
1.603990
1.604047
1.604103
1.604160
1.604216
1.604272
1.604328
1.604385
1.604441
1.604497
1.604553
1.604609
1.604665
1.604720
1.604776
1.604832
1.604888
1.604943
1.604999
1.605054
1.605110
1.605165
1.605221
1.605276
1.605331
1.605386
1.605442
1.605497
1.605552
1.605607
1.605662
1.605717
1.605771
1.605826
1.605881
1.605936
1.605990
1.606045
1.606100
1.606154
1.606208
1.606263
1.606317
1.606371
1.606426
1.606480
1.606534
1.606588
1.606642
1.606696
1.606750
1.606804
1.606858
1.606912
1.606965
1.607019
1.607073
1.607126
1.607180
1.607233
1.607287
1.607340
1.607393
1.607447
1.607500
1.607553
1.607606
1.607659
1.607712
1.607765
1.607818
1.607871
1.607924
1.607977
1.608030
1.608082
1.608135
1.608188
1.608240
1.608293
1.608345
1.608397
1.608450
1.608502
1.608554
1.608607
1.608659
1.608711
1.608763
1.608815
1.608867
1.608919
1.608971
1.609023
1.609074
1.609126
1.609178
1.609229
1.609281
1.609333
1.609384
1.609436
1.609487
1.609538
1.609590
1.609641
1.609692
1.609743
1.609794
1.609845
1.609897
1.609948
1.609998
1.610049
1.610100
1.610151
1.610151
1.610202
1.610252
1.610303
1.610354
1.610404
1.610455
1.610505
1.610556
1.610606
1.610657
1.610707
1.610757
1.610807
1.610857
1.610908
1.610958
1.611008
1.611058
1.611108
1.611158
1.611207
1.611257
1.611307
1.611357
1.611406
1.611456
1.611506
1.611555
1.611605
1.611654
1.611703
1.611753
1.611802
1.611851
1.611901
1.611950
1.611999
1.612048
1.612097
1.612146
1.612195
1.612244
1.612293
1.612342
1.612390
1.612439
1.612488
1.612537
1.612585
1.612634
1.612682
1.612731
1.612779
1.612828
1.612876
1.612924
1.612973
1.613021
1.613069
1.613117
1.613165
1.613213
1.613261
1.613309
1.613357
1.613405
1.613453
1.613501
1.613549
1.613596
1.613644
1.613692
1.613739
1.613787
1.613834
1.613882
1.613929
1.613977
1.614024
1.614071
1.614118
1.614166
1.614213
1.614260
1.614307
1.614354
1.614401
1.614448
1.614495
1.614542
1.614589
1.614636
1.614682
1.614729
1.614776
1.614822
1.614869
1.614916
1.614962
1.615009
1.615055
1.615102
1.615148
1.615194
1.615241
1.615287
1.615333
1.615379
1.615425
1.615471
1.615517
1.615563
1.615609
1.615655
1.615701
1.615747
1.615793
1.615839
1.615884
1.615930
1.615976
1.616021
1.616067
1.616112
1.616158
1.616203
1.616249
1.616294
1.616339
1.616385
1.616430
1.616475
1.616520
1.616566
1.616611
1.616656
1.616701
1.616746
1.616791
1.616836
1.616880
1.616925
1.616970
1.617015
1.617060
1.617104
1.617149
1.617193
1.617238
1.617283
1.617327
1.617372
1.617416
1.617460
1.617505
1.617549
1.617593
1.617637
1.617682
1.617726
1.617770
1.617814
1.617858
1.617902
1.617946
1.617990
1.618034
1.618078
1.618121
1.618165
1.618209
1.618253
1.618296
1.618340
1.618384
1.618427
1.618471
1.618514
1.618558
1.618601
1.618644
1.618688
1.618731
1.618774
1.618818
1.618861
1.618904
1.618947
1.618990
1.619033
1.619076
1.619119
1.619162
1.619205
1.619248
1.619291
1.619334
1.619376
1.619419
1.619462
1.619504
1.619547
1.619590
1.619632
1.619675
1.619717
1.619760
1.619802
1.619844
1.619887
1.619929
1.619971
1.620014
1.620056
1.620098
1.620140
1.620182
1.620224
1.620266
1.620308
1.620350
1.620392
1.620434
1.620476
1.620518
1.620559
1.620601
1.620643
1.620685
1.620726
1.620768
1.620809
1.620851
1.620892
1.620934
1.620975
1.621017
1.621058
1.621099
1.621141
1.621182
1.621223
1.621264
1.621306
1.621347
1.621388
1.621429
1.621470
1.621511
1.621552
1.621593
1.621634
1.621675
1.621715
1.621756
1.621797
1.621838
1.621878
1.621919
1.621960
1.622000
1.622041
1.622081
1.622122
1.622162
1.622203
1.622243
1.622284
1.622324
1.622364
1.622405
1.622445
1.622485
1.622525
1.622565
1.622605
1.622645
1.622685
1.622726
1.622765
1.622805
1.622845
1.622885
1.622925
1.622965
1.623005
1.623044
1.623084
1.623124
1.623164
1.623203
1.623243
1.623282
1.623322
1.623361
1.623401
1.623440
1.623480
1.623519
1.623558
1.623598
1.623637
1.623676
1.623715
1.623755
1.623794
1.623833
1.623872
1.623911
1.623950
1.623989
1.624028
1.624067
1.624106
1.624145
1.624184
1.624222
1.624261
1.624300
1.624339
1.624377
1.624416
1.624455
1.624493
1.624532
1.624570
1.624609
1.624647
1.624686
1.624724
1.624762
1.624801
1.624839
1.624877
1.624916
1.624954
1.624992
1.625030
1.625068
1.625107
1.625145
1.625183
1.625221
1.625259
1.625297
1.625335
1.625372
1.625410
1.625448
1.625486
1.625524
1.625562
1.625599
1.625637
1.625675
1.625712
1.625750
1.625787
1.625825
1.625862
1.625900
1.625937
1.625975
1.626012
1.626050
1.626087
1.626124
1.626162
1.626199
1.626236
1.626273
1.626310
1.626348
1.626385
1.626422
1.626459
1.626496
1.626533
1.626570
1.626607
1.626644
1.626680
1.626717
1.626754
1.626791
1.626828
1.626864
1.626901
1.626938
1.626974
1.627011
1.627048
1.627084
1.627121
1.627157
1.627194
1.627230
1.627267
1.627303
1.627339
1.627376
1.627412
1.627448
1.627485
1.627521
1.627557
1.627593
1.627629
1.627665
1.627701
1.627738
1.627774
1.627810
1.627846
1.627881
1.627917
1.627953
1.627989
1.628025
1.628061
1.628097
1.628132
1.628168
1.628204
1.628239
1.628275
1.628311
1.628346
1.628382
1.628417
1.628453
1.628488
1.628524
1.628559
1.628595
1.628630
1.628665
1.628701
1.628736
1.628771
1.628807
1.628842
1.628877
1.628912
1.628947
1.628982
1.629017
1.629052
1.629087
1.629122
1.629157
1.629192
1.629227
1.629262
1.629297
1.629332
1.629367
1.629402
1.629436
1.629471
1.629506
1.629540
1.629575
1.629610
1.629644
1.629679
1.629713
1.629748
1.629782
1.629817
1.629851
1.629886
1.629920
1.629955
1.629989
1.630023
1.630058
1.630092
1.630126
1.630160
1.630194
1.630229
1.630263
1.630297
1.630331
1.630365
1.630399
1.630433
1.630467
1.630501
1.630535
1.630569
1.630603
1.630637
1.630670
1.630704
1.630738
1.630772
1.630806
1.630806
1.630839
1.630873
1.630907
1.630940
1.630974
1.631007
1.631041
1.631074
1.631108
1.631141
1.631175
1.631208
1.631242
1.631275
1.631309
1.631342
1.631375
1.631408
1.631442
1.631475
1.631508
1.631541
1.631574
1.631608
1.631641
1.631674
1.631707
1.631740
1.631773
1.631806
1.631839
1.631872
1.631905
1.631938
1.631971
1.632003
1.632036
1.632069
1.632102
1.632134
1.632167
1.632200
1.632233
1.632265
1.632298
1.632330
1.632363
1.632396
1.632428
1.632461
1.632493
1.632526
1.632558
1.632590
1.632623
1.632655
1.632688
1.632720
1.632752
1.632784
1.632817
1.632849
1.632881
1.632913
1.632945
1.632978
1.633010
1.633042
1.633074
1.633106
1.633138
1.633170
1.633202
1.633234
1.633266
1.633298
1.633329
1.633361
1.633393
1.633425
1.633457
1.633488
1.633520
1.633552
1.633584
1.633615
1.633647
1.633678
1.633710
1.633742
1.633773
1.633805
1.633836
1.633868
1.633899
1.633931
1.633962
1.633993
1.634025
1.634056
1.634087
1.634119
1.634150
1.634181
1.634213
1.634244
1.634275
1.634306
1.634337
1.634368
1.634399
1.634430
1.634462
1.634493
1.634524
1.634555
1.634586
1.634616
1.634647
1.634678
1.634709
1.634740
1.634771
1.634802
1.634832
1.634863
1.634894
1.634925
1.634955
1.634986
1.635017
1.635047
1.635078
1.635109
1.635139
1.635170
1.635200
1.635231
1.635261
1.635292
1.635322
1.635352
1.635383
1.635413
1.635444
1.635474
1.635504
1.635534
1.635565
1.635595
1.635625
1.635655
1.635686
1.635716
1.635746
1.635776
1.635806
1.635836
1.635866
1.635896
1.635926
1.635956
1.635986
1.636016
1.636046
1.636076
1.636106
1.636136
1.636165
1.636195
1.636225
1.636255
1.636285
1.636314
1.636344
1.636374
1.636403
1.636433
1.636463
1.636492
1.636522
1.636551
1.636581
1.636610
1.636640
1.636669
1.636699
1.636728
1.636758
1.636787
1.636817
1.636846
1.636875
1.636905
1.636934
1.636963
1.636992
1.637022
1.637051
1.637080
1.637109
1.637138
1.637167
1.637197
1.637226
1.637255
1.637284
1.637313
1.637342
1.637371
1.637400
1.637429
1.637458
1.637487
1.637515
1.637544
1.637573
1.637602
1.637631
1.637660
1.637688
1.637717
1.637746
1.637774
1.637803
1.637832
1.637860
1.637889
1.637918
1.637946
1.637975
1.638003
1.638032
1.638060
1.638089
1.638117
1.638146
1.638174
1.638203
1.638231
1.638259
1.638288
1.638316
1.638344
1.638373
1.638401
1.638429
1.638457
1.638486
1.638514
1.638542
1.638570
1.638598
1.638626
1.638655
1.638683
1.638711
1.638739
1.638767
1.638795
1.638823
1.638851
1.638879
1.638907
1.638934
1.638962
1.638990
1.639018
1.639046
1.639074
1.639101
1.639129
1.639157
1.639185
1.639212
1.639240
1.639268
1.639295
1.639323
1.639351
1.639378
1.639406
1.639433
1.639461
1.639488
1.639516
1.639543
1.639571
1.639598
1.639626
1.639653
1.639681
1.639708
1.639735
1.639763
1.639790
1.639817
1.639844
1.639872
1.639899
1.639926
1.639953
1.639981
1.640008
1.640035
1.640062
1.640089
1.640116
1.640143
1.640170
1.640197
1.640224
1.640251
1.640278
1.640305
1.640332
1.640359
1.640386
1.640413
1.640440
1.640467
1.640494
1.640520
1.640547
1.640574
1.640601
1.640628
1.640654
1.640681
1.640708
1.640734
1.640761
1.640788
1.640814
1.640841
1.640867
1.640894
1.640921
1.640947
1.640974
1.641000
1.641027
1.641053
1.641079
1.641106
1.641132
1.641159
1.641185
1.641211
1.641238
1.641264
1.641290
1.641317
1.641343
1.641369
1.641395
1.641421
1.641448
1.641474
1.641500
1.641526
1.641552
1.641578
1.641604
1.641631
1.641657
1.641683
1.641709
1.641735
1.641761
1.641787
1.641813
1.641838
1.641864
1.641890
1.641916
1.641942
1.641968
1.641994
1.642019
1.642045
1.642071
1.642097
1.642123
1.642148
1.642174
1.642200
1.642225
1.642251
1.642277
1.642302
1.642328
1.642353
1.642379
1.642405
1.642430
1.642456
1.642481
1.642507
1.642532
1.642557
1.642583
1.642608
1.642634
1.642659
1.642684
1.642710
1.642735
1.642760
1.642786
1.642811
1.642836
1.642862
1.642887
1.642912
1.642937
1.642962
1.642988
1.643013
1.643038
1.643063
1.643088
1.643113
1.643138
1.643163
1.643188
1.643213
1.643238
1.643263
1.643288
1.643313
1.643338
1.643363
1.643388
1.643413
1.643438
1.643463
1.643487
1.643512
1.643537
1.643562
1.643587
1.643611
1.643636
1.643661
1.643685
1.643710
1.643735
1.643759
1.643784
1.643809
1.643833
1.643858
1.643883
1.643907
1.643932
1.643956
1.643981
1.644005
1.644030
1.644054
1.644079
1.644103
1.644127
1.644152
1.644176
1.644201
1.644225
1.644249
1.644274
1.644298
1.644322
1.644346
1.644371
1.644395
1.644419
1.644443
1.644468
1.644492
1.644516
1.644540
1.644564
1.644588
1.644612
1.644636
1.644660
1.644685
1.644709
1.644733
1.644757
1.644781
1.644805
1.644829
1.644852
1.644876
1.644900
1.644924
1.644948
1.644972
1.644972
1.644996
1.645020
1.645043
1.645067
1.645091
1.645115
1.645139
1.645162
1.645186
1.645210
1.645233
1.645257
1.645281
1.645304
1.645328
1.645352
1.645375
1.645399
1.645422
1.645446
1.645470
1.645493
1.645517
1.645540
1.645564
1.645587
1.645610
1.645634
1.645657
1.645681
1.645704
1.645727
1.645751
1.645774
1.645798
1.645821
1.645844
1.645867
1.645891
1.645914
1.645937
1.645960
1.645984
1.646007
1.646030
1.646053
1.646076
1.646099
1.646123
1.646146
1.646169
1.646192
1.646215
1.646238
1.646261
1.646284
1.646307
1.646330
1.646353
1.646376
1.646399
1.646422
1.646445
1.646468
1.646491
1.646513
1.646536
1.646559
1.646582
1.646605
1.646628
1.646650
1.646673
1.646696
1.646719
1.646741
1.646764
1.646787
1.646809
1.646832
1.646855
1.646877
1.646900
1.646923
1.646945
1.646968
1.646990
1.647013
1.647036
1.647058
1.647081
1.647103
1.647126
1.647148
1.647170
1.647193
1.647215
1.647238
1.647260
1.647283
1.647305
1.647327
1.647350
1.647372
1.647394
1.647417
1.647439
1.647461
1.647483
1.647506
1.647528
1.647550
1.647572
1.647594
1.647617
1.647639
1.647661
1.647683
1.647705
1.647727
1.647749
1.647771
1.647793
1.647816
1.647838
1.647860
1.647882
1.647904
1.647926
1.647948
1.647969
1.647991
1.648013
1.648035
1.648057
1.648079
1.648101
1.648123
1.648145
1.648166
1.648188
1.648210
1.648232
1.648254
1.648275
1.648297
1.648319
1.648341
1.648362
1.648384
1.648406
1.648427
1.648449
1.648471
1.648492
1.648514
1.648535
1.648557
1.648579
1.648600
1.648622
1.648643
1.648665
1.648686
1.648708
1.648729
1.648751
1.648772
1.648794
1.648815
1.648836
1.648858
1.648879
1.648900
1.648922
1.648943
1.648965
1.648986
1.649007
1.649028
1.649050
1.649071
1.649092
1.649113
1.649135
1.649156
1.649177
1.649198
1.649219
1.649241
1.649262
1.649283
1.649304
1.649325
1.649346
1.649367
1.649388
1.649409
1.649430
1.649451
1.649472
1.649493
1.649514
1.649535
1.649556
1.649577
1.649598
1.649619
1.649640
1.649661
1.649682
1.649703
1.649724
1.649744
1.649765
1.649786
1.649807
1.649828
1.649848
1.649869
1.649890
1.649911
1.649931
1.649952
1.649973
1.649994
1.650014
1.650035
1.650056
1.650076
1.650097
1.650118
1.650138
1.650159
1.650179
1.650200
1.650220
1.650241
1.650261
1.650282
1.650302
1.650323
1.650343
1.650364
1.650384
1.650405
1.650425
1.650446
1.650466
1.650486
1.650507
1.650527
1.650548
1.650568
1.650588
1.650609
1.650629
1.650649
1.650669
1.650690
1.650710
1.650730
1.650750
1.650771
1.650791
1.650811
1.650831
1.650851
1.650872
1.650892
1.650912
1.650932
1.650952
1.650972
1.650992
1.651012
1.651032
1.651052
1.651072
1.651092
1.651112
1.651132
1.651152
1.651172
1.651192
1.651212
1.651232
1.651252
1.651272
1.651292
1.651312
1.651332
1.651352
1.651371
1.651391
1.651411
1.651431
1.651451
1.651471
1.651490
1.651510
1.651530
1.651550
1.651569
1.651589
1.651609
1.651628
1.651648
1.651668
1.651687
1.651707
1.651727
1.651746
1.651766
1.651786
1.651805
1.651825
1.651844
1.651864
1.651883
1.651903
1.651922
1.651942
1.651961
1.651981
1.652000
1.652020
1.652039
1.652059
1.652078
1.652098
1.652117
1.652136
1.652156
1.652175
1.652195
1.652214
1.652233
1.652253
1.652272
1.652291
1.652310
1.652330
1.652349
1.652368
1.652387
1.652407
1.652426
1.652445
1.652464
1.652484
1.652503
1.652522
1.652541
1.652560
1.652579
1.652598
1.652617
1.652637
1.652656
1.652675
1.652694
1.652713
1.652732
1.652751
1.652770
1.652789
1.652808
1.652827
1.652846
1.652865
1.652884
1.652903
1.652922
1.652940
1.652959
1.652978
1.652997
1.653016
1.653035
1.653054
1.653073
1.653091
1.653110
1.653129
1.653148
1.653167
1.653185
1.653204
1.653223
1.653242
1.653260
1.653279
1.653298
1.653316
1.653335
1.653354
1.653372
1.653391
1.653410
1.653428
1.653447
1.653465
1.653484
1.653503
1.653521
1.653540
1.653558
1.653577
1.653595
1.653614
1.653632
1.653651
1.653669
1.653688
1.653706
1.653725
1.653743
1.653762
1.653780
1.653798
1.653817
1.653835
1.653854
1.653872
1.653890
1.653909
1.653927
1.653945
1.653964
1.653982
1.654000
1.654018
1.654037
1.654055
1.654073
1.654091
1.654110
1.654128
1.654146
1.654164
1.654182
1.654201
1.654219
1.654237
1.654255
1.654273
1.654291
1.654309
1.654327
1.654346
1.654364
1.654382
1.654400
1.654418
1.654436
1.654454
1.654472
1.654490
1.654508
1.654526
1.654544
1.654562
1.654580
1.654598
1.654616
1.654633
1.654651
1.654669
1.654687
1.654705
1.654723
1.654741
1.654759
1.654776
1.654794
1.654812
1.654830
1.654848
1.654865
1.654883
1.654901
1.654919
1.654936
1.654954
1.654972
1.654990
1.655007
1.655025
1.655043
1.655060
1.655078
1.655096
1.655113
1.655131
1.655148
1.655166
1.655184
1.655201
1.655201
1.655219
1.655236
1.655254
1.655271
1.655289
1.655307
1.655324
1.655342
1.655359
1.655377
1.655394
1.655411
1.655429
1.655446
1.655464
1.655481
1.655499
1.655516
1.655533
1.655551
1.655568
1.655586
1.655603
1.655620
1.655638
1.655655
1.655672
1.655690
1.655707
1.655724
1.655741
1.655759
1.655776
1.655793
1.655810
1.655828
1.655845
1.655862
1.655879
1.655896
1.655914
1.655931
1.655948
1.655965
1.655982
1.655999
1.656016
1.656034
1.656051
1.656068
1.656085
1.656102
1.656119
1.656136
1.656153
1.656170
1.656187
1.656204
1.656221
1.656238
1.656255
1.656272
1.656289
1.656306
1.656323
1.656340
1.656357
1.656374
1.656391
1.656407
1.656424
1.656441
1.656458
1.656475
1.656492
1.656509
1.656525
1.656542
1.656559
1.656576
1.656593
1.656609
1.656626
1.656643
1.656660
1.656676
1.656693
1.656710
1.656727
1.656743
1.656760
1.656777
1.656793
1.656810
1.656827
1.656843
1.656860
1.656877
1.656893
1.656910
1.656926
1.656943
1.656960
1.656976
1.656993
1.657009
1.657026
1.657042
1.657059
1.657075
1.657092
1.657108
1.657125
1.657141
1.657158
1.657174
1.657191
1.657207
1.657224
1.657240
1.657256
1.657273
1.657289
1.657306
1.657322
1.657338
1.657355
1.657371
1.657387
1.657404
1.657420
1.657436
1.657453
1.657469
1.657485
1.657501
1.657518
1.657534
1.657550
1.657566
1.657583
1.657599
1.657615
1.657631
1.657647
1.657664
1.657680
1.657696
1.657712
1.657728
1.657744
1.657761
1.657777
1.657793
1.657809
1.657825
1.657841
1.657857
1.657873
1.657889
1.657905
1.657921
1.657937
1.657953
1.657969
1.657985
1.658001
1.658017
1.658033
1.658049
1.658065
1.658081
1.658097
1.658113
1.658129
1.658145
1.658161
1.658177
1.658193
1.658209
1.658224
1.658240
1.658256
1.658272
1.658288
1.658304
1.658319
1.658335
1.658351
1.658367
1.658383
1.658398
1.658414
1.658430
1.658446
1.658461
1.658477
1.658493
1.658509
1.658524
1.658540
1.658556
1.658571
1.658587
1.658603
1.658618
1.658634
1.658650
1.658665
1.658681
1.658696
1.658712
1.658728
1.658743
1.658759
1.658774
1.658790
1.658805
1.658821
1.658836
1.658852
1.658868
1.658883
1.658899
1.658914
1.658929
1.658945
1.658960
1.658976
1.658991
1.659007
1.659022
1.659038
1.659053
1.659068
1.659084
1.659099
1.659115
1.659130
1.659145
1.659161
1.659176
1.659191
1.659207
1.659222
1.659237
1.659253
1.659268
1.659283
1.659298
1.659314
1.659329
1.659344
1.659359
1.659375
1.659390
1.659405
1.659420
1.659436
1.659451
1.659466
1.659481
1.659496
1.659511
1.659527
1.659542
1.659557
1.659572
1.659587
1.659602
1.659617
1.659632
1.659647
1.659663
1.659678
1.659693
1.659708
1.659723
1.659738
1.659753
1.659768
1.659783
1.659798
1.659813
1.659828
1.659843
1.659858
1.659873
1.659888
1.659903
1.659918
1.659933
1.659947
1.659962
1.659977
1.659992
1.660007
1.660022
1.660037
1.660052
1.660067
1.660081
1.660096
1.660111
1.660126
1.660141
1.660156
1.660170
1.660185
1.660200
1.660215
1.660229
1.660244
1.660259
1.660274
1.660288
1.660303
1.660318
1.660333
1.660347
1.660362
1.660377
1.660391
1.660406
1.660421
1.660435
1.660450
1.660465
1.660479
1.660494
1.660509
1.660523
1.660538
1.660552
1.660567
1.660581
1.660596
1.660611
1.660625
1.660640
1.660654
1.660669
1.660683
1.660698
1.660712
1.660727
1.660741
1.660756
1.660770
1.660785
1.660799
1.660814
1.660828
1.660843
1.660857
1.660871
1.660886
1.660900
1.660915
1.660929
1.660943
1.660958
1.660972
1.660987
1.661001
1.661015
1.661030
1.661044
1.661058
1.661073
1.661087
1.661101
1.661115
1.661130
1.661144
1.661158
1.661173
1.661187
1.661201
1.661215
1.661229
1.661244
1.661258
1.661272
1.661286
1.661301
1.661315
1.661329
1.661343
1.661357
1.661371
1.661386
1.661400
1.661414
1.661428
1.661442
1.661456
1.661470
1.661484
1.661498
1.661513
1.661527
1.661541
1.661555
1.661569
1.661583
1.661597
1.661611
1.661625
1.661639
1.661653
1.661667
1.661681
1.661695
1.661709
1.661723
1.661737
1.661751
1.661765
1.661779
1.661793
1.661806
1.661820
1.661834
1.661848
1.661862
1.661876
1.661890
1.661904
1.661918
1.661931
1.661945
1.661959
1.661973
1.661987
1.662001
1.662014
1.662028
1.662042
1.662056
1.662070
1.662083
1.662097
1.662111
1.662125
1.662138
1.662152
1.662166
1.662180
1.662193
1.662207
1.662221
1.662234
1.662248
1.662262
1.662276
1.662289
1.662303
1.662317
1.662330
1.662344
1.662357
1.662371
1.662385
1.662398
1.662412
1.662426
1.662439
1.662453
1.662466
1.662480
1.662493
1.662507
1.662521
1.662534
1.662548
1.662561
1.662575
1.662588
1.662602
1.662615
1.662629
1.662642
1.662656
1.662669
1.662683
1.662696
1.662709
1.662723
1.662736
1.662750
1.662763
1.662777
1.662790
1.662803
1.662817
1.662830
1.662844
1.662857
1.662857
1.662870
1.662884
1.662897
1.662910
1.662924
1.662937
1.662950
1.662964
1.662977
1.662990
1.663004
1.663017
1.663030
1.663043
1.663057
1.663070
1.663083
1.663096
1.663110
1.663123
1.663136
1.663149
1.663163
1.663176
1.663189
1.663202
1.663215
1.663229
1.663242
1.663255
1.663268
1.663281
1.663294
1.663307
1.663321
1.663334
1.663347
1.663360
1.663373
1.663386
1.663399
1.663412
1.663425
1.663438
1.663452
1.663465
1.663478
1.663491
1.663504
1.663517
1.663530
1.663543
1.663556
1.663569
1.663582
1.663595
1.663608
1.663621
1.663634
1.663647
1.663660
1.663673
1.663686
1.663698
1.663711
1.663724
1.663737
1.663750
1.663763
1.663776
1.663789
1.663802
1.663815
1.663827
1.663840
1.663853
1.663866
1.663879
1.663892
1.663905
1.663917
1.663930
1.663943
1.663956
1.663969
1.663981
1.663994
1.664007
1.664020
1.664032
1.664045
1.664058
1.664071
1.664083
1.664096
1.664109
1.664122
1.664134
1.664147
1.664160
1.664172
1.664185
1.664198
1.664211
1.664223
1.664236
1.664248
1.664261
1.664274
1.664286
1.664299
1.664312
1.664324
1.664337
1.664349
1.664362
1.664375
1.664387
1.664400
1.664412
1.664425
1.664438
1.664450
1.664463
1.664475
1.664488
1.664500
1.664513
1.664525
1.664538
1.664550
1.664563
1.664575
1.664588
1.664600
1.664613
1.664625
1.664638
1.664650
1.664662
1.664675
1.664687
1.664700
1.664712
1.664725
1.664737
1.664749
1.664762
1.664774
1.664787
1.664799
1.664811
1.664824
1.664836
1.664848
1.664861
1.664873
1.664885
1.664898
1.664910
1.664922
1.664935
1.664947
1.664959
1.664972
1.664984
1.664996
1.665008
1.665021
1.665033
1.665045
1.665057
1.665070
1.665082
1.665094
1.665106
1.665119
1.665131
1.665143
1.665155
1.665167
1.665179
1.665192
1.665204
1.665216
1.665228
1.665240
1.665252
1.665265
1.665277
1.665289
1.665301
1.665313
1.665325
1.665337
1.665349
1.665361
1.665374
1.665386
1.665398
1.665410
1.665422
1.665434
1.665446
1.665458
1.665470
1.665482
1.665494
1.665506
1.665518
1.665530
1.665542
1.665554
1.665566
1.665578
1.665590
1.665602
1.665614
1.665626
1.665638
1.665650
1.665662
1.665674
1.665686
1.665698
1.665710
1.665721
1.665733
1.665745
1.665757
1.665769
1.665781
1.665793
1.665805
1.665817
1.665828
1.665840
1.665852
1.665864
1.665876
1.665888
1.665899
1.665911
1.665923
1.665935
1.665947
1.665958
1.665970
1.665982
1.665994
1.666006
1.666017
1.666029
1.666041
1.666053
1.666064
1.666076
1.666088
1.666099
1.666111
1.666123
1.666135
1.666146
1.666158
1.666170
1.666181
1.666193
1.666205
1.666216
1.666228
1.666240
1.666251
1.666263
1.666275
1.666286
1.666298
1.666310
1.666321
1.666333
1.666344
1.666356
1.666368
1.666379
1.666391
1.666402
1.666414
1.666425
1.666437
1.666448
1.666460
1.666472
1.666483
1.666495
1.666506
1.666518
1.666529
1.666541
1.666552
1.666564
1.666575
1.666587
1.666598
1.666610
1.666621
1.666633
1.666644
1.666655
1.666667
1.666678
1.666690
1.666701
1.666713
1.666724
1.666735
1.666747
1.666758
1.666770
1.666781
1.666792
1.666804
1.666815
1.666827
1.666838
1.666849
1.666861
1.666872
1.666883
1.666895
1.666906
1.666917
1.666929
1.666940
1.666951
1.666962
1.666974
1.666985
1.666996
1.667008
1.667019
1.667030
1.667041
1.667053
1.667064
1.667075
1.667086
1.667098
1.667109
1.667120
1.667131
1.667142
1.667154
1.667165
1.667176
1.667187
1.667198
1.667210
1.667221
1.667232
1.667243
1.667254
1.667265
1.667277
1.667288
1.667299
1.667310
1.667321
1.667332
1.667343
1.667354
1.667366
1.667377
1.667388
1.667399
1.667410
1.667421
1.667432
1.667443
1.667454
1.667465
1.667476
1.667487
1.667498
1.667509
1.667520
1.667531
1.667542
1.667553
1.667564
1.667575
1.667586
1.667597
1.667608
1.667619
1.667630
1.667641
1.667652
1.667663
1.667674
1.667685
1.667696
1.667707
1.667718
1.667729
1.667740
1.667751
1.667762
1.667773
1.667783
1.667794
1.667805
1.667816
1.667827
1.667838
1.667849
1.667860
1.667870
1.667881
1.667892
1.667903
1.667914
1.667925
1.667936
1.667946
1.667957
1.667968
1.667979
1.667990
1.668000
1.668011
1.668022
1.668033
1.668044
1.668054
1.668065
1.668076
1.668087
1.668097
1.668108
1.668119
1.668130
1.668140
1.668151
1.668162
1.668172
1.668183
1.668194
1.668205
1.668215
1.668226
1.668237
1.668247
1.668258
1.668269
1.668279
1.668290
1.668301
1.668311
1.668322
1.668332
1.668343
1.668354
1.668364
1.668375
1.668386
1.668396
1.668407
1.668417
1.668428
1.668439
1.668449
1.668460
1.668470
1.668481
1.668491
1.668502
1.668513
1.668523
1.668534
1.668544
1.668555
1.668565
1.668576
1.668586
1.668597
1.668607
1.668618
1.668628
1.668639
1.668649
1.668660
1.668670
1.668681
1.668691
1.668702
1.668712
1.668722
1.668733
1.668743
1.668754
1.668754
1.668764
1.668775
1.668785
1.668796
1.668806
1.668816
1.668827
1.668837
1.668848
1.668858
1.668868
1.668879
1.668889
1.668899
1.668910
1.668920
1.668930
1.668941
1.668951
1.668962
1.668972
1.668982
1.668992
1.669003
1.669013
1.669023
1.669034
1.669044
1.669054
1.669065
1.669075
1.669085
1.669095
1.669106
1.669116
1.669126
1.669137
1.669147
1.669157
1.669167
1.669177
1.669188
1.669198
1.669208
1.669218
1.669229
1.669239
1.669249
1.669259
1.669269
1.669280
1.669290
1.669300
1.669310
1.669320
1.669330
1.669341
1.669351
1.669361
1.669371
1.669381
1.669391
1.669401
1.669412
1.669422
1.669432
1.669442
1.669452
1.669462
1.669472
1.669482
1.669492
1.669502
1.669513
1.669523
1.669533
1.669543
1.669553
1.669563
1.669573
1.669583
1.669593
1.669603
1.669613
1.669623
1.669633
1.669643
1.669653
1.669663
1.669673
1.669683
1.669693
1.669703
1.669713
1.669723
1.669733
1.669743
1.669753
1.669763
1.669773
1.669783
1.669793
1.669803
1.669813
1.669823
1.669833
1.669843
1.669852
1.669862
1.669872
1.669882
1.669892
1.669902
1.669912
1.669922
1.669932
1.669942
1.669951
1.669961
1.669971
1.669981
1.669991
1.670001
1.670011
1.670020
1.670030
1.670040
1.670050
1.670060
1.670070
1.670079
1.670089
1.670099
1.670109
1.670119
1.670128
1.670138
1.670148
1.670158
1.670167
1.670177
1.670187
1.670197
1.670207
1.670216
1.670226
1.670236
1.670245
1.670255
1.670265
1.670275
1.670284
1.670294
1.670304
1.670314
1.670323
1.670333
1.670343
1.670352
1.670362
1.670372
1.670381
1.670391
1.670401
1.670410
1.670420
1.670430
1.670439
1.670449
1.670459
1.670468
1.670478
1.670487
1.670497
1.670507
1.670516
1.670526
1.670536
1.670545
1.670555
1.670564
1.670574
1.670583
1.670593
1.670603
1.670612
1.670622
1.670631
1.670641
1.670650
1.670660
1.670670
1.670679
1.670689
1.670698
1.670708
1.670717
1.670727
1.670736
1.670746
1.670755
1.670765
1.670774
1.670784
1.670793
1.670803
1.670812
1.670822
1.670831
1.670841
1.670850
1.670859
1.670869
1.670878
1.670888
1.670897
1.670907
1.670916
1.670925
1.670935
1.670944
1.670954
1.670963
1.670973
1.670982
1.670991
1.671001
1.671010
1.671020
1.671029
1.671038
1.671048
1.671057
1.671066
1.671076
1.671085
1.671094
1.671104
1.671113
1.671122
1.671132
1.671141
1.671150
1.671160
1.671169
1.671178
1.671188
1.671197
1.671206
1.671216
1.671225
1.671234
1.671243
1.671253
1.671262
1.671271
1.671280
1.671290
1.671299
1.671308
1.671317
1.671327
1.671336
1.671345
1.671354
1.671364
1.671373
1.671382
1.671391
1.671401
1.671410
1.671419
1.671428
1.671437
1.671446
1.671456
1.671465
1.671474
1.671483
1.671492
1.671502
1.671511
1.671520
1.671529
1.671538
1.671547
1.671556
1.671566
1.671575
1.671584
1.671593
1.671602
1.671611
1.671620
1.671629
1.671638
1.671648
1.671657
1.671666
1.671675
1.671684
1.671693
1.671702
1.671711
1.671720
1.671729
1.671738
1.671747
1.671756
1.671765
1.671774
1.671784
1.671793
1.671802
1.671811
1.671820
1.671829
1.671838
1.671847
1.671856
1.671865
1.671874
1.671883
1.671892
1.671901
1.671910
1.671919
1.671928
1.671937
1.671945
1.671954
1.671963
1.671972
1.671981
1.671990
1.671999
1.672008
1.672017
1.672026
1.672035
1.672044
1.672053
1.672062
1.672071
1.672079
1.672088
1.672097
1.672106
1.672115
1.672124
1.672133
1.672142
1.672151
1.672159
1.672168
1.672177
1.672186
1.672195
1.672204
1.672212
1.672221
1.672230
1.672239
1.672248
1.672257
1.672265
1.672274
1.672283
1.672292
1.672301
1.672310
1.672318
1.672327
1.672336
1.672345
1.672353
1.672362
1.672371
1.672380
1.672389
1.672397
1.672406
1.672415
1.672424
1.672432
1.672441
1.672450
1.672459
1.672467
1.672476
1.672485
1.672493
1.672502
1.672511
1.672520
1.672528
1.672537
1.672546
1.672554
1.672563
1.672572
1.672580
1.672589
1.672598
1.672606
1.672615
1.672624
1.672632
1.672641
1.672650
1.672658
1.672667
1.672676
1.672684
1.672693
1.672701
1.672710
1.672719
1.672727
1.672736
1.672745
1.672753
1.672762
1.672770
1.672779
1.672788
1.672796
1.672805
1.672813
1.672822
1.672830
1.672839
1.672848
1.672856
1.672865
1.672873
1.672882
1.672890
1.672899
1.672907
1.672916
1.672924
1.672933
1.672941
1.672950
1.672958
1.672967
1.672975
1.672984
1.672992
1.673001
1.673009
1.673018
1.673026
1.673035
1.673043
1.673052
1.673060
1.673069
1.673077
1.673086
1.673094
1.673103
1.673111
1.673119
1.673128
1.673136
1.673145
1.673153
1.673162
1.673170
1.673178
1.673187
1.673195
1.673204
1.673212
1.673220
1.673229
1.673237
1.673246
1.673254
1.673262
1.673271
1.673279
1.673288
1.673296
1.673304
1.673313
1.673321
1.673329
1.673338
1.673346
1.673354
1.673363
1.673371
1.673379
1.673388
1.673396
1.673404
1.673404
