-0.202821
0.102600
0.111269
0.115837
0.119605
0.123180
0.126671
0.130088
0.133427
0.136681
0.139847
0.142922
0.145904
0.148794
0.151592
0.154300
0.156919
0.159453
0.161902
0.164271
0.166560
0.168774
0.170914
0.172983
0.174983
0.176918
0.178788
0.180598
0.182347
0.184040
0.185677
0.187261
0.188794
0.190276
0.191711
0.193098
0.194441
0.195740
0.196997
0.198213
0.199389
0.200527
0.201627
0.202691
0.203720
0.204714
0.205675
0.206603
0.207500
0.208366
0.209202
0.210008
0.210786
0.211537
0.212259
0.212956
0.213626
0.214271
0.214892
0.215488
0.216060
0.216609
0.217136
0.217640
0.218122
0.218583
0.219023
0.219443
0.219843
0.220222
0.220583
0.220925
0.221247
0.221552
0.221839
0.222108
0.222360
0.222595
0.222814
0.223016
0.223202
0.223372
0.223527
0.223666
0.223791
0.223901
0.223997
0.224079
0.224146
0.224200
0.224241
0.224269
0.224283
0.224285
0.224275
0.224253
0.224218
0.224172
0.224114
0.224045
0.223964
0.223873
0.223771
0.223659
0.223537
0.223404
0.223261
0.223109
0.222947
0.222776
0.222596
0.222407
0.222209
0.222002
0.221787
0.221564
0.221332
0.221093
0.220846
0.220591
0.220329
0.220060
0.219784
0.219500
0.219210
0.218913
0.218609
0.218299
0.217983
0.217661
0.217332
0.216998
0.216658
0.216313
0.215962
0.215605
0.215244
0.214877
0.214505
0.214128
0.213747
0.213361
0.212970
0.212575
0.212175
0.211771
0.211363
0.210951
0.210535
0.210115
0.209691
0.209264
0.208833
0.208398
0.207960
0.207519
0.207074
0.206626
0.206175
0.205721
0.205264
0.204804
0.204341
0.203875
0.203407
0.202936
0.202462
0.201986
0.201507
0.201026
0.200543
0.200057
0.199569
0.199079
0.198586
0.198092
0.197595
0.197097
0.196596
0.196094
0.195590
0.195083
0.194575
0.194066
0.193554
0.193041
0.192526
0.192009
0.191491
0.190972
0.190450
0.189927
0.189403
0.188877
0.188350
0.187822
0.187292
0.186760
0.186227
0.185693
0.185158
0.184621
0.184083
0.183544
0.183003
0.182461
0.181918
0.181374
0.180828
0.180282
0.179734
0.179184
0.178634
0.178083
0.177530
0.176976
0.176421
0.175865
0.175308
0.174749
0.174190
0.173629
0.173067
0.172504
0.171940
0.171375
0.170809
0.170241
0.169673
0.169103
0.168532
0.167960
0.167387
0.166812
0.166237
0.165660
0.165083
0.164504
0.163924
0.163342
0.162760
0.162176
0.161592
0.161006
0.160419
0.159830
0.159241
0.158650
0.158058
0.157465
0.156871
0.156276
0.155679
0.155081
0.154482
0.153882
0.153280
0.152677
0.152073
0.151468
0.150862
0.150254
0.149645
0.149034
0.148423
0.147810
0.147196
0.146581
0.145964
0.145346
0.144727
0.144106
0.143485
0.142862
0.142237
0.141612
0.140985
0.140357
0.139727
0.139096
0.138464
0.137831
0.137196
0.136560
0.135923
0.135285
0.134645
0.134004
0.133361
0.132718
0.132073
0.131427
0.130780
0.130131
0.129481
0.128830
0.128178
0.127524
0.126869
0.126213
0.125556
0.124898
0.124238
0.123578
0.122916
0.122253
0.121588
0.120923
0.120257
0.119589
0.118921
0.118251
0.117580
0.116909
0.116236
0.115562
0.114888
0.114212
0.113535
0.112858
0.112180
0.111500
0.110820
0.110139
0.109457
0.108775
0.108092
0.107408
0.106723
0.106038
0.105352
0.104665
0.103978
0.103290
0.102602
0.101913
0.101224
0.100535
0.099845
0.099155
0.098464
0.097774
0.097083
0.096392
0.095701
0.095009
0.094318
0.093627
0.092936
0.092245
0.091554
0.090864
0.090173
0.089483
0.088794
0.088105
0.087416
0.086729
0.086041
0.085355
0.084669
0.083984
0.083300
0.082617
0.081935
0.081254
0.080575
0.079896
0.079219
0.078544
0.077870
0.077197
0.076526
0.075857
0.075190
0.074525
0.073862
0.073201
0.072542
0.071886
0.071232
0.070581
0.069932
0.069286
0.068642
0.068002
0.067365
0.066731
0.066100
0.065473
0.064849
0.064229
0.063612
0.063000
0.062391
0.061786
0.061186
0.060590
0.059999
0.059412
0.058830
0.058253
0.057681
0.057115
0.056553
0.055997
0.055447
0.054902
0.054363
0.053830
0.053304
0.052783
0.052270
0.051762
0.051262
0.050768
0.050281
0.049802
0.049330
0.048865
0.048408
0.047959
0.047517
0.047084
0.046659
0.046242
0.045833
0.045433
0.045042
0.044660
0.044286
0.043922
0.043566
0.043220
0.042884
0.042557
0.042239
0.041932
0.041634
0.041346
0.041068
0.040800
0.040542
0.040294
0.040056
0.039829
0.039612
0.039406
0.039209
0.039024
0.038848
0.038683
0.038529
0.038385
0.038251
0.038128
0.038015
0.037912
0.037820
0.037737
0.037665
0.037603
0.037551
0.037509
0.037477
0.037454
0.037441
0.037437
0.037443
0.037458
0.037482
0.037514
0.037556
0.037606
0.037665
0.037731
0.037806
0.037889
0.037979
0.038077
0.038182
0.038295
0.038414
0.038540
0.038672
0.038811
0.038956
0.039106
0.039263
0.039424
0.039591
0.039763
0.039940
0.040121
0.040307
0.040496
0.040690
0.040887
0.041088
0.041292
0.041292
0.041499
0.041709
0.041922
0.042137
0.042354
0.042573
0.042795
0.043018
0.043242
0.043468
0.043695
0.043923
0.044152
0.044382
0.044612
0.044843
0.045073
0.045304
0.045535
0.045765
0.045996
0.046225
0.046455
0.046683
0.046911
0.047138
0.047364
0.047588
0.047812
0.048034
0.048255
0.048474
0.048692
0.048908
0.049123
0.049335
0.049546
0.049755
0.049962
0.050167
0.050370
0.050571
0.050770
0.050967
0.051161
0.051353
0.051543
0.051730
0.051916
0.052098
0.052279
0.052456
0.052632
0.052805
0.052975
0.053143
0.053308
0.053471
0.053631
0.053788
0.053943
0.054096
0.054246
0.054393
0.054538
0.054680
0.054819
0.054956
0.055090
0.055222
0.055350
0.055477
0.055601
0.055722
0.055840
0.055956
0.056070
0.056180
0.056289
0.056394
0.056498
0.056598
0.056696
0.056792
0.056885
0.056975
0.057063
0.057149
0.057232
0.057312
0.057391
0.057466
0.057539
0.057610
0.057679
0.057745
0.057808
0.057870
0.057929
0.057985
0.058039
0.058091
0.058141
0.058188
0.058233
0.058276
0.058317
0.058355
0.058391
0.058425
0.058456
0.058486
0.058513
0.058538
0.058561
0.058582
0.058600
0.058617
0.058631
0.058643
0.058653
0.058661
0.058667
0.058671
0.058673
0.058673
0.058671
0.058667
0.058661
0.058653
0.058643
0.058630
0.058616
0.058600
0.058582
0.058563
0.058541
0.058517
0.058492
0.058464
0.058435
0.058403
0.058370
0.058335
0.058299
0.058260
0.058220
0.058177
0.058133
0.058087
0.058040
0.057990
0.057939
0.057886
0.057832
0.057775
0.057717
0.057657
0.057595
0.057532
0.057467
0.057400
0.057332
0.057261
0.057190
0.057116
0.057041
0.056964
0.056886
0.056806
0.056724
0.056641
0.056556
0.056470
0.056382
0.056292
0.056201
0.056108
0.056014
0.055918
0.055821
0.055722
0.055622
0.055520
0.055417
0.055313
0.055207
0.055099
0.054990
0.054880
0.054769
0.054656
0.054542
0.054426
0.054309
0.054191
0.054072
0.053952
0.053830
0.053708
0.053584
0.053459
0.053333
0.053206
0.053079
0.052950
0.052821
0.052690
0.052559
0.052428
0.052295
0.052162
0.052029
0.051895
0.051761
0.051626
0.051492
0.051357
0.051222
0.051087
0.050953
0.050818
0.050684
0.050551
0.050419
0.050287
0.050156
0.050026
0.049897
0.049770
0.049645
0.049521
0.049400
0.049280
0.049163
0.049049
0.048937
0.048829
0.048724
0.048622
0.048525
0.048432
0.048343
0.048259
0.048180
0.048106
0.048038
0.047976
0.047920
0.047871
0.047829
0.047793
0.047765
0.047745
0.047732
0.047727
0.047731
0.047742
0.047762
0.047790
0.047826
0.047870
0.047922
0.047981
0.048048
0.048122
0.048202
0.048288
0.048380
0.048476
0.048576
0.048679
0.048784
0.048891
0.048998
0.049105
0.049212
0.049316
0.049417
0.049515
0.049609
0.049698
0.049782
0.049860
0.049932
0.049997
0.050056
0.050107
0.050152
0.050189
0.050220
0.050244
0.050261
0.050271
0.050276
0.050274
0.050268
0.050255
0.050238
0.050217
0.050192
0.050162
0.050130
0.050094
0.050056
0.050015
0.049973
0.049929
0.049883
0.049837
0.049790
0.049742
0.049694
0.049645
0.049597
0.049549
0.049502
0.049455
0.049409
0.049363
0.049318
0.049275
0.049232
0.049190
0.049149
0.049110
0.049071
0.049033
0.048997
0.048962
0.048927
0.048893
0.048861
0.048829
0.048798
0.048768
0.048738
0.048709
0.048680
0.048652
0.048624
0.048596
0.048568
0.048541
0.048513
0.048485
0.048457
0.048428
0.048399
0.048370
0.048339
0.048308
0.048277
0.048244
0.048210
0.048176
0.048140
0.048103
0.048064
0.048024
0.047983
0.047940
0.047895
0.047849
0.047801
0.047751
0.047699
0.047646
0.047590
0.047533
0.047473
0.047411
0.047347
0.047281
0.047213
0.047142
0.047069
0.046994
0.046916
0.046836
0.046754
0.046669
0.046582
0.046493
0.046400
0.046306
0.046209
0.046110
0.046008
0.045903
0.045796
0.045687
0.045575
0.045461
0.045345
0.045226
0.045104
0.044980
0.044854
0.044726
0.044595
0.044462
0.044327
0.044189
0.044049
0.043907
0.043763
0.043617
0.043468
0.043318
0.043166
0.043011
0.042855
0.042697
0.042537
0.042375
0.042211
0.042046
0.041879
0.041711
0.041540
0.041369
0.041196
0.041021
0.040845
0.040668
0.040489
0.040309
0.040128
0.039946
0.039763
0.039578
0.039393
0.039207
0.039020
0.038832
0.038643
0.038453
0.038263
0.038072
0.037880
0.037688
0.037496
0.037303
0.037109
0.036915
0.036721
0.036526
0.036331
0.036136
0.035940
0.035745
0.035549
0.035353
0.035158
0.034962
0.034766
0.034570
0.034374
0.034179
0.033983
0.033788
0.033592
0.033397
0.033202
0.033008
0.032813
0.032619
0.032425
0.032232
0.032039
0.031846
0.031653
0.031461
0.031269
0.031078
0.030887
0.030697
0.030507
0.030317
0.030128
0.029939
0.029751
0.029563
0.029376
0.029189
0.029003
0.028817
0.028631
0.028447
0.028262
0.028078
0.027895
0.027712
0.027530
0.027348
0.027167
0.026986
0.026806
0.026806
0.026627
0.026447
0.026269
0.026091
0.025913
0.025736
0.025560
0.025384
0.025208
0.025033
0.024859
0.024685
0.024512
0.024339
0.024166
0.023995
0.023823
0.023653
0.023482
0.023313
0.023143
0.022975
0.022806
0.022639
0.022472
0.022305
0.022139
0.021973
0.021808
0.021644
0.021480
0.021316
0.021153
0.020990
0.020828
0.020667
0.020506
0.020345
0.020185
0.020026
0.019867
0.019709
0.019551
0.019393
0.019236
0.019080
0.018924
0.018769
0.018614
0.018460
0.018306
0.018153
0.018000
0.017848
0.017696
0.017545
0.017394
0.017244
0.017095
0.016946
0.016797
0.016649
0.016502
0.016355
0.016209
0.016063
0.015918
0.015773
0.015629
0.015485
0.015342
0.015200
0.015058
0.014916
0.014776
0.014635
0.014496
0.014356
0.014218
0.014080
0.013942
0.013806
0.013669
0.013533
0.013398
0.013264
0.013130
0.012996
0.012864
0.012731
0.012600
0.012469
0.012338
0.012208
0.012079
0.011950
0.011822
0.011695
0.011568
0.011442
0.011316
0.011191
0.011067
0.010943
0.010820
0.010697
0.010575
0.010454
0.010333
0.010213
0.010093
0.009975
0.009856
0.009739
0.009622
0.009505
0.009390
0.009275
0.009160
0.009047
0.008933
0.008821
0.008709
0.008598
0.008487
0.008377
0.008268
0.008160
0.008052
0.007944
0.007838
0.007732
0.007626
0.007522
0.007418
0.007314
0.007212
0.007109
0.007008
0.006907
0.006807
0.006708
0.006609
0.006511
0.006414
0.006317
0.006221
0.006126
0.006031
0.005937
0.005843
0.005751
0.005659
0.005567
0.005477
0.005387
0.005297
0.005209
0.005121
0.005033
0.004947
0.004861
0.004776
0.004691
0.004607
0.004524
0.004441
0.004359
0.004278
0.004198
0.004118
0.004039
0.003960
0.003882
0.003805
0.003729
0.003653
0.003578
0.003503
0.003430
0.003357
0.003284
0.003212
0.003141
0.003071
0.003001
0.002932
0.002864
0.002796
0.002729
0.002663
0.002597
0.002532
0.002468
0.002404
0.002341
0.002279
0.002217
0.002156
0.002096
0.002036
0.001978
0.001919
0.001862
0.001805
0.001748
0.001693
0.001638
0.001583
0.001530
0.001477
0.001424
0.001373
0.001321
0.001271
0.001221
0.001172
0.001124
0.001076
0.001029
0.000982
0.000936
0.000891
0.000847
0.000803
0.000760
0.000717
0.000675
0.000633
0.000593
0.000553
0.000513
0.000474
0.000436
0.000399
0.000362
0.000325
0.000290
0.000255
0.000220
0.000186
0.000153
0.000120
0.000088
0.000057
0.000026
-0.000004
-0.000033
-0.000062
-0.000091
-0.000118
-0.000145
-0.000172
-0.000198
-0.000223
-0.000248
-0.000272
-0.000295
-0.000318
-0.000341
-0.000362
-0.000384
-0.000404
-0.000424
-0.000444
-0.000462
-0.000481
-0.000498
-0.000515
-0.000532
-0.000548
-0.000563
-0.000578
-0.000592
-0.000606
-0.000619
-0.000631
-0.000643
-0.000655
-0.000666
-0.000676
-0.000686
-0.000695
-0.000703
-0.000712
-0.000719
-0.000726
-0.000733
-0.000738
-0.000744
-0.000749
-0.000753
-0.000757
-0.000760
-0.000763
-0.000765
-0.000766
-0.000767
-0.000768
-0.000768
-0.000768
-0.000767
-0.000765
-0.000763
-0.000761
-0.000758
-0.000754
-0.000750
-0.000745
-0.000740
-0.000735
-0.000729
-0.000722
-0.000715
-0.000707
-0.000699
-0.000691
-0.000682
-0.000672
-0.000662
-0.000652
-0.000641
-0.000629
-0.000617
-0.000605
-0.000592
-0.000578
-0.000565
-0.000550
-0.000536
-0.000520
-0.000505
-0.000488
-0.000472
-0.000455
-0.000437
-0.000419
-0.000401
-0.000382
-0.000363
-0.000343
-0.000323
-0.000302
-0.000281
-0.000260
-0.000238
-0.000215
-0.000193
-0.000170
-0.000146
-0.000122
-0.000098
-0.000073
-0.000048
-0.000022
0.000004
0.000031
0.000057
0.000085
0.000112
0.000140
0.000169
0.000197
0.000226
0.000256
0.000286
0.000316
0.000347
0.000378
0.000409
0.000441
0.000473
0.000505
0.000538
0.000571
0.000604
0.000638
0.000672
0.000706
0.000741
0.000776
0.000811
0.000847
0.000883
0.000919
0.000956
0.000993
0.001030
0.001067
0.001105
0.001143
0.001182
0.001220
0.001259
0.001298
0.001338
0.001377
0.001417
0.001457
0.001498
0.001538
0.001579
0.001620
0.001662
0.001703
0.001745
0.001787
0.001830
0.001872
0.001915
0.001958
0.002001
0.002044
0.002088
0.002131
0.002175
0.002219
0.002264
0.002308
0.002353
0.002397
0.002442
0.002488
0.002533
0.002578
0.002624
0.002670
0.002715
0.002761
0.002808
0.002854
0.002900
0.002947
0.002993
0.003040
0.003087
0.003134
0.003181
0.003228
0.003276
0.003323
0.003371
0.003418
0.003466
0.003514
0.003562
0.003609
0.003657
0.003706
0.003754
0.003802
0.003850
0.003899
0.003947
0.003996
0.004044
0.004093
0.004141
0.004190
0.004239
0.004288
0.004336
0.004385
0.004434
0.004483
0.004532
0.004581
0.004630
0.004679
0.004728
0.004777
0.004826
0.004876
0.004925
0.004974
0.005023
0.005072
0.005121
0.005171
0.005220
0.005269
0.005318
0.005367
0.005417
0.005466
0.005515
0.005564
0.005613
0.005663
0.005712
0.005761
0.005810
0.005859
0.005908
0.005957
0.006006
0.006055
0.006105
0.006154
0.006154
0.006203
0.006252
0.006301
0.006350
0.006398
0.006447
0.006496
0.006545
0.006594
0.006643
0.006692
0.006740
0.006789
0.006838
0.006886
0.006935
0.006984
0.007032
0.007081
0.007130
0.007178
0.007227
0.007275
0.007324
0.007372
0.007420
0.007469
0.007517
0.007566
0.007614
0.007662
0.007711
0.007759
0.007807
0.007855
0.007904
0.007952
0.008000
0.008048
0.008096
0.008145
0.008193
0.008241
0.008289
0.008337
0.008385
0.008434
0.008482
0.008530
0.008578
0.008626
0.008675
0.008723
0.008771
0.008819
0.008868
0.008916
0.008965
0.009013
0.009061
0.009110
0.009159
0.009207
0.009256
0.009305
0.009353
0.009402
0.009451
0.009500
0.009550
0.009599
0.009648
0.009698
0.009747
0.009797
0.009847
0.009897
0.009947
0.009998
0.010048
0.010099
0.010150
0.010201
0.010252
0.010304
0.010356
0.010408
0.010460
0.010513
0.010566
0.010619
0.010672
0.010726
0.010780
0.010835
0.010890
0.010945
0.011001
0.011057
0.011114
0.011171
0.011229
0.011287
0.011345
0.011404
0.011464
0.011525
0.011585
0.011647
0.011709
0.011772
0.011836
0.011900
0.011965
0.012030
0.012097
0.012164
0.012232
0.012301
0.012371
0.012441
0.012512
0.012584
0.012657
0.012731
0.012806
0.012881
0.012958
0.013035
0.013113
0.013191
0.013271
0.013351
0.013432
0.013514
0.013596
0.013679
0.013762
0.013846
0.013930
0.014014
0.014099
0.014184
0.014269
0.014354
0.014438
0.014523
0.014607
0.014690
0.014773
0.014855
0.014936
0.015015
0.015094
0.015170
0.015245
0.015318
0.015389
0.015457
0.015523
0.015585
0.015645
0.015700
0.015752
0.015799
0.015842
0.015880
0.015913
0.015940
0.015961
0.015975
0.015983
0.015983
0.015976
0.015960
0.015936
0.015904
0.015861
0.015810
0.015748
0.015675
0.015593
0.015499
0.015394
0.015278
0.015151
0.015013
0.014863
0.014703
0.014531
0.014350
0.014158
0.013957
0.013747
0.013530
0.013305
0.013074
0.012839
0.012599
0.012356
0.012112
0.011867
0.011623
0.011381
0.011141
0.010905
0.010674
0.010447
0.010227
0.010014
0.009807
0.009608
0.009416
0.009232
0.009057
0.008889
0.008729
0.008578
0.008434
0.008298
0.008170
0.008050
0.007938
0.007832
0.007734
0.007643
0.007558
0.007480
0.007408
0.007343
0.007282
0.007227
0.007178
0.007133
0.007092
0.007056
0.007023
0.006994
0.006968
0.006946
0.006926
0.006908
0.006893
0.006880
0.006869
0.006859
0.006851
0.006845
0.006839
0.006835
0.006833
0.006831
0.006831
0.006831
0.006833
0.006836
0.006840
0.006845
0.006851
0.006858
0.006866
0.006876
0.006886
0.006899
0.006912
0.006927
0.006943
0.006961
0.006981
0.007002
0.007024
0.007049
0.007075
0.007103
0.007133
0.007165
0.007199
0.007235
0.007273
0.007313
0.007355
0.007399
0.007446
0.007494
0.007545
0.007598
0.007654
0.007711
0.007771
0.007833
0.007898
0.007964
0.008033
0.008105
0.008178
0.008253
0.008331
0.008411
0.008493
0.008577
0.008664
0.008752
0.008843
0.008935
0.009029
0.009126
0.009224
0.009324
0.009426
0.009530
0.009636
0.009743
0.009852
0.009962
0.010075
0.010188
0.010304
0.010420
0.010538
0.010658
0.010779
0.010901
0.011024
0.011149
0.011275
0.011402
0.011530
0.011659
0.011789
0.011920
0.012053
0.012186
0.012319
0.012454
0.012590
0.012726
0.012863
0.013001
0.013139
0.013278
0.013418
0.013558
0.013698
0.013840
0.013981
0.014123
0.014266
0.014409
0.014552
0.014696
0.014840
0.014984
0.015129
0.015274
0.015419
0.015564
0.015710
0.015856
0.016002
0.016148
0.016294
0.016440
0.016586
0.016733
0.016879
0.017026
0.017172
0.017319
0.017466
0.017612
0.017759
0.017905
0.018052
0.018198
0.018345
0.018491
0.018637
0.018784
0.018930
0.019076
0.019222
0.019367
0.019513
0.019659
0.019804
0.019949
0.020094
0.020239
0.020384
0.020529
0.020673
0.020818
0.020962
0.021106
0.021249
0.021393
0.021537
0.021680
0.021823
0.021966
0.022109
0.022251
0.022393
0.022535
0.022677
0.022819
0.022961
0.023102
0.023243
0.023384
0.023525
0.023665
0.023806
0.023946
0.024086
0.024226
0.024365
0.024504
0.024644
0.024782
0.024921
0.025060
0.025198
0.025336
0.025474
0.025612
0.025750
0.025887
0.026024
0.026161
0.026298
0.026435
0.026571
0.026708
0.026844
0.026980
0.027115
0.027251
0.027386
0.027521
0.027656
0.027791
0.027926
0.028061
0.028195
0.028329
0.028463
0.028597
0.028731
0.028864
0.028998
0.029131
0.029264
0.029397
0.029530
0.029662
0.029795
0.029927
0.030059
0.030191
0.030323
0.030455
0.030586
0.030718
0.030849
0.030980
0.031111
0.031242
0.031373
0.031504
0.031634
0.031765
0.031895
0.032025
0.032155
0.032285
0.032415
0.032545
0.032674
0.032804
0.032933
0.033062
0.033191
0.033320
0.033449
0.033578
0.033707
0.033835
0.033964
0.034092
0.034220
0.034348
0.034476
0.034604
0.034732
0.034860
0.034987
0.035115
0.035242
0.035242
0.035370
0.035497
0.035624
0.035751
0.035878
0.036005
0.036132
0.036259
0.036385
0.036512
0.036638
0.036765
0.036891
0.037017
0.037143
0.037269
0.037395
0.037521
0.037647
0.037772
0.037898
0.038023
0.038149
0.038274
0.038400
0.038525
0.038650
0.038775
0.038900
0.039025
0.039150
0.039274
0.039399
0.039524
0.039648
0.039773
0.039897
0.040021
0.040145
0.040270
0.040394
0.040518
0.040642
0.040765
0.040889
0.041013
0.041137
0.041260
0.041384
0.041507
0.041630
0.041754
0.041877
0.042000
0.042123
0.042246
0.042369
0.042492
0.042615
0.042737
0.042860
0.042983
0.043105
0.043228
0.043350
0.043472
0.043595
0.043717
0.043839
0.043961
0.044083
0.044205
0.044326
0.044448
0.044570
0.044691
0.044813
0.044934
0.045056
0.045177
0.045298
0.045419
0.045540
0.045661
0.045782
0.045903
0.046024
0.046145
0.046265
0.046386
0.046506
0.046627
0.046747
0.046868
0.046988
0.047108
0.047228
0.047348
0.047468
0.047588
0.047707
0.047827
0.047947
0.048066
0.048186
0.048305
0.048424
0.048544
0.048663
0.048782
0.048901
0.049020
0.049138
0.049257
0.049376
0.049494
0.049613
0.049731
0.049850
0.049968
0.050086
0.050204
0.050322
0.050440
0.050558
0.050676
0.050793
0.050911
0.051028
0.051146
0.051263
0.051380
0.051498
0.051615
0.051732
0.051849
0.051965
0.052082
0.052199
0.052315
0.052432
0.052548
0.052664
0.052781
0.052897
0.053013
0.053129
0.053245
0.053360
0.053476
0.053591
0.053707
0.053822
0.053938
0.054053
0.054168
0.054283
0.054398
0.054513
0.054627
0.054742
0.054856
0.054971
0.055085
0.055199
0.055313
0.055427
0.055541
0.055655
0.055769
0.055882
0.055996
0.056109
0.056223
0.056336
0.056449
0.056562
0.056675
0.056788
0.056900
0.057013
0.057126
0.057238
0.057350
0.057462
0.057574
0.057686
0.057798
0.057910
0.058022
0.058133
0.058245
0.058356
0.058467
0.058578
0.058689
0.058800
0.058911
0.059021
0.059132
0.059242
0.059353
0.059463
0.059573
0.059683
0.059793
0.059903
0.060012
0.060122
0.060231
0.060340
0.060450
0.060559
0.060668
0.060777
0.060885
0.060994
0.061102
0.061211
0.061319
0.061427
0.061535
0.061643
0.061751
0.061858
0.061966
0.062073
0.062181
0.062288
0.062395
0.062502
0.062609
0.062715
0.062822
0.062928
0.063035
0.063141
0.063247
0.063353
0.063459
0.063565
0.063670
0.063776
0.063881
0.063986
0.064091
0.064196
0.064301
0.064406
0.064510
0.064615
0.064719
0.064823
0.064927
0.065031
0.065135
0.065239
0.065342
0.065446
0.065549
0.065652
0.065755
0.065858
0.065961
0.066064
0.066166
0.066269
0.066371
0.066473
0.066575
0.066677
0.066779
0.066881
0.066982
0.067083
0.067185
0.067286
0.067387
0.067488
0.067588
0.067689
0.067789
0.067890
0.067990
0.068090
0.068190
0.068290
0.068389
0.068489
0.068588
0.068687
0.068787
0.068886
0.068984
0.069083
0.069182
0.069280
0.069378
0.069477
0.069575
0.069673
0.069770
0.069868
0.069966
0.070063
0.070160
0.070257
0.070354
0.070451
0.070548
0.070644
0.070741
0.070837
0.070933
0.071029
0.071125
0.071221
0.071317
0.071412
0.071507
0.071603
0.071698
0.071793
0.071887
0.071982
0.072077
0.072171
0.072265
0.072359
0.072453
0.072547
0.072641
0.072734
0.072828
0.072921
0.073014
0.073107
0.073200
0.073293
0.073386
0.073478
0.073570
0.073663
0.073755
0.073847
0.073938
0.074030
0.074122
0.074213
0.074304
0.074395
0.074486
0.074577
0.074668
0.074758
0.074849
0.074939
0.075029
0.075119
0.075209
0.075299
0.075389
0.075478
0.075568
0.075657
0.075746
0.075835
0.075924
0.076012
0.076101
0.076189
0.076277
0.076366
0.076454
0.076541
0.076629
0.076717
0.076804
0.076891
0.076979
0.077066
0.077153
0.077239
0.077326
0.077413
0.077499
0.077585
0.077671
0.077757
0.077843
0.077929
0.078014
0.078100
0.078185
0.078270
0.078355
0.078440
0.078525
0.078610
0.078694
0.078779
0.078863
0.078947
0.079031
0.079115
0.079199
0.079282
0.079366
0.079449
0.079532
0.079615
0.079698
0.079781
0.079864
0.079946
0.080028
0.080111
0.080193
0.080275
0.080357
0.080439
0.080520
0.080602
0.080683
0.080764
0.080845
0.080926
0.081007
0.081088
0.081169
0.081249
0.081329
0.081410
0.081490
0.081570
0.081650
0.081729
0.081809
0.081888
0.081968
0.082047
0.082126
0.082205
0.082284
0.082362
0.082441
0.082519
0.082598
0.082676
0.082754
0.082832
0.082910
0.082987
0.083065
0.083143
0.083220
0.083297
0.083374
0.083451
0.083528
0.083605
0.083681
0.083758
0.083834
0.083910
0.083986
0.084062
0.084138
0.084214
0.084290
0.084365
0.084441
0.084516
0.084591
0.084666
0.084741
0.084816
0.084890
0.084965
0.085039
0.085114
0.085188
0.085262
0.085336
0.085410
0.085484
0.085557
0.085631
0.085704
0.085777
0.085850
0.085924
0.085996
0.086069
0.086142
0.086215
0.086287
0.086359
0.086432
0.086432
0.086504
0.086576
0.086648
0.086719
0.086791
0.086863
0.086934
0.087005
0.087077
0.087148
0.087219
0.087290
0.087360
0.087431
0.087502
0.087572
0.087642
0.087713
0.087783
0.087853
0.087923
0.087992
0.088062
0.088132
0.088201
0.088271
0.088340
0.088409
0.088478
0.088547
0.088616
0.088684
0.088753
0.088822
0.088890
0.088958
0.089026
0.089095
0.089163
0.089230
0.089298
0.089366
0.089433
0.089501
0.089568
0.089636
0.089703
0.089770
0.089837
0.089904
0.089970
0.090037
0.090103
0.090170
0.090236
0.090303
0.090369
0.090435
0.090501
0.090567
0.090632
0.090698
0.090763
0.090829
0.090894
0.090960
0.091025
0.091090
0.091155
0.091220
0.091284
0.091349
0.091414
0.091478
0.091543
0.091607
0.091671
0.091735
0.091799
0.091863
0.091927
0.091991
0.092054
0.092118
0.092181
0.092245
0.092308
0.092371
0.092434
0.092497
0.092560
0.092623
0.092686
0.092748
0.092811
0.092873
0.092936
0.092998
0.093060
0.093122
0.093184
0.093246
0.093308
0.093370
0.093431
0.093493
0.093554
0.093616
0.093677
0.093738
0.093799
0.093860
0.093921
0.093982
0.094043
0.094104
0.094164
0.094225
0.094285
0.094346
0.094406
0.094466
0.094526
0.094586
0.094646
0.094706
0.094766
0.094826
0.094885
0.094945
0.095004
0.095063
0.095123
0.095182
0.095241
0.095300
0.095359
0.095418
0.095477
0.095536
0.095594
0.095653
0.095711
0.095770
0.095828
0.095886
0.095944
0.096002
0.096061
0.096118
0.096176
0.096234
0.096292
0.096349
0.096407
0.096464
0.096522
0.096579
0.096636
0.096694
0.096751
0.096808
0.096865
0.096922
0.096978
0.097035
0.097092
0.097148
0.097205
0.097261
0.097318
0.097374
0.097430
0.097486
0.097543
0.097599
0.097655
0.097710
0.097766
0.097822
0.097878
0.097933
0.097989
0.098044
0.098099
0.098155
0.098210
0.098265
0.098320
0.098375
0.098430
0.098485
0.098540
0.098595
0.098649
0.098704
0.098759
0.098813
0.098868
0.098922
0.098976
0.099030
0.099085
0.099139
0.099193
0.099247
0.099301
0.099354
0.099408
0.099462
0.099516
0.099569
0.099623
0.099676
0.099729
0.099783
0.099836
0.099889
0.099942
0.099995
0.100048
0.100101
0.100154
0.100207
0.100260
0.100312
0.100365
0.100418
0.100470
0.100523
0.100575
0.100627
0.100680
0.100732
0.100784
0.100836
0.100888
0.100940
0.100992
0.101044
0.101096
0.101147
0.101199
0.101251
0.101302
0.101354
0.101405
0.101457
0.101508
0.101559
0.101610
0.101661
0.101713
0.101764
0.101815
0.101866
0.101916
0.101967
0.102018
0.102069
0.102119
0.102170
0.102220
0.102271
0.102321
0.102372
0.102422
0.102472
0.102523
0.102573
0.102623
0.102673
0.102723
0.102773
0.102823
0.102873
0.102922
0.102972
0.103022
0.103071
0.103121
0.103170
0.103220
0.103269
0.103319
0.103368
0.103417
0.103466
0.103516
0.103565
0.103614
0.103663
0.103712
0.103761
0.103809
0.103858
0.103907
0.103956
0.104004
0.104053
0.104102
0.104150
0.104199
0.104247
0.104295
0.104344
0.104392
0.104440
0.104488
0.104536
0.104584
0.104632
0.104680
0.104728
0.104776
0.104824
0.104872
0.104919
0.104967
0.105015
0.105062
0.105110
0.105157
0.105205
0.105252
0.105300
0.105347
0.105394
0.105441
0.105489
0.105536
0.105583
0.105630
0.105677
0.105724
0.105771
0.105817
0.105864
0.105911
0.105958
0.106004
0.106051
0.106098
0.106144
0.106191
0.106237
0.106284
0.106330
0.106376
0.106422
0.106469
0.106515
0.106561
0.106607
0.106653
0.106699
0.106745
0.106791
0.106837
0.106883
0.106929
0.106974
0.107020
0.107066
0.107111
0.107157
0.107203
0.107248
0.107294
0.107339
0.107384
0.107430
0.107475
0.107520
0.107565
0.107611
0.107656
0.107701
0.107746
0.107791
0.107836
0.107881
0.107926
0.107971
0.108015
0.108060
0.108105
0.108150
0.108194
0.108239
0.108283
0.108328
0.108372
0.108417
0.108461
0.108506
0.108550
0.108594
0.108639
0.108683
0.108727
0.108771
0.108815
0.108859
0.108903
0.108947
0.108991
0.109035
0.109079
0.109123
0.109167
0.109210
0.109254
0.109298
0.109341
0.109385
0.109428
0.109472
0.109516
0.109559
0.109602
0.109646
0.109689
0.109732
0.109776
0.109819
0.109862
0.109905
0.109948
0.109991
0.110034
0.110077
0.110120
0.110163
0.110206
0.110249
0.110292
0.110335
0.110377
0.110420
0.110463
0.110506
0.110548
0.110591
0.110633
0.110676
0.110718
0.110761
0.110803
0.110845
0.110888
0.110930
0.110972
0.111014
0.111057
0.111099
0.111141
0.111183
0.111225
0.111267
0.111309
0.111351
0.111393
0.111435
0.111477
0.111518
0.111560
0.111602
0.111644
0.111685
0.111727
0.111768
0.111810
0.111851
0.111893
0.111934
0.111976
0.112017
0.112059
0.112100
0.112141
0.112182
0.112224
0.112265
0.112306
0.112347
0.112388
0.112429
0.112470
0.112511
0.112552
0.112593
0.112634
0.112675
0.112716
0.112756
0.112797
0.112838
0.112879
0.112879
0.112919
0.112960
0.113000
0.113041
0.113081
0.113122
0.113162
0.113203
0.113243
0.113284
0.113324
0.113364
0.113404
0.113445
0.113485
0.113525
0.113565
0.113605
0.113645
0.113685
0.113725
0.113765
0.113805
0.113845
0.113885
0.113925
0.113965
0.114004
0.114044
0.114084
0.114123
0.114163
0.114203
0.114242
0.114282
0.114321
0.114361
0.114400
0.114440
0.114479
0.114518
0.114558
0.114597
0.114636
0.114676
0.114715
0.114754
0.114793
0.114832
0.114871
0.114910
0.114949
0.114988
0.115027
0.115066
0.115105
0.115144
0.115183
0.115222
0.115260
0.115299
0.115338
0.115376
0.115415
0.115454
0.115492
0.115531
0.115569
0.115608
0.115646
0.115685
0.115723
0.115761
0.115800
0.115838
0.115876
0.115915
0.115953
0.115991
0.116029
0.116067
0.116105
0.116143
0.116181
0.116219
0.116257
0.116295
0.116333
0.116371
0.116409
0.116447
0.116485
0.116522
0.116560
0.116598
0.116635
0.116673
0.116711
0.116748
0.116786
0.116823
0.116861
0.116898
0.116936
0.116973
0.117010
0.117048
0.117085
0.117122
0.117160
0.117197
0.117234
0.117271
0.117308
0.117345
0.117383
0.117420
0.117457
0.117494
0.117530
0.117567
0.117604
0.117641
0.117678
0.117715
0.117752
0.117788
0.117825
0.117862
0.117898
0.117935
0.117972
0.118008
0.118045
0.118081
0.118118
0.118154
0.118191
0.118227
0.118263
0.118300
0.118336
0.118372
0.118408
0.118445
0.118481
0.118517
0.118553
0.118589
0.118625
0.118661
0.118697
0.118733
0.118769
0.118805
0.118841
0.118877
0.118913
0.118949
0.118984
0.119020
0.119056
0.119092
0.119127
0.119163
0.119198
0.119234
0.119270
0.119305
0.119341
0.119376
0.119411
0.119447
0.119482
0.119518
0.119553
0.119588
0.119623
0.119659
0.119694
0.119729
0.119764
0.119799
0.119834
0.119869
0.119904
0.119939
0.119974
0.120009
0.120044
0.120079
0.120114
0.120149
0.120184
0.120218
0.120253
0.120288
0.120323
0.120357
0.120392
0.120427
0.120461
0.120496
0.120530
0.120565
0.120599
0.120634
0.120668
0.120702
0.120737
0.120771
0.120805
0.120840
0.120874
0.120908
0.120942
0.120976
0.121010
0.121044
0.121079
0.121113
0.121147
0.121181
0.121215
0.121248
0.121282
0.121316
0.121350
0.121384
0.121418
0.121451
0.121485
0.121519
0.121552
0.121586
0.121620
0.121653
0.121687
0.121720
0.121754
0.121787
0.121821
0.121854
0.121888
0.121921
0.121954
0.121988
0.122021
0.122054
0.122087
0.122121
0.122154
0.122187
0.122220
0.122253
0.122286
0.122319
0.122352
0.122385
0.122418
0.122451
0.122484
0.122517
0.122550
0.122582
0.122615
0.122648
0.122681
0.122713
0.122746
0.122779
0.122811
0.122844
0.122876
0.122909
0.122941
0.122974
0.123006
0.123039
0.123071
0.123104
0.123136
0.123168
0.123201
0.123233
0.123265
0.123297
0.123329
0.123362
0.123394
0.123426
0.123458
0.123490
0.123522
0.123554
0.123586
0.123618
0.123650
0.123681
0.123713
0.123745
0.123777
0.123809
0.123840
0.123872
0.123904
0.123935
0.123967
0.123999
0.124030
0.124062
0.124093
0.124125
0.124156
0.124188
0.124219
0.124251
0.124282
0.124313
0.124344
0.124376
0.124407
0.124438
0.124469
0.124501
0.124532
0.124563
0.124594
0.124625
0.124656
0.124687
0.124718
0.124749
0.124780
0.124811
0.124842
0.124873
0.124903
0.124934
0.124965
0.124996
0.125026
0.125057
0.125088
0.125118
0.125149
0.125179
0.125210
0.125241
0.125271
0.125302
0.125332
0.125362
0.125393
0.125423
0.125453
0.125484
0.125514
0.125544
0.125575
0.125605
0.125635
0.125665
0.125695
0.125725
0.125755
0.125785
0.125815
0.125845
0.125875
0.125905
0.125935
0.125965
0.125995
0.126025
0.126055
0.126084
0.126114
0.126144
0.126174
0.126203
0.126233
0.126263
0.126292
0.126322
0.126351
0.126381
0.126410
0.126440
0.126469
0.126499
0.126528
0.126557
0.126587
0.126616
0.126645
0.126675
0.126704
0.126733
0.126762
0.126791
0.126820
0.126850
0.126879
0.126908
0.126937
0.126966
0.126995
0.127024
0.127053
0.127081
0.127110
0.127139
0.127168
0.127197
0.127226
0.127254
0.127283
0.127312
0.127340
0.127369
0.127398
0.127426
0.127455
0.127483
0.127512
0.127540
0.127569
0.127597
0.127626
0.127654
0.127682
0.127711
0.127739
0.127767
0.127795
0.127824
0.127852
0.127880
0.127908
0.127936
0.127964
0.127993
0.128021
0.128049
0.128077
0.128105
0.128133
0.128161
0.128188
0.128216
0.128244
0.128272
0.128300
0.128328
0.128355
0.128383
0.128411
0.128438
0.128466
0.128494
0.128521
0.128549
0.128576
0.128604
0.128631
0.128659
0.128686
0.128714
0.128741
0.128769
0.128796
0.128823
0.128851
0.128878
0.128905
0.128932
0.128959
0.128987
0.129014
0.129041
0.129068
0.129095
0.129122
0.129149
0.129176
0.129203
0.129230
0.129257
0.129284
0.129311
0.129338
0.129365
0.129391
0.129418
0.129445
0.129472
0.129498
0.129525
0.129525
0.129552
0.129578
0.129605
0.129631
0.129658
0.129685
0.129711
0.129738
0.129764
0.129791
0.129817
0.129843
0.129870
0.129896
0.129922
0.129949
0.129975
0.130001
0.130027
0.130054
0.130080
0.130106
0.130132
0.130158
0.130184
0.130210
0.130236
0.130262
0.130288
0.130314
0.130340
0.130366
0.130392
0.130418
0.130444
0.130470
0.130495
0.130521
0.130547
0.130573
0.130598
0.130624
0.130650
0.130675
0.130701
0.130726
0.130752
0.130778
0.130803
0.130829
0.130854
0.130879
0.130905
0.130930
0.130956
0.130981
0.131006
0.131032
0.131057
0.131082
0.131107
0.131133
0.131158
0.131183
0.131208
0.131233
0.131258
0.131283
0.131308
0.131333
0.131358
0.131383
0.131408
0.131433
0.131458
0.131483
0.131508
0.131533
0.131558
0.131582
0.131607
0.131632
0.131657
0.131681
0.131706
0.131731
0.131755
0.131780
0.131804
0.131829
0.131854
0.131878
0.131903
0.131927
0.131951
0.131976
0.132000
0.132025
0.132049
0.132073
0.132098
0.132122
0.132146
0.132170
0.132195
0.132219
0.132243
0.132267
0.132291
0.132315
0.132340
0.132364
0.132388
0.132412
0.132436
0.132460
0.132484
0.132508
0.132531
0.132555
0.132579
0.132603
0.132627
0.132651
0.132674
0.132698
0.132722
0.132746
0.132769
0.132793
0.132817
0.132840
0.132864
0.132887
0.132911
0.132935
0.132958
0.132982
0.133005
0.133029
0.133052
0.133075
0.133099
0.133122
0.133145
0.133169
0.133192
0.133215
0.133239
0.133262
0.133285
0.133308
0.133331
0.133355
0.133378
0.133401
0.133424
0.133447
0.133470
0.133493
0.133516
0.133539
0.133562
0.133585
0.133608
0.133631
0.133653
0.133676
0.133699
0.133722
0.133745
0.133768
0.133790
0.133813
0.133836
0.133858
0.133881
0.133904
0.133926
0.133949
0.133971
0.133994
0.134017
0.134039
0.134062
0.134084
0.134106
0.134129
0.134151
0.134174
0.134196
0.134218
0.134241
0.134263
0.134285
0.134308
0.134330
0.134352
0.134374
0.134396
0.134419
0.134441
0.134463
0.134485
0.134507
0.134529
0.134551
0.134573
0.134595
0.134617
0.134639
0.134661
0.134683
0.134705
0.134727
0.134748
0.134770
0.134792
0.134814
0.134836
0.134857
0.134879
0.134901
0.134923
0.134944
0.134966
0.134988
0.135009
0.135031
0.135052
0.135074
0.135095
0.135117
0.135138
0.135160
0.135181
0.135203
0.135224
0.135246
0.135267
0.135288
0.135310
0.135331
0.135352
0.135373
0.135395
0.135416
0.135437
0.135458
0.135480
0.135501
0.135522
0.135543
0.135564
0.135585
0.135606
0.135627
0.135648
0.135669
0.135690
0.135711
0.135732
0.135753
0.135774
0.135795
0.135816
0.135837
0.135857
0.135878
0.135899
0.135920
0.135941
0.135961
0.135982
0.136003
0.136023
0.136044
0.136065
0.136085
0.136106
0.136126
0.136147
0.136168
0.136188
0.136209
0.136229
0.136250
0.136270
0.136290
0.136311
0.136331
0.136352
0.136372
0.136392
0.136413
0.136433
0.136453
0.136473
0.136494
0.136514
0.136534
0.136554
0.136574
0.136595
0.136615
0.136635
0.136655
0.136675
0.136695
0.136715
0.136735
0.136755
0.136775
0.136795
0.136815
0.136835
0.136855
0.136875
0.136895
0.136914
0.136934
0.136954
0.136974
0.136994
0.137013
0.137033
0.137053
0.137073
0.137092
0.137112
0.137132
0.137151
0.137171
0.137191
0.137210
0.137230
0.137249
0.137269
0.137288
0.137308
0.137327
0.137347
0.137366
0.137386
0.137405
0.137424
0.137444
0.137463
0.137483
0.137502
0.137521
0.137540
0.137560
0.137579
0.137598
0.137617
0.137637
0.137656
0.137675
0.137694
0.137713
0.137732
0.137751
0.137771
0.137790
0.137809
0.137828
0.137847
0.137866
0.137885
0.137904
0.137923
0.137941
0.137960
0.137979
0.137998
0.138017
0.138036
0.138055
0.138073
0.138092
0.138111
0.138130
0.138148
0.138167
0.138186
0.138205
0.138223
0.138242
0.138261
0.138279
0.138298
0.138316
0.138335
0.138353
0.138372
0.138390
0.138409
0.138427
0.138446
0.138464
0.138483
0.138501
0.138520
0.138538
0.138556
0.138575
0.138593
0.138611
0.138630
0.138648
0.138666
0.138685
0.138703
0.138721
0.138739
0.138757
0.138776
0.138794
0.138812
0.138830
0.138848
0.138866
0.138884
0.138902
0.138920
0.138938
0.138956
0.138974
0.138992
0.139010
0.139028
0.139046
0.139064
0.139082
0.139100
0.139118
0.139136
0.139153
0.139171
0.139189
0.139207
0.139225
0.139242
0.139260
0.139278
0.139296
0.139313
0.139331
0.139349
0.139366
0.139384
0.139401
0.139419
0.139437
0.139454
0.139472
0.139489
0.139507
0.139524
0.139542
0.139559
0.139577
0.139594
0.139612
0.139629
0.139646
0.139664
0.139681
0.139699
0.139716
0.139733
0.139750
0.139768
0.139785
0.139802
0.139820
0.139837
0.139854
0.139871
0.139888
0.139906
0.139923
0.139940
0.139957
0.139974
0.139991
0.140008
0.140025
0.140042
0.140059
0.140076
0.140093
0.140110
0.140127
0.140144
0.140161
0.140178
0.140195
0.140195
0.140212
0.140229
0.140246
0.140263
0.140280
0.140296
0.140313
0.140330
0.140347
0.140364
0.140380
0.140397
0.140414
0.140430
0.140447
0.140464
0.140480
0.140497
0.140514
0.140530
0.140547
0.140564
0.140580
0.140597
0.140613
0.140630
0.140646
0.140663
0.140679
0.140696
0.140712
0.140729
0.140745
0.140762
0.140778
0.140794
0.140811
0.140827
0.140844
0.140860
0.140876
0.140893
0.140909
0.140925
0.140941
0.140958
0.140974
0.140990
0.141006
0.141022
0.141039
0.141055
0.141071
0.141087
0.141103
0.141119
0.141136
0.141152
0.141168
0.141184
0.141200
0.141216
0.141232
0.141248
0.141264
0.141280
0.141296
0.141312
0.141328
0.141344
0.141359
0.141375
0.141391
0.141407
0.141423
0.141439
0.141455
0.141470
0.141486
0.141502
0.141518
0.141534
0.141549
0.141565
0.141581
0.141597
0.141612
0.141628
0.141644
0.141659
0.141675
0.141691
0.141706
0.141722
0.141737
0.141753
0.141768
0.141784
0.141800
0.141815
0.141831
0.141846
0.141862
0.141877
0.141893
0.141908
0.141923
0.141939
0.141954
0.141970
0.141985
0.142000
0.142016
0.142031
0.142046
0.142062
0.142077
0.142092
0.142108
0.142123
0.142138
0.142153
0.142169
0.142184
0.142199
0.142214
0.142229
0.142245
0.142260
0.142275
0.142290
0.142305
0.142320
0.142335
0.142350
0.142365
0.142380
0.142395
0.142411
0.142426
0.142441
0.142456
0.142470
0.142485
0.142500
0.142515
0.142530
0.142545
0.142560
0.142575
0.142590
0.142605
0.142620
0.142634
0.142649
0.142664
0.142679
0.142694
0.142708
0.142723
0.142738
0.142753
0.142767
0.142782
0.142797
0.142812
0.142826
0.142841
0.142856
0.142870
0.142885
0.142899
0.142914
0.142929
0.142943
0.142958
0.142972
0.142987
0.143002
0.143016
0.143031
0.143045
0.143060
0.143074
0.143089
0.143103
0.143117
0.143132
0.143146
0.143161
0.143175
0.143189
0.143204
0.143218
0.143233
0.143247
0.143261
0.143276
0.143290
0.143304
0.143318
0.143333
0.143347
0.143361
0.143375
0.143390
0.143404
0.143418
0.143432
0.143446
0.143461
0.143475
0.143489
0.143503
0.143517
0.143531
0.143545
0.143559
0.143574
0.143588
0.143602
0.143616
0.143630
0.143644
0.143658
0.143672
0.143686
0.143700
0.143714
0.143728
0.143742
0.143756
0.143769
0.143783
0.143797
0.143811
0.143825
0.143839
0.143853
0.143867
0.143880
0.143894
0.143908
0.143922
0.143936
0.143949
0.143963
0.143977
0.143991
0.144004
0.144018
0.144032
0.144046
0.144059
0.144073
0.144087
0.144100
0.144114
0.144128
0.144141
0.144155
0.144168
0.144182
0.144196
0.144209
0.144223
0.144236
0.144250
0.144263
0.144277
0.144290
0.144304
0.144317
0.144331
0.144344
0.144358
0.144371
0.144385
0.144398
0.144411
0.144425
0.144438
0.144452
0.144465
0.144478
0.144492
0.144505
0.144518
0.144532
0.144545
0.144558
0.144572
0.144585
0.144598
0.144611
0.144625
0.144638
0.144651
0.144664
0.144678
0.144691
0.144704
0.144717
0.144730
0.144743
0.144757
0.144770
0.144783
0.144796
0.144809
0.144822
0.144835
0.144848
0.144861
0.144874
0.144888
0.144901
0.144914
0.144927
0.144940
0.144953
0.144966
0.144979
0.144992
0.145004
0.145017
0.145030
0.145043
0.145056
0.145069
0.145082
0.145095
0.145108
0.145121
0.145133
0.145146
0.145159
0.145172
0.145185
0.145198
0.145210
0.145223
0.145236
0.145249
0.145262
0.145274
0.145287
0.145300
0.145312
0.145325
0.145338
0.145351
0.145363
0.145376
0.145389
0.145401
0.145414
0.145427
0.145439
0.145452
0.145464
0.145477
0.145490
0.145502
0.145515
0.145527
0.145540
0.145552
0.145565
0.145577
0.145590
0.145602
0.145615
0.145627
0.145640
0.145652
0.145665
0.145677
0.145690
0.145702
0.145715
0.145727
0.145739
0.145752
0.145764
0.145777
0.145789
0.145801
0.145814
0.145826
0.145838
0.145851
0.145863
0.145875
0.145888
0.145900
0.145912
0.145924
0.145937
0.145949
0.145961
0.145973
0.145986
0.145998
0.146010
0.146022
0.146034
0.146047
0.146059
0.146071
0.146083
0.146095
0.146107
0.146119
0.146132
0.146144
0.146156
0.146168
0.146180
0.146192
0.146204
0.146216
0.146228
0.146240
0.146252
0.146264
0.146276
0.146288
0.146300
0.146312
0.146324
0.146336
0.146348
0.146360
0.146372
0.146384
0.146396
0.146408
0.146420
0.146432
0.146444
0.146455
0.146467
0.146479
0.146491
0.146503
0.146515
0.146526
0.146538
0.146550
0.146562
0.146574
0.146586
0.146597
0.146609
0.146621
0.146633
0.146644
0.146656
0.146668
0.146680
0.146691
0.146703
0.146715
0.146726
0.146738
0.146750
0.146761
0.146773
0.146785
0.146796
0.146808
0.146820
0.146831
0.146843
0.146854
0.146866
0.146877
0.146889
0.146901
0.146912
0.146924
0.146935
0.146947
0.146958
0.146970
0.146981
0.146993
0.147004
0.147016
0.147027
0.147039
0.147050
0.147062
0.147073
0.147085
0.147096
0.147107
0.147119
0.147119
0.147130
0.147142
0.147153
0.147164
0.147176
0.147187
0.147198
0.147210
0.147221
0.147232
0.147244
0.147255
0.147266
0.147278
0.147289
0.147300
0.147312
0.147323
0.147334
0.147345
0.147357
0.147368
0.147379
0.147390
0.147402
0.147413
0.147424
0.147435
0.147446
0.147457
0.147469
0.147480
0.147491
0.147502
0.147513
0.147524
0.147535
0.147547
0.147558
0.147569
0.147580
0.147591
0.147602
0.147613
0.147624
0.147635
0.147646
0.147657
0.147668
0.147679
0.147690
0.147701
0.147712
0.147723
0.147734
0.147745
0.147756
0.147767
0.147778
0.147789
0.147800
0.147811
0.147822
0.147833
0.147844
0.147855
0.147866
0.147877
0.147887
0.147898
0.147909
0.147920
0.147931
0.147942
0.147953
0.147963
0.147974
0.147985
0.147996
0.148007
0.148018
0.148028
0.148039
0.148050
0.148061
0.148071
0.148082
0.148093
0.148104
0.148114
0.148125
0.148136
0.148147
0.148157
0.148168
0.148179
0.148189
0.148200
0.148211
0.148221
0.148232
0.148243
0.148253
0.148264
0.148275
0.148285
0.148296
0.148306
0.148317
0.148328
0.148338
0.148349
0.148359
0.148370
0.148380
0.148391
0.148402
0.148412
0.148423
0.148433
0.148444
0.148454
0.148465
0.148475
0.148486
0.148496
0.148507
0.148517
0.148528
0.148538
0.148548
0.148559
0.148569
0.148580
0.148590
0.148601
0.148611
0.148621
0.148632
0.148642
0.148653
0.148663
0.148673
0.148684
0.148694
0.148704
0.148715
0.148725
0.148735
0.148746
0.148756
0.148766
0.148777
0.148787
0.148797
0.148807
0.148818
0.148828
0.148838
0.148849
0.148859
0.148869
0.148879
0.148889
0.148900
0.148910
0.148920
0.148930
0.148941
0.148951
0.148961
0.148971
0.148981
0.148991
0.149002
0.149012
0.149022
0.149032
0.149042
0.149052
0.149062
0.149073
0.149083
0.149093
0.149103
0.149113
0.149123
0.149133
0.149143
0.149153
0.149163
0.149173
0.149183
0.149193
0.149203
0.149213
0.149223
0.149233
0.149243
0.149253
0.149263
0.149273
0.149283
0.149293
0.149303
0.149313
0.149323
0.149333
0.149343
0.149353
0.149363
0.149373
0.149383
0.149393
0.149403
0.149413
0.149423
0.149432
0.149442
0.149452
0.149462
0.149472
0.149482
0.149492
0.149501
0.149511
0.149521
0.149531
0.149541
0.149551
0.149560
0.149570
0.149580
0.149590
0.149600
0.149609
0.149619
0.149629
0.149639
0.149648
0.149658
0.149668
0.149678
0.149687
0.149697
0.149707
0.149717
0.149726
0.149736
0.149746
0.149755
0.149765
0.149775
0.149784
0.149794
0.149804
0.149813
0.149823
0.149833
0.149842
0.149852
0.149862
0.149871
0.149881
0.149890
0.149900
0.149910
0.149919
0.149929
0.149938
0.149948
0.149958
0.149967
0.149977
0.149986
0.149996
0.150005
0.150015
0.150024
0.150034
0.150043
0.150053
0.150063
0.150072
0.150082
0.150091
0.150100
0.150110
0.150119
0.150129
0.150138
0.150148
0.150157
0.150167
0.150176
0.150186
0.150195
0.150204
0.150214
0.150223
0.150233
0.150242
0.150252
0.150261
0.150270
0.150280
0.150289
0.150298
0.150308
0.150317
0.150326
0.150336
0.150345
0.150355
0.150364
0.150373
0.150382
0.150392
0.150401
0.150410
0.150420
0.150429
0.150438
0.150448
0.150457
0.150466
0.150475
0.150485
0.150494
0.150503
0.150512
0.150522
0.150531
0.150540
0.150549
0.150559
0.150568
0.150577
0.150586
0.150595
0.150605
0.150614
0.150623
0.150632
0.150641
0.150650
0.150660
0.150669
0.150678
0.150687
0.150696
0.150705
0.150714
0.150724
0.150733
0.150742
0.150751
0.150760
0.150769
0.150778
0.150787
0.150796
0.150805
0.150815
0.150824
0.150833
0.150842
0.150851
0.150860
0.150869
0.150878
0.150887
0.150896
0.150905
0.150914
0.150923
0.150932
0.150941
0.150950
0.150959
0.150968
0.150977
0.150986
0.150995
0.151004
0.151013
0.151022
0.151031
0.151040
0.151049
0.151058
0.151067
0.151075
0.151084
0.151093
0.151102
0.151111
0.151120
0.151129
0.151138
0.151147
0.151156
0.151164
0.151173
0.151182
0.151191
0.151200
0.151209
0.151218
0.151226
0.151235
0.151244
0.151253
0.151262
0.151271
0.151279
0.151288
0.151297
0.151306
0.151315
0.151323
0.151332
0.151341
0.151350
0.151359
0.151367
0.151376
0.151385
0.151394
0.151402
0.151411
0.151420
0.151429
0.151437
0.151446
0.151455
0.151463
0.151472
0.151481
0.151490
0.151498
0.151507
0.151516
0.151524
0.151533
0.151542
0.151550
0.151559
0.151568
0.151576
0.151585
0.151594
0.151602
0.151611
0.151619
0.151628
0.151637
0.151645
0.151654
0.151663
0.151671
0.151680
0.151688
0.151697
0.151705
0.151714
0.151723
0.151731
0.151740
0.151748
0.151757
0.151765
0.151774
0.151783
0.151791
0.151800
0.151808
0.151817
0.151825
0.151834
0.151842
0.151851
0.151859
0.151868
0.151876
0.151885
0.151893
0.151902
0.151910
0.151919
0.151927
0.151936
0.151944
0.151952
0.151961
0.151969
0.151978
0.151986
0.151995
0.151995
0.152003
0.152012
0.152020
0.152028
0.152037
0.152045
0.152054
0.152062
0.152070
0.152079
0.152087
0.152096
0.152104
0.152112
0.152121
0.152129
0.152137
0.152146
0.152154
0.152162
0.152171
0.152179
0.152187
0.152196
0.152204
0.152212
0.152221
0.152229
0.152237
0.152246
0.152254
0.152262
0.152270
0.152279
0.152287
0.152295
0.152304
0.152312
0.152320
0.152328
0.152337
0.152345
0.152353
0.152361
0.152370
0.152378
0.152386
0.152394
0.152403
0.152411
0.152419
0.152427
0.152435
0.152444
0.152452
0.152460
0.152468
0.152476
0.152485
0.152493
0.152501
0.152509
0.152517
0.152525
0.152534
0.152542
0.152550
0.152558
0.152566
0.152574
0.152582
0.152591
0.152599
0.152607
0.152615
0.152623
0.152631
0.152639
0.152647
0.152655
0.152663
0.152672
0.152680
0.152688
0.152696
0.152704
0.152712
0.152720
0.152728
0.152736
0.152744
0.152752
0.152760
0.152768
0.152776
0.152784
0.152792
0.152800
0.152808
0.152816
0.152824
0.152832
0.152840
0.152848
0.152856
0.152864
0.152872
0.152880
0.152888
0.152896
0.152904
0.152912
0.152920
0.152928
0.152936
0.152944
0.152952
0.152960
0.152968
0.152976
0.152984
0.152992
0.153000
0.153008
0.153016
0.153023
0.153031
0.153039
0.153047
0.153055
0.153063
0.153071
0.153079
0.153087
0.153095
0.153102
0.153110
0.153118
0.153126
0.153134
0.153142
0.153150
0.153157
0.153165
0.153173
0.153181
0.153189
0.153197
0.153205
0.153212
0.153220
0.153228
0.153236
0.153244
0.153251
0.153259
0.153267
0.153275
0.153283
0.153290
0.153298
0.153306
0.153314
0.153321
0.153329
0.153337
0.153345
0.153353
0.153360
0.153368
0.153376
0.153384
0.153391
0.153399
0.153407
0.153414
0.153422
0.153430
0.153438
0.153445
0.153453
0.153461
0.153468
0.153476
0.153484
0.153492
0.153499
0.153507
0.153515
0.153522
0.153530
0.153538
0.153545
0.153553
0.153561
0.153568
0.153576
0.153584
0.153591
0.153599
0.153607
0.153614
0.153622
0.153629
0.153637
0.153645
0.153652
0.153660
0.153668
0.153675
0.153683
0.153690
0.153698
0.153706
0.153713
0.153721
0.153728
0.153736
0.153743
0.153751
0.153759
0.153766
0.153774
0.153781
0.153789
0.153796
0.153804
0.153811
0.153819
0.153827
0.153834
0.153842
0.153849
0.153857
0.153864
0.153872
0.153879
0.153887
0.153894
0.153902
0.153909
0.153917
0.153924
0.153932
0.153939
0.153947
0.153954
0.153962
0.153969
0.153977
0.153984
0.153992
0.153999
0.154006
0.154014
0.154021
0.154029
0.154036
0.154044
0.154051
0.154059
0.154066
0.154073
0.154081
0.154088
0.154096
0.154103
0.154111
0.154118
0.154125
0.154133
0.154140
0.154148
0.154155
0.154162
0.154170
0.154177
0.154184
0.154192
0.154199
0.154207
0.154214
0.154221
0.154229
0.154236
0.154243
0.154251
0.154258
0.154265
0.154273
0.154280
0.154287
0.154295
0.154302
0.154309
0.154317
0.154324
0.154331
0.154339
0.154346
0.154353
0.154361
0.154368
0.154375
0.154383
0.154390
0.154397
0.154404
0.154412
0.154419
0.154426
0.154433
0.154441
0.154448
0.154455
0.154463
0.154470
0.154477
0.154484
0.154492
0.154499
0.154506
0.154513
0.154520
0.154528
0.154535
0.154542
0.154549
0.154557
0.154564
0.154571
0.154578
0.154585
0.154593
0.154600
0.154607
0.154614
0.154621
0.154629
0.154636
0.154643
0.154650
0.154657
0.154664
0.154672
0.154679
0.154686
0.154693
0.154700
0.154707
0.154715
0.154722
0.154729
0.154736
0.154743
0.154750
0.154757
0.154765
0.154772
0.154779
0.154786
0.154793
0.154800
0.154807
0.154814
0.154821
0.154829
0.154836
0.154843
0.154850
0.154857
0.154864
0.154871
0.154878
0.154885
0.154892
0.154899
0.154907
0.154914
0.154921
0.154928
0.154935
0.154942
0.154949
0.154956
0.154963
0.154970
0.154977
0.154984
0.154991
0.154998
0.155005
0.155012
0.155019
0.155026
0.155033
0.155040
0.155047
0.155054
0.155061
0.155068
0.155075
0.155082
0.155089
0.155096
0.155103
0.155110
0.155117
0.155124
0.155131
0.155138
0.155145
0.155152
0.155159
0.155166
0.155173
0.155180
0.155187
0.155194
0.155201
0.155208
0.155215
0.155222
0.155229
0.155236
0.155242
0.155249
0.155256
0.155263
0.155270
0.155277
0.155284
0.155291
0.155298
0.155305
0.155312
0.155319
0.155325
0.155332
0.155339
0.155346
0.155353
0.155360
0.155367
0.155374
0.155381
0.155387
0.155394
0.155401
0.155408
0.155415
0.155422
0.155429
0.155435
0.155442
0.155449
0.155456
0.155463
0.155470
0.155477
0.155483
0.155490
0.155497
0.155504
0.155511
0.155518
0.155524
0.155531
0.155538
0.155545
0.155552
0.155558
0.155565
0.155572
0.155579
0.155586
0.155592
0.155599
0.155606
0.155613
0.155620
0.155626
0.155633
0.155640
0.155647
0.155653
0.155660
0.155667
0.155674
0.155680
0.155687
0.155694
0.155701
0.155707
0.155714
0.155721
0.155728
0.155734
0.155741
0.155741
0.155748
0.155755
0.155761
0.155768
0.155775
0.155782
0.155788
0.155795
0.155802
0.155808
0.155815
0.155822
0.155828
0.155835
0.155842
0.155849
0.155855
0.155862
0.155869
0.155875
0.155882
0.155889
0.155895
0.155902
0.155909
0.155915
0.155922
0.155929
0.155935
0.155942
0.155949
0.155955
0.155962
0.155969
0.155975
0.155982
0.155989
0.155995
0.156002
0.156008
0.156015
0.156022
0.156028
0.156035
0.156042
0.156048
0.156055
0.156061
0.156068
0.156075
0.156081
0.156088
0.156094
0.156101
0.156108
0.156114
0.156121
0.156127
0.156134
0.156141
0.156147
0.156154
0.156160
0.156167
0.156173
0.156180
0.156187
0.156193
0.156200
0.156206
0.156213
0.156219
0.156226
0.156232
0.156239
0.156246
0.156252
0.156259
0.156265
0.156272
0.156278
0.156285
0.156291
0.156298
0.156304
0.156311
0.156317
0.156324
0.156330
0.156337
0.156343
0.156350
0.156356
0.156363
0.156369
0.156376
0.156382
0.156389
0.156395
0.156402
0.156408
0.156415
0.156421
0.156428
0.156434
0.156441
0.156447
0.156454
0.156460
0.156467
0.156473
0.156480
0.156486
0.156492
0.156499
0.156505
0.156512
0.156518
0.156525
0.156531
0.156538
0.156544
0.156550
0.156557
0.156563
0.156570
0.156576
0.156583
0.156589
0.156595
0.156602
0.156608
0.156615
0.156621
0.156627
0.156634
0.156640
0.156647
0.156653
0.156659
0.156666
0.156672
0.156679
0.156685
0.156691
0.156698
0.156704
0.156710
0.156717
0.156723
0.156730
0.156736
0.156742
0.156749
0.156755
0.156761
0.156768
0.156774
0.156780
0.156787
0.156793
0.156799
0.156806
0.156812
0.156819
0.156825
0.156831
0.156838
0.156844
0.156850
0.156856
0.156863
0.156869
0.156875
0.156882
0.156888
0.156894
0.156901
0.156907
0.156913
0.156920
0.156926
0.156932
0.156938
0.156945
0.156951
0.156957
0.156964
0.156970
0.156976
0.156982
0.156989
0.156995
0.157001
0.157008
0.157014
0.157020
0.157026
0.157033
0.157039
0.157045
0.157051
0.157058
0.157064
0.157070
0.157076
0.157083
0.157089
0.157095
0.157101
0.157108
0.157114
0.157120
0.157126
0.157133
0.157139
0.157145
0.157151
0.157157
0.157164
0.157170
0.157176
0.157182
0.157188
0.157195
0.157201
0.157207
0.157213
0.157219
0.157226
0.157232
0.157238
0.157244
0.157250
0.157257
0.157263
0.157269
0.157275
0.157281
0.157287
0.157294
0.157300
0.157306
0.157312
0.157318
0.157324
0.157331
0.157337
0.157343
0.157349
0.157355
0.157361
0.157368
0.157374
0.157380
0.157386
0.157392
0.157398
0.157404
0.157411
0.157417
0.157423
0.157429
0.157435
0.157441
0.157447
0.157453
0.157460
0.157466
0.157472
0.157478
0.157484
0.157490
0.157496
0.157502
0.157508
0.157514
0.157521
0.157527
0.157533
0.157539
0.157545
0.157551
0.157557
0.157563
0.157569
0.157575
0.157581
0.157587
0.157594
0.157600
0.157606
0.157612
0.157618
0.157624
0.157630
0.157636
0.157642
0.157648
0.157654
0.157660
0.157666
0.157672
0.157678
0.157684
0.157690
0.157696
0.157703
0.157709
0.157715
0.157721
0.157727
0.157733
0.157739
0.157745
0.157751
0.157757
0.157763
0.157769
0.157775
0.157781
0.157787
0.157793
0.157799
0.157805
0.157811
0.157817
0.157823
0.157829
0.157835
0.157841
0.157847
0.157853
0.157859
0.157865
0.157871
0.157877
0.157883
0.157889
0.157895
0.157901
0.157907
0.157913
0.157918
0.157924
0.157930
0.157936
0.157942
0.157948
0.157954
0.157960
0.157966
0.157972
0.157978
0.157984
0.157990
0.157996
0.158002
0.158008
0.158014
0.158020
0.158026
0.158031
0.158037
0.158043
0.158049
0.158055
0.158061
0.158067
0.158073
0.158079
0.158085
0.158091
0.158097
0.158102
0.158108
0.158114
0.158120
0.158126
0.158132
0.158138
0.158144
0.158150
0.158156
0.158161
0.158167
0.158173
0.158179
0.158185
0.158191
0.158197
0.158203
0.158208
0.158214
0.158220
0.158226
0.158232
0.158238
0.158244
0.158250
0.158255
0.158261
0.158267
0.158273
0.158279
0.158285
0.158291
0.158296
0.158302
0.158308
0.158314
0.158320
0.158326
0.158331
0.158337
0.158343
0.158349
0.158355
0.158361
0.158366
0.158372
0.158378
0.158384
0.158390
0.158395
0.158401
0.158407
0.158413
0.158419
0.158425
0.158430
0.158436
0.158442
0.158448
0.158454
0.158459
0.158465
0.158471
0.158477
0.158482
0.158488
0.158494
0.158500
0.158506
0.158511
0.158517
0.158523
0.158529
0.158535
0.158540
0.158546
0.158552
0.158558
0.158563
0.158569
0.158575
0.158581
0.158586
0.158592
0.158598
0.158604
0.158609
0.158615
0.158621
0.158627
0.158632
0.158638
0.158644
0.158650
0.158655
0.158661
0.158667
0.158673
0.158678
0.158684
0.158690
0.158695
0.158701
0.158707
0.158713
0.158718
0.158724
0.158730
0.158735
0.158741
0.158747
0.158753
0.158758
0.158764
0.158770
0.158775
0.158781
0.158787
0.158792
0.158798
0.158804
0.158810
0.158815
0.158821
0.158821
0.158827
0.158832
0.158838
0.158844
0.158849
0.158855
0.158861
0.158866
0.158872
0.158878
0.158883
0.158889
0.158895
0.158900
0.158906
0.158912
0.158917
0.158923
0.158929
0.158934
0.158940
0.158946
0.158951
0.158957
0.158963
0.158968
0.158974
0.158979
0.158985
0.158991
0.158996
0.159002
0.159008
0.159013
0.159019
0.159025
0.159030
0.159036
0.159041
0.159047
0.159053
0.159058
0.159064
0.159069
0.159075
0.159081
0.159086
0.159092
0.159098
0.159103
0.159109
0.159114
0.159120
0.159126
0.159131
0.159137
0.159142
0.159148
0.159153
0.159159
0.159165
0.159170
0.159176
0.159181
0.159187
0.159193
0.159198
0.159204
0.159209
0.159215
0.159220
0.159226
0.159232
0.159237
0.159243
0.159248
0.159254
0.159259
0.159265
0.159270
0.159276
0.159282
0.159287
0.159293
0.159298
0.159304
0.159309
0.159315
0.159320
0.159326
0.159331
0.159337
0.159343
0.159348
0.159354
0.159359
0.159365
0.159370
0.159376
0.159381
0.159387
0.159392
0.159398
0.159403
0.159409
0.159414
0.159420
0.159425
0.159431
0.159436
0.159442
0.159447
0.159453
0.159458
0.159464
0.159469
0.159475
0.159480
0.159486
0.159491
0.159497
0.159502
0.159508
0.159513
0.159519
0.159524
0.159530
0.159535
0.159541
0.159546
0.159552
0.159557
0.159563
0.159568
0.159574
0.159579
0.159585
0.159590
0.159595
0.159601
0.159606
0.159612
0.159617
0.159623
0.159628
0.159634
0.159639
0.159645
0.159650
0.159655
0.159661
0.159666
0.159672
0.159677
0.159683
0.159688
0.159694
0.159699
0.159704
0.159710
0.159715
0.159721
0.159726
0.159732
0.159737
0.159742
0.159748
0.159753
0.159759
0.159764
0.159769
0.159775
0.159780
0.159786
0.159791
0.159797
0.159802
0.159807
0.159813
0.159818
0.159824
0.159829
0.159834
0.159840
0.159845
0.159851
0.159856
0.159861
0.159867
0.159872
0.159877
0.159883
0.159888
0.159894
0.159899
0.159904
0.159910
0.159915
0.159921
0.159926
0.159931
0.159937
0.159942
0.159947
0.159953
0.159958
0.159963
0.159969
0.159974
0.159980
0.159985
0.159990
0.159996
0.160001
0.160006
0.160012
0.160017
0.160022
0.160028
0.160033
0.160038
0.160044
0.160049
0.160054
0.160060
0.160065
0.160070
0.160076
0.160081
0.160086
0.160092
0.160097
0.160102
0.160108
0.160113
0.160118
0.160124
0.160129
0.160134
0.160140
0.160145
0.160150
0.160156
0.160161
0.160166
0.160171
0.160177
0.160182
0.160187
0.160193
0.160198
0.160203
0.160209
0.160214
0.160219
0.160224
0.160230
0.160235
0.160240
0.160246
0.160251
0.160256
0.160261
0.160267
0.160272
0.160277
0.160283
0.160288
0.160293
0.160298
0.160304
0.160309
0.160314
0.160319
0.160325
0.160330
0.160335
0.160341
0.160346
0.160351
0.160356
0.160362
0.160367
0.160372
0.160377
0.160383
0.160388
0.160393
0.160398
0.160404
0.160409
0.160414
0.160419
0.160425
0.160430
0.160435
0.160440
0.160445
0.160451
0.160456
0.160461
0.160466
0.160472
0.160477
0.160482
0.160487
0.160493
0.160498
0.160503
0.160508
0.160513
0.160519
0.160524
0.160529
0.160534
0.160539
0.160545
0.160550
0.160555
0.160560
0.160566
0.160571
0.160576
0.160581
0.160586
0.160592
0.160597
0.160602
0.160607
0.160612
0.160617
0.160623
0.160628
0.160633
0.160638
0.160643
0.160649
0.160654
0.160659
0.160664
0.160669
0.160674
0.160680
0.160685
0.160690
0.160695
0.160700
0.160705
0.160711
0.160716
0.160721
0.160726
0.160731
0.160736
0.160742
0.160747
0.160752
0.160757
0.160762
0.160767
0.160773
0.160778
0.160783
0.160788
0.160793
0.160798
0.160803
0.160809
0.160814
0.160819
0.160824
0.160829
0.160834
0.160839
0.160845
0.160850
0.160855
0.160860
0.160865
0.160870
0.160875
0.160880
0.160886
0.160891
0.160896
0.160901
0.160906
0.160911
0.160916
0.160921
0.160926
0.160932
0.160937
0.160942
0.160947
0.160952
0.160957
0.160962
0.160967
0.160972
0.160977
0.160983
0.160988
0.160993
0.160998
0.161003
0.161008
0.161013
0.161018
0.161023
0.161028
0.161034
0.161039
0.161044
0.161049
0.161054
0.161059
0.161064
0.161069
0.161074
0.161079
0.161084
0.161089
0.161094
0.161099
0.161105
0.161110
0.161115
0.161120
0.161125
0.161130
0.161135
0.161140
0.161145
0.161150
0.161155
0.161160
0.161165
0.161170
0.161175
0.161180
0.161185
0.161191
0.161196
0.161201
0.161206
0.161211
0.161216
0.161221
0.161226
0.161231
0.161236
0.161241
0.161246
0.161251
0.161256
0.161261
0.161266
0.161271
0.161276
0.161281
0.161286
0.161291
0.161296
0.161301
0.161306
0.161311
0.161316
0.161321
0.161326
0.161331
0.161336
0.161341
0.161346
0.161351
0.161356
0.161361
0.161366
0.161371
0.161376
0.161381
0.161386
0.161391
0.161396
0.161401
0.161406
0.161411
0.161416
0.161421
0.161426
0.161431
0.161436
0.161441
0.161446
0.161451
0.161456
0.161461
0.161466
0.161471
0.161471
